data;symbol;interval;target_margin;p_ema;min_rsi;max_rsi;amount_invested;stop_loss_multiplier;pnl;arguments
2023-11-26 20:43:04;UNIUSDT;30m;4.0;250;28;74;100.0;4;57.38;['-batch-training', '-calc-rsi', '-verbose', '-prediction-mode=index', '-interval-list=30m', '-range-min-rsi=28', '-range-max-rsi=80', '-range-p-ema=50,250', '-target-margin-list=1.0,1.5,2.0,2.5,3.0,3.5,4.0,4.5,5.0', '-log-level=WARNING']
2023-11-26 19:32:38;UNIUSDT;30m;4.0;100;28;74;100.0;4;57.38;['-batch-training', '-calc-rsi', '-verbose', '-prediction-mode=index', '-interval-list=30m', '-range-min-rsi=28', '-range-max-rsi=80', '-range-p-ema=50,250', '-target-margin-list=1.0,1.5,2.0,2.5,3.0,3.5,4.0,4.5,5.0', '-log-level=WARNING']
2023-11-26 21:13:19;UNIUSDT;30m;4.0;75;28;74;100.0;4;57.38;['-batch-training', '-calc-rsi', '-verbose', '-prediction-mode=index', '-interval-list=30m', '-range-min-rsi=28', '-range-max-rsi=80', '-range-p-ema=50,250', '-target-margin-list=1.0,1.5,2.0,2.5,3.0,3.5,4.0,4.5,5.0', '-log-level=WARNING']
2023-11-26 20:57:31;UNIUSDT;30m;4.0;50;28;74;100.0;4;57.38;['-batch-training', '-calc-rsi', '-verbose', '-prediction-mode=index', '-interval-list=30m', '-range-min-rsi=28', '-range-max-rsi=80', '-range-p-ema=50,250', '-target-margin-list=1.0,1.5,2.0,2.5,3.0,3.5,4.0,4.5,5.0', '-log-level=WARNING']
2023-11-26 19:55:21;UNIUSDT;30m;4.0;150;28;74;100.0;4;57.38;['-batch-training', '-calc-rsi', '-verbose', '-prediction-mode=index', '-interval-list=30m', '-range-min-rsi=28', '-range-max-rsi=80', '-range-p-ema=50,250', '-target-margin-list=1.0,1.5,2.0,2.5,3.0,3.5,4.0,4.5,5.0', '-log-level=WARNING']
2023-11-26 20:05:28;UNIUSDT;30m;4.0;175;28;74;100.0;4;57.38;['-batch-training', '-calc-rsi', '-verbose', '-prediction-mode=index', '-interval-list=30m', '-range-min-rsi=28', '-range-max-rsi=80', '-range-p-ema=50,250', '-target-margin-list=1.0,1.5,2.0,2.5,3.0,3.5,4.0,4.5,5.0', '-log-level=WARNING']
2023-11-26 20:29:33;UNIUSDT;30m;4.0;225;28;74;100.0;4;57.38;['-batch-training', '-calc-rsi', '-verbose', '-prediction-mode=index', '-interval-list=30m', '-range-min-rsi=28', '-range-max-rsi=80', '-range-p-ema=50,250', '-target-margin-list=1.0,1.5,2.0,2.5,3.0,3.5,4.0,4.5,5.0', '-log-level=WARNING']
2023-11-26 19:44:09;UNIUSDT;30m;4.0;125;28;74;100.0;4;57.38;['-batch-training', '-calc-rsi', '-verbose', '-prediction-mode=index', '-interval-list=30m', '-range-min-rsi=28', '-range-max-rsi=80', '-range-p-ema=50,250', '-target-margin-list=1.0,1.5,2.0,2.5,3.0,3.5,4.0,4.5,5.0', '-log-level=WARNING']
2023-11-26 20:16:41;UNIUSDT;30m;4.0;200;28;74;100.0;4;57.38;['-batch-training', '-calc-rsi', '-verbose', '-prediction-mode=index', '-interval-list=30m', '-range-min-rsi=28', '-range-max-rsi=80', '-range-p-ema=50,250', '-target-margin-list=1.0,1.5,2.0,2.5,3.0,3.5,4.0,4.5,5.0', '-log-level=WARNING']
2023-11-26 19:55:35;UNIUSDT;30m;4.0;150;28;76;100.0;4;58.0;['-batch-training', '-calc-rsi', '-verbose', '-prediction-mode=index', '-interval-list=30m', '-range-min-rsi=28', '-range-max-rsi=80', '-range-p-ema=50,250', '-target-margin-list=1.0,1.5,2.0,2.5,3.0,3.5,4.0,4.5,5.0', '-log-level=WARNING']
2023-11-26 20:29:50;UNIUSDT;30m;4.0;225;28;76;100.0;4;58.0;['-batch-training', '-calc-rsi', '-verbose', '-prediction-mode=index', '-interval-list=30m', '-range-min-rsi=28', '-range-max-rsi=80', '-range-p-ema=50,250', '-target-margin-list=1.0,1.5,2.0,2.5,3.0,3.5,4.0,4.5,5.0', '-log-level=WARNING']
2023-11-26 20:57:51;UNIUSDT;30m;4.0;50;28;76;100.0;4;58.0;['-batch-training', '-calc-rsi', '-verbose', '-prediction-mode=index', '-interval-list=30m', '-range-min-rsi=28', '-range-max-rsi=80', '-range-p-ema=50,250', '-target-margin-list=1.0,1.5,2.0,2.5,3.0,3.5,4.0,4.5,5.0', '-log-level=WARNING']
2023-11-26 19:44:24;UNIUSDT;30m;4.0;125;28;76;100.0;4;58.0;['-batch-training', '-calc-rsi', '-verbose', '-prediction-mode=index', '-interval-list=30m', '-range-min-rsi=28', '-range-max-rsi=80', '-range-p-ema=50,250', '-target-margin-list=1.0,1.5,2.0,2.5,3.0,3.5,4.0,4.5,5.0', '-log-level=WARNING']
2023-11-26 20:16:57;UNIUSDT;30m;4.0;200;28;76;100.0;4;58.0;['-batch-training', '-calc-rsi', '-verbose', '-prediction-mode=index', '-interval-list=30m', '-range-min-rsi=28', '-range-max-rsi=80', '-range-p-ema=50,250', '-target-margin-list=1.0,1.5,2.0,2.5,3.0,3.5,4.0,4.5,5.0', '-log-level=WARNING']
2023-11-26 20:05:41;UNIUSDT;30m;4.0;175;28;76;100.0;4;58.0;['-batch-training', '-calc-rsi', '-verbose', '-prediction-mode=index', '-interval-list=30m', '-range-min-rsi=28', '-range-max-rsi=80', '-range-p-ema=50,250', '-target-margin-list=1.0,1.5,2.0,2.5,3.0,3.5,4.0,4.5,5.0', '-log-level=WARNING']
2023-11-26 19:32:53;UNIUSDT;30m;4.0;100;28;76;100.0;4;58.0;['-batch-training', '-calc-rsi', '-verbose', '-prediction-mode=index', '-interval-list=30m', '-range-min-rsi=28', '-range-max-rsi=80', '-range-p-ema=50,250', '-target-margin-list=1.0,1.5,2.0,2.5,3.0,3.5,4.0,4.5,5.0', '-log-level=WARNING']
2023-11-26 20:43:23;UNIUSDT;30m;4.0;250;28;76;100.0;4;58.0;['-batch-training', '-calc-rsi', '-verbose', '-prediction-mode=index', '-interval-list=30m', '-range-min-rsi=28', '-range-max-rsi=80', '-range-p-ema=50,250', '-target-margin-list=1.0,1.5,2.0,2.5,3.0,3.5,4.0,4.5,5.0', '-log-level=WARNING']
2023-11-26 21:13:39;UNIUSDT;30m;4.0;75;28;76;100.0;4;58.0;['-batch-training', '-calc-rsi', '-verbose', '-prediction-mode=index', '-interval-list=30m', '-range-min-rsi=28', '-range-max-rsi=80', '-range-p-ema=50,250', '-target-margin-list=1.0,1.5,2.0,2.5,3.0,3.5,4.0,4.5,5.0', '-log-level=WARNING']
2023-11-26 19:57:36;UNIUSDT;30m;5.0;150;36;72;100.0;3;59.0;['-batch-training', '-calc-rsi', '-verbose', '-prediction-mode=index', '-interval-list=30m', '-range-min-rsi=28', '-range-max-rsi=80', '-range-p-ema=50,250', '-target-margin-list=1.0,1.5,2.0,2.5,3.0,3.5,4.0,4.5,5.0', '-log-level=WARNING']
2023-11-26 20:07:50;UNIUSDT;30m;5.0;175;36;74;100.0;3;59.0;['-batch-training', '-calc-rsi', '-verbose', '-prediction-mode=index', '-interval-list=30m', '-range-min-rsi=28', '-range-max-rsi=80', '-range-p-ema=50,250', '-target-margin-list=1.0,1.5,2.0,2.5,3.0,3.5,4.0,4.5,5.0', '-log-level=WARNING']
2023-11-26 20:07:37;UNIUSDT;30m;5.0;175;36;72;100.0;3;59.0;['-batch-training', '-calc-rsi', '-verbose', '-prediction-mode=index', '-interval-list=30m', '-range-min-rsi=28', '-range-max-rsi=80', '-range-p-ema=50,250', '-target-margin-list=1.0,1.5,2.0,2.5,3.0,3.5,4.0,4.5,5.0', '-log-level=WARNING']
2023-11-26 20:08:03;UNIUSDT;30m;5.0;175;36;76;100.0;3;59.0;['-batch-training', '-calc-rsi', '-verbose', '-prediction-mode=index', '-interval-list=30m', '-range-min-rsi=28', '-range-max-rsi=80', '-range-p-ema=50,250', '-target-margin-list=1.0,1.5,2.0,2.5,3.0,3.5,4.0,4.5,5.0', '-log-level=WARNING']
2023-11-26 20:32:59;UNIUSDT;30m;5.0;225;36;76;100.0;3;59.0;['-batch-training', '-calc-rsi', '-verbose', '-prediction-mode=index', '-interval-list=30m', '-range-min-rsi=28', '-range-max-rsi=80', '-range-p-ema=50,250', '-target-margin-list=1.0,1.5,2.0,2.5,3.0,3.5,4.0,4.5,5.0', '-log-level=WARNING']
2023-11-26 20:46:44;UNIUSDT;30m;5.0;250;36;76;100.0;3;59.0;['-batch-training', '-calc-rsi', '-verbose', '-prediction-mode=index', '-interval-list=30m', '-range-min-rsi=28', '-range-max-rsi=80', '-range-p-ema=50,250', '-target-margin-list=1.0,1.5,2.0,2.5,3.0,3.5,4.0,4.5,5.0', '-log-level=WARNING']
2023-11-26 20:19:23;UNIUSDT;30m;5.0;200;36;72;100.0;3;59.0;['-batch-training', '-calc-rsi', '-verbose', '-prediction-mode=index', '-interval-list=30m', '-range-min-rsi=28', '-range-max-rsi=80', '-range-p-ema=50,250', '-target-margin-list=1.0,1.5,2.0,2.5,3.0,3.5,4.0,4.5,5.0', '-log-level=WARNING']
2023-11-26 20:46:25;UNIUSDT;30m;5.0;250;36;74;100.0;3;59.0;['-batch-training', '-calc-rsi', '-verbose', '-prediction-mode=index', '-interval-list=30m', '-range-min-rsi=28', '-range-max-rsi=80', '-range-p-ema=50,250', '-target-margin-list=1.0,1.5,2.0,2.5,3.0,3.5,4.0,4.5,5.0', '-log-level=WARNING']
2023-11-26 20:32:24;UNIUSDT;30m;5.0;225;36;72;100.0;3;59.0;['-batch-training', '-calc-rsi', '-verbose', '-prediction-mode=index', '-interval-list=30m', '-range-min-rsi=28', '-range-max-rsi=80', '-range-p-ema=50,250', '-target-margin-list=1.0,1.5,2.0,2.5,3.0,3.5,4.0,4.5,5.0', '-log-level=WARNING']
2023-11-26 19:58:01;UNIUSDT;30m;5.0;150;36;76;100.0;3;59.0;['-batch-training', '-calc-rsi', '-verbose', '-prediction-mode=index', '-interval-list=30m', '-range-min-rsi=28', '-range-max-rsi=80', '-range-p-ema=50,250', '-target-margin-list=1.0,1.5,2.0,2.5,3.0,3.5,4.0,4.5,5.0', '-log-level=WARNING']
2023-11-26 20:32:42;UNIUSDT;30m;5.0;225;36;74;100.0;3;59.0;['-batch-training', '-calc-rsi', '-verbose', '-prediction-mode=index', '-interval-list=30m', '-range-min-rsi=28', '-range-max-rsi=80', '-range-p-ema=50,250', '-target-margin-list=1.0,1.5,2.0,2.5,3.0,3.5,4.0,4.5,5.0', '-log-level=WARNING']
2023-11-26 19:57:49;UNIUSDT;30m;5.0;150;36;74;100.0;3;59.0;['-batch-training', '-calc-rsi', '-verbose', '-prediction-mode=index', '-interval-list=30m', '-range-min-rsi=28', '-range-max-rsi=80', '-range-p-ema=50,250', '-target-margin-list=1.0,1.5,2.0,2.5,3.0,3.5,4.0,4.5,5.0', '-log-level=WARNING']
2023-11-26 20:19:40;UNIUSDT;30m;5.0;200;36;74;100.0;3;59.0;['-batch-training', '-calc-rsi', '-verbose', '-prediction-mode=index', '-interval-list=30m', '-range-min-rsi=28', '-range-max-rsi=80', '-range-p-ema=50,250', '-target-margin-list=1.0,1.5,2.0,2.5,3.0,3.5,4.0,4.5,5.0', '-log-level=WARNING']
2023-11-26 20:46:07;UNIUSDT;30m;5.0;250;36;72;100.0;3;59.0;['-batch-training', '-calc-rsi', '-verbose', '-prediction-mode=index', '-interval-list=30m', '-range-min-rsi=28', '-range-max-rsi=80', '-range-p-ema=50,250', '-target-margin-list=1.0,1.5,2.0,2.5,3.0,3.5,4.0,4.5,5.0', '-log-level=WARNING']
2023-11-26 20:19:57;UNIUSDT;30m;5.0;200;36;76;100.0;3;59.0;['-batch-training', '-calc-rsi', '-verbose', '-prediction-mode=index', '-interval-list=30m', '-range-min-rsi=28', '-range-max-rsi=80', '-range-p-ema=50,250', '-target-margin-list=1.0,1.5,2.0,2.5,3.0,3.5,4.0,4.5,5.0', '-log-level=WARNING']
2023-11-26 19:57:38;UNIUSDT;30m;5.0;150;28;74;100.0;3;59.46;['-batch-training', '-calc-rsi', '-verbose', '-prediction-mode=index', '-interval-list=30m', '-range-min-rsi=28', '-range-max-rsi=80', '-range-p-ema=50,250', '-target-margin-list=1.0,1.5,2.0,2.5,3.0,3.5,4.0,4.5,5.0', '-log-level=WARNING']
2023-11-26 20:46:11;UNIUSDT;30m;5.0;250;28;74;100.0;3;59.46;['-batch-training', '-calc-rsi', '-verbose', '-prediction-mode=index', '-interval-list=30m', '-range-min-rsi=28', '-range-max-rsi=80', '-range-p-ema=50,250', '-target-margin-list=1.0,1.5,2.0,2.5,3.0,3.5,4.0,4.5,5.0', '-log-level=WARNING']
2023-11-26 20:07:40;UNIUSDT;30m;5.0;175;28;74;100.0;3;59.46;['-batch-training', '-calc-rsi', '-verbose', '-prediction-mode=index', '-interval-list=30m', '-range-min-rsi=28', '-range-max-rsi=80', '-range-p-ema=50,250', '-target-margin-list=1.0,1.5,2.0,2.5,3.0,3.5,4.0,4.5,5.0', '-log-level=WARNING']
2023-11-26 21:16:13;UNIUSDT;30m;5.0;75;28;74;100.0;3;59.46;['-batch-training', '-calc-rsi', '-verbose', '-prediction-mode=index', '-interval-list=30m', '-range-min-rsi=28', '-range-max-rsi=80', '-range-p-ema=50,250', '-target-margin-list=1.0,1.5,2.0,2.5,3.0,3.5,4.0,4.5,5.0', '-log-level=WARNING']
2023-11-26 19:35:07;UNIUSDT;30m;5.0;100;28;74;100.0;3;59.46;['-batch-training', '-calc-rsi', '-verbose', '-prediction-mode=index', '-interval-list=30m', '-range-min-rsi=28', '-range-max-rsi=80', '-range-p-ema=50,250', '-target-margin-list=1.0,1.5,2.0,2.5,3.0,3.5,4.0,4.5,5.0', '-log-level=WARNING']
2023-11-26 20:19:26;UNIUSDT;30m;5.0;200;28;74;100.0;3;59.46;['-batch-training', '-calc-rsi', '-verbose', '-prediction-mode=index', '-interval-list=30m', '-range-min-rsi=28', '-range-max-rsi=80', '-range-p-ema=50,250', '-target-margin-list=1.0,1.5,2.0,2.5,3.0,3.5,4.0,4.5,5.0', '-log-level=WARNING']
2023-11-26 20:32:28;UNIUSDT;30m;5.0;225;28;74;100.0;3;59.46;['-batch-training', '-calc-rsi', '-verbose', '-prediction-mode=index', '-interval-list=30m', '-range-min-rsi=28', '-range-max-rsi=80', '-range-p-ema=50,250', '-target-margin-list=1.0,1.5,2.0,2.5,3.0,3.5,4.0,4.5,5.0', '-log-level=WARNING']
2023-11-26 19:46:42;UNIUSDT;30m;5.0;125;28;74;100.0;3;59.46;['-batch-training', '-calc-rsi', '-verbose', '-prediction-mode=index', '-interval-list=30m', '-range-min-rsi=28', '-range-max-rsi=80', '-range-p-ema=50,250', '-target-margin-list=1.0,1.5,2.0,2.5,3.0,3.5,4.0,4.5,5.0', '-log-level=WARNING']
2023-11-26 21:00:53;UNIUSDT;30m;5.0;50;28;74;100.0;3;59.46;['-batch-training', '-calc-rsi', '-verbose', '-prediction-mode=index', '-interval-list=30m', '-range-min-rsi=28', '-range-max-rsi=80', '-range-p-ema=50,250', '-target-margin-list=1.0,1.5,2.0,2.5,3.0,3.5,4.0,4.5,5.0', '-log-level=WARNING']
2023-11-26 20:32:46;UNIUSDT;30m;5.0;225;28;76;100.0;3;59.86;['-batch-training', '-calc-rsi', '-verbose', '-prediction-mode=index', '-interval-list=30m', '-range-min-rsi=28', '-range-max-rsi=80', '-range-p-ema=50,250', '-target-margin-list=1.0,1.5,2.0,2.5,3.0,3.5,4.0,4.5,5.0', '-log-level=WARNING']
2023-11-26 21:01:12;UNIUSDT;30m;5.0;50;28;76;100.0;3;59.86;['-batch-training', '-calc-rsi', '-verbose', '-prediction-mode=index', '-interval-list=30m', '-range-min-rsi=28', '-range-max-rsi=80', '-range-p-ema=50,250', '-target-margin-list=1.0,1.5,2.0,2.5,3.0,3.5,4.0,4.5,5.0', '-log-level=WARNING']
2023-11-26 19:46:57;UNIUSDT;30m;5.0;125;28;76;100.0;3;59.86;['-batch-training', '-calc-rsi', '-verbose', '-prediction-mode=index', '-interval-list=30m', '-range-min-rsi=28', '-range-max-rsi=80', '-range-p-ema=50,250', '-target-margin-list=1.0,1.5,2.0,2.5,3.0,3.5,4.0,4.5,5.0', '-log-level=WARNING']
2023-11-26 19:57:51;UNIUSDT;30m;5.0;150;28;76;100.0;3;59.86;['-batch-training', '-calc-rsi', '-verbose', '-prediction-mode=index', '-interval-list=30m', '-range-min-rsi=28', '-range-max-rsi=80', '-range-p-ema=50,250', '-target-margin-list=1.0,1.5,2.0,2.5,3.0,3.5,4.0,4.5,5.0', '-log-level=WARNING']
2023-11-26 19:35:22;UNIUSDT;30m;5.0;100;28;76;100.0;3;59.86;['-batch-training', '-calc-rsi', '-verbose', '-prediction-mode=index', '-interval-list=30m', '-range-min-rsi=28', '-range-max-rsi=80', '-range-p-ema=50,250', '-target-margin-list=1.0,1.5,2.0,2.5,3.0,3.5,4.0,4.5,5.0', '-log-level=WARNING']
2023-11-26 21:16:30;UNIUSDT;30m;5.0;75;28;76;100.0;3;59.86;['-batch-training', '-calc-rsi', '-verbose', '-prediction-mode=index', '-interval-list=30m', '-range-min-rsi=28', '-range-max-rsi=80', '-range-p-ema=50,250', '-target-margin-list=1.0,1.5,2.0,2.5,3.0,3.5,4.0,4.5,5.0', '-log-level=WARNING']
2023-11-26 20:07:52;UNIUSDT;30m;5.0;175;28;76;100.0;3;59.86;['-batch-training', '-calc-rsi', '-verbose', '-prediction-mode=index', '-interval-list=30m', '-range-min-rsi=28', '-range-max-rsi=80', '-range-p-ema=50,250', '-target-margin-list=1.0,1.5,2.0,2.5,3.0,3.5,4.0,4.5,5.0', '-log-level=WARNING']
2023-11-26 20:19:43;UNIUSDT;30m;5.0;200;28;76;100.0;3;59.86;['-batch-training', '-calc-rsi', '-verbose', '-prediction-mode=index', '-interval-list=30m', '-range-min-rsi=28', '-range-max-rsi=80', '-range-p-ema=50,250', '-target-margin-list=1.0,1.5,2.0,2.5,3.0,3.5,4.0,4.5,5.0', '-log-level=WARNING']
2023-11-26 20:46:30;UNIUSDT;30m;5.0;250;28;76;100.0;3;59.86;['-batch-training', '-calc-rsi', '-verbose', '-prediction-mode=index', '-interval-list=30m', '-range-min-rsi=28', '-range-max-rsi=80', '-range-p-ema=50,250', '-target-margin-list=1.0,1.5,2.0,2.5,3.0,3.5,4.0,4.5,5.0', '-log-level=WARNING']
2023-11-26 19:44:12;UNIUSDT;30m;4.0;125;30;74;100.0;4;59.94;['-batch-training', '-calc-rsi', '-verbose', '-prediction-mode=index', '-interval-list=30m', '-range-min-rsi=28', '-range-max-rsi=80', '-range-p-ema=50,250', '-target-margin-list=1.0,1.5,2.0,2.5,3.0,3.5,4.0,4.5,5.0', '-log-level=WARNING']
2023-11-26 19:55:24;UNIUSDT;30m;4.0;150;30;74;100.0;4;59.94;['-batch-training', '-calc-rsi', '-verbose', '-prediction-mode=index', '-interval-list=30m', '-range-min-rsi=28', '-range-max-rsi=80', '-range-p-ema=50,250', '-target-margin-list=1.0,1.5,2.0,2.5,3.0,3.5,4.0,4.5,5.0', '-log-level=WARNING']
2023-11-26 20:43:08;UNIUSDT;30m;4.0;250;30;74;100.0;4;59.94;['-batch-training', '-calc-rsi', '-verbose', '-prediction-mode=index', '-interval-list=30m', '-range-min-rsi=28', '-range-max-rsi=80', '-range-p-ema=50,250', '-target-margin-list=1.0,1.5,2.0,2.5,3.0,3.5,4.0,4.5,5.0', '-log-level=WARNING']
2023-11-26 19:32:41;UNIUSDT;30m;4.0;100;30;74;100.0;4;59.94;['-batch-training', '-calc-rsi', '-verbose', '-prediction-mode=index', '-interval-list=30m', '-range-min-rsi=28', '-range-max-rsi=80', '-range-p-ema=50,250', '-target-margin-list=1.0,1.5,2.0,2.5,3.0,3.5,4.0,4.5,5.0', '-log-level=WARNING']
2023-11-26 20:05:30;UNIUSDT;30m;4.0;175;30;74;100.0;4;59.94;['-batch-training', '-calc-rsi', '-verbose', '-prediction-mode=index', '-interval-list=30m', '-range-min-rsi=28', '-range-max-rsi=80', '-range-p-ema=50,250', '-target-margin-list=1.0,1.5,2.0,2.5,3.0,3.5,4.0,4.5,5.0', '-log-level=WARNING']
2023-11-26 20:57:35;UNIUSDT;30m;4.0;50;30;74;100.0;4;59.94;['-batch-training', '-calc-rsi', '-verbose', '-prediction-mode=index', '-interval-list=30m', '-range-min-rsi=28', '-range-max-rsi=80', '-range-p-ema=50,250', '-target-margin-list=1.0,1.5,2.0,2.5,3.0,3.5,4.0,4.5,5.0', '-log-level=WARNING']
2023-11-26 20:16:44;UNIUSDT;30m;4.0;200;30;74;100.0;4;59.94;['-batch-training', '-calc-rsi', '-verbose', '-prediction-mode=index', '-interval-list=30m', '-range-min-rsi=28', '-range-max-rsi=80', '-range-p-ema=50,250', '-target-margin-list=1.0,1.5,2.0,2.5,3.0,3.5,4.0,4.5,5.0', '-log-level=WARNING']
2023-11-26 20:29:37;UNIUSDT;30m;4.0;225;30;74;100.0;4;59.94;['-batch-training', '-calc-rsi', '-verbose', '-prediction-mode=index', '-interval-list=30m', '-range-min-rsi=28', '-range-max-rsi=80', '-range-p-ema=50,250', '-target-margin-list=1.0,1.5,2.0,2.5,3.0,3.5,4.0,4.5,5.0', '-log-level=WARNING']
2023-11-26 21:13:23;UNIUSDT;30m;4.0;75;30;74;100.0;4;59.94;['-batch-training', '-calc-rsi', '-verbose', '-prediction-mode=index', '-interval-list=30m', '-range-min-rsi=28', '-range-max-rsi=80', '-range-p-ema=50,250', '-target-margin-list=1.0,1.5,2.0,2.5,3.0,3.5,4.0,4.5,5.0', '-log-level=WARNING']
2023-11-26 20:05:15;UNIUSDT;30m;4.0;175;28;72;100.0;4;59.95;['-batch-training', '-calc-rsi', '-verbose', '-prediction-mode=index', '-interval-list=30m', '-range-min-rsi=28', '-range-max-rsi=80', '-range-p-ema=50,250', '-target-margin-list=1.0,1.5,2.0,2.5,3.0,3.5,4.0,4.5,5.0', '-log-level=WARNING']
2023-11-26 20:29:16;UNIUSDT;30m;4.0;225;28;72;100.0;4;59.95;['-batch-training', '-calc-rsi', '-verbose', '-prediction-mode=index', '-interval-list=30m', '-range-min-rsi=28', '-range-max-rsi=80', '-range-p-ema=50,250', '-target-margin-list=1.0,1.5,2.0,2.5,3.0,3.5,4.0,4.5,5.0', '-log-level=WARNING']
2023-11-26 20:16:24;UNIUSDT;30m;4.0;200;28;72;100.0;4;59.95;['-batch-training', '-calc-rsi', '-verbose', '-prediction-mode=index', '-interval-list=30m', '-range-min-rsi=28', '-range-max-rsi=80', '-range-p-ema=50,250', '-target-margin-list=1.0,1.5,2.0,2.5,3.0,3.5,4.0,4.5,5.0', '-log-level=WARNING']
2023-11-26 19:55:08;UNIUSDT;30m;4.0;150;28;72;100.0;4;59.95;['-batch-training', '-calc-rsi', '-verbose', '-prediction-mode=index', '-interval-list=30m', '-range-min-rsi=28', '-range-max-rsi=80', '-range-p-ema=50,250', '-target-margin-list=1.0,1.5,2.0,2.5,3.0,3.5,4.0,4.5,5.0', '-log-level=WARNING']
2023-11-26 20:42:47;UNIUSDT;30m;4.0;250;28;72;100.0;4;59.95;['-batch-training', '-calc-rsi', '-verbose', '-prediction-mode=index', '-interval-list=30m', '-range-min-rsi=28', '-range-max-rsi=80', '-range-p-ema=50,250', '-target-margin-list=1.0,1.5,2.0,2.5,3.0,3.5,4.0,4.5,5.0', '-log-level=WARNING']
2023-11-26 19:32:23;UNIUSDT;30m;4.0;100;28;72;100.0;4;59.95;['-batch-training', '-calc-rsi', '-verbose', '-prediction-mode=index', '-interval-list=30m', '-range-min-rsi=28', '-range-max-rsi=80', '-range-p-ema=50,250', '-target-margin-list=1.0,1.5,2.0,2.5,3.0,3.5,4.0,4.5,5.0', '-log-level=WARNING']
2023-11-26 19:43:54;UNIUSDT;30m;4.0;125;28;72;100.0;4;59.95;['-batch-training', '-calc-rsi', '-verbose', '-prediction-mode=index', '-interval-list=30m', '-range-min-rsi=28', '-range-max-rsi=80', '-range-p-ema=50,250', '-target-margin-list=1.0,1.5,2.0,2.5,3.0,3.5,4.0,4.5,5.0', '-log-level=WARNING']
2023-11-26 20:57:11;UNIUSDT;30m;4.0;50;28;72;100.0;4;59.95;['-batch-training', '-calc-rsi', '-verbose', '-prediction-mode=index', '-interval-list=30m', '-range-min-rsi=28', '-range-max-rsi=80', '-range-p-ema=50,250', '-target-margin-list=1.0,1.5,2.0,2.5,3.0,3.5,4.0,4.5,5.0', '-log-level=WARNING']
2023-11-26 21:12:56;UNIUSDT;30m;4.0;75;28;72;100.0;4;59.95;['-batch-training', '-calc-rsi', '-verbose', '-prediction-mode=index', '-interval-list=30m', '-range-min-rsi=28', '-range-max-rsi=80', '-range-p-ema=50,250', '-target-margin-list=1.0,1.5,2.0,2.5,3.0,3.5,4.0,4.5,5.0', '-log-level=WARNING']
2023-11-26 21:13:42;UNIUSDT;30m;4.0;75;30;76;100.0;4;60.59;['-batch-training', '-calc-rsi', '-verbose', '-prediction-mode=index', '-interval-list=30m', '-range-min-rsi=28', '-range-max-rsi=80', '-range-p-ema=50,250', '-target-margin-list=1.0,1.5,2.0,2.5,3.0,3.5,4.0,4.5,5.0', '-log-level=WARNING']
2023-11-26 20:43:26;UNIUSDT;30m;4.0;250;30;76;100.0;4;60.59;['-batch-training', '-calc-rsi', '-verbose', '-prediction-mode=index', '-interval-list=30m', '-range-min-rsi=28', '-range-max-rsi=80', '-range-p-ema=50,250', '-target-margin-list=1.0,1.5,2.0,2.5,3.0,3.5,4.0,4.5,5.0', '-log-level=WARNING']
2023-11-26 20:17:00;UNIUSDT;30m;4.0;200;30;76;100.0;4;60.59;['-batch-training', '-calc-rsi', '-verbose', '-prediction-mode=index', '-interval-list=30m', '-range-min-rsi=28', '-range-max-rsi=80', '-range-p-ema=50,250', '-target-margin-list=1.0,1.5,2.0,2.5,3.0,3.5,4.0,4.5,5.0', '-log-level=WARNING']
2023-11-26 19:44:28;UNIUSDT;30m;4.0;125;30;76;100.0;4;60.59;['-batch-training', '-calc-rsi', '-verbose', '-prediction-mode=index', '-interval-list=30m', '-range-min-rsi=28', '-range-max-rsi=80', '-range-p-ema=50,250', '-target-margin-list=1.0,1.5,2.0,2.5,3.0,3.5,4.0,4.5,5.0', '-log-level=WARNING']
2023-11-26 20:29:53;UNIUSDT;30m;4.0;225;30;76;100.0;4;60.59;['-batch-training', '-calc-rsi', '-verbose', '-prediction-mode=index', '-interval-list=30m', '-range-min-rsi=28', '-range-max-rsi=80', '-range-p-ema=50,250', '-target-margin-list=1.0,1.5,2.0,2.5,3.0,3.5,4.0,4.5,5.0', '-log-level=WARNING']
2023-11-26 19:32:56;UNIUSDT;30m;4.0;100;30;76;100.0;4;60.59;['-batch-training', '-calc-rsi', '-verbose', '-prediction-mode=index', '-interval-list=30m', '-range-min-rsi=28', '-range-max-rsi=80', '-range-p-ema=50,250', '-target-margin-list=1.0,1.5,2.0,2.5,3.0,3.5,4.0,4.5,5.0', '-log-level=WARNING']
2023-11-26 20:57:55;UNIUSDT;30m;4.0;50;30;76;100.0;4;60.59;['-batch-training', '-calc-rsi', '-verbose', '-prediction-mode=index', '-interval-list=30m', '-range-min-rsi=28', '-range-max-rsi=80', '-range-p-ema=50,250', '-target-margin-list=1.0,1.5,2.0,2.5,3.0,3.5,4.0,4.5,5.0', '-log-level=WARNING']
2023-11-26 19:55:37;UNIUSDT;30m;4.0;150;30;76;100.0;4;60.59;['-batch-training', '-calc-rsi', '-verbose', '-prediction-mode=index', '-interval-list=30m', '-range-min-rsi=28', '-range-max-rsi=80', '-range-p-ema=50,250', '-target-margin-list=1.0,1.5,2.0,2.5,3.0,3.5,4.0,4.5,5.0', '-log-level=WARNING']
2023-11-26 20:05:43;UNIUSDT;30m;4.0;175;30;76;100.0;4;60.59;['-batch-training', '-calc-rsi', '-verbose', '-prediction-mode=index', '-interval-list=30m', '-range-min-rsi=28', '-range-max-rsi=80', '-range-p-ema=50,250', '-target-margin-list=1.0,1.5,2.0,2.5,3.0,3.5,4.0,4.5,5.0', '-log-level=WARNING']
2023-11-26 20:46:18;UNIUSDT;30m;5.0;250;32;74;100.0;3;61.0;['-batch-training', '-calc-rsi', '-verbose', '-prediction-mode=index', '-interval-list=30m', '-range-min-rsi=28', '-range-max-rsi=80', '-range-p-ema=50,250', '-target-margin-list=1.0,1.5,2.0,2.5,3.0,3.5,4.0,4.5,5.0', '-log-level=WARNING']
2023-11-26 19:57:43;UNIUSDT;30m;5.0;150;32;74;100.0;3;61.0;['-batch-training', '-calc-rsi', '-verbose', '-prediction-mode=index', '-interval-list=30m', '-range-min-rsi=28', '-range-max-rsi=80', '-range-p-ema=50,250', '-target-margin-list=1.0,1.5,2.0,2.5,3.0,3.5,4.0,4.5,5.0', '-log-level=WARNING']
2023-11-26 20:32:52;UNIUSDT;30m;5.0;225;32;76;100.0;3;61.0;['-batch-training', '-calc-rsi', '-verbose', '-prediction-mode=index', '-interval-list=30m', '-range-min-rsi=28', '-range-max-rsi=80', '-range-p-ema=50,250', '-target-margin-list=1.0,1.5,2.0,2.5,3.0,3.5,4.0,4.5,5.0', '-log-level=WARNING']
2023-11-26 20:19:50;UNIUSDT;30m;5.0;200;32;76;100.0;3;61.0;['-batch-training', '-calc-rsi', '-verbose', '-prediction-mode=index', '-interval-list=30m', '-range-min-rsi=28', '-range-max-rsi=80', '-range-p-ema=50,250', '-target-margin-list=1.0,1.5,2.0,2.5,3.0,3.5,4.0,4.5,5.0', '-log-level=WARNING']
2023-11-26 20:32:34;UNIUSDT;30m;5.0;225;32;74;100.0;3;61.0;['-batch-training', '-calc-rsi', '-verbose', '-prediction-mode=index', '-interval-list=30m', '-range-min-rsi=28', '-range-max-rsi=80', '-range-p-ema=50,250', '-target-margin-list=1.0,1.5,2.0,2.5,3.0,3.5,4.0,4.5,5.0', '-log-level=WARNING']
2023-11-26 20:07:58;UNIUSDT;30m;5.0;175;32;76;100.0;3;61.0;['-batch-training', '-calc-rsi', '-verbose', '-prediction-mode=index', '-interval-list=30m', '-range-min-rsi=28', '-range-max-rsi=80', '-range-p-ema=50,250', '-target-margin-list=1.0,1.5,2.0,2.5,3.0,3.5,4.0,4.5,5.0', '-log-level=WARNING']
2023-11-26 20:19:33;UNIUSDT;30m;5.0;200;32;74;100.0;3;61.0;['-batch-training', '-calc-rsi', '-verbose', '-prediction-mode=index', '-interval-list=30m', '-range-min-rsi=28', '-range-max-rsi=80', '-range-p-ema=50,250', '-target-margin-list=1.0,1.5,2.0,2.5,3.0,3.5,4.0,4.5,5.0', '-log-level=WARNING']
2023-11-26 19:57:56;UNIUSDT;30m;5.0;150;32;76;100.0;3;61.0;['-batch-training', '-calc-rsi', '-verbose', '-prediction-mode=index', '-interval-list=30m', '-range-min-rsi=28', '-range-max-rsi=80', '-range-p-ema=50,250', '-target-margin-list=1.0,1.5,2.0,2.5,3.0,3.5,4.0,4.5,5.0', '-log-level=WARNING']
2023-11-26 20:07:45;UNIUSDT;30m;5.0;175;32;74;100.0;3;61.0;['-batch-training', '-calc-rsi', '-verbose', '-prediction-mode=index', '-interval-list=30m', '-range-min-rsi=28', '-range-max-rsi=80', '-range-p-ema=50,250', '-target-margin-list=1.0,1.5,2.0,2.5,3.0,3.5,4.0,4.5,5.0', '-log-level=WARNING']
2023-11-26 20:46:37;UNIUSDT;30m;5.0;250;32;76;100.0;3;61.0;['-batch-training', '-calc-rsi', '-verbose', '-prediction-mode=index', '-interval-list=30m', '-range-min-rsi=28', '-range-max-rsi=80', '-range-p-ema=50,250', '-target-margin-list=1.0,1.5,2.0,2.5,3.0,3.5,4.0,4.5,5.0', '-log-level=WARNING']
2023-11-26 19:55:32;UNIUSDT;30m;4.0;150;36;74;100.0;4;61.74;['-batch-training', '-calc-rsi', '-verbose', '-prediction-mode=index', '-interval-list=30m', '-range-min-rsi=28', '-range-max-rsi=80', '-range-p-ema=50,250', '-target-margin-list=1.0,1.5,2.0,2.5,3.0,3.5,4.0,4.5,5.0', '-log-level=WARNING']
2023-11-26 20:43:20;UNIUSDT;30m;4.0;250;36;74;100.0;4;61.74;['-batch-training', '-calc-rsi', '-verbose', '-prediction-mode=index', '-interval-list=30m', '-range-min-rsi=28', '-range-max-rsi=80', '-range-p-ema=50,250', '-target-margin-list=1.0,1.5,2.0,2.5,3.0,3.5,4.0,4.5,5.0', '-log-level=WARNING']
2023-11-26 20:05:38;UNIUSDT;30m;4.0;175;36;74;100.0;4;61.74;['-batch-training', '-calc-rsi', '-verbose', '-prediction-mode=index', '-interval-list=30m', '-range-min-rsi=28', '-range-max-rsi=80', '-range-p-ema=50,250', '-target-margin-list=1.0,1.5,2.0,2.5,3.0,3.5,4.0,4.5,5.0', '-log-level=WARNING']
2023-11-26 20:16:53;UNIUSDT;30m;4.0;200;36;74;100.0;4;61.74;['-batch-training', '-calc-rsi', '-verbose', '-prediction-mode=index', '-interval-list=30m', '-range-min-rsi=28', '-range-max-rsi=80', '-range-p-ema=50,250', '-target-margin-list=1.0,1.5,2.0,2.5,3.0,3.5,4.0,4.5,5.0', '-log-level=WARNING']
2023-11-26 20:29:47;UNIUSDT;30m;4.0;225;36;74;100.0;4;61.74;['-batch-training', '-calc-rsi', '-verbose', '-prediction-mode=index', '-interval-list=30m', '-range-min-rsi=28', '-range-max-rsi=80', '-range-p-ema=50,250', '-target-margin-list=1.0,1.5,2.0,2.5,3.0,3.5,4.0,4.5,5.0', '-log-level=WARNING']
2023-11-26 19:35:19;UNIUSDT;30m;5.0;100;36;74;100.0;3;62.01;['-batch-training', '-calc-rsi', '-verbose', '-prediction-mode=index', '-interval-list=30m', '-range-min-rsi=28', '-range-max-rsi=80', '-range-p-ema=50,250', '-target-margin-list=1.0,1.5,2.0,2.5,3.0,3.5,4.0,4.5,5.0', '-log-level=WARNING']
2023-11-26 21:16:43;UNIUSDT;30m;5.0;75;36;76;100.0;3;62.01;['-batch-training', '-calc-rsi', '-verbose', '-prediction-mode=index', '-interval-list=30m', '-range-min-rsi=28', '-range-max-rsi=80', '-range-p-ema=50,250', '-target-margin-list=1.0,1.5,2.0,2.5,3.0,3.5,4.0,4.5,5.0', '-log-level=WARNING']
2023-11-26 19:47:10;UNIUSDT;30m;5.0;125;36;76;100.0;3;62.01;['-batch-training', '-calc-rsi', '-verbose', '-prediction-mode=index', '-interval-list=30m', '-range-min-rsi=28', '-range-max-rsi=80', '-range-p-ema=50,250', '-target-margin-list=1.0,1.5,2.0,2.5,3.0,3.5,4.0,4.5,5.0', '-log-level=WARNING']
2023-11-26 19:35:35;UNIUSDT;30m;5.0;100;36;76;100.0;3;62.01;['-batch-training', '-calc-rsi', '-verbose', '-prediction-mode=index', '-interval-list=30m', '-range-min-rsi=28', '-range-max-rsi=80', '-range-p-ema=50,250', '-target-margin-list=1.0,1.5,2.0,2.5,3.0,3.5,4.0,4.5,5.0', '-log-level=WARNING']
2023-11-26 21:00:47;UNIUSDT;30m;5.0;50;36;72;100.0;3;62.01;['-batch-training', '-calc-rsi', '-verbose', '-prediction-mode=index', '-interval-list=30m', '-range-min-rsi=28', '-range-max-rsi=80', '-range-p-ema=50,250', '-target-margin-list=1.0,1.5,2.0,2.5,3.0,3.5,4.0,4.5,5.0', '-log-level=WARNING']
2023-11-26 21:16:27;UNIUSDT;30m;5.0;75;36;74;100.0;3;62.01;['-batch-training', '-calc-rsi', '-verbose', '-prediction-mode=index', '-interval-list=30m', '-range-min-rsi=28', '-range-max-rsi=80', '-range-p-ema=50,250', '-target-margin-list=1.0,1.5,2.0,2.5,3.0,3.5,4.0,4.5,5.0', '-log-level=WARNING']
2023-11-26 19:35:04;UNIUSDT;30m;5.0;100;36;72;100.0;3;62.01;['-batch-training', '-calc-rsi', '-verbose', '-prediction-mode=index', '-interval-list=30m', '-range-min-rsi=28', '-range-max-rsi=80', '-range-p-ema=50,250', '-target-margin-list=1.0,1.5,2.0,2.5,3.0,3.5,4.0,4.5,5.0', '-log-level=WARNING']
2023-11-26 21:16:09;UNIUSDT;30m;5.0;75;36;72;100.0;3;62.01;['-batch-training', '-calc-rsi', '-verbose', '-prediction-mode=index', '-interval-list=30m', '-range-min-rsi=28', '-range-max-rsi=80', '-range-p-ema=50,250', '-target-margin-list=1.0,1.5,2.0,2.5,3.0,3.5,4.0,4.5,5.0', '-log-level=WARNING']
2023-11-26 21:01:08;UNIUSDT;30m;5.0;50;36;74;100.0;3;62.01;['-batch-training', '-calc-rsi', '-verbose', '-prediction-mode=index', '-interval-list=30m', '-range-min-rsi=28', '-range-max-rsi=80', '-range-p-ema=50,250', '-target-margin-list=1.0,1.5,2.0,2.5,3.0,3.5,4.0,4.5,5.0', '-log-level=WARNING']
2023-11-26 19:46:54;UNIUSDT;30m;5.0;125;36;74;100.0;3;62.01;['-batch-training', '-calc-rsi', '-verbose', '-prediction-mode=index', '-interval-list=30m', '-range-min-rsi=28', '-range-max-rsi=80', '-range-p-ema=50,250', '-target-margin-list=1.0,1.5,2.0,2.5,3.0,3.5,4.0,4.5,5.0', '-log-level=WARNING']
2023-11-26 21:01:28;UNIUSDT;30m;5.0;50;36;76;100.0;3;62.01;['-batch-training', '-calc-rsi', '-verbose', '-prediction-mode=index', '-interval-list=30m', '-range-min-rsi=28', '-range-max-rsi=80', '-range-p-ema=50,250', '-target-margin-list=1.0,1.5,2.0,2.5,3.0,3.5,4.0,4.5,5.0', '-log-level=WARNING']
2023-11-26 19:46:39;UNIUSDT;30m;5.0;125;36;72;100.0;3;62.01;['-batch-training', '-calc-rsi', '-verbose', '-prediction-mode=index', '-interval-list=30m', '-range-min-rsi=28', '-range-max-rsi=80', '-range-p-ema=50,250', '-target-margin-list=1.0,1.5,2.0,2.5,3.0,3.5,4.0,4.5,5.0', '-log-level=WARNING']
2023-11-26 20:16:50;UNIUSDT;30m;4.0;200;34;74;100.0;4;62.05;['-batch-training', '-calc-rsi', '-verbose', '-prediction-mode=index', '-interval-list=30m', '-range-min-rsi=28', '-range-max-rsi=80', '-range-p-ema=50,250', '-target-margin-list=1.0,1.5,2.0,2.5,3.0,3.5,4.0,4.5,5.0', '-log-level=WARNING']
2023-11-26 20:05:36;UNIUSDT;30m;4.0;175;34;74;100.0;4;62.05;['-batch-training', '-calc-rsi', '-verbose', '-prediction-mode=index', '-interval-list=30m', '-range-min-rsi=28', '-range-max-rsi=80', '-range-p-ema=50,250', '-target-margin-list=1.0,1.5,2.0,2.5,3.0,3.5,4.0,4.5,5.0', '-log-level=WARNING']
2023-11-26 20:29:43;UNIUSDT;30m;4.0;225;34;74;100.0;4;62.05;['-batch-training', '-calc-rsi', '-verbose', '-prediction-mode=index', '-interval-list=30m', '-range-min-rsi=28', '-range-max-rsi=80', '-range-p-ema=50,250', '-target-margin-list=1.0,1.5,2.0,2.5,3.0,3.5,4.0,4.5,5.0', '-log-level=WARNING']
2023-11-26 20:43:16;UNIUSDT;30m;4.0;250;34;74;100.0;4;62.05;['-batch-training', '-calc-rsi', '-verbose', '-prediction-mode=index', '-interval-list=30m', '-range-min-rsi=28', '-range-max-rsi=80', '-range-p-ema=50,250', '-target-margin-list=1.0,1.5,2.0,2.5,3.0,3.5,4.0,4.5,5.0', '-log-level=WARNING']
2023-11-26 19:55:30;UNIUSDT;30m;4.0;150;34;74;100.0;4;62.05;['-batch-training', '-calc-rsi', '-verbose', '-prediction-mode=index', '-interval-list=30m', '-range-min-rsi=28', '-range-max-rsi=80', '-range-p-ema=50,250', '-target-margin-list=1.0,1.5,2.0,2.5,3.0,3.5,4.0,4.5,5.0', '-log-level=WARNING']
2023-11-26 20:29:40;UNIUSDT;30m;4.0;225;32;74;100.0;4;62.18;['-batch-training', '-calc-rsi', '-verbose', '-prediction-mode=index', '-interval-list=30m', '-range-min-rsi=28', '-range-max-rsi=80', '-range-p-ema=50,250', '-target-margin-list=1.0,1.5,2.0,2.5,3.0,3.5,4.0,4.5,5.0', '-log-level=WARNING']
2023-11-26 20:16:47;UNIUSDT;30m;4.0;200;32;74;100.0;4;62.18;['-batch-training', '-calc-rsi', '-verbose', '-prediction-mode=index', '-interval-list=30m', '-range-min-rsi=28', '-range-max-rsi=80', '-range-p-ema=50,250', '-target-margin-list=1.0,1.5,2.0,2.5,3.0,3.5,4.0,4.5,5.0', '-log-level=WARNING']
2023-11-26 19:55:27;UNIUSDT;30m;4.0;150;32;74;100.0;4;62.18;['-batch-training', '-calc-rsi', '-verbose', '-prediction-mode=index', '-interval-list=30m', '-range-min-rsi=28', '-range-max-rsi=80', '-range-p-ema=50,250', '-target-margin-list=1.0,1.5,2.0,2.5,3.0,3.5,4.0,4.5,5.0', '-log-level=WARNING']
2023-11-26 20:05:33;UNIUSDT;30m;4.0;175;32;74;100.0;4;62.18;['-batch-training', '-calc-rsi', '-verbose', '-prediction-mode=index', '-interval-list=30m', '-range-min-rsi=28', '-range-max-rsi=80', '-range-p-ema=50,250', '-target-margin-list=1.0,1.5,2.0,2.5,3.0,3.5,4.0,4.5,5.0', '-log-level=WARNING']
2023-11-26 20:43:12;UNIUSDT;30m;4.0;250;32;74;100.0;4;62.18;['-batch-training', '-calc-rsi', '-verbose', '-prediction-mode=index', '-interval-list=30m', '-range-min-rsi=28', '-range-max-rsi=80', '-range-p-ema=50,250', '-target-margin-list=1.0,1.5,2.0,2.5,3.0,3.5,4.0,4.5,5.0', '-log-level=WARNING']
2023-11-26 20:17:10;UNIUSDT;30m;4.0;200;36;76;100.0;4;62.42;['-batch-training', '-calc-rsi', '-verbose', '-prediction-mode=index', '-interval-list=30m', '-range-min-rsi=28', '-range-max-rsi=80', '-range-p-ema=50,250', '-target-margin-list=1.0,1.5,2.0,2.5,3.0,3.5,4.0,4.5,5.0', '-log-level=WARNING']
2023-11-26 19:55:46;UNIUSDT;30m;4.0;150;36;76;100.0;4;62.42;['-batch-training', '-calc-rsi', '-verbose', '-prediction-mode=index', '-interval-list=30m', '-range-min-rsi=28', '-range-max-rsi=80', '-range-p-ema=50,250', '-target-margin-list=1.0,1.5,2.0,2.5,3.0,3.5,4.0,4.5,5.0', '-log-level=WARNING']
2023-11-26 20:43:37;UNIUSDT;30m;4.0;250;36;76;100.0;4;62.42;['-batch-training', '-calc-rsi', '-verbose', '-prediction-mode=index', '-interval-list=30m', '-range-min-rsi=28', '-range-max-rsi=80', '-range-p-ema=50,250', '-target-margin-list=1.0,1.5,2.0,2.5,3.0,3.5,4.0,4.5,5.0', '-log-level=WARNING']
2023-11-26 20:05:51;UNIUSDT;30m;4.0;175;36;76;100.0;4;62.42;['-batch-training', '-calc-rsi', '-verbose', '-prediction-mode=index', '-interval-list=30m', '-range-min-rsi=28', '-range-max-rsi=80', '-range-p-ema=50,250', '-target-margin-list=1.0,1.5,2.0,2.5,3.0,3.5,4.0,4.5,5.0', '-log-level=WARNING']
2023-11-26 20:30:04;UNIUSDT;30m;4.0;225;36;76;100.0;4;62.42;['-batch-training', '-calc-rsi', '-verbose', '-prediction-mode=index', '-interval-list=30m', '-range-min-rsi=28', '-range-max-rsi=80', '-range-p-ema=50,250', '-target-margin-list=1.0,1.5,2.0,2.5,3.0,3.5,4.0,4.5,5.0', '-log-level=WARNING']
2023-11-26 20:29:19;UNIUSDT;30m;4.0;225;30;72;100.0;4;62.63;['-batch-training', '-calc-rsi', '-verbose', '-prediction-mode=index', '-interval-list=30m', '-range-min-rsi=28', '-range-max-rsi=80', '-range-p-ema=50,250', '-target-margin-list=1.0,1.5,2.0,2.5,3.0,3.5,4.0,4.5,5.0', '-log-level=WARNING']
2023-11-26 20:16:27;UNIUSDT;30m;4.0;200;30;72;100.0;4;62.63;['-batch-training', '-calc-rsi', '-verbose', '-prediction-mode=index', '-interval-list=30m', '-range-min-rsi=28', '-range-max-rsi=80', '-range-p-ema=50,250', '-target-margin-list=1.0,1.5,2.0,2.5,3.0,3.5,4.0,4.5,5.0', '-log-level=WARNING']
2023-11-26 19:43:57;UNIUSDT;30m;4.0;125;30;72;100.0;4;62.63;['-batch-training', '-calc-rsi', '-verbose', '-prediction-mode=index', '-interval-list=30m', '-range-min-rsi=28', '-range-max-rsi=80', '-range-p-ema=50,250', '-target-margin-list=1.0,1.5,2.0,2.5,3.0,3.5,4.0,4.5,5.0', '-log-level=WARNING']
2023-11-26 21:13:01;UNIUSDT;30m;4.0;75;30;72;100.0;4;62.63;['-batch-training', '-calc-rsi', '-verbose', '-prediction-mode=index', '-interval-list=30m', '-range-min-rsi=28', '-range-max-rsi=80', '-range-p-ema=50,250', '-target-margin-list=1.0,1.5,2.0,2.5,3.0,3.5,4.0,4.5,5.0', '-log-level=WARNING']
2023-11-26 19:32:26;UNIUSDT;30m;4.0;100;30;72;100.0;4;62.63;['-batch-training', '-calc-rsi', '-verbose', '-prediction-mode=index', '-interval-list=30m', '-range-min-rsi=28', '-range-max-rsi=80', '-range-p-ema=50,250', '-target-margin-list=1.0,1.5,2.0,2.5,3.0,3.5,4.0,4.5,5.0', '-log-level=WARNING']
2023-11-26 20:42:50;UNIUSDT;30m;4.0;250;30;72;100.0;4;62.63;['-batch-training', '-calc-rsi', '-verbose', '-prediction-mode=index', '-interval-list=30m', '-range-min-rsi=28', '-range-max-rsi=80', '-range-p-ema=50,250', '-target-margin-list=1.0,1.5,2.0,2.5,3.0,3.5,4.0,4.5,5.0', '-log-level=WARNING']
2023-11-26 19:55:11;UNIUSDT;30m;4.0;150;30;72;100.0;4;62.63;['-batch-training', '-calc-rsi', '-verbose', '-prediction-mode=index', '-interval-list=30m', '-range-min-rsi=28', '-range-max-rsi=80', '-range-p-ema=50,250', '-target-margin-list=1.0,1.5,2.0,2.5,3.0,3.5,4.0,4.5,5.0', '-log-level=WARNING']
2023-11-26 20:05:17;UNIUSDT;30m;4.0;175;30;72;100.0;4;62.63;['-batch-training', '-calc-rsi', '-verbose', '-prediction-mode=index', '-interval-list=30m', '-range-min-rsi=28', '-range-max-rsi=80', '-range-p-ema=50,250', '-target-margin-list=1.0,1.5,2.0,2.5,3.0,3.5,4.0,4.5,5.0', '-log-level=WARNING']
2023-11-26 20:57:15;UNIUSDT;30m;4.0;50;30;72;100.0;4;62.63;['-batch-training', '-calc-rsi', '-verbose', '-prediction-mode=index', '-interval-list=30m', '-range-min-rsi=28', '-range-max-rsi=80', '-range-p-ema=50,250', '-target-margin-list=1.0,1.5,2.0,2.5,3.0,3.5,4.0,4.5,5.0', '-log-level=WARNING']
2023-11-26 19:57:40;UNIUSDT;30m;5.0;150;30;74;100.0;3;62.64;['-batch-training', '-calc-rsi', '-verbose', '-prediction-mode=index', '-interval-list=30m', '-range-min-rsi=28', '-range-max-rsi=80', '-range-p-ema=50,250', '-target-margin-list=1.0,1.5,2.0,2.5,3.0,3.5,4.0,4.5,5.0', '-log-level=WARNING']
2023-11-26 20:19:30;UNIUSDT;30m;5.0;200;30;74;100.0;3;62.64;['-batch-training', '-calc-rsi', '-verbose', '-prediction-mode=index', '-interval-list=30m', '-range-min-rsi=28', '-range-max-rsi=80', '-range-p-ema=50,250', '-target-margin-list=1.0,1.5,2.0,2.5,3.0,3.5,4.0,4.5,5.0', '-log-level=WARNING']
2023-11-26 20:46:14;UNIUSDT;30m;5.0;250;30;74;100.0;3;62.64;['-batch-training', '-calc-rsi', '-verbose', '-prediction-mode=index', '-interval-list=30m', '-range-min-rsi=28', '-range-max-rsi=80', '-range-p-ema=50,250', '-target-margin-list=1.0,1.5,2.0,2.5,3.0,3.5,4.0,4.5,5.0', '-log-level=WARNING']
2023-11-26 19:46:45;UNIUSDT;30m;5.0;125;30;74;100.0;3;62.64;['-batch-training', '-calc-rsi', '-verbose', '-prediction-mode=index', '-interval-list=30m', '-range-min-rsi=28', '-range-max-rsi=80', '-range-p-ema=50,250', '-target-margin-list=1.0,1.5,2.0,2.5,3.0,3.5,4.0,4.5,5.0', '-log-level=WARNING']
2023-11-26 20:07:43;UNIUSDT;30m;5.0;175;30;74;100.0;3;62.64;['-batch-training', '-calc-rsi', '-verbose', '-prediction-mode=index', '-interval-list=30m', '-range-min-rsi=28', '-range-max-rsi=80', '-range-p-ema=50,250', '-target-margin-list=1.0,1.5,2.0,2.5,3.0,3.5,4.0,4.5,5.0', '-log-level=WARNING']
2023-11-26 21:16:16;UNIUSDT;30m;5.0;75;30;74;100.0;3;62.64;['-batch-training', '-calc-rsi', '-verbose', '-prediction-mode=index', '-interval-list=30m', '-range-min-rsi=28', '-range-max-rsi=80', '-range-p-ema=50,250', '-target-margin-list=1.0,1.5,2.0,2.5,3.0,3.5,4.0,4.5,5.0', '-log-level=WARNING']
2023-11-26 21:00:57;UNIUSDT;30m;5.0;50;30;74;100.0;3;62.64;['-batch-training', '-calc-rsi', '-verbose', '-prediction-mode=index', '-interval-list=30m', '-range-min-rsi=28', '-range-max-rsi=80', '-range-p-ema=50,250', '-target-margin-list=1.0,1.5,2.0,2.5,3.0,3.5,4.0,4.5,5.0', '-log-level=WARNING']
2023-11-26 19:35:10;UNIUSDT;30m;5.0;100;30;74;100.0;3;62.64;['-batch-training', '-calc-rsi', '-verbose', '-prediction-mode=index', '-interval-list=30m', '-range-min-rsi=28', '-range-max-rsi=80', '-range-p-ema=50,250', '-target-margin-list=1.0,1.5,2.0,2.5,3.0,3.5,4.0,4.5,5.0', '-log-level=WARNING']
2023-11-26 20:32:31;UNIUSDT;30m;5.0;225;30;74;100.0;3;62.64;['-batch-training', '-calc-rsi', '-verbose', '-prediction-mode=index', '-interval-list=30m', '-range-min-rsi=28', '-range-max-rsi=80', '-range-p-ema=50,250', '-target-margin-list=1.0,1.5,2.0,2.5,3.0,3.5,4.0,4.5,5.0', '-log-level=WARNING']
2023-11-26 20:17:07;UNIUSDT;30m;4.0;200;34;76;100.0;4;62.73;['-batch-training', '-calc-rsi', '-verbose', '-prediction-mode=index', '-interval-list=30m', '-range-min-rsi=28', '-range-max-rsi=80', '-range-p-ema=50,250', '-target-margin-list=1.0,1.5,2.0,2.5,3.0,3.5,4.0,4.5,5.0', '-log-level=WARNING']
2023-11-26 20:30:01;UNIUSDT;30m;4.0;225;34;76;100.0;4;62.73;['-batch-training', '-calc-rsi', '-verbose', '-prediction-mode=index', '-interval-list=30m', '-range-min-rsi=28', '-range-max-rsi=80', '-range-p-ema=50,250', '-target-margin-list=1.0,1.5,2.0,2.5,3.0,3.5,4.0,4.5,5.0', '-log-level=WARNING']
2023-11-26 19:55:44;UNIUSDT;30m;4.0;150;34;76;100.0;4;62.73;['-batch-training', '-calc-rsi', '-verbose', '-prediction-mode=index', '-interval-list=30m', '-range-min-rsi=28', '-range-max-rsi=80', '-range-p-ema=50,250', '-target-margin-list=1.0,1.5,2.0,2.5,3.0,3.5,4.0,4.5,5.0', '-log-level=WARNING']
2023-11-26 20:43:34;UNIUSDT;30m;4.0;250;34;76;100.0;4;62.73;['-batch-training', '-calc-rsi', '-verbose', '-prediction-mode=index', '-interval-list=30m', '-range-min-rsi=28', '-range-max-rsi=80', '-range-p-ema=50,250', '-target-margin-list=1.0,1.5,2.0,2.5,3.0,3.5,4.0,4.5,5.0', '-log-level=WARNING']
2023-11-26 20:05:49;UNIUSDT;30m;4.0;175;34;76;100.0;4;62.73;['-batch-training', '-calc-rsi', '-verbose', '-prediction-mode=index', '-interval-list=30m', '-range-min-rsi=28', '-range-max-rsi=80', '-range-p-ema=50,250', '-target-margin-list=1.0,1.5,2.0,2.5,3.0,3.5,4.0,4.5,5.0', '-log-level=WARNING']
2023-11-26 20:05:46;UNIUSDT;30m;4.0;175;32;76;100.0;4;62.85;['-batch-training', '-calc-rsi', '-verbose', '-prediction-mode=index', '-interval-list=30m', '-range-min-rsi=28', '-range-max-rsi=80', '-range-p-ema=50,250', '-target-margin-list=1.0,1.5,2.0,2.5,3.0,3.5,4.0,4.5,5.0', '-log-level=WARNING']
2023-11-26 20:17:04;UNIUSDT;30m;4.0;200;32;76;100.0;4;62.85;['-batch-training', '-calc-rsi', '-verbose', '-prediction-mode=index', '-interval-list=30m', '-range-min-rsi=28', '-range-max-rsi=80', '-range-p-ema=50,250', '-target-margin-list=1.0,1.5,2.0,2.5,3.0,3.5,4.0,4.5,5.0', '-log-level=WARNING']
2023-11-26 20:43:30;UNIUSDT;30m;4.0;250;32;76;100.0;4;62.85;['-batch-training', '-calc-rsi', '-verbose', '-prediction-mode=index', '-interval-list=30m', '-range-min-rsi=28', '-range-max-rsi=80', '-range-p-ema=50,250', '-target-margin-list=1.0,1.5,2.0,2.5,3.0,3.5,4.0,4.5,5.0', '-log-level=WARNING']
2023-11-26 20:29:57;UNIUSDT;30m;4.0;225;32;76;100.0;4;62.85;['-batch-training', '-calc-rsi', '-verbose', '-prediction-mode=index', '-interval-list=30m', '-range-min-rsi=28', '-range-max-rsi=80', '-range-p-ema=50,250', '-target-margin-list=1.0,1.5,2.0,2.5,3.0,3.5,4.0,4.5,5.0', '-log-level=WARNING']
2023-11-26 19:55:40;UNIUSDT;30m;4.0;150;32;76;100.0;4;62.85;['-batch-training', '-calc-rsi', '-verbose', '-prediction-mode=index', '-interval-list=30m', '-range-min-rsi=28', '-range-max-rsi=80', '-range-p-ema=50,250', '-target-margin-list=1.0,1.5,2.0,2.5,3.0,3.5,4.0,4.5,5.0', '-log-level=WARNING']
2023-11-26 19:35:25;UNIUSDT;30m;5.0;100;30;76;100.0;3;63.06;['-batch-training', '-calc-rsi', '-verbose', '-prediction-mode=index', '-interval-list=30m', '-range-min-rsi=28', '-range-max-rsi=80', '-range-p-ema=50,250', '-target-margin-list=1.0,1.5,2.0,2.5,3.0,3.5,4.0,4.5,5.0', '-log-level=WARNING']
2023-11-26 20:32:49;UNIUSDT;30m;5.0;225;30;76;100.0;3;63.06;['-batch-training', '-calc-rsi', '-verbose', '-prediction-mode=index', '-interval-list=30m', '-range-min-rsi=28', '-range-max-rsi=80', '-range-p-ema=50,250', '-target-margin-list=1.0,1.5,2.0,2.5,3.0,3.5,4.0,4.5,5.0', '-log-level=WARNING']
2023-11-26 21:01:15;UNIUSDT;30m;5.0;50;30;76;100.0;3;63.06;['-batch-training', '-calc-rsi', '-verbose', '-prediction-mode=index', '-interval-list=30m', '-range-min-rsi=28', '-range-max-rsi=80', '-range-p-ema=50,250', '-target-margin-list=1.0,1.5,2.0,2.5,3.0,3.5,4.0,4.5,5.0', '-log-level=WARNING']
2023-11-26 20:19:46;UNIUSDT;30m;5.0;200;30;76;100.0;3;63.06;['-batch-training', '-calc-rsi', '-verbose', '-prediction-mode=index', '-interval-list=30m', '-range-min-rsi=28', '-range-max-rsi=80', '-range-p-ema=50,250', '-target-margin-list=1.0,1.5,2.0,2.5,3.0,3.5,4.0,4.5,5.0', '-log-level=WARNING']
2023-11-26 19:57:53;UNIUSDT;30m;5.0;150;30;76;100.0;3;63.06;['-batch-training', '-calc-rsi', '-verbose', '-prediction-mode=index', '-interval-list=30m', '-range-min-rsi=28', '-range-max-rsi=80', '-range-p-ema=50,250', '-target-margin-list=1.0,1.5,2.0,2.5,3.0,3.5,4.0,4.5,5.0', '-log-level=WARNING']
2023-11-26 20:07:56;UNIUSDT;30m;5.0;175;30;76;100.0;3;63.06;['-batch-training', '-calc-rsi', '-verbose', '-prediction-mode=index', '-interval-list=30m', '-range-min-rsi=28', '-range-max-rsi=80', '-range-p-ema=50,250', '-target-margin-list=1.0,1.5,2.0,2.5,3.0,3.5,4.0,4.5,5.0', '-log-level=WARNING']
2023-11-26 21:16:33;UNIUSDT;30m;5.0;75;30;76;100.0;3;63.06;['-batch-training', '-calc-rsi', '-verbose', '-prediction-mode=index', '-interval-list=30m', '-range-min-rsi=28', '-range-max-rsi=80', '-range-p-ema=50,250', '-target-margin-list=1.0,1.5,2.0,2.5,3.0,3.5,4.0,4.5,5.0', '-log-level=WARNING']
2023-11-26 20:46:33;UNIUSDT;30m;5.0;250;30;76;100.0;3;63.06;['-batch-training', '-calc-rsi', '-verbose', '-prediction-mode=index', '-interval-list=30m', '-range-min-rsi=28', '-range-max-rsi=80', '-range-p-ema=50,250', '-target-margin-list=1.0,1.5,2.0,2.5,3.0,3.5,4.0,4.5,5.0', '-log-level=WARNING']
2023-11-26 19:47:01;UNIUSDT;30m;5.0;125;30;76;100.0;3;63.06;['-batch-training', '-calc-rsi', '-verbose', '-prediction-mode=index', '-interval-list=30m', '-range-min-rsi=28', '-range-max-rsi=80', '-range-p-ema=50,250', '-target-margin-list=1.0,1.5,2.0,2.5,3.0,3.5,4.0,4.5,5.0', '-log-level=WARNING']
2023-11-26 20:32:17;UNIUSDT;30m;5.0;225;32;72;100.0;3;63.29;['-batch-training', '-calc-rsi', '-verbose', '-prediction-mode=index', '-interval-list=30m', '-range-min-rsi=28', '-range-max-rsi=80', '-range-p-ema=50,250', '-target-margin-list=1.0,1.5,2.0,2.5,3.0,3.5,4.0,4.5,5.0', '-log-level=WARNING']
2023-11-26 20:45:59;UNIUSDT;30m;5.0;250;32;72;100.0;3;63.29;['-batch-training', '-calc-rsi', '-verbose', '-prediction-mode=index', '-interval-list=30m', '-range-min-rsi=28', '-range-max-rsi=80', '-range-p-ema=50,250', '-target-margin-list=1.0,1.5,2.0,2.5,3.0,3.5,4.0,4.5,5.0', '-log-level=WARNING']
2023-11-26 20:19:16;UNIUSDT;30m;5.0;200;32;72;100.0;3;63.29;['-batch-training', '-calc-rsi', '-verbose', '-prediction-mode=index', '-interval-list=30m', '-range-min-rsi=28', '-range-max-rsi=80', '-range-p-ema=50,250', '-target-margin-list=1.0,1.5,2.0,2.5,3.0,3.5,4.0,4.5,5.0', '-log-level=WARNING']
2023-11-26 19:57:30;UNIUSDT;30m;5.0;150;32;72;100.0;3;63.29;['-batch-training', '-calc-rsi', '-verbose', '-prediction-mode=index', '-interval-list=30m', '-range-min-rsi=28', '-range-max-rsi=80', '-range-p-ema=50,250', '-target-margin-list=1.0,1.5,2.0,2.5,3.0,3.5,4.0,4.5,5.0', '-log-level=WARNING']
2023-11-26 20:07:32;UNIUSDT;30m;5.0;175;32;72;100.0;3;63.29;['-batch-training', '-calc-rsi', '-verbose', '-prediction-mode=index', '-interval-list=30m', '-range-min-rsi=28', '-range-max-rsi=80', '-range-p-ema=50,250', '-target-margin-list=1.0,1.5,2.0,2.5,3.0,3.5,4.0,4.5,5.0', '-log-level=WARNING']
2023-11-26 21:16:36;UNIUSDT;30m;5.0;75;32;76;100.0;3;64.12;['-batch-training', '-calc-rsi', '-verbose', '-prediction-mode=index', '-interval-list=30m', '-range-min-rsi=28', '-range-max-rsi=80', '-range-p-ema=50,250', '-target-margin-list=1.0,1.5,2.0,2.5,3.0,3.5,4.0,4.5,5.0', '-log-level=WARNING']
2023-11-26 19:47:04;UNIUSDT;30m;5.0;125;32;76;100.0;3;64.12;['-batch-training', '-calc-rsi', '-verbose', '-prediction-mode=index', '-interval-list=30m', '-range-min-rsi=28', '-range-max-rsi=80', '-range-p-ema=50,250', '-target-margin-list=1.0,1.5,2.0,2.5,3.0,3.5,4.0,4.5,5.0', '-log-level=WARNING']
2023-11-26 21:01:00;UNIUSDT;30m;5.0;50;32;74;100.0;3;64.12;['-batch-training', '-calc-rsi', '-verbose', '-prediction-mode=index', '-interval-list=30m', '-range-min-rsi=28', '-range-max-rsi=80', '-range-p-ema=50,250', '-target-margin-list=1.0,1.5,2.0,2.5,3.0,3.5,4.0,4.5,5.0', '-log-level=WARNING']
2023-11-26 21:01:19;UNIUSDT;30m;5.0;50;32;76;100.0;3;64.12;['-batch-training', '-calc-rsi', '-verbose', '-prediction-mode=index', '-interval-list=30m', '-range-min-rsi=28', '-range-max-rsi=80', '-range-p-ema=50,250', '-target-margin-list=1.0,1.5,2.0,2.5,3.0,3.5,4.0,4.5,5.0', '-log-level=WARNING']
2023-11-26 19:35:28;UNIUSDT;30m;5.0;100;32;76;100.0;3;64.12;['-batch-training', '-calc-rsi', '-verbose', '-prediction-mode=index', '-interval-list=30m', '-range-min-rsi=28', '-range-max-rsi=80', '-range-p-ema=50,250', '-target-margin-list=1.0,1.5,2.0,2.5,3.0,3.5,4.0,4.5,5.0', '-log-level=WARNING']
2023-11-26 19:46:49;UNIUSDT;30m;5.0;125;32;74;100.0;3;64.12;['-batch-training', '-calc-rsi', '-verbose', '-prediction-mode=index', '-interval-list=30m', '-range-min-rsi=28', '-range-max-rsi=80', '-range-p-ema=50,250', '-target-margin-list=1.0,1.5,2.0,2.5,3.0,3.5,4.0,4.5,5.0', '-log-level=WARNING']
2023-11-26 19:35:13;UNIUSDT;30m;5.0;100;32;74;100.0;3;64.12;['-batch-training', '-calc-rsi', '-verbose', '-prediction-mode=index', '-interval-list=30m', '-range-min-rsi=28', '-range-max-rsi=80', '-range-p-ema=50,250', '-target-margin-list=1.0,1.5,2.0,2.5,3.0,3.5,4.0,4.5,5.0', '-log-level=WARNING']
2023-11-26 21:16:18;UNIUSDT;30m;5.0;75;32;74;100.0;3;64.12;['-batch-training', '-calc-rsi', '-verbose', '-prediction-mode=index', '-interval-list=30m', '-range-min-rsi=28', '-range-max-rsi=80', '-range-p-ema=50,250', '-target-margin-list=1.0,1.5,2.0,2.5,3.0,3.5,4.0,4.5,5.0', '-log-level=WARNING']
2023-11-26 20:29:29;UNIUSDT;30m;4.0;225;36;72;100.0;4;64.41;['-batch-training', '-calc-rsi', '-verbose', '-prediction-mode=index', '-interval-list=30m', '-range-min-rsi=28', '-range-max-rsi=80', '-range-p-ema=50,250', '-target-margin-list=1.0,1.5,2.0,2.5,3.0,3.5,4.0,4.5,5.0', '-log-level=WARNING']
2023-11-26 20:16:37;UNIUSDT;30m;4.0;200;36;72;100.0;4;64.41;['-batch-training', '-calc-rsi', '-verbose', '-prediction-mode=index', '-interval-list=30m', '-range-min-rsi=28', '-range-max-rsi=80', '-range-p-ema=50,250', '-target-margin-list=1.0,1.5,2.0,2.5,3.0,3.5,4.0,4.5,5.0', '-log-level=WARNING']
2023-11-26 20:43:01;UNIUSDT;30m;4.0;250;36;72;100.0;4;64.41;['-batch-training', '-calc-rsi', '-verbose', '-prediction-mode=index', '-interval-list=30m', '-range-min-rsi=28', '-range-max-rsi=80', '-range-p-ema=50,250', '-target-margin-list=1.0,1.5,2.0,2.5,3.0,3.5,4.0,4.5,5.0', '-log-level=WARNING']
2023-11-26 20:05:25;UNIUSDT;30m;4.0;175;36;72;100.0;4;64.41;['-batch-training', '-calc-rsi', '-verbose', '-prediction-mode=index', '-interval-list=30m', '-range-min-rsi=28', '-range-max-rsi=80', '-range-p-ema=50,250', '-target-margin-list=1.0,1.5,2.0,2.5,3.0,3.5,4.0,4.5,5.0', '-log-level=WARNING']
2023-11-26 19:55:18;UNIUSDT;30m;4.0;150;36;72;100.0;4;64.41;['-batch-training', '-calc-rsi', '-verbose', '-prediction-mode=index', '-interval-list=30m', '-range-min-rsi=28', '-range-max-rsi=80', '-range-p-ema=50,250', '-target-margin-list=1.0,1.5,2.0,2.5,3.0,3.5,4.0,4.5,5.0', '-log-level=WARNING']
2023-11-26 19:44:21;UNIUSDT;30m;4.0;125;36;74;100.0;4;64.72;['-batch-training', '-calc-rsi', '-verbose', '-prediction-mode=index', '-interval-list=30m', '-range-min-rsi=28', '-range-max-rsi=80', '-range-p-ema=50,250', '-target-margin-list=1.0,1.5,2.0,2.5,3.0,3.5,4.0,4.5,5.0', '-log-level=WARNING']
2023-11-26 19:32:50;UNIUSDT;30m;4.0;100;36;74;100.0;4;64.72;['-batch-training', '-calc-rsi', '-verbose', '-prediction-mode=index', '-interval-list=30m', '-range-min-rsi=28', '-range-max-rsi=80', '-range-p-ema=50,250', '-target-margin-list=1.0,1.5,2.0,2.5,3.0,3.5,4.0,4.5,5.0', '-log-level=WARNING']
2023-11-26 20:57:46;UNIUSDT;30m;4.0;50;36;74;100.0;4;64.72;['-batch-training', '-calc-rsi', '-verbose', '-prediction-mode=index', '-interval-list=30m', '-range-min-rsi=28', '-range-max-rsi=80', '-range-p-ema=50,250', '-target-margin-list=1.0,1.5,2.0,2.5,3.0,3.5,4.0,4.5,5.0', '-log-level=WARNING']
2023-11-26 21:13:35;UNIUSDT;30m;4.0;75;36;74;100.0;4;64.72;['-batch-training', '-calc-rsi', '-verbose', '-prediction-mode=index', '-interval-list=30m', '-range-min-rsi=28', '-range-max-rsi=80', '-range-p-ema=50,250', '-target-margin-list=1.0,1.5,2.0,2.5,3.0,3.5,4.0,4.5,5.0', '-log-level=WARNING']
2023-11-26 20:05:22;UNIUSDT;30m;4.0;175;34;72;100.0;4;64.77;['-batch-training', '-calc-rsi', '-verbose', '-prediction-mode=index', '-interval-list=30m', '-range-min-rsi=28', '-range-max-rsi=80', '-range-p-ema=50,250', '-target-margin-list=1.0,1.5,2.0,2.5,3.0,3.5,4.0,4.5,5.0', '-log-level=WARNING']
2023-11-26 19:55:16;UNIUSDT;30m;4.0;150;34;72;100.0;4;64.77;['-batch-training', '-calc-rsi', '-verbose', '-prediction-mode=index', '-interval-list=30m', '-range-min-rsi=28', '-range-max-rsi=80', '-range-p-ema=50,250', '-target-margin-list=1.0,1.5,2.0,2.5,3.0,3.5,4.0,4.5,5.0', '-log-level=WARNING']
2023-11-26 20:29:25;UNIUSDT;30m;4.0;225;34;72;100.0;4;64.77;['-batch-training', '-calc-rsi', '-verbose', '-prediction-mode=index', '-interval-list=30m', '-range-min-rsi=28', '-range-max-rsi=80', '-range-p-ema=50,250', '-target-margin-list=1.0,1.5,2.0,2.5,3.0,3.5,4.0,4.5,5.0', '-log-level=WARNING']
2023-11-26 20:42:57;UNIUSDT;30m;4.0;250;34;72;100.0;4;64.77;['-batch-training', '-calc-rsi', '-verbose', '-prediction-mode=index', '-interval-list=30m', '-range-min-rsi=28', '-range-max-rsi=80', '-range-p-ema=50,250', '-target-margin-list=1.0,1.5,2.0,2.5,3.0,3.5,4.0,4.5,5.0', '-log-level=WARNING']
2023-11-26 20:16:34;UNIUSDT;30m;4.0;200;34;72;100.0;4;64.77;['-batch-training', '-calc-rsi', '-verbose', '-prediction-mode=index', '-interval-list=30m', '-range-min-rsi=28', '-range-max-rsi=80', '-range-p-ema=50,250', '-target-margin-list=1.0,1.5,2.0,2.5,3.0,3.5,4.0,4.5,5.0', '-log-level=WARNING']
2023-11-26 21:14:48;UNIUSDT;30m;4.5;75;28;74;100.0;3;64.91;['-batch-training', '-calc-rsi', '-verbose', '-prediction-mode=index', '-interval-list=30m', '-range-min-rsi=28', '-range-max-rsi=80', '-range-p-ema=50,250', '-target-margin-list=1.0,1.5,2.0,2.5,3.0,3.5,4.0,4.5,5.0', '-log-level=WARNING']
2023-11-26 20:18:20;UNIUSDT;30m;4.5;200;28;76;100.0;3;64.91;['-batch-training', '-calc-rsi', '-verbose', '-prediction-mode=index', '-interval-list=30m', '-range-min-rsi=28', '-range-max-rsi=80', '-range-p-ema=50,250', '-target-margin-list=1.0,1.5,2.0,2.5,3.0,3.5,4.0,4.5,5.0', '-log-level=WARNING']
2023-11-26 19:33:52;UNIUSDT;30m;4.5;100;28;74;100.0;3;64.91;['-batch-training', '-calc-rsi', '-verbose', '-prediction-mode=index', '-interval-list=30m', '-range-min-rsi=28', '-range-max-rsi=80', '-range-p-ema=50,250', '-target-margin-list=1.0,1.5,2.0,2.5,3.0,3.5,4.0,4.5,5.0', '-log-level=WARNING']
2023-11-26 20:59:31;UNIUSDT;30m;4.5;50;28;76;100.0;3;64.91;['-batch-training', '-calc-rsi', '-verbose', '-prediction-mode=index', '-interval-list=30m', '-range-min-rsi=28', '-range-max-rsi=80', '-range-p-ema=50,250', '-target-margin-list=1.0,1.5,2.0,2.5,3.0,3.5,4.0,4.5,5.0', '-log-level=WARNING']
2023-11-26 19:45:40;UNIUSDT;30m;4.5;125;28;76;100.0;3;64.91;['-batch-training', '-calc-rsi', '-verbose', '-prediction-mode=index', '-interval-list=30m', '-range-min-rsi=28', '-range-max-rsi=80', '-range-p-ema=50,250', '-target-margin-list=1.0,1.5,2.0,2.5,3.0,3.5,4.0,4.5,5.0', '-log-level=WARNING']
2023-11-26 20:59:10;UNIUSDT;30m;4.5;50;28;74;100.0;3;64.91;['-batch-training', '-calc-rsi', '-verbose', '-prediction-mode=index', '-interval-list=30m', '-range-min-rsi=28', '-range-max-rsi=80', '-range-p-ema=50,250', '-target-margin-list=1.0,1.5,2.0,2.5,3.0,3.5,4.0,4.5,5.0', '-log-level=WARNING']
2023-11-26 21:15:06;UNIUSDT;30m;4.5;75;28;76;100.0;3;64.91;['-batch-training', '-calc-rsi', '-verbose', '-prediction-mode=index', '-interval-list=30m', '-range-min-rsi=28', '-range-max-rsi=80', '-range-p-ema=50,250', '-target-margin-list=1.0,1.5,2.0,2.5,3.0,3.5,4.0,4.5,5.0', '-log-level=WARNING']
2023-11-26 20:06:47;UNIUSDT;30m;4.5;175;28;76;100.0;3;64.91;['-batch-training', '-calc-rsi', '-verbose', '-prediction-mode=index', '-interval-list=30m', '-range-min-rsi=28', '-range-max-rsi=80', '-range-p-ema=50,250', '-target-margin-list=1.0,1.5,2.0,2.5,3.0,3.5,4.0,4.5,5.0', '-log-level=WARNING']
2023-11-26 19:56:43;UNIUSDT;30m;4.5;150;28;76;100.0;3;64.91;['-batch-training', '-calc-rsi', '-verbose', '-prediction-mode=index', '-interval-list=30m', '-range-min-rsi=28', '-range-max-rsi=80', '-range-p-ema=50,250', '-target-margin-list=1.0,1.5,2.0,2.5,3.0,3.5,4.0,4.5,5.0', '-log-level=WARNING']
2023-11-26 20:18:03;UNIUSDT;30m;4.5;200;28;74;100.0;3;64.91;['-batch-training', '-calc-rsi', '-verbose', '-prediction-mode=index', '-interval-list=30m', '-range-min-rsi=28', '-range-max-rsi=80', '-range-p-ema=50,250', '-target-margin-list=1.0,1.5,2.0,2.5,3.0,3.5,4.0,4.5,5.0', '-log-level=WARNING']
2023-11-26 19:45:25;UNIUSDT;30m;4.5;125;28;74;100.0;3;64.91;['-batch-training', '-calc-rsi', '-verbose', '-prediction-mode=index', '-interval-list=30m', '-range-min-rsi=28', '-range-max-rsi=80', '-range-p-ema=50,250', '-target-margin-list=1.0,1.5,2.0,2.5,3.0,3.5,4.0,4.5,5.0', '-log-level=WARNING']
2023-11-26 19:34:06;UNIUSDT;30m;4.5;100;28;76;100.0;3;64.91;['-batch-training', '-calc-rsi', '-verbose', '-prediction-mode=index', '-interval-list=30m', '-range-min-rsi=28', '-range-max-rsi=80', '-range-p-ema=50,250', '-target-margin-list=1.0,1.5,2.0,2.5,3.0,3.5,4.0,4.5,5.0', '-log-level=WARNING']
2023-11-26 20:06:34;UNIUSDT;30m;4.5;175;28;74;100.0;3;64.91;['-batch-training', '-calc-rsi', '-verbose', '-prediction-mode=index', '-interval-list=30m', '-range-min-rsi=28', '-range-max-rsi=80', '-range-p-ema=50,250', '-target-margin-list=1.0,1.5,2.0,2.5,3.0,3.5,4.0,4.5,5.0', '-log-level=WARNING']
2023-11-26 20:31:18;UNIUSDT;30m;4.5;225;28;76;100.0;3;64.91;['-batch-training', '-calc-rsi', '-verbose', '-prediction-mode=index', '-interval-list=30m', '-range-min-rsi=28', '-range-max-rsi=80', '-range-p-ema=50,250', '-target-margin-list=1.0,1.5,2.0,2.5,3.0,3.5,4.0,4.5,5.0', '-log-level=WARNING']
2023-11-26 20:31:00;UNIUSDT;30m;4.5;225;28;74;100.0;3;64.91;['-batch-training', '-calc-rsi', '-verbose', '-prediction-mode=index', '-interval-list=30m', '-range-min-rsi=28', '-range-max-rsi=80', '-range-p-ema=50,250', '-target-margin-list=1.0,1.5,2.0,2.5,3.0,3.5,4.0,4.5,5.0', '-log-level=WARNING']
2023-11-26 19:56:30;UNIUSDT;30m;4.5;150;28;74;100.0;3;64.91;['-batch-training', '-calc-rsi', '-verbose', '-prediction-mode=index', '-interval-list=30m', '-range-min-rsi=28', '-range-max-rsi=80', '-range-p-ema=50,250', '-target-margin-list=1.0,1.5,2.0,2.5,3.0,3.5,4.0,4.5,5.0', '-log-level=WARNING']
2023-11-26 20:44:37;UNIUSDT;30m;4.5;250;28;74;100.0;3;64.91;['-batch-training', '-calc-rsi', '-verbose', '-prediction-mode=index', '-interval-list=30m', '-range-min-rsi=28', '-range-max-rsi=80', '-range-p-ema=50,250', '-target-margin-list=1.0,1.5,2.0,2.5,3.0,3.5,4.0,4.5,5.0', '-log-level=WARNING']
2023-11-26 20:44:55;UNIUSDT;30m;4.5;250;28;76;100.0;3;64.91;['-batch-training', '-calc-rsi', '-verbose', '-prediction-mode=index', '-interval-list=30m', '-range-min-rsi=28', '-range-max-rsi=80', '-range-p-ema=50,250', '-target-margin-list=1.0,1.5,2.0,2.5,3.0,3.5,4.0,4.5,5.0', '-log-level=WARNING']
2023-11-26 19:32:47;UNIUSDT;30m;4.0;100;34;74;100.0;4;65.04;['-batch-training', '-calc-rsi', '-verbose', '-prediction-mode=index', '-interval-list=30m', '-range-min-rsi=28', '-range-max-rsi=80', '-range-p-ema=50,250', '-target-margin-list=1.0,1.5,2.0,2.5,3.0,3.5,4.0,4.5,5.0', '-log-level=WARNING']
2023-11-26 19:44:18;UNIUSDT;30m;4.0;125;34;74;100.0;4;65.04;['-batch-training', '-calc-rsi', '-verbose', '-prediction-mode=index', '-interval-list=30m', '-range-min-rsi=28', '-range-max-rsi=80', '-range-p-ema=50,250', '-target-margin-list=1.0,1.5,2.0,2.5,3.0,3.5,4.0,4.5,5.0', '-log-level=WARNING']
2023-11-26 21:13:31;UNIUSDT;30m;4.0;75;34;74;100.0;4;65.04;['-batch-training', '-calc-rsi', '-verbose', '-prediction-mode=index', '-interval-list=30m', '-range-min-rsi=28', '-range-max-rsi=80', '-range-p-ema=50,250', '-target-margin-list=1.0,1.5,2.0,2.5,3.0,3.5,4.0,4.5,5.0', '-log-level=WARNING']
2023-11-26 20:57:43;UNIUSDT;30m;4.0;50;34;74;100.0;4;65.04;['-batch-training', '-calc-rsi', '-verbose', '-prediction-mode=index', '-interval-list=30m', '-range-min-rsi=28', '-range-max-rsi=80', '-range-p-ema=50,250', '-target-margin-list=1.0,1.5,2.0,2.5,3.0,3.5,4.0,4.5,5.0', '-log-level=WARNING']
2023-11-26 20:05:20;UNIUSDT;30m;4.0;175;32;72;100.0;4;65.11;['-batch-training', '-calc-rsi', '-verbose', '-prediction-mode=index', '-interval-list=30m', '-range-min-rsi=28', '-range-max-rsi=80', '-range-p-ema=50,250', '-target-margin-list=1.0,1.5,2.0,2.5,3.0,3.5,4.0,4.5,5.0', '-log-level=WARNING']
2023-11-26 20:29:22;UNIUSDT;30m;4.0;225;32;72;100.0;4;65.11;['-batch-training', '-calc-rsi', '-verbose', '-prediction-mode=index', '-interval-list=30m', '-range-min-rsi=28', '-range-max-rsi=80', '-range-p-ema=50,250', '-target-margin-list=1.0,1.5,2.0,2.5,3.0,3.5,4.0,4.5,5.0', '-log-level=WARNING']
2023-11-26 20:16:30;UNIUSDT;30m;4.0;200;32;72;100.0;4;65.11;['-batch-training', '-calc-rsi', '-verbose', '-prediction-mode=index', '-interval-list=30m', '-range-min-rsi=28', '-range-max-rsi=80', '-range-p-ema=50,250', '-target-margin-list=1.0,1.5,2.0,2.5,3.0,3.5,4.0,4.5,5.0', '-log-level=WARNING']
2023-11-26 19:55:13;UNIUSDT;30m;4.0;150;32;72;100.0;4;65.11;['-batch-training', '-calc-rsi', '-verbose', '-prediction-mode=index', '-interval-list=30m', '-range-min-rsi=28', '-range-max-rsi=80', '-range-p-ema=50,250', '-target-margin-list=1.0,1.5,2.0,2.5,3.0,3.5,4.0,4.5,5.0', '-log-level=WARNING']
2023-11-26 20:42:54;UNIUSDT;30m;4.0;250;32;72;100.0;4;65.11;['-batch-training', '-calc-rsi', '-verbose', '-prediction-mode=index', '-interval-list=30m', '-range-min-rsi=28', '-range-max-rsi=80', '-range-p-ema=50,250', '-target-margin-list=1.0,1.5,2.0,2.5,3.0,3.5,4.0,4.5,5.0', '-log-level=WARNING']
2023-11-26 20:57:39;UNIUSDT;30m;4.0;50;32;74;100.0;4;65.17;['-batch-training', '-calc-rsi', '-verbose', '-prediction-mode=index', '-interval-list=30m', '-range-min-rsi=28', '-range-max-rsi=80', '-range-p-ema=50,250', '-target-margin-list=1.0,1.5,2.0,2.5,3.0,3.5,4.0,4.5,5.0', '-log-level=WARNING']
2023-11-26 19:44:15;UNIUSDT;30m;4.0;125;32;74;100.0;4;65.17;['-batch-training', '-calc-rsi', '-verbose', '-prediction-mode=index', '-interval-list=30m', '-range-min-rsi=28', '-range-max-rsi=80', '-range-p-ema=50,250', '-target-margin-list=1.0,1.5,2.0,2.5,3.0,3.5,4.0,4.5,5.0', '-log-level=WARNING']
2023-11-26 21:13:27;UNIUSDT;30m;4.0;75;32;74;100.0;4;65.17;['-batch-training', '-calc-rsi', '-verbose', '-prediction-mode=index', '-interval-list=30m', '-range-min-rsi=28', '-range-max-rsi=80', '-range-p-ema=50,250', '-target-margin-list=1.0,1.5,2.0,2.5,3.0,3.5,4.0,4.5,5.0', '-log-level=WARNING']
2023-11-26 19:32:44;UNIUSDT;30m;4.0;100;32;74;100.0;4;65.17;['-batch-training', '-calc-rsi', '-verbose', '-prediction-mode=index', '-interval-list=30m', '-range-min-rsi=28', '-range-max-rsi=80', '-range-p-ema=50,250', '-target-margin-list=1.0,1.5,2.0,2.5,3.0,3.5,4.0,4.5,5.0', '-log-level=WARNING']
2023-11-26 19:44:36;UNIUSDT;30m;4.0;125;36;76;100.0;4;65.43;['-batch-training', '-calc-rsi', '-verbose', '-prediction-mode=index', '-interval-list=30m', '-range-min-rsi=28', '-range-max-rsi=80', '-range-p-ema=50,250', '-target-margin-list=1.0,1.5,2.0,2.5,3.0,3.5,4.0,4.5,5.0', '-log-level=WARNING']
2023-11-26 21:13:53;UNIUSDT;30m;4.0;75;36;76;100.0;4;65.43;['-batch-training', '-calc-rsi', '-verbose', '-prediction-mode=index', '-interval-list=30m', '-range-min-rsi=28', '-range-max-rsi=80', '-range-p-ema=50,250', '-target-margin-list=1.0,1.5,2.0,2.5,3.0,3.5,4.0,4.5,5.0', '-log-level=WARNING']
2023-11-26 19:33:05;UNIUSDT;30m;4.0;100;36;76;100.0;4;65.43;['-batch-training', '-calc-rsi', '-verbose', '-prediction-mode=index', '-interval-list=30m', '-range-min-rsi=28', '-range-max-rsi=80', '-range-p-ema=50,250', '-target-margin-list=1.0,1.5,2.0,2.5,3.0,3.5,4.0,4.5,5.0', '-log-level=WARNING']
2023-11-26 20:58:07;UNIUSDT;30m;4.0;50;36;76;100.0;4;65.43;['-batch-training', '-calc-rsi', '-verbose', '-prediction-mode=index', '-interval-list=30m', '-range-min-rsi=28', '-range-max-rsi=80', '-range-p-ema=50,250', '-target-margin-list=1.0,1.5,2.0,2.5,3.0,3.5,4.0,4.5,5.0', '-log-level=WARNING']
2023-11-26 19:33:02;UNIUSDT;30m;4.0;100;34;76;100.0;4;65.75;['-batch-training', '-calc-rsi', '-verbose', '-prediction-mode=index', '-interval-list=30m', '-range-min-rsi=28', '-range-max-rsi=80', '-range-p-ema=50,250', '-target-margin-list=1.0,1.5,2.0,2.5,3.0,3.5,4.0,4.5,5.0', '-log-level=WARNING']
2023-11-26 19:44:34;UNIUSDT;30m;4.0;125;34;76;100.0;4;65.75;['-batch-training', '-calc-rsi', '-verbose', '-prediction-mode=index', '-interval-list=30m', '-range-min-rsi=28', '-range-max-rsi=80', '-range-p-ema=50,250', '-target-margin-list=1.0,1.5,2.0,2.5,3.0,3.5,4.0,4.5,5.0', '-log-level=WARNING']
2023-11-26 20:58:03;UNIUSDT;30m;4.0;50;34;76;100.0;4;65.75;['-batch-training', '-calc-rsi', '-verbose', '-prediction-mode=index', '-interval-list=30m', '-range-min-rsi=28', '-range-max-rsi=80', '-range-p-ema=50,250', '-target-margin-list=1.0,1.5,2.0,2.5,3.0,3.5,4.0,4.5,5.0', '-log-level=WARNING']
2023-11-26 21:13:50;UNIUSDT;30m;4.0;75;34;76;100.0;4;65.75;['-batch-training', '-calc-rsi', '-verbose', '-prediction-mode=index', '-interval-list=30m', '-range-min-rsi=28', '-range-max-rsi=80', '-range-p-ema=50,250', '-target-margin-list=1.0,1.5,2.0,2.5,3.0,3.5,4.0,4.5,5.0', '-log-level=WARNING']
2023-11-26 20:57:59;UNIUSDT;30m;4.0;50;32;76;100.0;4;65.89;['-batch-training', '-calc-rsi', '-verbose', '-prediction-mode=index', '-interval-list=30m', '-range-min-rsi=28', '-range-max-rsi=80', '-range-p-ema=50,250', '-target-margin-list=1.0,1.5,2.0,2.5,3.0,3.5,4.0,4.5,5.0', '-log-level=WARNING']
2023-11-26 21:13:46;UNIUSDT;30m;4.0;75;32;76;100.0;4;65.89;['-batch-training', '-calc-rsi', '-verbose', '-prediction-mode=index', '-interval-list=30m', '-range-min-rsi=28', '-range-max-rsi=80', '-range-p-ema=50,250', '-target-margin-list=1.0,1.5,2.0,2.5,3.0,3.5,4.0,4.5,5.0', '-log-level=WARNING']
2023-11-26 19:44:31;UNIUSDT;30m;4.0;125;32;76;100.0;4;65.89;['-batch-training', '-calc-rsi', '-verbose', '-prediction-mode=index', '-interval-list=30m', '-range-min-rsi=28', '-range-max-rsi=80', '-range-p-ema=50,250', '-target-margin-list=1.0,1.5,2.0,2.5,3.0,3.5,4.0,4.5,5.0', '-log-level=WARNING']
2023-11-26 19:32:59;UNIUSDT;30m;4.0;100;32;76;100.0;4;65.89;['-batch-training', '-calc-rsi', '-verbose', '-prediction-mode=index', '-interval-list=30m', '-range-min-rsi=28', '-range-max-rsi=80', '-range-p-ema=50,250', '-target-margin-list=1.0,1.5,2.0,2.5,3.0,3.5,4.0,4.5,5.0', '-log-level=WARNING']
2023-11-26 19:57:33;UNIUSDT;30m;5.0;150;34;72;100.0;3;66.05;['-batch-training', '-calc-rsi', '-verbose', '-prediction-mode=index', '-interval-list=30m', '-range-min-rsi=28', '-range-max-rsi=80', '-range-p-ema=50,250', '-target-margin-list=1.0,1.5,2.0,2.5,3.0,3.5,4.0,4.5,5.0', '-log-level=WARNING']
2023-11-26 20:19:19;UNIUSDT;30m;5.0;200;34;72;100.0;3;66.05;['-batch-training', '-calc-rsi', '-verbose', '-prediction-mode=index', '-interval-list=30m', '-range-min-rsi=28', '-range-max-rsi=80', '-range-p-ema=50,250', '-target-margin-list=1.0,1.5,2.0,2.5,3.0,3.5,4.0,4.5,5.0', '-log-level=WARNING']
2023-11-26 20:32:21;UNIUSDT;30m;5.0;225;34;72;100.0;3;66.05;['-batch-training', '-calc-rsi', '-verbose', '-prediction-mode=index', '-interval-list=30m', '-range-min-rsi=28', '-range-max-rsi=80', '-range-p-ema=50,250', '-target-margin-list=1.0,1.5,2.0,2.5,3.0,3.5,4.0,4.5,5.0', '-log-level=WARNING']
2023-11-26 20:07:35;UNIUSDT;30m;5.0;175;34;72;100.0;3;66.05;['-batch-training', '-calc-rsi', '-verbose', '-prediction-mode=index', '-interval-list=30m', '-range-min-rsi=28', '-range-max-rsi=80', '-range-p-ema=50,250', '-target-margin-list=1.0,1.5,2.0,2.5,3.0,3.5,4.0,4.5,5.0', '-log-level=WARNING']
2023-11-26 20:46:03;UNIUSDT;30m;5.0;250;34;72;100.0;3;66.05;['-batch-training', '-calc-rsi', '-verbose', '-prediction-mode=index', '-interval-list=30m', '-range-min-rsi=28', '-range-max-rsi=80', '-range-p-ema=50,250', '-target-margin-list=1.0,1.5,2.0,2.5,3.0,3.5,4.0,4.5,5.0', '-log-level=WARNING']
2023-11-26 20:17:59;UNIUSDT;30m;4.5;200;36;72;100.0;3;66.47;['-batch-training', '-calc-rsi', '-verbose', '-prediction-mode=index', '-interval-list=30m', '-range-min-rsi=28', '-range-max-rsi=80', '-range-p-ema=50,250', '-target-margin-list=1.0,1.5,2.0,2.5,3.0,3.5,4.0,4.5,5.0', '-log-level=WARNING']
2023-11-26 20:30:57;UNIUSDT;30m;4.5;225;36;72;100.0;3;66.47;['-batch-training', '-calc-rsi', '-verbose', '-prediction-mode=index', '-interval-list=30m', '-range-min-rsi=28', '-range-max-rsi=80', '-range-p-ema=50,250', '-target-margin-list=1.0,1.5,2.0,2.5,3.0,3.5,4.0,4.5,5.0', '-log-level=WARNING']
2023-11-26 20:44:33;UNIUSDT;30m;4.5;250;36;72;100.0;3;66.47;['-batch-training', '-calc-rsi', '-verbose', '-prediction-mode=index', '-interval-list=30m', '-range-min-rsi=28', '-range-max-rsi=80', '-range-p-ema=50,250', '-target-margin-list=1.0,1.5,2.0,2.5,3.0,3.5,4.0,4.5,5.0', '-log-level=WARNING']
2023-11-26 19:56:27;UNIUSDT;30m;4.5;150;36;72;100.0;3;66.47;['-batch-training', '-calc-rsi', '-verbose', '-prediction-mode=index', '-interval-list=30m', '-range-min-rsi=28', '-range-max-rsi=80', '-range-p-ema=50,250', '-target-margin-list=1.0,1.5,2.0,2.5,3.0,3.5,4.0,4.5,5.0', '-log-level=WARNING']
2023-11-26 20:06:31;UNIUSDT;30m;4.5;175;36;72;100.0;3;66.47;['-batch-training', '-calc-rsi', '-verbose', '-prediction-mode=index', '-interval-list=30m', '-range-min-rsi=28', '-range-max-rsi=80', '-range-p-ema=50,250', '-target-margin-list=1.0,1.5,2.0,2.5,3.0,3.5,4.0,4.5,5.0', '-log-level=WARNING']
2023-11-26 21:00:39;UNIUSDT;30m;5.0;50;32;72;100.0;3;66.52;['-batch-training', '-calc-rsi', '-verbose', '-prediction-mode=index', '-interval-list=30m', '-range-min-rsi=28', '-range-max-rsi=80', '-range-p-ema=50,250', '-target-margin-list=1.0,1.5,2.0,2.5,3.0,3.5,4.0,4.5,5.0', '-log-level=WARNING']
2023-11-26 21:16:03;UNIUSDT;30m;5.0;75;32;72;100.0;3;66.52;['-batch-training', '-calc-rsi', '-verbose', '-prediction-mode=index', '-interval-list=30m', '-range-min-rsi=28', '-range-max-rsi=80', '-range-p-ema=50,250', '-target-margin-list=1.0,1.5,2.0,2.5,3.0,3.5,4.0,4.5,5.0', '-log-level=WARNING']
2023-11-26 19:46:33;UNIUSDT;30m;5.0;125;32;72;100.0;3;66.52;['-batch-training', '-calc-rsi', '-verbose', '-prediction-mode=index', '-interval-list=30m', '-range-min-rsi=28', '-range-max-rsi=80', '-range-p-ema=50,250', '-target-margin-list=1.0,1.5,2.0,2.5,3.0,3.5,4.0,4.5,5.0', '-log-level=WARNING']
2023-11-26 19:34:58;UNIUSDT;30m;5.0;100;32;72;100.0;3;66.52;['-batch-training', '-calc-rsi', '-verbose', '-prediction-mode=index', '-interval-list=30m', '-range-min-rsi=28', '-range-max-rsi=80', '-range-p-ema=50,250', '-target-margin-list=1.0,1.5,2.0,2.5,3.0,3.5,4.0,4.5,5.0', '-log-level=WARNING']
2023-11-26 20:17:56;UNIUSDT;30m;4.5;200;34;72;100.0;3;66.61;['-batch-training', '-calc-rsi', '-verbose', '-prediction-mode=index', '-interval-list=30m', '-range-min-rsi=28', '-range-max-rsi=80', '-range-p-ema=50,250', '-target-margin-list=1.0,1.5,2.0,2.5,3.0,3.5,4.0,4.5,5.0', '-log-level=WARNING']
2023-11-26 20:06:29;UNIUSDT;30m;4.5;175;34;72;100.0;3;66.61;['-batch-training', '-calc-rsi', '-verbose', '-prediction-mode=index', '-interval-list=30m', '-range-min-rsi=28', '-range-max-rsi=80', '-range-p-ema=50,250', '-target-margin-list=1.0,1.5,2.0,2.5,3.0,3.5,4.0,4.5,5.0', '-log-level=WARNING']
2023-11-26 19:56:24;UNIUSDT;30m;4.5;150;34;72;100.0;3;66.61;['-batch-training', '-calc-rsi', '-verbose', '-prediction-mode=index', '-interval-list=30m', '-range-min-rsi=28', '-range-max-rsi=80', '-range-p-ema=50,250', '-target-margin-list=1.0,1.5,2.0,2.5,3.0,3.5,4.0,4.5,5.0', '-log-level=WARNING']
2023-11-26 20:30:53;UNIUSDT;30m;4.5;225;34;72;100.0;3;66.61;['-batch-training', '-calc-rsi', '-verbose', '-prediction-mode=index', '-interval-list=30m', '-range-min-rsi=28', '-range-max-rsi=80', '-range-p-ema=50,250', '-target-margin-list=1.0,1.5,2.0,2.5,3.0,3.5,4.0,4.5,5.0', '-log-level=WARNING']
2023-11-26 20:44:29;UNIUSDT;30m;4.5;250;34;72;100.0;3;66.61;['-batch-training', '-calc-rsi', '-verbose', '-prediction-mode=index', '-interval-list=30m', '-range-min-rsi=28', '-range-max-rsi=80', '-range-p-ema=50,250', '-target-margin-list=1.0,1.5,2.0,2.5,3.0,3.5,4.0,4.5,5.0', '-log-level=WARNING']
2023-11-26 19:56:21;UNIUSDT;30m;4.5;150;32;72;100.0;3;66.92;['-batch-training', '-calc-rsi', '-verbose', '-prediction-mode=index', '-interval-list=30m', '-range-min-rsi=28', '-range-max-rsi=80', '-range-p-ema=50,250', '-target-margin-list=1.0,1.5,2.0,2.5,3.0,3.5,4.0,4.5,5.0', '-log-level=WARNING']
2023-11-26 20:30:49;UNIUSDT;30m;4.5;225;32;72;100.0;3;66.92;['-batch-training', '-calc-rsi', '-verbose', '-prediction-mode=index', '-interval-list=30m', '-range-min-rsi=28', '-range-max-rsi=80', '-range-p-ema=50,250', '-target-margin-list=1.0,1.5,2.0,2.5,3.0,3.5,4.0,4.5,5.0', '-log-level=WARNING']
2023-11-26 20:44:26;UNIUSDT;30m;4.5;250;32;72;100.0;3;66.92;['-batch-training', '-calc-rsi', '-verbose', '-prediction-mode=index', '-interval-list=30m', '-range-min-rsi=28', '-range-max-rsi=80', '-range-p-ema=50,250', '-target-margin-list=1.0,1.5,2.0,2.5,3.0,3.5,4.0,4.5,5.0', '-log-level=WARNING']
2023-11-26 20:06:26;UNIUSDT;30m;4.5;175;32;72;100.0;3;66.92;['-batch-training', '-calc-rsi', '-verbose', '-prediction-mode=index', '-interval-list=30m', '-range-min-rsi=28', '-range-max-rsi=80', '-range-p-ema=50,250', '-target-margin-list=1.0,1.5,2.0,2.5,3.0,3.5,4.0,4.5,5.0', '-log-level=WARNING']
2023-11-26 20:17:53;UNIUSDT;30m;4.5;200;32;72;100.0;3;66.92;['-batch-training', '-calc-rsi', '-verbose', '-prediction-mode=index', '-interval-list=30m', '-range-min-rsi=28', '-range-max-rsi=80', '-range-p-ema=50,250', '-target-margin-list=1.0,1.5,2.0,2.5,3.0,3.5,4.0,4.5,5.0', '-log-level=WARNING']
2023-11-26 19:57:28;UNIUSDT;30m;5.0;150;30;72;100.0;3;67.04;['-batch-training', '-calc-rsi', '-verbose', '-prediction-mode=index', '-interval-list=30m', '-range-min-rsi=28', '-range-max-rsi=80', '-range-p-ema=50,250', '-target-margin-list=1.0,1.5,2.0,2.5,3.0,3.5,4.0,4.5,5.0', '-log-level=WARNING']
2023-11-26 20:19:13;UNIUSDT;30m;5.0;200;30;72;100.0;3;67.04;['-batch-training', '-calc-rsi', '-verbose', '-prediction-mode=index', '-interval-list=30m', '-range-min-rsi=28', '-range-max-rsi=80', '-range-p-ema=50,250', '-target-margin-list=1.0,1.5,2.0,2.5,3.0,3.5,4.0,4.5,5.0', '-log-level=WARNING']
2023-11-26 21:00:35;UNIUSDT;30m;5.0;50;30;72;100.0;3;67.04;['-batch-training', '-calc-rsi', '-verbose', '-prediction-mode=index', '-interval-list=30m', '-range-min-rsi=28', '-range-max-rsi=80', '-range-p-ema=50,250', '-target-margin-list=1.0,1.5,2.0,2.5,3.0,3.5,4.0,4.5,5.0', '-log-level=WARNING']
2023-11-26 20:32:14;UNIUSDT;30m;5.0;225;30;72;100.0;3;67.04;['-batch-training', '-calc-rsi', '-verbose', '-prediction-mode=index', '-interval-list=30m', '-range-min-rsi=28', '-range-max-rsi=80', '-range-p-ema=50,250', '-target-margin-list=1.0,1.5,2.0,2.5,3.0,3.5,4.0,4.5,5.0', '-log-level=WARNING']
2023-11-26 20:07:29;UNIUSDT;30m;5.0;175;30;72;100.0;3;67.04;['-batch-training', '-calc-rsi', '-verbose', '-prediction-mode=index', '-interval-list=30m', '-range-min-rsi=28', '-range-max-rsi=80', '-range-p-ema=50,250', '-target-margin-list=1.0,1.5,2.0,2.5,3.0,3.5,4.0,4.5,5.0', '-log-level=WARNING']
2023-11-26 20:45:55;UNIUSDT;30m;5.0;250;30;72;100.0;3;67.04;['-batch-training', '-calc-rsi', '-verbose', '-prediction-mode=index', '-interval-list=30m', '-range-min-rsi=28', '-range-max-rsi=80', '-range-p-ema=50,250', '-target-margin-list=1.0,1.5,2.0,2.5,3.0,3.5,4.0,4.5,5.0', '-log-level=WARNING']
2023-11-26 21:16:00;UNIUSDT;30m;5.0;75;30;72;100.0;3;67.04;['-batch-training', '-calc-rsi', '-verbose', '-prediction-mode=index', '-interval-list=30m', '-range-min-rsi=28', '-range-max-rsi=80', '-range-p-ema=50,250', '-target-margin-list=1.0,1.5,2.0,2.5,3.0,3.5,4.0,4.5,5.0', '-log-level=WARNING']
2023-11-26 19:34:55;UNIUSDT;30m;5.0;100;30;72;100.0;3;67.04;['-batch-training', '-calc-rsi', '-verbose', '-prediction-mode=index', '-interval-list=30m', '-range-min-rsi=28', '-range-max-rsi=80', '-range-p-ema=50,250', '-target-margin-list=1.0,1.5,2.0,2.5,3.0,3.5,4.0,4.5,5.0', '-log-level=WARNING']
2023-11-26 19:46:30;UNIUSDT;30m;5.0;125;30;72;100.0;3;67.04;['-batch-training', '-calc-rsi', '-verbose', '-prediction-mode=index', '-interval-list=30m', '-range-min-rsi=28', '-range-max-rsi=80', '-range-p-ema=50,250', '-target-margin-list=1.0,1.5,2.0,2.5,3.0,3.5,4.0,4.5,5.0', '-log-level=WARNING']
2023-11-26 21:13:14;UNIUSDT;30m;4.0;75;36;72;100.0;4;67.51;['-batch-training', '-calc-rsi', '-verbose', '-prediction-mode=index', '-interval-list=30m', '-range-min-rsi=28', '-range-max-rsi=80', '-range-p-ema=50,250', '-target-margin-list=1.0,1.5,2.0,2.5,3.0,3.5,4.0,4.5,5.0', '-log-level=WARNING']
2023-11-26 20:57:28;UNIUSDT;30m;4.0;50;36;72;100.0;4;67.51;['-batch-training', '-calc-rsi', '-verbose', '-prediction-mode=index', '-interval-list=30m', '-range-min-rsi=28', '-range-max-rsi=80', '-range-p-ema=50,250', '-target-margin-list=1.0,1.5,2.0,2.5,3.0,3.5,4.0,4.5,5.0', '-log-level=WARNING']
2023-11-26 19:32:35;UNIUSDT;30m;4.0;100;36;72;100.0;4;67.51;['-batch-training', '-calc-rsi', '-verbose', '-prediction-mode=index', '-interval-list=30m', '-range-min-rsi=28', '-range-max-rsi=80', '-range-p-ema=50,250', '-target-margin-list=1.0,1.5,2.0,2.5,3.0,3.5,4.0,4.5,5.0', '-log-level=WARNING']
2023-11-26 19:44:06;UNIUSDT;30m;4.0;125;36;72;100.0;4;67.51;['-batch-training', '-calc-rsi', '-verbose', '-prediction-mode=index', '-interval-list=30m', '-range-min-rsi=28', '-range-max-rsi=80', '-range-p-ema=50,250', '-target-margin-list=1.0,1.5,2.0,2.5,3.0,3.5,4.0,4.5,5.0', '-log-level=WARNING']
2023-11-26 20:44:41;UNIUSDT;30m;4.5;250;30;74;100.0;3;67.7;['-batch-training', '-calc-rsi', '-verbose', '-prediction-mode=index', '-interval-list=30m', '-range-min-rsi=28', '-range-max-rsi=80', '-range-p-ema=50,250', '-target-margin-list=1.0,1.5,2.0,2.5,3.0,3.5,4.0,4.5,5.0', '-log-level=WARNING']
2023-11-26 19:34:09;UNIUSDT;30m;4.5;100;30;76;100.0;3;67.7;['-batch-training', '-calc-rsi', '-verbose', '-prediction-mode=index', '-interval-list=30m', '-range-min-rsi=28', '-range-max-rsi=80', '-range-p-ema=50,250', '-target-margin-list=1.0,1.5,2.0,2.5,3.0,3.5,4.0,4.5,5.0', '-log-level=WARNING']
2023-11-26 20:44:59;UNIUSDT;30m;4.5;250;30;76;100.0;3;67.7;['-batch-training', '-calc-rsi', '-verbose', '-prediction-mode=index', '-interval-list=30m', '-range-min-rsi=28', '-range-max-rsi=80', '-range-p-ema=50,250', '-target-margin-list=1.0,1.5,2.0,2.5,3.0,3.5,4.0,4.5,5.0', '-log-level=WARNING']
2023-11-26 19:33:55;UNIUSDT;30m;4.5;100;30;74;100.0;3;67.7;['-batch-training', '-calc-rsi', '-verbose', '-prediction-mode=index', '-interval-list=30m', '-range-min-rsi=28', '-range-max-rsi=80', '-range-p-ema=50,250', '-target-margin-list=1.0,1.5,2.0,2.5,3.0,3.5,4.0,4.5,5.0', '-log-level=WARNING']
2023-11-26 20:06:50;UNIUSDT;30m;4.5;175;30;76;100.0;3;67.7;['-batch-training', '-calc-rsi', '-verbose', '-prediction-mode=index', '-interval-list=30m', '-range-min-rsi=28', '-range-max-rsi=80', '-range-p-ema=50,250', '-target-margin-list=1.0,1.5,2.0,2.5,3.0,3.5,4.0,4.5,5.0', '-log-level=WARNING']
2023-11-26 20:06:37;UNIUSDT;30m;4.5;175;30;74;100.0;3;67.7;['-batch-training', '-calc-rsi', '-verbose', '-prediction-mode=index', '-interval-list=30m', '-range-min-rsi=28', '-range-max-rsi=80', '-range-p-ema=50,250', '-target-margin-list=1.0,1.5,2.0,2.5,3.0,3.5,4.0,4.5,5.0', '-log-level=WARNING']
2023-11-26 20:31:21;UNIUSDT;30m;4.5;225;30;76;100.0;3;67.7;['-batch-training', '-calc-rsi', '-verbose', '-prediction-mode=index', '-interval-list=30m', '-range-min-rsi=28', '-range-max-rsi=80', '-range-p-ema=50,250', '-target-margin-list=1.0,1.5,2.0,2.5,3.0,3.5,4.0,4.5,5.0', '-log-level=WARNING']
2023-11-26 19:56:32;UNIUSDT;30m;4.5;150;30;74;100.0;3;67.7;['-batch-training', '-calc-rsi', '-verbose', '-prediction-mode=index', '-interval-list=30m', '-range-min-rsi=28', '-range-max-rsi=80', '-range-p-ema=50,250', '-target-margin-list=1.0,1.5,2.0,2.5,3.0,3.5,4.0,4.5,5.0', '-log-level=WARNING']
2023-11-26 20:59:35;UNIUSDT;30m;4.5;50;30;76;100.0;3;67.7;['-batch-training', '-calc-rsi', '-verbose', '-prediction-mode=index', '-interval-list=30m', '-range-min-rsi=28', '-range-max-rsi=80', '-range-p-ema=50,250', '-target-margin-list=1.0,1.5,2.0,2.5,3.0,3.5,4.0,4.5,5.0', '-log-level=WARNING']
2023-11-26 20:31:04;UNIUSDT;30m;4.5;225;30;74;100.0;3;67.7;['-batch-training', '-calc-rsi', '-verbose', '-prediction-mode=index', '-interval-list=30m', '-range-min-rsi=28', '-range-max-rsi=80', '-range-p-ema=50,250', '-target-margin-list=1.0,1.5,2.0,2.5,3.0,3.5,4.0,4.5,5.0', '-log-level=WARNING']
2023-11-26 20:18:06;UNIUSDT;30m;4.5;200;30;74;100.0;3;67.7;['-batch-training', '-calc-rsi', '-verbose', '-prediction-mode=index', '-interval-list=30m', '-range-min-rsi=28', '-range-max-rsi=80', '-range-p-ema=50,250', '-target-margin-list=1.0,1.5,2.0,2.5,3.0,3.5,4.0,4.5,5.0', '-log-level=WARNING']
2023-11-26 19:56:46;UNIUSDT;30m;4.5;150;30;76;100.0;3;67.7;['-batch-training', '-calc-rsi', '-verbose', '-prediction-mode=index', '-interval-list=30m', '-range-min-rsi=28', '-range-max-rsi=80', '-range-p-ema=50,250', '-target-margin-list=1.0,1.5,2.0,2.5,3.0,3.5,4.0,4.5,5.0', '-log-level=WARNING']
2023-11-26 19:45:28;UNIUSDT;30m;4.5;125;30;74;100.0;3;67.7;['-batch-training', '-calc-rsi', '-verbose', '-prediction-mode=index', '-interval-list=30m', '-range-min-rsi=28', '-range-max-rsi=80', '-range-p-ema=50,250', '-target-margin-list=1.0,1.5,2.0,2.5,3.0,3.5,4.0,4.5,5.0', '-log-level=WARNING']
2023-11-26 19:45:43;UNIUSDT;30m;4.5;125;30;76;100.0;3;67.7;['-batch-training', '-calc-rsi', '-verbose', '-prediction-mode=index', '-interval-list=30m', '-range-min-rsi=28', '-range-max-rsi=80', '-range-p-ema=50,250', '-target-margin-list=1.0,1.5,2.0,2.5,3.0,3.5,4.0,4.5,5.0', '-log-level=WARNING']
2023-11-26 20:18:23;UNIUSDT;30m;4.5;200;30;76;100.0;3;67.7;['-batch-training', '-calc-rsi', '-verbose', '-prediction-mode=index', '-interval-list=30m', '-range-min-rsi=28', '-range-max-rsi=80', '-range-p-ema=50,250', '-target-margin-list=1.0,1.5,2.0,2.5,3.0,3.5,4.0,4.5,5.0', '-log-level=WARNING']
2023-11-26 21:14:51;UNIUSDT;30m;4.5;75;30;74;100.0;3;67.7;['-batch-training', '-calc-rsi', '-verbose', '-prediction-mode=index', '-interval-list=30m', '-range-min-rsi=28', '-range-max-rsi=80', '-range-p-ema=50,250', '-target-margin-list=1.0,1.5,2.0,2.5,3.0,3.5,4.0,4.5,5.0', '-log-level=WARNING']
2023-11-26 21:15:09;UNIUSDT;30m;4.5;75;30;76;100.0;3;67.7;['-batch-training', '-calc-rsi', '-verbose', '-prediction-mode=index', '-interval-list=30m', '-range-min-rsi=28', '-range-max-rsi=80', '-range-p-ema=50,250', '-target-margin-list=1.0,1.5,2.0,2.5,3.0,3.5,4.0,4.5,5.0', '-log-level=WARNING']
2023-11-26 20:59:14;UNIUSDT;30m;4.5;50;30;74;100.0;3;67.7;['-batch-training', '-calc-rsi', '-verbose', '-prediction-mode=index', '-interval-list=30m', '-range-min-rsi=28', '-range-max-rsi=80', '-range-p-ema=50,250', '-target-margin-list=1.0,1.5,2.0,2.5,3.0,3.5,4.0,4.5,5.0', '-log-level=WARNING']
2023-11-26 19:44:03;UNIUSDT;30m;4.0;125;34;72;100.0;4;67.89;['-batch-training', '-calc-rsi', '-verbose', '-prediction-mode=index', '-interval-list=30m', '-range-min-rsi=28', '-range-max-rsi=80', '-range-p-ema=50,250', '-target-margin-list=1.0,1.5,2.0,2.5,3.0,3.5,4.0,4.5,5.0', '-log-level=WARNING']
2023-11-26 19:32:32;UNIUSDT;30m;4.0;100;34;72;100.0;4;67.89;['-batch-training', '-calc-rsi', '-verbose', '-prediction-mode=index', '-interval-list=30m', '-range-min-rsi=28', '-range-max-rsi=80', '-range-p-ema=50,250', '-target-margin-list=1.0,1.5,2.0,2.5,3.0,3.5,4.0,4.5,5.0', '-log-level=WARNING']
2023-11-26 21:13:09;UNIUSDT;30m;4.0;75;34;72;100.0;4;67.89;['-batch-training', '-calc-rsi', '-verbose', '-prediction-mode=index', '-interval-list=30m', '-range-min-rsi=28', '-range-max-rsi=80', '-range-p-ema=50,250', '-target-margin-list=1.0,1.5,2.0,2.5,3.0,3.5,4.0,4.5,5.0', '-log-level=WARNING']
2023-11-26 20:57:24;UNIUSDT;30m;4.0;50;34;72;100.0;4;67.89;['-batch-training', '-calc-rsi', '-verbose', '-prediction-mode=index', '-interval-list=30m', '-range-min-rsi=28', '-range-max-rsi=80', '-range-p-ema=50,250', '-target-margin-list=1.0,1.5,2.0,2.5,3.0,3.5,4.0,4.5,5.0', '-log-level=WARNING']
2023-11-26 19:44:00;UNIUSDT;30m;4.0;125;32;72;100.0;4;68.25;['-batch-training', '-calc-rsi', '-verbose', '-prediction-mode=index', '-interval-list=30m', '-range-min-rsi=28', '-range-max-rsi=80', '-range-p-ema=50,250', '-target-margin-list=1.0,1.5,2.0,2.5,3.0,3.5,4.0,4.5,5.0', '-log-level=WARNING']
2023-11-26 20:57:20;UNIUSDT;30m;4.0;50;32;72;100.0;4;68.25;['-batch-training', '-calc-rsi', '-verbose', '-prediction-mode=index', '-interval-list=30m', '-range-min-rsi=28', '-range-max-rsi=80', '-range-p-ema=50,250', '-target-margin-list=1.0,1.5,2.0,2.5,3.0,3.5,4.0,4.5,5.0', '-log-level=WARNING']
2023-11-26 21:13:05;UNIUSDT;30m;4.0;75;32;72;100.0;4;68.25;['-batch-training', '-calc-rsi', '-verbose', '-prediction-mode=index', '-interval-list=30m', '-range-min-rsi=28', '-range-max-rsi=80', '-range-p-ema=50,250', '-target-margin-list=1.0,1.5,2.0,2.5,3.0,3.5,4.0,4.5,5.0', '-log-level=WARNING']
2023-11-26 19:32:29;UNIUSDT;30m;4.0;100;32;72;100.0;4;68.25;['-batch-training', '-calc-rsi', '-verbose', '-prediction-mode=index', '-interval-list=30m', '-range-min-rsi=28', '-range-max-rsi=80', '-range-p-ema=50,250', '-target-margin-list=1.0,1.5,2.0,2.5,3.0,3.5,4.0,4.5,5.0', '-log-level=WARNING']
2023-11-26 21:00:43;UNIUSDT;30m;5.0;50;34;72;100.0;3;69.43;['-batch-training', '-calc-rsi', '-verbose', '-prediction-mode=index', '-interval-list=30m', '-range-min-rsi=28', '-range-max-rsi=80', '-range-p-ema=50,250', '-target-margin-list=1.0,1.5,2.0,2.5,3.0,3.5,4.0,4.5,5.0', '-log-level=WARNING']
2023-11-26 21:16:06;UNIUSDT;30m;5.0;75;34;72;100.0;3;69.43;['-batch-training', '-calc-rsi', '-verbose', '-prediction-mode=index', '-interval-list=30m', '-range-min-rsi=28', '-range-max-rsi=80', '-range-p-ema=50,250', '-target-margin-list=1.0,1.5,2.0,2.5,3.0,3.5,4.0,4.5,5.0', '-log-level=WARNING']
2023-11-26 19:46:36;UNIUSDT;30m;5.0;125;34;72;100.0;3;69.43;['-batch-training', '-calc-rsi', '-verbose', '-prediction-mode=index', '-interval-list=30m', '-range-min-rsi=28', '-range-max-rsi=80', '-range-p-ema=50,250', '-target-margin-list=1.0,1.5,2.0,2.5,3.0,3.5,4.0,4.5,5.0', '-log-level=WARNING']
2023-11-26 19:35:01;UNIUSDT;30m;5.0;100;34;72;100.0;3;69.43;['-batch-training', '-calc-rsi', '-verbose', '-prediction-mode=index', '-interval-list=30m', '-range-min-rsi=28', '-range-max-rsi=80', '-range-p-ema=50,250', '-target-margin-list=1.0,1.5,2.0,2.5,3.0,3.5,4.0,4.5,5.0', '-log-level=WARNING']
2023-11-26 21:14:45;UNIUSDT;30m;4.5;75;36;72;100.0;3;69.67;['-batch-training', '-calc-rsi', '-verbose', '-prediction-mode=index', '-interval-list=30m', '-range-min-rsi=28', '-range-max-rsi=80', '-range-p-ema=50,250', '-target-margin-list=1.0,1.5,2.0,2.5,3.0,3.5,4.0,4.5,5.0', '-log-level=WARNING']
2023-11-26 20:59:07;UNIUSDT;30m;4.5;50;36;72;100.0;3;69.67;['-batch-training', '-calc-rsi', '-verbose', '-prediction-mode=index', '-interval-list=30m', '-range-min-rsi=28', '-range-max-rsi=80', '-range-p-ema=50,250', '-target-margin-list=1.0,1.5,2.0,2.5,3.0,3.5,4.0,4.5,5.0', '-log-level=WARNING']
2023-11-26 19:33:49;UNIUSDT;30m;4.5;100;36;72;100.0;3;69.67;['-batch-training', '-calc-rsi', '-verbose', '-prediction-mode=index', '-interval-list=30m', '-range-min-rsi=28', '-range-max-rsi=80', '-range-p-ema=50,250', '-target-margin-list=1.0,1.5,2.0,2.5,3.0,3.5,4.0,4.5,5.0', '-log-level=WARNING']
2023-11-26 19:45:22;UNIUSDT;30m;4.5;125;36;72;100.0;3;69.67;['-batch-training', '-calc-rsi', '-verbose', '-prediction-mode=index', '-interval-list=30m', '-range-min-rsi=28', '-range-max-rsi=80', '-range-p-ema=50,250', '-target-margin-list=1.0,1.5,2.0,2.5,3.0,3.5,4.0,4.5,5.0', '-log-level=WARNING']
2023-11-26 21:14:42;UNIUSDT;30m;4.5;75;34;72;100.0;3;69.82;['-batch-training', '-calc-rsi', '-verbose', '-prediction-mode=index', '-interval-list=30m', '-range-min-rsi=28', '-range-max-rsi=80', '-range-p-ema=50,250', '-target-margin-list=1.0,1.5,2.0,2.5,3.0,3.5,4.0,4.5,5.0', '-log-level=WARNING']
2023-11-26 19:33:46;UNIUSDT;30m;4.5;100;34;72;100.0;3;69.82;['-batch-training', '-calc-rsi', '-verbose', '-prediction-mode=index', '-interval-list=30m', '-range-min-rsi=28', '-range-max-rsi=80', '-range-p-ema=50,250', '-target-margin-list=1.0,1.5,2.0,2.5,3.0,3.5,4.0,4.5,5.0', '-log-level=WARNING']
2023-11-26 20:59:03;UNIUSDT;30m;4.5;50;34;72;100.0;3;69.82;['-batch-training', '-calc-rsi', '-verbose', '-prediction-mode=index', '-interval-list=30m', '-range-min-rsi=28', '-range-max-rsi=80', '-range-p-ema=50,250', '-target-margin-list=1.0,1.5,2.0,2.5,3.0,3.5,4.0,4.5,5.0', '-log-level=WARNING']
2023-11-26 19:45:19;UNIUSDT;30m;4.5;125;34;72;100.0;3;69.82;['-batch-training', '-calc-rsi', '-verbose', '-prediction-mode=index', '-interval-list=30m', '-range-min-rsi=28', '-range-max-rsi=80', '-range-p-ema=50,250', '-target-margin-list=1.0,1.5,2.0,2.5,3.0,3.5,4.0,4.5,5.0', '-log-level=WARNING']
2023-11-26 19:33:43;UNIUSDT;30m;4.5;100;32;72;100.0;3;70.15;['-batch-training', '-calc-rsi', '-verbose', '-prediction-mode=index', '-interval-list=30m', '-range-min-rsi=28', '-range-max-rsi=80', '-range-p-ema=50,250', '-target-margin-list=1.0,1.5,2.0,2.5,3.0,3.5,4.0,4.5,5.0', '-log-level=WARNING']
2023-11-26 19:45:16;UNIUSDT;30m;4.5;125;32;72;100.0;3;70.15;['-batch-training', '-calc-rsi', '-verbose', '-prediction-mode=index', '-interval-list=30m', '-range-min-rsi=28', '-range-max-rsi=80', '-range-p-ema=50,250', '-target-margin-list=1.0,1.5,2.0,2.5,3.0,3.5,4.0,4.5,5.0', '-log-level=WARNING']
2023-11-26 20:58:59;UNIUSDT;30m;4.5;50;32;72;100.0;3;70.15;['-batch-training', '-calc-rsi', '-verbose', '-prediction-mode=index', '-interval-list=30m', '-range-min-rsi=28', '-range-max-rsi=80', '-range-p-ema=50,250', '-target-margin-list=1.0,1.5,2.0,2.5,3.0,3.5,4.0,4.5,5.0', '-log-level=WARNING']
2023-11-26 21:14:38;UNIUSDT;30m;4.5;75;32;72;100.0;3;70.15;['-batch-training', '-calc-rsi', '-verbose', '-prediction-mode=index', '-interval-list=30m', '-range-min-rsi=28', '-range-max-rsi=80', '-range-p-ema=50,250', '-target-margin-list=1.0,1.5,2.0,2.5,3.0,3.5,4.0,4.5,5.0', '-log-level=WARNING']
2023-11-26 20:30:46;UNIUSDT;30m;4.5;225;30;72;100.0;3;70.66;['-batch-training', '-calc-rsi', '-verbose', '-prediction-mode=index', '-interval-list=30m', '-range-min-rsi=28', '-range-max-rsi=80', '-range-p-ema=50,250', '-target-margin-list=1.0,1.5,2.0,2.5,3.0,3.5,4.0,4.5,5.0', '-log-level=WARNING']
2023-11-26 19:33:40;UNIUSDT;30m;4.5;100;30;72;100.0;3;70.66;['-batch-training', '-calc-rsi', '-verbose', '-prediction-mode=index', '-interval-list=30m', '-range-min-rsi=28', '-range-max-rsi=80', '-range-p-ema=50,250', '-target-margin-list=1.0,1.5,2.0,2.5,3.0,3.5,4.0,4.5,5.0', '-log-level=WARNING']
2023-11-26 20:58:55;UNIUSDT;30m;4.5;50;30;72;100.0;3;70.66;['-batch-training', '-calc-rsi', '-verbose', '-prediction-mode=index', '-interval-list=30m', '-range-min-rsi=28', '-range-max-rsi=80', '-range-p-ema=50,250', '-target-margin-list=1.0,1.5,2.0,2.5,3.0,3.5,4.0,4.5,5.0', '-log-level=WARNING']
2023-11-26 19:45:14;UNIUSDT;30m;4.5;125;30;72;100.0;3;70.66;['-batch-training', '-calc-rsi', '-verbose', '-prediction-mode=index', '-interval-list=30m', '-range-min-rsi=28', '-range-max-rsi=80', '-range-p-ema=50,250', '-target-margin-list=1.0,1.5,2.0,2.5,3.0,3.5,4.0,4.5,5.0', '-log-level=WARNING']
2023-11-26 19:56:19;UNIUSDT;30m;4.5;150;30;72;100.0;3;70.66;['-batch-training', '-calc-rsi', '-verbose', '-prediction-mode=index', '-interval-list=30m', '-range-min-rsi=28', '-range-max-rsi=80', '-range-p-ema=50,250', '-target-margin-list=1.0,1.5,2.0,2.5,3.0,3.5,4.0,4.5,5.0', '-log-level=WARNING']
2023-11-26 20:06:24;UNIUSDT;30m;4.5;175;30;72;100.0;3;70.66;['-batch-training', '-calc-rsi', '-verbose', '-prediction-mode=index', '-interval-list=30m', '-range-min-rsi=28', '-range-max-rsi=80', '-range-p-ema=50,250', '-target-margin-list=1.0,1.5,2.0,2.5,3.0,3.5,4.0,4.5,5.0', '-log-level=WARNING']
2023-11-26 21:14:34;UNIUSDT;30m;4.5;75;30;72;100.0;3;70.66;['-batch-training', '-calc-rsi', '-verbose', '-prediction-mode=index', '-interval-list=30m', '-range-min-rsi=28', '-range-max-rsi=80', '-range-p-ema=50,250', '-target-margin-list=1.0,1.5,2.0,2.5,3.0,3.5,4.0,4.5,5.0', '-log-level=WARNING']
2023-11-26 20:44:22;UNIUSDT;30m;4.5;250;30;72;100.0;3;70.66;['-batch-training', '-calc-rsi', '-verbose', '-prediction-mode=index', '-interval-list=30m', '-range-min-rsi=28', '-range-max-rsi=80', '-range-p-ema=50,250', '-target-margin-list=1.0,1.5,2.0,2.5,3.0,3.5,4.0,4.5,5.0', '-log-level=WARNING']
2023-11-26 20:17:50;UNIUSDT;30m;4.5;200;30;72;100.0;3;70.66;['-batch-training', '-calc-rsi', '-verbose', '-prediction-mode=index', '-interval-list=30m', '-range-min-rsi=28', '-range-max-rsi=80', '-range-p-ema=50,250', '-target-margin-list=1.0,1.5,2.0,2.5,3.0,3.5,4.0,4.5,5.0', '-log-level=WARNING']
2023-11-26 20:08:16;UNIUSDT;30m;5.0;175;36;78;100.0;3;70.87;['-batch-training', '-calc-rsi', '-verbose', '-prediction-mode=index', '-interval-list=30m', '-range-min-rsi=28', '-range-max-rsi=80', '-range-p-ema=50,250', '-target-margin-list=1.0,1.5,2.0,2.5,3.0,3.5,4.0,4.5,5.0', '-log-level=WARNING']
2023-11-26 20:20:13;UNIUSDT;30m;5.0;200;36;78;100.0;3;70.87;['-batch-training', '-calc-rsi', '-verbose', '-prediction-mode=index', '-interval-list=30m', '-range-min-rsi=28', '-range-max-rsi=80', '-range-p-ema=50,250', '-target-margin-list=1.0,1.5,2.0,2.5,3.0,3.5,4.0,4.5,5.0', '-log-level=WARNING']
2023-11-26 19:58:14;UNIUSDT;30m;5.0;150;36;78;100.0;3;70.87;['-batch-training', '-calc-rsi', '-verbose', '-prediction-mode=index', '-interval-list=30m', '-range-min-rsi=28', '-range-max-rsi=80', '-range-p-ema=50,250', '-target-margin-list=1.0,1.5,2.0,2.5,3.0,3.5,4.0,4.5,5.0', '-log-level=WARNING']
2023-11-26 20:47:03;UNIUSDT;30m;5.0;250;36;78;100.0;3;70.87;['-batch-training', '-calc-rsi', '-verbose', '-prediction-mode=index', '-interval-list=30m', '-range-min-rsi=28', '-range-max-rsi=80', '-range-p-ema=50,250', '-target-margin-list=1.0,1.5,2.0,2.5,3.0,3.5,4.0,4.5,5.0', '-log-level=WARNING']
2023-11-26 20:33:17;UNIUSDT;30m;5.0;225;36;78;100.0;3;70.87;['-batch-training', '-calc-rsi', '-verbose', '-prediction-mode=index', '-interval-list=30m', '-range-min-rsi=28', '-range-max-rsi=80', '-range-p-ema=50,250', '-target-margin-list=1.0,1.5,2.0,2.5,3.0,3.5,4.0,4.5,5.0', '-log-level=WARNING']
2023-11-26 21:01:32;UNIUSDT;30m;5.0;50;28;78;100.0;3;72.6;['-batch-training', '-calc-rsi', '-verbose', '-prediction-mode=index', '-interval-list=30m', '-range-min-rsi=28', '-range-max-rsi=80', '-range-p-ema=50,250', '-target-margin-list=1.0,1.5,2.0,2.5,3.0,3.5,4.0,4.5,5.0', '-log-level=WARNING']
2023-11-26 19:35:37;UNIUSDT;30m;5.0;100;28;78;100.0;3;72.6;['-batch-training', '-calc-rsi', '-verbose', '-prediction-mode=index', '-interval-list=30m', '-range-min-rsi=28', '-range-max-rsi=80', '-range-p-ema=50,250', '-target-margin-list=1.0,1.5,2.0,2.5,3.0,3.5,4.0,4.5,5.0', '-log-level=WARNING']
2023-11-26 19:47:13;UNIUSDT;30m;5.0;125;28;78;100.0;3;72.6;['-batch-training', '-calc-rsi', '-verbose', '-prediction-mode=index', '-interval-list=30m', '-range-min-rsi=28', '-range-max-rsi=80', '-range-p-ema=50,250', '-target-margin-list=1.0,1.5,2.0,2.5,3.0,3.5,4.0,4.5,5.0', '-log-level=WARNING']
2023-11-26 19:58:04;UNIUSDT;30m;5.0;150;28;78;100.0;3;72.6;['-batch-training', '-calc-rsi', '-verbose', '-prediction-mode=index', '-interval-list=30m', '-range-min-rsi=28', '-range-max-rsi=80', '-range-p-ema=50,250', '-target-margin-list=1.0,1.5,2.0,2.5,3.0,3.5,4.0,4.5,5.0', '-log-level=WARNING']
2023-11-26 20:33:03;UNIUSDT;30m;5.0;225;28;78;100.0;3;72.6;['-batch-training', '-calc-rsi', '-verbose', '-prediction-mode=index', '-interval-list=30m', '-range-min-rsi=28', '-range-max-rsi=80', '-range-p-ema=50,250', '-target-margin-list=1.0,1.5,2.0,2.5,3.0,3.5,4.0,4.5,5.0', '-log-level=WARNING']
2023-11-26 21:16:47;UNIUSDT;30m;5.0;75;28;78;100.0;3;72.6;['-batch-training', '-calc-rsi', '-verbose', '-prediction-mode=index', '-interval-list=30m', '-range-min-rsi=28', '-range-max-rsi=80', '-range-p-ema=50,250', '-target-margin-list=1.0,1.5,2.0,2.5,3.0,3.5,4.0,4.5,5.0', '-log-level=WARNING']
2023-11-26 20:46:47;UNIUSDT;30m;5.0;250;28;78;100.0;3;72.6;['-batch-training', '-calc-rsi', '-verbose', '-prediction-mode=index', '-interval-list=30m', '-range-min-rsi=28', '-range-max-rsi=80', '-range-p-ema=50,250', '-target-margin-list=1.0,1.5,2.0,2.5,3.0,3.5,4.0,4.5,5.0', '-log-level=WARNING']
2023-11-26 20:20:00;UNIUSDT;30m;5.0;200;28;78;100.0;3;72.6;['-batch-training', '-calc-rsi', '-verbose', '-prediction-mode=index', '-interval-list=30m', '-range-min-rsi=28', '-range-max-rsi=80', '-range-p-ema=50,250', '-target-margin-list=1.0,1.5,2.0,2.5,3.0,3.5,4.0,4.5,5.0', '-log-level=WARNING']
2023-11-26 20:08:06;UNIUSDT;30m;5.0;175;28;78;100.0;3;72.6;['-batch-training', '-calc-rsi', '-verbose', '-prediction-mode=index', '-interval-list=30m', '-range-min-rsi=28', '-range-max-rsi=80', '-range-p-ema=50,250', '-target-margin-list=1.0,1.5,2.0,2.5,3.0,3.5,4.0,4.5,5.0', '-log-level=WARNING']
2023-11-26 19:40:37;UNIUSDT;30m;2.5;125;28;76;100.0;6;73.28;['-batch-training', '-calc-rsi', '-verbose', '-prediction-mode=index', '-interval-list=30m', '-range-min-rsi=28', '-range-max-rsi=80', '-range-p-ema=50,250', '-target-margin-list=1.0,1.5,2.0,2.5,3.0,3.5,4.0,4.5,5.0', '-log-level=WARNING']
2023-11-26 20:12:53;UNIUSDT;30m;2.5;200;28;76;100.0;6;73.28;['-batch-training', '-calc-rsi', '-verbose', '-prediction-mode=index', '-interval-list=30m', '-range-min-rsi=28', '-range-max-rsi=80', '-range-p-ema=50,250', '-target-margin-list=1.0,1.5,2.0,2.5,3.0,3.5,4.0,4.5,5.0', '-log-level=WARNING']
2023-11-26 19:51:53;UNIUSDT;30m;2.5;150;28;74;100.0;6;73.28;['-batch-training', '-calc-rsi', '-verbose', '-prediction-mode=index', '-interval-list=30m', '-range-min-rsi=28', '-range-max-rsi=80', '-range-p-ema=50,250', '-target-margin-list=1.0,1.5,2.0,2.5,3.0,3.5,4.0,4.5,5.0', '-log-level=WARNING']
2023-11-26 20:25:13;UNIUSDT;30m;2.5;225;28;74;100.0;6;73.28;['-batch-training', '-calc-rsi', '-verbose', '-prediction-mode=index', '-interval-list=30m', '-range-min-rsi=28', '-range-max-rsi=80', '-range-p-ema=50,250', '-target-margin-list=1.0,1.5,2.0,2.5,3.0,3.5,4.0,4.5,5.0', '-log-level=WARNING']
2023-11-26 20:02:09;UNIUSDT;30m;2.5;175;28;74;100.0;6;73.28;['-batch-training', '-calc-rsi', '-verbose', '-prediction-mode=index', '-interval-list=30m', '-range-min-rsi=28', '-range-max-rsi=80', '-range-p-ema=50,250', '-target-margin-list=1.0,1.5,2.0,2.5,3.0,3.5,4.0,4.5,5.0', '-log-level=WARNING']
2023-11-26 20:52:55;UNIUSDT;30m;2.5;50;28;76;100.0;6;73.28;['-batch-training', '-calc-rsi', '-verbose', '-prediction-mode=index', '-interval-list=30m', '-range-min-rsi=28', '-range-max-rsi=80', '-range-p-ema=50,250', '-target-margin-list=1.0,1.5,2.0,2.5,3.0,3.5,4.0,4.5,5.0', '-log-level=WARNING']
2023-11-26 20:52:35;UNIUSDT;30m;2.5;50;28;74;100.0;6;73.28;['-batch-training', '-calc-rsi', '-verbose', '-prediction-mode=index', '-interval-list=30m', '-range-min-rsi=28', '-range-max-rsi=80', '-range-p-ema=50,250', '-target-margin-list=1.0,1.5,2.0,2.5,3.0,3.5,4.0,4.5,5.0', '-log-level=WARNING']
2023-11-26 19:40:21;UNIUSDT;30m;2.5;125;28;74;100.0;6;73.28;['-batch-training', '-calc-rsi', '-verbose', '-prediction-mode=index', '-interval-list=30m', '-range-min-rsi=28', '-range-max-rsi=80', '-range-p-ema=50,250', '-target-margin-list=1.0,1.5,2.0,2.5,3.0,3.5,4.0,4.5,5.0', '-log-level=WARNING']
2023-11-26 20:02:22;UNIUSDT;30m;2.5;175;28;76;100.0;6;73.28;['-batch-training', '-calc-rsi', '-verbose', '-prediction-mode=index', '-interval-list=30m', '-range-min-rsi=28', '-range-max-rsi=80', '-range-p-ema=50,250', '-target-margin-list=1.0,1.5,2.0,2.5,3.0,3.5,4.0,4.5,5.0', '-log-level=WARNING']
2023-11-26 20:25:29;UNIUSDT;30m;2.5;225;28;76;100.0;6;73.28;['-batch-training', '-calc-rsi', '-verbose', '-prediction-mode=index', '-interval-list=30m', '-range-min-rsi=28', '-range-max-rsi=80', '-range-p-ema=50,250', '-target-margin-list=1.0,1.5,2.0,2.5,3.0,3.5,4.0,4.5,5.0', '-log-level=WARNING']
2023-11-26 19:29:08;UNIUSDT;30m;2.5;100;28;76;100.0;6;73.28;['-batch-training', '-calc-rsi', '-verbose', '-prediction-mode=index', '-interval-list=30m', '-range-min-rsi=28', '-range-max-rsi=80', '-range-p-ema=50,250', '-target-margin-list=1.0,1.5,2.0,2.5,3.0,3.5,4.0,4.5,5.0', '-log-level=WARNING']
2023-11-26 20:12:37;UNIUSDT;30m;2.5;200;28;74;100.0;6;73.28;['-batch-training', '-calc-rsi', '-verbose', '-prediction-mode=index', '-interval-list=30m', '-range-min-rsi=28', '-range-max-rsi=80', '-range-p-ema=50,250', '-target-margin-list=1.0,1.5,2.0,2.5,3.0,3.5,4.0,4.5,5.0', '-log-level=WARNING']
2023-11-26 19:52:08;UNIUSDT;30m;2.5;150;28;76;100.0;6;73.28;['-batch-training', '-calc-rsi', '-verbose', '-prediction-mode=index', '-interval-list=30m', '-range-min-rsi=28', '-range-max-rsi=80', '-range-p-ema=50,250', '-target-margin-list=1.0,1.5,2.0,2.5,3.0,3.5,4.0,4.5,5.0', '-log-level=WARNING']
2023-11-26 21:08:17;UNIUSDT;30m;2.5;75;28;76;100.0;6;73.28;['-batch-training', '-calc-rsi', '-verbose', '-prediction-mode=index', '-interval-list=30m', '-range-min-rsi=28', '-range-max-rsi=80', '-range-p-ema=50,250', '-target-margin-list=1.0,1.5,2.0,2.5,3.0,3.5,4.0,4.5,5.0', '-log-level=WARNING']
2023-11-26 19:28:53;UNIUSDT;30m;2.5;100;28;74;100.0;6;73.28;['-batch-training', '-calc-rsi', '-verbose', '-prediction-mode=index', '-interval-list=30m', '-range-min-rsi=28', '-range-max-rsi=80', '-range-p-ema=50,250', '-target-margin-list=1.0,1.5,2.0,2.5,3.0,3.5,4.0,4.5,5.0', '-log-level=WARNING']
2023-11-26 21:07:56;UNIUSDT;30m;2.5;75;28;74;100.0;6;73.28;['-batch-training', '-calc-rsi', '-verbose', '-prediction-mode=index', '-interval-list=30m', '-range-min-rsi=28', '-range-max-rsi=80', '-range-p-ema=50,250', '-target-margin-list=1.0,1.5,2.0,2.5,3.0,3.5,4.0,4.5,5.0', '-log-level=WARNING']
2023-11-26 20:38:46;UNIUSDT;30m;2.5;250;28;76;100.0;6;73.72;['-batch-training', '-calc-rsi', '-verbose', '-prediction-mode=index', '-interval-list=30m', '-range-min-rsi=28', '-range-max-rsi=80', '-range-p-ema=50,250', '-target-margin-list=1.0,1.5,2.0,2.5,3.0,3.5,4.0,4.5,5.0', '-log-level=WARNING']
2023-11-26 20:38:27;UNIUSDT;30m;2.5;250;28;74;100.0;6;73.72;['-batch-training', '-calc-rsi', '-verbose', '-prediction-mode=index', '-interval-list=30m', '-range-min-rsi=28', '-range-max-rsi=80', '-range-p-ema=50,250', '-target-margin-list=1.0,1.5,2.0,2.5,3.0,3.5,4.0,4.5,5.0', '-log-level=WARNING']
2023-11-26 20:32:24;UNIUSDT;30m;5.0;225;36;72;100.0;6;73.78;['-batch-training', '-calc-rsi', '-verbose', '-prediction-mode=index', '-interval-list=30m', '-range-min-rsi=28', '-range-max-rsi=80', '-range-p-ema=50,250', '-target-margin-list=1.0,1.5,2.0,2.5,3.0,3.5,4.0,4.5,5.0', '-log-level=WARNING']
2023-11-26 20:46:07;UNIUSDT;30m;5.0;250;36;72;100.0;6;73.78;['-batch-training', '-calc-rsi', '-verbose', '-prediction-mode=index', '-interval-list=30m', '-range-min-rsi=28', '-range-max-rsi=80', '-range-p-ema=50,250', '-target-margin-list=1.0,1.5,2.0,2.5,3.0,3.5,4.0,4.5,5.0', '-log-level=WARNING']
2023-11-26 20:19:23;UNIUSDT;30m;5.0;200;36;72;100.0;6;73.78;['-batch-training', '-calc-rsi', '-verbose', '-prediction-mode=index', '-interval-list=30m', '-range-min-rsi=28', '-range-max-rsi=80', '-range-p-ema=50,250', '-target-margin-list=1.0,1.5,2.0,2.5,3.0,3.5,4.0,4.5,5.0', '-log-level=WARNING']
2023-11-26 20:07:38;UNIUSDT;30m;5.0;175;36;72;100.0;6;73.78;['-batch-training', '-calc-rsi', '-verbose', '-prediction-mode=index', '-interval-list=30m', '-range-min-rsi=28', '-range-max-rsi=80', '-range-p-ema=50,250', '-target-margin-list=1.0,1.5,2.0,2.5,3.0,3.5,4.0,4.5,5.0', '-log-level=WARNING']
2023-11-26 20:08:11;UNIUSDT;30m;5.0;175;32;78;100.0;3;73.99;['-batch-training', '-calc-rsi', '-verbose', '-prediction-mode=index', '-interval-list=30m', '-range-min-rsi=28', '-range-max-rsi=80', '-range-p-ema=50,250', '-target-margin-list=1.0,1.5,2.0,2.5,3.0,3.5,4.0,4.5,5.0', '-log-level=WARNING']
2023-11-26 20:33:11;UNIUSDT;30m;5.0;225;32;78;100.0;3;73.99;['-batch-training', '-calc-rsi', '-verbose', '-prediction-mode=index', '-interval-list=30m', '-range-min-rsi=28', '-range-max-rsi=80', '-range-p-ema=50,250', '-target-margin-list=1.0,1.5,2.0,2.5,3.0,3.5,4.0,4.5,5.0', '-log-level=WARNING']
2023-11-26 19:58:09;UNIUSDT;30m;5.0;150;32;78;100.0;3;73.99;['-batch-training', '-calc-rsi', '-verbose', '-prediction-mode=index', '-interval-list=30m', '-range-min-rsi=28', '-range-max-rsi=80', '-range-p-ema=50,250', '-target-margin-list=1.0,1.5,2.0,2.5,3.0,3.5,4.0,4.5,5.0', '-log-level=WARNING']
2023-11-26 20:20:06;UNIUSDT;30m;5.0;200;32;78;100.0;3;73.99;['-batch-training', '-calc-rsi', '-verbose', '-prediction-mode=index', '-interval-list=30m', '-range-min-rsi=28', '-range-max-rsi=80', '-range-p-ema=50,250', '-target-margin-list=1.0,1.5,2.0,2.5,3.0,3.5,4.0,4.5,5.0', '-log-level=WARNING']
2023-11-26 20:46:55;UNIUSDT;30m;5.0;250;32;78;100.0;3;73.99;['-batch-training', '-calc-rsi', '-verbose', '-prediction-mode=index', '-interval-list=30m', '-range-min-rsi=28', '-range-max-rsi=80', '-range-p-ema=50,250', '-target-margin-list=1.0,1.5,2.0,2.5,3.0,3.5,4.0,4.5,5.0', '-log-level=WARNING']
2023-11-26 21:01:47;UNIUSDT;30m;5.0;50;36;78;100.0;3;74.49;['-batch-training', '-calc-rsi', '-verbose', '-prediction-mode=index', '-interval-list=30m', '-range-min-rsi=28', '-range-max-rsi=80', '-range-p-ema=50,250', '-target-margin-list=1.0,1.5,2.0,2.5,3.0,3.5,4.0,4.5,5.0', '-log-level=WARNING']
2023-11-26 19:47:25;UNIUSDT;30m;5.0;125;36;78;100.0;3;74.49;['-batch-training', '-calc-rsi', '-verbose', '-prediction-mode=index', '-interval-list=30m', '-range-min-rsi=28', '-range-max-rsi=80', '-range-p-ema=50,250', '-target-margin-list=1.0,1.5,2.0,2.5,3.0,3.5,4.0,4.5,5.0', '-log-level=WARNING']
2023-11-26 21:17:00;UNIUSDT;30m;5.0;75;36;78;100.0;3;74.49;['-batch-training', '-calc-rsi', '-verbose', '-prediction-mode=index', '-interval-list=30m', '-range-min-rsi=28', '-range-max-rsi=80', '-range-p-ema=50,250', '-target-margin-list=1.0,1.5,2.0,2.5,3.0,3.5,4.0,4.5,5.0', '-log-level=WARNING']
2023-11-26 19:35:50;UNIUSDT;30m;5.0;100;36;78;100.0;3;74.49;['-batch-training', '-calc-rsi', '-verbose', '-prediction-mode=index', '-interval-list=30m', '-range-min-rsi=28', '-range-max-rsi=80', '-range-p-ema=50,250', '-target-margin-list=1.0,1.5,2.0,2.5,3.0,3.5,4.0,4.5,5.0', '-log-level=WARNING']
2023-11-26 20:59:39;UNIUSDT;30m;4.5;50;32;76;100.0;7;75.14;['-batch-training', '-calc-rsi', '-verbose', '-prediction-mode=index', '-interval-list=30m', '-range-min-rsi=28', '-range-max-rsi=80', '-range-p-ema=50,250', '-target-margin-list=1.0,1.5,2.0,2.5,3.0,3.5,4.0,4.5,5.0', '-log-level=WARNING']
2023-11-26 20:45:02;UNIUSDT;30m;4.5;250;32;76;100.0;7;75.14;['-batch-training', '-calc-rsi', '-verbose', '-prediction-mode=index', '-interval-list=30m', '-range-min-rsi=28', '-range-max-rsi=80', '-range-p-ema=50,250', '-target-margin-list=1.0,1.5,2.0,2.5,3.0,3.5,4.0,4.5,5.0', '-log-level=WARNING']
2023-11-26 20:45:22;UNIUSDT;30m;4.5;250;32;78;100.0;7;75.14;['-batch-training', '-calc-rsi', '-verbose', '-prediction-mode=index', '-interval-list=30m', '-range-min-rsi=28', '-range-max-rsi=80', '-range-p-ema=50,250', '-target-margin-list=1.0,1.5,2.0,2.5,3.0,3.5,4.0,4.5,5.0', '-log-level=WARNING']
2023-11-26 20:18:26;UNIUSDT;30m;4.5;200;32;76;100.0;7;75.14;['-batch-training', '-calc-rsi', '-verbose', '-prediction-mode=index', '-interval-list=30m', '-range-min-rsi=28', '-range-max-rsi=80', '-range-p-ema=50,250', '-target-margin-list=1.0,1.5,2.0,2.5,3.0,3.5,4.0,4.5,5.0', '-log-level=WARNING']
2023-11-26 21:15:30;UNIUSDT;30m;4.5;75;32;78;100.0;7;75.14;['-batch-training', '-calc-rsi', '-verbose', '-prediction-mode=index', '-interval-list=30m', '-range-min-rsi=28', '-range-max-rsi=80', '-range-p-ema=50,250', '-target-margin-list=1.0,1.5,2.0,2.5,3.0,3.5,4.0,4.5,5.0', '-log-level=WARNING']
2023-11-26 20:59:59;UNIUSDT;30m;4.5;50;32;78;100.0;7;75.14;['-batch-training', '-calc-rsi', '-verbose', '-prediction-mode=index', '-interval-list=30m', '-range-min-rsi=28', '-range-max-rsi=80', '-range-p-ema=50,250', '-target-margin-list=1.0,1.5,2.0,2.5,3.0,3.5,4.0,4.5,5.0', '-log-level=WARNING']
2023-11-26 19:57:02;UNIUSDT;30m;4.5;150;32;78;100.0;7;75.14;['-batch-training', '-calc-rsi', '-verbose', '-prediction-mode=index', '-interval-list=30m', '-range-min-rsi=28', '-range-max-rsi=80', '-range-p-ema=50,250', '-target-margin-list=1.0,1.5,2.0,2.5,3.0,3.5,4.0,4.5,5.0', '-log-level=WARNING']
2023-11-26 19:45:46;UNIUSDT;30m;4.5;125;32;76;100.0;7;75.14;['-batch-training', '-calc-rsi', '-verbose', '-prediction-mode=index', '-interval-list=30m', '-range-min-rsi=28', '-range-max-rsi=80', '-range-p-ema=50,250', '-target-margin-list=1.0,1.5,2.0,2.5,3.0,3.5,4.0,4.5,5.0', '-log-level=WARNING']
2023-11-26 19:34:12;UNIUSDT;30m;4.5;100;32;76;100.0;7;75.14;['-batch-training', '-calc-rsi', '-verbose', '-prediction-mode=index', '-interval-list=30m', '-range-min-rsi=28', '-range-max-rsi=80', '-range-p-ema=50,250', '-target-margin-list=1.0,1.5,2.0,2.5,3.0,3.5,4.0,4.5,5.0', '-log-level=WARNING']
2023-11-26 20:31:25;UNIUSDT;30m;4.5;225;32;76;100.0;7;75.14;['-batch-training', '-calc-rsi', '-verbose', '-prediction-mode=index', '-interval-list=30m', '-range-min-rsi=28', '-range-max-rsi=80', '-range-p-ema=50,250', '-target-margin-list=1.0,1.5,2.0,2.5,3.0,3.5,4.0,4.5,5.0', '-log-level=WARNING']
2023-11-26 20:31:42;UNIUSDT;30m;4.5;225;32;78;100.0;7;75.14;['-batch-training', '-calc-rsi', '-verbose', '-prediction-mode=index', '-interval-list=30m', '-range-min-rsi=28', '-range-max-rsi=80', '-range-p-ema=50,250', '-target-margin-list=1.0,1.5,2.0,2.5,3.0,3.5,4.0,4.5,5.0', '-log-level=WARNING']
2023-11-26 21:15:12;UNIUSDT;30m;4.5;75;32;76;100.0;7;75.14;['-batch-training', '-calc-rsi', '-verbose', '-prediction-mode=index', '-interval-list=30m', '-range-min-rsi=28', '-range-max-rsi=80', '-range-p-ema=50,250', '-target-margin-list=1.0,1.5,2.0,2.5,3.0,3.5,4.0,4.5,5.0', '-log-level=WARNING']
2023-11-26 19:56:49;UNIUSDT;30m;4.5;150;32;76;100.0;7;75.14;['-batch-training', '-calc-rsi', '-verbose', '-prediction-mode=index', '-interval-list=30m', '-range-min-rsi=28', '-range-max-rsi=80', '-range-p-ema=50,250', '-target-margin-list=1.0,1.5,2.0,2.5,3.0,3.5,4.0,4.5,5.0', '-log-level=WARNING']
2023-11-26 19:46:02;UNIUSDT;30m;4.5;125;32;78;100.0;7;75.14;['-batch-training', '-calc-rsi', '-verbose', '-prediction-mode=index', '-interval-list=30m', '-range-min-rsi=28', '-range-max-rsi=80', '-range-p-ema=50,250', '-target-margin-list=1.0,1.5,2.0,2.5,3.0,3.5,4.0,4.5,5.0', '-log-level=WARNING']
2023-11-26 19:34:27;UNIUSDT;30m;4.5;100;32;78;100.0;7;75.14;['-batch-training', '-calc-rsi', '-verbose', '-prediction-mode=index', '-interval-list=30m', '-range-min-rsi=28', '-range-max-rsi=80', '-range-p-ema=50,250', '-target-margin-list=1.0,1.5,2.0,2.5,3.0,3.5,4.0,4.5,5.0', '-log-level=WARNING']
2023-11-26 20:06:52;UNIUSDT;30m;4.5;175;32;76;100.0;7;75.14;['-batch-training', '-calc-rsi', '-verbose', '-prediction-mode=index', '-interval-list=30m', '-range-min-rsi=28', '-range-max-rsi=80', '-range-p-ema=50,250', '-target-margin-list=1.0,1.5,2.0,2.5,3.0,3.5,4.0,4.5,5.0', '-log-level=WARNING']
2023-11-26 20:18:43;UNIUSDT;30m;4.5;200;32;78;100.0;7;75.14;['-batch-training', '-calc-rsi', '-verbose', '-prediction-mode=index', '-interval-list=30m', '-range-min-rsi=28', '-range-max-rsi=80', '-range-p-ema=50,250', '-target-margin-list=1.0,1.5,2.0,2.5,3.0,3.5,4.0,4.5,5.0', '-log-level=WARNING']
2023-11-26 20:07:06;UNIUSDT;30m;4.5;175;32;78;100.0;7;75.14;['-batch-training', '-calc-rsi', '-verbose', '-prediction-mode=index', '-interval-list=30m', '-range-min-rsi=28', '-range-max-rsi=80', '-range-p-ema=50,250', '-target-margin-list=1.0,1.5,2.0,2.5,3.0,3.5,4.0,4.5,5.0', '-log-level=WARNING']
2023-11-26 19:34:21;UNIUSDT;30m;4.5;100;28;78;100.0;3;75.19;['-batch-training', '-calc-rsi', '-verbose', '-prediction-mode=index', '-interval-list=30m', '-range-min-rsi=28', '-range-max-rsi=80', '-range-p-ema=50,250', '-target-margin-list=1.0,1.5,2.0,2.5,3.0,3.5,4.0,4.5,5.0', '-log-level=WARNING']
2023-11-26 20:18:35;UNIUSDT;30m;4.5;200;28;78;100.0;3;75.19;['-batch-training', '-calc-rsi', '-verbose', '-prediction-mode=index', '-interval-list=30m', '-range-min-rsi=28', '-range-max-rsi=80', '-range-p-ema=50,250', '-target-margin-list=1.0,1.5,2.0,2.5,3.0,3.5,4.0,4.5,5.0', '-log-level=WARNING']
2023-11-26 21:15:22;UNIUSDT;30m;4.5;75;28;78;100.0;3;75.19;['-batch-training', '-calc-rsi', '-verbose', '-prediction-mode=index', '-interval-list=30m', '-range-min-rsi=28', '-range-max-rsi=80', '-range-p-ema=50,250', '-target-margin-list=1.0,1.5,2.0,2.5,3.0,3.5,4.0,4.5,5.0', '-log-level=WARNING']
2023-11-26 20:45:14;UNIUSDT;30m;4.5;250;28;78;100.0;3;75.19;['-batch-training', '-calc-rsi', '-verbose', '-prediction-mode=index', '-interval-list=30m', '-range-min-rsi=28', '-range-max-rsi=80', '-range-p-ema=50,250', '-target-margin-list=1.0,1.5,2.0,2.5,3.0,3.5,4.0,4.5,5.0', '-log-level=WARNING']
2023-11-26 20:07:00;UNIUSDT;30m;4.5;175;28;78;100.0;3;75.19;['-batch-training', '-calc-rsi', '-verbose', '-prediction-mode=index', '-interval-list=30m', '-range-min-rsi=28', '-range-max-rsi=80', '-range-p-ema=50,250', '-target-margin-list=1.0,1.5,2.0,2.5,3.0,3.5,4.0,4.5,5.0', '-log-level=WARNING']
2023-11-26 20:59:52;UNIUSDT;30m;4.5;50;28;78;100.0;3;75.19;['-batch-training', '-calc-rsi', '-verbose', '-prediction-mode=index', '-interval-list=30m', '-range-min-rsi=28', '-range-max-rsi=80', '-range-p-ema=50,250', '-target-margin-list=1.0,1.5,2.0,2.5,3.0,3.5,4.0,4.5,5.0', '-log-level=WARNING']
2023-11-26 19:56:57;UNIUSDT;30m;4.5;150;28;78;100.0;3;75.19;['-batch-training', '-calc-rsi', '-verbose', '-prediction-mode=index', '-interval-list=30m', '-range-min-rsi=28', '-range-max-rsi=80', '-range-p-ema=50,250', '-target-margin-list=1.0,1.5,2.0,2.5,3.0,3.5,4.0,4.5,5.0', '-log-level=WARNING']
2023-11-26 20:31:35;UNIUSDT;30m;4.5;225;28;78;100.0;3;75.19;['-batch-training', '-calc-rsi', '-verbose', '-prediction-mode=index', '-interval-list=30m', '-range-min-rsi=28', '-range-max-rsi=80', '-range-p-ema=50,250', '-target-margin-list=1.0,1.5,2.0,2.5,3.0,3.5,4.0,4.5,5.0', '-log-level=WARNING']
2023-11-26 19:45:56;UNIUSDT;30m;4.5;125;28;78;100.0;3;75.19;['-batch-training', '-calc-rsi', '-verbose', '-prediction-mode=index', '-interval-list=30m', '-range-min-rsi=28', '-range-max-rsi=80', '-range-p-ema=50,250', '-target-margin-list=1.0,1.5,2.0,2.5,3.0,3.5,4.0,4.5,5.0', '-log-level=WARNING']
2023-11-26 19:34:24;UNIUSDT;30m;4.5;100;30;78;100.0;7;75.62;['-batch-training', '-calc-rsi', '-verbose', '-prediction-mode=index', '-interval-list=30m', '-range-min-rsi=28', '-range-max-rsi=80', '-range-p-ema=50,250', '-target-margin-list=1.0,1.5,2.0,2.5,3.0,3.5,4.0,4.5,5.0', '-log-level=WARNING']
2023-11-26 19:46:00;UNIUSDT;30m;4.5;125;30;78;100.0;7;75.62;['-batch-training', '-calc-rsi', '-verbose', '-prediction-mode=index', '-interval-list=30m', '-range-min-rsi=28', '-range-max-rsi=80', '-range-p-ema=50,250', '-target-margin-list=1.0,1.5,2.0,2.5,3.0,3.5,4.0,4.5,5.0', '-log-level=WARNING']
2023-11-26 19:56:46;UNIUSDT;30m;4.5;150;30;76;100.0;7;75.62;['-batch-training', '-calc-rsi', '-verbose', '-prediction-mode=index', '-interval-list=30m', '-range-min-rsi=28', '-range-max-rsi=80', '-range-p-ema=50,250', '-target-margin-list=1.0,1.5,2.0,2.5,3.0,3.5,4.0,4.5,5.0', '-log-level=WARNING']
2023-11-26 20:31:38;UNIUSDT;30m;4.5;225;30;78;100.0;7;75.62;['-batch-training', '-calc-rsi', '-verbose', '-prediction-mode=index', '-interval-list=30m', '-range-min-rsi=28', '-range-max-rsi=80', '-range-p-ema=50,250', '-target-margin-list=1.0,1.5,2.0,2.5,3.0,3.5,4.0,4.5,5.0', '-log-level=WARNING']
2023-11-26 20:44:59;UNIUSDT;30m;4.5;250;30;76;100.0;7;75.62;['-batch-training', '-calc-rsi', '-verbose', '-prediction-mode=index', '-interval-list=30m', '-range-min-rsi=28', '-range-max-rsi=80', '-range-p-ema=50,250', '-target-margin-list=1.0,1.5,2.0,2.5,3.0,3.5,4.0,4.5,5.0', '-log-level=WARNING']
2023-11-26 20:07:03;UNIUSDT;30m;4.5;175;30;78;100.0;7;75.62;['-batch-training', '-calc-rsi', '-verbose', '-prediction-mode=index', '-interval-list=30m', '-range-min-rsi=28', '-range-max-rsi=80', '-range-p-ema=50,250', '-target-margin-list=1.0,1.5,2.0,2.5,3.0,3.5,4.0,4.5,5.0', '-log-level=WARNING']
2023-11-26 20:31:21;UNIUSDT;30m;4.5;225;30;76;100.0;7;75.62;['-batch-training', '-calc-rsi', '-verbose', '-prediction-mode=index', '-interval-list=30m', '-range-min-rsi=28', '-range-max-rsi=80', '-range-p-ema=50,250', '-target-margin-list=1.0,1.5,2.0,2.5,3.0,3.5,4.0,4.5,5.0', '-log-level=WARNING']
2023-11-26 19:34:09;UNIUSDT;30m;4.5;100;30;76;100.0;7;75.62;['-batch-training', '-calc-rsi', '-verbose', '-prediction-mode=index', '-interval-list=30m', '-range-min-rsi=28', '-range-max-rsi=80', '-range-p-ema=50,250', '-target-margin-list=1.0,1.5,2.0,2.5,3.0,3.5,4.0,4.5,5.0', '-log-level=WARNING']
2023-11-26 19:45:43;UNIUSDT;30m;4.5;125;30;76;100.0;7;75.62;['-batch-training', '-calc-rsi', '-verbose', '-prediction-mode=index', '-interval-list=30m', '-range-min-rsi=28', '-range-max-rsi=80', '-range-p-ema=50,250', '-target-margin-list=1.0,1.5,2.0,2.5,3.0,3.5,4.0,4.5,5.0', '-log-level=WARNING']
2023-11-26 20:18:40;UNIUSDT;30m;4.5;200;30;78;100.0;7;75.62;['-batch-training', '-calc-rsi', '-verbose', '-prediction-mode=index', '-interval-list=30m', '-range-min-rsi=28', '-range-max-rsi=80', '-range-p-ema=50,250', '-target-margin-list=1.0,1.5,2.0,2.5,3.0,3.5,4.0,4.5,5.0', '-log-level=WARNING']
2023-11-26 21:15:25;UNIUSDT;30m;4.5;75;30;78;100.0;7;75.62;['-batch-training', '-calc-rsi', '-verbose', '-prediction-mode=index', '-interval-list=30m', '-range-min-rsi=28', '-range-max-rsi=80', '-range-p-ema=50,250', '-target-margin-list=1.0,1.5,2.0,2.5,3.0,3.5,4.0,4.5,5.0', '-log-level=WARNING']
2023-11-26 20:18:23;UNIUSDT;30m;4.5;200;30;76;100.0;7;75.62;['-batch-training', '-calc-rsi', '-verbose', '-prediction-mode=index', '-interval-list=30m', '-range-min-rsi=28', '-range-max-rsi=80', '-range-p-ema=50,250', '-target-margin-list=1.0,1.5,2.0,2.5,3.0,3.5,4.0,4.5,5.0', '-log-level=WARNING']
2023-11-26 20:59:56;UNIUSDT;30m;4.5;50;30;78;100.0;7;75.62;['-batch-training', '-calc-rsi', '-verbose', '-prediction-mode=index', '-interval-list=30m', '-range-min-rsi=28', '-range-max-rsi=80', '-range-p-ema=50,250', '-target-margin-list=1.0,1.5,2.0,2.5,3.0,3.5,4.0,4.5,5.0', '-log-level=WARNING']
2023-11-26 19:56:59;UNIUSDT;30m;4.5;150;30;78;100.0;7;75.62;['-batch-training', '-calc-rsi', '-verbose', '-prediction-mode=index', '-interval-list=30m', '-range-min-rsi=28', '-range-max-rsi=80', '-range-p-ema=50,250', '-target-margin-list=1.0,1.5,2.0,2.5,3.0,3.5,4.0,4.5,5.0', '-log-level=WARNING']
2023-11-26 21:15:09;UNIUSDT;30m;4.5;75;30;76;100.0;7;75.62;['-batch-training', '-calc-rsi', '-verbose', '-prediction-mode=index', '-interval-list=30m', '-range-min-rsi=28', '-range-max-rsi=80', '-range-p-ema=50,250', '-target-margin-list=1.0,1.5,2.0,2.5,3.0,3.5,4.0,4.5,5.0', '-log-level=WARNING']
2023-11-26 20:59:35;UNIUSDT;30m;4.5;50;30;76;100.0;7;75.62;['-batch-training', '-calc-rsi', '-verbose', '-prediction-mode=index', '-interval-list=30m', '-range-min-rsi=28', '-range-max-rsi=80', '-range-p-ema=50,250', '-target-margin-list=1.0,1.5,2.0,2.5,3.0,3.5,4.0,4.5,5.0', '-log-level=WARNING']
2023-11-26 20:45:18;UNIUSDT;30m;4.5;250;30;78;100.0;7;75.62;['-batch-training', '-calc-rsi', '-verbose', '-prediction-mode=index', '-interval-list=30m', '-range-min-rsi=28', '-range-max-rsi=80', '-range-p-ema=50,250', '-target-margin-list=1.0,1.5,2.0,2.5,3.0,3.5,4.0,4.5,5.0', '-log-level=WARNING']
2023-11-26 20:06:50;UNIUSDT;30m;4.5;175;30;76;100.0;7;75.62;['-batch-training', '-calc-rsi', '-verbose', '-prediction-mode=index', '-interval-list=30m', '-range-min-rsi=28', '-range-max-rsi=80', '-range-p-ema=50,250', '-target-margin-list=1.0,1.5,2.0,2.5,3.0,3.5,4.0,4.5,5.0', '-log-level=WARNING']
2023-11-26 20:59:52;UNIUSDT;30m;4.5;50;28;78;100.0;7;75.65;['-batch-training', '-calc-rsi', '-verbose', '-prediction-mode=index', '-interval-list=30m', '-range-min-rsi=28', '-range-max-rsi=80', '-range-p-ema=50,250', '-target-margin-list=1.0,1.5,2.0,2.5,3.0,3.5,4.0,4.5,5.0', '-log-level=WARNING']
2023-11-26 19:56:43;UNIUSDT;30m;4.5;150;28;76;100.0;7;75.65;['-batch-training', '-calc-rsi', '-verbose', '-prediction-mode=index', '-interval-list=30m', '-range-min-rsi=28', '-range-max-rsi=80', '-range-p-ema=50,250', '-target-margin-list=1.0,1.5,2.0,2.5,3.0,3.5,4.0,4.5,5.0', '-log-level=WARNING']
2023-11-26 20:45:15;UNIUSDT;30m;4.5;250;28;78;100.0;7;75.65;['-batch-training', '-calc-rsi', '-verbose', '-prediction-mode=index', '-interval-list=30m', '-range-min-rsi=28', '-range-max-rsi=80', '-range-p-ema=50,250', '-target-margin-list=1.0,1.5,2.0,2.5,3.0,3.5,4.0,4.5,5.0', '-log-level=WARNING']
2023-11-26 20:18:35;UNIUSDT;30m;4.5;200;28;78;100.0;7;75.65;['-batch-training', '-calc-rsi', '-verbose', '-prediction-mode=index', '-interval-list=30m', '-range-min-rsi=28', '-range-max-rsi=80', '-range-p-ema=50,250', '-target-margin-list=1.0,1.5,2.0,2.5,3.0,3.5,4.0,4.5,5.0', '-log-level=WARNING']
2023-11-26 19:45:56;UNIUSDT;30m;4.5;125;28;78;100.0;7;75.65;['-batch-training', '-calc-rsi', '-verbose', '-prediction-mode=index', '-interval-list=30m', '-range-min-rsi=28', '-range-max-rsi=80', '-range-p-ema=50,250', '-target-margin-list=1.0,1.5,2.0,2.5,3.0,3.5,4.0,4.5,5.0', '-log-level=WARNING']
2023-11-26 20:31:35;UNIUSDT;30m;4.5;225;28;78;100.0;7;75.65;['-batch-training', '-calc-rsi', '-verbose', '-prediction-mode=index', '-interval-list=30m', '-range-min-rsi=28', '-range-max-rsi=80', '-range-p-ema=50,250', '-target-margin-list=1.0,1.5,2.0,2.5,3.0,3.5,4.0,4.5,5.0', '-log-level=WARNING']
2023-11-26 19:34:21;UNIUSDT;30m;4.5;100;28;78;100.0;7;75.65;['-batch-training', '-calc-rsi', '-verbose', '-prediction-mode=index', '-interval-list=30m', '-range-min-rsi=28', '-range-max-rsi=80', '-range-p-ema=50,250', '-target-margin-list=1.0,1.5,2.0,2.5,3.0,3.5,4.0,4.5,5.0', '-log-level=WARNING']
2023-11-26 19:45:41;UNIUSDT;30m;4.5;125;28;76;100.0;7;75.65;['-batch-training', '-calc-rsi', '-verbose', '-prediction-mode=index', '-interval-list=30m', '-range-min-rsi=28', '-range-max-rsi=80', '-range-p-ema=50,250', '-target-margin-list=1.0,1.5,2.0,2.5,3.0,3.5,4.0,4.5,5.0', '-log-level=WARNING']
2023-11-26 20:59:31;UNIUSDT;30m;4.5;50;28;76;100.0;7;75.65;['-batch-training', '-calc-rsi', '-verbose', '-prediction-mode=index', '-interval-list=30m', '-range-min-rsi=28', '-range-max-rsi=80', '-range-p-ema=50,250', '-target-margin-list=1.0,1.5,2.0,2.5,3.0,3.5,4.0,4.5,5.0', '-log-level=WARNING']
2023-11-26 20:31:18;UNIUSDT;30m;4.5;225;28;76;100.0;7;75.65;['-batch-training', '-calc-rsi', '-verbose', '-prediction-mode=index', '-interval-list=30m', '-range-min-rsi=28', '-range-max-rsi=80', '-range-p-ema=50,250', '-target-margin-list=1.0,1.5,2.0,2.5,3.0,3.5,4.0,4.5,5.0', '-log-level=WARNING']
2023-11-26 20:06:47;UNIUSDT;30m;4.5;175;28;76;100.0;7;75.65;['-batch-training', '-calc-rsi', '-verbose', '-prediction-mode=index', '-interval-list=30m', '-range-min-rsi=28', '-range-max-rsi=80', '-range-p-ema=50,250', '-target-margin-list=1.0,1.5,2.0,2.5,3.0,3.5,4.0,4.5,5.0', '-log-level=WARNING']
2023-11-26 21:15:22;UNIUSDT;30m;4.5;75;28;78;100.0;7;75.65;['-batch-training', '-calc-rsi', '-verbose', '-prediction-mode=index', '-interval-list=30m', '-range-min-rsi=28', '-range-max-rsi=80', '-range-p-ema=50,250', '-target-margin-list=1.0,1.5,2.0,2.5,3.0,3.5,4.0,4.5,5.0', '-log-level=WARNING']
2023-11-26 19:34:06;UNIUSDT;30m;4.5;100;28;76;100.0;7;75.65;['-batch-training', '-calc-rsi', '-verbose', '-prediction-mode=index', '-interval-list=30m', '-range-min-rsi=28', '-range-max-rsi=80', '-range-p-ema=50,250', '-target-margin-list=1.0,1.5,2.0,2.5,3.0,3.5,4.0,4.5,5.0', '-log-level=WARNING']
2023-11-26 20:07:01;UNIUSDT;30m;4.5;175;28;78;100.0;7;75.65;['-batch-training', '-calc-rsi', '-verbose', '-prediction-mode=index', '-interval-list=30m', '-range-min-rsi=28', '-range-max-rsi=80', '-range-p-ema=50,250', '-target-margin-list=1.0,1.5,2.0,2.5,3.0,3.5,4.0,4.5,5.0', '-log-level=WARNING']
2023-11-26 19:56:57;UNIUSDT;30m;4.5;150;28;78;100.0;7;75.65;['-batch-training', '-calc-rsi', '-verbose', '-prediction-mode=index', '-interval-list=30m', '-range-min-rsi=28', '-range-max-rsi=80', '-range-p-ema=50,250', '-target-margin-list=1.0,1.5,2.0,2.5,3.0,3.5,4.0,4.5,5.0', '-log-level=WARNING']
2023-11-26 20:44:56;UNIUSDT;30m;4.5;250;28;76;100.0;7;75.65;['-batch-training', '-calc-rsi', '-verbose', '-prediction-mode=index', '-interval-list=30m', '-range-min-rsi=28', '-range-max-rsi=80', '-range-p-ema=50,250', '-target-margin-list=1.0,1.5,2.0,2.5,3.0,3.5,4.0,4.5,5.0', '-log-level=WARNING']
2023-11-26 21:15:06;UNIUSDT;30m;4.5;75;28;76;100.0;7;75.65;['-batch-training', '-calc-rsi', '-verbose', '-prediction-mode=index', '-interval-list=30m', '-range-min-rsi=28', '-range-max-rsi=80', '-range-p-ema=50,250', '-target-margin-list=1.0,1.5,2.0,2.5,3.0,3.5,4.0,4.5,5.0', '-log-level=WARNING']
2023-11-26 20:18:20;UNIUSDT;30m;4.5;200;28;76;100.0;7;75.65;['-batch-training', '-calc-rsi', '-verbose', '-prediction-mode=index', '-interval-list=30m', '-range-min-rsi=28', '-range-max-rsi=80', '-range-p-ema=50,250', '-target-margin-list=1.0,1.5,2.0,2.5,3.0,3.5,4.0,4.5,5.0', '-log-level=WARNING']
2023-11-26 19:34:58;UNIUSDT;30m;5.0;100;32;72;100.0;7;76.02;['-batch-training', '-calc-rsi', '-verbose', '-prediction-mode=index', '-interval-list=30m', '-range-min-rsi=28', '-range-max-rsi=80', '-range-p-ema=50,250', '-target-margin-list=1.0,1.5,2.0,2.5,3.0,3.5,4.0,4.5,5.0', '-log-level=WARNING']
2023-11-26 19:57:30;UNIUSDT;30m;5.0;150;32;72;100.0;7;76.02;['-batch-training', '-calc-rsi', '-verbose', '-prediction-mode=index', '-interval-list=30m', '-range-min-rsi=28', '-range-max-rsi=80', '-range-p-ema=50,250', '-target-margin-list=1.0,1.5,2.0,2.5,3.0,3.5,4.0,4.5,5.0', '-log-level=WARNING']
2023-11-26 20:45:59;UNIUSDT;30m;5.0;250;32;72;100.0;7;76.02;['-batch-training', '-calc-rsi', '-verbose', '-prediction-mode=index', '-interval-list=30m', '-range-min-rsi=28', '-range-max-rsi=80', '-range-p-ema=50,250', '-target-margin-list=1.0,1.5,2.0,2.5,3.0,3.5,4.0,4.5,5.0', '-log-level=WARNING']
2023-11-26 20:19:16;UNIUSDT;30m;5.0;200;32;72;100.0;7;76.02;['-batch-training', '-calc-rsi', '-verbose', '-prediction-mode=index', '-interval-list=30m', '-range-min-rsi=28', '-range-max-rsi=80', '-range-p-ema=50,250', '-target-margin-list=1.0,1.5,2.0,2.5,3.0,3.5,4.0,4.5,5.0', '-log-level=WARNING']
2023-11-26 20:07:32;UNIUSDT;30m;5.0;175;32;72;100.0;7;76.02;['-batch-training', '-calc-rsi', '-verbose', '-prediction-mode=index', '-interval-list=30m', '-range-min-rsi=28', '-range-max-rsi=80', '-range-p-ema=50,250', '-target-margin-list=1.0,1.5,2.0,2.5,3.0,3.5,4.0,4.5,5.0', '-log-level=WARNING']
2023-11-26 21:00:40;UNIUSDT;30m;5.0;50;32;72;100.0;7;76.02;['-batch-training', '-calc-rsi', '-verbose', '-prediction-mode=index', '-interval-list=30m', '-range-min-rsi=28', '-range-max-rsi=80', '-range-p-ema=50,250', '-target-margin-list=1.0,1.5,2.0,2.5,3.0,3.5,4.0,4.5,5.0', '-log-level=WARNING']
2023-11-26 21:16:03;UNIUSDT;30m;5.0;75;32;72;100.0;7;76.02;['-batch-training', '-calc-rsi', '-verbose', '-prediction-mode=index', '-interval-list=30m', '-range-min-rsi=28', '-range-max-rsi=80', '-range-p-ema=50,250', '-target-margin-list=1.0,1.5,2.0,2.5,3.0,3.5,4.0,4.5,5.0', '-log-level=WARNING']
2023-11-26 20:32:18;UNIUSDT;30m;5.0;225;32;72;100.0;7;76.02;['-batch-training', '-calc-rsi', '-verbose', '-prediction-mode=index', '-interval-list=30m', '-range-min-rsi=28', '-range-max-rsi=80', '-range-p-ema=50,250', '-target-margin-list=1.0,1.5,2.0,2.5,3.0,3.5,4.0,4.5,5.0', '-log-level=WARNING']
2023-11-26 19:46:33;UNIUSDT;30m;5.0;125;32;72;100.0;7;76.02;['-batch-training', '-calc-rsi', '-verbose', '-prediction-mode=index', '-interval-list=30m', '-range-min-rsi=28', '-range-max-rsi=80', '-range-p-ema=50,250', '-target-margin-list=1.0,1.5,2.0,2.5,3.0,3.5,4.0,4.5,5.0', '-log-level=WARNING']
2023-11-26 21:09:42;UNIUSDT;30m;3.0;75;28;74;100.0;5;76.24;['-batch-training', '-calc-rsi', '-verbose', '-prediction-mode=index', '-interval-list=30m', '-range-min-rsi=28', '-range-max-rsi=80', '-range-p-ema=50,250', '-target-margin-list=1.0,1.5,2.0,2.5,3.0,3.5,4.0,4.5,5.0', '-log-level=WARNING']
2023-11-26 19:30:08;UNIUSDT;30m;3.0;100;28;74;100.0;5;76.24;['-batch-training', '-calc-rsi', '-verbose', '-prediction-mode=index', '-interval-list=30m', '-range-min-rsi=28', '-range-max-rsi=80', '-range-p-ema=50,250', '-target-margin-list=1.0,1.5,2.0,2.5,3.0,3.5,4.0,4.5,5.0', '-log-level=WARNING']
2023-11-26 20:03:16;UNIUSDT;30m;3.0;175;28;74;100.0;5;76.24;['-batch-training', '-calc-rsi', '-verbose', '-prediction-mode=index', '-interval-list=30m', '-range-min-rsi=28', '-range-max-rsi=80', '-range-p-ema=50,250', '-target-margin-list=1.0,1.5,2.0,2.5,3.0,3.5,4.0,4.5,5.0', '-log-level=WARNING']
2023-11-26 20:13:58;UNIUSDT;30m;3.0;200;28;74;100.0;5;76.24;['-batch-training', '-calc-rsi', '-verbose', '-prediction-mode=index', '-interval-list=30m', '-range-min-rsi=28', '-range-max-rsi=80', '-range-p-ema=50,250', '-target-margin-list=1.0,1.5,2.0,2.5,3.0,3.5,4.0,4.5,5.0', '-log-level=WARNING']
2023-11-26 19:41:38;UNIUSDT;30m;3.0;125;28;74;100.0;5;76.24;['-batch-training', '-calc-rsi', '-verbose', '-prediction-mode=index', '-interval-list=30m', '-range-min-rsi=28', '-range-max-rsi=80', '-range-p-ema=50,250', '-target-margin-list=1.0,1.5,2.0,2.5,3.0,3.5,4.0,4.5,5.0', '-log-level=WARNING']
2023-11-26 19:53:05;UNIUSDT;30m;3.0;150;28;74;100.0;5;76.24;['-batch-training', '-calc-rsi', '-verbose', '-prediction-mode=index', '-interval-list=30m', '-range-min-rsi=28', '-range-max-rsi=80', '-range-p-ema=50,250', '-target-margin-list=1.0,1.5,2.0,2.5,3.0,3.5,4.0,4.5,5.0', '-log-level=WARNING']
2023-11-26 20:26:38;UNIUSDT;30m;3.0;225;28;74;100.0;5;76.24;['-batch-training', '-calc-rsi', '-verbose', '-prediction-mode=index', '-interval-list=30m', '-range-min-rsi=28', '-range-max-rsi=80', '-range-p-ema=50,250', '-target-margin-list=1.0,1.5,2.0,2.5,3.0,3.5,4.0,4.5,5.0', '-log-level=WARNING']
2023-11-26 20:54:14;UNIUSDT;30m;3.0;50;28;74;100.0;5;76.24;['-batch-training', '-calc-rsi', '-verbose', '-prediction-mode=index', '-interval-list=30m', '-range-min-rsi=28', '-range-max-rsi=80', '-range-p-ema=50,250', '-target-margin-list=1.0,1.5,2.0,2.5,3.0,3.5,4.0,4.5,5.0', '-log-level=WARNING']
2023-11-26 19:34:55;UNIUSDT;30m;5.0;100;30;72;100.0;7;76.34;['-batch-training', '-calc-rsi', '-verbose', '-prediction-mode=index', '-interval-list=30m', '-range-min-rsi=28', '-range-max-rsi=80', '-range-p-ema=50,250', '-target-margin-list=1.0,1.5,2.0,2.5,3.0,3.5,4.0,4.5,5.0', '-log-level=WARNING']
2023-11-26 20:45:55;UNIUSDT;30m;5.0;250;30;72;100.0;7;76.34;['-batch-training', '-calc-rsi', '-verbose', '-prediction-mode=index', '-interval-list=30m', '-range-min-rsi=28', '-range-max-rsi=80', '-range-p-ema=50,250', '-target-margin-list=1.0,1.5,2.0,2.5,3.0,3.5,4.0,4.5,5.0', '-log-level=WARNING']
2023-11-26 20:07:29;UNIUSDT;30m;5.0;175;30;72;100.0;7;76.34;['-batch-training', '-calc-rsi', '-verbose', '-prediction-mode=index', '-interval-list=30m', '-range-min-rsi=28', '-range-max-rsi=80', '-range-p-ema=50,250', '-target-margin-list=1.0,1.5,2.0,2.5,3.0,3.5,4.0,4.5,5.0', '-log-level=WARNING']
2023-11-26 19:46:30;UNIUSDT;30m;5.0;125;30;72;100.0;7;76.34;['-batch-training', '-calc-rsi', '-verbose', '-prediction-mode=index', '-interval-list=30m', '-range-min-rsi=28', '-range-max-rsi=80', '-range-p-ema=50,250', '-target-margin-list=1.0,1.5,2.0,2.5,3.0,3.5,4.0,4.5,5.0', '-log-level=WARNING']
2023-11-26 21:16:00;UNIUSDT;30m;5.0;75;30;72;100.0;7;76.34;['-batch-training', '-calc-rsi', '-verbose', '-prediction-mode=index', '-interval-list=30m', '-range-min-rsi=28', '-range-max-rsi=80', '-range-p-ema=50,250', '-target-margin-list=1.0,1.5,2.0,2.5,3.0,3.5,4.0,4.5,5.0', '-log-level=WARNING']
2023-11-26 20:19:13;UNIUSDT;30m;5.0;200;30;72;100.0;7;76.34;['-batch-training', '-calc-rsi', '-verbose', '-prediction-mode=index', '-interval-list=30m', '-range-min-rsi=28', '-range-max-rsi=80', '-range-p-ema=50,250', '-target-margin-list=1.0,1.5,2.0,2.5,3.0,3.5,4.0,4.5,5.0', '-log-level=WARNING']
2023-11-26 20:32:14;UNIUSDT;30m;5.0;225;30;72;100.0;7;76.34;['-batch-training', '-calc-rsi', '-verbose', '-prediction-mode=index', '-interval-list=30m', '-range-min-rsi=28', '-range-max-rsi=80', '-range-p-ema=50,250', '-target-margin-list=1.0,1.5,2.0,2.5,3.0,3.5,4.0,4.5,5.0', '-log-level=WARNING']
2023-11-26 21:00:36;UNIUSDT;30m;5.0;50;30;72;100.0;7;76.34;['-batch-training', '-calc-rsi', '-verbose', '-prediction-mode=index', '-interval-list=30m', '-range-min-rsi=28', '-range-max-rsi=80', '-range-p-ema=50,250', '-target-margin-list=1.0,1.5,2.0,2.5,3.0,3.5,4.0,4.5,5.0', '-log-level=WARNING']
2023-11-26 19:57:27;UNIUSDT;30m;5.0;150;30;72;100.0;7;76.34;['-batch-training', '-calc-rsi', '-verbose', '-prediction-mode=index', '-interval-list=30m', '-range-min-rsi=28', '-range-max-rsi=80', '-range-p-ema=50,250', '-target-margin-list=1.0,1.5,2.0,2.5,3.0,3.5,4.0,4.5,5.0', '-log-level=WARNING']
2023-11-26 19:35:41;UNIUSDT;30m;5.0;100;30;78;100.0;3;76.48;['-batch-training', '-calc-rsi', '-verbose', '-prediction-mode=index', '-interval-list=30m', '-range-min-rsi=28', '-range-max-rsi=80', '-range-p-ema=50,250', '-target-margin-list=1.0,1.5,2.0,2.5,3.0,3.5,4.0,4.5,5.0', '-log-level=WARNING']
2023-11-26 20:33:07;UNIUSDT;30m;5.0;225;30;78;100.0;3;76.48;['-batch-training', '-calc-rsi', '-verbose', '-prediction-mode=index', '-interval-list=30m', '-range-min-rsi=28', '-range-max-rsi=80', '-range-p-ema=50,250', '-target-margin-list=1.0,1.5,2.0,2.5,3.0,3.5,4.0,4.5,5.0', '-log-level=WARNING']
2023-11-26 21:16:51;UNIUSDT;30m;5.0;75;30;78;100.0;3;76.48;['-batch-training', '-calc-rsi', '-verbose', '-prediction-mode=index', '-interval-list=30m', '-range-min-rsi=28', '-range-max-rsi=80', '-range-p-ema=50,250', '-target-margin-list=1.0,1.5,2.0,2.5,3.0,3.5,4.0,4.5,5.0', '-log-level=WARNING']
2023-11-26 20:46:51;UNIUSDT;30m;5.0;250;30;78;100.0;3;76.48;['-batch-training', '-calc-rsi', '-verbose', '-prediction-mode=index', '-interval-list=30m', '-range-min-rsi=28', '-range-max-rsi=80', '-range-p-ema=50,250', '-target-margin-list=1.0,1.5,2.0,2.5,3.0,3.5,4.0,4.5,5.0', '-log-level=WARNING']
2023-11-26 21:01:36;UNIUSDT;30m;5.0;50;30;78;100.0;3;76.48;['-batch-training', '-calc-rsi', '-verbose', '-prediction-mode=index', '-interval-list=30m', '-range-min-rsi=28', '-range-max-rsi=80', '-range-p-ema=50,250', '-target-margin-list=1.0,1.5,2.0,2.5,3.0,3.5,4.0,4.5,5.0', '-log-level=WARNING']
2023-11-26 20:08:09;UNIUSDT;30m;5.0;175;30;78;100.0;3;76.48;['-batch-training', '-calc-rsi', '-verbose', '-prediction-mode=index', '-interval-list=30m', '-range-min-rsi=28', '-range-max-rsi=80', '-range-p-ema=50,250', '-target-margin-list=1.0,1.5,2.0,2.5,3.0,3.5,4.0,4.5,5.0', '-log-level=WARNING']
2023-11-26 20:20:03;UNIUSDT;30m;5.0;200;30;78;100.0;3;76.48;['-batch-training', '-calc-rsi', '-verbose', '-prediction-mode=index', '-interval-list=30m', '-range-min-rsi=28', '-range-max-rsi=80', '-range-p-ema=50,250', '-target-margin-list=1.0,1.5,2.0,2.5,3.0,3.5,4.0,4.5,5.0', '-log-level=WARNING']
2023-11-26 19:58:07;UNIUSDT;30m;5.0;150;30;78;100.0;3;76.48;['-batch-training', '-calc-rsi', '-verbose', '-prediction-mode=index', '-interval-list=30m', '-range-min-rsi=28', '-range-max-rsi=80', '-range-p-ema=50,250', '-target-margin-list=1.0,1.5,2.0,2.5,3.0,3.5,4.0,4.5,5.0', '-log-level=WARNING']
2023-11-26 19:47:16;UNIUSDT;30m;5.0;125;30;78;100.0;3;76.48;['-batch-training', '-calc-rsi', '-verbose', '-prediction-mode=index', '-interval-list=30m', '-range-min-rsi=28', '-range-max-rsi=80', '-range-p-ema=50,250', '-target-margin-list=1.0,1.5,2.0,2.5,3.0,3.5,4.0,4.5,5.0', '-log-level=WARNING']
2023-11-26 20:16:27;UNIUSDT;30m;4.0;200;30;72;100.0;3;76.7;['-batch-training', '-calc-rsi', '-verbose', '-prediction-mode=index', '-interval-list=30m', '-range-min-rsi=28', '-range-max-rsi=80', '-range-p-ema=50,250', '-target-margin-list=1.0,1.5,2.0,2.5,3.0,3.5,4.0,4.5,5.0', '-log-level=WARNING']
2023-11-26 19:55:11;UNIUSDT;30m;4.0;150;30;72;100.0;3;76.7;['-batch-training', '-calc-rsi', '-verbose', '-prediction-mode=index', '-interval-list=30m', '-range-min-rsi=28', '-range-max-rsi=80', '-range-p-ema=50,250', '-target-margin-list=1.0,1.5,2.0,2.5,3.0,3.5,4.0,4.5,5.0', '-log-level=WARNING']
2023-11-26 21:13:01;UNIUSDT;30m;4.0;75;30;72;100.0;3;76.7;['-batch-training', '-calc-rsi', '-verbose', '-prediction-mode=index', '-interval-list=30m', '-range-min-rsi=28', '-range-max-rsi=80', '-range-p-ema=50,250', '-target-margin-list=1.0,1.5,2.0,2.5,3.0,3.5,4.0,4.5,5.0', '-log-level=WARNING']
2023-11-26 20:42:50;UNIUSDT;30m;4.0;250;30;72;100.0;3;76.7;['-batch-training', '-calc-rsi', '-verbose', '-prediction-mode=index', '-interval-list=30m', '-range-min-rsi=28', '-range-max-rsi=80', '-range-p-ema=50,250', '-target-margin-list=1.0,1.5,2.0,2.5,3.0,3.5,4.0,4.5,5.0', '-log-level=WARNING']
2023-11-26 20:29:19;UNIUSDT;30m;4.0;225;30;72;100.0;3;76.7;['-batch-training', '-calc-rsi', '-verbose', '-prediction-mode=index', '-interval-list=30m', '-range-min-rsi=28', '-range-max-rsi=80', '-range-p-ema=50,250', '-target-margin-list=1.0,1.5,2.0,2.5,3.0,3.5,4.0,4.5,5.0', '-log-level=WARNING']
2023-11-26 19:32:26;UNIUSDT;30m;4.0;100;30;72;100.0;3;76.7;['-batch-training', '-calc-rsi', '-verbose', '-prediction-mode=index', '-interval-list=30m', '-range-min-rsi=28', '-range-max-rsi=80', '-range-p-ema=50,250', '-target-margin-list=1.0,1.5,2.0,2.5,3.0,3.5,4.0,4.5,5.0', '-log-level=WARNING']
2023-11-26 20:57:15;UNIUSDT;30m;4.0;50;30;72;100.0;3;76.7;['-batch-training', '-calc-rsi', '-verbose', '-prediction-mode=index', '-interval-list=30m', '-range-min-rsi=28', '-range-max-rsi=80', '-range-p-ema=50,250', '-target-margin-list=1.0,1.5,2.0,2.5,3.0,3.5,4.0,4.5,5.0', '-log-level=WARNING']
2023-11-26 20:05:17;UNIUSDT;30m;4.0;175;30;72;100.0;3;76.7;['-batch-training', '-calc-rsi', '-verbose', '-prediction-mode=index', '-interval-list=30m', '-range-min-rsi=28', '-range-max-rsi=80', '-range-p-ema=50,250', '-target-margin-list=1.0,1.5,2.0,2.5,3.0,3.5,4.0,4.5,5.0', '-log-level=WARNING']
2023-11-26 19:43:57;UNIUSDT;30m;4.0;125;30;72;100.0;3;76.7;['-batch-training', '-calc-rsi', '-verbose', '-prediction-mode=index', '-interval-list=30m', '-range-min-rsi=28', '-range-max-rsi=80', '-range-p-ema=50,250', '-target-margin-list=1.0,1.5,2.0,2.5,3.0,3.5,4.0,4.5,5.0', '-log-level=WARNING']
2023-11-26 20:29:16;UNIUSDT;30m;4.0;225;28;72;100.0;3;77.25;['-batch-training', '-calc-rsi', '-verbose', '-prediction-mode=index', '-interval-list=30m', '-range-min-rsi=28', '-range-max-rsi=80', '-range-p-ema=50,250', '-target-margin-list=1.0,1.5,2.0,2.5,3.0,3.5,4.0,4.5,5.0', '-log-level=WARNING']
2023-11-26 21:12:56;UNIUSDT;30m;4.0;75;28;72;100.0;3;77.25;['-batch-training', '-calc-rsi', '-verbose', '-prediction-mode=index', '-interval-list=30m', '-range-min-rsi=28', '-range-max-rsi=80', '-range-p-ema=50,250', '-target-margin-list=1.0,1.5,2.0,2.5,3.0,3.5,4.0,4.5,5.0', '-log-level=WARNING']
2023-11-26 20:05:15;UNIUSDT;30m;4.0;175;28;72;100.0;3;77.25;['-batch-training', '-calc-rsi', '-verbose', '-prediction-mode=index', '-interval-list=30m', '-range-min-rsi=28', '-range-max-rsi=80', '-range-p-ema=50,250', '-target-margin-list=1.0,1.5,2.0,2.5,3.0,3.5,4.0,4.5,5.0', '-log-level=WARNING']
2023-11-26 19:43:54;UNIUSDT;30m;4.0;125;28;72;100.0;3;77.25;['-batch-training', '-calc-rsi', '-verbose', '-prediction-mode=index', '-interval-list=30m', '-range-min-rsi=28', '-range-max-rsi=80', '-range-p-ema=50,250', '-target-margin-list=1.0,1.5,2.0,2.5,3.0,3.5,4.0,4.5,5.0', '-log-level=WARNING']
2023-11-26 20:16:24;UNIUSDT;30m;4.0;200;28;72;100.0;3;77.25;['-batch-training', '-calc-rsi', '-verbose', '-prediction-mode=index', '-interval-list=30m', '-range-min-rsi=28', '-range-max-rsi=80', '-range-p-ema=50,250', '-target-margin-list=1.0,1.5,2.0,2.5,3.0,3.5,4.0,4.5,5.0', '-log-level=WARNING']
2023-11-26 20:57:11;UNIUSDT;30m;4.0;50;28;72;100.0;3;77.25;['-batch-training', '-calc-rsi', '-verbose', '-prediction-mode=index', '-interval-list=30m', '-range-min-rsi=28', '-range-max-rsi=80', '-range-p-ema=50,250', '-target-margin-list=1.0,1.5,2.0,2.5,3.0,3.5,4.0,4.5,5.0', '-log-level=WARNING']
2023-11-26 19:32:23;UNIUSDT;30m;4.0;100;28;72;100.0;3;77.25;['-batch-training', '-calc-rsi', '-verbose', '-prediction-mode=index', '-interval-list=30m', '-range-min-rsi=28', '-range-max-rsi=80', '-range-p-ema=50,250', '-target-margin-list=1.0,1.5,2.0,2.5,3.0,3.5,4.0,4.5,5.0', '-log-level=WARNING']
2023-11-26 20:42:47;UNIUSDT;30m;4.0;250;28;72;100.0;3;77.25;['-batch-training', '-calc-rsi', '-verbose', '-prediction-mode=index', '-interval-list=30m', '-range-min-rsi=28', '-range-max-rsi=80', '-range-p-ema=50,250', '-target-margin-list=1.0,1.5,2.0,2.5,3.0,3.5,4.0,4.5,5.0', '-log-level=WARNING']
2023-11-26 19:55:08;UNIUSDT;30m;4.0;150;28;72;100.0;3;77.25;['-batch-training', '-calc-rsi', '-verbose', '-prediction-mode=index', '-interval-list=30m', '-range-min-rsi=28', '-range-max-rsi=80', '-range-p-ema=50,250', '-target-margin-list=1.0,1.5,2.0,2.5,3.0,3.5,4.0,4.5,5.0', '-log-level=WARNING']
2023-11-26 19:51:56;UNIUSDT;30m;2.5;150;30;74;100.0;6;77.62;['-batch-training', '-calc-rsi', '-verbose', '-prediction-mode=index', '-interval-list=30m', '-range-min-rsi=28', '-range-max-rsi=80', '-range-p-ema=50,250', '-target-margin-list=1.0,1.5,2.0,2.5,3.0,3.5,4.0,4.5,5.0', '-log-level=WARNING']
2023-11-26 19:28:56;UNIUSDT;30m;2.5;100;30;74;100.0;6;77.62;['-batch-training', '-calc-rsi', '-verbose', '-prediction-mode=index', '-interval-list=30m', '-range-min-rsi=28', '-range-max-rsi=80', '-range-p-ema=50,250', '-target-margin-list=1.0,1.5,2.0,2.5,3.0,3.5,4.0,4.5,5.0', '-log-level=WARNING']
2023-11-26 20:25:32;UNIUSDT;30m;2.5;225;30;76;100.0;6;77.62;['-batch-training', '-calc-rsi', '-verbose', '-prediction-mode=index', '-interval-list=30m', '-range-min-rsi=28', '-range-max-rsi=80', '-range-p-ema=50,250', '-target-margin-list=1.0,1.5,2.0,2.5,3.0,3.5,4.0,4.5,5.0', '-log-level=WARNING']
2023-11-26 20:02:11;UNIUSDT;30m;2.5;175;30;74;100.0;6;77.62;['-batch-training', '-calc-rsi', '-verbose', '-prediction-mode=index', '-interval-list=30m', '-range-min-rsi=28', '-range-max-rsi=80', '-range-p-ema=50,250', '-target-margin-list=1.0,1.5,2.0,2.5,3.0,3.5,4.0,4.5,5.0', '-log-level=WARNING']
2023-11-26 19:40:40;UNIUSDT;30m;2.5;125;30;76;100.0;6;77.62;['-batch-training', '-calc-rsi', '-verbose', '-prediction-mode=index', '-interval-list=30m', '-range-min-rsi=28', '-range-max-rsi=80', '-range-p-ema=50,250', '-target-margin-list=1.0,1.5,2.0,2.5,3.0,3.5,4.0,4.5,5.0', '-log-level=WARNING']
2023-11-26 21:08:01;UNIUSDT;30m;2.5;75;30;74;100.0;6;77.62;['-batch-training', '-calc-rsi', '-verbose', '-prediction-mode=index', '-interval-list=30m', '-range-min-rsi=28', '-range-max-rsi=80', '-range-p-ema=50,250', '-target-margin-list=1.0,1.5,2.0,2.5,3.0,3.5,4.0,4.5,5.0', '-log-level=WARNING']
2023-11-26 20:25:16;UNIUSDT;30m;2.5;225;30;74;100.0;6;77.62;['-batch-training', '-calc-rsi', '-verbose', '-prediction-mode=index', '-interval-list=30m', '-range-min-rsi=28', '-range-max-rsi=80', '-range-p-ema=50,250', '-target-margin-list=1.0,1.5,2.0,2.5,3.0,3.5,4.0,4.5,5.0', '-log-level=WARNING']
2023-11-26 19:29:11;UNIUSDT;30m;2.5;100;30;76;100.0;6;77.62;['-batch-training', '-calc-rsi', '-verbose', '-prediction-mode=index', '-interval-list=30m', '-range-min-rsi=28', '-range-max-rsi=80', '-range-p-ema=50,250', '-target-margin-list=1.0,1.5,2.0,2.5,3.0,3.5,4.0,4.5,5.0', '-log-level=WARNING']
2023-11-26 20:02:25;UNIUSDT;30m;2.5;175;30;76;100.0;6;77.62;['-batch-training', '-calc-rsi', '-verbose', '-prediction-mode=index', '-interval-list=30m', '-range-min-rsi=28', '-range-max-rsi=80', '-range-p-ema=50,250', '-target-margin-list=1.0,1.5,2.0,2.5,3.0,3.5,4.0,4.5,5.0', '-log-level=WARNING']
2023-11-26 20:52:59;UNIUSDT;30m;2.5;50;30;76;100.0;6;77.62;['-batch-training', '-calc-rsi', '-verbose', '-prediction-mode=index', '-interval-list=30m', '-range-min-rsi=28', '-range-max-rsi=80', '-range-p-ema=50,250', '-target-margin-list=1.0,1.5,2.0,2.5,3.0,3.5,4.0,4.5,5.0', '-log-level=WARNING']
2023-11-26 20:12:57;UNIUSDT;30m;2.5;200;30;76;100.0;6;77.62;['-batch-training', '-calc-rsi', '-verbose', '-prediction-mode=index', '-interval-list=30m', '-range-min-rsi=28', '-range-max-rsi=80', '-range-p-ema=50,250', '-target-margin-list=1.0,1.5,2.0,2.5,3.0,3.5,4.0,4.5,5.0', '-log-level=WARNING']
2023-11-26 21:08:23;UNIUSDT;30m;2.5;75;30;76;100.0;6;77.62;['-batch-training', '-calc-rsi', '-verbose', '-prediction-mode=index', '-interval-list=30m', '-range-min-rsi=28', '-range-max-rsi=80', '-range-p-ema=50,250', '-target-margin-list=1.0,1.5,2.0,2.5,3.0,3.5,4.0,4.5,5.0', '-log-level=WARNING']
2023-11-26 19:52:11;UNIUSDT;30m;2.5;150;30;76;100.0;6;77.62;['-batch-training', '-calc-rsi', '-verbose', '-prediction-mode=index', '-interval-list=30m', '-range-min-rsi=28', '-range-max-rsi=80', '-range-p-ema=50,250', '-target-margin-list=1.0,1.5,2.0,2.5,3.0,3.5,4.0,4.5,5.0', '-log-level=WARNING']
2023-11-26 20:12:40;UNIUSDT;30m;2.5;200;30;74;100.0;6;77.62;['-batch-training', '-calc-rsi', '-verbose', '-prediction-mode=index', '-interval-list=30m', '-range-min-rsi=28', '-range-max-rsi=80', '-range-p-ema=50,250', '-target-margin-list=1.0,1.5,2.0,2.5,3.0,3.5,4.0,4.5,5.0', '-log-level=WARNING']
2023-11-26 20:52:39;UNIUSDT;30m;2.5;50;30;74;100.0;6;77.62;['-batch-training', '-calc-rsi', '-verbose', '-prediction-mode=index', '-interval-list=30m', '-range-min-rsi=28', '-range-max-rsi=80', '-range-p-ema=50,250', '-target-margin-list=1.0,1.5,2.0,2.5,3.0,3.5,4.0,4.5,5.0', '-log-level=WARNING']
2023-11-26 19:40:24;UNIUSDT;30m;2.5;125;30;74;100.0;6;77.62;['-batch-training', '-calc-rsi', '-verbose', '-prediction-mode=index', '-interval-list=30m', '-range-min-rsi=28', '-range-max-rsi=80', '-range-p-ema=50,250', '-target-margin-list=1.0,1.5,2.0,2.5,3.0,3.5,4.0,4.5,5.0', '-log-level=WARNING']
2023-11-26 19:51:59;UNIUSDT;30m;2.5;150;32;74;100.0;6;77.71;['-batch-training', '-calc-rsi', '-verbose', '-prediction-mode=index', '-interval-list=30m', '-range-min-rsi=28', '-range-max-rsi=80', '-range-p-ema=50,250', '-target-margin-list=1.0,1.5,2.0,2.5,3.0,3.5,4.0,4.5,5.0', '-log-level=WARNING']
2023-11-26 20:02:28;UNIUSDT;30m;2.5;175;32;76;100.0;6;77.71;['-batch-training', '-calc-rsi', '-verbose', '-prediction-mode=index', '-interval-list=30m', '-range-min-rsi=28', '-range-max-rsi=80', '-range-p-ema=50,250', '-target-margin-list=1.0,1.5,2.0,2.5,3.0,3.5,4.0,4.5,5.0', '-log-level=WARNING']
2023-11-26 20:02:15;UNIUSDT;30m;2.5;175;32;74;100.0;6;77.71;['-batch-training', '-calc-rsi', '-verbose', '-prediction-mode=index', '-interval-list=30m', '-range-min-rsi=28', '-range-max-rsi=80', '-range-p-ema=50,250', '-target-margin-list=1.0,1.5,2.0,2.5,3.0,3.5,4.0,4.5,5.0', '-log-level=WARNING']
2023-11-26 19:52:14;UNIUSDT;30m;2.5;150;32;76;100.0;6;77.71;['-batch-training', '-calc-rsi', '-verbose', '-prediction-mode=index', '-interval-list=30m', '-range-min-rsi=28', '-range-max-rsi=80', '-range-p-ema=50,250', '-target-margin-list=1.0,1.5,2.0,2.5,3.0,3.5,4.0,4.5,5.0', '-log-level=WARNING']
2023-11-26 20:26:51;UNIUSDT;30m;3.0;225;36;74;100.0;5;77.73;['-batch-training', '-calc-rsi', '-verbose', '-prediction-mode=index', '-interval-list=30m', '-range-min-rsi=28', '-range-max-rsi=80', '-range-p-ema=50,250', '-target-margin-list=1.0,1.5,2.0,2.5,3.0,3.5,4.0,4.5,5.0', '-log-level=WARNING']
2023-11-26 19:47:19;UNIUSDT;30m;5.0;125;32;78;100.0;3;77.77;['-batch-training', '-calc-rsi', '-verbose', '-prediction-mode=index', '-interval-list=30m', '-range-min-rsi=28', '-range-max-rsi=80', '-range-p-ema=50,250', '-target-margin-list=1.0,1.5,2.0,2.5,3.0,3.5,4.0,4.5,5.0', '-log-level=WARNING']
2023-11-26 21:16:54;UNIUSDT;30m;5.0;75;32;78;100.0;3;77.77;['-batch-training', '-calc-rsi', '-verbose', '-prediction-mode=index', '-interval-list=30m', '-range-min-rsi=28', '-range-max-rsi=80', '-range-p-ema=50,250', '-target-margin-list=1.0,1.5,2.0,2.5,3.0,3.5,4.0,4.5,5.0', '-log-level=WARNING']
2023-11-26 21:01:40;UNIUSDT;30m;5.0;50;32;78;100.0;3;77.77;['-batch-training', '-calc-rsi', '-verbose', '-prediction-mode=index', '-interval-list=30m', '-range-min-rsi=28', '-range-max-rsi=80', '-range-p-ema=50,250', '-target-margin-list=1.0,1.5,2.0,2.5,3.0,3.5,4.0,4.5,5.0', '-log-level=WARNING']
2023-11-26 19:35:43;UNIUSDT;30m;5.0;100;32;78;100.0;3;77.77;['-batch-training', '-calc-rsi', '-verbose', '-prediction-mode=index', '-interval-list=30m', '-range-min-rsi=28', '-range-max-rsi=80', '-range-p-ema=50,250', '-target-margin-list=1.0,1.5,2.0,2.5,3.0,3.5,4.0,4.5,5.0', '-log-level=WARNING']
2023-11-26 20:38:49;UNIUSDT;30m;2.5;250;30;76;100.0;6;78.09;['-batch-training', '-calc-rsi', '-verbose', '-prediction-mode=index', '-interval-list=30m', '-range-min-rsi=28', '-range-max-rsi=80', '-range-p-ema=50,250', '-target-margin-list=1.0,1.5,2.0,2.5,3.0,3.5,4.0,4.5,5.0', '-log-level=WARNING']
2023-11-26 20:38:31;UNIUSDT;30m;2.5;250;30;74;100.0;6;78.09;['-batch-training', '-calc-rsi', '-verbose', '-prediction-mode=index', '-interval-list=30m', '-range-min-rsi=28', '-range-max-rsi=80', '-range-p-ema=50,250', '-target-margin-list=1.0,1.5,2.0,2.5,3.0,3.5,4.0,4.5,5.0', '-log-level=WARNING']
2023-11-26 19:45:59;UNIUSDT;30m;4.5;125;30;78;100.0;3;78.41;['-batch-training', '-calc-rsi', '-verbose', '-prediction-mode=index', '-interval-list=30m', '-range-min-rsi=28', '-range-max-rsi=80', '-range-p-ema=50,250', '-target-margin-list=1.0,1.5,2.0,2.5,3.0,3.5,4.0,4.5,5.0', '-log-level=WARNING']
2023-11-26 19:34:24;UNIUSDT;30m;4.5;100;30;78;100.0;3;78.41;['-batch-training', '-calc-rsi', '-verbose', '-prediction-mode=index', '-interval-list=30m', '-range-min-rsi=28', '-range-max-rsi=80', '-range-p-ema=50,250', '-target-margin-list=1.0,1.5,2.0,2.5,3.0,3.5,4.0,4.5,5.0', '-log-level=WARNING']
2023-11-26 20:45:18;UNIUSDT;30m;4.5;250;30;78;100.0;3;78.41;['-batch-training', '-calc-rsi', '-verbose', '-prediction-mode=index', '-interval-list=30m', '-range-min-rsi=28', '-range-max-rsi=80', '-range-p-ema=50,250', '-target-margin-list=1.0,1.5,2.0,2.5,3.0,3.5,4.0,4.5,5.0', '-log-level=WARNING']
2023-11-26 21:15:25;UNIUSDT;30m;4.5;75;30;78;100.0;3;78.41;['-batch-training', '-calc-rsi', '-verbose', '-prediction-mode=index', '-interval-list=30m', '-range-min-rsi=28', '-range-max-rsi=80', '-range-p-ema=50,250', '-target-margin-list=1.0,1.5,2.0,2.5,3.0,3.5,4.0,4.5,5.0', '-log-level=WARNING']
2023-11-26 20:31:38;UNIUSDT;30m;4.5;225;30;78;100.0;3;78.41;['-batch-training', '-calc-rsi', '-verbose', '-prediction-mode=index', '-interval-list=30m', '-range-min-rsi=28', '-range-max-rsi=80', '-range-p-ema=50,250', '-target-margin-list=1.0,1.5,2.0,2.5,3.0,3.5,4.0,4.5,5.0', '-log-level=WARNING']
2023-11-26 19:56:59;UNIUSDT;30m;4.5;150;30;78;100.0;3;78.41;['-batch-training', '-calc-rsi', '-verbose', '-prediction-mode=index', '-interval-list=30m', '-range-min-rsi=28', '-range-max-rsi=80', '-range-p-ema=50,250', '-target-margin-list=1.0,1.5,2.0,2.5,3.0,3.5,4.0,4.5,5.0', '-log-level=WARNING']
2023-11-26 20:07:03;UNIUSDT;30m;4.5;175;30;78;100.0;3;78.41;['-batch-training', '-calc-rsi', '-verbose', '-prediction-mode=index', '-interval-list=30m', '-range-min-rsi=28', '-range-max-rsi=80', '-range-p-ema=50,250', '-target-margin-list=1.0,1.5,2.0,2.5,3.0,3.5,4.0,4.5,5.0', '-log-level=WARNING']
2023-11-26 20:18:39;UNIUSDT;30m;4.5;200;30;78;100.0;3;78.41;['-batch-training', '-calc-rsi', '-verbose', '-prediction-mode=index', '-interval-list=30m', '-range-min-rsi=28', '-range-max-rsi=80', '-range-p-ema=50,250', '-target-margin-list=1.0,1.5,2.0,2.5,3.0,3.5,4.0,4.5,5.0', '-log-level=WARNING']
2023-11-26 20:59:56;UNIUSDT;30m;4.5;50;30;78;100.0;3;78.41;['-batch-training', '-calc-rsi', '-verbose', '-prediction-mode=index', '-interval-list=30m', '-range-min-rsi=28', '-range-max-rsi=80', '-range-p-ema=50,250', '-target-margin-list=1.0,1.5,2.0,2.5,3.0,3.5,4.0,4.5,5.0', '-log-level=WARNING']
2023-11-26 20:39:59;UNIUSDT;30m;3.0;250;28;74;100.0;5;78.65;['-batch-training', '-calc-rsi', '-verbose', '-prediction-mode=index', '-interval-list=30m', '-range-min-rsi=28', '-range-max-rsi=80', '-range-p-ema=50,250', '-target-margin-list=1.0,1.5,2.0,2.5,3.0,3.5,4.0,4.5,5.0', '-log-level=WARNING']
2023-11-26 20:07:37;UNIUSDT;30m;5.0;175;36;72;100.0;5;78.89;['-batch-training', '-calc-rsi', '-verbose', '-prediction-mode=index', '-interval-list=30m', '-range-min-rsi=28', '-range-max-rsi=80', '-range-p-ema=50,250', '-target-margin-list=1.0,1.5,2.0,2.5,3.0,3.5,4.0,4.5,5.0', '-log-level=WARNING']
2023-11-26 20:46:07;UNIUSDT;30m;5.0;250;36;72;100.0;5;78.89;['-batch-training', '-calc-rsi', '-verbose', '-prediction-mode=index', '-interval-list=30m', '-range-min-rsi=28', '-range-max-rsi=80', '-range-p-ema=50,250', '-target-margin-list=1.0,1.5,2.0,2.5,3.0,3.5,4.0,4.5,5.0', '-log-level=WARNING']
2023-11-26 20:19:23;UNIUSDT;30m;5.0;200;36;72;100.0;5;78.89;['-batch-training', '-calc-rsi', '-verbose', '-prediction-mode=index', '-interval-list=30m', '-range-min-rsi=28', '-range-max-rsi=80', '-range-p-ema=50,250', '-target-margin-list=1.0,1.5,2.0,2.5,3.0,3.5,4.0,4.5,5.0', '-log-level=WARNING']
2023-11-26 20:32:24;UNIUSDT;30m;5.0;225;36;72;100.0;5;78.89;['-batch-training', '-calc-rsi', '-verbose', '-prediction-mode=index', '-interval-list=30m', '-range-min-rsi=28', '-range-max-rsi=80', '-range-p-ema=50,250', '-target-margin-list=1.0,1.5,2.0,2.5,3.0,3.5,4.0,4.5,5.0', '-log-level=WARNING']
2023-11-26 19:57:33;UNIUSDT;30m;5.0;150;34;72;100.0;6;79.21;['-batch-training', '-calc-rsi', '-verbose', '-prediction-mode=index', '-interval-list=30m', '-range-min-rsi=28', '-range-max-rsi=80', '-range-p-ema=50,250', '-target-margin-list=1.0,1.5,2.0,2.5,3.0,3.5,4.0,4.5,5.0', '-log-level=WARNING']
2023-11-26 19:35:01;UNIUSDT;30m;5.0;100;34;72;100.0;6;79.21;['-batch-training', '-calc-rsi', '-verbose', '-prediction-mode=index', '-interval-list=30m', '-range-min-rsi=28', '-range-max-rsi=80', '-range-p-ema=50,250', '-target-margin-list=1.0,1.5,2.0,2.5,3.0,3.5,4.0,4.5,5.0', '-log-level=WARNING']
2023-11-26 21:16:06;UNIUSDT;30m;5.0;75;34;72;100.0;6;79.21;['-batch-training', '-calc-rsi', '-verbose', '-prediction-mode=index', '-interval-list=30m', '-range-min-rsi=28', '-range-max-rsi=80', '-range-p-ema=50,250', '-target-margin-list=1.0,1.5,2.0,2.5,3.0,3.5,4.0,4.5,5.0', '-log-level=WARNING']
2023-11-26 20:07:35;UNIUSDT;30m;5.0;175;34;72;100.0;6;79.21;['-batch-training', '-calc-rsi', '-verbose', '-prediction-mode=index', '-interval-list=30m', '-range-min-rsi=28', '-range-max-rsi=80', '-range-p-ema=50,250', '-target-margin-list=1.0,1.5,2.0,2.5,3.0,3.5,4.0,4.5,5.0', '-log-level=WARNING']
2023-11-26 20:46:04;UNIUSDT;30m;5.0;250;34;72;100.0;6;79.21;['-batch-training', '-calc-rsi', '-verbose', '-prediction-mode=index', '-interval-list=30m', '-range-min-rsi=28', '-range-max-rsi=80', '-range-p-ema=50,250', '-target-margin-list=1.0,1.5,2.0,2.5,3.0,3.5,4.0,4.5,5.0', '-log-level=WARNING']
2023-11-26 20:32:21;UNIUSDT;30m;5.0;225;34;72;100.0;6;79.21;['-batch-training', '-calc-rsi', '-verbose', '-prediction-mode=index', '-interval-list=30m', '-range-min-rsi=28', '-range-max-rsi=80', '-range-p-ema=50,250', '-target-margin-list=1.0,1.5,2.0,2.5,3.0,3.5,4.0,4.5,5.0', '-log-level=WARNING']
2023-11-26 19:46:36;UNIUSDT;30m;5.0;125;34;72;100.0;6;79.21;['-batch-training', '-calc-rsi', '-verbose', '-prediction-mode=index', '-interval-list=30m', '-range-min-rsi=28', '-range-max-rsi=80', '-range-p-ema=50,250', '-target-margin-list=1.0,1.5,2.0,2.5,3.0,3.5,4.0,4.5,5.0', '-log-level=WARNING']
2023-11-26 21:00:43;UNIUSDT;30m;5.0;50;34;72;100.0;6;79.21;['-batch-training', '-calc-rsi', '-verbose', '-prediction-mode=index', '-interval-list=30m', '-range-min-rsi=28', '-range-max-rsi=80', '-range-p-ema=50,250', '-target-margin-list=1.0,1.5,2.0,2.5,3.0,3.5,4.0,4.5,5.0', '-log-level=WARNING']
2023-11-26 20:19:19;UNIUSDT;30m;5.0;200;34;72;100.0;6;79.21;['-batch-training', '-calc-rsi', '-verbose', '-prediction-mode=index', '-interval-list=30m', '-range-min-rsi=28', '-range-max-rsi=80', '-range-p-ema=50,250', '-target-margin-list=1.0,1.5,2.0,2.5,3.0,3.5,4.0,4.5,5.0', '-log-level=WARNING']
2023-11-26 20:36:57;UNIUSDT;30m;2.0;250;28;74;100.0;3;79.44;['-batch-training', '-calc-rsi', '-verbose', '-prediction-mode=index', '-interval-list=30m', '-range-min-rsi=28', '-range-max-rsi=80', '-range-p-ema=50,250', '-target-margin-list=1.0,1.5,2.0,2.5,3.0,3.5,4.0,4.5,5.0', '-log-level=WARNING']
2023-11-26 19:46:39;UNIUSDT;30m;5.0;125;36;72;100.0;6;79.53;['-batch-training', '-calc-rsi', '-verbose', '-prediction-mode=index', '-interval-list=30m', '-range-min-rsi=28', '-range-max-rsi=80', '-range-p-ema=50,250', '-target-margin-list=1.0,1.5,2.0,2.5,3.0,3.5,4.0,4.5,5.0', '-log-level=WARNING']
2023-11-26 21:16:09;UNIUSDT;30m;5.0;75;36;72;100.0;6;79.53;['-batch-training', '-calc-rsi', '-verbose', '-prediction-mode=index', '-interval-list=30m', '-range-min-rsi=28', '-range-max-rsi=80', '-range-p-ema=50,250', '-target-margin-list=1.0,1.5,2.0,2.5,3.0,3.5,4.0,4.5,5.0', '-log-level=WARNING']
2023-11-26 19:57:35;UNIUSDT;30m;5.0;150;36;72;100.0;6;79.53;['-batch-training', '-calc-rsi', '-verbose', '-prediction-mode=index', '-interval-list=30m', '-range-min-rsi=28', '-range-max-rsi=80', '-range-p-ema=50,250', '-target-margin-list=1.0,1.5,2.0,2.5,3.0,3.5,4.0,4.5,5.0', '-log-level=WARNING']
2023-11-26 19:35:04;UNIUSDT;30m;5.0;100;36;72;100.0;6;79.53;['-batch-training', '-calc-rsi', '-verbose', '-prediction-mode=index', '-interval-list=30m', '-range-min-rsi=28', '-range-max-rsi=80', '-range-p-ema=50,250', '-target-margin-list=1.0,1.5,2.0,2.5,3.0,3.5,4.0,4.5,5.0', '-log-level=WARNING']
2023-11-26 21:00:47;UNIUSDT;30m;5.0;50;36;72;100.0;6;79.53;['-batch-training', '-calc-rsi', '-verbose', '-prediction-mode=index', '-interval-list=30m', '-range-min-rsi=28', '-range-max-rsi=80', '-range-p-ema=50,250', '-target-margin-list=1.0,1.5,2.0,2.5,3.0,3.5,4.0,4.5,5.0', '-log-level=WARNING']
2023-11-26 21:05:01;UNIUSDT;30m;1.5;75;28;78;100.0;7;79.58;['-batch-training', '-calc-rsi', '-verbose', '-prediction-mode=index', '-interval-list=30m', '-range-min-rsi=28', '-range-max-rsi=80', '-range-p-ema=50,250', '-target-margin-list=1.0,1.5,2.0,2.5,3.0,3.5,4.0,4.5,5.0', '-log-level=WARNING']
2023-11-26 20:00:21;UNIUSDT;30m;1.5;175;28;78;100.0;7;79.58;['-batch-training', '-calc-rsi', '-verbose', '-prediction-mode=index', '-interval-list=30m', '-range-min-rsi=28', '-range-max-rsi=80', '-range-p-ema=50,250', '-target-margin-list=1.0,1.5,2.0,2.5,3.0,3.5,4.0,4.5,5.0', '-log-level=WARNING']
2023-11-26 19:49:49;UNIUSDT;30m;1.5;150;28;78;100.0;7;79.58;['-batch-training', '-calc-rsi', '-verbose', '-prediction-mode=index', '-interval-list=30m', '-range-min-rsi=28', '-range-max-rsi=80', '-range-p-ema=50,250', '-target-margin-list=1.0,1.5,2.0,2.5,3.0,3.5,4.0,4.5,5.0', '-log-level=WARNING']
2023-11-26 20:22:53;UNIUSDT;30m;1.5;225;28;78;100.0;7;79.58;['-batch-training', '-calc-rsi', '-verbose', '-prediction-mode=index', '-interval-list=30m', '-range-min-rsi=28', '-range-max-rsi=80', '-range-p-ema=50,250', '-target-margin-list=1.0,1.5,2.0,2.5,3.0,3.5,4.0,4.5,5.0', '-log-level=WARNING']
2023-11-26 20:49:59;UNIUSDT;30m;1.5;50;28;78;100.0;7;79.58;['-batch-training', '-calc-rsi', '-verbose', '-prediction-mode=index', '-interval-list=30m', '-range-min-rsi=28', '-range-max-rsi=80', '-range-p-ema=50,250', '-target-margin-list=1.0,1.5,2.0,2.5,3.0,3.5,4.0,4.5,5.0', '-log-level=WARNING']
2023-11-26 19:38:17;UNIUSDT;30m;1.5;125;28;78;100.0;7;79.58;['-batch-training', '-calc-rsi', '-verbose', '-prediction-mode=index', '-interval-list=30m', '-range-min-rsi=28', '-range-max-rsi=80', '-range-p-ema=50,250', '-target-margin-list=1.0,1.5,2.0,2.5,3.0,3.5,4.0,4.5,5.0', '-log-level=WARNING']
2023-11-26 20:10:31;UNIUSDT;30m;1.5;200;28;78;100.0;7;79.58;['-batch-training', '-calc-rsi', '-verbose', '-prediction-mode=index', '-interval-list=30m', '-range-min-rsi=28', '-range-max-rsi=80', '-range-p-ema=50,250', '-target-margin-list=1.0,1.5,2.0,2.5,3.0,3.5,4.0,4.5,5.0', '-log-level=WARNING']
2023-11-26 19:26:48;UNIUSDT;30m;1.5;100;28;78;100.0;7;79.58;['-batch-training', '-calc-rsi', '-verbose', '-prediction-mode=index', '-interval-list=30m', '-range-min-rsi=28', '-range-max-rsi=80', '-range-p-ema=50,250', '-target-margin-list=1.0,1.5,2.0,2.5,3.0,3.5,4.0,4.5,5.0', '-log-level=WARNING']
2023-11-26 20:30:04;UNIUSDT;30m;4.0;225;36;76;100.0;3;79.59;['-batch-training', '-calc-rsi', '-verbose', '-prediction-mode=index', '-interval-list=30m', '-range-min-rsi=28', '-range-max-rsi=80', '-range-p-ema=50,250', '-target-margin-list=1.0,1.5,2.0,2.5,3.0,3.5,4.0,4.5,5.0', '-log-level=WARNING']
2023-11-26 19:55:46;UNIUSDT;30m;4.0;150;36;76;100.0;3;79.59;['-batch-training', '-calc-rsi', '-verbose', '-prediction-mode=index', '-interval-list=30m', '-range-min-rsi=28', '-range-max-rsi=80', '-range-p-ema=50,250', '-target-margin-list=1.0,1.5,2.0,2.5,3.0,3.5,4.0,4.5,5.0', '-log-level=WARNING']
2023-11-26 20:17:10;UNIUSDT;30m;4.0;200;36;76;100.0;3;79.59;['-batch-training', '-calc-rsi', '-verbose', '-prediction-mode=index', '-interval-list=30m', '-range-min-rsi=28', '-range-max-rsi=80', '-range-p-ema=50,250', '-target-margin-list=1.0,1.5,2.0,2.5,3.0,3.5,4.0,4.5,5.0', '-log-level=WARNING']
2023-11-26 20:05:51;UNIUSDT;30m;4.0;175;36;76;100.0;3;79.59;['-batch-training', '-calc-rsi', '-verbose', '-prediction-mode=index', '-interval-list=30m', '-range-min-rsi=28', '-range-max-rsi=80', '-range-p-ema=50,250', '-target-margin-list=1.0,1.5,2.0,2.5,3.0,3.5,4.0,4.5,5.0', '-log-level=WARNING']
2023-11-26 20:43:37;UNIUSDT;30m;4.0;250;36;76;100.0;3;79.6;['-batch-training', '-calc-rsi', '-verbose', '-prediction-mode=index', '-interval-list=30m', '-range-min-rsi=28', '-range-max-rsi=80', '-range-p-ema=50,250', '-target-margin-list=1.0,1.5,2.0,2.5,3.0,3.5,4.0,4.5,5.0', '-log-level=WARNING']
2023-11-26 20:25:09;UNIUSDT;30m;2.5;225;36;72;100.0;7;79.63;['-batch-training', '-calc-rsi', '-verbose', '-prediction-mode=index', '-interval-list=30m', '-range-min-rsi=28', '-range-max-rsi=80', '-range-p-ema=50,250', '-target-margin-list=1.0,1.5,2.0,2.5,3.0,3.5,4.0,4.5,5.0', '-log-level=WARNING']
2023-11-26 20:23:45;UNIUSDT;30m;2.0;225;28;74;100.0;3;79.68;['-batch-training', '-calc-rsi', '-verbose', '-prediction-mode=index', '-interval-list=30m', '-range-min-rsi=28', '-range-max-rsi=80', '-range-p-ema=50,250', '-target-margin-list=1.0,1.5,2.0,2.5,3.0,3.5,4.0,4.5,5.0', '-log-level=WARNING']
2023-11-26 19:39:04;UNIUSDT;30m;2.0;125;28;74;100.0;3;79.68;['-batch-training', '-calc-rsi', '-verbose', '-prediction-mode=index', '-interval-list=30m', '-range-min-rsi=28', '-range-max-rsi=80', '-range-p-ema=50,250', '-target-margin-list=1.0,1.5,2.0,2.5,3.0,3.5,4.0,4.5,5.0', '-log-level=WARNING']
2023-11-26 20:25:19;UNIUSDT;30m;2.5;225;32;74;100.0;6;79.68;['-batch-training', '-calc-rsi', '-verbose', '-prediction-mode=index', '-interval-list=30m', '-range-min-rsi=28', '-range-max-rsi=80', '-range-p-ema=50,250', '-target-margin-list=1.0,1.5,2.0,2.5,3.0,3.5,4.0,4.5,5.0', '-log-level=WARNING']
2023-11-26 20:11:18;UNIUSDT;30m;2.0;200;28;74;100.0;3;79.68;['-batch-training', '-calc-rsi', '-verbose', '-prediction-mode=index', '-interval-list=30m', '-range-min-rsi=28', '-range-max-rsi=80', '-range-p-ema=50,250', '-target-margin-list=1.0,1.5,2.0,2.5,3.0,3.5,4.0,4.5,5.0', '-log-level=WARNING']
2023-11-26 20:25:36;UNIUSDT;30m;2.5;225;32;76;100.0;6;79.68;['-batch-training', '-calc-rsi', '-verbose', '-prediction-mode=index', '-interval-list=30m', '-range-min-rsi=28', '-range-max-rsi=80', '-range-p-ema=50,250', '-target-margin-list=1.0,1.5,2.0,2.5,3.0,3.5,4.0,4.5,5.0', '-log-level=WARNING']
2023-11-26 21:06:06;UNIUSDT;30m;2.0;75;28;74;100.0;3;79.68;['-batch-training', '-calc-rsi', '-verbose', '-prediction-mode=index', '-interval-list=30m', '-range-min-rsi=28', '-range-max-rsi=80', '-range-p-ema=50,250', '-target-margin-list=1.0,1.5,2.0,2.5,3.0,3.5,4.0,4.5,5.0', '-log-level=WARNING']
2023-11-26 19:27:34;UNIUSDT;30m;2.0;100;28;74;100.0;3;79.68;['-batch-training', '-calc-rsi', '-verbose', '-prediction-mode=index', '-interval-list=30m', '-range-min-rsi=28', '-range-max-rsi=80', '-range-p-ema=50,250', '-target-margin-list=1.0,1.5,2.0,2.5,3.0,3.5,4.0,4.5,5.0', '-log-level=WARNING']
2023-11-26 20:01:01;UNIUSDT;30m;2.0;175;28;74;100.0;3;79.68;['-batch-training', '-calc-rsi', '-verbose', '-prediction-mode=index', '-interval-list=30m', '-range-min-rsi=28', '-range-max-rsi=80', '-range-p-ema=50,250', '-target-margin-list=1.0,1.5,2.0,2.5,3.0,3.5,4.0,4.5,5.0', '-log-level=WARNING']
2023-11-26 20:12:43;UNIUSDT;30m;2.5;200;32;74;100.0;6;79.68;['-batch-training', '-calc-rsi', '-verbose', '-prediction-mode=index', '-interval-list=30m', '-range-min-rsi=28', '-range-max-rsi=80', '-range-p-ema=50,250', '-target-margin-list=1.0,1.5,2.0,2.5,3.0,3.5,4.0,4.5,5.0', '-log-level=WARNING']
2023-11-26 20:13:00;UNIUSDT;30m;2.5;200;32;76;100.0;6;79.68;['-batch-training', '-calc-rsi', '-verbose', '-prediction-mode=index', '-interval-list=30m', '-range-min-rsi=28', '-range-max-rsi=80', '-range-p-ema=50,250', '-target-margin-list=1.0,1.5,2.0,2.5,3.0,3.5,4.0,4.5,5.0', '-log-level=WARNING']
2023-11-26 20:50:57;UNIUSDT;30m;2.0;50;28;74;100.0;3;79.68;['-batch-training', '-calc-rsi', '-verbose', '-prediction-mode=index', '-interval-list=30m', '-range-min-rsi=28', '-range-max-rsi=80', '-range-p-ema=50,250', '-target-margin-list=1.0,1.5,2.0,2.5,3.0,3.5,4.0,4.5,5.0', '-log-level=WARNING']
2023-11-26 19:50:35;UNIUSDT;30m;2.0;150;28;74;100.0;3;79.68;['-batch-training', '-calc-rsi', '-verbose', '-prediction-mode=index', '-interval-list=30m', '-range-min-rsi=28', '-range-max-rsi=80', '-range-p-ema=50,250', '-target-margin-list=1.0,1.5,2.0,2.5,3.0,3.5,4.0,4.5,5.0', '-log-level=WARNING']
2023-11-26 20:02:06;UNIUSDT;30m;2.5;175;36;72;100.0;7;79.8;['-batch-training', '-calc-rsi', '-verbose', '-prediction-mode=index', '-interval-list=30m', '-range-min-rsi=28', '-range-max-rsi=80', '-range-p-ema=50,250', '-target-margin-list=1.0,1.5,2.0,2.5,3.0,3.5,4.0,4.5,5.0', '-log-level=WARNING']
2023-11-26 20:07:06;UNIUSDT;30m;4.5;175;32;78;100.0;6;79.82;['-batch-training', '-calc-rsi', '-verbose', '-prediction-mode=index', '-interval-list=30m', '-range-min-rsi=28', '-range-max-rsi=80', '-range-p-ema=50,250', '-target-margin-list=1.0,1.5,2.0,2.5,3.0,3.5,4.0,4.5,5.0', '-log-level=WARNING']
2023-11-26 19:33:58;UNIUSDT;30m;4.5;100;32;74;100.0;6;79.82;['-batch-training', '-calc-rsi', '-verbose', '-prediction-mode=index', '-interval-list=30m', '-range-min-rsi=28', '-range-max-rsi=80', '-range-p-ema=50,250', '-target-margin-list=1.0,1.5,2.0,2.5,3.0,3.5,4.0,4.5,5.0', '-log-level=WARNING']
2023-11-26 20:31:24;UNIUSDT;30m;4.5;225;32;76;100.0;6;79.82;['-batch-training', '-calc-rsi', '-verbose', '-prediction-mode=index', '-interval-list=30m', '-range-min-rsi=28', '-range-max-rsi=80', '-range-p-ema=50,250', '-target-margin-list=1.0,1.5,2.0,2.5,3.0,3.5,4.0,4.5,5.0', '-log-level=WARNING']
2023-11-26 19:56:35;UNIUSDT;30m;4.5;150;32;74;100.0;6;79.82;['-batch-training', '-calc-rsi', '-verbose', '-prediction-mode=index', '-interval-list=30m', '-range-min-rsi=28', '-range-max-rsi=80', '-range-p-ema=50,250', '-target-margin-list=1.0,1.5,2.0,2.5,3.0,3.5,4.0,4.5,5.0', '-log-level=WARNING']
2023-11-26 20:18:43;UNIUSDT;30m;4.5;200;32;78;100.0;6;79.82;['-batch-training', '-calc-rsi', '-verbose', '-prediction-mode=index', '-interval-list=30m', '-range-min-rsi=28', '-range-max-rsi=80', '-range-p-ema=50,250', '-target-margin-list=1.0,1.5,2.0,2.5,3.0,3.5,4.0,4.5,5.0', '-log-level=WARNING']
2023-11-26 20:44:45;UNIUSDT;30m;4.5;250;32;74;100.0;6;79.82;['-batch-training', '-calc-rsi', '-verbose', '-prediction-mode=index', '-interval-list=30m', '-range-min-rsi=28', '-range-max-rsi=80', '-range-p-ema=50,250', '-target-margin-list=1.0,1.5,2.0,2.5,3.0,3.5,4.0,4.5,5.0', '-log-level=WARNING']
2023-11-26 20:06:52;UNIUSDT;30m;4.5;175;32;76;100.0;6;79.82;['-batch-training', '-calc-rsi', '-verbose', '-prediction-mode=index', '-interval-list=30m', '-range-min-rsi=28', '-range-max-rsi=80', '-range-p-ema=50,250', '-target-margin-list=1.0,1.5,2.0,2.5,3.0,3.5,4.0,4.5,5.0', '-log-level=WARNING']
2023-11-26 19:57:02;UNIUSDT;30m;4.5;150;32;78;100.0;6;79.82;['-batch-training', '-calc-rsi', '-verbose', '-prediction-mode=index', '-interval-list=30m', '-range-min-rsi=28', '-range-max-rsi=80', '-range-p-ema=50,250', '-target-margin-list=1.0,1.5,2.0,2.5,3.0,3.5,4.0,4.5,5.0', '-log-level=WARNING']
2023-11-26 19:34:12;UNIUSDT;30m;4.5;100;32;76;100.0;6;79.82;['-batch-training', '-calc-rsi', '-verbose', '-prediction-mode=index', '-interval-list=30m', '-range-min-rsi=28', '-range-max-rsi=80', '-range-p-ema=50,250', '-target-margin-list=1.0,1.5,2.0,2.5,3.0,3.5,4.0,4.5,5.0', '-log-level=WARNING']
2023-11-26 19:56:49;UNIUSDT;30m;4.5;150;32;76;100.0;6;79.82;['-batch-training', '-calc-rsi', '-verbose', '-prediction-mode=index', '-interval-list=30m', '-range-min-rsi=28', '-range-max-rsi=80', '-range-p-ema=50,250', '-target-margin-list=1.0,1.5,2.0,2.5,3.0,3.5,4.0,4.5,5.0', '-log-level=WARNING']
2023-11-26 21:15:12;UNIUSDT;30m;4.5;75;32;76;100.0;6;79.82;['-batch-training', '-calc-rsi', '-verbose', '-prediction-mode=index', '-interval-list=30m', '-range-min-rsi=28', '-range-max-rsi=80', '-range-p-ema=50,250', '-target-margin-list=1.0,1.5,2.0,2.5,3.0,3.5,4.0,4.5,5.0', '-log-level=WARNING']
2023-11-26 19:46:03;UNIUSDT;30m;4.5;125;32;78;100.0;6;79.82;['-batch-training', '-calc-rsi', '-verbose', '-prediction-mode=index', '-interval-list=30m', '-range-min-rsi=28', '-range-max-rsi=80', '-range-p-ema=50,250', '-target-margin-list=1.0,1.5,2.0,2.5,3.0,3.5,4.0,4.5,5.0', '-log-level=WARNING']
2023-11-26 19:34:27;UNIUSDT;30m;4.5;100;32;78;100.0;6;79.82;['-batch-training', '-calc-rsi', '-verbose', '-prediction-mode=index', '-interval-list=30m', '-range-min-rsi=28', '-range-max-rsi=80', '-range-p-ema=50,250', '-target-margin-list=1.0,1.5,2.0,2.5,3.0,3.5,4.0,4.5,5.0', '-log-level=WARNING']
2023-11-26 20:31:41;UNIUSDT;30m;4.5;225;32;78;100.0;6;79.82;['-batch-training', '-calc-rsi', '-verbose', '-prediction-mode=index', '-interval-list=30m', '-range-min-rsi=28', '-range-max-rsi=80', '-range-p-ema=50,250', '-target-margin-list=1.0,1.5,2.0,2.5,3.0,3.5,4.0,4.5,5.0', '-log-level=WARNING']
2023-11-26 20:59:59;UNIUSDT;30m;4.5;50;32;78;100.0;6;79.82;['-batch-training', '-calc-rsi', '-verbose', '-prediction-mode=index', '-interval-list=30m', '-range-min-rsi=28', '-range-max-rsi=80', '-range-p-ema=50,250', '-target-margin-list=1.0,1.5,2.0,2.5,3.0,3.5,4.0,4.5,5.0', '-log-level=WARNING']
2023-11-26 20:45:22;UNIUSDT;30m;4.5;250;32;78;100.0;6;79.82;['-batch-training', '-calc-rsi', '-verbose', '-prediction-mode=index', '-interval-list=30m', '-range-min-rsi=28', '-range-max-rsi=80', '-range-p-ema=50,250', '-target-margin-list=1.0,1.5,2.0,2.5,3.0,3.5,4.0,4.5,5.0', '-log-level=WARNING']
2023-11-26 20:59:39;UNIUSDT;30m;4.5;50;32;76;100.0;6;79.82;['-batch-training', '-calc-rsi', '-verbose', '-prediction-mode=index', '-interval-list=30m', '-range-min-rsi=28', '-range-max-rsi=80', '-range-p-ema=50,250', '-target-margin-list=1.0,1.5,2.0,2.5,3.0,3.5,4.0,4.5,5.0', '-log-level=WARNING']
2023-11-26 21:14:55;UNIUSDT;30m;4.5;75;32;74;100.0;6;79.82;['-batch-training', '-calc-rsi', '-verbose', '-prediction-mode=index', '-interval-list=30m', '-range-min-rsi=28', '-range-max-rsi=80', '-range-p-ema=50,250', '-target-margin-list=1.0,1.5,2.0,2.5,3.0,3.5,4.0,4.5,5.0', '-log-level=WARNING']
2023-11-26 19:45:31;UNIUSDT;30m;4.5;125;32;74;100.0;6;79.82;['-batch-training', '-calc-rsi', '-verbose', '-prediction-mode=index', '-interval-list=30m', '-range-min-rsi=28', '-range-max-rsi=80', '-range-p-ema=50,250', '-target-margin-list=1.0,1.5,2.0,2.5,3.0,3.5,4.0,4.5,5.0', '-log-level=WARNING']
2023-11-26 20:59:19;UNIUSDT;30m;4.5;50;32;74;100.0;6;79.82;['-batch-training', '-calc-rsi', '-verbose', '-prediction-mode=index', '-interval-list=30m', '-range-min-rsi=28', '-range-max-rsi=80', '-range-p-ema=50,250', '-target-margin-list=1.0,1.5,2.0,2.5,3.0,3.5,4.0,4.5,5.0', '-log-level=WARNING']
2023-11-26 19:45:46;UNIUSDT;30m;4.5;125;32;76;100.0;6;79.82;['-batch-training', '-calc-rsi', '-verbose', '-prediction-mode=index', '-interval-list=30m', '-range-min-rsi=28', '-range-max-rsi=80', '-range-p-ema=50,250', '-target-margin-list=1.0,1.5,2.0,2.5,3.0,3.5,4.0,4.5,5.0', '-log-level=WARNING']
2023-11-26 20:45:02;UNIUSDT;30m;4.5;250;32;76;100.0;6;79.82;['-batch-training', '-calc-rsi', '-verbose', '-prediction-mode=index', '-interval-list=30m', '-range-min-rsi=28', '-range-max-rsi=80', '-range-p-ema=50,250', '-target-margin-list=1.0,1.5,2.0,2.5,3.0,3.5,4.0,4.5,5.0', '-log-level=WARNING']
2023-11-26 20:06:40;UNIUSDT;30m;4.5;175;32;74;100.0;6;79.82;['-batch-training', '-calc-rsi', '-verbose', '-prediction-mode=index', '-interval-list=30m', '-range-min-rsi=28', '-range-max-rsi=80', '-range-p-ema=50,250', '-target-margin-list=1.0,1.5,2.0,2.5,3.0,3.5,4.0,4.5,5.0', '-log-level=WARNING']
2023-11-26 20:31:07;UNIUSDT;30m;4.5;225;32;74;100.0;6;79.82;['-batch-training', '-calc-rsi', '-verbose', '-prediction-mode=index', '-interval-list=30m', '-range-min-rsi=28', '-range-max-rsi=80', '-range-p-ema=50,250', '-target-margin-list=1.0,1.5,2.0,2.5,3.0,3.5,4.0,4.5,5.0', '-log-level=WARNING']
2023-11-26 20:18:09;UNIUSDT;30m;4.5;200;32;74;100.0;6;79.82;['-batch-training', '-calc-rsi', '-verbose', '-prediction-mode=index', '-interval-list=30m', '-range-min-rsi=28', '-range-max-rsi=80', '-range-p-ema=50,250', '-target-margin-list=1.0,1.5,2.0,2.5,3.0,3.5,4.0,4.5,5.0', '-log-level=WARNING']
2023-11-26 20:18:26;UNIUSDT;30m;4.5;200;32;76;100.0;6;79.82;['-batch-training', '-calc-rsi', '-verbose', '-prediction-mode=index', '-interval-list=30m', '-range-min-rsi=28', '-range-max-rsi=80', '-range-p-ema=50,250', '-target-margin-list=1.0,1.5,2.0,2.5,3.0,3.5,4.0,4.5,5.0', '-log-level=WARNING']
2023-11-26 21:15:30;UNIUSDT;30m;4.5;75;32;78;100.0;6;79.82;['-batch-training', '-calc-rsi', '-verbose', '-prediction-mode=index', '-interval-list=30m', '-range-min-rsi=28', '-range-max-rsi=80', '-range-p-ema=50,250', '-target-margin-list=1.0,1.5,2.0,2.5,3.0,3.5,4.0,4.5,5.0', '-log-level=WARNING']
2023-11-26 20:26:48;UNIUSDT;30m;3.0;225;34;74;100.0;5;79.83;['-batch-training', '-calc-rsi', '-verbose', '-prediction-mode=index', '-interval-list=30m', '-range-min-rsi=28', '-range-max-rsi=80', '-range-p-ema=50,250', '-target-margin-list=1.0,1.5,2.0,2.5,3.0,3.5,4.0,4.5,5.0', '-log-level=WARNING']
2023-11-26 19:45:22;UNIUSDT;30m;4.5;125;36;72;100.0;7;79.86;['-batch-training', '-calc-rsi', '-verbose', '-prediction-mode=index', '-interval-list=30m', '-range-min-rsi=28', '-range-max-rsi=80', '-range-p-ema=50,250', '-target-margin-list=1.0,1.5,2.0,2.5,3.0,3.5,4.0,4.5,5.0', '-log-level=WARNING']
2023-11-26 19:33:49;UNIUSDT;30m;4.5;100;36;72;100.0;7;79.86;['-batch-training', '-calc-rsi', '-verbose', '-prediction-mode=index', '-interval-list=30m', '-range-min-rsi=28', '-range-max-rsi=80', '-range-p-ema=50,250', '-target-margin-list=1.0,1.5,2.0,2.5,3.0,3.5,4.0,4.5,5.0', '-log-level=WARNING']
2023-11-26 19:56:27;UNIUSDT;30m;4.5;150;36;72;100.0;7;79.86;['-batch-training', '-calc-rsi', '-verbose', '-prediction-mode=index', '-interval-list=30m', '-range-min-rsi=28', '-range-max-rsi=80', '-range-p-ema=50,250', '-target-margin-list=1.0,1.5,2.0,2.5,3.0,3.5,4.0,4.5,5.0', '-log-level=WARNING']
2023-11-26 20:06:31;UNIUSDT;30m;4.5;175;36;72;100.0;7;79.86;['-batch-training', '-calc-rsi', '-verbose', '-prediction-mode=index', '-interval-list=30m', '-range-min-rsi=28', '-range-max-rsi=80', '-range-p-ema=50,250', '-target-margin-list=1.0,1.5,2.0,2.5,3.0,3.5,4.0,4.5,5.0', '-log-level=WARNING']
2023-11-26 21:14:45;UNIUSDT;30m;4.5;75;36;72;100.0;7;79.86;['-batch-training', '-calc-rsi', '-verbose', '-prediction-mode=index', '-interval-list=30m', '-range-min-rsi=28', '-range-max-rsi=80', '-range-p-ema=50,250', '-target-margin-list=1.0,1.5,2.0,2.5,3.0,3.5,4.0,4.5,5.0', '-log-level=WARNING']
2023-11-26 20:30:57;UNIUSDT;30m;4.5;225;36;72;100.0;7;79.86;['-batch-training', '-calc-rsi', '-verbose', '-prediction-mode=index', '-interval-list=30m', '-range-min-rsi=28', '-range-max-rsi=80', '-range-p-ema=50,250', '-target-margin-list=1.0,1.5,2.0,2.5,3.0,3.5,4.0,4.5,5.0', '-log-level=WARNING']
2023-11-26 20:44:33;UNIUSDT;30m;4.5;250;36;72;100.0;7;79.86;['-batch-training', '-calc-rsi', '-verbose', '-prediction-mode=index', '-interval-list=30m', '-range-min-rsi=28', '-range-max-rsi=80', '-range-p-ema=50,250', '-target-margin-list=1.0,1.5,2.0,2.5,3.0,3.5,4.0,4.5,5.0', '-log-level=WARNING']
2023-11-26 20:59:07;UNIUSDT;30m;4.5;50;36;72;100.0;7;79.86;['-batch-training', '-calc-rsi', '-verbose', '-prediction-mode=index', '-interval-list=30m', '-range-min-rsi=28', '-range-max-rsi=80', '-range-p-ema=50,250', '-target-margin-list=1.0,1.5,2.0,2.5,3.0,3.5,4.0,4.5,5.0', '-log-level=WARNING']
2023-11-26 20:18:00;UNIUSDT;30m;4.5;200;36;72;100.0;7;79.86;['-batch-training', '-calc-rsi', '-verbose', '-prediction-mode=index', '-interval-list=30m', '-range-min-rsi=28', '-range-max-rsi=80', '-range-p-ema=50,250', '-target-margin-list=1.0,1.5,2.0,2.5,3.0,3.5,4.0,4.5,5.0', '-log-level=WARNING']
2023-11-26 20:29:33;UNIUSDT;30m;4.0;225;28;74;100.0;3;79.89;['-batch-training', '-calc-rsi', '-verbose', '-prediction-mode=index', '-interval-list=30m', '-range-min-rsi=28', '-range-max-rsi=80', '-range-p-ema=50,250', '-target-margin-list=1.0,1.5,2.0,2.5,3.0,3.5,4.0,4.5,5.0', '-log-level=WARNING']
2023-11-26 19:44:24;UNIUSDT;30m;4.0;125;28;76;100.0;3;79.89;['-batch-training', '-calc-rsi', '-verbose', '-prediction-mode=index', '-interval-list=30m', '-range-min-rsi=28', '-range-max-rsi=80', '-range-p-ema=50,250', '-target-margin-list=1.0,1.5,2.0,2.5,3.0,3.5,4.0,4.5,5.0', '-log-level=WARNING']
2023-11-26 21:13:39;UNIUSDT;30m;4.0;75;28;76;100.0;3;79.89;['-batch-training', '-calc-rsi', '-verbose', '-prediction-mode=index', '-interval-list=30m', '-range-min-rsi=28', '-range-max-rsi=80', '-range-p-ema=50,250', '-target-margin-list=1.0,1.5,2.0,2.5,3.0,3.5,4.0,4.5,5.0', '-log-level=WARNING']
2023-11-26 20:16:41;UNIUSDT;30m;4.0;200;28;74;100.0;3;79.89;['-batch-training', '-calc-rsi', '-verbose', '-prediction-mode=index', '-interval-list=30m', '-range-min-rsi=28', '-range-max-rsi=80', '-range-p-ema=50,250', '-target-margin-list=1.0,1.5,2.0,2.5,3.0,3.5,4.0,4.5,5.0', '-log-level=WARNING']
2023-11-26 20:16:57;UNIUSDT;30m;4.0;200;28;76;100.0;3;79.89;['-batch-training', '-calc-rsi', '-verbose', '-prediction-mode=index', '-interval-list=30m', '-range-min-rsi=28', '-range-max-rsi=80', '-range-p-ema=50,250', '-target-margin-list=1.0,1.5,2.0,2.5,3.0,3.5,4.0,4.5,5.0', '-log-level=WARNING']
2023-11-26 20:43:23;UNIUSDT;30m;4.0;250;28;76;100.0;3;79.89;['-batch-training', '-calc-rsi', '-verbose', '-prediction-mode=index', '-interval-list=30m', '-range-min-rsi=28', '-range-max-rsi=80', '-range-p-ema=50,250', '-target-margin-list=1.0,1.5,2.0,2.5,3.0,3.5,4.0,4.5,5.0', '-log-level=WARNING']
2023-11-26 19:44:09;UNIUSDT;30m;4.0;125;28;74;100.0;3;79.89;['-batch-training', '-calc-rsi', '-verbose', '-prediction-mode=index', '-interval-list=30m', '-range-min-rsi=28', '-range-max-rsi=80', '-range-p-ema=50,250', '-target-margin-list=1.0,1.5,2.0,2.5,3.0,3.5,4.0,4.5,5.0', '-log-level=WARNING']
2023-11-26 20:43:04;UNIUSDT;30m;4.0;250;28;74;100.0;3;79.89;['-batch-training', '-calc-rsi', '-verbose', '-prediction-mode=index', '-interval-list=30m', '-range-min-rsi=28', '-range-max-rsi=80', '-range-p-ema=50,250', '-target-margin-list=1.0,1.5,2.0,2.5,3.0,3.5,4.0,4.5,5.0', '-log-level=WARNING']
2023-11-26 20:05:28;UNIUSDT;30m;4.0;175;28;74;100.0;3;79.89;['-batch-training', '-calc-rsi', '-verbose', '-prediction-mode=index', '-interval-list=30m', '-range-min-rsi=28', '-range-max-rsi=80', '-range-p-ema=50,250', '-target-margin-list=1.0,1.5,2.0,2.5,3.0,3.5,4.0,4.5,5.0', '-log-level=WARNING']
2023-11-26 20:05:41;UNIUSDT;30m;4.0;175;28;76;100.0;3;79.89;['-batch-training', '-calc-rsi', '-verbose', '-prediction-mode=index', '-interval-list=30m', '-range-min-rsi=28', '-range-max-rsi=80', '-range-p-ema=50,250', '-target-margin-list=1.0,1.5,2.0,2.5,3.0,3.5,4.0,4.5,5.0', '-log-level=WARNING']
2023-11-26 19:32:38;UNIUSDT;30m;4.0;100;28;74;100.0;3;79.89;['-batch-training', '-calc-rsi', '-verbose', '-prediction-mode=index', '-interval-list=30m', '-range-min-rsi=28', '-range-max-rsi=80', '-range-p-ema=50,250', '-target-margin-list=1.0,1.5,2.0,2.5,3.0,3.5,4.0,4.5,5.0', '-log-level=WARNING']
2023-11-26 20:57:31;UNIUSDT;30m;4.0;50;28;74;100.0;3;79.89;['-batch-training', '-calc-rsi', '-verbose', '-prediction-mode=index', '-interval-list=30m', '-range-min-rsi=28', '-range-max-rsi=80', '-range-p-ema=50,250', '-target-margin-list=1.0,1.5,2.0,2.5,3.0,3.5,4.0,4.5,5.0', '-log-level=WARNING']
2023-11-26 19:32:53;UNIUSDT;30m;4.0;100;28;76;100.0;3;79.89;['-batch-training', '-calc-rsi', '-verbose', '-prediction-mode=index', '-interval-list=30m', '-range-min-rsi=28', '-range-max-rsi=80', '-range-p-ema=50,250', '-target-margin-list=1.0,1.5,2.0,2.5,3.0,3.5,4.0,4.5,5.0', '-log-level=WARNING']
2023-11-26 20:57:51;UNIUSDT;30m;4.0;50;28;76;100.0;3;79.89;['-batch-training', '-calc-rsi', '-verbose', '-prediction-mode=index', '-interval-list=30m', '-range-min-rsi=28', '-range-max-rsi=80', '-range-p-ema=50,250', '-target-margin-list=1.0,1.5,2.0,2.5,3.0,3.5,4.0,4.5,5.0', '-log-level=WARNING']
2023-11-26 19:55:21;UNIUSDT;30m;4.0;150;28;74;100.0;3;79.89;['-batch-training', '-calc-rsi', '-verbose', '-prediction-mode=index', '-interval-list=30m', '-range-min-rsi=28', '-range-max-rsi=80', '-range-p-ema=50,250', '-target-margin-list=1.0,1.5,2.0,2.5,3.0,3.5,4.0,4.5,5.0', '-log-level=WARNING']
2023-11-26 20:29:50;UNIUSDT;30m;4.0;225;28;76;100.0;3;79.89;['-batch-training', '-calc-rsi', '-verbose', '-prediction-mode=index', '-interval-list=30m', '-range-min-rsi=28', '-range-max-rsi=80', '-range-p-ema=50,250', '-target-margin-list=1.0,1.5,2.0,2.5,3.0,3.5,4.0,4.5,5.0', '-log-level=WARNING']
2023-11-26 19:55:35;UNIUSDT;30m;4.0;150;28;76;100.0;3;79.89;['-batch-training', '-calc-rsi', '-verbose', '-prediction-mode=index', '-interval-list=30m', '-range-min-rsi=28', '-range-max-rsi=80', '-range-p-ema=50,250', '-target-margin-list=1.0,1.5,2.0,2.5,3.0,3.5,4.0,4.5,5.0', '-log-level=WARNING']
2023-11-26 20:38:24;UNIUSDT;30m;2.5;250;36;72;100.0;7;79.89;['-batch-training', '-calc-rsi', '-verbose', '-prediction-mode=index', '-interval-list=30m', '-range-min-rsi=28', '-range-max-rsi=80', '-range-p-ema=50,250', '-target-margin-list=1.0,1.5,2.0,2.5,3.0,3.5,4.0,4.5,5.0', '-log-level=WARNING']
2023-11-26 21:13:19;UNIUSDT;30m;4.0;75;28;74;100.0;3;79.89;['-batch-training', '-calc-rsi', '-verbose', '-prediction-mode=index', '-interval-list=30m', '-range-min-rsi=28', '-range-max-rsi=80', '-range-p-ema=50,250', '-target-margin-list=1.0,1.5,2.0,2.5,3.0,3.5,4.0,4.5,5.0', '-log-level=WARNING']
2023-11-26 19:33:46;UNIUSDT;30m;4.5;100;34;72;100.0;7;80.03;['-batch-training', '-calc-rsi', '-verbose', '-prediction-mode=index', '-interval-list=30m', '-range-min-rsi=28', '-range-max-rsi=80', '-range-p-ema=50,250', '-target-margin-list=1.0,1.5,2.0,2.5,3.0,3.5,4.0,4.5,5.0', '-log-level=WARNING']
2023-11-26 20:17:56;UNIUSDT;30m;4.5;200;34;72;100.0;7;80.03;['-batch-training', '-calc-rsi', '-verbose', '-prediction-mode=index', '-interval-list=30m', '-range-min-rsi=28', '-range-max-rsi=80', '-range-p-ema=50,250', '-target-margin-list=1.0,1.5,2.0,2.5,3.0,3.5,4.0,4.5,5.0', '-log-level=WARNING']
2023-11-26 20:44:29;UNIUSDT;30m;4.5;250;34;72;100.0;7;80.03;['-batch-training', '-calc-rsi', '-verbose', '-prediction-mode=index', '-interval-list=30m', '-range-min-rsi=28', '-range-max-rsi=80', '-range-p-ema=50,250', '-target-margin-list=1.0,1.5,2.0,2.5,3.0,3.5,4.0,4.5,5.0', '-log-level=WARNING']
2023-11-26 21:14:42;UNIUSDT;30m;4.5;75;34;72;100.0;7;80.03;['-batch-training', '-calc-rsi', '-verbose', '-prediction-mode=index', '-interval-list=30m', '-range-min-rsi=28', '-range-max-rsi=80', '-range-p-ema=50,250', '-target-margin-list=1.0,1.5,2.0,2.5,3.0,3.5,4.0,4.5,5.0', '-log-level=WARNING']
2023-11-26 20:06:29;UNIUSDT;30m;4.5;175;34;72;100.0;7;80.03;['-batch-training', '-calc-rsi', '-verbose', '-prediction-mode=index', '-interval-list=30m', '-range-min-rsi=28', '-range-max-rsi=80', '-range-p-ema=50,250', '-target-margin-list=1.0,1.5,2.0,2.5,3.0,3.5,4.0,4.5,5.0', '-log-level=WARNING']
2023-11-26 19:56:25;UNIUSDT;30m;4.5;150;34;72;100.0;7;80.03;['-batch-training', '-calc-rsi', '-verbose', '-prediction-mode=index', '-interval-list=30m', '-range-min-rsi=28', '-range-max-rsi=80', '-range-p-ema=50,250', '-target-margin-list=1.0,1.5,2.0,2.5,3.0,3.5,4.0,4.5,5.0', '-log-level=WARNING']
2023-11-26 20:30:54;UNIUSDT;30m;4.5;225;34;72;100.0;7;80.03;['-batch-training', '-calc-rsi', '-verbose', '-prediction-mode=index', '-interval-list=30m', '-range-min-rsi=28', '-range-max-rsi=80', '-range-p-ema=50,250', '-target-margin-list=1.0,1.5,2.0,2.5,3.0,3.5,4.0,4.5,5.0', '-log-level=WARNING']
2023-11-26 20:59:03;UNIUSDT;30m;4.5;50;34;72;100.0;7;80.03;['-batch-training', '-calc-rsi', '-verbose', '-prediction-mode=index', '-interval-list=30m', '-range-min-rsi=28', '-range-max-rsi=80', '-range-p-ema=50,250', '-target-margin-list=1.0,1.5,2.0,2.5,3.0,3.5,4.0,4.5,5.0', '-log-level=WARNING']
2023-11-26 19:45:19;UNIUSDT;30m;4.5;125;34;72;100.0;7;80.03;['-batch-training', '-calc-rsi', '-verbose', '-prediction-mode=index', '-interval-list=30m', '-range-min-rsi=28', '-range-max-rsi=80', '-range-p-ema=50,250', '-target-margin-list=1.0,1.5,2.0,2.5,3.0,3.5,4.0,4.5,5.0', '-log-level=WARNING']
2023-11-26 20:36:03;UNIUSDT;30m;1.5;250;28;78;100.0;7;80.06;['-batch-training', '-calc-rsi', '-verbose', '-prediction-mode=index', '-interval-list=30m', '-range-min-rsi=28', '-range-max-rsi=80', '-range-p-ema=50,250', '-target-margin-list=1.0,1.5,2.0,2.5,3.0,3.5,4.0,4.5,5.0', '-log-level=WARNING']
2023-11-26 20:03:26;UNIUSDT;30m;3.0;175;36;74;100.0;5;80.09;['-batch-training', '-calc-rsi', '-verbose', '-prediction-mode=index', '-interval-list=30m', '-range-min-rsi=28', '-range-max-rsi=80', '-range-p-ema=50,250', '-target-margin-list=1.0,1.5,2.0,2.5,3.0,3.5,4.0,4.5,5.0', '-log-level=WARNING']
2023-11-26 20:14:11;UNIUSDT;30m;3.0;200;36;74;100.0;5;80.09;['-batch-training', '-calc-rsi', '-verbose', '-prediction-mode=index', '-interval-list=30m', '-range-min-rsi=28', '-range-max-rsi=80', '-range-p-ema=50,250', '-target-margin-list=1.0,1.5,2.0,2.5,3.0,3.5,4.0,4.5,5.0', '-log-level=WARNING']
2023-11-26 20:38:53;UNIUSDT;30m;2.5;250;32;76;100.0;6;80.16;['-batch-training', '-calc-rsi', '-verbose', '-prediction-mode=index', '-interval-list=30m', '-range-min-rsi=28', '-range-max-rsi=80', '-range-p-ema=50,250', '-target-margin-list=1.0,1.5,2.0,2.5,3.0,3.5,4.0,4.5,5.0', '-log-level=WARNING']
2023-11-26 20:38:35;UNIUSDT;30m;2.5;250;32;74;100.0;6;80.16;['-batch-training', '-calc-rsi', '-verbose', '-prediction-mode=index', '-interval-list=30m', '-range-min-rsi=28', '-range-max-rsi=80', '-range-p-ema=50,250', '-target-margin-list=1.0,1.5,2.0,2.5,3.0,3.5,4.0,4.5,5.0', '-log-level=WARNING']
2023-11-26 20:12:21;UNIUSDT;30m;2.5;200;28;72;100.0;6;80.25;['-batch-training', '-calc-rsi', '-verbose', '-prediction-mode=index', '-interval-list=30m', '-range-min-rsi=28', '-range-max-rsi=80', '-range-p-ema=50,250', '-target-margin-list=1.0,1.5,2.0,2.5,3.0,3.5,4.0,4.5,5.0', '-log-level=WARNING']
2023-11-26 20:24:55;UNIUSDT;30m;2.5;225;28;72;100.0;6;80.25;['-batch-training', '-calc-rsi', '-verbose', '-prediction-mode=index', '-interval-list=30m', '-range-min-rsi=28', '-range-max-rsi=80', '-range-p-ema=50,250', '-target-margin-list=1.0,1.5,2.0,2.5,3.0,3.5,4.0,4.5,5.0', '-log-level=WARNING']
2023-11-26 19:40:06;UNIUSDT;30m;2.5;125;28;72;100.0;6;80.25;['-batch-training', '-calc-rsi', '-verbose', '-prediction-mode=index', '-interval-list=30m', '-range-min-rsi=28', '-range-max-rsi=80', '-range-p-ema=50,250', '-target-margin-list=1.0,1.5,2.0,2.5,3.0,3.5,4.0,4.5,5.0', '-log-level=WARNING']
2023-11-26 21:07:34;UNIUSDT;30m;2.5;75;28;72;100.0;6;80.25;['-batch-training', '-calc-rsi', '-verbose', '-prediction-mode=index', '-interval-list=30m', '-range-min-rsi=28', '-range-max-rsi=80', '-range-p-ema=50,250', '-target-margin-list=1.0,1.5,2.0,2.5,3.0,3.5,4.0,4.5,5.0', '-log-level=WARNING']
2023-11-26 19:51:38;UNIUSDT;30m;2.5;150;28;72;100.0;6;80.25;['-batch-training', '-calc-rsi', '-verbose', '-prediction-mode=index', '-interval-list=30m', '-range-min-rsi=28', '-range-max-rsi=80', '-range-p-ema=50,250', '-target-margin-list=1.0,1.5,2.0,2.5,3.0,3.5,4.0,4.5,5.0', '-log-level=WARNING']
2023-11-26 19:28:38;UNIUSDT;30m;2.5;100;28;72;100.0;6;80.25;['-batch-training', '-calc-rsi', '-verbose', '-prediction-mode=index', '-interval-list=30m', '-range-min-rsi=28', '-range-max-rsi=80', '-range-p-ema=50,250', '-target-margin-list=1.0,1.5,2.0,2.5,3.0,3.5,4.0,4.5,5.0', '-log-level=WARNING']
2023-11-26 20:52:14;UNIUSDT;30m;2.5;50;28;72;100.0;6;80.25;['-batch-training', '-calc-rsi', '-verbose', '-prediction-mode=index', '-interval-list=30m', '-range-min-rsi=28', '-range-max-rsi=80', '-range-p-ema=50,250', '-target-margin-list=1.0,1.5,2.0,2.5,3.0,3.5,4.0,4.5,5.0', '-log-level=WARNING']
2023-11-26 20:01:56;UNIUSDT;30m;2.5;175;28;72;100.0;6;80.25;['-batch-training', '-calc-rsi', '-verbose', '-prediction-mode=index', '-interval-list=30m', '-range-min-rsi=28', '-range-max-rsi=80', '-range-p-ema=50,250', '-target-margin-list=1.0,1.5,2.0,2.5,3.0,3.5,4.0,4.5,5.0', '-log-level=WARNING']
2023-11-26 20:30:49;UNIUSDT;30m;4.5;225;32;72;100.0;7;80.27;['-batch-training', '-calc-rsi', '-verbose', '-prediction-mode=index', '-interval-list=30m', '-range-min-rsi=28', '-range-max-rsi=80', '-range-p-ema=50,250', '-target-margin-list=1.0,1.5,2.0,2.5,3.0,3.5,4.0,4.5,5.0', '-log-level=WARNING']
2023-11-26 20:06:26;UNIUSDT;30m;4.5;175;32;72;100.0;7;80.27;['-batch-training', '-calc-rsi', '-verbose', '-prediction-mode=index', '-interval-list=30m', '-range-min-rsi=28', '-range-max-rsi=80', '-range-p-ema=50,250', '-target-margin-list=1.0,1.5,2.0,2.5,3.0,3.5,4.0,4.5,5.0', '-log-level=WARNING']
2023-11-26 20:44:26;UNIUSDT;30m;4.5;250;32;72;100.0;7;80.27;['-batch-training', '-calc-rsi', '-verbose', '-prediction-mode=index', '-interval-list=30m', '-range-min-rsi=28', '-range-max-rsi=80', '-range-p-ema=50,250', '-target-margin-list=1.0,1.5,2.0,2.5,3.0,3.5,4.0,4.5,5.0', '-log-level=WARNING']
2023-11-26 19:45:16;UNIUSDT;30m;4.5;125;32;72;100.0;7;80.27;['-batch-training', '-calc-rsi', '-verbose', '-prediction-mode=index', '-interval-list=30m', '-range-min-rsi=28', '-range-max-rsi=80', '-range-p-ema=50,250', '-target-margin-list=1.0,1.5,2.0,2.5,3.0,3.5,4.0,4.5,5.0', '-log-level=WARNING']
2023-11-26 19:56:22;UNIUSDT;30m;4.5;150;32;72;100.0;7;80.27;['-batch-training', '-calc-rsi', '-verbose', '-prediction-mode=index', '-interval-list=30m', '-range-min-rsi=28', '-range-max-rsi=80', '-range-p-ema=50,250', '-target-margin-list=1.0,1.5,2.0,2.5,3.0,3.5,4.0,4.5,5.0', '-log-level=WARNING']
2023-11-26 21:14:38;UNIUSDT;30m;4.5;75;32;72;100.0;7;80.27;['-batch-training', '-calc-rsi', '-verbose', '-prediction-mode=index', '-interval-list=30m', '-range-min-rsi=28', '-range-max-rsi=80', '-range-p-ema=50,250', '-target-margin-list=1.0,1.5,2.0,2.5,3.0,3.5,4.0,4.5,5.0', '-log-level=WARNING']
2023-11-26 20:58:59;UNIUSDT;30m;4.5;50;32;72;100.0;7;80.27;['-batch-training', '-calc-rsi', '-verbose', '-prediction-mode=index', '-interval-list=30m', '-range-min-rsi=28', '-range-max-rsi=80', '-range-p-ema=50,250', '-target-margin-list=1.0,1.5,2.0,2.5,3.0,3.5,4.0,4.5,5.0', '-log-level=WARNING']
2023-11-26 19:33:43;UNIUSDT;30m;4.5;100;32;72;100.0;7;80.27;['-batch-training', '-calc-rsi', '-verbose', '-prediction-mode=index', '-interval-list=30m', '-range-min-rsi=28', '-range-max-rsi=80', '-range-p-ema=50,250', '-target-margin-list=1.0,1.5,2.0,2.5,3.0,3.5,4.0,4.5,5.0', '-log-level=WARNING']
2023-11-26 20:17:53;UNIUSDT;30m;4.5;200;32;72;100.0;7;80.27;['-batch-training', '-calc-rsi', '-verbose', '-prediction-mode=index', '-interval-list=30m', '-range-min-rsi=28', '-range-max-rsi=80', '-range-p-ema=50,250', '-target-margin-list=1.0,1.5,2.0,2.5,3.0,3.5,4.0,4.5,5.0', '-log-level=WARNING']
2023-11-26 21:14:51;UNIUSDT;30m;4.5;75;30;74;100.0;6;80.33;['-batch-training', '-calc-rsi', '-verbose', '-prediction-mode=index', '-interval-list=30m', '-range-min-rsi=28', '-range-max-rsi=80', '-range-p-ema=50,250', '-target-margin-list=1.0,1.5,2.0,2.5,3.0,3.5,4.0,4.5,5.0', '-log-level=WARNING']
2023-11-26 19:56:32;UNIUSDT;30m;4.5;150;30;74;100.0;6;80.33;['-batch-training', '-calc-rsi', '-verbose', '-prediction-mode=index', '-interval-list=30m', '-range-min-rsi=28', '-range-max-rsi=80', '-range-p-ema=50,250', '-target-margin-list=1.0,1.5,2.0,2.5,3.0,3.5,4.0,4.5,5.0', '-log-level=WARNING']
2023-11-26 19:56:46;UNIUSDT;30m;4.5;150;30;76;100.0;6;80.33;['-batch-training', '-calc-rsi', '-verbose', '-prediction-mode=index', '-interval-list=30m', '-range-min-rsi=28', '-range-max-rsi=80', '-range-p-ema=50,250', '-target-margin-list=1.0,1.5,2.0,2.5,3.0,3.5,4.0,4.5,5.0', '-log-level=WARNING']
2023-11-26 20:31:04;UNIUSDT;30m;4.5;225;30;74;100.0;6;80.33;['-batch-training', '-calc-rsi', '-verbose', '-prediction-mode=index', '-interval-list=30m', '-range-min-rsi=28', '-range-max-rsi=80', '-range-p-ema=50,250', '-target-margin-list=1.0,1.5,2.0,2.5,3.0,3.5,4.0,4.5,5.0', '-log-level=WARNING']
2023-11-26 21:15:09;UNIUSDT;30m;4.5;75;30;76;100.0;6;80.33;['-batch-training', '-calc-rsi', '-verbose', '-prediction-mode=index', '-interval-list=30m', '-range-min-rsi=28', '-range-max-rsi=80', '-range-p-ema=50,250', '-target-margin-list=1.0,1.5,2.0,2.5,3.0,3.5,4.0,4.5,5.0', '-log-level=WARNING']
2023-11-26 19:56:59;UNIUSDT;30m;4.5;150;30;78;100.0;6;80.33;['-batch-training', '-calc-rsi', '-verbose', '-prediction-mode=index', '-interval-list=30m', '-range-min-rsi=28', '-range-max-rsi=80', '-range-p-ema=50,250', '-target-margin-list=1.0,1.5,2.0,2.5,3.0,3.5,4.0,4.5,5.0', '-log-level=WARNING']
2023-11-26 20:31:38;UNIUSDT;30m;4.5;225;30;78;100.0;6;80.33;['-batch-training', '-calc-rsi', '-verbose', '-prediction-mode=index', '-interval-list=30m', '-range-min-rsi=28', '-range-max-rsi=80', '-range-p-ema=50,250', '-target-margin-list=1.0,1.5,2.0,2.5,3.0,3.5,4.0,4.5,5.0', '-log-level=WARNING']
2023-11-26 21:15:25;UNIUSDT;30m;4.5;75;30;78;100.0;6;80.33;['-batch-training', '-calc-rsi', '-verbose', '-prediction-mode=index', '-interval-list=30m', '-range-min-rsi=28', '-range-max-rsi=80', '-range-p-ema=50,250', '-target-margin-list=1.0,1.5,2.0,2.5,3.0,3.5,4.0,4.5,5.0', '-log-level=WARNING']
2023-11-26 20:06:50;UNIUSDT;30m;4.5;175;30;76;100.0;6;80.33;['-batch-training', '-calc-rsi', '-verbose', '-prediction-mode=index', '-interval-list=30m', '-range-min-rsi=28', '-range-max-rsi=80', '-range-p-ema=50,250', '-target-margin-list=1.0,1.5,2.0,2.5,3.0,3.5,4.0,4.5,5.0', '-log-level=WARNING']
2023-11-26 20:31:21;UNIUSDT;30m;4.5;225;30;76;100.0;6;80.33;['-batch-training', '-calc-rsi', '-verbose', '-prediction-mode=index', '-interval-list=30m', '-range-min-rsi=28', '-range-max-rsi=80', '-range-p-ema=50,250', '-target-margin-list=1.0,1.5,2.0,2.5,3.0,3.5,4.0,4.5,5.0', '-log-level=WARNING']
2023-11-26 20:18:06;UNIUSDT;30m;4.5;200;30;74;100.0;6;80.33;['-batch-training', '-calc-rsi', '-verbose', '-prediction-mode=index', '-interval-list=30m', '-range-min-rsi=28', '-range-max-rsi=80', '-range-p-ema=50,250', '-target-margin-list=1.0,1.5,2.0,2.5,3.0,3.5,4.0,4.5,5.0', '-log-level=WARNING']
2023-11-26 20:59:14;UNIUSDT;30m;4.5;50;30;74;100.0;6;80.33;['-batch-training', '-calc-rsi', '-verbose', '-prediction-mode=index', '-interval-list=30m', '-range-min-rsi=28', '-range-max-rsi=80', '-range-p-ema=50,250', '-target-margin-list=1.0,1.5,2.0,2.5,3.0,3.5,4.0,4.5,5.0', '-log-level=WARNING']
2023-11-26 20:59:35;UNIUSDT;30m;4.5;50;30;76;100.0;6;80.33;['-batch-training', '-calc-rsi', '-verbose', '-prediction-mode=index', '-interval-list=30m', '-range-min-rsi=28', '-range-max-rsi=80', '-range-p-ema=50,250', '-target-margin-list=1.0,1.5,2.0,2.5,3.0,3.5,4.0,4.5,5.0', '-log-level=WARNING']
2023-11-26 20:07:03;UNIUSDT;30m;4.5;175;30;78;100.0;6;80.33;['-batch-training', '-calc-rsi', '-verbose', '-prediction-mode=index', '-interval-list=30m', '-range-min-rsi=28', '-range-max-rsi=80', '-range-p-ema=50,250', '-target-margin-list=1.0,1.5,2.0,2.5,3.0,3.5,4.0,4.5,5.0', '-log-level=WARNING']
2023-11-26 19:45:43;UNIUSDT;30m;4.5;125;30;76;100.0;6;80.33;['-batch-training', '-calc-rsi', '-verbose', '-prediction-mode=index', '-interval-list=30m', '-range-min-rsi=28', '-range-max-rsi=80', '-range-p-ema=50,250', '-target-margin-list=1.0,1.5,2.0,2.5,3.0,3.5,4.0,4.5,5.0', '-log-level=WARNING']
2023-11-26 19:45:28;UNIUSDT;30m;4.5;125;30;74;100.0;6;80.33;['-batch-training', '-calc-rsi', '-verbose', '-prediction-mode=index', '-interval-list=30m', '-range-min-rsi=28', '-range-max-rsi=80', '-range-p-ema=50,250', '-target-margin-list=1.0,1.5,2.0,2.5,3.0,3.5,4.0,4.5,5.0', '-log-level=WARNING']
2023-11-26 20:45:18;UNIUSDT;30m;4.5;250;30;78;100.0;6;80.33;['-batch-training', '-calc-rsi', '-verbose', '-prediction-mode=index', '-interval-list=30m', '-range-min-rsi=28', '-range-max-rsi=80', '-range-p-ema=50,250', '-target-margin-list=1.0,1.5,2.0,2.5,3.0,3.5,4.0,4.5,5.0', '-log-level=WARNING']
2023-11-26 20:18:23;UNIUSDT;30m;4.5;200;30;76;100.0;6;80.33;['-batch-training', '-calc-rsi', '-verbose', '-prediction-mode=index', '-interval-list=30m', '-range-min-rsi=28', '-range-max-rsi=80', '-range-p-ema=50,250', '-target-margin-list=1.0,1.5,2.0,2.5,3.0,3.5,4.0,4.5,5.0', '-log-level=WARNING']
2023-11-26 19:34:24;UNIUSDT;30m;4.5;100;30;78;100.0;6;80.33;['-batch-training', '-calc-rsi', '-verbose', '-prediction-mode=index', '-interval-list=30m', '-range-min-rsi=28', '-range-max-rsi=80', '-range-p-ema=50,250', '-target-margin-list=1.0,1.5,2.0,2.5,3.0,3.5,4.0,4.5,5.0', '-log-level=WARNING']
2023-11-26 20:44:59;UNIUSDT;30m;4.5;250;30;76;100.0;6;80.33;['-batch-training', '-calc-rsi', '-verbose', '-prediction-mode=index', '-interval-list=30m', '-range-min-rsi=28', '-range-max-rsi=80', '-range-p-ema=50,250', '-target-margin-list=1.0,1.5,2.0,2.5,3.0,3.5,4.0,4.5,5.0', '-log-level=WARNING']
2023-11-26 20:06:37;UNIUSDT;30m;4.5;175;30;74;100.0;6;80.33;['-batch-training', '-calc-rsi', '-verbose', '-prediction-mode=index', '-interval-list=30m', '-range-min-rsi=28', '-range-max-rsi=80', '-range-p-ema=50,250', '-target-margin-list=1.0,1.5,2.0,2.5,3.0,3.5,4.0,4.5,5.0', '-log-level=WARNING']
2023-11-26 19:34:09;UNIUSDT;30m;4.5;100;30;76;100.0;6;80.33;['-batch-training', '-calc-rsi', '-verbose', '-prediction-mode=index', '-interval-list=30m', '-range-min-rsi=28', '-range-max-rsi=80', '-range-p-ema=50,250', '-target-margin-list=1.0,1.5,2.0,2.5,3.0,3.5,4.0,4.5,5.0', '-log-level=WARNING']
2023-11-26 20:44:41;UNIUSDT;30m;4.5;250;30;74;100.0;6;80.33;['-batch-training', '-calc-rsi', '-verbose', '-prediction-mode=index', '-interval-list=30m', '-range-min-rsi=28', '-range-max-rsi=80', '-range-p-ema=50,250', '-target-margin-list=1.0,1.5,2.0,2.5,3.0,3.5,4.0,4.5,5.0', '-log-level=WARNING']
2023-11-26 19:33:55;UNIUSDT;30m;4.5;100;30;74;100.0;6;80.33;['-batch-training', '-calc-rsi', '-verbose', '-prediction-mode=index', '-interval-list=30m', '-range-min-rsi=28', '-range-max-rsi=80', '-range-p-ema=50,250', '-target-margin-list=1.0,1.5,2.0,2.5,3.0,3.5,4.0,4.5,5.0', '-log-level=WARNING']
2023-11-26 20:18:40;UNIUSDT;30m;4.5;200;30;78;100.0;6;80.33;['-batch-training', '-calc-rsi', '-verbose', '-prediction-mode=index', '-interval-list=30m', '-range-min-rsi=28', '-range-max-rsi=80', '-range-p-ema=50,250', '-target-margin-list=1.0,1.5,2.0,2.5,3.0,3.5,4.0,4.5,5.0', '-log-level=WARNING']
2023-11-26 20:59:56;UNIUSDT;30m;4.5;50;30;78;100.0;6;80.33;['-batch-training', '-calc-rsi', '-verbose', '-prediction-mode=index', '-interval-list=30m', '-range-min-rsi=28', '-range-max-rsi=80', '-range-p-ema=50,250', '-target-margin-list=1.0,1.5,2.0,2.5,3.0,3.5,4.0,4.5,5.0', '-log-level=WARNING']
2023-11-26 19:46:00;UNIUSDT;30m;4.5;125;30;78;100.0;6;80.33;['-batch-training', '-calc-rsi', '-verbose', '-prediction-mode=index', '-interval-list=30m', '-range-min-rsi=28', '-range-max-rsi=80', '-range-p-ema=50,250', '-target-margin-list=1.0,1.5,2.0,2.5,3.0,3.5,4.0,4.5,5.0', '-log-level=WARNING']
2023-11-26 20:29:29;UNIUSDT;30m;4.0;225;36;72;100.0;3;80.34;['-batch-training', '-calc-rsi', '-verbose', '-prediction-mode=index', '-interval-list=30m', '-range-min-rsi=28', '-range-max-rsi=80', '-range-p-ema=50,250', '-target-margin-list=1.0,1.5,2.0,2.5,3.0,3.5,4.0,4.5,5.0', '-log-level=WARNING']
2023-11-26 20:05:25;UNIUSDT;30m;4.0;175;36;72;100.0;3;80.34;['-batch-training', '-calc-rsi', '-verbose', '-prediction-mode=index', '-interval-list=30m', '-range-min-rsi=28', '-range-max-rsi=80', '-range-p-ema=50,250', '-target-margin-list=1.0,1.5,2.0,2.5,3.0,3.5,4.0,4.5,5.0', '-log-level=WARNING']
2023-11-26 20:16:37;UNIUSDT;30m;4.0;200;36;72;100.0;3;80.34;['-batch-training', '-calc-rsi', '-verbose', '-prediction-mode=index', '-interval-list=30m', '-range-min-rsi=28', '-range-max-rsi=80', '-range-p-ema=50,250', '-target-margin-list=1.0,1.5,2.0,2.5,3.0,3.5,4.0,4.5,5.0', '-log-level=WARNING']
2023-11-26 20:43:01;UNIUSDT;30m;4.0;250;36;72;100.0;3;80.34;['-batch-training', '-calc-rsi', '-verbose', '-prediction-mode=index', '-interval-list=30m', '-range-min-rsi=28', '-range-max-rsi=80', '-range-p-ema=50,250', '-target-margin-list=1.0,1.5,2.0,2.5,3.0,3.5,4.0,4.5,5.0', '-log-level=WARNING']
2023-11-26 19:56:57;UNIUSDT;30m;4.5;150;28;78;100.0;6;80.36;['-batch-training', '-calc-rsi', '-verbose', '-prediction-mode=index', '-interval-list=30m', '-range-min-rsi=28', '-range-max-rsi=80', '-range-p-ema=50,250', '-target-margin-list=1.0,1.5,2.0,2.5,3.0,3.5,4.0,4.5,5.0', '-log-level=WARNING']
2023-11-26 19:33:52;UNIUSDT;30m;4.5;100;28;74;100.0;6;80.36;['-batch-training', '-calc-rsi', '-verbose', '-prediction-mode=index', '-interval-list=30m', '-range-min-rsi=28', '-range-max-rsi=80', '-range-p-ema=50,250', '-target-margin-list=1.0,1.5,2.0,2.5,3.0,3.5,4.0,4.5,5.0', '-log-level=WARNING']
2023-11-26 19:56:30;UNIUSDT;30m;4.5;150;28;74;100.0;6;80.36;['-batch-training', '-calc-rsi', '-verbose', '-prediction-mode=index', '-interval-list=30m', '-range-min-rsi=28', '-range-max-rsi=80', '-range-p-ema=50,250', '-target-margin-list=1.0,1.5,2.0,2.5,3.0,3.5,4.0,4.5,5.0', '-log-level=WARNING']
2023-11-26 21:14:48;UNIUSDT;30m;4.5;75;28;74;100.0;6;80.36;['-batch-training', '-calc-rsi', '-verbose', '-prediction-mode=index', '-interval-list=30m', '-range-min-rsi=28', '-range-max-rsi=80', '-range-p-ema=50,250', '-target-margin-list=1.0,1.5,2.0,2.5,3.0,3.5,4.0,4.5,5.0', '-log-level=WARNING']
2023-11-26 20:06:34;UNIUSDT;30m;4.5;175;28;74;100.0;6;80.36;['-batch-training', '-calc-rsi', '-verbose', '-prediction-mode=index', '-interval-list=30m', '-range-min-rsi=28', '-range-max-rsi=80', '-range-p-ema=50,250', '-target-margin-list=1.0,1.5,2.0,2.5,3.0,3.5,4.0,4.5,5.0', '-log-level=WARNING']
2023-11-26 19:34:21;UNIUSDT;30m;4.5;100;28;78;100.0;6;80.36;['-batch-training', '-calc-rsi', '-verbose', '-prediction-mode=index', '-interval-list=30m', '-range-min-rsi=28', '-range-max-rsi=80', '-range-p-ema=50,250', '-target-margin-list=1.0,1.5,2.0,2.5,3.0,3.5,4.0,4.5,5.0', '-log-level=WARNING']
2023-11-26 20:18:03;UNIUSDT;30m;4.5;200;28;74;100.0;6;80.36;['-batch-training', '-calc-rsi', '-verbose', '-prediction-mode=index', '-interval-list=30m', '-range-min-rsi=28', '-range-max-rsi=80', '-range-p-ema=50,250', '-target-margin-list=1.0,1.5,2.0,2.5,3.0,3.5,4.0,4.5,5.0', '-log-level=WARNING']
2023-11-26 20:31:35;UNIUSDT;30m;4.5;225;28;78;100.0;6;80.36;['-batch-training', '-calc-rsi', '-verbose', '-prediction-mode=index', '-interval-list=30m', '-range-min-rsi=28', '-range-max-rsi=80', '-range-p-ema=50,250', '-target-margin-list=1.0,1.5,2.0,2.5,3.0,3.5,4.0,4.5,5.0', '-log-level=WARNING']
2023-11-26 20:31:18;UNIUSDT;30m;4.5;225;28;76;100.0;6;80.36;['-batch-training', '-calc-rsi', '-verbose', '-prediction-mode=index', '-interval-list=30m', '-range-min-rsi=28', '-range-max-rsi=80', '-range-p-ema=50,250', '-target-margin-list=1.0,1.5,2.0,2.5,3.0,3.5,4.0,4.5,5.0', '-log-level=WARNING']
2023-11-26 20:07:01;UNIUSDT;30m;4.5;175;28;78;100.0;6;80.36;['-batch-training', '-calc-rsi', '-verbose', '-prediction-mode=index', '-interval-list=30m', '-range-min-rsi=28', '-range-max-rsi=80', '-range-p-ema=50,250', '-target-margin-list=1.0,1.5,2.0,2.5,3.0,3.5,4.0,4.5,5.0', '-log-level=WARNING']
2023-11-26 20:59:10;UNIUSDT;30m;4.5;50;28;74;100.0;6;80.36;['-batch-training', '-calc-rsi', '-verbose', '-prediction-mode=index', '-interval-list=30m', '-range-min-rsi=28', '-range-max-rsi=80', '-range-p-ema=50,250', '-target-margin-list=1.0,1.5,2.0,2.5,3.0,3.5,4.0,4.5,5.0', '-log-level=WARNING']
2023-11-26 20:18:20;UNIUSDT;30m;4.5;200;28;76;100.0;6;80.36;['-batch-training', '-calc-rsi', '-verbose', '-prediction-mode=index', '-interval-list=30m', '-range-min-rsi=28', '-range-max-rsi=80', '-range-p-ema=50,250', '-target-margin-list=1.0,1.5,2.0,2.5,3.0,3.5,4.0,4.5,5.0', '-log-level=WARNING']
2023-11-26 20:18:35;UNIUSDT;30m;4.5;200;28;78;100.0;6;80.36;['-batch-training', '-calc-rsi', '-verbose', '-prediction-mode=index', '-interval-list=30m', '-range-min-rsi=28', '-range-max-rsi=80', '-range-p-ema=50,250', '-target-margin-list=1.0,1.5,2.0,2.5,3.0,3.5,4.0,4.5,5.0', '-log-level=WARNING']
2023-11-26 20:31:00;UNIUSDT;30m;4.5;225;28;74;100.0;6;80.36;['-batch-training', '-calc-rsi', '-verbose', '-prediction-mode=index', '-interval-list=30m', '-range-min-rsi=28', '-range-max-rsi=80', '-range-p-ema=50,250', '-target-margin-list=1.0,1.5,2.0,2.5,3.0,3.5,4.0,4.5,5.0', '-log-level=WARNING']
2023-11-26 20:59:52;UNIUSDT;30m;4.5;50;28;78;100.0;6;80.36;['-batch-training', '-calc-rsi', '-verbose', '-prediction-mode=index', '-interval-list=30m', '-range-min-rsi=28', '-range-max-rsi=80', '-range-p-ema=50,250', '-target-margin-list=1.0,1.5,2.0,2.5,3.0,3.5,4.0,4.5,5.0', '-log-level=WARNING']
2023-11-26 19:34:06;UNIUSDT;30m;4.5;100;28;76;100.0;6;80.36;['-batch-training', '-calc-rsi', '-verbose', '-prediction-mode=index', '-interval-list=30m', '-range-min-rsi=28', '-range-max-rsi=80', '-range-p-ema=50,250', '-target-margin-list=1.0,1.5,2.0,2.5,3.0,3.5,4.0,4.5,5.0', '-log-level=WARNING']
2023-11-26 20:59:31;UNIUSDT;30m;4.5;50;28;76;100.0;6;80.36;['-batch-training', '-calc-rsi', '-verbose', '-prediction-mode=index', '-interval-list=30m', '-range-min-rsi=28', '-range-max-rsi=80', '-range-p-ema=50,250', '-target-margin-list=1.0,1.5,2.0,2.5,3.0,3.5,4.0,4.5,5.0', '-log-level=WARNING']
2023-11-26 19:56:43;UNIUSDT;30m;4.5;150;28;76;100.0;6;80.36;['-batch-training', '-calc-rsi', '-verbose', '-prediction-mode=index', '-interval-list=30m', '-range-min-rsi=28', '-range-max-rsi=80', '-range-p-ema=50,250', '-target-margin-list=1.0,1.5,2.0,2.5,3.0,3.5,4.0,4.5,5.0', '-log-level=WARNING']
2023-11-26 20:45:15;UNIUSDT;30m;4.5;250;28;78;100.0;6;80.36;['-batch-training', '-calc-rsi', '-verbose', '-prediction-mode=index', '-interval-list=30m', '-range-min-rsi=28', '-range-max-rsi=80', '-range-p-ema=50,250', '-target-margin-list=1.0,1.5,2.0,2.5,3.0,3.5,4.0,4.5,5.0', '-log-level=WARNING']
2023-11-26 19:45:41;UNIUSDT;30m;4.5;125;28;76;100.0;6;80.36;['-batch-training', '-calc-rsi', '-verbose', '-prediction-mode=index', '-interval-list=30m', '-range-min-rsi=28', '-range-max-rsi=80', '-range-p-ema=50,250', '-target-margin-list=1.0,1.5,2.0,2.5,3.0,3.5,4.0,4.5,5.0', '-log-level=WARNING']
2023-11-26 21:15:22;UNIUSDT;30m;4.5;75;28;78;100.0;6;80.36;['-batch-training', '-calc-rsi', '-verbose', '-prediction-mode=index', '-interval-list=30m', '-range-min-rsi=28', '-range-max-rsi=80', '-range-p-ema=50,250', '-target-margin-list=1.0,1.5,2.0,2.5,3.0,3.5,4.0,4.5,5.0', '-log-level=WARNING']
2023-11-26 20:44:38;UNIUSDT;30m;4.5;250;28;74;100.0;6;80.36;['-batch-training', '-calc-rsi', '-verbose', '-prediction-mode=index', '-interval-list=30m', '-range-min-rsi=28', '-range-max-rsi=80', '-range-p-ema=50,250', '-target-margin-list=1.0,1.5,2.0,2.5,3.0,3.5,4.0,4.5,5.0', '-log-level=WARNING']
2023-11-26 20:06:47;UNIUSDT;30m;4.5;175;28;76;100.0;6;80.36;['-batch-training', '-calc-rsi', '-verbose', '-prediction-mode=index', '-interval-list=30m', '-range-min-rsi=28', '-range-max-rsi=80', '-range-p-ema=50,250', '-target-margin-list=1.0,1.5,2.0,2.5,3.0,3.5,4.0,4.5,5.0', '-log-level=WARNING']
2023-11-26 20:44:56;UNIUSDT;30m;4.5;250;28;76;100.0;6;80.36;['-batch-training', '-calc-rsi', '-verbose', '-prediction-mode=index', '-interval-list=30m', '-range-min-rsi=28', '-range-max-rsi=80', '-range-p-ema=50,250', '-target-margin-list=1.0,1.5,2.0,2.5,3.0,3.5,4.0,4.5,5.0', '-log-level=WARNING']
2023-11-26 19:45:56;UNIUSDT;30m;4.5;125;28;78;100.0;6;80.36;['-batch-training', '-calc-rsi', '-verbose', '-prediction-mode=index', '-interval-list=30m', '-range-min-rsi=28', '-range-max-rsi=80', '-range-p-ema=50,250', '-target-margin-list=1.0,1.5,2.0,2.5,3.0,3.5,4.0,4.5,5.0', '-log-level=WARNING']
2023-11-26 21:15:06;UNIUSDT;30m;4.5;75;28;76;100.0;6;80.36;['-batch-training', '-calc-rsi', '-verbose', '-prediction-mode=index', '-interval-list=30m', '-range-min-rsi=28', '-range-max-rsi=80', '-range-p-ema=50,250', '-target-margin-list=1.0,1.5,2.0,2.5,3.0,3.5,4.0,4.5,5.0', '-log-level=WARNING']
2023-11-26 19:45:25;UNIUSDT;30m;4.5;125;28;74;100.0;6;80.36;['-batch-training', '-calc-rsi', '-verbose', '-prediction-mode=index', '-interval-list=30m', '-range-min-rsi=28', '-range-max-rsi=80', '-range-p-ema=50,250', '-target-margin-list=1.0,1.5,2.0,2.5,3.0,3.5,4.0,4.5,5.0', '-log-level=WARNING']
2023-11-26 20:53:03;UNIUSDT;30m;2.5;50;32;76;100.0;6;80.44;['-batch-training', '-calc-rsi', '-verbose', '-prediction-mode=index', '-interval-list=30m', '-range-min-rsi=28', '-range-max-rsi=80', '-range-p-ema=50,250', '-target-margin-list=1.0,1.5,2.0,2.5,3.0,3.5,4.0,4.5,5.0', '-log-level=WARNING']
2023-11-26 19:28:59;UNIUSDT;30m;2.5;100;32;74;100.0;6;80.44;['-batch-training', '-calc-rsi', '-verbose', '-prediction-mode=index', '-interval-list=30m', '-range-min-rsi=28', '-range-max-rsi=80', '-range-p-ema=50,250', '-target-margin-list=1.0,1.5,2.0,2.5,3.0,3.5,4.0,4.5,5.0', '-log-level=WARNING']
2023-11-26 20:52:42;UNIUSDT;30m;2.5;50;32;74;100.0;6;80.44;['-batch-training', '-calc-rsi', '-verbose', '-prediction-mode=index', '-interval-list=30m', '-range-min-rsi=28', '-range-max-rsi=80', '-range-p-ema=50,250', '-target-margin-list=1.0,1.5,2.0,2.5,3.0,3.5,4.0,4.5,5.0', '-log-level=WARNING']
2023-11-26 21:08:05;UNIUSDT;30m;2.5;75;32;74;100.0;6;80.44;['-batch-training', '-calc-rsi', '-verbose', '-prediction-mode=index', '-interval-list=30m', '-range-min-rsi=28', '-range-max-rsi=80', '-range-p-ema=50,250', '-target-margin-list=1.0,1.5,2.0,2.5,3.0,3.5,4.0,4.5,5.0', '-log-level=WARNING']
2023-11-26 21:08:27;UNIUSDT;30m;2.5;75;32;76;100.0;6;80.44;['-batch-training', '-calc-rsi', '-verbose', '-prediction-mode=index', '-interval-list=30m', '-range-min-rsi=28', '-range-max-rsi=80', '-range-p-ema=50,250', '-target-margin-list=1.0,1.5,2.0,2.5,3.0,3.5,4.0,4.5,5.0', '-log-level=WARNING']
2023-11-26 19:29:14;UNIUSDT;30m;2.5;100;32;76;100.0;6;80.44;['-batch-training', '-calc-rsi', '-verbose', '-prediction-mode=index', '-interval-list=30m', '-range-min-rsi=28', '-range-max-rsi=80', '-range-p-ema=50,250', '-target-margin-list=1.0,1.5,2.0,2.5,3.0,3.5,4.0,4.5,5.0', '-log-level=WARNING']
2023-11-26 19:40:43;UNIUSDT;30m;2.5;125;32;76;100.0;6;80.44;['-batch-training', '-calc-rsi', '-verbose', '-prediction-mode=index', '-interval-list=30m', '-range-min-rsi=28', '-range-max-rsi=80', '-range-p-ema=50,250', '-target-margin-list=1.0,1.5,2.0,2.5,3.0,3.5,4.0,4.5,5.0', '-log-level=WARNING']
2023-11-26 19:40:27;UNIUSDT;30m;2.5;125;32;74;100.0;6;80.44;['-batch-training', '-calc-rsi', '-verbose', '-prediction-mode=index', '-interval-list=30m', '-range-min-rsi=28', '-range-max-rsi=80', '-range-p-ema=50,250', '-target-margin-list=1.0,1.5,2.0,2.5,3.0,3.5,4.0,4.5,5.0', '-log-level=WARNING']
2023-11-26 20:29:25;UNIUSDT;30m;4.0;225;34;72;100.0;3;80.52;['-batch-training', '-calc-rsi', '-verbose', '-prediction-mode=index', '-interval-list=30m', '-range-min-rsi=28', '-range-max-rsi=80', '-range-p-ema=50,250', '-target-margin-list=1.0,1.5,2.0,2.5,3.0,3.5,4.0,4.5,5.0', '-log-level=WARNING']
2023-11-26 20:16:34;UNIUSDT;30m;4.0;200;34;72;100.0;3;80.52;['-batch-training', '-calc-rsi', '-verbose', '-prediction-mode=index', '-interval-list=30m', '-range-min-rsi=28', '-range-max-rsi=80', '-range-p-ema=50,250', '-target-margin-list=1.0,1.5,2.0,2.5,3.0,3.5,4.0,4.5,5.0', '-log-level=WARNING']
2023-11-26 20:05:22;UNIUSDT;30m;4.0;175;34;72;100.0;3;80.52;['-batch-training', '-calc-rsi', '-verbose', '-prediction-mode=index', '-interval-list=30m', '-range-min-rsi=28', '-range-max-rsi=80', '-range-p-ema=50,250', '-target-margin-list=1.0,1.5,2.0,2.5,3.0,3.5,4.0,4.5,5.0', '-log-level=WARNING']
2023-11-26 20:42:57;UNIUSDT;30m;4.0;250;34;72;100.0;3;80.52;['-batch-training', '-calc-rsi', '-verbose', '-prediction-mode=index', '-interval-list=30m', '-range-min-rsi=28', '-range-max-rsi=80', '-range-p-ema=50,250', '-target-margin-list=1.0,1.5,2.0,2.5,3.0,3.5,4.0,4.5,5.0', '-log-level=WARNING']
2023-11-26 19:45:14;UNIUSDT;30m;4.5;125;30;72;100.0;7;80.61;['-batch-training', '-calc-rsi', '-verbose', '-prediction-mode=index', '-interval-list=30m', '-range-min-rsi=28', '-range-max-rsi=80', '-range-p-ema=50,250', '-target-margin-list=1.0,1.5,2.0,2.5,3.0,3.5,4.0,4.5,5.0', '-log-level=WARNING']
2023-11-26 20:06:24;UNIUSDT;30m;4.5;175;30;72;100.0;7;80.61;['-batch-training', '-calc-rsi', '-verbose', '-prediction-mode=index', '-interval-list=30m', '-range-min-rsi=28', '-range-max-rsi=80', '-range-p-ema=50,250', '-target-margin-list=1.0,1.5,2.0,2.5,3.0,3.5,4.0,4.5,5.0', '-log-level=WARNING']
2023-11-26 20:58:55;UNIUSDT;30m;4.5;50;30;72;100.0;7;80.61;['-batch-training', '-calc-rsi', '-verbose', '-prediction-mode=index', '-interval-list=30m', '-range-min-rsi=28', '-range-max-rsi=80', '-range-p-ema=50,250', '-target-margin-list=1.0,1.5,2.0,2.5,3.0,3.5,4.0,4.5,5.0', '-log-level=WARNING']
2023-11-26 21:14:34;UNIUSDT;30m;4.5;75;30;72;100.0;7;80.61;['-batch-training', '-calc-rsi', '-verbose', '-prediction-mode=index', '-interval-list=30m', '-range-min-rsi=28', '-range-max-rsi=80', '-range-p-ema=50,250', '-target-margin-list=1.0,1.5,2.0,2.5,3.0,3.5,4.0,4.5,5.0', '-log-level=WARNING']
2023-11-26 19:33:40;UNIUSDT;30m;4.5;100;30;72;100.0;7;80.61;['-batch-training', '-calc-rsi', '-verbose', '-prediction-mode=index', '-interval-list=30m', '-range-min-rsi=28', '-range-max-rsi=80', '-range-p-ema=50,250', '-target-margin-list=1.0,1.5,2.0,2.5,3.0,3.5,4.0,4.5,5.0', '-log-level=WARNING']
2023-11-26 20:44:22;UNIUSDT;30m;4.5;250;30;72;100.0;7;80.61;['-batch-training', '-calc-rsi', '-verbose', '-prediction-mode=index', '-interval-list=30m', '-range-min-rsi=28', '-range-max-rsi=80', '-range-p-ema=50,250', '-target-margin-list=1.0,1.5,2.0,2.5,3.0,3.5,4.0,4.5,5.0', '-log-level=WARNING']
2023-11-26 19:56:19;UNIUSDT;30m;4.5;150;30;72;100.0;7;80.61;['-batch-training', '-calc-rsi', '-verbose', '-prediction-mode=index', '-interval-list=30m', '-range-min-rsi=28', '-range-max-rsi=80', '-range-p-ema=50,250', '-target-margin-list=1.0,1.5,2.0,2.5,3.0,3.5,4.0,4.5,5.0', '-log-level=WARNING']
2023-11-26 20:30:46;UNIUSDT;30m;4.5;225;30;72;100.0;7;80.61;['-batch-training', '-calc-rsi', '-verbose', '-prediction-mode=index', '-interval-list=30m', '-range-min-rsi=28', '-range-max-rsi=80', '-range-p-ema=50,250', '-target-margin-list=1.0,1.5,2.0,2.5,3.0,3.5,4.0,4.5,5.0', '-log-level=WARNING']
2023-11-26 20:17:50;UNIUSDT;30m;4.5;200;30;72;100.0;7;80.61;['-batch-training', '-calc-rsi', '-verbose', '-prediction-mode=index', '-interval-list=30m', '-range-min-rsi=28', '-range-max-rsi=80', '-range-p-ema=50,250', '-target-margin-list=1.0,1.5,2.0,2.5,3.0,3.5,4.0,4.5,5.0', '-log-level=WARNING']
2023-11-26 20:16:30;UNIUSDT;30m;4.0;200;32;72;100.0;3;80.73;['-batch-training', '-calc-rsi', '-verbose', '-prediction-mode=index', '-interval-list=30m', '-range-min-rsi=28', '-range-max-rsi=80', '-range-p-ema=50,250', '-target-margin-list=1.0,1.5,2.0,2.5,3.0,3.5,4.0,4.5,5.0', '-log-level=WARNING']
2023-11-26 21:13:05;UNIUSDT;30m;4.0;75;32;72;100.0;3;80.73;['-batch-training', '-calc-rsi', '-verbose', '-prediction-mode=index', '-interval-list=30m', '-range-min-rsi=28', '-range-max-rsi=80', '-range-p-ema=50,250', '-target-margin-list=1.0,1.5,2.0,2.5,3.0,3.5,4.0,4.5,5.0', '-log-level=WARNING']
2023-11-26 19:44:00;UNIUSDT;30m;4.0;125;32;72;100.0;3;80.73;['-batch-training', '-calc-rsi', '-verbose', '-prediction-mode=index', '-interval-list=30m', '-range-min-rsi=28', '-range-max-rsi=80', '-range-p-ema=50,250', '-target-margin-list=1.0,1.5,2.0,2.5,3.0,3.5,4.0,4.5,5.0', '-log-level=WARNING']
2023-11-26 20:29:22;UNIUSDT;30m;4.0;225;32;72;100.0;3;80.73;['-batch-training', '-calc-rsi', '-verbose', '-prediction-mode=index', '-interval-list=30m', '-range-min-rsi=28', '-range-max-rsi=80', '-range-p-ema=50,250', '-target-margin-list=1.0,1.5,2.0,2.5,3.0,3.5,4.0,4.5,5.0', '-log-level=WARNING']
2023-11-26 20:57:20;UNIUSDT;30m;4.0;50;32;72;100.0;3;80.73;['-batch-training', '-calc-rsi', '-verbose', '-prediction-mode=index', '-interval-list=30m', '-range-min-rsi=28', '-range-max-rsi=80', '-range-p-ema=50,250', '-target-margin-list=1.0,1.5,2.0,2.5,3.0,3.5,4.0,4.5,5.0', '-log-level=WARNING']
2023-11-26 20:38:10;UNIUSDT;30m;2.5;250;28;72;100.0;6;80.73;['-batch-training', '-calc-rsi', '-verbose', '-prediction-mode=index', '-interval-list=30m', '-range-min-rsi=28', '-range-max-rsi=80', '-range-p-ema=50,250', '-target-margin-list=1.0,1.5,2.0,2.5,3.0,3.5,4.0,4.5,5.0', '-log-level=WARNING']
2023-11-26 20:05:20;UNIUSDT;30m;4.0;175;32;72;100.0;3;80.73;['-batch-training', '-calc-rsi', '-verbose', '-prediction-mode=index', '-interval-list=30m', '-range-min-rsi=28', '-range-max-rsi=80', '-range-p-ema=50,250', '-target-margin-list=1.0,1.5,2.0,2.5,3.0,3.5,4.0,4.5,5.0', '-log-level=WARNING']
2023-11-26 19:32:29;UNIUSDT;30m;4.0;100;32;72;100.0;3;80.73;['-batch-training', '-calc-rsi', '-verbose', '-prediction-mode=index', '-interval-list=30m', '-range-min-rsi=28', '-range-max-rsi=80', '-range-p-ema=50,250', '-target-margin-list=1.0,1.5,2.0,2.5,3.0,3.5,4.0,4.5,5.0', '-log-level=WARNING']
2023-11-26 19:55:13;UNIUSDT;30m;4.0;150;32;72;100.0;3;80.73;['-batch-training', '-calc-rsi', '-verbose', '-prediction-mode=index', '-interval-list=30m', '-range-min-rsi=28', '-range-max-rsi=80', '-range-p-ema=50,250', '-target-margin-list=1.0,1.5,2.0,2.5,3.0,3.5,4.0,4.5,5.0', '-log-level=WARNING']
2023-11-26 20:42:54;UNIUSDT;30m;4.0;250;32;72;100.0;3;80.73;['-batch-training', '-calc-rsi', '-verbose', '-prediction-mode=index', '-interval-list=30m', '-range-min-rsi=28', '-range-max-rsi=80', '-range-p-ema=50,250', '-target-margin-list=1.0,1.5,2.0,2.5,3.0,3.5,4.0,4.5,5.0', '-log-level=WARNING']
2023-11-26 20:40:14;UNIUSDT;30m;3.0;250;36;74;100.0;5;81.01;['-batch-training', '-calc-rsi', '-verbose', '-prediction-mode=index', '-interval-list=30m', '-range-min-rsi=28', '-range-max-rsi=80', '-range-p-ema=50,250', '-target-margin-list=1.0,1.5,2.0,2.5,3.0,3.5,4.0,4.5,5.0', '-log-level=WARNING']
2023-11-26 20:16:24;UNIUSDT;30m;4.0;200;28;72;100.0;2;81.15;['-batch-training', '-calc-rsi', '-verbose', '-prediction-mode=index', '-interval-list=30m', '-range-min-rsi=28', '-range-max-rsi=80', '-range-p-ema=50,250', '-target-margin-list=1.0,1.5,2.0,2.5,3.0,3.5,4.0,4.5,5.0', '-log-level=WARNING']
2023-11-26 20:57:11;UNIUSDT;30m;4.0;50;28;72;100.0;2;81.15;['-batch-training', '-calc-rsi', '-verbose', '-prediction-mode=index', '-interval-list=30m', '-range-min-rsi=28', '-range-max-rsi=80', '-range-p-ema=50,250', '-target-margin-list=1.0,1.5,2.0,2.5,3.0,3.5,4.0,4.5,5.0', '-log-level=WARNING']
2023-11-26 19:55:08;UNIUSDT;30m;4.0;150;28;72;100.0;2;81.15;['-batch-training', '-calc-rsi', '-verbose', '-prediction-mode=index', '-interval-list=30m', '-range-min-rsi=28', '-range-max-rsi=80', '-range-p-ema=50,250', '-target-margin-list=1.0,1.5,2.0,2.5,3.0,3.5,4.0,4.5,5.0', '-log-level=WARNING']
2023-11-26 20:29:16;UNIUSDT;30m;4.0;225;28;72;100.0;2;81.15;['-batch-training', '-calc-rsi', '-verbose', '-prediction-mode=index', '-interval-list=30m', '-range-min-rsi=28', '-range-max-rsi=80', '-range-p-ema=50,250', '-target-margin-list=1.0,1.5,2.0,2.5,3.0,3.5,4.0,4.5,5.0', '-log-level=WARNING']
2023-11-26 20:05:15;UNIUSDT;30m;4.0;175;28;72;100.0;2;81.15;['-batch-training', '-calc-rsi', '-verbose', '-prediction-mode=index', '-interval-list=30m', '-range-min-rsi=28', '-range-max-rsi=80', '-range-p-ema=50,250', '-target-margin-list=1.0,1.5,2.0,2.5,3.0,3.5,4.0,4.5,5.0', '-log-level=WARNING']
2023-11-26 19:43:54;UNIUSDT;30m;4.0;125;28;72;100.0;2;81.15;['-batch-training', '-calc-rsi', '-verbose', '-prediction-mode=index', '-interval-list=30m', '-range-min-rsi=28', '-range-max-rsi=80', '-range-p-ema=50,250', '-target-margin-list=1.0,1.5,2.0,2.5,3.0,3.5,4.0,4.5,5.0', '-log-level=WARNING']
2023-11-26 19:32:23;UNIUSDT;30m;4.0;100;28;72;100.0;2;81.15;['-batch-training', '-calc-rsi', '-verbose', '-prediction-mode=index', '-interval-list=30m', '-range-min-rsi=28', '-range-max-rsi=80', '-range-p-ema=50,250', '-target-margin-list=1.0,1.5,2.0,2.5,3.0,3.5,4.0,4.5,5.0', '-log-level=WARNING']
2023-11-26 20:42:46;UNIUSDT;30m;4.0;250;28;72;100.0;2;81.15;['-batch-training', '-calc-rsi', '-verbose', '-prediction-mode=index', '-interval-list=30m', '-range-min-rsi=28', '-range-max-rsi=80', '-range-p-ema=50,250', '-target-margin-list=1.0,1.5,2.0,2.5,3.0,3.5,4.0,4.5,5.0', '-log-level=WARNING']
2023-11-26 21:12:56;UNIUSDT;30m;4.0;75;28;72;100.0;2;81.15;['-batch-training', '-calc-rsi', '-verbose', '-prediction-mode=index', '-interval-list=30m', '-range-min-rsi=28', '-range-max-rsi=80', '-range-p-ema=50,250', '-target-margin-list=1.0,1.5,2.0,2.5,3.0,3.5,4.0,4.5,5.0', '-log-level=WARNING']
2023-11-26 19:53:19;UNIUSDT;30m;3.0;150;28;76;100.0;5;81.68;['-batch-training', '-calc-rsi', '-verbose', '-prediction-mode=index', '-interval-list=30m', '-range-min-rsi=28', '-range-max-rsi=80', '-range-p-ema=50,250', '-target-margin-list=1.0,1.5,2.0,2.5,3.0,3.5,4.0,4.5,5.0', '-log-level=WARNING']
2023-11-26 20:54:34;UNIUSDT;30m;3.0;50;28;76;100.0;5;81.68;['-batch-training', '-calc-rsi', '-verbose', '-prediction-mode=index', '-interval-list=30m', '-range-min-rsi=28', '-range-max-rsi=80', '-range-p-ema=50,250', '-target-margin-list=1.0,1.5,2.0,2.5,3.0,3.5,4.0,4.5,5.0', '-log-level=WARNING']
2023-11-26 19:41:53;UNIUSDT;30m;3.0;125;28;76;100.0;5;81.68;['-batch-training', '-calc-rsi', '-verbose', '-prediction-mode=index', '-interval-list=30m', '-range-min-rsi=28', '-range-max-rsi=80', '-range-p-ema=50,250', '-target-margin-list=1.0,1.5,2.0,2.5,3.0,3.5,4.0,4.5,5.0', '-log-level=WARNING']
2023-11-26 20:26:56;UNIUSDT;30m;3.0;225;28;76;100.0;5;81.68;['-batch-training', '-calc-rsi', '-verbose', '-prediction-mode=index', '-interval-list=30m', '-range-min-rsi=28', '-range-max-rsi=80', '-range-p-ema=50,250', '-target-margin-list=1.0,1.5,2.0,2.5,3.0,3.5,4.0,4.5,5.0', '-log-level=WARNING']
2023-11-26 20:14:14;UNIUSDT;30m;3.0;200;28;76;100.0;5;81.68;['-batch-training', '-calc-rsi', '-verbose', '-prediction-mode=index', '-interval-list=30m', '-range-min-rsi=28', '-range-max-rsi=80', '-range-p-ema=50,250', '-target-margin-list=1.0,1.5,2.0,2.5,3.0,3.5,4.0,4.5,5.0', '-log-level=WARNING']
2023-11-26 20:03:29;UNIUSDT;30m;3.0;175;28;76;100.0;5;81.68;['-batch-training', '-calc-rsi', '-verbose', '-prediction-mode=index', '-interval-list=30m', '-range-min-rsi=28', '-range-max-rsi=80', '-range-p-ema=50,250', '-target-margin-list=1.0,1.5,2.0,2.5,3.0,3.5,4.0,4.5,5.0', '-log-level=WARNING']
2023-11-26 19:30:23;UNIUSDT;30m;3.0;100;28;76;100.0;5;81.68;['-batch-training', '-calc-rsi', '-verbose', '-prediction-mode=index', '-interval-list=30m', '-range-min-rsi=28', '-range-max-rsi=80', '-range-p-ema=50,250', '-target-margin-list=1.0,1.5,2.0,2.5,3.0,3.5,4.0,4.5,5.0', '-log-level=WARNING']
2023-11-26 21:10:04;UNIUSDT;30m;3.0;75;28;76;100.0;5;81.68;['-batch-training', '-calc-rsi', '-verbose', '-prediction-mode=index', '-interval-list=30m', '-range-min-rsi=28', '-range-max-rsi=80', '-range-p-ema=50,250', '-target-margin-list=1.0,1.5,2.0,2.5,3.0,3.5,4.0,4.5,5.0', '-log-level=WARNING']
2023-11-26 20:12:35;UNIUSDT;30m;2.5;200;36;72;100.0;7;81.82;['-batch-training', '-calc-rsi', '-verbose', '-prediction-mode=index', '-interval-list=30m', '-range-min-rsi=28', '-range-max-rsi=80', '-range-p-ema=50,250', '-target-margin-list=1.0,1.5,2.0,2.5,3.0,3.5,4.0,4.5,5.0', '-log-level=WARNING']
2023-11-26 20:37:16;UNIUSDT;30m;2.0;250;28;76;100.0;7;81.98;['-batch-training', '-calc-rsi', '-verbose', '-prediction-mode=index', '-interval-list=30m', '-range-min-rsi=28', '-range-max-rsi=80', '-range-p-ema=50,250', '-target-margin-list=1.0,1.5,2.0,2.5,3.0,3.5,4.0,4.5,5.0', '-log-level=WARNING']
2023-11-26 19:51:50;UNIUSDT;30m;2.5;150;36;72;100.0;7;82.21;['-batch-training', '-calc-rsi', '-verbose', '-prediction-mode=index', '-interval-list=30m', '-range-min-rsi=28', '-range-max-rsi=80', '-range-p-ema=50,250', '-target-margin-list=1.0,1.5,2.0,2.5,3.0,3.5,4.0,4.5,5.0', '-log-level=WARNING']
2023-11-26 21:14:55;UNIUSDT;30m;4.5;75;32;74;100.0;7;82.23;['-batch-training', '-calc-rsi', '-verbose', '-prediction-mode=index', '-interval-list=30m', '-range-min-rsi=28', '-range-max-rsi=80', '-range-p-ema=50,250', '-target-margin-list=1.0,1.5,2.0,2.5,3.0,3.5,4.0,4.5,5.0', '-log-level=WARNING']
2023-11-26 19:56:35;UNIUSDT;30m;4.5;150;32;74;100.0;7;82.23;['-batch-training', '-calc-rsi', '-verbose', '-prediction-mode=index', '-interval-list=30m', '-range-min-rsi=28', '-range-max-rsi=80', '-range-p-ema=50,250', '-target-margin-list=1.0,1.5,2.0,2.5,3.0,3.5,4.0,4.5,5.0', '-log-level=WARNING']
2023-11-26 20:32:11;UNIUSDT;30m;5.0;225;28;72;100.0;7;82.23;['-batch-training', '-calc-rsi', '-verbose', '-prediction-mode=index', '-interval-list=30m', '-range-min-rsi=28', '-range-max-rsi=80', '-range-p-ema=50,250', '-target-margin-list=1.0,1.5,2.0,2.5,3.0,3.5,4.0,4.5,5.0', '-log-level=WARNING']
2023-11-26 20:18:09;UNIUSDT;30m;4.5;200;32;74;100.0;7;82.23;['-batch-training', '-calc-rsi', '-verbose', '-prediction-mode=index', '-interval-list=30m', '-range-min-rsi=28', '-range-max-rsi=80', '-range-p-ema=50,250', '-target-margin-list=1.0,1.5,2.0,2.5,3.0,3.5,4.0,4.5,5.0', '-log-level=WARNING']
2023-11-26 20:07:27;UNIUSDT;30m;5.0;175;28;72;100.0;7;82.23;['-batch-training', '-calc-rsi', '-verbose', '-prediction-mode=index', '-interval-list=30m', '-range-min-rsi=28', '-range-max-rsi=80', '-range-p-ema=50,250', '-target-margin-list=1.0,1.5,2.0,2.5,3.0,3.5,4.0,4.5,5.0', '-log-level=WARNING']
2023-11-26 20:31:07;UNIUSDT;30m;4.5;225;32;74;100.0;7;82.23;['-batch-training', '-calc-rsi', '-verbose', '-prediction-mode=index', '-interval-list=30m', '-range-min-rsi=28', '-range-max-rsi=80', '-range-p-ema=50,250', '-target-margin-list=1.0,1.5,2.0,2.5,3.0,3.5,4.0,4.5,5.0', '-log-level=WARNING']
2023-11-26 19:45:31;UNIUSDT;30m;4.5;125;32;74;100.0;7;82.23;['-batch-training', '-calc-rsi', '-verbose', '-prediction-mode=index', '-interval-list=30m', '-range-min-rsi=28', '-range-max-rsi=80', '-range-p-ema=50,250', '-target-margin-list=1.0,1.5,2.0,2.5,3.0,3.5,4.0,4.5,5.0', '-log-level=WARNING']
2023-11-26 20:59:20;UNIUSDT;30m;4.5;50;32;74;100.0;7;82.23;['-batch-training', '-calc-rsi', '-verbose', '-prediction-mode=index', '-interval-list=30m', '-range-min-rsi=28', '-range-max-rsi=80', '-range-p-ema=50,250', '-target-margin-list=1.0,1.5,2.0,2.5,3.0,3.5,4.0,4.5,5.0', '-log-level=WARNING']
2023-11-26 20:45:52;UNIUSDT;30m;5.0;250;28;72;100.0;7;82.23;['-batch-training', '-calc-rsi', '-verbose', '-prediction-mode=index', '-interval-list=30m', '-range-min-rsi=28', '-range-max-rsi=80', '-range-p-ema=50,250', '-target-margin-list=1.0,1.5,2.0,2.5,3.0,3.5,4.0,4.5,5.0', '-log-level=WARNING']
2023-11-26 21:15:57;UNIUSDT;30m;5.0;75;28;72;100.0;7;82.23;['-batch-training', '-calc-rsi', '-verbose', '-prediction-mode=index', '-interval-list=30m', '-range-min-rsi=28', '-range-max-rsi=80', '-range-p-ema=50,250', '-target-margin-list=1.0,1.5,2.0,2.5,3.0,3.5,4.0,4.5,5.0', '-log-level=WARNING']
2023-11-26 21:00:32;UNIUSDT;30m;5.0;50;28;72;100.0;7;82.23;['-batch-training', '-calc-rsi', '-verbose', '-prediction-mode=index', '-interval-list=30m', '-range-min-rsi=28', '-range-max-rsi=80', '-range-p-ema=50,250', '-target-margin-list=1.0,1.5,2.0,2.5,3.0,3.5,4.0,4.5,5.0', '-log-level=WARNING']
2023-11-26 20:19:10;UNIUSDT;30m;5.0;200;28;72;100.0;7;82.23;['-batch-training', '-calc-rsi', '-verbose', '-prediction-mode=index', '-interval-list=30m', '-range-min-rsi=28', '-range-max-rsi=80', '-range-p-ema=50,250', '-target-margin-list=1.0,1.5,2.0,2.5,3.0,3.5,4.0,4.5,5.0', '-log-level=WARNING']
2023-11-26 19:34:52;UNIUSDT;30m;5.0;100;28;72;100.0;7;82.23;['-batch-training', '-calc-rsi', '-verbose', '-prediction-mode=index', '-interval-list=30m', '-range-min-rsi=28', '-range-max-rsi=80', '-range-p-ema=50,250', '-target-margin-list=1.0,1.5,2.0,2.5,3.0,3.5,4.0,4.5,5.0', '-log-level=WARNING']
2023-11-26 20:44:45;UNIUSDT;30m;4.5;250;32;74;100.0;7;82.23;['-batch-training', '-calc-rsi', '-verbose', '-prediction-mode=index', '-interval-list=30m', '-range-min-rsi=28', '-range-max-rsi=80', '-range-p-ema=50,250', '-target-margin-list=1.0,1.5,2.0,2.5,3.0,3.5,4.0,4.5,5.0', '-log-level=WARNING']
2023-11-26 19:33:58;UNIUSDT;30m;4.5;100;32;74;100.0;7;82.23;['-batch-training', '-calc-rsi', '-verbose', '-prediction-mode=index', '-interval-list=30m', '-range-min-rsi=28', '-range-max-rsi=80', '-range-p-ema=50,250', '-target-margin-list=1.0,1.5,2.0,2.5,3.0,3.5,4.0,4.5,5.0', '-log-level=WARNING']
2023-11-26 19:57:24;UNIUSDT;30m;5.0;150;28;72;100.0;7;82.23;['-batch-training', '-calc-rsi', '-verbose', '-prediction-mode=index', '-interval-list=30m', '-range-min-rsi=28', '-range-max-rsi=80', '-range-p-ema=50,250', '-target-margin-list=1.0,1.5,2.0,2.5,3.0,3.5,4.0,4.5,5.0', '-log-level=WARNING']
2023-11-26 19:46:27;UNIUSDT;30m;5.0;125;28;72;100.0;7;82.23;['-batch-training', '-calc-rsi', '-verbose', '-prediction-mode=index', '-interval-list=30m', '-range-min-rsi=28', '-range-max-rsi=80', '-range-p-ema=50,250', '-target-margin-list=1.0,1.5,2.0,2.5,3.0,3.5,4.0,4.5,5.0', '-log-level=WARNING']
2023-11-26 20:06:40;UNIUSDT;30m;4.5;175;32;74;100.0;7;82.23;['-batch-training', '-calc-rsi', '-verbose', '-prediction-mode=index', '-interval-list=30m', '-range-min-rsi=28', '-range-max-rsi=80', '-range-p-ema=50,250', '-target-margin-list=1.0,1.5,2.0,2.5,3.0,3.5,4.0,4.5,5.0', '-log-level=WARNING']
2023-11-26 20:51:16;UNIUSDT;30m;2.0;50;28;76;100.0;7;82.24;['-batch-training', '-calc-rsi', '-verbose', '-prediction-mode=index', '-interval-list=30m', '-range-min-rsi=28', '-range-max-rsi=80', '-range-p-ema=50,250', '-target-margin-list=1.0,1.5,2.0,2.5,3.0,3.5,4.0,4.5,5.0', '-log-level=WARNING']
2023-11-26 20:11:34;UNIUSDT;30m;2.0;200;28;76;100.0;7;82.24;['-batch-training', '-calc-rsi', '-verbose', '-prediction-mode=index', '-interval-list=30m', '-range-min-rsi=28', '-range-max-rsi=80', '-range-p-ema=50,250', '-target-margin-list=1.0,1.5,2.0,2.5,3.0,3.5,4.0,4.5,5.0', '-log-level=WARNING']
2023-11-26 19:50:50;UNIUSDT;30m;2.0;150;28;76;100.0;7;82.24;['-batch-training', '-calc-rsi', '-verbose', '-prediction-mode=index', '-interval-list=30m', '-range-min-rsi=28', '-range-max-rsi=80', '-range-p-ema=50,250', '-target-margin-list=1.0,1.5,2.0,2.5,3.0,3.5,4.0,4.5,5.0', '-log-level=WARNING']
2023-11-26 21:06:28;UNIUSDT;30m;2.0;75;28;76;100.0;7;82.24;['-batch-training', '-calc-rsi', '-verbose', '-prediction-mode=index', '-interval-list=30m', '-range-min-rsi=28', '-range-max-rsi=80', '-range-p-ema=50,250', '-target-margin-list=1.0,1.5,2.0,2.5,3.0,3.5,4.0,4.5,5.0', '-log-level=WARNING']
2023-11-26 20:01:15;UNIUSDT;30m;2.0;175;28;76;100.0;7;82.24;['-batch-training', '-calc-rsi', '-verbose', '-prediction-mode=index', '-interval-list=30m', '-range-min-rsi=28', '-range-max-rsi=80', '-range-p-ema=50,250', '-target-margin-list=1.0,1.5,2.0,2.5,3.0,3.5,4.0,4.5,5.0', '-log-level=WARNING']
2023-11-26 19:39:19;UNIUSDT;30m;2.0;125;28;76;100.0;7;82.24;['-batch-training', '-calc-rsi', '-verbose', '-prediction-mode=index', '-interval-list=30m', '-range-min-rsi=28', '-range-max-rsi=80', '-range-p-ema=50,250', '-target-margin-list=1.0,1.5,2.0,2.5,3.0,3.5,4.0,4.5,5.0', '-log-level=WARNING']
2023-11-26 19:27:50;UNIUSDT;30m;2.0;100;28;76;100.0;7;82.24;['-batch-training', '-calc-rsi', '-verbose', '-prediction-mode=index', '-interval-list=30m', '-range-min-rsi=28', '-range-max-rsi=80', '-range-p-ema=50,250', '-target-margin-list=1.0,1.5,2.0,2.5,3.0,3.5,4.0,4.5,5.0', '-log-level=WARNING']
2023-11-26 20:24:03;UNIUSDT;30m;2.0;225;28;76;100.0;7;82.24;['-batch-training', '-calc-rsi', '-verbose', '-prediction-mode=index', '-interval-list=30m', '-range-min-rsi=28', '-range-max-rsi=80', '-range-p-ema=50,250', '-target-margin-list=1.0,1.5,2.0,2.5,3.0,3.5,4.0,4.5,5.0', '-log-level=WARNING']
2023-11-26 20:14:08;UNIUSDT;30m;3.0;200;34;74;100.0;5;82.25;['-batch-training', '-calc-rsi', '-verbose', '-prediction-mode=index', '-interval-list=30m', '-range-min-rsi=28', '-range-max-rsi=80', '-range-p-ema=50,250', '-target-margin-list=1.0,1.5,2.0,2.5,3.0,3.5,4.0,4.5,5.0', '-log-level=WARNING']
2023-11-26 20:03:24;UNIUSDT;30m;3.0;175;34;74;100.0;5;82.25;['-batch-training', '-calc-rsi', '-verbose', '-prediction-mode=index', '-interval-list=30m', '-range-min-rsi=28', '-range-max-rsi=80', '-range-p-ema=50,250', '-target-margin-list=1.0,1.5,2.0,2.5,3.0,3.5,4.0,4.5,5.0', '-log-level=WARNING']
2023-11-26 20:36:58;UNIUSDT;30m;2.0;250;28;74;100.0;7;82.47;['-batch-training', '-calc-rsi', '-verbose', '-prediction-mode=index', '-interval-list=30m', '-range-min-rsi=28', '-range-max-rsi=80', '-range-p-ema=50,250', '-target-margin-list=1.0,1.5,2.0,2.5,3.0,3.5,4.0,4.5,5.0', '-log-level=WARNING']
2023-11-26 19:53:16;UNIUSDT;30m;3.0;150;36;74;100.0;5;82.5;['-batch-training', '-calc-rsi', '-verbose', '-prediction-mode=index', '-interval-list=30m', '-range-min-rsi=28', '-range-max-rsi=80', '-range-p-ema=50,250', '-target-margin-list=1.0,1.5,2.0,2.5,3.0,3.5,4.0,4.5,5.0', '-log-level=WARNING']
2023-11-26 20:14:01;UNIUSDT;30m;3.0;200;30;74;100.0;5;82.69;['-batch-training', '-calc-rsi', '-verbose', '-prediction-mode=index', '-interval-list=30m', '-range-min-rsi=28', '-range-max-rsi=80', '-range-p-ema=50,250', '-target-margin-list=1.0,1.5,2.0,2.5,3.0,3.5,4.0,4.5,5.0', '-log-level=WARNING']
2023-11-26 20:03:19;UNIUSDT;30m;3.0;175;30;74;100.0;5;82.69;['-batch-training', '-calc-rsi', '-verbose', '-prediction-mode=index', '-interval-list=30m', '-range-min-rsi=28', '-range-max-rsi=80', '-range-p-ema=50,250', '-target-margin-list=1.0,1.5,2.0,2.5,3.0,3.5,4.0,4.5,5.0', '-log-level=WARNING']
2023-11-26 21:09:46;UNIUSDT;30m;3.0;75;30;74;100.0;5;82.69;['-batch-training', '-calc-rsi', '-verbose', '-prediction-mode=index', '-interval-list=30m', '-range-min-rsi=28', '-range-max-rsi=80', '-range-p-ema=50,250', '-target-margin-list=1.0,1.5,2.0,2.5,3.0,3.5,4.0,4.5,5.0', '-log-level=WARNING']
2023-11-26 20:26:41;UNIUSDT;30m;3.0;225;30;74;100.0;5;82.69;['-batch-training', '-calc-rsi', '-verbose', '-prediction-mode=index', '-interval-list=30m', '-range-min-rsi=28', '-range-max-rsi=80', '-range-p-ema=50,250', '-target-margin-list=1.0,1.5,2.0,2.5,3.0,3.5,4.0,4.5,5.0', '-log-level=WARNING']
2023-11-26 20:54:18;UNIUSDT;30m;3.0;50;30;74;100.0;5;82.69;['-batch-training', '-calc-rsi', '-verbose', '-prediction-mode=index', '-interval-list=30m', '-range-min-rsi=28', '-range-max-rsi=80', '-range-p-ema=50,250', '-target-margin-list=1.0,1.5,2.0,2.5,3.0,3.5,4.0,4.5,5.0', '-log-level=WARNING']
2023-11-26 19:30:11;UNIUSDT;30m;3.0;100;30;74;100.0;5;82.69;['-batch-training', '-calc-rsi', '-verbose', '-prediction-mode=index', '-interval-list=30m', '-range-min-rsi=28', '-range-max-rsi=80', '-range-p-ema=50,250', '-target-margin-list=1.0,1.5,2.0,2.5,3.0,3.5,4.0,4.5,5.0', '-log-level=WARNING']
2023-11-26 19:41:40;UNIUSDT;30m;3.0;125;30;74;100.0;5;82.69;['-batch-training', '-calc-rsi', '-verbose', '-prediction-mode=index', '-interval-list=30m', '-range-min-rsi=28', '-range-max-rsi=80', '-range-p-ema=50,250', '-target-margin-list=1.0,1.5,2.0,2.5,3.0,3.5,4.0,4.5,5.0', '-log-level=WARNING']
2023-11-26 19:53:07;UNIUSDT;30m;3.0;150;30;74;100.0;5;82.69;['-batch-training', '-calc-rsi', '-verbose', '-prediction-mode=index', '-interval-list=30m', '-range-min-rsi=28', '-range-max-rsi=80', '-range-p-ema=50,250', '-target-margin-list=1.0,1.5,2.0,2.5,3.0,3.5,4.0,4.5,5.0', '-log-level=WARNING']
2023-11-26 21:06:06;UNIUSDT;30m;2.0;75;28;74;100.0;7;82.73;['-batch-training', '-calc-rsi', '-verbose', '-prediction-mode=index', '-interval-list=30m', '-range-min-rsi=28', '-range-max-rsi=80', '-range-p-ema=50,250', '-target-margin-list=1.0,1.5,2.0,2.5,3.0,3.5,4.0,4.5,5.0', '-log-level=WARNING']
2023-11-26 19:50:35;UNIUSDT;30m;2.0;150;28;74;100.0;7;82.73;['-batch-training', '-calc-rsi', '-verbose', '-prediction-mode=index', '-interval-list=30m', '-range-min-rsi=28', '-range-max-rsi=80', '-range-p-ema=50,250', '-target-margin-list=1.0,1.5,2.0,2.5,3.0,3.5,4.0,4.5,5.0', '-log-level=WARNING']
2023-11-26 19:39:04;UNIUSDT;30m;2.0;125;28;74;100.0;7;82.73;['-batch-training', '-calc-rsi', '-verbose', '-prediction-mode=index', '-interval-list=30m', '-range-min-rsi=28', '-range-max-rsi=80', '-range-p-ema=50,250', '-target-margin-list=1.0,1.5,2.0,2.5,3.0,3.5,4.0,4.5,5.0', '-log-level=WARNING']
2023-11-26 20:11:18;UNIUSDT;30m;2.0;200;28;74;100.0;7;82.73;['-batch-training', '-calc-rsi', '-verbose', '-prediction-mode=index', '-interval-list=30m', '-range-min-rsi=28', '-range-max-rsi=80', '-range-p-ema=50,250', '-target-margin-list=1.0,1.5,2.0,2.5,3.0,3.5,4.0,4.5,5.0', '-log-level=WARNING']
2023-11-26 19:27:34;UNIUSDT;30m;2.0;100;28;74;100.0;7;82.73;['-batch-training', '-calc-rsi', '-verbose', '-prediction-mode=index', '-interval-list=30m', '-range-min-rsi=28', '-range-max-rsi=80', '-range-p-ema=50,250', '-target-margin-list=1.0,1.5,2.0,2.5,3.0,3.5,4.0,4.5,5.0', '-log-level=WARNING']
2023-11-26 20:50:57;UNIUSDT;30m;2.0;50;28;74;100.0;7;82.73;['-batch-training', '-calc-rsi', '-verbose', '-prediction-mode=index', '-interval-list=30m', '-range-min-rsi=28', '-range-max-rsi=80', '-range-p-ema=50,250', '-target-margin-list=1.0,1.5,2.0,2.5,3.0,3.5,4.0,4.5,5.0', '-log-level=WARNING']
2023-11-26 20:23:45;UNIUSDT;30m;2.0;225;28;74;100.0;7;82.73;['-batch-training', '-calc-rsi', '-verbose', '-prediction-mode=index', '-interval-list=30m', '-range-min-rsi=28', '-range-max-rsi=80', '-range-p-ema=50,250', '-target-margin-list=1.0,1.5,2.0,2.5,3.0,3.5,4.0,4.5,5.0', '-log-level=WARNING']
2023-11-26 20:01:01;UNIUSDT;30m;2.0;175;28;74;100.0;7;82.73;['-batch-training', '-calc-rsi', '-verbose', '-prediction-mode=index', '-interval-list=30m', '-range-min-rsi=28', '-range-max-rsi=80', '-range-p-ema=50,250', '-target-margin-list=1.0,1.5,2.0,2.5,3.0,3.5,4.0,4.5,5.0', '-log-level=WARNING']
2023-11-26 19:33:55;UNIUSDT;30m;4.5;100;30;74;100.0;7;82.75;['-batch-training', '-calc-rsi', '-verbose', '-prediction-mode=index', '-interval-list=30m', '-range-min-rsi=28', '-range-max-rsi=80', '-range-p-ema=50,250', '-target-margin-list=1.0,1.5,2.0,2.5,3.0,3.5,4.0,4.5,5.0', '-log-level=WARNING']
2023-11-26 19:45:28;UNIUSDT;30m;4.5;125;30;74;100.0;7;82.75;['-batch-training', '-calc-rsi', '-verbose', '-prediction-mode=index', '-interval-list=30m', '-range-min-rsi=28', '-range-max-rsi=80', '-range-p-ema=50,250', '-target-margin-list=1.0,1.5,2.0,2.5,3.0,3.5,4.0,4.5,5.0', '-log-level=WARNING']
2023-11-26 20:44:41;UNIUSDT;30m;4.5;250;30;74;100.0;7;82.75;['-batch-training', '-calc-rsi', '-verbose', '-prediction-mode=index', '-interval-list=30m', '-range-min-rsi=28', '-range-max-rsi=80', '-range-p-ema=50,250', '-target-margin-list=1.0,1.5,2.0,2.5,3.0,3.5,4.0,4.5,5.0', '-log-level=WARNING']
2023-11-26 20:31:04;UNIUSDT;30m;4.5;225;30;74;100.0;7;82.75;['-batch-training', '-calc-rsi', '-verbose', '-prediction-mode=index', '-interval-list=30m', '-range-min-rsi=28', '-range-max-rsi=80', '-range-p-ema=50,250', '-target-margin-list=1.0,1.5,2.0,2.5,3.0,3.5,4.0,4.5,5.0', '-log-level=WARNING']
2023-11-26 19:56:32;UNIUSDT;30m;4.5;150;30;74;100.0;7;82.75;['-batch-training', '-calc-rsi', '-verbose', '-prediction-mode=index', '-interval-list=30m', '-range-min-rsi=28', '-range-max-rsi=80', '-range-p-ema=50,250', '-target-margin-list=1.0,1.5,2.0,2.5,3.0,3.5,4.0,4.5,5.0', '-log-level=WARNING']
2023-11-26 21:14:51;UNIUSDT;30m;4.5;75;30;74;100.0;7;82.75;['-batch-training', '-calc-rsi', '-verbose', '-prediction-mode=index', '-interval-list=30m', '-range-min-rsi=28', '-range-max-rsi=80', '-range-p-ema=50,250', '-target-margin-list=1.0,1.5,2.0,2.5,3.0,3.5,4.0,4.5,5.0', '-log-level=WARNING']
2023-11-26 20:59:14;UNIUSDT;30m;4.5;50;30;74;100.0;7;82.75;['-batch-training', '-calc-rsi', '-verbose', '-prediction-mode=index', '-interval-list=30m', '-range-min-rsi=28', '-range-max-rsi=80', '-range-p-ema=50,250', '-target-margin-list=1.0,1.5,2.0,2.5,3.0,3.5,4.0,4.5,5.0', '-log-level=WARNING']
2023-11-26 20:06:37;UNIUSDT;30m;4.5;175;30;74;100.0;7;82.75;['-batch-training', '-calc-rsi', '-verbose', '-prediction-mode=index', '-interval-list=30m', '-range-min-rsi=28', '-range-max-rsi=80', '-range-p-ema=50,250', '-target-margin-list=1.0,1.5,2.0,2.5,3.0,3.5,4.0,4.5,5.0', '-log-level=WARNING']
2023-11-26 20:18:06;UNIUSDT;30m;4.5;200;30;74;100.0;7;82.75;['-batch-training', '-calc-rsi', '-verbose', '-prediction-mode=index', '-interval-list=30m', '-range-min-rsi=28', '-range-max-rsi=80', '-range-p-ema=50,250', '-target-margin-list=1.0,1.5,2.0,2.5,3.0,3.5,4.0,4.5,5.0', '-log-level=WARNING']
2023-11-26 20:06:34;UNIUSDT;30m;4.5;175;28;74;100.0;7;82.78;['-batch-training', '-calc-rsi', '-verbose', '-prediction-mode=index', '-interval-list=30m', '-range-min-rsi=28', '-range-max-rsi=80', '-range-p-ema=50,250', '-target-margin-list=1.0,1.5,2.0,2.5,3.0,3.5,4.0,4.5,5.0', '-log-level=WARNING']
2023-11-26 19:33:52;UNIUSDT;30m;4.5;100;28;74;100.0;7;82.78;['-batch-training', '-calc-rsi', '-verbose', '-prediction-mode=index', '-interval-list=30m', '-range-min-rsi=28', '-range-max-rsi=80', '-range-p-ema=50,250', '-target-margin-list=1.0,1.5,2.0,2.5,3.0,3.5,4.0,4.5,5.0', '-log-level=WARNING']
2023-11-26 20:05:32;UNIUSDT;30m;4.0;175;32;74;100.0;7;82.78;['-batch-training', '-calc-rsi', '-verbose', '-prediction-mode=index', '-interval-list=30m', '-range-min-rsi=28', '-range-max-rsi=80', '-range-p-ema=50,250', '-target-margin-list=1.0,1.5,2.0,2.5,3.0,3.5,4.0,4.5,5.0', '-log-level=WARNING']
2023-11-26 20:58:19;UNIUSDT;30m;4.0;50;32;78;100.0;7;82.78;['-batch-training', '-calc-rsi', '-verbose', '-prediction-mode=index', '-interval-list=30m', '-range-min-rsi=28', '-range-max-rsi=80', '-range-p-ema=50,250', '-target-margin-list=1.0,1.5,2.0,2.5,3.0,3.5,4.0,4.5,5.0', '-log-level=WARNING']
2023-11-26 20:43:12;UNIUSDT;30m;4.0;250;32;74;100.0;7;82.78;['-batch-training', '-calc-rsi', '-verbose', '-prediction-mode=index', '-interval-list=30m', '-range-min-rsi=28', '-range-max-rsi=80', '-range-p-ema=50,250', '-target-margin-list=1.0,1.5,2.0,2.5,3.0,3.5,4.0,4.5,5.0', '-log-level=WARNING']
2023-11-26 19:32:59;UNIUSDT;30m;4.0;100;32;76;100.0;7;82.78;['-batch-training', '-calc-rsi', '-verbose', '-prediction-mode=index', '-interval-list=30m', '-range-min-rsi=28', '-range-max-rsi=80', '-range-p-ema=50,250', '-target-margin-list=1.0,1.5,2.0,2.5,3.0,3.5,4.0,4.5,5.0', '-log-level=WARNING']
2023-11-26 19:55:54;UNIUSDT;30m;4.0;150;32;78;100.0;7;82.78;['-batch-training', '-calc-rsi', '-verbose', '-prediction-mode=index', '-interval-list=30m', '-range-min-rsi=28', '-range-max-rsi=80', '-range-p-ema=50,250', '-target-margin-list=1.0,1.5,2.0,2.5,3.0,3.5,4.0,4.5,5.0', '-log-level=WARNING']
2023-11-26 19:56:29;UNIUSDT;30m;4.5;150;28;74;100.0;7;82.78;['-batch-training', '-calc-rsi', '-verbose', '-prediction-mode=index', '-interval-list=30m', '-range-min-rsi=28', '-range-max-rsi=80', '-range-p-ema=50,250', '-target-margin-list=1.0,1.5,2.0,2.5,3.0,3.5,4.0,4.5,5.0', '-log-level=WARNING']
2023-11-26 21:13:46;UNIUSDT;30m;4.0;75;32;76;100.0;7;82.78;['-batch-training', '-calc-rsi', '-verbose', '-prediction-mode=index', '-interval-list=30m', '-range-min-rsi=28', '-range-max-rsi=80', '-range-p-ema=50,250', '-target-margin-list=1.0,1.5,2.0,2.5,3.0,3.5,4.0,4.5,5.0', '-log-level=WARNING']
2023-11-26 20:16:47;UNIUSDT;30m;4.0;200;32;74;100.0;7;82.78;['-batch-training', '-calc-rsi', '-verbose', '-prediction-mode=index', '-interval-list=30m', '-range-min-rsi=28', '-range-max-rsi=80', '-range-p-ema=50,250', '-target-margin-list=1.0,1.5,2.0,2.5,3.0,3.5,4.0,4.5,5.0', '-log-level=WARNING']
2023-11-26 20:57:39;UNIUSDT;30m;4.0;50;32;74;100.0;7;82.78;['-batch-training', '-calc-rsi', '-verbose', '-prediction-mode=index', '-interval-list=30m', '-range-min-rsi=28', '-range-max-rsi=80', '-range-p-ema=50,250', '-target-margin-list=1.0,1.5,2.0,2.5,3.0,3.5,4.0,4.5,5.0', '-log-level=WARNING']
2023-11-26 19:45:25;UNIUSDT;30m;4.5;125;28;74;100.0;7;82.78;['-batch-training', '-calc-rsi', '-verbose', '-prediction-mode=index', '-interval-list=30m', '-range-min-rsi=28', '-range-max-rsi=80', '-range-p-ema=50,250', '-target-margin-list=1.0,1.5,2.0,2.5,3.0,3.5,4.0,4.5,5.0', '-log-level=WARNING']
2023-11-26 20:17:04;UNIUSDT;30m;4.0;200;32;76;100.0;7;82.78;['-batch-training', '-calc-rsi', '-verbose', '-prediction-mode=index', '-interval-list=30m', '-range-min-rsi=28', '-range-max-rsi=80', '-range-p-ema=50,250', '-target-margin-list=1.0,1.5,2.0,2.5,3.0,3.5,4.0,4.5,5.0', '-log-level=WARNING']
2023-11-26 20:31:00;UNIUSDT;30m;4.5;225;28;74;100.0;7;82.78;['-batch-training', '-calc-rsi', '-verbose', '-prediction-mode=index', '-interval-list=30m', '-range-min-rsi=28', '-range-max-rsi=80', '-range-p-ema=50,250', '-target-margin-list=1.0,1.5,2.0,2.5,3.0,3.5,4.0,4.5,5.0', '-log-level=WARNING']
2023-11-26 20:18:03;UNIUSDT;30m;4.5;200;28;74;100.0;7;82.78;['-batch-training', '-calc-rsi', '-verbose', '-prediction-mode=index', '-interval-list=30m', '-range-min-rsi=28', '-range-max-rsi=80', '-range-p-ema=50,250', '-target-margin-list=1.0,1.5,2.0,2.5,3.0,3.5,4.0,4.5,5.0', '-log-level=WARNING']
2023-11-26 21:14:03;UNIUSDT;30m;4.0;75;32;78;100.0;7;82.78;['-batch-training', '-calc-rsi', '-verbose', '-prediction-mode=index', '-interval-list=30m', '-range-min-rsi=28', '-range-max-rsi=80', '-range-p-ema=50,250', '-target-margin-list=1.0,1.5,2.0,2.5,3.0,3.5,4.0,4.5,5.0', '-log-level=WARNING']
2023-11-26 20:29:57;UNIUSDT;30m;4.0;225;32;76;100.0;7;82.78;['-batch-training', '-calc-rsi', '-verbose', '-prediction-mode=index', '-interval-list=30m', '-range-min-rsi=28', '-range-max-rsi=80', '-range-p-ema=50,250', '-target-margin-list=1.0,1.5,2.0,2.5,3.0,3.5,4.0,4.5,5.0', '-log-level=WARNING']
2023-11-26 20:43:30;UNIUSDT;30m;4.0;250;32;76;100.0;7;82.78;['-batch-training', '-calc-rsi', '-verbose', '-prediction-mode=index', '-interval-list=30m', '-range-min-rsi=28', '-range-max-rsi=80', '-range-p-ema=50,250', '-target-margin-list=1.0,1.5,2.0,2.5,3.0,3.5,4.0,4.5,5.0', '-log-level=WARNING']
2023-11-26 20:43:49;UNIUSDT;30m;4.0;250;32;78;100.0;7;82.78;['-batch-training', '-calc-rsi', '-verbose', '-prediction-mode=index', '-interval-list=30m', '-range-min-rsi=28', '-range-max-rsi=80', '-range-p-ema=50,250', '-target-margin-list=1.0,1.5,2.0,2.5,3.0,3.5,4.0,4.5,5.0', '-log-level=WARNING']
2023-11-26 19:55:27;UNIUSDT;30m;4.0;150;32;74;100.0;7;82.78;['-batch-training', '-calc-rsi', '-verbose', '-prediction-mode=index', '-interval-list=30m', '-range-min-rsi=28', '-range-max-rsi=80', '-range-p-ema=50,250', '-target-margin-list=1.0,1.5,2.0,2.5,3.0,3.5,4.0,4.5,5.0', '-log-level=WARNING']
2023-11-26 20:44:38;UNIUSDT;30m;4.5;250;28;74;100.0;7;82.78;['-batch-training', '-calc-rsi', '-verbose', '-prediction-mode=index', '-interval-list=30m', '-range-min-rsi=28', '-range-max-rsi=80', '-range-p-ema=50,250', '-target-margin-list=1.0,1.5,2.0,2.5,3.0,3.5,4.0,4.5,5.0', '-log-level=WARNING']
2023-11-26 19:33:14;UNIUSDT;30m;4.0;100;32;78;100.0;7;82.78;['-batch-training', '-calc-rsi', '-verbose', '-prediction-mode=index', '-interval-list=30m', '-range-min-rsi=28', '-range-max-rsi=80', '-range-p-ema=50,250', '-target-margin-list=1.0,1.5,2.0,2.5,3.0,3.5,4.0,4.5,5.0', '-log-level=WARNING']
2023-11-26 19:44:31;UNIUSDT;30m;4.0;125;32;76;100.0;7;82.78;['-batch-training', '-calc-rsi', '-verbose', '-prediction-mode=index', '-interval-list=30m', '-range-min-rsi=28', '-range-max-rsi=80', '-range-p-ema=50,250', '-target-margin-list=1.0,1.5,2.0,2.5,3.0,3.5,4.0,4.5,5.0', '-log-level=WARNING']
2023-11-26 20:17:19;UNIUSDT;30m;4.0;200;32;78;100.0;7;82.78;['-batch-training', '-calc-rsi', '-verbose', '-prediction-mode=index', '-interval-list=30m', '-range-min-rsi=28', '-range-max-rsi=80', '-range-p-ema=50,250', '-target-margin-list=1.0,1.5,2.0,2.5,3.0,3.5,4.0,4.5,5.0', '-log-level=WARNING']
2023-11-26 20:57:59;UNIUSDT;30m;4.0;50;32;76;100.0;7;82.78;['-batch-training', '-calc-rsi', '-verbose', '-prediction-mode=index', '-interval-list=30m', '-range-min-rsi=28', '-range-max-rsi=80', '-range-p-ema=50,250', '-target-margin-list=1.0,1.5,2.0,2.5,3.0,3.5,4.0,4.5,5.0', '-log-level=WARNING']
2023-11-26 19:44:45;UNIUSDT;30m;4.0;125;32;78;100.0;7;82.78;['-batch-training', '-calc-rsi', '-verbose', '-prediction-mode=index', '-interval-list=30m', '-range-min-rsi=28', '-range-max-rsi=80', '-range-p-ema=50,250', '-target-margin-list=1.0,1.5,2.0,2.5,3.0,3.5,4.0,4.5,5.0', '-log-level=WARNING']
2023-11-26 20:29:40;UNIUSDT;30m;4.0;225;32;74;100.0;7;82.78;['-batch-training', '-calc-rsi', '-verbose', '-prediction-mode=index', '-interval-list=30m', '-range-min-rsi=28', '-range-max-rsi=80', '-range-p-ema=50,250', '-target-margin-list=1.0,1.5,2.0,2.5,3.0,3.5,4.0,4.5,5.0', '-log-level=WARNING']
2023-11-26 19:32:44;UNIUSDT;30m;4.0;100;32;74;100.0;7;82.78;['-batch-training', '-calc-rsi', '-verbose', '-prediction-mode=index', '-interval-list=30m', '-range-min-rsi=28', '-range-max-rsi=80', '-range-p-ema=50,250', '-target-margin-list=1.0,1.5,2.0,2.5,3.0,3.5,4.0,4.5,5.0', '-log-level=WARNING']
2023-11-26 19:44:15;UNIUSDT;30m;4.0;125;32;74;100.0;7;82.78;['-batch-training', '-calc-rsi', '-verbose', '-prediction-mode=index', '-interval-list=30m', '-range-min-rsi=28', '-range-max-rsi=80', '-range-p-ema=50,250', '-target-margin-list=1.0,1.5,2.0,2.5,3.0,3.5,4.0,4.5,5.0', '-log-level=WARNING']
2023-11-26 20:30:15;UNIUSDT;30m;4.0;225;32;78;100.0;7;82.78;['-batch-training', '-calc-rsi', '-verbose', '-prediction-mode=index', '-interval-list=30m', '-range-min-rsi=28', '-range-max-rsi=80', '-range-p-ema=50,250', '-target-margin-list=1.0,1.5,2.0,2.5,3.0,3.5,4.0,4.5,5.0', '-log-level=WARNING']
2023-11-26 19:55:40;UNIUSDT;30m;4.0;150;32;76;100.0;7;82.78;['-batch-training', '-calc-rsi', '-verbose', '-prediction-mode=index', '-interval-list=30m', '-range-min-rsi=28', '-range-max-rsi=80', '-range-p-ema=50,250', '-target-margin-list=1.0,1.5,2.0,2.5,3.0,3.5,4.0,4.5,5.0', '-log-level=WARNING']
2023-11-26 21:13:27;UNIUSDT;30m;4.0;75;32;74;100.0;7;82.78;['-batch-training', '-calc-rsi', '-verbose', '-prediction-mode=index', '-interval-list=30m', '-range-min-rsi=28', '-range-max-rsi=80', '-range-p-ema=50,250', '-target-margin-list=1.0,1.5,2.0,2.5,3.0,3.5,4.0,4.5,5.0', '-log-level=WARNING']
2023-11-26 20:59:10;UNIUSDT;30m;4.5;50;28;74;100.0;7;82.78;['-batch-training', '-calc-rsi', '-verbose', '-prediction-mode=index', '-interval-list=30m', '-range-min-rsi=28', '-range-max-rsi=80', '-range-p-ema=50,250', '-target-margin-list=1.0,1.5,2.0,2.5,3.0,3.5,4.0,4.5,5.0', '-log-level=WARNING']
2023-11-26 20:05:46;UNIUSDT;30m;4.0;175;32;76;100.0;7;82.78;['-batch-training', '-calc-rsi', '-verbose', '-prediction-mode=index', '-interval-list=30m', '-range-min-rsi=28', '-range-max-rsi=80', '-range-p-ema=50,250', '-target-margin-list=1.0,1.5,2.0,2.5,3.0,3.5,4.0,4.5,5.0', '-log-level=WARNING']
2023-11-26 20:06:00;UNIUSDT;30m;4.0;175;32;78;100.0;7;82.78;['-batch-training', '-calc-rsi', '-verbose', '-prediction-mode=index', '-interval-list=30m', '-range-min-rsi=28', '-range-max-rsi=80', '-range-p-ema=50,250', '-target-margin-list=1.0,1.5,2.0,2.5,3.0,3.5,4.0,4.5,5.0', '-log-level=WARNING']
2023-11-26 21:14:48;UNIUSDT;30m;4.5;75;28;74;100.0;7;82.78;['-batch-training', '-calc-rsi', '-verbose', '-prediction-mode=index', '-interval-list=30m', '-range-min-rsi=28', '-range-max-rsi=80', '-range-p-ema=50,250', '-target-margin-list=1.0,1.5,2.0,2.5,3.0,3.5,4.0,4.5,5.0', '-log-level=WARNING']
2023-11-26 20:04:22;UNIUSDT;30m;3.5;175;28;74;100.0;4;82.88;['-batch-training', '-calc-rsi', '-verbose', '-prediction-mode=index', '-interval-list=30m', '-range-min-rsi=28', '-range-max-rsi=80', '-range-p-ema=50,250', '-target-margin-list=1.0,1.5,2.0,2.5,3.0,3.5,4.0,4.5,5.0', '-log-level=WARNING']
2023-11-26 19:31:24;UNIUSDT;30m;3.5;100;28;74;100.0;4;82.88;['-batch-training', '-calc-rsi', '-verbose', '-prediction-mode=index', '-interval-list=30m', '-range-min-rsi=28', '-range-max-rsi=80', '-range-p-ema=50,250', '-target-margin-list=1.0,1.5,2.0,2.5,3.0,3.5,4.0,4.5,5.0', '-log-level=WARNING']
2023-11-26 19:54:13;UNIUSDT;30m;3.5;150;28;74;100.0;4;82.88;['-batch-training', '-calc-rsi', '-verbose', '-prediction-mode=index', '-interval-list=30m', '-range-min-rsi=28', '-range-max-rsi=80', '-range-p-ema=50,250', '-target-margin-list=1.0,1.5,2.0,2.5,3.0,3.5,4.0,4.5,5.0', '-log-level=WARNING']
2023-11-26 20:15:19;UNIUSDT;30m;3.5;200;28;74;100.0;4;82.88;['-batch-training', '-calc-rsi', '-verbose', '-prediction-mode=index', '-interval-list=30m', '-range-min-rsi=28', '-range-max-rsi=80', '-range-p-ema=50,250', '-target-margin-list=1.0,1.5,2.0,2.5,3.0,3.5,4.0,4.5,5.0', '-log-level=WARNING']
2023-11-26 20:15:35;UNIUSDT;30m;3.5;200;28;76;100.0;4;82.88;['-batch-training', '-calc-rsi', '-verbose', '-prediction-mode=index', '-interval-list=30m', '-range-min-rsi=28', '-range-max-rsi=80', '-range-p-ema=50,250', '-target-margin-list=1.0,1.5,2.0,2.5,3.0,3.5,4.0,4.5,5.0', '-log-level=WARNING']
2023-11-26 19:54:26;UNIUSDT;30m;3.5;150;28;76;100.0;4;82.88;['-batch-training', '-calc-rsi', '-verbose', '-prediction-mode=index', '-interval-list=30m', '-range-min-rsi=28', '-range-max-rsi=80', '-range-p-ema=50,250', '-target-margin-list=1.0,1.5,2.0,2.5,3.0,3.5,4.0,4.5,5.0', '-log-level=WARNING']
2023-11-26 20:56:12;UNIUSDT;30m;3.5;50;28;76;100.0;4;82.88;['-batch-training', '-calc-rsi', '-verbose', '-prediction-mode=index', '-interval-list=30m', '-range-min-rsi=28', '-range-max-rsi=80', '-range-p-ema=50,250', '-target-margin-list=1.0,1.5,2.0,2.5,3.0,3.5,4.0,4.5,5.0', '-log-level=WARNING']
2023-11-26 19:42:53;UNIUSDT;30m;3.5;125;28;74;100.0;4;82.88;['-batch-training', '-calc-rsi', '-verbose', '-prediction-mode=index', '-interval-list=30m', '-range-min-rsi=28', '-range-max-rsi=80', '-range-p-ema=50,250', '-target-margin-list=1.0,1.5,2.0,2.5,3.0,3.5,4.0,4.5,5.0', '-log-level=WARNING']
2023-11-26 20:28:05;UNIUSDT;30m;3.5;225;28;74;100.0;4;82.88;['-batch-training', '-calc-rsi', '-verbose', '-prediction-mode=index', '-interval-list=30m', '-range-min-rsi=28', '-range-max-rsi=80', '-range-p-ema=50,250', '-target-margin-list=1.0,1.5,2.0,2.5,3.0,3.5,4.0,4.5,5.0', '-log-level=WARNING']
2023-11-26 19:43:09;UNIUSDT;30m;3.5;125;28;76;100.0;4;82.88;['-batch-training', '-calc-rsi', '-verbose', '-prediction-mode=index', '-interval-list=30m', '-range-min-rsi=28', '-range-max-rsi=80', '-range-p-ema=50,250', '-target-margin-list=1.0,1.5,2.0,2.5,3.0,3.5,4.0,4.5,5.0', '-log-level=WARNING']
2023-11-26 20:04:35;UNIUSDT;30m;3.5;175;28;76;100.0;4;82.88;['-batch-training', '-calc-rsi', '-verbose', '-prediction-mode=index', '-interval-list=30m', '-range-min-rsi=28', '-range-max-rsi=80', '-range-p-ema=50,250', '-target-margin-list=1.0,1.5,2.0,2.5,3.0,3.5,4.0,4.5,5.0', '-log-level=WARNING']
2023-11-26 21:11:29;UNIUSDT;30m;3.5;75;28;74;100.0;4;82.88;['-batch-training', '-calc-rsi', '-verbose', '-prediction-mode=index', '-interval-list=30m', '-range-min-rsi=28', '-range-max-rsi=80', '-range-p-ema=50,250', '-target-margin-list=1.0,1.5,2.0,2.5,3.0,3.5,4.0,4.5,5.0', '-log-level=WARNING']
2023-11-26 19:31:39;UNIUSDT;30m;3.5;100;28;76;100.0;4;82.88;['-batch-training', '-calc-rsi', '-verbose', '-prediction-mode=index', '-interval-list=30m', '-range-min-rsi=28', '-range-max-rsi=80', '-range-p-ema=50,250', '-target-margin-list=1.0,1.5,2.0,2.5,3.0,3.5,4.0,4.5,5.0', '-log-level=WARNING']
2023-11-26 20:28:23;UNIUSDT;30m;3.5;225;28;76;100.0;4;82.88;['-batch-training', '-calc-rsi', '-verbose', '-prediction-mode=index', '-interval-list=30m', '-range-min-rsi=28', '-range-max-rsi=80', '-range-p-ema=50,250', '-target-margin-list=1.0,1.5,2.0,2.5,3.0,3.5,4.0,4.5,5.0', '-log-level=WARNING']
2023-11-26 20:55:53;UNIUSDT;30m;3.5;50;28;74;100.0;4;82.88;['-batch-training', '-calc-rsi', '-verbose', '-prediction-mode=index', '-interval-list=30m', '-range-min-rsi=28', '-range-max-rsi=80', '-range-p-ema=50,250', '-target-margin-list=1.0,1.5,2.0,2.5,3.0,3.5,4.0,4.5,5.0', '-log-level=WARNING']
2023-11-26 21:11:51;UNIUSDT;30m;3.5;75;28;76;100.0;4;82.88;['-batch-training', '-calc-rsi', '-verbose', '-prediction-mode=index', '-interval-list=30m', '-range-min-rsi=28', '-range-max-rsi=80', '-range-p-ema=50,250', '-target-margin-list=1.0,1.5,2.0,2.5,3.0,3.5,4.0,4.5,5.0', '-log-level=WARNING']
2023-11-26 20:57:35;UNIUSDT;30m;4.0;50;30;74;100.0;3;82.89;['-batch-training', '-calc-rsi', '-verbose', '-prediction-mode=index', '-interval-list=30m', '-range-min-rsi=28', '-range-max-rsi=80', '-range-p-ema=50,250', '-target-margin-list=1.0,1.5,2.0,2.5,3.0,3.5,4.0,4.5,5.0', '-log-level=WARNING']
2023-11-26 19:44:12;UNIUSDT;30m;4.0;125;30;74;100.0;3;82.89;['-batch-training', '-calc-rsi', '-verbose', '-prediction-mode=index', '-interval-list=30m', '-range-min-rsi=28', '-range-max-rsi=80', '-range-p-ema=50,250', '-target-margin-list=1.0,1.5,2.0,2.5,3.0,3.5,4.0,4.5,5.0', '-log-level=WARNING']
2023-11-26 20:17:00;UNIUSDT;30m;4.0;200;30;76;100.0;3;82.89;['-batch-training', '-calc-rsi', '-verbose', '-prediction-mode=index', '-interval-list=30m', '-range-min-rsi=28', '-range-max-rsi=80', '-range-p-ema=50,250', '-target-margin-list=1.0,1.5,2.0,2.5,3.0,3.5,4.0,4.5,5.0', '-log-level=WARNING']
2023-11-26 19:55:37;UNIUSDT;30m;4.0;150;30;76;100.0;3;82.89;['-batch-training', '-calc-rsi', '-verbose', '-prediction-mode=index', '-interval-list=30m', '-range-min-rsi=28', '-range-max-rsi=80', '-range-p-ema=50,250', '-target-margin-list=1.0,1.5,2.0,2.5,3.0,3.5,4.0,4.5,5.0', '-log-level=WARNING']
2023-11-26 21:13:23;UNIUSDT;30m;4.0;75;30;74;100.0;3;82.89;['-batch-training', '-calc-rsi', '-verbose', '-prediction-mode=index', '-interval-list=30m', '-range-min-rsi=28', '-range-max-rsi=80', '-range-p-ema=50,250', '-target-margin-list=1.0,1.5,2.0,2.5,3.0,3.5,4.0,4.5,5.0', '-log-level=WARNING']
2023-11-26 19:44:27;UNIUSDT;30m;4.0;125;30;76;100.0;3;82.89;['-batch-training', '-calc-rsi', '-verbose', '-prediction-mode=index', '-interval-list=30m', '-range-min-rsi=28', '-range-max-rsi=80', '-range-p-ema=50,250', '-target-margin-list=1.0,1.5,2.0,2.5,3.0,3.5,4.0,4.5,5.0', '-log-level=WARNING']
2023-11-26 19:32:41;UNIUSDT;30m;4.0;100;30;74;100.0;3;82.89;['-batch-training', '-calc-rsi', '-verbose', '-prediction-mode=index', '-interval-list=30m', '-range-min-rsi=28', '-range-max-rsi=80', '-range-p-ema=50,250', '-target-margin-list=1.0,1.5,2.0,2.5,3.0,3.5,4.0,4.5,5.0', '-log-level=WARNING']
2023-11-26 19:32:56;UNIUSDT;30m;4.0;100;30;76;100.0;3;82.89;['-batch-training', '-calc-rsi', '-verbose', '-prediction-mode=index', '-interval-list=30m', '-range-min-rsi=28', '-range-max-rsi=80', '-range-p-ema=50,250', '-target-margin-list=1.0,1.5,2.0,2.5,3.0,3.5,4.0,4.5,5.0', '-log-level=WARNING']
2023-11-26 21:13:42;UNIUSDT;30m;4.0;75;30;76;100.0;3;82.89;['-batch-training', '-calc-rsi', '-verbose', '-prediction-mode=index', '-interval-list=30m', '-range-min-rsi=28', '-range-max-rsi=80', '-range-p-ema=50,250', '-target-margin-list=1.0,1.5,2.0,2.5,3.0,3.5,4.0,4.5,5.0', '-log-level=WARNING']
2023-11-26 20:43:08;UNIUSDT;30m;4.0;250;30;74;100.0;3;82.89;['-batch-training', '-calc-rsi', '-verbose', '-prediction-mode=index', '-interval-list=30m', '-range-min-rsi=28', '-range-max-rsi=80', '-range-p-ema=50,250', '-target-margin-list=1.0,1.5,2.0,2.5,3.0,3.5,4.0,4.5,5.0', '-log-level=WARNING']
2023-11-26 20:05:43;UNIUSDT;30m;4.0;175;30;76;100.0;3;82.89;['-batch-training', '-calc-rsi', '-verbose', '-prediction-mode=index', '-interval-list=30m', '-range-min-rsi=28', '-range-max-rsi=80', '-range-p-ema=50,250', '-target-margin-list=1.0,1.5,2.0,2.5,3.0,3.5,4.0,4.5,5.0', '-log-level=WARNING']
2023-11-26 20:16:44;UNIUSDT;30m;4.0;200;30;74;100.0;3;82.89;['-batch-training', '-calc-rsi', '-verbose', '-prediction-mode=index', '-interval-list=30m', '-range-min-rsi=28', '-range-max-rsi=80', '-range-p-ema=50,250', '-target-margin-list=1.0,1.5,2.0,2.5,3.0,3.5,4.0,4.5,5.0', '-log-level=WARNING']
2023-11-26 19:55:24;UNIUSDT;30m;4.0;150;30;74;100.0;3;82.89;['-batch-training', '-calc-rsi', '-verbose', '-prediction-mode=index', '-interval-list=30m', '-range-min-rsi=28', '-range-max-rsi=80', '-range-p-ema=50,250', '-target-margin-list=1.0,1.5,2.0,2.5,3.0,3.5,4.0,4.5,5.0', '-log-level=WARNING']
2023-11-26 20:57:55;UNIUSDT;30m;4.0;50;30;76;100.0;3;82.89;['-batch-training', '-calc-rsi', '-verbose', '-prediction-mode=index', '-interval-list=30m', '-range-min-rsi=28', '-range-max-rsi=80', '-range-p-ema=50,250', '-target-margin-list=1.0,1.5,2.0,2.5,3.0,3.5,4.0,4.5,5.0', '-log-level=WARNING']
2023-11-26 20:43:26;UNIUSDT;30m;4.0;250;30;76;100.0;3;82.89;['-batch-training', '-calc-rsi', '-verbose', '-prediction-mode=index', '-interval-list=30m', '-range-min-rsi=28', '-range-max-rsi=80', '-range-p-ema=50,250', '-target-margin-list=1.0,1.5,2.0,2.5,3.0,3.5,4.0,4.5,5.0', '-log-level=WARNING']
2023-11-26 20:05:30;UNIUSDT;30m;4.0;175;30;74;100.0;3;82.89;['-batch-training', '-calc-rsi', '-verbose', '-prediction-mode=index', '-interval-list=30m', '-range-min-rsi=28', '-range-max-rsi=80', '-range-p-ema=50,250', '-target-margin-list=1.0,1.5,2.0,2.5,3.0,3.5,4.0,4.5,5.0', '-log-level=WARNING']
2023-11-26 20:29:37;UNIUSDT;30m;4.0;225;30;74;100.0;3;82.89;['-batch-training', '-calc-rsi', '-verbose', '-prediction-mode=index', '-interval-list=30m', '-range-min-rsi=28', '-range-max-rsi=80', '-range-p-ema=50,250', '-target-margin-list=1.0,1.5,2.0,2.5,3.0,3.5,4.0,4.5,5.0', '-log-level=WARNING']
2023-11-26 20:29:53;UNIUSDT;30m;4.0;225;30;76;100.0;3;82.89;['-batch-training', '-calc-rsi', '-verbose', '-prediction-mode=index', '-interval-list=30m', '-range-min-rsi=28', '-range-max-rsi=80', '-range-p-ema=50,250', '-target-margin-list=1.0,1.5,2.0,2.5,3.0,3.5,4.0,4.5,5.0', '-log-level=WARNING']
2023-11-26 20:40:10;UNIUSDT;30m;3.0;250;34;74;100.0;5;83.2;['-batch-training', '-calc-rsi', '-verbose', '-prediction-mode=index', '-interval-list=30m', '-range-min-rsi=28', '-range-max-rsi=80', '-range-p-ema=50,250', '-target-margin-list=1.0,1.5,2.0,2.5,3.0,3.5,4.0,4.5,5.0', '-log-level=WARNING']
2023-11-26 20:37:16;UNIUSDT;30m;2.0;250;28;76;100.0;5;83.22;['-batch-training', '-calc-rsi', '-verbose', '-prediction-mode=index', '-interval-list=30m', '-range-min-rsi=28', '-range-max-rsi=80', '-range-p-ema=50,250', '-target-margin-list=1.0,1.5,2.0,2.5,3.0,3.5,4.0,4.5,5.0', '-log-level=WARNING']
2023-11-26 20:43:08;UNIUSDT;30m;4.0;250;30;74;100.0;7;83.3;['-batch-training', '-calc-rsi', '-verbose', '-prediction-mode=index', '-interval-list=30m', '-range-min-rsi=28', '-range-max-rsi=80', '-range-p-ema=50,250', '-target-margin-list=1.0,1.5,2.0,2.5,3.0,3.5,4.0,4.5,5.0', '-log-level=WARNING']
2023-11-26 20:05:57;UNIUSDT;30m;4.0;175;30;78;100.0;7;83.3;['-batch-training', '-calc-rsi', '-verbose', '-prediction-mode=index', '-interval-list=30m', '-range-min-rsi=28', '-range-max-rsi=80', '-range-p-ema=50,250', '-target-margin-list=1.0,1.5,2.0,2.5,3.0,3.5,4.0,4.5,5.0', '-log-level=WARNING']
2023-11-26 20:57:55;UNIUSDT;30m;4.0;50;30;76;100.0;7;83.3;['-batch-training', '-calc-rsi', '-verbose', '-prediction-mode=index', '-interval-list=30m', '-range-min-rsi=28', '-range-max-rsi=80', '-range-p-ema=50,250', '-target-margin-list=1.0,1.5,2.0,2.5,3.0,3.5,4.0,4.5,5.0', '-log-level=WARNING']
2023-11-26 20:17:00;UNIUSDT;30m;4.0;200;30;76;100.0;7;83.3;['-batch-training', '-calc-rsi', '-verbose', '-prediction-mode=index', '-interval-list=30m', '-range-min-rsi=28', '-range-max-rsi=80', '-range-p-ema=50,250', '-target-margin-list=1.0,1.5,2.0,2.5,3.0,3.5,4.0,4.5,5.0', '-log-level=WARNING']
2023-11-26 20:05:43;UNIUSDT;30m;4.0;175;30;76;100.0;7;83.3;['-batch-training', '-calc-rsi', '-verbose', '-prediction-mode=index', '-interval-list=30m', '-range-min-rsi=28', '-range-max-rsi=80', '-range-p-ema=50,250', '-target-margin-list=1.0,1.5,2.0,2.5,3.0,3.5,4.0,4.5,5.0', '-log-level=WARNING']
2023-11-26 19:55:38;UNIUSDT;30m;4.0;150;30;76;100.0;7;83.3;['-batch-training', '-calc-rsi', '-verbose', '-prediction-mode=index', '-interval-list=30m', '-range-min-rsi=28', '-range-max-rsi=80', '-range-p-ema=50,250', '-target-margin-list=1.0,1.5,2.0,2.5,3.0,3.5,4.0,4.5,5.0', '-log-level=WARNING']
2023-11-26 20:43:27;UNIUSDT;30m;4.0;250;30;76;100.0;7;83.3;['-batch-training', '-calc-rsi', '-verbose', '-prediction-mode=index', '-interval-list=30m', '-range-min-rsi=28', '-range-max-rsi=80', '-range-p-ema=50,250', '-target-margin-list=1.0,1.5,2.0,2.5,3.0,3.5,4.0,4.5,5.0', '-log-level=WARNING']
2023-11-26 21:13:23;UNIUSDT;30m;4.0;75;30;74;100.0;7;83.3;['-batch-training', '-calc-rsi', '-verbose', '-prediction-mode=index', '-interval-list=30m', '-range-min-rsi=28', '-range-max-rsi=80', '-range-p-ema=50,250', '-target-margin-list=1.0,1.5,2.0,2.5,3.0,3.5,4.0,4.5,5.0', '-log-level=WARNING']
2023-11-26 19:44:13;UNIUSDT;30m;4.0;125;30;74;100.0;7;83.3;['-batch-training', '-calc-rsi', '-verbose', '-prediction-mode=index', '-interval-list=30m', '-range-min-rsi=28', '-range-max-rsi=80', '-range-p-ema=50,250', '-target-margin-list=1.0,1.5,2.0,2.5,3.0,3.5,4.0,4.5,5.0', '-log-level=WARNING']
2023-11-26 20:29:37;UNIUSDT;30m;4.0;225;30;74;100.0;7;83.3;['-batch-training', '-calc-rsi', '-verbose', '-prediction-mode=index', '-interval-list=30m', '-range-min-rsi=28', '-range-max-rsi=80', '-range-p-ema=50,250', '-target-margin-list=1.0,1.5,2.0,2.5,3.0,3.5,4.0,4.5,5.0', '-log-level=WARNING']
2023-11-26 20:29:53;UNIUSDT;30m;4.0;225;30;76;100.0;7;83.3;['-batch-training', '-calc-rsi', '-verbose', '-prediction-mode=index', '-interval-list=30m', '-range-min-rsi=28', '-range-max-rsi=80', '-range-p-ema=50,250', '-target-margin-list=1.0,1.5,2.0,2.5,3.0,3.5,4.0,4.5,5.0', '-log-level=WARNING']
2023-11-26 20:05:30;UNIUSDT;30m;4.0;175;30;74;100.0;7;83.3;['-batch-training', '-calc-rsi', '-verbose', '-prediction-mode=index', '-interval-list=30m', '-range-min-rsi=28', '-range-max-rsi=80', '-range-p-ema=50,250', '-target-margin-list=1.0,1.5,2.0,2.5,3.0,3.5,4.0,4.5,5.0', '-log-level=WARNING']
2023-11-26 20:17:16;UNIUSDT;30m;4.0;200;30;78;100.0;7;83.3;['-batch-training', '-calc-rsi', '-verbose', '-prediction-mode=index', '-interval-list=30m', '-range-min-rsi=28', '-range-max-rsi=80', '-range-p-ema=50,250', '-target-margin-list=1.0,1.5,2.0,2.5,3.0,3.5,4.0,4.5,5.0', '-log-level=WARNING']
2023-11-26 21:13:42;UNIUSDT;30m;4.0;75;30;76;100.0;7;83.3;['-batch-training', '-calc-rsi', '-verbose', '-prediction-mode=index', '-interval-list=30m', '-range-min-rsi=28', '-range-max-rsi=80', '-range-p-ema=50,250', '-target-margin-list=1.0,1.5,2.0,2.5,3.0,3.5,4.0,4.5,5.0', '-log-level=WARNING']
2023-11-26 20:57:35;UNIUSDT;30m;4.0;50;30;74;100.0;7;83.3;['-batch-training', '-calc-rsi', '-verbose', '-prediction-mode=index', '-interval-list=30m', '-range-min-rsi=28', '-range-max-rsi=80', '-range-p-ema=50,250', '-target-margin-list=1.0,1.5,2.0,2.5,3.0,3.5,4.0,4.5,5.0', '-log-level=WARNING']
2023-11-26 19:33:11;UNIUSDT;30m;4.0;100;30;78;100.0;7;83.3;['-batch-training', '-calc-rsi', '-verbose', '-prediction-mode=index', '-interval-list=30m', '-range-min-rsi=28', '-range-max-rsi=80', '-range-p-ema=50,250', '-target-margin-list=1.0,1.5,2.0,2.5,3.0,3.5,4.0,4.5,5.0', '-log-level=WARNING']
2023-11-26 21:14:00;UNIUSDT;30m;4.0;75;30;78;100.0;7;83.3;['-batch-training', '-calc-rsi', '-verbose', '-prediction-mode=index', '-interval-list=30m', '-range-min-rsi=28', '-range-max-rsi=80', '-range-p-ema=50,250', '-target-margin-list=1.0,1.5,2.0,2.5,3.0,3.5,4.0,4.5,5.0', '-log-level=WARNING']
2023-11-26 20:58:15;UNIUSDT;30m;4.0;50;30;78;100.0;7;83.3;['-batch-training', '-calc-rsi', '-verbose', '-prediction-mode=index', '-interval-list=30m', '-range-min-rsi=28', '-range-max-rsi=80', '-range-p-ema=50,250', '-target-margin-list=1.0,1.5,2.0,2.5,3.0,3.5,4.0,4.5,5.0', '-log-level=WARNING']
2023-11-26 19:44:27;UNIUSDT;30m;4.0;125;30;76;100.0;7;83.3;['-batch-training', '-calc-rsi', '-verbose', '-prediction-mode=index', '-interval-list=30m', '-range-min-rsi=28', '-range-max-rsi=80', '-range-p-ema=50,250', '-target-margin-list=1.0,1.5,2.0,2.5,3.0,3.5,4.0,4.5,5.0', '-log-level=WARNING']
2023-11-26 19:55:24;UNIUSDT;30m;4.0;150;30;74;100.0;7;83.3;['-batch-training', '-calc-rsi', '-verbose', '-prediction-mode=index', '-interval-list=30m', '-range-min-rsi=28', '-range-max-rsi=80', '-range-p-ema=50,250', '-target-margin-list=1.0,1.5,2.0,2.5,3.0,3.5,4.0,4.5,5.0', '-log-level=WARNING']
2023-11-26 19:55:52;UNIUSDT;30m;4.0;150;30;78;100.0;7;83.3;['-batch-training', '-calc-rsi', '-verbose', '-prediction-mode=index', '-interval-list=30m', '-range-min-rsi=28', '-range-max-rsi=80', '-range-p-ema=50,250', '-target-margin-list=1.0,1.5,2.0,2.5,3.0,3.5,4.0,4.5,5.0', '-log-level=WARNING']
2023-11-26 19:44:42;UNIUSDT;30m;4.0;125;30;78;100.0;7;83.3;['-batch-training', '-calc-rsi', '-verbose', '-prediction-mode=index', '-interval-list=30m', '-range-min-rsi=28', '-range-max-rsi=80', '-range-p-ema=50,250', '-target-margin-list=1.0,1.5,2.0,2.5,3.0,3.5,4.0,4.5,5.0', '-log-level=WARNING']
2023-11-26 20:16:44;UNIUSDT;30m;4.0;200;30;74;100.0;7;83.3;['-batch-training', '-calc-rsi', '-verbose', '-prediction-mode=index', '-interval-list=30m', '-range-min-rsi=28', '-range-max-rsi=80', '-range-p-ema=50,250', '-target-margin-list=1.0,1.5,2.0,2.5,3.0,3.5,4.0,4.5,5.0', '-log-level=WARNING']
2023-11-26 20:43:45;UNIUSDT;30m;4.0;250;30;78;100.0;7;83.3;['-batch-training', '-calc-rsi', '-verbose', '-prediction-mode=index', '-interval-list=30m', '-range-min-rsi=28', '-range-max-rsi=80', '-range-p-ema=50,250', '-target-margin-list=1.0,1.5,2.0,2.5,3.0,3.5,4.0,4.5,5.0', '-log-level=WARNING']
2023-11-26 19:32:41;UNIUSDT;30m;4.0;100;30;74;100.0;7;83.3;['-batch-training', '-calc-rsi', '-verbose', '-prediction-mode=index', '-interval-list=30m', '-range-min-rsi=28', '-range-max-rsi=80', '-range-p-ema=50,250', '-target-margin-list=1.0,1.5,2.0,2.5,3.0,3.5,4.0,4.5,5.0', '-log-level=WARNING']
2023-11-26 20:30:11;UNIUSDT;30m;4.0;225;30;78;100.0;7;83.3;['-batch-training', '-calc-rsi', '-verbose', '-prediction-mode=index', '-interval-list=30m', '-range-min-rsi=28', '-range-max-rsi=80', '-range-p-ema=50,250', '-target-margin-list=1.0,1.5,2.0,2.5,3.0,3.5,4.0,4.5,5.0', '-log-level=WARNING']
2023-11-26 19:32:56;UNIUSDT;30m;4.0;100;30;76;100.0;7;83.3;['-batch-training', '-calc-rsi', '-verbose', '-prediction-mode=index', '-interval-list=30m', '-range-min-rsi=28', '-range-max-rsi=80', '-range-p-ema=50,250', '-target-margin-list=1.0,1.5,2.0,2.5,3.0,3.5,4.0,4.5,5.0', '-log-level=WARNING']
2023-11-26 20:17:13;UNIUSDT;30m;4.0;200;28;78;100.0;7;83.34;['-batch-training', '-calc-rsi', '-verbose', '-prediction-mode=index', '-interval-list=30m', '-range-min-rsi=28', '-range-max-rsi=80', '-range-p-ema=50,250', '-target-margin-list=1.0,1.5,2.0,2.5,3.0,3.5,4.0,4.5,5.0', '-log-level=WARNING']
2023-11-26 19:55:21;UNIUSDT;30m;4.0;150;28;74;100.0;7;83.34;['-batch-training', '-calc-rsi', '-verbose', '-prediction-mode=index', '-interval-list=30m', '-range-min-rsi=28', '-range-max-rsi=80', '-range-p-ema=50,250', '-target-margin-list=1.0,1.5,2.0,2.5,3.0,3.5,4.0,4.5,5.0', '-log-level=WARNING']
2023-11-26 19:32:38;UNIUSDT;30m;4.0;100;28;74;100.0;7;83.34;['-batch-training', '-calc-rsi', '-verbose', '-prediction-mode=index', '-interval-list=30m', '-range-min-rsi=28', '-range-max-rsi=80', '-range-p-ema=50,250', '-target-margin-list=1.0,1.5,2.0,2.5,3.0,3.5,4.0,4.5,5.0', '-log-level=WARNING']
2023-11-26 19:32:53;UNIUSDT;30m;4.0;100;28;76;100.0;7;83.34;['-batch-training', '-calc-rsi', '-verbose', '-prediction-mode=index', '-interval-list=30m', '-range-min-rsi=28', '-range-max-rsi=80', '-range-p-ema=50,250', '-target-margin-list=1.0,1.5,2.0,2.5,3.0,3.5,4.0,4.5,5.0', '-log-level=WARNING']
2023-11-26 20:43:23;UNIUSDT;30m;4.0;250;28;76;100.0;7;83.34;['-batch-training', '-calc-rsi', '-verbose', '-prediction-mode=index', '-interval-list=30m', '-range-min-rsi=28', '-range-max-rsi=80', '-range-p-ema=50,250', '-target-margin-list=1.0,1.5,2.0,2.5,3.0,3.5,4.0,4.5,5.0', '-log-level=WARNING']
2023-11-26 19:33:08;UNIUSDT;30m;4.0;100;28;78;100.0;7;83.34;['-batch-training', '-calc-rsi', '-verbose', '-prediction-mode=index', '-interval-list=30m', '-range-min-rsi=28', '-range-max-rsi=80', '-range-p-ema=50,250', '-target-margin-list=1.0,1.5,2.0,2.5,3.0,3.5,4.0,4.5,5.0', '-log-level=WARNING']
2023-11-26 20:05:28;UNIUSDT;30m;4.0;175;28;74;100.0;7;83.34;['-batch-training', '-calc-rsi', '-verbose', '-prediction-mode=index', '-interval-list=30m', '-range-min-rsi=28', '-range-max-rsi=80', '-range-p-ema=50,250', '-target-margin-list=1.0,1.5,2.0,2.5,3.0,3.5,4.0,4.5,5.0', '-log-level=WARNING']
2023-11-26 20:43:04;UNIUSDT;30m;4.0;250;28;74;100.0;7;83.34;['-batch-training', '-calc-rsi', '-verbose', '-prediction-mode=index', '-interval-list=30m', '-range-min-rsi=28', '-range-max-rsi=80', '-range-p-ema=50,250', '-target-margin-list=1.0,1.5,2.0,2.5,3.0,3.5,4.0,4.5,5.0', '-log-level=WARNING']
2023-11-26 20:58:11;UNIUSDT;30m;4.0;50;28;78;100.0;7;83.34;['-batch-training', '-calc-rsi', '-verbose', '-prediction-mode=index', '-interval-list=30m', '-range-min-rsi=28', '-range-max-rsi=80', '-range-p-ema=50,250', '-target-margin-list=1.0,1.5,2.0,2.5,3.0,3.5,4.0,4.5,5.0', '-log-level=WARNING']
2023-11-26 20:16:57;UNIUSDT;30m;4.0;200;28;76;100.0;7;83.34;['-batch-training', '-calc-rsi', '-verbose', '-prediction-mode=index', '-interval-list=30m', '-range-min-rsi=28', '-range-max-rsi=80', '-range-p-ema=50,250', '-target-margin-list=1.0,1.5,2.0,2.5,3.0,3.5,4.0,4.5,5.0', '-log-level=WARNING']
2023-11-26 21:13:39;UNIUSDT;30m;4.0;75;28;76;100.0;7;83.34;['-batch-training', '-calc-rsi', '-verbose', '-prediction-mode=index', '-interval-list=30m', '-range-min-rsi=28', '-range-max-rsi=80', '-range-p-ema=50,250', '-target-margin-list=1.0,1.5,2.0,2.5,3.0,3.5,4.0,4.5,5.0', '-log-level=WARNING']
2023-11-26 20:57:52;UNIUSDT;30m;4.0;50;28;76;100.0;7;83.34;['-batch-training', '-calc-rsi', '-verbose', '-prediction-mode=index', '-interval-list=30m', '-range-min-rsi=28', '-range-max-rsi=80', '-range-p-ema=50,250', '-target-margin-list=1.0,1.5,2.0,2.5,3.0,3.5,4.0,4.5,5.0', '-log-level=WARNING']
2023-11-26 20:29:33;UNIUSDT;30m;4.0;225;28;74;100.0;7;83.34;['-batch-training', '-calc-rsi', '-verbose', '-prediction-mode=index', '-interval-list=30m', '-range-min-rsi=28', '-range-max-rsi=80', '-range-p-ema=50,250', '-target-margin-list=1.0,1.5,2.0,2.5,3.0,3.5,4.0,4.5,5.0', '-log-level=WARNING']
2023-11-26 20:30:08;UNIUSDT;30m;4.0;225;28;78;100.0;7;83.34;['-batch-training', '-calc-rsi', '-verbose', '-prediction-mode=index', '-interval-list=30m', '-range-min-rsi=28', '-range-max-rsi=80', '-range-p-ema=50,250', '-target-margin-list=1.0,1.5,2.0,2.5,3.0,3.5,4.0,4.5,5.0', '-log-level=WARNING']
2023-11-26 20:57:31;UNIUSDT;30m;4.0;50;28;74;100.0;7;83.34;['-batch-training', '-calc-rsi', '-verbose', '-prediction-mode=index', '-interval-list=30m', '-range-min-rsi=28', '-range-max-rsi=80', '-range-p-ema=50,250', '-target-margin-list=1.0,1.5,2.0,2.5,3.0,3.5,4.0,4.5,5.0', '-log-level=WARNING']
2023-11-26 19:44:39;UNIUSDT;30m;4.0;125;28;78;100.0;7;83.34;['-batch-training', '-calc-rsi', '-verbose', '-prediction-mode=index', '-interval-list=30m', '-range-min-rsi=28', '-range-max-rsi=80', '-range-p-ema=50,250', '-target-margin-list=1.0,1.5,2.0,2.5,3.0,3.5,4.0,4.5,5.0', '-log-level=WARNING']
2023-11-26 19:44:24;UNIUSDT;30m;4.0;125;28;76;100.0;7;83.34;['-batch-training', '-calc-rsi', '-verbose', '-prediction-mode=index', '-interval-list=30m', '-range-min-rsi=28', '-range-max-rsi=80', '-range-p-ema=50,250', '-target-margin-list=1.0,1.5,2.0,2.5,3.0,3.5,4.0,4.5,5.0', '-log-level=WARNING']
2023-11-26 20:05:54;UNIUSDT;30m;4.0;175;28;78;100.0;7;83.34;['-batch-training', '-calc-rsi', '-verbose', '-prediction-mode=index', '-interval-list=30m', '-range-min-rsi=28', '-range-max-rsi=80', '-range-p-ema=50,250', '-target-margin-list=1.0,1.5,2.0,2.5,3.0,3.5,4.0,4.5,5.0', '-log-level=WARNING']
2023-11-26 21:13:56;UNIUSDT;30m;4.0;75;28;78;100.0;7;83.34;['-batch-training', '-calc-rsi', '-verbose', '-prediction-mode=index', '-interval-list=30m', '-range-min-rsi=28', '-range-max-rsi=80', '-range-p-ema=50,250', '-target-margin-list=1.0,1.5,2.0,2.5,3.0,3.5,4.0,4.5,5.0', '-log-level=WARNING']
2023-11-26 21:13:19;UNIUSDT;30m;4.0;75;28;74;100.0;7;83.34;['-batch-training', '-calc-rsi', '-verbose', '-prediction-mode=index', '-interval-list=30m', '-range-min-rsi=28', '-range-max-rsi=80', '-range-p-ema=50,250', '-target-margin-list=1.0,1.5,2.0,2.5,3.0,3.5,4.0,4.5,5.0', '-log-level=WARNING']
2023-11-26 19:44:10;UNIUSDT;30m;4.0;125;28;74;100.0;7;83.34;['-batch-training', '-calc-rsi', '-verbose', '-prediction-mode=index', '-interval-list=30m', '-range-min-rsi=28', '-range-max-rsi=80', '-range-p-ema=50,250', '-target-margin-list=1.0,1.5,2.0,2.5,3.0,3.5,4.0,4.5,5.0', '-log-level=WARNING']
2023-11-26 19:55:49;UNIUSDT;30m;4.0;150;28;78;100.0;7;83.34;['-batch-training', '-calc-rsi', '-verbose', '-prediction-mode=index', '-interval-list=30m', '-range-min-rsi=28', '-range-max-rsi=80', '-range-p-ema=50,250', '-target-margin-list=1.0,1.5,2.0,2.5,3.0,3.5,4.0,4.5,5.0', '-log-level=WARNING']
2023-11-26 20:29:50;UNIUSDT;30m;4.0;225;28;76;100.0;7;83.34;['-batch-training', '-calc-rsi', '-verbose', '-prediction-mode=index', '-interval-list=30m', '-range-min-rsi=28', '-range-max-rsi=80', '-range-p-ema=50,250', '-target-margin-list=1.0,1.5,2.0,2.5,3.0,3.5,4.0,4.5,5.0', '-log-level=WARNING']
2023-11-26 20:43:42;UNIUSDT;30m;4.0;250;28;78;100.0;7;83.34;['-batch-training', '-calc-rsi', '-verbose', '-prediction-mode=index', '-interval-list=30m', '-range-min-rsi=28', '-range-max-rsi=80', '-range-p-ema=50,250', '-target-margin-list=1.0,1.5,2.0,2.5,3.0,3.5,4.0,4.5,5.0', '-log-level=WARNING']
2023-11-26 20:05:41;UNIUSDT;30m;4.0;175;28;76;100.0;7;83.34;['-batch-training', '-calc-rsi', '-verbose', '-prediction-mode=index', '-interval-list=30m', '-range-min-rsi=28', '-range-max-rsi=80', '-range-p-ema=50,250', '-target-margin-list=1.0,1.5,2.0,2.5,3.0,3.5,4.0,4.5,5.0', '-log-level=WARNING']
2023-11-26 19:55:35;UNIUSDT;30m;4.0;150;28;76;100.0;7;83.34;['-batch-training', '-calc-rsi', '-verbose', '-prediction-mode=index', '-interval-list=30m', '-range-min-rsi=28', '-range-max-rsi=80', '-range-p-ema=50,250', '-target-margin-list=1.0,1.5,2.0,2.5,3.0,3.5,4.0,4.5,5.0', '-log-level=WARNING']
2023-11-26 20:16:41;UNIUSDT;30m;4.0;200;28;74;100.0;7;83.34;['-batch-training', '-calc-rsi', '-verbose', '-prediction-mode=index', '-interval-list=30m', '-range-min-rsi=28', '-range-max-rsi=80', '-range-p-ema=50,250', '-target-margin-list=1.0,1.5,2.0,2.5,3.0,3.5,4.0,4.5,5.0', '-log-level=WARNING']
2023-11-26 20:43:30;UNIUSDT;30m;4.0;250;32;76;100.0;6;83.43;['-batch-training', '-calc-rsi', '-verbose', '-prediction-mode=index', '-interval-list=30m', '-range-min-rsi=28', '-range-max-rsi=80', '-range-p-ema=50,250', '-target-margin-list=1.0,1.5,2.0,2.5,3.0,3.5,4.0,4.5,5.0', '-log-level=WARNING']
2023-11-26 20:06:00;UNIUSDT;30m;4.0;175;32;78;100.0;6;83.43;['-batch-training', '-calc-rsi', '-verbose', '-prediction-mode=index', '-interval-list=30m', '-range-min-rsi=28', '-range-max-rsi=80', '-range-p-ema=50,250', '-target-margin-list=1.0,1.5,2.0,2.5,3.0,3.5,4.0,4.5,5.0', '-log-level=WARNING']
2023-11-26 19:44:15;UNIUSDT;30m;4.0;125;32;74;100.0;6;83.43;['-batch-training', '-calc-rsi', '-verbose', '-prediction-mode=index', '-interval-list=30m', '-range-min-rsi=28', '-range-max-rsi=80', '-range-p-ema=50,250', '-target-margin-list=1.0,1.5,2.0,2.5,3.0,3.5,4.0,4.5,5.0', '-log-level=WARNING']
2023-11-26 20:58:07;UNIUSDT;30m;4.0;50;36;76;100.0;3;83.43;['-batch-training', '-calc-rsi', '-verbose', '-prediction-mode=index', '-interval-list=30m', '-range-min-rsi=28', '-range-max-rsi=80', '-range-p-ema=50,250', '-target-margin-list=1.0,1.5,2.0,2.5,3.0,3.5,4.0,4.5,5.0', '-log-level=WARNING']
2023-11-26 20:17:19;UNIUSDT;30m;4.0;200;32;78;100.0;6;83.43;['-batch-training', '-calc-rsi', '-verbose', '-prediction-mode=index', '-interval-list=30m', '-range-min-rsi=28', '-range-max-rsi=80', '-range-p-ema=50,250', '-target-margin-list=1.0,1.5,2.0,2.5,3.0,3.5,4.0,4.5,5.0', '-log-level=WARNING']
2023-11-26 20:05:33;UNIUSDT;30m;4.0;175;32;74;100.0;6;83.43;['-batch-training', '-calc-rsi', '-verbose', '-prediction-mode=index', '-interval-list=30m', '-range-min-rsi=28', '-range-max-rsi=80', '-range-p-ema=50,250', '-target-margin-list=1.0,1.5,2.0,2.5,3.0,3.5,4.0,4.5,5.0', '-log-level=WARNING']
2023-11-26 19:32:59;UNIUSDT;30m;4.0;100;32;76;100.0;6;83.43;['-batch-training', '-calc-rsi', '-verbose', '-prediction-mode=index', '-interval-list=30m', '-range-min-rsi=28', '-range-max-rsi=80', '-range-p-ema=50,250', '-target-margin-list=1.0,1.5,2.0,2.5,3.0,3.5,4.0,4.5,5.0', '-log-level=WARNING']
2023-11-26 20:58:19;UNIUSDT;30m;4.0;50;32;78;100.0;6;83.43;['-batch-training', '-calc-rsi', '-verbose', '-prediction-mode=index', '-interval-list=30m', '-range-min-rsi=28', '-range-max-rsi=80', '-range-p-ema=50,250', '-target-margin-list=1.0,1.5,2.0,2.5,3.0,3.5,4.0,4.5,5.0', '-log-level=WARNING']
2023-11-26 19:33:14;UNIUSDT;30m;4.0;100;32;78;100.0;6;83.43;['-batch-training', '-calc-rsi', '-verbose', '-prediction-mode=index', '-interval-list=30m', '-range-min-rsi=28', '-range-max-rsi=80', '-range-p-ema=50,250', '-target-margin-list=1.0,1.5,2.0,2.5,3.0,3.5,4.0,4.5,5.0', '-log-level=WARNING']
2023-11-26 20:57:39;UNIUSDT;30m;4.0;50;32;74;100.0;6;83.43;['-batch-training', '-calc-rsi', '-verbose', '-prediction-mode=index', '-interval-list=30m', '-range-min-rsi=28', '-range-max-rsi=80', '-range-p-ema=50,250', '-target-margin-list=1.0,1.5,2.0,2.5,3.0,3.5,4.0,4.5,5.0', '-log-level=WARNING']
2023-11-26 21:13:46;UNIUSDT;30m;4.0;75;32;76;100.0;6;83.43;['-batch-training', '-calc-rsi', '-verbose', '-prediction-mode=index', '-interval-list=30m', '-range-min-rsi=28', '-range-max-rsi=80', '-range-p-ema=50,250', '-target-margin-list=1.0,1.5,2.0,2.5,3.0,3.5,4.0,4.5,5.0', '-log-level=WARNING']
2023-11-26 21:13:53;UNIUSDT;30m;4.0;75;36;76;100.0;3;83.43;['-batch-training', '-calc-rsi', '-verbose', '-prediction-mode=index', '-interval-list=30m', '-range-min-rsi=28', '-range-max-rsi=80', '-range-p-ema=50,250', '-target-margin-list=1.0,1.5,2.0,2.5,3.0,3.5,4.0,4.5,5.0', '-log-level=WARNING']
2023-11-26 19:33:05;UNIUSDT;30m;4.0;100;36;76;100.0;3;83.43;['-batch-training', '-calc-rsi', '-verbose', '-prediction-mode=index', '-interval-list=30m', '-range-min-rsi=28', '-range-max-rsi=80', '-range-p-ema=50,250', '-target-margin-list=1.0,1.5,2.0,2.5,3.0,3.5,4.0,4.5,5.0', '-log-level=WARNING']
2023-11-26 19:55:54;UNIUSDT;30m;4.0;150;32;78;100.0;6;83.43;['-batch-training', '-calc-rsi', '-verbose', '-prediction-mode=index', '-interval-list=30m', '-range-min-rsi=28', '-range-max-rsi=80', '-range-p-ema=50,250', '-target-margin-list=1.0,1.5,2.0,2.5,3.0,3.5,4.0,4.5,5.0', '-log-level=WARNING']
2023-11-26 20:29:40;UNIUSDT;30m;4.0;225;32;74;100.0;6;83.43;['-batch-training', '-calc-rsi', '-verbose', '-prediction-mode=index', '-interval-list=30m', '-range-min-rsi=28', '-range-max-rsi=80', '-range-p-ema=50,250', '-target-margin-list=1.0,1.5,2.0,2.5,3.0,3.5,4.0,4.5,5.0', '-log-level=WARNING']
2023-11-26 19:55:27;UNIUSDT;30m;4.0;150;32;74;100.0;6;83.43;['-batch-training', '-calc-rsi', '-verbose', '-prediction-mode=index', '-interval-list=30m', '-range-min-rsi=28', '-range-max-rsi=80', '-range-p-ema=50,250', '-target-margin-list=1.0,1.5,2.0,2.5,3.0,3.5,4.0,4.5,5.0', '-log-level=WARNING']
2023-11-26 19:55:40;UNIUSDT;30m;4.0;150;32;76;100.0;6;83.43;['-batch-training', '-calc-rsi', '-verbose', '-prediction-mode=index', '-interval-list=30m', '-range-min-rsi=28', '-range-max-rsi=80', '-range-p-ema=50,250', '-target-margin-list=1.0,1.5,2.0,2.5,3.0,3.5,4.0,4.5,5.0', '-log-level=WARNING']
2023-11-26 21:13:27;UNIUSDT;30m;4.0;75;32;74;100.0;6;83.43;['-batch-training', '-calc-rsi', '-verbose', '-prediction-mode=index', '-interval-list=30m', '-range-min-rsi=28', '-range-max-rsi=80', '-range-p-ema=50,250', '-target-margin-list=1.0,1.5,2.0,2.5,3.0,3.5,4.0,4.5,5.0', '-log-level=WARNING']
2023-11-26 19:44:30;UNIUSDT;30m;4.0;125;32;76;100.0;6;83.43;['-batch-training', '-calc-rsi', '-verbose', '-prediction-mode=index', '-interval-list=30m', '-range-min-rsi=28', '-range-max-rsi=80', '-range-p-ema=50,250', '-target-margin-list=1.0,1.5,2.0,2.5,3.0,3.5,4.0,4.5,5.0', '-log-level=WARNING']
2023-11-26 20:57:59;UNIUSDT;30m;4.0;50;32;76;100.0;6;83.43;['-batch-training', '-calc-rsi', '-verbose', '-prediction-mode=index', '-interval-list=30m', '-range-min-rsi=28', '-range-max-rsi=80', '-range-p-ema=50,250', '-target-margin-list=1.0,1.5,2.0,2.5,3.0,3.5,4.0,4.5,5.0', '-log-level=WARNING']
2023-11-26 19:44:45;UNIUSDT;30m;4.0;125;32;78;100.0;6;83.43;['-batch-training', '-calc-rsi', '-verbose', '-prediction-mode=index', '-interval-list=30m', '-range-min-rsi=28', '-range-max-rsi=80', '-range-p-ema=50,250', '-target-margin-list=1.0,1.5,2.0,2.5,3.0,3.5,4.0,4.5,5.0', '-log-level=WARNING']
2023-11-26 20:16:47;UNIUSDT;30m;4.0;200;32;74;100.0;6;83.43;['-batch-training', '-calc-rsi', '-verbose', '-prediction-mode=index', '-interval-list=30m', '-range-min-rsi=28', '-range-max-rsi=80', '-range-p-ema=50,250', '-target-margin-list=1.0,1.5,2.0,2.5,3.0,3.5,4.0,4.5,5.0', '-log-level=WARNING']
2023-11-26 21:14:03;UNIUSDT;30m;4.0;75;32;78;100.0;6;83.43;['-batch-training', '-calc-rsi', '-verbose', '-prediction-mode=index', '-interval-list=30m', '-range-min-rsi=28', '-range-max-rsi=80', '-range-p-ema=50,250', '-target-margin-list=1.0,1.5,2.0,2.5,3.0,3.5,4.0,4.5,5.0', '-log-level=WARNING']
2023-11-26 20:43:12;UNIUSDT;30m;4.0;250;32;74;100.0;6;83.43;['-batch-training', '-calc-rsi', '-verbose', '-prediction-mode=index', '-interval-list=30m', '-range-min-rsi=28', '-range-max-rsi=80', '-range-p-ema=50,250', '-target-margin-list=1.0,1.5,2.0,2.5,3.0,3.5,4.0,4.5,5.0', '-log-level=WARNING']
2023-11-26 20:05:46;UNIUSDT;30m;4.0;175;32;76;100.0;6;83.43;['-batch-training', '-calc-rsi', '-verbose', '-prediction-mode=index', '-interval-list=30m', '-range-min-rsi=28', '-range-max-rsi=80', '-range-p-ema=50,250', '-target-margin-list=1.0,1.5,2.0,2.5,3.0,3.5,4.0,4.5,5.0', '-log-level=WARNING']
2023-11-26 19:44:36;UNIUSDT;30m;4.0;125;36;76;100.0;3;83.43;['-batch-training', '-calc-rsi', '-verbose', '-prediction-mode=index', '-interval-list=30m', '-range-min-rsi=28', '-range-max-rsi=80', '-range-p-ema=50,250', '-target-margin-list=1.0,1.5,2.0,2.5,3.0,3.5,4.0,4.5,5.0', '-log-level=WARNING']
2023-11-26 20:43:49;UNIUSDT;30m;4.0;250;32;78;100.0;6;83.43;['-batch-training', '-calc-rsi', '-verbose', '-prediction-mode=index', '-interval-list=30m', '-range-min-rsi=28', '-range-max-rsi=80', '-range-p-ema=50,250', '-target-margin-list=1.0,1.5,2.0,2.5,3.0,3.5,4.0,4.5,5.0', '-log-level=WARNING']
2023-11-26 20:30:15;UNIUSDT;30m;4.0;225;32;78;100.0;6;83.43;['-batch-training', '-calc-rsi', '-verbose', '-prediction-mode=index', '-interval-list=30m', '-range-min-rsi=28', '-range-max-rsi=80', '-range-p-ema=50,250', '-target-margin-list=1.0,1.5,2.0,2.5,3.0,3.5,4.0,4.5,5.0', '-log-level=WARNING']
2023-11-26 20:17:04;UNIUSDT;30m;4.0;200;32;76;100.0;6;83.43;['-batch-training', '-calc-rsi', '-verbose', '-prediction-mode=index', '-interval-list=30m', '-range-min-rsi=28', '-range-max-rsi=80', '-range-p-ema=50,250', '-target-margin-list=1.0,1.5,2.0,2.5,3.0,3.5,4.0,4.5,5.0', '-log-level=WARNING']
2023-11-26 20:29:57;UNIUSDT;30m;4.0;225;32;76;100.0;6;83.43;['-batch-training', '-calc-rsi', '-verbose', '-prediction-mode=index', '-interval-list=30m', '-range-min-rsi=28', '-range-max-rsi=80', '-range-p-ema=50,250', '-target-margin-list=1.0,1.5,2.0,2.5,3.0,3.5,4.0,4.5,5.0', '-log-level=WARNING']
2023-11-26 19:32:44;UNIUSDT;30m;4.0;100;32;74;100.0;6;83.43;['-batch-training', '-calc-rsi', '-verbose', '-prediction-mode=index', '-interval-list=30m', '-range-min-rsi=28', '-range-max-rsi=80', '-range-p-ema=50,250', '-target-margin-list=1.0,1.5,2.0,2.5,3.0,3.5,4.0,4.5,5.0', '-log-level=WARNING']
2023-11-26 19:50:51;UNIUSDT;30m;2.0;150;28;76;100.0;5;83.48;['-batch-training', '-calc-rsi', '-verbose', '-prediction-mode=index', '-interval-list=30m', '-range-min-rsi=28', '-range-max-rsi=80', '-range-p-ema=50,250', '-target-margin-list=1.0,1.5,2.0,2.5,3.0,3.5,4.0,4.5,5.0', '-log-level=WARNING']
2023-11-26 19:39:19;UNIUSDT;30m;2.0;125;28;76;100.0;5;83.48;['-batch-training', '-calc-rsi', '-verbose', '-prediction-mode=index', '-interval-list=30m', '-range-min-rsi=28', '-range-max-rsi=80', '-range-p-ema=50,250', '-target-margin-list=1.0,1.5,2.0,2.5,3.0,3.5,4.0,4.5,5.0', '-log-level=WARNING']
2023-11-26 20:51:16;UNIUSDT;30m;2.0;50;28;76;100.0;5;83.48;['-batch-training', '-calc-rsi', '-verbose', '-prediction-mode=index', '-interval-list=30m', '-range-min-rsi=28', '-range-max-rsi=80', '-range-p-ema=50,250', '-target-margin-list=1.0,1.5,2.0,2.5,3.0,3.5,4.0,4.5,5.0', '-log-level=WARNING']
2023-11-26 21:06:28;UNIUSDT;30m;2.0;75;28;76;100.0;5;83.48;['-batch-training', '-calc-rsi', '-verbose', '-prediction-mode=index', '-interval-list=30m', '-range-min-rsi=28', '-range-max-rsi=80', '-range-p-ema=50,250', '-target-margin-list=1.0,1.5,2.0,2.5,3.0,3.5,4.0,4.5,5.0', '-log-level=WARNING']
2023-11-26 20:11:34;UNIUSDT;30m;2.0;200;28;76;100.0;5;83.48;['-batch-training', '-calc-rsi', '-verbose', '-prediction-mode=index', '-interval-list=30m', '-range-min-rsi=28', '-range-max-rsi=80', '-range-p-ema=50,250', '-target-margin-list=1.0,1.5,2.0,2.5,3.0,3.5,4.0,4.5,5.0', '-log-level=WARNING']
2023-11-26 20:01:15;UNIUSDT;30m;2.0;175;28;76;100.0;5;83.48;['-batch-training', '-calc-rsi', '-verbose', '-prediction-mode=index', '-interval-list=30m', '-range-min-rsi=28', '-range-max-rsi=80', '-range-p-ema=50,250', '-target-margin-list=1.0,1.5,2.0,2.5,3.0,3.5,4.0,4.5,5.0', '-log-level=WARNING']
2023-11-26 20:24:03;UNIUSDT;30m;2.0;225;28;76;100.0;5;83.48;['-batch-training', '-calc-rsi', '-verbose', '-prediction-mode=index', '-interval-list=30m', '-range-min-rsi=28', '-range-max-rsi=80', '-range-p-ema=50,250', '-target-margin-list=1.0,1.5,2.0,2.5,3.0,3.5,4.0,4.5,5.0', '-log-level=WARNING']
2023-11-26 19:27:50;UNIUSDT;30m;2.0;100;28;76;100.0;5;83.48;['-batch-training', '-calc-rsi', '-verbose', '-prediction-mode=index', '-interval-list=30m', '-range-min-rsi=28', '-range-max-rsi=80', '-range-p-ema=50,250', '-target-margin-list=1.0,1.5,2.0,2.5,3.0,3.5,4.0,4.5,5.0', '-log-level=WARNING']
2023-11-26 20:13:42;UNIUSDT;30m;3.0;200;28;72;100.0;5;83.92;['-batch-training', '-calc-rsi', '-verbose', '-prediction-mode=index', '-interval-list=30m', '-range-min-rsi=28', '-range-max-rsi=80', '-range-p-ema=50,250', '-target-margin-list=1.0,1.5,2.0,2.5,3.0,3.5,4.0,4.5,5.0', '-log-level=WARNING']
2023-11-26 19:41:23;UNIUSDT;30m;3.0;125;28;72;100.0;5;83.92;['-batch-training', '-calc-rsi', '-verbose', '-prediction-mode=index', '-interval-list=30m', '-range-min-rsi=28', '-range-max-rsi=80', '-range-p-ema=50,250', '-target-margin-list=1.0,1.5,2.0,2.5,3.0,3.5,4.0,4.5,5.0', '-log-level=WARNING']
2023-11-26 20:03:03;UNIUSDT;30m;3.0;175;28;72;100.0;5;83.92;['-batch-training', '-calc-rsi', '-verbose', '-prediction-mode=index', '-interval-list=30m', '-range-min-rsi=28', '-range-max-rsi=80', '-range-p-ema=50,250', '-target-margin-list=1.0,1.5,2.0,2.5,3.0,3.5,4.0,4.5,5.0', '-log-level=WARNING']
2023-11-26 20:53:55;UNIUSDT;30m;3.0;50;28;72;100.0;5;83.92;['-batch-training', '-calc-rsi', '-verbose', '-prediction-mode=index', '-interval-list=30m', '-range-min-rsi=28', '-range-max-rsi=80', '-range-p-ema=50,250', '-target-margin-list=1.0,1.5,2.0,2.5,3.0,3.5,4.0,4.5,5.0', '-log-level=WARNING']
2023-11-26 21:09:21;UNIUSDT;30m;3.0;75;28;72;100.0;5;83.92;['-batch-training', '-calc-rsi', '-verbose', '-prediction-mode=index', '-interval-list=30m', '-range-min-rsi=28', '-range-max-rsi=80', '-range-p-ema=50,250', '-target-margin-list=1.0,1.5,2.0,2.5,3.0,3.5,4.0,4.5,5.0', '-log-level=WARNING']
2023-11-26 19:52:51;UNIUSDT;30m;3.0;150;28;72;100.0;5;83.92;['-batch-training', '-calc-rsi', '-verbose', '-prediction-mode=index', '-interval-list=30m', '-range-min-rsi=28', '-range-max-rsi=80', '-range-p-ema=50,250', '-target-margin-list=1.0,1.5,2.0,2.5,3.0,3.5,4.0,4.5,5.0', '-log-level=WARNING']
2023-11-26 19:29:54;UNIUSDT;30m;3.0;100;28;72;100.0;5;83.92;['-batch-training', '-calc-rsi', '-verbose', '-prediction-mode=index', '-interval-list=30m', '-range-min-rsi=28', '-range-max-rsi=80', '-range-p-ema=50,250', '-target-margin-list=1.0,1.5,2.0,2.5,3.0,3.5,4.0,4.5,5.0', '-log-level=WARNING']
2023-11-26 20:26:20;UNIUSDT;30m;3.0;225;28;72;100.0;5;83.92;['-batch-training', '-calc-rsi', '-verbose', '-prediction-mode=index', '-interval-list=30m', '-range-min-rsi=28', '-range-max-rsi=80', '-range-p-ema=50,250', '-target-margin-list=1.0,1.5,2.0,2.5,3.0,3.5,4.0,4.5,5.0', '-log-level=WARNING']
2023-11-26 21:14:00;UNIUSDT;30m;4.0;75;30;78;100.0;6;83.96;['-batch-training', '-calc-rsi', '-verbose', '-prediction-mode=index', '-interval-list=30m', '-range-min-rsi=28', '-range-max-rsi=80', '-range-p-ema=50,250', '-target-margin-list=1.0,1.5,2.0,2.5,3.0,3.5,4.0,4.5,5.0', '-log-level=WARNING']
2023-11-26 20:58:15;UNIUSDT;30m;4.0;50;30;78;100.0;6;83.96;['-batch-training', '-calc-rsi', '-verbose', '-prediction-mode=index', '-interval-list=30m', '-range-min-rsi=28', '-range-max-rsi=80', '-range-p-ema=50,250', '-target-margin-list=1.0,1.5,2.0,2.5,3.0,3.5,4.0,4.5,5.0', '-log-level=WARNING']
2023-11-26 20:17:01;UNIUSDT;30m;4.0;200;30;76;100.0;6;83.96;['-batch-training', '-calc-rsi', '-verbose', '-prediction-mode=index', '-interval-list=30m', '-range-min-rsi=28', '-range-max-rsi=80', '-range-p-ema=50,250', '-target-margin-list=1.0,1.5,2.0,2.5,3.0,3.5,4.0,4.5,5.0', '-log-level=WARNING']
2023-11-26 20:43:27;UNIUSDT;30m;4.0;250;30;76;100.0;6;83.96;['-batch-training', '-calc-rsi', '-verbose', '-prediction-mode=index', '-interval-list=30m', '-range-min-rsi=28', '-range-max-rsi=80', '-range-p-ema=50,250', '-target-margin-list=1.0,1.5,2.0,2.5,3.0,3.5,4.0,4.5,5.0', '-log-level=WARNING']
2023-11-26 19:33:11;UNIUSDT;30m;4.0;100;30;78;100.0;6;83.96;['-batch-training', '-calc-rsi', '-verbose', '-prediction-mode=index', '-interval-list=30m', '-range-min-rsi=28', '-range-max-rsi=80', '-range-p-ema=50,250', '-target-margin-list=1.0,1.5,2.0,2.5,3.0,3.5,4.0,4.5,5.0', '-log-level=WARNING']
2023-11-26 20:43:08;UNIUSDT;30m;4.0;250;30;74;100.0;6;83.96;['-batch-training', '-calc-rsi', '-verbose', '-prediction-mode=index', '-interval-list=30m', '-range-min-rsi=28', '-range-max-rsi=80', '-range-p-ema=50,250', '-target-margin-list=1.0,1.5,2.0,2.5,3.0,3.5,4.0,4.5,5.0', '-log-level=WARNING']
2023-11-26 20:29:37;UNIUSDT;30m;4.0;225;30;74;100.0;6;83.96;['-batch-training', '-calc-rsi', '-verbose', '-prediction-mode=index', '-interval-list=30m', '-range-min-rsi=28', '-range-max-rsi=80', '-range-p-ema=50,250', '-target-margin-list=1.0,1.5,2.0,2.5,3.0,3.5,4.0,4.5,5.0', '-log-level=WARNING']
2023-11-26 20:43:45;UNIUSDT;30m;4.0;250;30;78;100.0;6;83.96;['-batch-training', '-calc-rsi', '-verbose', '-prediction-mode=index', '-interval-list=30m', '-range-min-rsi=28', '-range-max-rsi=80', '-range-p-ema=50,250', '-target-margin-list=1.0,1.5,2.0,2.5,3.0,3.5,4.0,4.5,5.0', '-log-level=WARNING']
2023-11-26 19:55:38;UNIUSDT;30m;4.0;150;30;76;100.0;6;83.96;['-batch-training', '-calc-rsi', '-verbose', '-prediction-mode=index', '-interval-list=30m', '-range-min-rsi=28', '-range-max-rsi=80', '-range-p-ema=50,250', '-target-margin-list=1.0,1.5,2.0,2.5,3.0,3.5,4.0,4.5,5.0', '-log-level=WARNING']
2023-11-26 20:29:53;UNIUSDT;30m;4.0;225;30;76;100.0;6;83.96;['-batch-training', '-calc-rsi', '-verbose', '-prediction-mode=index', '-interval-list=30m', '-range-min-rsi=28', '-range-max-rsi=80', '-range-p-ema=50,250', '-target-margin-list=1.0,1.5,2.0,2.5,3.0,3.5,4.0,4.5,5.0', '-log-level=WARNING']
2023-11-26 19:55:51;UNIUSDT;30m;4.0;150;30;78;100.0;6;83.96;['-batch-training', '-calc-rsi', '-verbose', '-prediction-mode=index', '-interval-list=30m', '-range-min-rsi=28', '-range-max-rsi=80', '-range-p-ema=50,250', '-target-margin-list=1.0,1.5,2.0,2.5,3.0,3.5,4.0,4.5,5.0', '-log-level=WARNING']
2023-11-26 20:05:30;UNIUSDT;30m;4.0;175;30;74;100.0;6;83.96;['-batch-training', '-calc-rsi', '-verbose', '-prediction-mode=index', '-interval-list=30m', '-range-min-rsi=28', '-range-max-rsi=80', '-range-p-ema=50,250', '-target-margin-list=1.0,1.5,2.0,2.5,3.0,3.5,4.0,4.5,5.0', '-log-level=WARNING']
2023-11-26 20:05:43;UNIUSDT;30m;4.0;175;30;76;100.0;6;83.96;['-batch-training', '-calc-rsi', '-verbose', '-prediction-mode=index', '-interval-list=30m', '-range-min-rsi=28', '-range-max-rsi=80', '-range-p-ema=50,250', '-target-margin-list=1.0,1.5,2.0,2.5,3.0,3.5,4.0,4.5,5.0', '-log-level=WARNING']
2023-11-26 20:57:35;UNIUSDT;30m;4.0;50;30;74;100.0;6;83.96;['-batch-training', '-calc-rsi', '-verbose', '-prediction-mode=index', '-interval-list=30m', '-range-min-rsi=28', '-range-max-rsi=80', '-range-p-ema=50,250', '-target-margin-list=1.0,1.5,2.0,2.5,3.0,3.5,4.0,4.5,5.0', '-log-level=WARNING']
2023-11-26 20:16:44;UNIUSDT;30m;4.0;200;30;74;100.0;6;83.96;['-batch-training', '-calc-rsi', '-verbose', '-prediction-mode=index', '-interval-list=30m', '-range-min-rsi=28', '-range-max-rsi=80', '-range-p-ema=50,250', '-target-margin-list=1.0,1.5,2.0,2.5,3.0,3.5,4.0,4.5,5.0', '-log-level=WARNING']
2023-11-26 20:30:11;UNIUSDT;30m;4.0;225;30;78;100.0;6;83.96;['-batch-training', '-calc-rsi', '-verbose', '-prediction-mode=index', '-interval-list=30m', '-range-min-rsi=28', '-range-max-rsi=80', '-range-p-ema=50,250', '-target-margin-list=1.0,1.5,2.0,2.5,3.0,3.5,4.0,4.5,5.0', '-log-level=WARNING']
2023-11-26 19:44:28;UNIUSDT;30m;4.0;125;30;76;100.0;6;83.96;['-batch-training', '-calc-rsi', '-verbose', '-prediction-mode=index', '-interval-list=30m', '-range-min-rsi=28', '-range-max-rsi=80', '-range-p-ema=50,250', '-target-margin-list=1.0,1.5,2.0,2.5,3.0,3.5,4.0,4.5,5.0', '-log-level=WARNING']
2023-11-26 19:55:24;UNIUSDT;30m;4.0;150;30;74;100.0;6;83.96;['-batch-training', '-calc-rsi', '-verbose', '-prediction-mode=index', '-interval-list=30m', '-range-min-rsi=28', '-range-max-rsi=80', '-range-p-ema=50,250', '-target-margin-list=1.0,1.5,2.0,2.5,3.0,3.5,4.0,4.5,5.0', '-log-level=WARNING']
2023-11-26 20:17:16;UNIUSDT;30m;4.0;200;30;78;100.0;6;83.96;['-batch-training', '-calc-rsi', '-verbose', '-prediction-mode=index', '-interval-list=30m', '-range-min-rsi=28', '-range-max-rsi=80', '-range-p-ema=50,250', '-target-margin-list=1.0,1.5,2.0,2.5,3.0,3.5,4.0,4.5,5.0', '-log-level=WARNING']
2023-11-26 21:13:23;UNIUSDT;30m;4.0;75;30;74;100.0;6;83.96;['-batch-training', '-calc-rsi', '-verbose', '-prediction-mode=index', '-interval-list=30m', '-range-min-rsi=28', '-range-max-rsi=80', '-range-p-ema=50,250', '-target-margin-list=1.0,1.5,2.0,2.5,3.0,3.5,4.0,4.5,5.0', '-log-level=WARNING']
2023-11-26 20:05:57;UNIUSDT;30m;4.0;175;30;78;100.0;6;83.96;['-batch-training', '-calc-rsi', '-verbose', '-prediction-mode=index', '-interval-list=30m', '-range-min-rsi=28', '-range-max-rsi=80', '-range-p-ema=50,250', '-target-margin-list=1.0,1.5,2.0,2.5,3.0,3.5,4.0,4.5,5.0', '-log-level=WARNING']
2023-11-26 19:44:42;UNIUSDT;30m;4.0;125;30;78;100.0;6;83.96;['-batch-training', '-calc-rsi', '-verbose', '-prediction-mode=index', '-interval-list=30m', '-range-min-rsi=28', '-range-max-rsi=80', '-range-p-ema=50,250', '-target-margin-list=1.0,1.5,2.0,2.5,3.0,3.5,4.0,4.5,5.0', '-log-level=WARNING']
2023-11-26 19:32:56;UNIUSDT;30m;4.0;100;30;76;100.0;6;83.96;['-batch-training', '-calc-rsi', '-verbose', '-prediction-mode=index', '-interval-list=30m', '-range-min-rsi=28', '-range-max-rsi=80', '-range-p-ema=50,250', '-target-margin-list=1.0,1.5,2.0,2.5,3.0,3.5,4.0,4.5,5.0', '-log-level=WARNING']
2023-11-26 21:13:42;UNIUSDT;30m;4.0;75;30;76;100.0;6;83.96;['-batch-training', '-calc-rsi', '-verbose', '-prediction-mode=index', '-interval-list=30m', '-range-min-rsi=28', '-range-max-rsi=80', '-range-p-ema=50,250', '-target-margin-list=1.0,1.5,2.0,2.5,3.0,3.5,4.0,4.5,5.0', '-log-level=WARNING']
2023-11-26 19:32:41;UNIUSDT;30m;4.0;100;30;74;100.0;6;83.96;['-batch-training', '-calc-rsi', '-verbose', '-prediction-mode=index', '-interval-list=30m', '-range-min-rsi=28', '-range-max-rsi=80', '-range-p-ema=50,250', '-target-margin-list=1.0,1.5,2.0,2.5,3.0,3.5,4.0,4.5,5.0', '-log-level=WARNING']
2023-11-26 20:57:55;UNIUSDT;30m;4.0;50;30;76;100.0;6;83.96;['-batch-training', '-calc-rsi', '-verbose', '-prediction-mode=index', '-interval-list=30m', '-range-min-rsi=28', '-range-max-rsi=80', '-range-p-ema=50,250', '-target-margin-list=1.0,1.5,2.0,2.5,3.0,3.5,4.0,4.5,5.0', '-log-level=WARNING']
2023-11-26 19:44:12;UNIUSDT;30m;4.0;125;30;74;100.0;6;83.96;['-batch-training', '-calc-rsi', '-verbose', '-prediction-mode=index', '-interval-list=30m', '-range-min-rsi=28', '-range-max-rsi=80', '-range-p-ema=50,250', '-target-margin-list=1.0,1.5,2.0,2.5,3.0,3.5,4.0,4.5,5.0', '-log-level=WARNING']
2023-11-26 20:51:00;UNIUSDT;30m;2.0;50;30;74;100.0;3;83.98;['-batch-training', '-calc-rsi', '-verbose', '-prediction-mode=index', '-interval-list=30m', '-range-min-rsi=28', '-range-max-rsi=80', '-range-p-ema=50,250', '-target-margin-list=1.0,1.5,2.0,2.5,3.0,3.5,4.0,4.5,5.0', '-log-level=WARNING']
2023-11-26 19:27:37;UNIUSDT;30m;2.0;100;30;74;100.0;3;83.98;['-batch-training', '-calc-rsi', '-verbose', '-prediction-mode=index', '-interval-list=30m', '-range-min-rsi=28', '-range-max-rsi=80', '-range-p-ema=50,250', '-target-margin-list=1.0,1.5,2.0,2.5,3.0,3.5,4.0,4.5,5.0', '-log-level=WARNING']
2023-11-26 19:39:07;UNIUSDT;30m;2.0;125;30;74;100.0;3;83.98;['-batch-training', '-calc-rsi', '-verbose', '-prediction-mode=index', '-interval-list=30m', '-range-min-rsi=28', '-range-max-rsi=80', '-range-p-ema=50,250', '-target-margin-list=1.0,1.5,2.0,2.5,3.0,3.5,4.0,4.5,5.0', '-log-level=WARNING']
2023-11-26 21:06:11;UNIUSDT;30m;2.0;75;30;74;100.0;3;83.98;['-batch-training', '-calc-rsi', '-verbose', '-prediction-mode=index', '-interval-list=30m', '-range-min-rsi=28', '-range-max-rsi=80', '-range-p-ema=50,250', '-target-margin-list=1.0,1.5,2.0,2.5,3.0,3.5,4.0,4.5,5.0', '-log-level=WARNING']
2023-11-26 19:50:38;UNIUSDT;30m;2.0;150;30;74;100.0;3;83.98;['-batch-training', '-calc-rsi', '-verbose', '-prediction-mode=index', '-interval-list=30m', '-range-min-rsi=28', '-range-max-rsi=80', '-range-p-ema=50,250', '-target-margin-list=1.0,1.5,2.0,2.5,3.0,3.5,4.0,4.5,5.0', '-log-level=WARNING']
2023-11-26 20:57:51;UNIUSDT;30m;4.0;50;28;76;100.0;6;83.99;['-batch-training', '-calc-rsi', '-verbose', '-prediction-mode=index', '-interval-list=30m', '-range-min-rsi=28', '-range-max-rsi=80', '-range-p-ema=50,250', '-target-margin-list=1.0,1.5,2.0,2.5,3.0,3.5,4.0,4.5,5.0', '-log-level=WARNING']
2023-11-26 21:13:39;UNIUSDT;30m;4.0;75;28;76;100.0;6;83.99;['-batch-training', '-calc-rsi', '-verbose', '-prediction-mode=index', '-interval-list=30m', '-range-min-rsi=28', '-range-max-rsi=80', '-range-p-ema=50,250', '-target-margin-list=1.0,1.5,2.0,2.5,3.0,3.5,4.0,4.5,5.0', '-log-level=WARNING']
2023-11-26 19:55:49;UNIUSDT;30m;4.0;150;28;78;100.0;6;83.99;['-batch-training', '-calc-rsi', '-verbose', '-prediction-mode=index', '-interval-list=30m', '-range-min-rsi=28', '-range-max-rsi=80', '-range-p-ema=50,250', '-target-margin-list=1.0,1.5,2.0,2.5,3.0,3.5,4.0,4.5,5.0', '-log-level=WARNING']
2023-11-26 19:44:24;UNIUSDT;30m;4.0;125;28;76;100.0;6;83.99;['-batch-training', '-calc-rsi', '-verbose', '-prediction-mode=index', '-interval-list=30m', '-range-min-rsi=28', '-range-max-rsi=80', '-range-p-ema=50,250', '-target-margin-list=1.0,1.5,2.0,2.5,3.0,3.5,4.0,4.5,5.0', '-log-level=WARNING']
2023-11-26 19:44:39;UNIUSDT;30m;4.0;125;28;78;100.0;6;83.99;['-batch-training', '-calc-rsi', '-verbose', '-prediction-mode=index', '-interval-list=30m', '-range-min-rsi=28', '-range-max-rsi=80', '-range-p-ema=50,250', '-target-margin-list=1.0,1.5,2.0,2.5,3.0,3.5,4.0,4.5,5.0', '-log-level=WARNING']
2023-11-26 19:55:35;UNIUSDT;30m;4.0;150;28;76;100.0;6;83.99;['-batch-training', '-calc-rsi', '-verbose', '-prediction-mode=index', '-interval-list=30m', '-range-min-rsi=28', '-range-max-rsi=80', '-range-p-ema=50,250', '-target-margin-list=1.0,1.5,2.0,2.5,3.0,3.5,4.0,4.5,5.0', '-log-level=WARNING']
2023-11-26 21:13:56;UNIUSDT;30m;4.0;75;28;78;100.0;6;83.99;['-batch-training', '-calc-rsi', '-verbose', '-prediction-mode=index', '-interval-list=30m', '-range-min-rsi=28', '-range-max-rsi=80', '-range-p-ema=50,250', '-target-margin-list=1.0,1.5,2.0,2.5,3.0,3.5,4.0,4.5,5.0', '-log-level=WARNING']
2023-11-26 20:17:13;UNIUSDT;30m;4.0;200;28;78;100.0;6;83.99;['-batch-training', '-calc-rsi', '-verbose', '-prediction-mode=index', '-interval-list=30m', '-range-min-rsi=28', '-range-max-rsi=80', '-range-p-ema=50,250', '-target-margin-list=1.0,1.5,2.0,2.5,3.0,3.5,4.0,4.5,5.0', '-log-level=WARNING']
2023-11-26 19:32:53;UNIUSDT;30m;4.0;100;28;76;100.0;6;83.99;['-batch-training', '-calc-rsi', '-verbose', '-prediction-mode=index', '-interval-list=30m', '-range-min-rsi=28', '-range-max-rsi=80', '-range-p-ema=50,250', '-target-margin-list=1.0,1.5,2.0,2.5,3.0,3.5,4.0,4.5,5.0', '-log-level=WARNING']
2023-11-26 20:16:41;UNIUSDT;30m;4.0;200;28;74;100.0;6;83.99;['-batch-training', '-calc-rsi', '-verbose', '-prediction-mode=index', '-interval-list=30m', '-range-min-rsi=28', '-range-max-rsi=80', '-range-p-ema=50,250', '-target-margin-list=1.0,1.5,2.0,2.5,3.0,3.5,4.0,4.5,5.0', '-log-level=WARNING']
2023-11-26 20:05:28;UNIUSDT;30m;4.0;175;28;74;100.0;6;83.99;['-batch-training', '-calc-rsi', '-verbose', '-prediction-mode=index', '-interval-list=30m', '-range-min-rsi=28', '-range-max-rsi=80', '-range-p-ema=50,250', '-target-margin-list=1.0,1.5,2.0,2.5,3.0,3.5,4.0,4.5,5.0', '-log-level=WARNING']
2023-11-26 19:55:21;UNIUSDT;30m;4.0;150;28;74;100.0;6;83.99;['-batch-training', '-calc-rsi', '-verbose', '-prediction-mode=index', '-interval-list=30m', '-range-min-rsi=28', '-range-max-rsi=80', '-range-p-ema=50,250', '-target-margin-list=1.0,1.5,2.0,2.5,3.0,3.5,4.0,4.5,5.0', '-log-level=WARNING']
2023-11-26 19:44:10;UNIUSDT;30m;4.0;125;28;74;100.0;6;83.99;['-batch-training', '-calc-rsi', '-verbose', '-prediction-mode=index', '-interval-list=30m', '-range-min-rsi=28', '-range-max-rsi=80', '-range-p-ema=50,250', '-target-margin-list=1.0,1.5,2.0,2.5,3.0,3.5,4.0,4.5,5.0', '-log-level=WARNING']
2023-11-26 20:43:23;UNIUSDT;30m;4.0;250;28;76;100.0;6;83.99;['-batch-training', '-calc-rsi', '-verbose', '-prediction-mode=index', '-interval-list=30m', '-range-min-rsi=28', '-range-max-rsi=80', '-range-p-ema=50,250', '-target-margin-list=1.0,1.5,2.0,2.5,3.0,3.5,4.0,4.5,5.0', '-log-level=WARNING']
2023-11-26 20:43:42;UNIUSDT;30m;4.0;250;28;78;100.0;6;83.99;['-batch-training', '-calc-rsi', '-verbose', '-prediction-mode=index', '-interval-list=30m', '-range-min-rsi=28', '-range-max-rsi=80', '-range-p-ema=50,250', '-target-margin-list=1.0,1.5,2.0,2.5,3.0,3.5,4.0,4.5,5.0', '-log-level=WARNING']
2023-11-26 20:43:04;UNIUSDT;30m;4.0;250;28;74;100.0;6;83.99;['-batch-training', '-calc-rsi', '-verbose', '-prediction-mode=index', '-interval-list=30m', '-range-min-rsi=28', '-range-max-rsi=80', '-range-p-ema=50,250', '-target-margin-list=1.0,1.5,2.0,2.5,3.0,3.5,4.0,4.5,5.0', '-log-level=WARNING']
2023-11-26 19:32:38;UNIUSDT;30m;4.0;100;28;74;100.0;6;83.99;['-batch-training', '-calc-rsi', '-verbose', '-prediction-mode=index', '-interval-list=30m', '-range-min-rsi=28', '-range-max-rsi=80', '-range-p-ema=50,250', '-target-margin-list=1.0,1.5,2.0,2.5,3.0,3.5,4.0,4.5,5.0', '-log-level=WARNING']
2023-11-26 20:57:31;UNIUSDT;30m;4.0;50;28;74;100.0;6;83.99;['-batch-training', '-calc-rsi', '-verbose', '-prediction-mode=index', '-interval-list=30m', '-range-min-rsi=28', '-range-max-rsi=80', '-range-p-ema=50,250', '-target-margin-list=1.0,1.5,2.0,2.5,3.0,3.5,4.0,4.5,5.0', '-log-level=WARNING']
2023-11-26 21:13:19;UNIUSDT;30m;4.0;75;28;74;100.0;6;83.99;['-batch-training', '-calc-rsi', '-verbose', '-prediction-mode=index', '-interval-list=30m', '-range-min-rsi=28', '-range-max-rsi=80', '-range-p-ema=50,250', '-target-margin-list=1.0,1.5,2.0,2.5,3.0,3.5,4.0,4.5,5.0', '-log-level=WARNING']
2023-11-26 20:16:57;UNIUSDT;30m;4.0;200;28;76;100.0;6;83.99;['-batch-training', '-calc-rsi', '-verbose', '-prediction-mode=index', '-interval-list=30m', '-range-min-rsi=28', '-range-max-rsi=80', '-range-p-ema=50,250', '-target-margin-list=1.0,1.5,2.0,2.5,3.0,3.5,4.0,4.5,5.0', '-log-level=WARNING']
2023-11-26 20:29:33;UNIUSDT;30m;4.0;225;28;74;100.0;6;83.99;['-batch-training', '-calc-rsi', '-verbose', '-prediction-mode=index', '-interval-list=30m', '-range-min-rsi=28', '-range-max-rsi=80', '-range-p-ema=50,250', '-target-margin-list=1.0,1.5,2.0,2.5,3.0,3.5,4.0,4.5,5.0', '-log-level=WARNING']
2023-11-26 19:33:08;UNIUSDT;30m;4.0;100;28;78;100.0;6;83.99;['-batch-training', '-calc-rsi', '-verbose', '-prediction-mode=index', '-interval-list=30m', '-range-min-rsi=28', '-range-max-rsi=80', '-range-p-ema=50,250', '-target-margin-list=1.0,1.5,2.0,2.5,3.0,3.5,4.0,4.5,5.0', '-log-level=WARNING']
2023-11-26 20:30:08;UNIUSDT;30m;4.0;225;28;78;100.0;6;83.99;['-batch-training', '-calc-rsi', '-verbose', '-prediction-mode=index', '-interval-list=30m', '-range-min-rsi=28', '-range-max-rsi=80', '-range-p-ema=50,250', '-target-margin-list=1.0,1.5,2.0,2.5,3.0,3.5,4.0,4.5,5.0', '-log-level=WARNING']
2023-11-26 20:58:11;UNIUSDT;30m;4.0;50;28;78;100.0;6;83.99;['-batch-training', '-calc-rsi', '-verbose', '-prediction-mode=index', '-interval-list=30m', '-range-min-rsi=28', '-range-max-rsi=80', '-range-p-ema=50,250', '-target-margin-list=1.0,1.5,2.0,2.5,3.0,3.5,4.0,4.5,5.0', '-log-level=WARNING']
2023-11-26 20:05:41;UNIUSDT;30m;4.0;175;28;76;100.0;6;83.99;['-batch-training', '-calc-rsi', '-verbose', '-prediction-mode=index', '-interval-list=30m', '-range-min-rsi=28', '-range-max-rsi=80', '-range-p-ema=50,250', '-target-margin-list=1.0,1.5,2.0,2.5,3.0,3.5,4.0,4.5,5.0', '-log-level=WARNING']
2023-11-26 20:05:53;UNIUSDT;30m;4.0;175;28;78;100.0;6;83.99;['-batch-training', '-calc-rsi', '-verbose', '-prediction-mode=index', '-interval-list=30m', '-range-min-rsi=28', '-range-max-rsi=80', '-range-p-ema=50,250', '-target-margin-list=1.0,1.5,2.0,2.5,3.0,3.5,4.0,4.5,5.0', '-log-level=WARNING']
2023-11-26 20:29:50;UNIUSDT;30m;4.0;225;28;76;100.0;6;83.99;['-batch-training', '-calc-rsi', '-verbose', '-prediction-mode=index', '-interval-list=30m', '-range-min-rsi=28', '-range-max-rsi=80', '-range-p-ema=50,250', '-target-margin-list=1.0,1.5,2.0,2.5,3.0,3.5,4.0,4.5,5.0', '-log-level=WARNING']
2023-11-26 20:57:27;UNIUSDT;30m;4.0;50;36;72;100.0;3;84.04;['-batch-training', '-calc-rsi', '-verbose', '-prediction-mode=index', '-interval-list=30m', '-range-min-rsi=28', '-range-max-rsi=80', '-range-p-ema=50,250', '-target-margin-list=1.0,1.5,2.0,2.5,3.0,3.5,4.0,4.5,5.0', '-log-level=WARNING']
2023-11-26 21:13:14;UNIUSDT;30m;4.0;75;36;72;100.0;3;84.04;['-batch-training', '-calc-rsi', '-verbose', '-prediction-mode=index', '-interval-list=30m', '-range-min-rsi=28', '-range-max-rsi=80', '-range-p-ema=50,250', '-target-margin-list=1.0,1.5,2.0,2.5,3.0,3.5,4.0,4.5,5.0', '-log-level=WARNING']
2023-11-26 19:55:18;UNIUSDT;30m;4.0;150;36;72;100.0;3;84.04;['-batch-training', '-calc-rsi', '-verbose', '-prediction-mode=index', '-interval-list=30m', '-range-min-rsi=28', '-range-max-rsi=80', '-range-p-ema=50,250', '-target-margin-list=1.0,1.5,2.0,2.5,3.0,3.5,4.0,4.5,5.0', '-log-level=WARNING']
2023-11-26 19:44:06;UNIUSDT;30m;4.0;125;36;72;100.0;3;84.04;['-batch-training', '-calc-rsi', '-verbose', '-prediction-mode=index', '-interval-list=30m', '-range-min-rsi=28', '-range-max-rsi=80', '-range-p-ema=50,250', '-target-margin-list=1.0,1.5,2.0,2.5,3.0,3.5,4.0,4.5,5.0', '-log-level=WARNING']
2023-11-26 19:32:35;UNIUSDT;30m;4.0;100;36;72;100.0;3;84.04;['-batch-training', '-calc-rsi', '-verbose', '-prediction-mode=index', '-interval-list=30m', '-range-min-rsi=28', '-range-max-rsi=80', '-range-p-ema=50,250', '-target-margin-list=1.0,1.5,2.0,2.5,3.0,3.5,4.0,4.5,5.0', '-log-level=WARNING']
2023-11-26 19:55:16;UNIUSDT;30m;4.0;150;34;72;100.0;3;84.22;['-batch-training', '-calc-rsi', '-verbose', '-prediction-mode=index', '-interval-list=30m', '-range-min-rsi=28', '-range-max-rsi=80', '-range-p-ema=50,250', '-target-margin-list=1.0,1.5,2.0,2.5,3.0,3.5,4.0,4.5,5.0', '-log-level=WARNING']
2023-11-26 21:13:09;UNIUSDT;30m;4.0;75;34;72;100.0;3;84.22;['-batch-training', '-calc-rsi', '-verbose', '-prediction-mode=index', '-interval-list=30m', '-range-min-rsi=28', '-range-max-rsi=80', '-range-p-ema=50,250', '-target-margin-list=1.0,1.5,2.0,2.5,3.0,3.5,4.0,4.5,5.0', '-log-level=WARNING']
2023-11-26 20:57:24;UNIUSDT;30m;4.0;50;34;72;100.0;3;84.22;['-batch-training', '-calc-rsi', '-verbose', '-prediction-mode=index', '-interval-list=30m', '-range-min-rsi=28', '-range-max-rsi=80', '-range-p-ema=50,250', '-target-margin-list=1.0,1.5,2.0,2.5,3.0,3.5,4.0,4.5,5.0', '-log-level=WARNING']
2023-11-26 19:44:03;UNIUSDT;30m;4.0;125;34;72;100.0;3;84.22;['-batch-training', '-calc-rsi', '-verbose', '-prediction-mode=index', '-interval-list=30m', '-range-min-rsi=28', '-range-max-rsi=80', '-range-p-ema=50,250', '-target-margin-list=1.0,1.5,2.0,2.5,3.0,3.5,4.0,4.5,5.0', '-log-level=WARNING']
2023-11-26 19:32:32;UNIUSDT;30m;4.0;100;34;72;100.0;3;84.22;['-batch-training', '-calc-rsi', '-verbose', '-prediction-mode=index', '-interval-list=30m', '-range-min-rsi=28', '-range-max-rsi=80', '-range-p-ema=50,250', '-target-margin-list=1.0,1.5,2.0,2.5,3.0,3.5,4.0,4.5,5.0', '-log-level=WARNING']
2023-11-26 20:40:17;UNIUSDT;30m;3.0;250;28;76;100.0;5;84.26;['-batch-training', '-calc-rsi', '-verbose', '-prediction-mode=index', '-interval-list=30m', '-range-min-rsi=28', '-range-max-rsi=80', '-range-p-ema=50,250', '-target-margin-list=1.0,1.5,2.0,2.5,3.0,3.5,4.0,4.5,5.0', '-log-level=WARNING']
2023-11-26 19:48:43;UNIUSDT;30m;1.0;150;36;78;100.0;3;84.4;['-batch-training', '-calc-rsi', '-verbose', '-prediction-mode=index', '-interval-list=30m', '-range-min-rsi=28', '-range-max-rsi=80', '-range-p-ema=50,250', '-target-margin-list=1.0,1.5,2.0,2.5,3.0,3.5,4.0,4.5,5.0', '-log-level=WARNING']
2023-11-26 20:59:39;UNIUSDT;30m;4.5;50;32;76;100.0;5;84.48;['-batch-training', '-calc-rsi', '-verbose', '-prediction-mode=index', '-interval-list=30m', '-range-min-rsi=28', '-range-max-rsi=80', '-range-p-ema=50,250', '-target-margin-list=1.0,1.5,2.0,2.5,3.0,3.5,4.0,4.5,5.0', '-log-level=WARNING']
2023-11-26 20:18:26;UNIUSDT;30m;4.5;200;32;76;100.0;5;84.48;['-batch-training', '-calc-rsi', '-verbose', '-prediction-mode=index', '-interval-list=30m', '-range-min-rsi=28', '-range-max-rsi=80', '-range-p-ema=50,250', '-target-margin-list=1.0,1.5,2.0,2.5,3.0,3.5,4.0,4.5,5.0', '-log-level=WARNING']
2023-11-26 20:44:45;UNIUSDT;30m;4.5;250;32;74;100.0;5;84.48;['-batch-training', '-calc-rsi', '-verbose', '-prediction-mode=index', '-interval-list=30m', '-range-min-rsi=28', '-range-max-rsi=80', '-range-p-ema=50,250', '-target-margin-list=1.0,1.5,2.0,2.5,3.0,3.5,4.0,4.5,5.0', '-log-level=WARNING']
2023-11-26 19:57:02;UNIUSDT;30m;4.5;150;32;78;100.0;5;84.48;['-batch-training', '-calc-rsi', '-verbose', '-prediction-mode=index', '-interval-list=30m', '-range-min-rsi=28', '-range-max-rsi=80', '-range-p-ema=50,250', '-target-margin-list=1.0,1.5,2.0,2.5,3.0,3.5,4.0,4.5,5.0', '-log-level=WARNING']
2023-11-26 20:07:06;UNIUSDT;30m;4.5;175;32;78;100.0;5;84.48;['-batch-training', '-calc-rsi', '-verbose', '-prediction-mode=index', '-interval-list=30m', '-range-min-rsi=28', '-range-max-rsi=80', '-range-p-ema=50,250', '-target-margin-list=1.0,1.5,2.0,2.5,3.0,3.5,4.0,4.5,5.0', '-log-level=WARNING']
2023-11-26 19:33:58;UNIUSDT;30m;4.5;100;32;74;100.0;5;84.48;['-batch-training', '-calc-rsi', '-verbose', '-prediction-mode=index', '-interval-list=30m', '-range-min-rsi=28', '-range-max-rsi=80', '-range-p-ema=50,250', '-target-margin-list=1.0,1.5,2.0,2.5,3.0,3.5,4.0,4.5,5.0', '-log-level=WARNING']
2023-11-26 19:34:28;UNIUSDT;30m;4.5;100;32;78;100.0;5;84.48;['-batch-training', '-calc-rsi', '-verbose', '-prediction-mode=index', '-interval-list=30m', '-range-min-rsi=28', '-range-max-rsi=80', '-range-p-ema=50,250', '-target-margin-list=1.0,1.5,2.0,2.5,3.0,3.5,4.0,4.5,5.0', '-log-level=WARNING']
2023-11-26 20:59:19;UNIUSDT;30m;4.5;50;32;74;100.0;5;84.48;['-batch-training', '-calc-rsi', '-verbose', '-prediction-mode=index', '-interval-list=30m', '-range-min-rsi=28', '-range-max-rsi=80', '-range-p-ema=50,250', '-target-margin-list=1.0,1.5,2.0,2.5,3.0,3.5,4.0,4.5,5.0', '-log-level=WARNING']
2023-11-26 19:56:35;UNIUSDT;30m;4.5;150;32;74;100.0;5;84.48;['-batch-training', '-calc-rsi', '-verbose', '-prediction-mode=index', '-interval-list=30m', '-range-min-rsi=28', '-range-max-rsi=80', '-range-p-ema=50,250', '-target-margin-list=1.0,1.5,2.0,2.5,3.0,3.5,4.0,4.5,5.0', '-log-level=WARNING']
2023-11-26 19:34:12;UNIUSDT;30m;4.5;100;32;76;100.0;5;84.48;['-batch-training', '-calc-rsi', '-verbose', '-prediction-mode=index', '-interval-list=30m', '-range-min-rsi=28', '-range-max-rsi=80', '-range-p-ema=50,250', '-target-margin-list=1.0,1.5,2.0,2.5,3.0,3.5,4.0,4.5,5.0', '-log-level=WARNING']
2023-11-26 20:06:40;UNIUSDT;30m;4.5;175;32;74;100.0;5;84.48;['-batch-training', '-calc-rsi', '-verbose', '-prediction-mode=index', '-interval-list=30m', '-range-min-rsi=28', '-range-max-rsi=80', '-range-p-ema=50,250', '-target-margin-list=1.0,1.5,2.0,2.5,3.0,3.5,4.0,4.5,5.0', '-log-level=WARNING']
2023-11-26 20:31:07;UNIUSDT;30m;4.5;225;32;74;100.0;5;84.48;['-batch-training', '-calc-rsi', '-verbose', '-prediction-mode=index', '-interval-list=30m', '-range-min-rsi=28', '-range-max-rsi=80', '-range-p-ema=50,250', '-target-margin-list=1.0,1.5,2.0,2.5,3.0,3.5,4.0,4.5,5.0', '-log-level=WARNING']
2023-11-26 21:15:30;UNIUSDT;30m;4.5;75;32;78;100.0;5;84.48;['-batch-training', '-calc-rsi', '-verbose', '-prediction-mode=index', '-interval-list=30m', '-range-min-rsi=28', '-range-max-rsi=80', '-range-p-ema=50,250', '-target-margin-list=1.0,1.5,2.0,2.5,3.0,3.5,4.0,4.5,5.0', '-log-level=WARNING']
2023-11-26 19:56:49;UNIUSDT;30m;4.5;150;32;76;100.0;5;84.48;['-batch-training', '-calc-rsi', '-verbose', '-prediction-mode=index', '-interval-list=30m', '-range-min-rsi=28', '-range-max-rsi=80', '-range-p-ema=50,250', '-target-margin-list=1.0,1.5,2.0,2.5,3.0,3.5,4.0,4.5,5.0', '-log-level=WARNING']
2023-11-26 20:06:52;UNIUSDT;30m;4.5;175;32;76;100.0;5;84.48;['-batch-training', '-calc-rsi', '-verbose', '-prediction-mode=index', '-interval-list=30m', '-range-min-rsi=28', '-range-max-rsi=80', '-range-p-ema=50,250', '-target-margin-list=1.0,1.5,2.0,2.5,3.0,3.5,4.0,4.5,5.0', '-log-level=WARNING']
2023-11-26 20:31:42;UNIUSDT;30m;4.5;225;32;78;100.0;5;84.48;['-batch-training', '-calc-rsi', '-verbose', '-prediction-mode=index', '-interval-list=30m', '-range-min-rsi=28', '-range-max-rsi=80', '-range-p-ema=50,250', '-target-margin-list=1.0,1.5,2.0,2.5,3.0,3.5,4.0,4.5,5.0', '-log-level=WARNING']
2023-11-26 20:45:22;UNIUSDT;30m;4.5;250;32;78;100.0;5;84.48;['-batch-training', '-calc-rsi', '-verbose', '-prediction-mode=index', '-interval-list=30m', '-range-min-rsi=28', '-range-max-rsi=80', '-range-p-ema=50,250', '-target-margin-list=1.0,1.5,2.0,2.5,3.0,3.5,4.0,4.5,5.0', '-log-level=WARNING']
2023-11-26 20:18:43;UNIUSDT;30m;4.5;200;32;78;100.0;5;84.48;['-batch-training', '-calc-rsi', '-verbose', '-prediction-mode=index', '-interval-list=30m', '-range-min-rsi=28', '-range-max-rsi=80', '-range-p-ema=50,250', '-target-margin-list=1.0,1.5,2.0,2.5,3.0,3.5,4.0,4.5,5.0', '-log-level=WARNING']
2023-11-26 20:45:03;UNIUSDT;30m;4.5;250;32;76;100.0;5;84.48;['-batch-training', '-calc-rsi', '-verbose', '-prediction-mode=index', '-interval-list=30m', '-range-min-rsi=28', '-range-max-rsi=80', '-range-p-ema=50,250', '-target-margin-list=1.0,1.5,2.0,2.5,3.0,3.5,4.0,4.5,5.0', '-log-level=WARNING']
2023-11-26 19:45:31;UNIUSDT;30m;4.5;125;32;74;100.0;5;84.48;['-batch-training', '-calc-rsi', '-verbose', '-prediction-mode=index', '-interval-list=30m', '-range-min-rsi=28', '-range-max-rsi=80', '-range-p-ema=50,250', '-target-margin-list=1.0,1.5,2.0,2.5,3.0,3.5,4.0,4.5,5.0', '-log-level=WARNING']
2023-11-26 20:31:24;UNIUSDT;30m;4.5;225;32;76;100.0;5;84.48;['-batch-training', '-calc-rsi', '-verbose', '-prediction-mode=index', '-interval-list=30m', '-range-min-rsi=28', '-range-max-rsi=80', '-range-p-ema=50,250', '-target-margin-list=1.0,1.5,2.0,2.5,3.0,3.5,4.0,4.5,5.0', '-log-level=WARNING']
2023-11-26 19:46:02;UNIUSDT;30m;4.5;125;32;78;100.0;5;84.48;['-batch-training', '-calc-rsi', '-verbose', '-prediction-mode=index', '-interval-list=30m', '-range-min-rsi=28', '-range-max-rsi=80', '-range-p-ema=50,250', '-target-margin-list=1.0,1.5,2.0,2.5,3.0,3.5,4.0,4.5,5.0', '-log-level=WARNING']
2023-11-26 21:15:12;UNIUSDT;30m;4.5;75;32;76;100.0;5;84.48;['-batch-training', '-calc-rsi', '-verbose', '-prediction-mode=index', '-interval-list=30m', '-range-min-rsi=28', '-range-max-rsi=80', '-range-p-ema=50,250', '-target-margin-list=1.0,1.5,2.0,2.5,3.0,3.5,4.0,4.5,5.0', '-log-level=WARNING']
2023-11-26 21:14:55;UNIUSDT;30m;4.5;75;32;74;100.0;5;84.48;['-batch-training', '-calc-rsi', '-verbose', '-prediction-mode=index', '-interval-list=30m', '-range-min-rsi=28', '-range-max-rsi=80', '-range-p-ema=50,250', '-target-margin-list=1.0,1.5,2.0,2.5,3.0,3.5,4.0,4.5,5.0', '-log-level=WARNING']
2023-11-26 20:18:09;UNIUSDT;30m;4.5;200;32;74;100.0;5;84.48;['-batch-training', '-calc-rsi', '-verbose', '-prediction-mode=index', '-interval-list=30m', '-range-min-rsi=28', '-range-max-rsi=80', '-range-p-ema=50,250', '-target-margin-list=1.0,1.5,2.0,2.5,3.0,3.5,4.0,4.5,5.0', '-log-level=WARNING']
2023-11-26 19:45:46;UNIUSDT;30m;4.5;125;32;76;100.0;5;84.48;['-batch-training', '-calc-rsi', '-verbose', '-prediction-mode=index', '-interval-list=30m', '-range-min-rsi=28', '-range-max-rsi=80', '-range-p-ema=50,250', '-target-margin-list=1.0,1.5,2.0,2.5,3.0,3.5,4.0,4.5,5.0', '-log-level=WARNING']
2023-11-26 20:59:59;UNIUSDT;30m;4.5;50;32;78;100.0;5;84.48;['-batch-training', '-calc-rsi', '-verbose', '-prediction-mode=index', '-interval-list=30m', '-range-min-rsi=28', '-range-max-rsi=80', '-range-p-ema=50,250', '-target-margin-list=1.0,1.5,2.0,2.5,3.0,3.5,4.0,4.5,5.0', '-log-level=WARNING']
2023-11-26 20:36:39;UNIUSDT;30m;2.0;250;28;72;100.0;7;84.54;['-batch-training', '-calc-rsi', '-verbose', '-prediction-mode=index', '-interval-list=30m', '-range-min-rsi=28', '-range-max-rsi=80', '-range-p-ema=50,250', '-target-margin-list=1.0,1.5,2.0,2.5,3.0,3.5,4.0,4.5,5.0', '-log-level=WARNING']
2023-11-26 20:36:57;UNIUSDT;30m;2.0;250;28;74;100.0;5;84.74;['-batch-training', '-calc-rsi', '-verbose', '-prediction-mode=index', '-interval-list=30m', '-range-min-rsi=28', '-range-max-rsi=80', '-range-p-ema=50,250', '-target-margin-list=1.0,1.5,2.0,2.5,3.0,3.5,4.0,4.5,5.0', '-log-level=WARNING']
2023-11-26 19:53:13;UNIUSDT;30m;3.0;150;34;74;100.0;5;84.75;['-batch-training', '-calc-rsi', '-verbose', '-prediction-mode=index', '-interval-list=30m', '-range-min-rsi=28', '-range-max-rsi=80', '-range-p-ema=50,250', '-target-margin-list=1.0,1.5,2.0,2.5,3.0,3.5,4.0,4.5,5.0', '-log-level=WARNING']
2023-11-26 20:23:29;UNIUSDT;30m;2.0;225;28;72;100.0;7;84.8;['-batch-training', '-calc-rsi', '-verbose', '-prediction-mode=index', '-interval-list=30m', '-range-min-rsi=28', '-range-max-rsi=80', '-range-p-ema=50,250', '-target-margin-list=1.0,1.5,2.0,2.5,3.0,3.5,4.0,4.5,5.0', '-log-level=WARNING']
2023-11-26 20:50:37;UNIUSDT;30m;2.0;50;28;72;100.0;7;84.8;['-batch-training', '-calc-rsi', '-verbose', '-prediction-mode=index', '-interval-list=30m', '-range-min-rsi=28', '-range-max-rsi=80', '-range-p-ema=50,250', '-target-margin-list=1.0,1.5,2.0,2.5,3.0,3.5,4.0,4.5,5.0', '-log-level=WARNING']
2023-11-26 21:05:45;UNIUSDT;30m;2.0;75;28;72;100.0;7;84.8;['-batch-training', '-calc-rsi', '-verbose', '-prediction-mode=index', '-interval-list=30m', '-range-min-rsi=28', '-range-max-rsi=80', '-range-p-ema=50,250', '-target-margin-list=1.0,1.5,2.0,2.5,3.0,3.5,4.0,4.5,5.0', '-log-level=WARNING']
2023-11-26 19:38:48;UNIUSDT;30m;2.0;125;28;72;100.0;7;84.8;['-batch-training', '-calc-rsi', '-verbose', '-prediction-mode=index', '-interval-list=30m', '-range-min-rsi=28', '-range-max-rsi=80', '-range-p-ema=50,250', '-target-margin-list=1.0,1.5,2.0,2.5,3.0,3.5,4.0,4.5,5.0', '-log-level=WARNING']
2023-11-26 20:11:02;UNIUSDT;30m;2.0;200;28;72;100.0;7;84.8;['-batch-training', '-calc-rsi', '-verbose', '-prediction-mode=index', '-interval-list=30m', '-range-min-rsi=28', '-range-max-rsi=80', '-range-p-ema=50,250', '-target-margin-list=1.0,1.5,2.0,2.5,3.0,3.5,4.0,4.5,5.0', '-log-level=WARNING']
2023-11-26 19:27:19;UNIUSDT;30m;2.0;100;28;72;100.0;7;84.8;['-batch-training', '-calc-rsi', '-verbose', '-prediction-mode=index', '-interval-list=30m', '-range-min-rsi=28', '-range-max-rsi=80', '-range-p-ema=50,250', '-target-margin-list=1.0,1.5,2.0,2.5,3.0,3.5,4.0,4.5,5.0', '-log-level=WARNING']
2023-11-26 19:50:20;UNIUSDT;30m;2.0;150;28;72;100.0;7;84.8;['-batch-training', '-calc-rsi', '-verbose', '-prediction-mode=index', '-interval-list=30m', '-range-min-rsi=28', '-range-max-rsi=80', '-range-p-ema=50,250', '-target-margin-list=1.0,1.5,2.0,2.5,3.0,3.5,4.0,4.5,5.0', '-log-level=WARNING']
2023-11-26 20:00:48;UNIUSDT;30m;2.0;175;28;72;100.0;7;84.8;['-batch-training', '-calc-rsi', '-verbose', '-prediction-mode=index', '-interval-list=30m', '-range-min-rsi=28', '-range-max-rsi=80', '-range-p-ema=50,250', '-target-margin-list=1.0,1.5,2.0,2.5,3.0,3.5,4.0,4.5,5.0', '-log-level=WARNING']
2023-11-26 21:14:45;UNIUSDT;30m;4.5;75;36;72;100.0;6;84.83;['-batch-training', '-calc-rsi', '-verbose', '-prediction-mode=index', '-interval-list=30m', '-range-min-rsi=28', '-range-max-rsi=80', '-range-p-ema=50,250', '-target-margin-list=1.0,1.5,2.0,2.5,3.0,3.5,4.0,4.5,5.0', '-log-level=WARNING']
2023-11-26 20:18:00;UNIUSDT;30m;4.5;200;36;72;100.0;6;84.83;['-batch-training', '-calc-rsi', '-verbose', '-prediction-mode=index', '-interval-list=30m', '-range-min-rsi=28', '-range-max-rsi=80', '-range-p-ema=50,250', '-target-margin-list=1.0,1.5,2.0,2.5,3.0,3.5,4.0,4.5,5.0', '-log-level=WARNING']
2023-11-26 20:06:31;UNIUSDT;30m;4.5;175;36;72;100.0;6;84.83;['-batch-training', '-calc-rsi', '-verbose', '-prediction-mode=index', '-interval-list=30m', '-range-min-rsi=28', '-range-max-rsi=80', '-range-p-ema=50,250', '-target-margin-list=1.0,1.5,2.0,2.5,3.0,3.5,4.0,4.5,5.0', '-log-level=WARNING']
2023-11-26 20:44:33;UNIUSDT;30m;4.5;250;36;72;100.0;6;84.83;['-batch-training', '-calc-rsi', '-verbose', '-prediction-mode=index', '-interval-list=30m', '-range-min-rsi=28', '-range-max-rsi=80', '-range-p-ema=50,250', '-target-margin-list=1.0,1.5,2.0,2.5,3.0,3.5,4.0,4.5,5.0', '-log-level=WARNING']
2023-11-26 20:59:07;UNIUSDT;30m;4.5;50;36;72;100.0;6;84.83;['-batch-training', '-calc-rsi', '-verbose', '-prediction-mode=index', '-interval-list=30m', '-range-min-rsi=28', '-range-max-rsi=80', '-range-p-ema=50,250', '-target-margin-list=1.0,1.5,2.0,2.5,3.0,3.5,4.0,4.5,5.0', '-log-level=WARNING']
2023-11-26 19:45:22;UNIUSDT;30m;4.5;125;36;72;100.0;6;84.83;['-batch-training', '-calc-rsi', '-verbose', '-prediction-mode=index', '-interval-list=30m', '-range-min-rsi=28', '-range-max-rsi=80', '-range-p-ema=50,250', '-target-margin-list=1.0,1.5,2.0,2.5,3.0,3.5,4.0,4.5,5.0', '-log-level=WARNING']
2023-11-26 19:33:49;UNIUSDT;30m;4.5;100;36;72;100.0;6;84.83;['-batch-training', '-calc-rsi', '-verbose', '-prediction-mode=index', '-interval-list=30m', '-range-min-rsi=28', '-range-max-rsi=80', '-range-p-ema=50,250', '-target-margin-list=1.0,1.5,2.0,2.5,3.0,3.5,4.0,4.5,5.0', '-log-level=WARNING']
2023-11-26 19:56:27;UNIUSDT;30m;4.5;150;36;72;100.0;6;84.83;['-batch-training', '-calc-rsi', '-verbose', '-prediction-mode=index', '-interval-list=30m', '-range-min-rsi=28', '-range-max-rsi=80', '-range-p-ema=50,250', '-target-margin-list=1.0,1.5,2.0,2.5,3.0,3.5,4.0,4.5,5.0', '-log-level=WARNING']
2023-11-26 20:30:57;UNIUSDT;30m;4.5;225;36;72;100.0;6;84.83;['-batch-training', '-calc-rsi', '-verbose', '-prediction-mode=index', '-interval-list=30m', '-range-min-rsi=28', '-range-max-rsi=80', '-range-p-ema=50,250', '-target-margin-list=1.0,1.5,2.0,2.5,3.0,3.5,4.0,4.5,5.0', '-log-level=WARNING']
2023-11-26 19:57:30;UNIUSDT;30m;5.0;150;32;72;100.0;6;84.92;['-batch-training', '-calc-rsi', '-verbose', '-prediction-mode=index', '-interval-list=30m', '-range-min-rsi=28', '-range-max-rsi=80', '-range-p-ema=50,250', '-target-margin-list=1.0,1.5,2.0,2.5,3.0,3.5,4.0,4.5,5.0', '-log-level=WARNING']
2023-11-26 21:16:03;UNIUSDT;30m;5.0;75;32;72;100.0;6;84.92;['-batch-training', '-calc-rsi', '-verbose', '-prediction-mode=index', '-interval-list=30m', '-range-min-rsi=28', '-range-max-rsi=80', '-range-p-ema=50,250', '-target-margin-list=1.0,1.5,2.0,2.5,3.0,3.5,4.0,4.5,5.0', '-log-level=WARNING']
2023-11-26 19:34:58;UNIUSDT;30m;5.0;100;32;72;100.0;6;84.92;['-batch-training', '-calc-rsi', '-verbose', '-prediction-mode=index', '-interval-list=30m', '-range-min-rsi=28', '-range-max-rsi=80', '-range-p-ema=50,250', '-target-margin-list=1.0,1.5,2.0,2.5,3.0,3.5,4.0,4.5,5.0', '-log-level=WARNING']
2023-11-26 19:46:33;UNIUSDT;30m;5.0;125;32;72;100.0;6;84.92;['-batch-training', '-calc-rsi', '-verbose', '-prediction-mode=index', '-interval-list=30m', '-range-min-rsi=28', '-range-max-rsi=80', '-range-p-ema=50,250', '-target-margin-list=1.0,1.5,2.0,2.5,3.0,3.5,4.0,4.5,5.0', '-log-level=WARNING']
2023-11-26 20:32:18;UNIUSDT;30m;5.0;225;32;72;100.0;6;84.92;['-batch-training', '-calc-rsi', '-verbose', '-prediction-mode=index', '-interval-list=30m', '-range-min-rsi=28', '-range-max-rsi=80', '-range-p-ema=50,250', '-target-margin-list=1.0,1.5,2.0,2.5,3.0,3.5,4.0,4.5,5.0', '-log-level=WARNING']
2023-11-26 20:07:32;UNIUSDT;30m;5.0;175;32;72;100.0;6;84.92;['-batch-training', '-calc-rsi', '-verbose', '-prediction-mode=index', '-interval-list=30m', '-range-min-rsi=28', '-range-max-rsi=80', '-range-p-ema=50,250', '-target-margin-list=1.0,1.5,2.0,2.5,3.0,3.5,4.0,4.5,5.0', '-log-level=WARNING']
2023-11-26 20:19:16;UNIUSDT;30m;5.0;200;32;72;100.0;6;84.92;['-batch-training', '-calc-rsi', '-verbose', '-prediction-mode=index', '-interval-list=30m', '-range-min-rsi=28', '-range-max-rsi=80', '-range-p-ema=50,250', '-target-margin-list=1.0,1.5,2.0,2.5,3.0,3.5,4.0,4.5,5.0', '-log-level=WARNING']
2023-11-26 20:45:59;UNIUSDT;30m;5.0;250;32;72;100.0;6;84.92;['-batch-training', '-calc-rsi', '-verbose', '-prediction-mode=index', '-interval-list=30m', '-range-min-rsi=28', '-range-max-rsi=80', '-range-p-ema=50,250', '-target-margin-list=1.0,1.5,2.0,2.5,3.0,3.5,4.0,4.5,5.0', '-log-level=WARNING']
2023-11-26 21:00:39;UNIUSDT;30m;5.0;50;32;72;100.0;6;84.92;['-batch-training', '-calc-rsi', '-verbose', '-prediction-mode=index', '-interval-list=30m', '-range-min-rsi=28', '-range-max-rsi=80', '-range-p-ema=50,250', '-target-margin-list=1.0,1.5,2.0,2.5,3.0,3.5,4.0,4.5,5.0', '-log-level=WARNING']
2023-11-26 19:46:36;UNIUSDT;30m;5.0;125;34;72;100.0;5;84.99;['-batch-training', '-calc-rsi', '-verbose', '-prediction-mode=index', '-interval-list=30m', '-range-min-rsi=28', '-range-max-rsi=80', '-range-p-ema=50,250', '-target-margin-list=1.0,1.5,2.0,2.5,3.0,3.5,4.0,4.5,5.0', '-log-level=WARNING']
2023-11-26 19:57:33;UNIUSDT;30m;5.0;150;34;72;100.0;5;84.99;['-batch-training', '-calc-rsi', '-verbose', '-prediction-mode=index', '-interval-list=30m', '-range-min-rsi=28', '-range-max-rsi=80', '-range-p-ema=50,250', '-target-margin-list=1.0,1.5,2.0,2.5,3.0,3.5,4.0,4.5,5.0', '-log-level=WARNING']
2023-11-26 19:35:01;UNIUSDT;30m;5.0;100;34;72;100.0;5;84.99;['-batch-training', '-calc-rsi', '-verbose', '-prediction-mode=index', '-interval-list=30m', '-range-min-rsi=28', '-range-max-rsi=80', '-range-p-ema=50,250', '-target-margin-list=1.0,1.5,2.0,2.5,3.0,3.5,4.0,4.5,5.0', '-log-level=WARNING']
2023-11-26 21:16:06;UNIUSDT;30m;5.0;75;34;72;100.0;5;84.99;['-batch-training', '-calc-rsi', '-verbose', '-prediction-mode=index', '-interval-list=30m', '-range-min-rsi=28', '-range-max-rsi=80', '-range-p-ema=50,250', '-target-margin-list=1.0,1.5,2.0,2.5,3.0,3.5,4.0,4.5,5.0', '-log-level=WARNING']
2023-11-26 20:32:21;UNIUSDT;30m;5.0;225;34;72;100.0;5;84.99;['-batch-training', '-calc-rsi', '-verbose', '-prediction-mode=index', '-interval-list=30m', '-range-min-rsi=28', '-range-max-rsi=80', '-range-p-ema=50,250', '-target-margin-list=1.0,1.5,2.0,2.5,3.0,3.5,4.0,4.5,5.0', '-log-level=WARNING']
2023-11-26 20:19:19;UNIUSDT;30m;5.0;200;34;72;100.0;5;84.99;['-batch-training', '-calc-rsi', '-verbose', '-prediction-mode=index', '-interval-list=30m', '-range-min-rsi=28', '-range-max-rsi=80', '-range-p-ema=50,250', '-target-margin-list=1.0,1.5,2.0,2.5,3.0,3.5,4.0,4.5,5.0', '-log-level=WARNING']
2023-11-26 21:00:43;UNIUSDT;30m;5.0;50;34;72;100.0;5;84.99;['-batch-training', '-calc-rsi', '-verbose', '-prediction-mode=index', '-interval-list=30m', '-range-min-rsi=28', '-range-max-rsi=80', '-range-p-ema=50,250', '-target-margin-list=1.0,1.5,2.0,2.5,3.0,3.5,4.0,4.5,5.0', '-log-level=WARNING']
2023-11-26 20:07:35;UNIUSDT;30m;5.0;175;34;72;100.0;5;84.99;['-batch-training', '-calc-rsi', '-verbose', '-prediction-mode=index', '-interval-list=30m', '-range-min-rsi=28', '-range-max-rsi=80', '-range-p-ema=50,250', '-target-margin-list=1.0,1.5,2.0,2.5,3.0,3.5,4.0,4.5,5.0', '-log-level=WARNING']
2023-11-26 20:46:03;UNIUSDT;30m;5.0;250;34;72;100.0;5;84.99;['-batch-training', '-calc-rsi', '-verbose', '-prediction-mode=index', '-interval-list=30m', '-range-min-rsi=28', '-range-max-rsi=80', '-range-p-ema=50,250', '-target-margin-list=1.0,1.5,2.0,2.5,3.0,3.5,4.0,4.5,5.0', '-log-level=WARNING']
2023-11-26 20:12:24;UNIUSDT;30m;2.5;200;30;72;100.0;6;85.0;['-batch-training', '-calc-rsi', '-verbose', '-prediction-mode=index', '-interval-list=30m', '-range-min-rsi=28', '-range-max-rsi=80', '-range-p-ema=50,250', '-target-margin-list=1.0,1.5,2.0,2.5,3.0,3.5,4.0,4.5,5.0', '-log-level=WARNING']
2023-11-26 20:52:20;UNIUSDT;30m;2.5;50;30;72;100.0;6;85.0;['-batch-training', '-calc-rsi', '-verbose', '-prediction-mode=index', '-interval-list=30m', '-range-min-rsi=28', '-range-max-rsi=80', '-range-p-ema=50,250', '-target-margin-list=1.0,1.5,2.0,2.5,3.0,3.5,4.0,4.5,5.0', '-log-level=WARNING']
2023-11-26 20:01:59;UNIUSDT;30m;2.5;175;30;72;100.0;6;85.0;['-batch-training', '-calc-rsi', '-verbose', '-prediction-mode=index', '-interval-list=30m', '-range-min-rsi=28', '-range-max-rsi=80', '-range-p-ema=50,250', '-target-margin-list=1.0,1.5,2.0,2.5,3.0,3.5,4.0,4.5,5.0', '-log-level=WARNING']
2023-11-26 19:40:09;UNIUSDT;30m;2.5;125;30;72;100.0;6;85.0;['-batch-training', '-calc-rsi', '-verbose', '-prediction-mode=index', '-interval-list=30m', '-range-min-rsi=28', '-range-max-rsi=80', '-range-p-ema=50,250', '-target-margin-list=1.0,1.5,2.0,2.5,3.0,3.5,4.0,4.5,5.0', '-log-level=WARNING']
2023-11-26 20:24:59;UNIUSDT;30m;2.5;225;30;72;100.0;6;85.0;['-batch-training', '-calc-rsi', '-verbose', '-prediction-mode=index', '-interval-list=30m', '-range-min-rsi=28', '-range-max-rsi=80', '-range-p-ema=50,250', '-target-margin-list=1.0,1.5,2.0,2.5,3.0,3.5,4.0,4.5,5.0', '-log-level=WARNING']
2023-11-26 19:28:41;UNIUSDT;30m;2.5;100;30;72;100.0;6;85.0;['-batch-training', '-calc-rsi', '-verbose', '-prediction-mode=index', '-interval-list=30m', '-range-min-rsi=28', '-range-max-rsi=80', '-range-p-ema=50,250', '-target-margin-list=1.0,1.5,2.0,2.5,3.0,3.5,4.0,4.5,5.0', '-log-level=WARNING']
2023-11-26 21:07:38;UNIUSDT;30m;2.5;75;30;72;100.0;6;85.0;['-batch-training', '-calc-rsi', '-verbose', '-prediction-mode=index', '-interval-list=30m', '-range-min-rsi=28', '-range-max-rsi=80', '-range-p-ema=50,250', '-target-margin-list=1.0,1.5,2.0,2.5,3.0,3.5,4.0,4.5,5.0', '-log-level=WARNING']
2023-11-26 19:51:40;UNIUSDT;30m;2.5;150;30;72;100.0;6;85.0;['-batch-training', '-calc-rsi', '-verbose', '-prediction-mode=index', '-interval-list=30m', '-range-min-rsi=28', '-range-max-rsi=80', '-range-p-ema=50,250', '-target-margin-list=1.0,1.5,2.0,2.5,3.0,3.5,4.0,4.5,5.0', '-log-level=WARNING']
2023-11-26 20:44:41;UNIUSDT;30m;4.5;250;30;74;100.0;5;85.01;['-batch-training', '-calc-rsi', '-verbose', '-prediction-mode=index', '-interval-list=30m', '-range-min-rsi=28', '-range-max-rsi=80', '-range-p-ema=50,250', '-target-margin-list=1.0,1.5,2.0,2.5,3.0,3.5,4.0,4.5,5.0', '-log-level=WARNING']
2023-11-26 20:18:23;UNIUSDT;30m;4.5;200;30;76;100.0;5;85.01;['-batch-training', '-calc-rsi', '-verbose', '-prediction-mode=index', '-interval-list=30m', '-range-min-rsi=28', '-range-max-rsi=80', '-range-p-ema=50,250', '-target-margin-list=1.0,1.5,2.0,2.5,3.0,3.5,4.0,4.5,5.0', '-log-level=WARNING']
2023-11-26 21:15:09;UNIUSDT;30m;4.5;75;30;76;100.0;5;85.01;['-batch-training', '-calc-rsi', '-verbose', '-prediction-mode=index', '-interval-list=30m', '-range-min-rsi=28', '-range-max-rsi=80', '-range-p-ema=50,250', '-target-margin-list=1.0,1.5,2.0,2.5,3.0,3.5,4.0,4.5,5.0', '-log-level=WARNING']
2023-11-26 19:56:59;UNIUSDT;30m;4.5;150;30;78;100.0;5;85.01;['-batch-training', '-calc-rsi', '-verbose', '-prediction-mode=index', '-interval-list=30m', '-range-min-rsi=28', '-range-max-rsi=80', '-range-p-ema=50,250', '-target-margin-list=1.0,1.5,2.0,2.5,3.0,3.5,4.0,4.5,5.0', '-log-level=WARNING']
2023-11-26 19:34:24;UNIUSDT;30m;4.5;100;30;78;100.0;5;85.01;['-batch-training', '-calc-rsi', '-verbose', '-prediction-mode=index', '-interval-list=30m', '-range-min-rsi=28', '-range-max-rsi=80', '-range-p-ema=50,250', '-target-margin-list=1.0,1.5,2.0,2.5,3.0,3.5,4.0,4.5,5.0', '-log-level=WARNING']
2023-11-26 20:18:06;UNIUSDT;30m;4.5;200;30;74;100.0;5;85.01;['-batch-training', '-calc-rsi', '-verbose', '-prediction-mode=index', '-interval-list=30m', '-range-min-rsi=28', '-range-max-rsi=80', '-range-p-ema=50,250', '-target-margin-list=1.0,1.5,2.0,2.5,3.0,3.5,4.0,4.5,5.0', '-log-level=WARNING']
2023-11-26 20:06:37;UNIUSDT;30m;4.5;175;30;74;100.0;5;85.01;['-batch-training', '-calc-rsi', '-verbose', '-prediction-mode=index', '-interval-list=30m', '-range-min-rsi=28', '-range-max-rsi=80', '-range-p-ema=50,250', '-target-margin-list=1.0,1.5,2.0,2.5,3.0,3.5,4.0,4.5,5.0', '-log-level=WARNING']
2023-11-26 19:27:34;UNIUSDT;30m;2.0;100;28;74;100.0;5;85.01;['-batch-training', '-calc-rsi', '-verbose', '-prediction-mode=index', '-interval-list=30m', '-range-min-rsi=28', '-range-max-rsi=80', '-range-p-ema=50,250', '-target-margin-list=1.0,1.5,2.0,2.5,3.0,3.5,4.0,4.5,5.0', '-log-level=WARNING']
2023-11-26 20:03:21;UNIUSDT;30m;3.0;175;32;74;100.0;5;85.01;['-batch-training', '-calc-rsi', '-verbose', '-prediction-mode=index', '-interval-list=30m', '-range-min-rsi=28', '-range-max-rsi=80', '-range-p-ema=50,250', '-target-margin-list=1.0,1.5,2.0,2.5,3.0,3.5,4.0,4.5,5.0', '-log-level=WARNING']
2023-11-26 20:59:35;UNIUSDT;30m;4.5;50;30;76;100.0;5;85.01;['-batch-training', '-calc-rsi', '-verbose', '-prediction-mode=index', '-interval-list=30m', '-range-min-rsi=28', '-range-max-rsi=80', '-range-p-ema=50,250', '-target-margin-list=1.0,1.5,2.0,2.5,3.0,3.5,4.0,4.5,5.0', '-log-level=WARNING']
2023-11-26 19:56:46;UNIUSDT;30m;4.5;150;30;76;100.0;5;85.01;['-batch-training', '-calc-rsi', '-verbose', '-prediction-mode=index', '-interval-list=30m', '-range-min-rsi=28', '-range-max-rsi=80', '-range-p-ema=50,250', '-target-margin-list=1.0,1.5,2.0,2.5,3.0,3.5,4.0,4.5,5.0', '-log-level=WARNING']
2023-11-26 20:14:05;UNIUSDT;30m;3.0;200;32;74;100.0;5;85.01;['-batch-training', '-calc-rsi', '-verbose', '-prediction-mode=index', '-interval-list=30m', '-range-min-rsi=28', '-range-max-rsi=80', '-range-p-ema=50,250', '-target-margin-list=1.0,1.5,2.0,2.5,3.0,3.5,4.0,4.5,5.0', '-log-level=WARNING']
2023-11-26 19:45:43;UNIUSDT;30m;4.5;125;30;76;100.0;5;85.01;['-batch-training', '-calc-rsi', '-verbose', '-prediction-mode=index', '-interval-list=30m', '-range-min-rsi=28', '-range-max-rsi=80', '-range-p-ema=50,250', '-target-margin-list=1.0,1.5,2.0,2.5,3.0,3.5,4.0,4.5,5.0', '-log-level=WARNING']
2023-11-26 20:44:59;UNIUSDT;30m;4.5;250;30;76;100.0;5;85.01;['-batch-training', '-calc-rsi', '-verbose', '-prediction-mode=index', '-interval-list=30m', '-range-min-rsi=28', '-range-max-rsi=80', '-range-p-ema=50,250', '-target-margin-list=1.0,1.5,2.0,2.5,3.0,3.5,4.0,4.5,5.0', '-log-level=WARNING']
2023-11-26 20:31:38;UNIUSDT;30m;4.5;225;30;78;100.0;5;85.01;['-batch-training', '-calc-rsi', '-verbose', '-prediction-mode=index', '-interval-list=30m', '-range-min-rsi=28', '-range-max-rsi=80', '-range-p-ema=50,250', '-target-margin-list=1.0,1.5,2.0,2.5,3.0,3.5,4.0,4.5,5.0', '-log-level=WARNING']
2023-11-26 21:15:25;UNIUSDT;30m;4.5;75;30;78;100.0;5;85.01;['-batch-training', '-calc-rsi', '-verbose', '-prediction-mode=index', '-interval-list=30m', '-range-min-rsi=28', '-range-max-rsi=80', '-range-p-ema=50,250', '-target-margin-list=1.0,1.5,2.0,2.5,3.0,3.5,4.0,4.5,5.0', '-log-level=WARNING']
2023-11-26 19:39:04;UNIUSDT;30m;2.0;125;28;74;100.0;5;85.01;['-batch-training', '-calc-rsi', '-verbose', '-prediction-mode=index', '-interval-list=30m', '-range-min-rsi=28', '-range-max-rsi=80', '-range-p-ema=50,250', '-target-margin-list=1.0,1.5,2.0,2.5,3.0,3.5,4.0,4.5,5.0', '-log-level=WARNING']
2023-11-26 20:11:18;UNIUSDT;30m;2.0;200;28;74;100.0;5;85.01;['-batch-training', '-calc-rsi', '-verbose', '-prediction-mode=index', '-interval-list=30m', '-range-min-rsi=28', '-range-max-rsi=80', '-range-p-ema=50,250', '-target-margin-list=1.0,1.5,2.0,2.5,3.0,3.5,4.0,4.5,5.0', '-log-level=WARNING']
2023-11-26 20:59:56;UNIUSDT;30m;4.5;50;30;78;100.0;5;85.01;['-batch-training', '-calc-rsi', '-verbose', '-prediction-mode=index', '-interval-list=30m', '-range-min-rsi=28', '-range-max-rsi=80', '-range-p-ema=50,250', '-target-margin-list=1.0,1.5,2.0,2.5,3.0,3.5,4.0,4.5,5.0', '-log-level=WARNING']
2023-11-26 20:07:03;UNIUSDT;30m;4.5;175;30;78;100.0;5;85.01;['-batch-training', '-calc-rsi', '-verbose', '-prediction-mode=index', '-interval-list=30m', '-range-min-rsi=28', '-range-max-rsi=80', '-range-p-ema=50,250', '-target-margin-list=1.0,1.5,2.0,2.5,3.0,3.5,4.0,4.5,5.0', '-log-level=WARNING']
2023-11-26 19:45:28;UNIUSDT;30m;4.5;125;30;74;100.0;5;85.01;['-batch-training', '-calc-rsi', '-verbose', '-prediction-mode=index', '-interval-list=30m', '-range-min-rsi=28', '-range-max-rsi=80', '-range-p-ema=50,250', '-target-margin-list=1.0,1.5,2.0,2.5,3.0,3.5,4.0,4.5,5.0', '-log-level=WARNING']
2023-11-26 20:26:45;UNIUSDT;30m;3.0;225;32;74;100.0;5;85.01;['-batch-training', '-calc-rsi', '-verbose', '-prediction-mode=index', '-interval-list=30m', '-range-min-rsi=28', '-range-max-rsi=80', '-range-p-ema=50,250', '-target-margin-list=1.0,1.5,2.0,2.5,3.0,3.5,4.0,4.5,5.0', '-log-level=WARNING']
2023-11-26 20:59:14;UNIUSDT;30m;4.5;50;30;74;100.0;5;85.01;['-batch-training', '-calc-rsi', '-verbose', '-prediction-mode=index', '-interval-list=30m', '-range-min-rsi=28', '-range-max-rsi=80', '-range-p-ema=50,250', '-target-margin-list=1.0,1.5,2.0,2.5,3.0,3.5,4.0,4.5,5.0', '-log-level=WARNING']
2023-11-26 20:01:01;UNIUSDT;30m;2.0;175;28;74;100.0;5;85.01;['-batch-training', '-calc-rsi', '-verbose', '-prediction-mode=index', '-interval-list=30m', '-range-min-rsi=28', '-range-max-rsi=80', '-range-p-ema=50,250', '-target-margin-list=1.0,1.5,2.0,2.5,3.0,3.5,4.0,4.5,5.0', '-log-level=WARNING']
2023-11-26 20:50:57;UNIUSDT;30m;2.0;50;28;74;100.0;5;85.01;['-batch-training', '-calc-rsi', '-verbose', '-prediction-mode=index', '-interval-list=30m', '-range-min-rsi=28', '-range-max-rsi=80', '-range-p-ema=50,250', '-target-margin-list=1.0,1.5,2.0,2.5,3.0,3.5,4.0,4.5,5.0', '-log-level=WARNING']
2023-11-26 19:33:55;UNIUSDT;30m;4.5;100;30;74;100.0;5;85.01;['-batch-training', '-calc-rsi', '-verbose', '-prediction-mode=index', '-interval-list=30m', '-range-min-rsi=28', '-range-max-rsi=80', '-range-p-ema=50,250', '-target-margin-list=1.0,1.5,2.0,2.5,3.0,3.5,4.0,4.5,5.0', '-log-level=WARNING']
2023-11-26 19:34:10;UNIUSDT;30m;4.5;100;30;76;100.0;5;85.01;['-batch-training', '-calc-rsi', '-verbose', '-prediction-mode=index', '-interval-list=30m', '-range-min-rsi=28', '-range-max-rsi=80', '-range-p-ema=50,250', '-target-margin-list=1.0,1.5,2.0,2.5,3.0,3.5,4.0,4.5,5.0', '-log-level=WARNING']
2023-11-26 19:50:35;UNIUSDT;30m;2.0;150;28;74;100.0;5;85.01;['-batch-training', '-calc-rsi', '-verbose', '-prediction-mode=index', '-interval-list=30m', '-range-min-rsi=28', '-range-max-rsi=80', '-range-p-ema=50,250', '-target-margin-list=1.0,1.5,2.0,2.5,3.0,3.5,4.0,4.5,5.0', '-log-level=WARNING']
2023-11-26 21:14:51;UNIUSDT;30m;4.5;75;30;74;100.0;5;85.01;['-batch-training', '-calc-rsi', '-verbose', '-prediction-mode=index', '-interval-list=30m', '-range-min-rsi=28', '-range-max-rsi=80', '-range-p-ema=50,250', '-target-margin-list=1.0,1.5,2.0,2.5,3.0,3.5,4.0,4.5,5.0', '-log-level=WARNING']
2023-11-26 21:06:06;UNIUSDT;30m;2.0;75;28;74;100.0;5;85.01;['-batch-training', '-calc-rsi', '-verbose', '-prediction-mode=index', '-interval-list=30m', '-range-min-rsi=28', '-range-max-rsi=80', '-range-p-ema=50,250', '-target-margin-list=1.0,1.5,2.0,2.5,3.0,3.5,4.0,4.5,5.0', '-log-level=WARNING']
2023-11-26 19:53:10;UNIUSDT;30m;3.0;150;32;74;100.0;5;85.01;['-batch-training', '-calc-rsi', '-verbose', '-prediction-mode=index', '-interval-list=30m', '-range-min-rsi=28', '-range-max-rsi=80', '-range-p-ema=50,250', '-target-margin-list=1.0,1.5,2.0,2.5,3.0,3.5,4.0,4.5,5.0', '-log-level=WARNING']
2023-11-26 20:23:45;UNIUSDT;30m;2.0;225;28;74;100.0;5;85.01;['-batch-training', '-calc-rsi', '-verbose', '-prediction-mode=index', '-interval-list=30m', '-range-min-rsi=28', '-range-max-rsi=80', '-range-p-ema=50,250', '-target-margin-list=1.0,1.5,2.0,2.5,3.0,3.5,4.0,4.5,5.0', '-log-level=WARNING']
2023-11-26 20:31:04;UNIUSDT;30m;4.5;225;30;74;100.0;5;85.01;['-batch-training', '-calc-rsi', '-verbose', '-prediction-mode=index', '-interval-list=30m', '-range-min-rsi=28', '-range-max-rsi=80', '-range-p-ema=50,250', '-target-margin-list=1.0,1.5,2.0,2.5,3.0,3.5,4.0,4.5,5.0', '-log-level=WARNING']
2023-11-26 19:56:32;UNIUSDT;30m;4.5;150;30;74;100.0;5;85.01;['-batch-training', '-calc-rsi', '-verbose', '-prediction-mode=index', '-interval-list=30m', '-range-min-rsi=28', '-range-max-rsi=80', '-range-p-ema=50,250', '-target-margin-list=1.0,1.5,2.0,2.5,3.0,3.5,4.0,4.5,5.0', '-log-level=WARNING']
2023-11-26 20:06:50;UNIUSDT;30m;4.5;175;30;76;100.0;5;85.01;['-batch-training', '-calc-rsi', '-verbose', '-prediction-mode=index', '-interval-list=30m', '-range-min-rsi=28', '-range-max-rsi=80', '-range-p-ema=50,250', '-target-margin-list=1.0,1.5,2.0,2.5,3.0,3.5,4.0,4.5,5.0', '-log-level=WARNING']
2023-11-26 20:45:18;UNIUSDT;30m;4.5;250;30;78;100.0;5;85.01;['-batch-training', '-calc-rsi', '-verbose', '-prediction-mode=index', '-interval-list=30m', '-range-min-rsi=28', '-range-max-rsi=80', '-range-p-ema=50,250', '-target-margin-list=1.0,1.5,2.0,2.5,3.0,3.5,4.0,4.5,5.0', '-log-level=WARNING']
2023-11-26 20:18:40;UNIUSDT;30m;4.5;200;30;78;100.0;5;85.01;['-batch-training', '-calc-rsi', '-verbose', '-prediction-mode=index', '-interval-list=30m', '-range-min-rsi=28', '-range-max-rsi=80', '-range-p-ema=50,250', '-target-margin-list=1.0,1.5,2.0,2.5,3.0,3.5,4.0,4.5,5.0', '-log-level=WARNING']
2023-11-26 19:46:00;UNIUSDT;30m;4.5;125;30;78;100.0;5;85.01;['-batch-training', '-calc-rsi', '-verbose', '-prediction-mode=index', '-interval-list=30m', '-range-min-rsi=28', '-range-max-rsi=80', '-range-p-ema=50,250', '-target-margin-list=1.0,1.5,2.0,2.5,3.0,3.5,4.0,4.5,5.0', '-log-level=WARNING']
2023-11-26 20:31:21;UNIUSDT;30m;4.5;225;30;76;100.0;5;85.01;['-batch-training', '-calc-rsi', '-verbose', '-prediction-mode=index', '-interval-list=30m', '-range-min-rsi=28', '-range-max-rsi=80', '-range-p-ema=50,250', '-target-margin-list=1.0,1.5,2.0,2.5,3.0,3.5,4.0,4.5,5.0', '-log-level=WARNING']
2023-11-26 19:45:19;UNIUSDT;30m;4.5;125;34;72;100.0;6;85.02;['-batch-training', '-calc-rsi', '-verbose', '-prediction-mode=index', '-interval-list=30m', '-range-min-rsi=28', '-range-max-rsi=80', '-range-p-ema=50,250', '-target-margin-list=1.0,1.5,2.0,2.5,3.0,3.5,4.0,4.5,5.0', '-log-level=WARNING']
2023-11-26 20:30:53;UNIUSDT;30m;4.5;225;34;72;100.0;6;85.02;['-batch-training', '-calc-rsi', '-verbose', '-prediction-mode=index', '-interval-list=30m', '-range-min-rsi=28', '-range-max-rsi=80', '-range-p-ema=50,250', '-target-margin-list=1.0,1.5,2.0,2.5,3.0,3.5,4.0,4.5,5.0', '-log-level=WARNING']
2023-11-26 20:59:03;UNIUSDT;30m;4.5;50;34;72;100.0;6;85.02;['-batch-training', '-calc-rsi', '-verbose', '-prediction-mode=index', '-interval-list=30m', '-range-min-rsi=28', '-range-max-rsi=80', '-range-p-ema=50,250', '-target-margin-list=1.0,1.5,2.0,2.5,3.0,3.5,4.0,4.5,5.0', '-log-level=WARNING']
2023-11-26 20:17:56;UNIUSDT;30m;4.5;200;34;72;100.0;6;85.02;['-batch-training', '-calc-rsi', '-verbose', '-prediction-mode=index', '-interval-list=30m', '-range-min-rsi=28', '-range-max-rsi=80', '-range-p-ema=50,250', '-target-margin-list=1.0,1.5,2.0,2.5,3.0,3.5,4.0,4.5,5.0', '-log-level=WARNING']
2023-11-26 21:14:42;UNIUSDT;30m;4.5;75;34;72;100.0;6;85.02;['-batch-training', '-calc-rsi', '-verbose', '-prediction-mode=index', '-interval-list=30m', '-range-min-rsi=28', '-range-max-rsi=80', '-range-p-ema=50,250', '-target-margin-list=1.0,1.5,2.0,2.5,3.0,3.5,4.0,4.5,5.0', '-log-level=WARNING']
2023-11-26 19:33:46;UNIUSDT;30m;4.5;100;34;72;100.0;6;85.02;['-batch-training', '-calc-rsi', '-verbose', '-prediction-mode=index', '-interval-list=30m', '-range-min-rsi=28', '-range-max-rsi=80', '-range-p-ema=50,250', '-target-margin-list=1.0,1.5,2.0,2.5,3.0,3.5,4.0,4.5,5.0', '-log-level=WARNING']
2023-11-26 19:56:24;UNIUSDT;30m;4.5;150;34;72;100.0;6;85.02;['-batch-training', '-calc-rsi', '-verbose', '-prediction-mode=index', '-interval-list=30m', '-range-min-rsi=28', '-range-max-rsi=80', '-range-p-ema=50,250', '-target-margin-list=1.0,1.5,2.0,2.5,3.0,3.5,4.0,4.5,5.0', '-log-level=WARNING']
2023-11-26 20:06:29;UNIUSDT;30m;4.5;175;34;72;100.0;6;85.02;['-batch-training', '-calc-rsi', '-verbose', '-prediction-mode=index', '-interval-list=30m', '-range-min-rsi=28', '-range-max-rsi=80', '-range-p-ema=50,250', '-target-margin-list=1.0,1.5,2.0,2.5,3.0,3.5,4.0,4.5,5.0', '-log-level=WARNING']
2023-11-26 20:44:29;UNIUSDT;30m;4.5;250;34;72;100.0;6;85.02;['-batch-training', '-calc-rsi', '-verbose', '-prediction-mode=index', '-interval-list=30m', '-range-min-rsi=28', '-range-max-rsi=80', '-range-p-ema=50,250', '-target-margin-list=1.0,1.5,2.0,2.5,3.0,3.5,4.0,4.5,5.0', '-log-level=WARNING']
2023-11-26 20:18:35;UNIUSDT;30m;4.5;200;28;78;100.0;5;85.05;['-batch-training', '-calc-rsi', '-verbose', '-prediction-mode=index', '-interval-list=30m', '-range-min-rsi=28', '-range-max-rsi=80', '-range-p-ema=50,250', '-target-margin-list=1.0,1.5,2.0,2.5,3.0,3.5,4.0,4.5,5.0', '-log-level=WARNING']
2023-11-26 20:59:11;UNIUSDT;30m;4.5;50;28;74;100.0;5;85.05;['-batch-training', '-calc-rsi', '-verbose', '-prediction-mode=index', '-interval-list=30m', '-range-min-rsi=28', '-range-max-rsi=80', '-range-p-ema=50,250', '-target-margin-list=1.0,1.5,2.0,2.5,3.0,3.5,4.0,4.5,5.0', '-log-level=WARNING']
2023-11-26 20:31:00;UNIUSDT;30m;4.5;225;28;74;100.0;5;85.05;['-batch-training', '-calc-rsi', '-verbose', '-prediction-mode=index', '-interval-list=30m', '-range-min-rsi=28', '-range-max-rsi=80', '-range-p-ema=50,250', '-target-margin-list=1.0,1.5,2.0,2.5,3.0,3.5,4.0,4.5,5.0', '-log-level=WARNING']
2023-11-26 20:31:35;UNIUSDT;30m;4.5;225;28;78;100.0;5;85.05;['-batch-training', '-calc-rsi', '-verbose', '-prediction-mode=index', '-interval-list=30m', '-range-min-rsi=28', '-range-max-rsi=80', '-range-p-ema=50,250', '-target-margin-list=1.0,1.5,2.0,2.5,3.0,3.5,4.0,4.5,5.0', '-log-level=WARNING']
2023-11-26 20:59:31;UNIUSDT;30m;4.5;50;28;76;100.0;5;85.05;['-batch-training', '-calc-rsi', '-verbose', '-prediction-mode=index', '-interval-list=30m', '-range-min-rsi=28', '-range-max-rsi=80', '-range-p-ema=50,250', '-target-margin-list=1.0,1.5,2.0,2.5,3.0,3.5,4.0,4.5,5.0', '-log-level=WARNING']
2023-11-26 20:59:52;UNIUSDT;30m;4.5;50;28;78;100.0;5;85.05;['-batch-training', '-calc-rsi', '-verbose', '-prediction-mode=index', '-interval-list=30m', '-range-min-rsi=28', '-range-max-rsi=80', '-range-p-ema=50,250', '-target-margin-list=1.0,1.5,2.0,2.5,3.0,3.5,4.0,4.5,5.0', '-log-level=WARNING']
2023-11-26 20:18:03;UNIUSDT;30m;4.5;200;28;74;100.0;5;85.05;['-batch-training', '-calc-rsi', '-verbose', '-prediction-mode=index', '-interval-list=30m', '-range-min-rsi=28', '-range-max-rsi=80', '-range-p-ema=50,250', '-target-margin-list=1.0,1.5,2.0,2.5,3.0,3.5,4.0,4.5,5.0', '-log-level=WARNING']
2023-11-26 20:07:00;UNIUSDT;30m;4.5;175;28;78;100.0;5;85.05;['-batch-training', '-calc-rsi', '-verbose', '-prediction-mode=index', '-interval-list=30m', '-range-min-rsi=28', '-range-max-rsi=80', '-range-p-ema=50,250', '-target-margin-list=1.0,1.5,2.0,2.5,3.0,3.5,4.0,4.5,5.0', '-log-level=WARNING']
2023-11-26 20:18:20;UNIUSDT;30m;4.5;200;28;76;100.0;5;85.05;['-batch-training', '-calc-rsi', '-verbose', '-prediction-mode=index', '-interval-list=30m', '-range-min-rsi=28', '-range-max-rsi=80', '-range-p-ema=50,250', '-target-margin-list=1.0,1.5,2.0,2.5,3.0,3.5,4.0,4.5,5.0', '-log-level=WARNING']
2023-11-26 20:31:18;UNIUSDT;30m;4.5;225;28;76;100.0;5;85.05;['-batch-training', '-calc-rsi', '-verbose', '-prediction-mode=index', '-interval-list=30m', '-range-min-rsi=28', '-range-max-rsi=80', '-range-p-ema=50,250', '-target-margin-list=1.0,1.5,2.0,2.5,3.0,3.5,4.0,4.5,5.0', '-log-level=WARNING']
2023-11-26 20:44:38;UNIUSDT;30m;4.5;250;28;74;100.0;5;85.05;['-batch-training', '-calc-rsi', '-verbose', '-prediction-mode=index', '-interval-list=30m', '-range-min-rsi=28', '-range-max-rsi=80', '-range-p-ema=50,250', '-target-margin-list=1.0,1.5,2.0,2.5,3.0,3.5,4.0,4.5,5.0', '-log-level=WARNING']
2023-11-26 19:33:52;UNIUSDT;30m;4.5;100;28;74;100.0;5;85.05;['-batch-training', '-calc-rsi', '-verbose', '-prediction-mode=index', '-interval-list=30m', '-range-min-rsi=28', '-range-max-rsi=80', '-range-p-ema=50,250', '-target-margin-list=1.0,1.5,2.0,2.5,3.0,3.5,4.0,4.5,5.0', '-log-level=WARNING']
2023-11-26 21:14:48;UNIUSDT;30m;4.5;75;28;74;100.0;5;85.05;['-batch-training', '-calc-rsi', '-verbose', '-prediction-mode=index', '-interval-list=30m', '-range-min-rsi=28', '-range-max-rsi=80', '-range-p-ema=50,250', '-target-margin-list=1.0,1.5,2.0,2.5,3.0,3.5,4.0,4.5,5.0', '-log-level=WARNING']
2023-11-26 19:56:43;UNIUSDT;30m;4.5;150;28;76;100.0;5;85.05;['-batch-training', '-calc-rsi', '-verbose', '-prediction-mode=index', '-interval-list=30m', '-range-min-rsi=28', '-range-max-rsi=80', '-range-p-ema=50,250', '-target-margin-list=1.0,1.5,2.0,2.5,3.0,3.5,4.0,4.5,5.0', '-log-level=WARNING']
2023-11-26 19:56:30;UNIUSDT;30m;4.5;150;28;74;100.0;5;85.05;['-batch-training', '-calc-rsi', '-verbose', '-prediction-mode=index', '-interval-list=30m', '-range-min-rsi=28', '-range-max-rsi=80', '-range-p-ema=50,250', '-target-margin-list=1.0,1.5,2.0,2.5,3.0,3.5,4.0,4.5,5.0', '-log-level=WARNING']
2023-11-26 19:45:56;UNIUSDT;30m;4.5;125;28;78;100.0;5;85.05;['-batch-training', '-calc-rsi', '-verbose', '-prediction-mode=index', '-interval-list=30m', '-range-min-rsi=28', '-range-max-rsi=80', '-range-p-ema=50,250', '-target-margin-list=1.0,1.5,2.0,2.5,3.0,3.5,4.0,4.5,5.0', '-log-level=WARNING']
2023-11-26 19:34:07;UNIUSDT;30m;4.5;100;28;76;100.0;5;85.05;['-batch-training', '-calc-rsi', '-verbose', '-prediction-mode=index', '-interval-list=30m', '-range-min-rsi=28', '-range-max-rsi=80', '-range-p-ema=50,250', '-target-margin-list=1.0,1.5,2.0,2.5,3.0,3.5,4.0,4.5,5.0', '-log-level=WARNING']
2023-11-26 19:34:21;UNIUSDT;30m;4.5;100;28;78;100.0;5;85.05;['-batch-training', '-calc-rsi', '-verbose', '-prediction-mode=index', '-interval-list=30m', '-range-min-rsi=28', '-range-max-rsi=80', '-range-p-ema=50,250', '-target-margin-list=1.0,1.5,2.0,2.5,3.0,3.5,4.0,4.5,5.0', '-log-level=WARNING']
2023-11-26 20:06:47;UNIUSDT;30m;4.5;175;28;76;100.0;5;85.05;['-batch-training', '-calc-rsi', '-verbose', '-prediction-mode=index', '-interval-list=30m', '-range-min-rsi=28', '-range-max-rsi=80', '-range-p-ema=50,250', '-target-margin-list=1.0,1.5,2.0,2.5,3.0,3.5,4.0,4.5,5.0', '-log-level=WARNING']
2023-11-26 21:15:06;UNIUSDT;30m;4.5;75;28;76;100.0;5;85.05;['-batch-training', '-calc-rsi', '-verbose', '-prediction-mode=index', '-interval-list=30m', '-range-min-rsi=28', '-range-max-rsi=80', '-range-p-ema=50,250', '-target-margin-list=1.0,1.5,2.0,2.5,3.0,3.5,4.0,4.5,5.0', '-log-level=WARNING']
2023-11-26 19:56:57;UNIUSDT;30m;4.5;150;28;78;100.0;5;85.05;['-batch-training', '-calc-rsi', '-verbose', '-prediction-mode=index', '-interval-list=30m', '-range-min-rsi=28', '-range-max-rsi=80', '-range-p-ema=50,250', '-target-margin-list=1.0,1.5,2.0,2.5,3.0,3.5,4.0,4.5,5.0', '-log-level=WARNING']
2023-11-26 21:15:22;UNIUSDT;30m;4.5;75;28;78;100.0;5;85.05;['-batch-training', '-calc-rsi', '-verbose', '-prediction-mode=index', '-interval-list=30m', '-range-min-rsi=28', '-range-max-rsi=80', '-range-p-ema=50,250', '-target-margin-list=1.0,1.5,2.0,2.5,3.0,3.5,4.0,4.5,5.0', '-log-level=WARNING']
2023-11-26 19:45:41;UNIUSDT;30m;4.5;125;28;76;100.0;5;85.05;['-batch-training', '-calc-rsi', '-verbose', '-prediction-mode=index', '-interval-list=30m', '-range-min-rsi=28', '-range-max-rsi=80', '-range-p-ema=50,250', '-target-margin-list=1.0,1.5,2.0,2.5,3.0,3.5,4.0,4.5,5.0', '-log-level=WARNING']
2023-11-26 19:45:25;UNIUSDT;30m;4.5;125;28;74;100.0;5;85.05;['-batch-training', '-calc-rsi', '-verbose', '-prediction-mode=index', '-interval-list=30m', '-range-min-rsi=28', '-range-max-rsi=80', '-range-p-ema=50,250', '-target-margin-list=1.0,1.5,2.0,2.5,3.0,3.5,4.0,4.5,5.0', '-log-level=WARNING']
2023-11-26 20:44:56;UNIUSDT;30m;4.5;250;28;76;100.0;5;85.05;['-batch-training', '-calc-rsi', '-verbose', '-prediction-mode=index', '-interval-list=30m', '-range-min-rsi=28', '-range-max-rsi=80', '-range-p-ema=50,250', '-target-margin-list=1.0,1.5,2.0,2.5,3.0,3.5,4.0,4.5,5.0', '-log-level=WARNING']
2023-11-26 20:06:34;UNIUSDT;30m;4.5;175;28;74;100.0;5;85.05;['-batch-training', '-calc-rsi', '-verbose', '-prediction-mode=index', '-interval-list=30m', '-range-min-rsi=28', '-range-max-rsi=80', '-range-p-ema=50,250', '-target-margin-list=1.0,1.5,2.0,2.5,3.0,3.5,4.0,4.5,5.0', '-log-level=WARNING']
2023-11-26 20:45:15;UNIUSDT;30m;4.5;250;28;78;100.0;5;85.05;['-batch-training', '-calc-rsi', '-verbose', '-prediction-mode=index', '-interval-list=30m', '-range-min-rsi=28', '-range-max-rsi=80', '-range-p-ema=50,250', '-target-margin-list=1.0,1.5,2.0,2.5,3.0,3.5,4.0,4.5,5.0', '-log-level=WARNING']
2023-11-26 19:40:18;UNIUSDT;30m;2.5;125;36;72;100.0;7;85.1;['-batch-training', '-calc-rsi', '-verbose', '-prediction-mode=index', '-interval-list=30m', '-range-min-rsi=28', '-range-max-rsi=80', '-range-p-ema=50,250', '-target-margin-list=1.0,1.5,2.0,2.5,3.0,3.5,4.0,4.5,5.0', '-log-level=WARNING']
2023-11-26 20:02:02;UNIUSDT;30m;2.5;175;32;72;100.0;6;85.1;['-batch-training', '-calc-rsi', '-verbose', '-prediction-mode=index', '-interval-list=30m', '-range-min-rsi=28', '-range-max-rsi=80', '-range-p-ema=50,250', '-target-margin-list=1.0,1.5,2.0,2.5,3.0,3.5,4.0,4.5,5.0', '-log-level=WARNING']
2023-11-26 20:52:31;UNIUSDT;30m;2.5;50;36;72;100.0;7;85.1;['-batch-training', '-calc-rsi', '-verbose', '-prediction-mode=index', '-interval-list=30m', '-range-min-rsi=28', '-range-max-rsi=80', '-range-p-ema=50,250', '-target-margin-list=1.0,1.5,2.0,2.5,3.0,3.5,4.0,4.5,5.0', '-log-level=WARNING']
2023-11-26 19:28:50;UNIUSDT;30m;2.5;100;36;72;100.0;7;85.1;['-batch-training', '-calc-rsi', '-verbose', '-prediction-mode=index', '-interval-list=30m', '-range-min-rsi=28', '-range-max-rsi=80', '-range-p-ema=50,250', '-target-margin-list=1.0,1.5,2.0,2.5,3.0,3.5,4.0,4.5,5.0', '-log-level=WARNING']
2023-11-26 19:51:44;UNIUSDT;30m;2.5;150;32;72;100.0;6;85.1;['-batch-training', '-calc-rsi', '-verbose', '-prediction-mode=index', '-interval-list=30m', '-range-min-rsi=28', '-range-max-rsi=80', '-range-p-ema=50,250', '-target-margin-list=1.0,1.5,2.0,2.5,3.0,3.5,4.0,4.5,5.0', '-log-level=WARNING']
2023-11-26 21:07:52;UNIUSDT;30m;2.5;75;36;72;100.0;7;85.1;['-batch-training', '-calc-rsi', '-verbose', '-prediction-mode=index', '-interval-list=30m', '-range-min-rsi=28', '-range-max-rsi=80', '-range-p-ema=50,250', '-target-margin-list=1.0,1.5,2.0,2.5,3.0,3.5,4.0,4.5,5.0', '-log-level=WARNING']
2023-11-26 19:33:49;UNIUSDT;30m;4.5;100;36;72;100.0;4;85.13;['-batch-training', '-calc-rsi', '-verbose', '-prediction-mode=index', '-interval-list=30m', '-range-min-rsi=28', '-range-max-rsi=80', '-range-p-ema=50,250', '-target-margin-list=1.0,1.5,2.0,2.5,3.0,3.5,4.0,4.5,5.0', '-log-level=WARNING']
2023-11-26 19:56:27;UNIUSDT;30m;4.5;150;36;72;100.0;4;85.13;['-batch-training', '-calc-rsi', '-verbose', '-prediction-mode=index', '-interval-list=30m', '-range-min-rsi=28', '-range-max-rsi=80', '-range-p-ema=50,250', '-target-margin-list=1.0,1.5,2.0,2.5,3.0,3.5,4.0,4.5,5.0', '-log-level=WARNING']
2023-11-26 21:14:44;UNIUSDT;30m;4.5;75;36;72;100.0;4;85.13;['-batch-training', '-calc-rsi', '-verbose', '-prediction-mode=index', '-interval-list=30m', '-range-min-rsi=28', '-range-max-rsi=80', '-range-p-ema=50,250', '-target-margin-list=1.0,1.5,2.0,2.5,3.0,3.5,4.0,4.5,5.0', '-log-level=WARNING']
2023-11-26 20:59:07;UNIUSDT;30m;4.5;50;36;72;100.0;4;85.13;['-batch-training', '-calc-rsi', '-verbose', '-prediction-mode=index', '-interval-list=30m', '-range-min-rsi=28', '-range-max-rsi=80', '-range-p-ema=50,250', '-target-margin-list=1.0,1.5,2.0,2.5,3.0,3.5,4.0,4.5,5.0', '-log-level=WARNING']
2023-11-26 20:17:59;UNIUSDT;30m;4.5;200;36;72;100.0;4;85.13;['-batch-training', '-calc-rsi', '-verbose', '-prediction-mode=index', '-interval-list=30m', '-range-min-rsi=28', '-range-max-rsi=80', '-range-p-ema=50,250', '-target-margin-list=1.0,1.5,2.0,2.5,3.0,3.5,4.0,4.5,5.0', '-log-level=WARNING']
2023-11-26 20:44:33;UNIUSDT;30m;4.5;250;36;72;100.0;4;85.13;['-batch-training', '-calc-rsi', '-verbose', '-prediction-mode=index', '-interval-list=30m', '-range-min-rsi=28', '-range-max-rsi=80', '-range-p-ema=50,250', '-target-margin-list=1.0,1.5,2.0,2.5,3.0,3.5,4.0,4.5,5.0', '-log-level=WARNING']
2023-11-26 19:45:22;UNIUSDT;30m;4.5;125;36;72;100.0;4;85.13;['-batch-training', '-calc-rsi', '-verbose', '-prediction-mode=index', '-interval-list=30m', '-range-min-rsi=28', '-range-max-rsi=80', '-range-p-ema=50,250', '-target-margin-list=1.0,1.5,2.0,2.5,3.0,3.5,4.0,4.5,5.0', '-log-level=WARNING']
2023-11-26 20:06:31;UNIUSDT;30m;4.5;175;36;72;100.0;4;85.13;['-batch-training', '-calc-rsi', '-verbose', '-prediction-mode=index', '-interval-list=30m', '-range-min-rsi=28', '-range-max-rsi=80', '-range-p-ema=50,250', '-target-margin-list=1.0,1.5,2.0,2.5,3.0,3.5,4.0,4.5,5.0', '-log-level=WARNING']
2023-11-26 20:30:57;UNIUSDT;30m;4.5;225;36;72;100.0;4;85.13;['-batch-training', '-calc-rsi', '-verbose', '-prediction-mode=index', '-interval-list=30m', '-range-min-rsi=28', '-range-max-rsi=80', '-range-p-ema=50,250', '-target-margin-list=1.0,1.5,2.0,2.5,3.0,3.5,4.0,4.5,5.0', '-log-level=WARNING']
2023-11-26 20:37:01;UNIUSDT;30m;2.0;250;30;74;100.0;3;85.15;['-batch-training', '-calc-rsi', '-verbose', '-prediction-mode=index', '-interval-list=30m', '-range-min-rsi=28', '-range-max-rsi=80', '-range-p-ema=50,250', '-target-margin-list=1.0,1.5,2.0,2.5,3.0,3.5,4.0,4.5,5.0', '-log-level=WARNING']
2023-11-26 20:19:13;UNIUSDT;30m;5.0;200;30;72;100.0;6;85.27;['-batch-training', '-calc-rsi', '-verbose', '-prediction-mode=index', '-interval-list=30m', '-range-min-rsi=28', '-range-max-rsi=80', '-range-p-ema=50,250', '-target-margin-list=1.0,1.5,2.0,2.5,3.0,3.5,4.0,4.5,5.0', '-log-level=WARNING']
2023-11-26 20:32:14;UNIUSDT;30m;5.0;225;30;72;100.0;6;85.27;['-batch-training', '-calc-rsi', '-verbose', '-prediction-mode=index', '-interval-list=30m', '-range-min-rsi=28', '-range-max-rsi=80', '-range-p-ema=50,250', '-target-margin-list=1.0,1.5,2.0,2.5,3.0,3.5,4.0,4.5,5.0', '-log-level=WARNING']
2023-11-26 20:44:26;UNIUSDT;30m;4.5;250;32;72;100.0;6;85.27;['-batch-training', '-calc-rsi', '-verbose', '-prediction-mode=index', '-interval-list=30m', '-range-min-rsi=28', '-range-max-rsi=80', '-range-p-ema=50,250', '-target-margin-list=1.0,1.5,2.0,2.5,3.0,3.5,4.0,4.5,5.0', '-log-level=WARNING']
2023-11-26 20:58:59;UNIUSDT;30m;4.5;50;32;72;100.0;6;85.27;['-batch-training', '-calc-rsi', '-verbose', '-prediction-mode=index', '-interval-list=30m', '-range-min-rsi=28', '-range-max-rsi=80', '-range-p-ema=50,250', '-target-margin-list=1.0,1.5,2.0,2.5,3.0,3.5,4.0,4.5,5.0', '-log-level=WARNING']
2023-11-26 20:30:49;UNIUSDT;30m;4.5;225;32;72;100.0;6;85.27;['-batch-training', '-calc-rsi', '-verbose', '-prediction-mode=index', '-interval-list=30m', '-range-min-rsi=28', '-range-max-rsi=80', '-range-p-ema=50,250', '-target-margin-list=1.0,1.5,2.0,2.5,3.0,3.5,4.0,4.5,5.0', '-log-level=WARNING']
2023-11-26 20:45:55;UNIUSDT;30m;5.0;250;30;72;100.0;6;85.27;['-batch-training', '-calc-rsi', '-verbose', '-prediction-mode=index', '-interval-list=30m', '-range-min-rsi=28', '-range-max-rsi=80', '-range-p-ema=50,250', '-target-margin-list=1.0,1.5,2.0,2.5,3.0,3.5,4.0,4.5,5.0', '-log-level=WARNING']
2023-11-26 19:33:43;UNIUSDT;30m;4.5;100;32;72;100.0;6;85.27;['-batch-training', '-calc-rsi', '-verbose', '-prediction-mode=index', '-interval-list=30m', '-range-min-rsi=28', '-range-max-rsi=80', '-range-p-ema=50,250', '-target-margin-list=1.0,1.5,2.0,2.5,3.0,3.5,4.0,4.5,5.0', '-log-level=WARNING']
2023-11-26 19:34:55;UNIUSDT;30m;5.0;100;30;72;100.0;6;85.27;['-batch-training', '-calc-rsi', '-verbose', '-prediction-mode=index', '-interval-list=30m', '-range-min-rsi=28', '-range-max-rsi=80', '-range-p-ema=50,250', '-target-margin-list=1.0,1.5,2.0,2.5,3.0,3.5,4.0,4.5,5.0', '-log-level=WARNING']
2023-11-26 20:17:53;UNIUSDT;30m;4.5;200;32;72;100.0;6;85.27;['-batch-training', '-calc-rsi', '-verbose', '-prediction-mode=index', '-interval-list=30m', '-range-min-rsi=28', '-range-max-rsi=80', '-range-p-ema=50,250', '-target-margin-list=1.0,1.5,2.0,2.5,3.0,3.5,4.0,4.5,5.0', '-log-level=WARNING']
2023-11-26 19:56:21;UNIUSDT;30m;4.5;150;32;72;100.0;6;85.27;['-batch-training', '-calc-rsi', '-verbose', '-prediction-mode=index', '-interval-list=30m', '-range-min-rsi=28', '-range-max-rsi=80', '-range-p-ema=50,250', '-target-margin-list=1.0,1.5,2.0,2.5,3.0,3.5,4.0,4.5,5.0', '-log-level=WARNING']
2023-11-26 20:07:29;UNIUSDT;30m;5.0;175;30;72;100.0;6;85.27;['-batch-training', '-calc-rsi', '-verbose', '-prediction-mode=index', '-interval-list=30m', '-range-min-rsi=28', '-range-max-rsi=80', '-range-p-ema=50,250', '-target-margin-list=1.0,1.5,2.0,2.5,3.0,3.5,4.0,4.5,5.0', '-log-level=WARNING']
2023-11-26 21:16:00;UNIUSDT;30m;5.0;75;30;72;100.0;6;85.27;['-batch-training', '-calc-rsi', '-verbose', '-prediction-mode=index', '-interval-list=30m', '-range-min-rsi=28', '-range-max-rsi=80', '-range-p-ema=50,250', '-target-margin-list=1.0,1.5,2.0,2.5,3.0,3.5,4.0,4.5,5.0', '-log-level=WARNING']
2023-11-26 21:14:38;UNIUSDT;30m;4.5;75;32;72;100.0;6;85.27;['-batch-training', '-calc-rsi', '-verbose', '-prediction-mode=index', '-interval-list=30m', '-range-min-rsi=28', '-range-max-rsi=80', '-range-p-ema=50,250', '-target-margin-list=1.0,1.5,2.0,2.5,3.0,3.5,4.0,4.5,5.0', '-log-level=WARNING']
2023-11-26 21:00:36;UNIUSDT;30m;5.0;50;30;72;100.0;6;85.27;['-batch-training', '-calc-rsi', '-verbose', '-prediction-mode=index', '-interval-list=30m', '-range-min-rsi=28', '-range-max-rsi=80', '-range-p-ema=50,250', '-target-margin-list=1.0,1.5,2.0,2.5,3.0,3.5,4.0,4.5,5.0', '-log-level=WARNING']
2023-11-26 20:06:26;UNIUSDT;30m;4.5;175;32;72;100.0;6;85.27;['-batch-training', '-calc-rsi', '-verbose', '-prediction-mode=index', '-interval-list=30m', '-range-min-rsi=28', '-range-max-rsi=80', '-range-p-ema=50,250', '-target-margin-list=1.0,1.5,2.0,2.5,3.0,3.5,4.0,4.5,5.0', '-log-level=WARNING']
2023-11-26 19:46:30;UNIUSDT;30m;5.0;125;30;72;100.0;6;85.27;['-batch-training', '-calc-rsi', '-verbose', '-prediction-mode=index', '-interval-list=30m', '-range-min-rsi=28', '-range-max-rsi=80', '-range-p-ema=50,250', '-target-margin-list=1.0,1.5,2.0,2.5,3.0,3.5,4.0,4.5,5.0', '-log-level=WARNING']
2023-11-26 19:45:16;UNIUSDT;30m;4.5;125;32;72;100.0;6;85.27;['-batch-training', '-calc-rsi', '-verbose', '-prediction-mode=index', '-interval-list=30m', '-range-min-rsi=28', '-range-max-rsi=80', '-range-p-ema=50,250', '-target-margin-list=1.0,1.5,2.0,2.5,3.0,3.5,4.0,4.5,5.0', '-log-level=WARNING']
2023-11-26 19:57:27;UNIUSDT;30m;5.0;150;30;72;100.0;6;85.27;['-batch-training', '-calc-rsi', '-verbose', '-prediction-mode=index', '-interval-list=30m', '-range-min-rsi=28', '-range-max-rsi=80', '-range-p-ema=50,250', '-target-margin-list=1.0,1.5,2.0,2.5,3.0,3.5,4.0,4.5,5.0', '-log-level=WARNING']
2023-11-26 20:48:38;UNIUSDT;30m;1.0;50;36;78;100.0;3;85.29;['-batch-training', '-calc-rsi', '-verbose', '-prediction-mode=index', '-interval-list=30m', '-range-min-rsi=28', '-range-max-rsi=80', '-range-p-ema=50,250', '-target-margin-list=1.0,1.5,2.0,2.5,3.0,3.5,4.0,4.5,5.0', '-log-level=WARNING']
2023-11-26 21:03:32;UNIUSDT;30m;1.0;75;36;78;100.0;3;85.29;['-batch-training', '-calc-rsi', '-verbose', '-prediction-mode=index', '-interval-list=30m', '-range-min-rsi=28', '-range-max-rsi=80', '-range-p-ema=50,250', '-target-margin-list=1.0,1.5,2.0,2.5,3.0,3.5,4.0,4.5,5.0', '-log-level=WARNING']
2023-11-26 20:40:03;UNIUSDT;30m;3.0;250;30;74;100.0;5;85.3;['-batch-training', '-calc-rsi', '-verbose', '-prediction-mode=index', '-interval-list=30m', '-range-min-rsi=28', '-range-max-rsi=80', '-range-p-ema=50,250', '-target-margin-list=1.0,1.5,2.0,2.5,3.0,3.5,4.0,4.5,5.0', '-log-level=WARNING']
2023-11-26 20:59:03;UNIUSDT;30m;4.5;50;34;72;100.0;4;85.32;['-batch-training', '-calc-rsi', '-verbose', '-prediction-mode=index', '-interval-list=30m', '-range-min-rsi=28', '-range-max-rsi=80', '-range-p-ema=50,250', '-target-margin-list=1.0,1.5,2.0,2.5,3.0,3.5,4.0,4.5,5.0', '-log-level=WARNING']
2023-11-26 20:06:29;UNIUSDT;30m;4.5;175;34;72;100.0;4;85.32;['-batch-training', '-calc-rsi', '-verbose', '-prediction-mode=index', '-interval-list=30m', '-range-min-rsi=28', '-range-max-rsi=80', '-range-p-ema=50,250', '-target-margin-list=1.0,1.5,2.0,2.5,3.0,3.5,4.0,4.5,5.0', '-log-level=WARNING']
2023-11-26 19:56:24;UNIUSDT;30m;4.5;150;34;72;100.0;4;85.32;['-batch-training', '-calc-rsi', '-verbose', '-prediction-mode=index', '-interval-list=30m', '-range-min-rsi=28', '-range-max-rsi=80', '-range-p-ema=50,250', '-target-margin-list=1.0,1.5,2.0,2.5,3.0,3.5,4.0,4.5,5.0', '-log-level=WARNING']
2023-11-26 19:45:19;UNIUSDT;30m;4.5;125;34;72;100.0;4;85.32;['-batch-training', '-calc-rsi', '-verbose', '-prediction-mode=index', '-interval-list=30m', '-range-min-rsi=28', '-range-max-rsi=80', '-range-p-ema=50,250', '-target-margin-list=1.0,1.5,2.0,2.5,3.0,3.5,4.0,4.5,5.0', '-log-level=WARNING']
2023-11-26 21:14:42;UNIUSDT;30m;4.5;75;34;72;100.0;4;85.32;['-batch-training', '-calc-rsi', '-verbose', '-prediction-mode=index', '-interval-list=30m', '-range-min-rsi=28', '-range-max-rsi=80', '-range-p-ema=50,250', '-target-margin-list=1.0,1.5,2.0,2.5,3.0,3.5,4.0,4.5,5.0', '-log-level=WARNING']
2023-11-26 20:30:53;UNIUSDT;30m;4.5;225;34;72;100.0;4;85.32;['-batch-training', '-calc-rsi', '-verbose', '-prediction-mode=index', '-interval-list=30m', '-range-min-rsi=28', '-range-max-rsi=80', '-range-p-ema=50,250', '-target-margin-list=1.0,1.5,2.0,2.5,3.0,3.5,4.0,4.5,5.0', '-log-level=WARNING']
2023-11-26 20:17:56;UNIUSDT;30m;4.5;200;34;72;100.0;4;85.32;['-batch-training', '-calc-rsi', '-verbose', '-prediction-mode=index', '-interval-list=30m', '-range-min-rsi=28', '-range-max-rsi=80', '-range-p-ema=50,250', '-target-margin-list=1.0,1.5,2.0,2.5,3.0,3.5,4.0,4.5,5.0', '-log-level=WARNING']
2023-11-26 19:33:46;UNIUSDT;30m;4.5;100;34;72;100.0;4;85.32;['-batch-training', '-calc-rsi', '-verbose', '-prediction-mode=index', '-interval-list=30m', '-range-min-rsi=28', '-range-max-rsi=80', '-range-p-ema=50,250', '-target-margin-list=1.0,1.5,2.0,2.5,3.0,3.5,4.0,4.5,5.0', '-log-level=WARNING']
2023-11-26 20:44:29;UNIUSDT;30m;4.5;250;34;72;100.0;4;85.32;['-batch-training', '-calc-rsi', '-verbose', '-prediction-mode=index', '-interval-list=30m', '-range-min-rsi=28', '-range-max-rsi=80', '-range-p-ema=50,250', '-target-margin-list=1.0,1.5,2.0,2.5,3.0,3.5,4.0,4.5,5.0', '-log-level=WARNING']
2023-11-26 19:46:40;UNIUSDT;30m;5.0;125;36;72;100.0;5;85.34;['-batch-training', '-calc-rsi', '-verbose', '-prediction-mode=index', '-interval-list=30m', '-range-min-rsi=28', '-range-max-rsi=80', '-range-p-ema=50,250', '-target-margin-list=1.0,1.5,2.0,2.5,3.0,3.5,4.0,4.5,5.0', '-log-level=WARNING']
2023-11-26 21:16:09;UNIUSDT;30m;5.0;75;36;72;100.0;5;85.34;['-batch-training', '-calc-rsi', '-verbose', '-prediction-mode=index', '-interval-list=30m', '-range-min-rsi=28', '-range-max-rsi=80', '-range-p-ema=50,250', '-target-margin-list=1.0,1.5,2.0,2.5,3.0,3.5,4.0,4.5,5.0', '-log-level=WARNING']
2023-11-26 19:57:35;UNIUSDT;30m;5.0;150;36;72;100.0;5;85.34;['-batch-training', '-calc-rsi', '-verbose', '-prediction-mode=index', '-interval-list=30m', '-range-min-rsi=28', '-range-max-rsi=80', '-range-p-ema=50,250', '-target-margin-list=1.0,1.5,2.0,2.5,3.0,3.5,4.0,4.5,5.0', '-log-level=WARNING']
2023-11-26 19:35:04;UNIUSDT;30m;5.0;100;36;72;100.0;5;85.34;['-batch-training', '-calc-rsi', '-verbose', '-prediction-mode=index', '-interval-list=30m', '-range-min-rsi=28', '-range-max-rsi=80', '-range-p-ema=50,250', '-target-margin-list=1.0,1.5,2.0,2.5,3.0,3.5,4.0,4.5,5.0', '-log-level=WARNING']
2023-11-26 21:00:47;UNIUSDT;30m;5.0;50;36;72;100.0;5;85.34;['-batch-training', '-calc-rsi', '-verbose', '-prediction-mode=index', '-interval-list=30m', '-range-min-rsi=28', '-range-max-rsi=80', '-range-p-ema=50,250', '-target-margin-list=1.0,1.5,2.0,2.5,3.0,3.5,4.0,4.5,5.0', '-log-level=WARNING']
2023-11-26 20:23:48;UNIUSDT;30m;2.0;225;30;74;100.0;3;85.42;['-batch-training', '-calc-rsi', '-verbose', '-prediction-mode=index', '-interval-list=30m', '-range-min-rsi=28', '-range-max-rsi=80', '-range-p-ema=50,250', '-target-margin-list=1.0,1.5,2.0,2.5,3.0,3.5,4.0,4.5,5.0', '-log-level=WARNING']
2023-11-26 20:11:22;UNIUSDT;30m;2.0;200;30;74;100.0;3;85.42;['-batch-training', '-calc-rsi', '-verbose', '-prediction-mode=index', '-interval-list=30m', '-range-min-rsi=28', '-range-max-rsi=80', '-range-p-ema=50,250', '-target-margin-list=1.0,1.5,2.0,2.5,3.0,3.5,4.0,4.5,5.0', '-log-level=WARNING']
2023-11-26 20:01:04;UNIUSDT;30m;2.0;175;30;74;100.0;3;85.42;['-batch-training', '-calc-rsi', '-verbose', '-prediction-mode=index', '-interval-list=30m', '-range-min-rsi=28', '-range-max-rsi=80', '-range-p-ema=50,250', '-target-margin-list=1.0,1.5,2.0,2.5,3.0,3.5,4.0,4.5,5.0', '-log-level=WARNING']
2023-11-26 20:38:14;UNIUSDT;30m;2.5;250;30;72;100.0;6;85.52;['-batch-training', '-calc-rsi', '-verbose', '-prediction-mode=index', '-interval-list=30m', '-range-min-rsi=28', '-range-max-rsi=80', '-range-p-ema=50,250', '-target-margin-list=1.0,1.5,2.0,2.5,3.0,3.5,4.0,4.5,5.0', '-log-level=WARNING']
2023-11-26 21:14:34;UNIUSDT;30m;4.5;75;30;72;100.0;6;85.63;['-batch-training', '-calc-rsi', '-verbose', '-prediction-mode=index', '-interval-list=30m', '-range-min-rsi=28', '-range-max-rsi=80', '-range-p-ema=50,250', '-target-margin-list=1.0,1.5,2.0,2.5,3.0,3.5,4.0,4.5,5.0', '-log-level=WARNING']
2023-11-26 19:33:40;UNIUSDT;30m;4.5;100;30;72;100.0;6;85.63;['-batch-training', '-calc-rsi', '-verbose', '-prediction-mode=index', '-interval-list=30m', '-range-min-rsi=28', '-range-max-rsi=80', '-range-p-ema=50,250', '-target-margin-list=1.0,1.5,2.0,2.5,3.0,3.5,4.0,4.5,5.0', '-log-level=WARNING']
2023-11-26 20:17:50;UNIUSDT;30m;4.5;200;30;72;100.0;6;85.63;['-batch-training', '-calc-rsi', '-verbose', '-prediction-mode=index', '-interval-list=30m', '-range-min-rsi=28', '-range-max-rsi=80', '-range-p-ema=50,250', '-target-margin-list=1.0,1.5,2.0,2.5,3.0,3.5,4.0,4.5,5.0', '-log-level=WARNING']
2023-11-26 19:45:14;UNIUSDT;30m;4.5;125;30;72;100.0;6;85.63;['-batch-training', '-calc-rsi', '-verbose', '-prediction-mode=index', '-interval-list=30m', '-range-min-rsi=28', '-range-max-rsi=80', '-range-p-ema=50,250', '-target-margin-list=1.0,1.5,2.0,2.5,3.0,3.5,4.0,4.5,5.0', '-log-level=WARNING']
2023-11-26 20:44:22;UNIUSDT;30m;4.5;250;30;72;100.0;6;85.63;['-batch-training', '-calc-rsi', '-verbose', '-prediction-mode=index', '-interval-list=30m', '-range-min-rsi=28', '-range-max-rsi=80', '-range-p-ema=50,250', '-target-margin-list=1.0,1.5,2.0,2.5,3.0,3.5,4.0,4.5,5.0', '-log-level=WARNING']
2023-11-26 19:56:19;UNIUSDT;30m;4.5;150;30;72;100.0;6;85.63;['-batch-training', '-calc-rsi', '-verbose', '-prediction-mode=index', '-interval-list=30m', '-range-min-rsi=28', '-range-max-rsi=80', '-range-p-ema=50,250', '-target-margin-list=1.0,1.5,2.0,2.5,3.0,3.5,4.0,4.5,5.0', '-log-level=WARNING']
2023-11-26 20:06:24;UNIUSDT;30m;4.5;175;30;72;100.0;6;85.63;['-batch-training', '-calc-rsi', '-verbose', '-prediction-mode=index', '-interval-list=30m', '-range-min-rsi=28', '-range-max-rsi=80', '-range-p-ema=50,250', '-target-margin-list=1.0,1.5,2.0,2.5,3.0,3.5,4.0,4.5,5.0', '-log-level=WARNING']
2023-11-26 20:30:46;UNIUSDT;30m;4.5;225;30;72;100.0;6;85.63;['-batch-training', '-calc-rsi', '-verbose', '-prediction-mode=index', '-interval-list=30m', '-range-min-rsi=28', '-range-max-rsi=80', '-range-p-ema=50,250', '-target-margin-list=1.0,1.5,2.0,2.5,3.0,3.5,4.0,4.5,5.0', '-log-level=WARNING']
2023-11-26 20:58:55;UNIUSDT;30m;4.5;50;30;72;100.0;6;85.63;['-batch-training', '-calc-rsi', '-verbose', '-prediction-mode=index', '-interval-list=30m', '-range-min-rsi=28', '-range-max-rsi=80', '-range-p-ema=50,250', '-target-margin-list=1.0,1.5,2.0,2.5,3.0,3.5,4.0,4.5,5.0', '-log-level=WARNING']
2023-11-26 19:52:23;UNIUSDT;30m;2.5;150;28;78;100.0;2;85.68;['-batch-training', '-calc-rsi', '-verbose', '-prediction-mode=index', '-interval-list=30m', '-range-min-rsi=28', '-range-max-rsi=80', '-range-p-ema=50,250', '-target-margin-list=1.0,1.5,2.0,2.5,3.0,3.5,4.0,4.5,5.0', '-log-level=WARNING']
2023-11-26 20:13:09;UNIUSDT;30m;2.5;200;28;78;100.0;2;85.68;['-batch-training', '-calc-rsi', '-verbose', '-prediction-mode=index', '-interval-list=30m', '-range-min-rsi=28', '-range-max-rsi=80', '-range-p-ema=50,250', '-target-margin-list=1.0,1.5,2.0,2.5,3.0,3.5,4.0,4.5,5.0', '-log-level=WARNING']
2023-11-26 19:40:52;UNIUSDT;30m;2.5;125;28;78;100.0;2;85.68;['-batch-training', '-calc-rsi', '-verbose', '-prediction-mode=index', '-interval-list=30m', '-range-min-rsi=28', '-range-max-rsi=80', '-range-p-ema=50,250', '-target-margin-list=1.0,1.5,2.0,2.5,3.0,3.5,4.0,4.5,5.0', '-log-level=WARNING']
2023-11-26 20:53:14;UNIUSDT;30m;2.5;50;28;78;100.0;2;85.68;['-batch-training', '-calc-rsi', '-verbose', '-prediction-mode=index', '-interval-list=30m', '-range-min-rsi=28', '-range-max-rsi=80', '-range-p-ema=50,250', '-target-margin-list=1.0,1.5,2.0,2.5,3.0,3.5,4.0,4.5,5.0', '-log-level=WARNING']
2023-11-26 20:25:46;UNIUSDT;30m;2.5;225;28;78;100.0;2;85.68;['-batch-training', '-calc-rsi', '-verbose', '-prediction-mode=index', '-interval-list=30m', '-range-min-rsi=28', '-range-max-rsi=80', '-range-p-ema=50,250', '-target-margin-list=1.0,1.5,2.0,2.5,3.0,3.5,4.0,4.5,5.0', '-log-level=WARNING']
2023-11-26 19:29:23;UNIUSDT;30m;2.5;100;28;78;100.0;2;85.68;['-batch-training', '-calc-rsi', '-verbose', '-prediction-mode=index', '-interval-list=30m', '-range-min-rsi=28', '-range-max-rsi=80', '-range-p-ema=50,250', '-target-margin-list=1.0,1.5,2.0,2.5,3.0,3.5,4.0,4.5,5.0', '-log-level=WARNING']
2023-11-26 20:02:36;UNIUSDT;30m;2.5;175;28;78;100.0;2;85.68;['-batch-training', '-calc-rsi', '-verbose', '-prediction-mode=index', '-interval-list=30m', '-range-min-rsi=28', '-range-max-rsi=80', '-range-p-ema=50,250', '-target-margin-list=1.0,1.5,2.0,2.5,3.0,3.5,4.0,4.5,5.0', '-log-level=WARNING']
2023-11-26 21:08:39;UNIUSDT;30m;2.5;75;28;78;100.0;2;85.68;['-batch-training', '-calc-rsi', '-verbose', '-prediction-mode=index', '-interval-list=30m', '-range-min-rsi=28', '-range-max-rsi=80', '-range-p-ema=50,250', '-target-margin-list=1.0,1.5,2.0,2.5,3.0,3.5,4.0,4.5,5.0', '-log-level=WARNING']
2023-11-26 20:58:59;UNIUSDT;30m;4.5;50;32;72;100.0;4;85.72;['-batch-training', '-calc-rsi', '-verbose', '-prediction-mode=index', '-interval-list=30m', '-range-min-rsi=28', '-range-max-rsi=80', '-range-p-ema=50,250', '-target-margin-list=1.0,1.5,2.0,2.5,3.0,3.5,4.0,4.5,5.0', '-log-level=WARNING']
2023-11-26 19:30:20;UNIUSDT;30m;3.0;100;36;74;100.0;5;85.72;['-batch-training', '-calc-rsi', '-verbose', '-prediction-mode=index', '-interval-list=30m', '-range-min-rsi=28', '-range-max-rsi=80', '-range-p-ema=50,250', '-target-margin-list=1.0,1.5,2.0,2.5,3.0,3.5,4.0,4.5,5.0', '-log-level=WARNING']
2023-11-26 20:06:26;UNIUSDT;30m;4.5;175;32;72;100.0;4;85.72;['-batch-training', '-calc-rsi', '-verbose', '-prediction-mode=index', '-interval-list=30m', '-range-min-rsi=28', '-range-max-rsi=80', '-range-p-ema=50,250', '-target-margin-list=1.0,1.5,2.0,2.5,3.0,3.5,4.0,4.5,5.0', '-log-level=WARNING']
2023-11-26 19:56:21;UNIUSDT;30m;4.5;150;32;72;100.0;4;85.72;['-batch-training', '-calc-rsi', '-verbose', '-prediction-mode=index', '-interval-list=30m', '-range-min-rsi=28', '-range-max-rsi=80', '-range-p-ema=50,250', '-target-margin-list=1.0,1.5,2.0,2.5,3.0,3.5,4.0,4.5,5.0', '-log-level=WARNING']
2023-11-26 20:54:30;UNIUSDT;30m;3.0;50;36;74;100.0;5;85.72;['-batch-training', '-calc-rsi', '-verbose', '-prediction-mode=index', '-interval-list=30m', '-range-min-rsi=28', '-range-max-rsi=80', '-range-p-ema=50,250', '-target-margin-list=1.0,1.5,2.0,2.5,3.0,3.5,4.0,4.5,5.0', '-log-level=WARNING']
2023-11-26 20:44:26;UNIUSDT;30m;4.5;250;32;72;100.0;4;85.72;['-batch-training', '-calc-rsi', '-verbose', '-prediction-mode=index', '-interval-list=30m', '-range-min-rsi=28', '-range-max-rsi=80', '-range-p-ema=50,250', '-target-margin-list=1.0,1.5,2.0,2.5,3.0,3.5,4.0,4.5,5.0', '-log-level=WARNING']
2023-11-26 19:41:50;UNIUSDT;30m;3.0;125;36;74;100.0;5;85.72;['-batch-training', '-calc-rsi', '-verbose', '-prediction-mode=index', '-interval-list=30m', '-range-min-rsi=28', '-range-max-rsi=80', '-range-p-ema=50,250', '-target-margin-list=1.0,1.5,2.0,2.5,3.0,3.5,4.0,4.5,5.0', '-log-level=WARNING']
2023-11-26 19:33:43;UNIUSDT;30m;4.5;100;32;72;100.0;4;85.72;['-batch-training', '-calc-rsi', '-verbose', '-prediction-mode=index', '-interval-list=30m', '-range-min-rsi=28', '-range-max-rsi=80', '-range-p-ema=50,250', '-target-margin-list=1.0,1.5,2.0,2.5,3.0,3.5,4.0,4.5,5.0', '-log-level=WARNING']
2023-11-26 19:45:16;UNIUSDT;30m;4.5;125;32;72;100.0;4;85.72;['-batch-training', '-calc-rsi', '-verbose', '-prediction-mode=index', '-interval-list=30m', '-range-min-rsi=28', '-range-max-rsi=80', '-range-p-ema=50,250', '-target-margin-list=1.0,1.5,2.0,2.5,3.0,3.5,4.0,4.5,5.0', '-log-level=WARNING']
2023-11-26 20:30:49;UNIUSDT;30m;4.5;225;32;72;100.0;4;85.72;['-batch-training', '-calc-rsi', '-verbose', '-prediction-mode=index', '-interval-list=30m', '-range-min-rsi=28', '-range-max-rsi=80', '-range-p-ema=50,250', '-target-margin-list=1.0,1.5,2.0,2.5,3.0,3.5,4.0,4.5,5.0', '-log-level=WARNING']
2023-11-26 21:10:00;UNIUSDT;30m;3.0;75;36;74;100.0;5;85.72;['-batch-training', '-calc-rsi', '-verbose', '-prediction-mode=index', '-interval-list=30m', '-range-min-rsi=28', '-range-max-rsi=80', '-range-p-ema=50,250', '-target-margin-list=1.0,1.5,2.0,2.5,3.0,3.5,4.0,4.5,5.0', '-log-level=WARNING']
2023-11-26 21:14:38;UNIUSDT;30m;4.5;75;32;72;100.0;4;85.72;['-batch-training', '-calc-rsi', '-verbose', '-prediction-mode=index', '-interval-list=30m', '-range-min-rsi=28', '-range-max-rsi=80', '-range-p-ema=50,250', '-target-margin-list=1.0,1.5,2.0,2.5,3.0,3.5,4.0,4.5,5.0', '-log-level=WARNING']
2023-11-26 20:17:53;UNIUSDT;30m;4.5;200;32;72;100.0;4;85.72;['-batch-training', '-calc-rsi', '-verbose', '-prediction-mode=index', '-interval-list=30m', '-range-min-rsi=28', '-range-max-rsi=80', '-range-p-ema=50,250', '-target-margin-list=1.0,1.5,2.0,2.5,3.0,3.5,4.0,4.5,5.0', '-log-level=WARNING']
2023-11-26 19:47:57;UNIUSDT;30m;1.0;150;36;72;100.0;3;85.73;['-batch-training', '-calc-rsi', '-verbose', '-prediction-mode=index', '-interval-list=30m', '-range-min-rsi=28', '-range-max-rsi=80', '-range-p-ema=50,250', '-target-margin-list=1.0,1.5,2.0,2.5,3.0,3.5,4.0,4.5,5.0', '-log-level=WARNING']
2023-11-26 19:31:42;UNIUSDT;30m;3.5;100;30;76;100.0;4;85.79;['-batch-training', '-calc-rsi', '-verbose', '-prediction-mode=index', '-interval-list=30m', '-range-min-rsi=28', '-range-max-rsi=80', '-range-p-ema=50,250', '-target-margin-list=1.0,1.5,2.0,2.5,3.0,3.5,4.0,4.5,5.0', '-log-level=WARNING']
2023-11-26 20:15:22;UNIUSDT;30m;3.5;200;30;74;100.0;4;85.79;['-batch-training', '-calc-rsi', '-verbose', '-prediction-mode=index', '-interval-list=30m', '-range-min-rsi=28', '-range-max-rsi=80', '-range-p-ema=50,250', '-target-margin-list=1.0,1.5,2.0,2.5,3.0,3.5,4.0,4.5,5.0', '-log-level=WARNING']
2023-11-26 21:11:33;UNIUSDT;30m;3.5;75;30;74;100.0;4;85.79;['-batch-training', '-calc-rsi', '-verbose', '-prediction-mode=index', '-interval-list=30m', '-range-min-rsi=28', '-range-max-rsi=80', '-range-p-ema=50,250', '-target-margin-list=1.0,1.5,2.0,2.5,3.0,3.5,4.0,4.5,5.0', '-log-level=WARNING']
2023-11-26 20:04:24;UNIUSDT;30m;3.5;175;30;74;100.0;4;85.79;['-batch-training', '-calc-rsi', '-verbose', '-prediction-mode=index', '-interval-list=30m', '-range-min-rsi=28', '-range-max-rsi=80', '-range-p-ema=50,250', '-target-margin-list=1.0,1.5,2.0,2.5,3.0,3.5,4.0,4.5,5.0', '-log-level=WARNING']
2023-11-26 20:15:38;UNIUSDT;30m;3.5;200;30;76;100.0;4;85.79;['-batch-training', '-calc-rsi', '-verbose', '-prediction-mode=index', '-interval-list=30m', '-range-min-rsi=28', '-range-max-rsi=80', '-range-p-ema=50,250', '-target-margin-list=1.0,1.5,2.0,2.5,3.0,3.5,4.0,4.5,5.0', '-log-level=WARNING']
2023-11-26 19:43:12;UNIUSDT;30m;3.5;125;30;76;100.0;4;85.79;['-batch-training', '-calc-rsi', '-verbose', '-prediction-mode=index', '-interval-list=30m', '-range-min-rsi=28', '-range-max-rsi=80', '-range-p-ema=50,250', '-target-margin-list=1.0,1.5,2.0,2.5,3.0,3.5,4.0,4.5,5.0', '-log-level=WARNING']
2023-11-26 20:04:38;UNIUSDT;30m;3.5;175;30;76;100.0;4;85.79;['-batch-training', '-calc-rsi', '-verbose', '-prediction-mode=index', '-interval-list=30m', '-range-min-rsi=28', '-range-max-rsi=80', '-range-p-ema=50,250', '-target-margin-list=1.0,1.5,2.0,2.5,3.0,3.5,4.0,4.5,5.0', '-log-level=WARNING']
2023-11-26 20:55:57;UNIUSDT;30m;3.5;50;30;74;100.0;4;85.79;['-batch-training', '-calc-rsi', '-verbose', '-prediction-mode=index', '-interval-list=30m', '-range-min-rsi=28', '-range-max-rsi=80', '-range-p-ema=50,250', '-target-margin-list=1.0,1.5,2.0,2.5,3.0,3.5,4.0,4.5,5.0', '-log-level=WARNING']
2023-11-26 21:11:55;UNIUSDT;30m;3.5;75;30;76;100.0;4;85.79;['-batch-training', '-calc-rsi', '-verbose', '-prediction-mode=index', '-interval-list=30m', '-range-min-rsi=28', '-range-max-rsi=80', '-range-p-ema=50,250', '-target-margin-list=1.0,1.5,2.0,2.5,3.0,3.5,4.0,4.5,5.0', '-log-level=WARNING']
2023-11-26 19:42:57;UNIUSDT;30m;3.5;125;30;74;100.0;4;85.79;['-batch-training', '-calc-rsi', '-verbose', '-prediction-mode=index', '-interval-list=30m', '-range-min-rsi=28', '-range-max-rsi=80', '-range-p-ema=50,250', '-target-margin-list=1.0,1.5,2.0,2.5,3.0,3.5,4.0,4.5,5.0', '-log-level=WARNING']
2023-11-26 20:56:15;UNIUSDT;30m;3.5;50;30;76;100.0;4;85.79;['-batch-training', '-calc-rsi', '-verbose', '-prediction-mode=index', '-interval-list=30m', '-range-min-rsi=28', '-range-max-rsi=80', '-range-p-ema=50,250', '-target-margin-list=1.0,1.5,2.0,2.5,3.0,3.5,4.0,4.5,5.0', '-log-level=WARNING']
2023-11-26 19:31:27;UNIUSDT;30m;3.5;100;30;74;100.0;4;85.79;['-batch-training', '-calc-rsi', '-verbose', '-prediction-mode=index', '-interval-list=30m', '-range-min-rsi=28', '-range-max-rsi=80', '-range-p-ema=50,250', '-target-margin-list=1.0,1.5,2.0,2.5,3.0,3.5,4.0,4.5,5.0', '-log-level=WARNING']
2023-11-26 20:28:26;UNIUSDT;30m;3.5;225;30;76;100.0;4;85.79;['-batch-training', '-calc-rsi', '-verbose', '-prediction-mode=index', '-interval-list=30m', '-range-min-rsi=28', '-range-max-rsi=80', '-range-p-ema=50,250', '-target-margin-list=1.0,1.5,2.0,2.5,3.0,3.5,4.0,4.5,5.0', '-log-level=WARNING']
2023-11-26 19:54:15;UNIUSDT;30m;3.5;150;30;74;100.0;4;85.79;['-batch-training', '-calc-rsi', '-verbose', '-prediction-mode=index', '-interval-list=30m', '-range-min-rsi=28', '-range-max-rsi=80', '-range-p-ema=50,250', '-target-margin-list=1.0,1.5,2.0,2.5,3.0,3.5,4.0,4.5,5.0', '-log-level=WARNING']
2023-11-26 19:54:29;UNIUSDT;30m;3.5;150;30;76;100.0;4;85.79;['-batch-training', '-calc-rsi', '-verbose', '-prediction-mode=index', '-interval-list=30m', '-range-min-rsi=28', '-range-max-rsi=80', '-range-p-ema=50,250', '-target-margin-list=1.0,1.5,2.0,2.5,3.0,3.5,4.0,4.5,5.0', '-log-level=WARNING']
2023-11-26 20:28:08;UNIUSDT;30m;3.5;225;30;74;100.0;4;85.79;['-batch-training', '-calc-rsi', '-verbose', '-prediction-mode=index', '-interval-list=30m', '-range-min-rsi=28', '-range-max-rsi=80', '-range-p-ema=50,250', '-target-margin-list=1.0,1.5,2.0,2.5,3.0,3.5,4.0,4.5,5.0', '-log-level=WARNING']
2023-11-26 20:29:29;UNIUSDT;30m;4.0;225;36;72;100.0;7;85.83;['-batch-training', '-calc-rsi', '-verbose', '-prediction-mode=index', '-interval-list=30m', '-range-min-rsi=28', '-range-max-rsi=80', '-range-p-ema=50,250', '-target-margin-list=1.0,1.5,2.0,2.5,3.0,3.5,4.0,4.5,5.0', '-log-level=WARNING']
2023-11-26 20:05:25;UNIUSDT;30m;4.0;175;36;72;100.0;7;85.83;['-batch-training', '-calc-rsi', '-verbose', '-prediction-mode=index', '-interval-list=30m', '-range-min-rsi=28', '-range-max-rsi=80', '-range-p-ema=50,250', '-target-margin-list=1.0,1.5,2.0,2.5,3.0,3.5,4.0,4.5,5.0', '-log-level=WARNING']
2023-11-26 19:55:18;UNIUSDT;30m;4.0;150;36;72;100.0;7;85.83;['-batch-training', '-calc-rsi', '-verbose', '-prediction-mode=index', '-interval-list=30m', '-range-min-rsi=28', '-range-max-rsi=80', '-range-p-ema=50,250', '-target-margin-list=1.0,1.5,2.0,2.5,3.0,3.5,4.0,4.5,5.0', '-log-level=WARNING']
2023-11-26 20:16:38;UNIUSDT;30m;4.0;200;36;72;100.0;7;85.83;['-batch-training', '-calc-rsi', '-verbose', '-prediction-mode=index', '-interval-list=30m', '-range-min-rsi=28', '-range-max-rsi=80', '-range-p-ema=50,250', '-target-margin-list=1.0,1.5,2.0,2.5,3.0,3.5,4.0,4.5,5.0', '-log-level=WARNING']
2023-11-26 21:13:15;UNIUSDT;30m;4.0;75;36;72;100.0;7;85.83;['-batch-training', '-calc-rsi', '-verbose', '-prediction-mode=index', '-interval-list=30m', '-range-min-rsi=28', '-range-max-rsi=80', '-range-p-ema=50,250', '-target-margin-list=1.0,1.5,2.0,2.5,3.0,3.5,4.0,4.5,5.0', '-log-level=WARNING']
2023-11-26 20:57:28;UNIUSDT;30m;4.0;50;36;72;100.0;7;85.83;['-batch-training', '-calc-rsi', '-verbose', '-prediction-mode=index', '-interval-list=30m', '-range-min-rsi=28', '-range-max-rsi=80', '-range-p-ema=50,250', '-target-margin-list=1.0,1.5,2.0,2.5,3.0,3.5,4.0,4.5,5.0', '-log-level=WARNING']
2023-11-26 19:44:07;UNIUSDT;30m;4.0;125;36;72;100.0;7;85.83;['-batch-training', '-calc-rsi', '-verbose', '-prediction-mode=index', '-interval-list=30m', '-range-min-rsi=28', '-range-max-rsi=80', '-range-p-ema=50,250', '-target-margin-list=1.0,1.5,2.0,2.5,3.0,3.5,4.0,4.5,5.0', '-log-level=WARNING']
2023-11-26 20:43:01;UNIUSDT;30m;4.0;250;36;72;100.0;7;85.83;['-batch-training', '-calc-rsi', '-verbose', '-prediction-mode=index', '-interval-list=30m', '-range-min-rsi=28', '-range-max-rsi=80', '-range-p-ema=50,250', '-target-margin-list=1.0,1.5,2.0,2.5,3.0,3.5,4.0,4.5,5.0', '-log-level=WARNING']
2023-11-26 19:32:35;UNIUSDT;30m;4.0;100;36;72;100.0;7;85.83;['-batch-training', '-calc-rsi', '-verbose', '-prediction-mode=index', '-interval-list=30m', '-range-min-rsi=28', '-range-max-rsi=80', '-range-p-ema=50,250', '-target-margin-list=1.0,1.5,2.0,2.5,3.0,3.5,4.0,4.5,5.0', '-log-level=WARNING']
2023-11-26 20:41:51;UNIUSDT;30m;3.5;250;28;76;100.0;4;85.85;['-batch-training', '-calc-rsi', '-verbose', '-prediction-mode=index', '-interval-list=30m', '-range-min-rsi=28', '-range-max-rsi=80', '-range-p-ema=50,250', '-target-margin-list=1.0,1.5,2.0,2.5,3.0,3.5,4.0,4.5,5.0', '-log-level=WARNING']
2023-11-26 20:41:32;UNIUSDT;30m;3.5;250;28;74;100.0;4;85.85;['-batch-training', '-calc-rsi', '-verbose', '-prediction-mode=index', '-interval-list=30m', '-range-min-rsi=28', '-range-max-rsi=80', '-range-p-ema=50,250', '-target-margin-list=1.0,1.5,2.0,2.5,3.0,3.5,4.0,4.5,5.0', '-log-level=WARNING']
2023-11-26 19:25:42;UNIUSDT;30m;1.0;100;36;78;100.0;3;85.9;['-batch-training', '-calc-rsi', '-verbose', '-prediction-mode=index', '-interval-list=30m', '-range-min-rsi=28', '-range-max-rsi=80', '-range-p-ema=50,250', '-target-margin-list=1.0,1.5,2.0,2.5,3.0,3.5,4.0,4.5,5.0', '-log-level=WARNING']
2023-11-26 19:37:11;UNIUSDT;30m;1.0;125;36;78;100.0;3;85.9;['-batch-training', '-calc-rsi', '-verbose', '-prediction-mode=index', '-interval-list=30m', '-range-min-rsi=28', '-range-max-rsi=80', '-range-p-ema=50,250', '-target-margin-list=1.0,1.5,2.0,2.5,3.0,3.5,4.0,4.5,5.0', '-log-level=WARNING']
2023-11-26 20:02:23;UNIUSDT;30m;2.5;175;28;76;100.0;4;85.94;['-batch-training', '-calc-rsi', '-verbose', '-prediction-mode=index', '-interval-list=30m', '-range-min-rsi=28', '-range-max-rsi=80', '-range-p-ema=50,250', '-target-margin-list=1.0,1.5,2.0,2.5,3.0,3.5,4.0,4.5,5.0', '-log-level=WARNING']
2023-11-26 20:25:29;UNIUSDT;30m;2.5;225;28;76;100.0;4;85.94;['-batch-training', '-calc-rsi', '-verbose', '-prediction-mode=index', '-interval-list=30m', '-range-min-rsi=28', '-range-max-rsi=80', '-range-p-ema=50,250', '-target-margin-list=1.0,1.5,2.0,2.5,3.0,3.5,4.0,4.5,5.0', '-log-level=WARNING']
2023-11-26 21:08:17;UNIUSDT;30m;2.5;75;28;76;100.0;4;85.94;['-batch-training', '-calc-rsi', '-verbose', '-prediction-mode=index', '-interval-list=30m', '-range-min-rsi=28', '-range-max-rsi=80', '-range-p-ema=50,250', '-target-margin-list=1.0,1.5,2.0,2.5,3.0,3.5,4.0,4.5,5.0', '-log-level=WARNING']
2023-11-26 19:52:08;UNIUSDT;30m;2.5;150;28;76;100.0;4;85.94;['-batch-training', '-calc-rsi', '-verbose', '-prediction-mode=index', '-interval-list=30m', '-range-min-rsi=28', '-range-max-rsi=80', '-range-p-ema=50,250', '-target-margin-list=1.0,1.5,2.0,2.5,3.0,3.5,4.0,4.5,5.0', '-log-level=WARNING']
2023-11-26 20:12:53;UNIUSDT;30m;2.5;200;28;76;100.0;4;85.94;['-batch-training', '-calc-rsi', '-verbose', '-prediction-mode=index', '-interval-list=30m', '-range-min-rsi=28', '-range-max-rsi=80', '-range-p-ema=50,250', '-target-margin-list=1.0,1.5,2.0,2.5,3.0,3.5,4.0,4.5,5.0', '-log-level=WARNING']
2023-11-26 20:52:55;UNIUSDT;30m;2.5;50;28;76;100.0;4;85.94;['-batch-training', '-calc-rsi', '-verbose', '-prediction-mode=index', '-interval-list=30m', '-range-min-rsi=28', '-range-max-rsi=80', '-range-p-ema=50,250', '-target-margin-list=1.0,1.5,2.0,2.5,3.0,3.5,4.0,4.5,5.0', '-log-level=WARNING']
2023-11-26 19:29:08;UNIUSDT;30m;2.5;100;28;76;100.0;4;85.94;['-batch-training', '-calc-rsi', '-verbose', '-prediction-mode=index', '-interval-list=30m', '-range-min-rsi=28', '-range-max-rsi=80', '-range-p-ema=50,250', '-target-margin-list=1.0,1.5,2.0,2.5,3.0,3.5,4.0,4.5,5.0', '-log-level=WARNING']
2023-11-26 19:40:37;UNIUSDT;30m;2.5;125;28;76;100.0;4;85.94;['-batch-training', '-calc-rsi', '-verbose', '-prediction-mode=index', '-interval-list=30m', '-range-min-rsi=28', '-range-max-rsi=80', '-range-p-ema=50,250', '-target-margin-list=1.0,1.5,2.0,2.5,3.0,3.5,4.0,4.5,5.0', '-log-level=WARNING']
2023-11-26 20:37:33;UNIUSDT;30m;2.0;250;28;78;100.0;5;85.97;['-batch-training', '-calc-rsi', '-verbose', '-prediction-mode=index', '-interval-list=30m', '-range-min-rsi=28', '-range-max-rsi=80', '-range-p-ema=50,250', '-target-margin-list=1.0,1.5,2.0,2.5,3.0,3.5,4.0,4.5,5.0', '-log-level=WARNING']
2023-11-26 20:42:57;UNIUSDT;30m;4.0;250;34;72;100.0;7;86.01;['-batch-training', '-calc-rsi', '-verbose', '-prediction-mode=index', '-interval-list=30m', '-range-min-rsi=28', '-range-max-rsi=80', '-range-p-ema=50,250', '-target-margin-list=1.0,1.5,2.0,2.5,3.0,3.5,4.0,4.5,5.0', '-log-level=WARNING']
2023-11-26 19:32:32;UNIUSDT;30m;4.0;100;34;72;100.0;7;86.01;['-batch-training', '-calc-rsi', '-verbose', '-prediction-mode=index', '-interval-list=30m', '-range-min-rsi=28', '-range-max-rsi=80', '-range-p-ema=50,250', '-target-margin-list=1.0,1.5,2.0,2.5,3.0,3.5,4.0,4.5,5.0', '-log-level=WARNING']
2023-11-26 20:05:22;UNIUSDT;30m;4.0;175;34;72;100.0;7;86.01;['-batch-training', '-calc-rsi', '-verbose', '-prediction-mode=index', '-interval-list=30m', '-range-min-rsi=28', '-range-max-rsi=80', '-range-p-ema=50,250', '-target-margin-list=1.0,1.5,2.0,2.5,3.0,3.5,4.0,4.5,5.0', '-log-level=WARNING']
2023-11-26 20:29:26;UNIUSDT;30m;4.0;225;34;72;100.0;7;86.01;['-batch-training', '-calc-rsi', '-verbose', '-prediction-mode=index', '-interval-list=30m', '-range-min-rsi=28', '-range-max-rsi=80', '-range-p-ema=50,250', '-target-margin-list=1.0,1.5,2.0,2.5,3.0,3.5,4.0,4.5,5.0', '-log-level=WARNING']
2023-11-26 19:55:16;UNIUSDT;30m;4.0;150;34;72;100.0;7;86.01;['-batch-training', '-calc-rsi', '-verbose', '-prediction-mode=index', '-interval-list=30m', '-range-min-rsi=28', '-range-max-rsi=80', '-range-p-ema=50,250', '-target-margin-list=1.0,1.5,2.0,2.5,3.0,3.5,4.0,4.5,5.0', '-log-level=WARNING']
2023-11-26 21:13:09;UNIUSDT;30m;4.0;75;34;72;100.0;7;86.01;['-batch-training', '-calc-rsi', '-verbose', '-prediction-mode=index', '-interval-list=30m', '-range-min-rsi=28', '-range-max-rsi=80', '-range-p-ema=50,250', '-target-margin-list=1.0,1.5,2.0,2.5,3.0,3.5,4.0,4.5,5.0', '-log-level=WARNING']
2023-11-26 20:57:24;UNIUSDT;30m;4.0;50;34;72;100.0;7;86.01;['-batch-training', '-calc-rsi', '-verbose', '-prediction-mode=index', '-interval-list=30m', '-range-min-rsi=28', '-range-max-rsi=80', '-range-p-ema=50,250', '-target-margin-list=1.0,1.5,2.0,2.5,3.0,3.5,4.0,4.5,5.0', '-log-level=WARNING']
2023-11-26 19:44:04;UNIUSDT;30m;4.0;125;34;72;100.0;7;86.01;['-batch-training', '-calc-rsi', '-verbose', '-prediction-mode=index', '-interval-list=30m', '-range-min-rsi=28', '-range-max-rsi=80', '-range-p-ema=50,250', '-target-margin-list=1.0,1.5,2.0,2.5,3.0,3.5,4.0,4.5,5.0', '-log-level=WARNING']
2023-11-26 20:16:34;UNIUSDT;30m;4.0;200;34;72;100.0;7;86.01;['-batch-training', '-calc-rsi', '-verbose', '-prediction-mode=index', '-interval-list=30m', '-range-min-rsi=28', '-range-max-rsi=80', '-range-p-ema=50,250', '-target-margin-list=1.0,1.5,2.0,2.5,3.0,3.5,4.0,4.5,5.0', '-log-level=WARNING']
2023-11-26 20:39:04;UNIUSDT;30m;2.5;250;28;78;100.0;2;86.2;['-batch-training', '-calc-rsi', '-verbose', '-prediction-mode=index', '-interval-list=30m', '-range-min-rsi=28', '-range-max-rsi=80', '-range-p-ema=50,250', '-target-margin-list=1.0,1.5,2.0,2.5,3.0,3.5,4.0,4.5,5.0', '-log-level=WARNING']
2023-11-26 21:02:16;UNIUSDT;30m;1.0;75;30;72;100.0;7;86.21;['-batch-training', '-calc-rsi', '-verbose', '-prediction-mode=index', '-interval-list=30m', '-range-min-rsi=28', '-range-max-rsi=80', '-range-p-ema=50,250', '-target-margin-list=1.0,1.5,2.0,2.5,3.0,3.5,4.0,4.5,5.0', '-log-level=WARNING']
2023-11-26 19:24:45;UNIUSDT;30m;1.0;100;30;72;100.0;7;86.21;['-batch-training', '-calc-rsi', '-verbose', '-prediction-mode=index', '-interval-list=30m', '-range-min-rsi=28', '-range-max-rsi=80', '-range-p-ema=50,250', '-target-margin-list=1.0,1.5,2.0,2.5,3.0,3.5,4.0,4.5,5.0', '-log-level=WARNING']
2023-11-26 19:36:12;UNIUSDT;30m;1.0;125;30;72;100.0;7;86.21;['-batch-training', '-calc-rsi', '-verbose', '-prediction-mode=index', '-interval-list=30m', '-range-min-rsi=28', '-range-max-rsi=80', '-range-p-ema=50,250', '-target-margin-list=1.0,1.5,2.0,2.5,3.0,3.5,4.0,4.5,5.0', '-log-level=WARNING']
2023-11-26 19:47:46;UNIUSDT;30m;1.0;150;30;72;100.0;7;86.21;['-batch-training', '-calc-rsi', '-verbose', '-prediction-mode=index', '-interval-list=30m', '-range-min-rsi=28', '-range-max-rsi=80', '-range-p-ema=50,250', '-target-margin-list=1.0,1.5,2.0,2.5,3.0,3.5,4.0,4.5,5.0', '-log-level=WARNING']
2023-11-26 20:47:30;UNIUSDT;30m;1.0;50;30;72;100.0;7;86.21;['-batch-training', '-calc-rsi', '-verbose', '-prediction-mode=index', '-interval-list=30m', '-range-min-rsi=28', '-range-max-rsi=80', '-range-p-ema=50,250', '-target-margin-list=1.0,1.5,2.0,2.5,3.0,3.5,4.0,4.5,5.0', '-log-level=WARNING']
2023-11-26 20:01:28;UNIUSDT;30m;2.0;175;28;78;100.0;5;86.24;['-batch-training', '-calc-rsi', '-verbose', '-prediction-mode=index', '-interval-list=30m', '-range-min-rsi=28', '-range-max-rsi=80', '-range-p-ema=50,250', '-target-margin-list=1.0,1.5,2.0,2.5,3.0,3.5,4.0,4.5,5.0', '-log-level=WARNING']
2023-11-26 19:28:05;UNIUSDT;30m;2.0;100;28;78;100.0;5;86.24;['-batch-training', '-calc-rsi', '-verbose', '-prediction-mode=index', '-interval-list=30m', '-range-min-rsi=28', '-range-max-rsi=80', '-range-p-ema=50,250', '-target-margin-list=1.0,1.5,2.0,2.5,3.0,3.5,4.0,4.5,5.0', '-log-level=WARNING']
2023-11-26 20:11:50;UNIUSDT;30m;2.0;200;28;78;100.0;5;86.24;['-batch-training', '-calc-rsi', '-verbose', '-prediction-mode=index', '-interval-list=30m', '-range-min-rsi=28', '-range-max-rsi=80', '-range-p-ema=50,250', '-target-margin-list=1.0,1.5,2.0,2.5,3.0,3.5,4.0,4.5,5.0', '-log-level=WARNING']
2023-11-26 20:51:35;UNIUSDT;30m;2.0;50;28;78;100.0;5;86.24;['-batch-training', '-calc-rsi', '-verbose', '-prediction-mode=index', '-interval-list=30m', '-range-min-rsi=28', '-range-max-rsi=80', '-range-p-ema=50,250', '-target-margin-list=1.0,1.5,2.0,2.5,3.0,3.5,4.0,4.5,5.0', '-log-level=WARNING']
2023-11-26 20:24:20;UNIUSDT;30m;2.0;225;28;78;100.0;5;86.24;['-batch-training', '-calc-rsi', '-verbose', '-prediction-mode=index', '-interval-list=30m', '-range-min-rsi=28', '-range-max-rsi=80', '-range-p-ema=50,250', '-target-margin-list=1.0,1.5,2.0,2.5,3.0,3.5,4.0,4.5,5.0', '-log-level=WARNING']
2023-11-26 19:51:06;UNIUSDT;30m;2.0;150;28;78;100.0;5;86.24;['-batch-training', '-calc-rsi', '-verbose', '-prediction-mode=index', '-interval-list=30m', '-range-min-rsi=28', '-range-max-rsi=80', '-range-p-ema=50,250', '-target-margin-list=1.0,1.5,2.0,2.5,3.0,3.5,4.0,4.5,5.0', '-log-level=WARNING']
2023-11-26 21:06:50;UNIUSDT;30m;2.0;75;28;78;100.0;5;86.24;['-batch-training', '-calc-rsi', '-verbose', '-prediction-mode=index', '-interval-list=30m', '-range-min-rsi=28', '-range-max-rsi=80', '-range-p-ema=50,250', '-target-margin-list=1.0,1.5,2.0,2.5,3.0,3.5,4.0,4.5,5.0', '-log-level=WARNING']
2023-11-26 19:39:34;UNIUSDT;30m;2.0;125;28;78;100.0;5;86.24;['-batch-training', '-calc-rsi', '-verbose', '-prediction-mode=index', '-interval-list=30m', '-range-min-rsi=28', '-range-max-rsi=80', '-range-p-ema=50,250', '-target-margin-list=1.0,1.5,2.0,2.5,3.0,3.5,4.0,4.5,5.0', '-log-level=WARNING']
2023-11-26 20:05:20;UNIUSDT;30m;4.0;175;32;72;100.0;7;86.28;['-batch-training', '-calc-rsi', '-verbose', '-prediction-mode=index', '-interval-list=30m', '-range-min-rsi=28', '-range-max-rsi=80', '-range-p-ema=50,250', '-target-margin-list=1.0,1.5,2.0,2.5,3.0,3.5,4.0,4.5,5.0', '-log-level=WARNING']
2023-11-26 20:29:22;UNIUSDT;30m;4.0;225;32;72;100.0;7;86.28;['-batch-training', '-calc-rsi', '-verbose', '-prediction-mode=index', '-interval-list=30m', '-range-min-rsi=28', '-range-max-rsi=80', '-range-p-ema=50,250', '-target-margin-list=1.0,1.5,2.0,2.5,3.0,3.5,4.0,4.5,5.0', '-log-level=WARNING']
2023-11-26 20:57:20;UNIUSDT;30m;4.0;50;32;72;100.0;7;86.28;['-batch-training', '-calc-rsi', '-verbose', '-prediction-mode=index', '-interval-list=30m', '-range-min-rsi=28', '-range-max-rsi=80', '-range-p-ema=50,250', '-target-margin-list=1.0,1.5,2.0,2.5,3.0,3.5,4.0,4.5,5.0', '-log-level=WARNING']
2023-11-26 19:32:29;UNIUSDT;30m;4.0;100;32;72;100.0;7;86.28;['-batch-training', '-calc-rsi', '-verbose', '-prediction-mode=index', '-interval-list=30m', '-range-min-rsi=28', '-range-max-rsi=80', '-range-p-ema=50,250', '-target-margin-list=1.0,1.5,2.0,2.5,3.0,3.5,4.0,4.5,5.0', '-log-level=WARNING']
2023-11-26 19:44:00;UNIUSDT;30m;4.0;125;32;72;100.0;7;86.28;['-batch-training', '-calc-rsi', '-verbose', '-prediction-mode=index', '-interval-list=30m', '-range-min-rsi=28', '-range-max-rsi=80', '-range-p-ema=50,250', '-target-margin-list=1.0,1.5,2.0,2.5,3.0,3.5,4.0,4.5,5.0', '-log-level=WARNING']
2023-11-26 19:55:13;UNIUSDT;30m;4.0;150;32;72;100.0;7;86.28;['-batch-training', '-calc-rsi', '-verbose', '-prediction-mode=index', '-interval-list=30m', '-range-min-rsi=28', '-range-max-rsi=80', '-range-p-ema=50,250', '-target-margin-list=1.0,1.5,2.0,2.5,3.0,3.5,4.0,4.5,5.0', '-log-level=WARNING']
2023-11-26 20:16:30;UNIUSDT;30m;4.0;200;32;72;100.0;7;86.28;['-batch-training', '-calc-rsi', '-verbose', '-prediction-mode=index', '-interval-list=30m', '-range-min-rsi=28', '-range-max-rsi=80', '-range-p-ema=50,250', '-target-margin-list=1.0,1.5,2.0,2.5,3.0,3.5,4.0,4.5,5.0', '-log-level=WARNING']
2023-11-26 20:42:54;UNIUSDT;30m;4.0;250;32;72;100.0;7;86.28;['-batch-training', '-calc-rsi', '-verbose', '-prediction-mode=index', '-interval-list=30m', '-range-min-rsi=28', '-range-max-rsi=80', '-range-p-ema=50,250', '-target-margin-list=1.0,1.5,2.0,2.5,3.0,3.5,4.0,4.5,5.0', '-log-level=WARNING']
2023-11-26 21:13:05;UNIUSDT;30m;4.0;75;32;72;100.0;7;86.28;['-batch-training', '-calc-rsi', '-verbose', '-prediction-mode=index', '-interval-list=30m', '-range-min-rsi=28', '-range-max-rsi=80', '-range-p-ema=50,250', '-target-margin-list=1.0,1.5,2.0,2.5,3.0,3.5,4.0,4.5,5.0', '-log-level=WARNING']
2023-11-26 20:38:46;UNIUSDT;30m;2.5;250;28;76;100.0;4;86.46;['-batch-training', '-calc-rsi', '-verbose', '-prediction-mode=index', '-interval-list=30m', '-range-min-rsi=28', '-range-max-rsi=80', '-range-p-ema=50,250', '-target-margin-list=1.0,1.5,2.0,2.5,3.0,3.5,4.0,4.5,5.0', '-log-level=WARNING']
2023-11-26 20:05:24;UNIUSDT;30m;4.0;175;36;72;100.0;6;86.5;['-batch-training', '-calc-rsi', '-verbose', '-prediction-mode=index', '-interval-list=30m', '-range-min-rsi=28', '-range-max-rsi=80', '-range-p-ema=50,250', '-target-margin-list=1.0,1.5,2.0,2.5,3.0,3.5,4.0,4.5,5.0', '-log-level=WARNING']
2023-11-26 20:43:01;UNIUSDT;30m;4.0;250;36;72;100.0;6;86.5;['-batch-training', '-calc-rsi', '-verbose', '-prediction-mode=index', '-interval-list=30m', '-range-min-rsi=28', '-range-max-rsi=80', '-range-p-ema=50,250', '-target-margin-list=1.0,1.5,2.0,2.5,3.0,3.5,4.0,4.5,5.0', '-log-level=WARNING']
2023-11-26 20:57:28;UNIUSDT;30m;4.0;50;36;72;100.0;6;86.5;['-batch-training', '-calc-rsi', '-verbose', '-prediction-mode=index', '-interval-list=30m', '-range-min-rsi=28', '-range-max-rsi=80', '-range-p-ema=50,250', '-target-margin-list=1.0,1.5,2.0,2.5,3.0,3.5,4.0,4.5,5.0', '-log-level=WARNING']
2023-11-26 19:44:07;UNIUSDT;30m;4.0;125;36;72;100.0;6;86.5;['-batch-training', '-calc-rsi', '-verbose', '-prediction-mode=index', '-interval-list=30m', '-range-min-rsi=28', '-range-max-rsi=80', '-range-p-ema=50,250', '-target-margin-list=1.0,1.5,2.0,2.5,3.0,3.5,4.0,4.5,5.0', '-log-level=WARNING']
2023-11-26 20:16:37;UNIUSDT;30m;4.0;200;36;72;100.0;6;86.5;['-batch-training', '-calc-rsi', '-verbose', '-prediction-mode=index', '-interval-list=30m', '-range-min-rsi=28', '-range-max-rsi=80', '-range-p-ema=50,250', '-target-margin-list=1.0,1.5,2.0,2.5,3.0,3.5,4.0,4.5,5.0', '-log-level=WARNING']
2023-11-26 19:32:35;UNIUSDT;30m;4.0;100;36;72;100.0;6;86.5;['-batch-training', '-calc-rsi', '-verbose', '-prediction-mode=index', '-interval-list=30m', '-range-min-rsi=28', '-range-max-rsi=80', '-range-p-ema=50,250', '-target-margin-list=1.0,1.5,2.0,2.5,3.0,3.5,4.0,4.5,5.0', '-log-level=WARNING']
2023-11-26 20:29:29;UNIUSDT;30m;4.0;225;36;72;100.0;6;86.5;['-batch-training', '-calc-rsi', '-verbose', '-prediction-mode=index', '-interval-list=30m', '-range-min-rsi=28', '-range-max-rsi=80', '-range-p-ema=50,250', '-target-margin-list=1.0,1.5,2.0,2.5,3.0,3.5,4.0,4.5,5.0', '-log-level=WARNING']
2023-11-26 21:13:15;UNIUSDT;30m;4.0;75;36;72;100.0;6;86.5;['-batch-training', '-calc-rsi', '-verbose', '-prediction-mode=index', '-interval-list=30m', '-range-min-rsi=28', '-range-max-rsi=80', '-range-p-ema=50,250', '-target-margin-list=1.0,1.5,2.0,2.5,3.0,3.5,4.0,4.5,5.0', '-log-level=WARNING']
2023-11-26 19:55:19;UNIUSDT;30m;4.0;150;36;72;100.0;6;86.5;['-batch-training', '-calc-rsi', '-verbose', '-prediction-mode=index', '-interval-list=30m', '-range-min-rsi=28', '-range-max-rsi=80', '-range-p-ema=50,250', '-target-margin-list=1.0,1.5,2.0,2.5,3.0,3.5,4.0,4.5,5.0', '-log-level=WARNING']
2023-11-26 20:39:40;UNIUSDT;30m;3.0;250;28;72;100.0;5;86.57;['-batch-training', '-calc-rsi', '-verbose', '-prediction-mode=index', '-interval-list=30m', '-range-min-rsi=28', '-range-max-rsi=80', '-range-p-ema=50,250', '-target-margin-list=1.0,1.5,2.0,2.5,3.0,3.5,4.0,4.5,5.0', '-log-level=WARNING']
2023-11-26 19:50:01;UNIUSDT;30m;1.5;150;36;78;100.0;2;86.61;['-batch-training', '-calc-rsi', '-verbose', '-prediction-mode=index', '-interval-list=30m', '-range-min-rsi=28', '-range-max-rsi=80', '-range-p-ema=50,250', '-target-margin-list=1.0,1.5,2.0,2.5,3.0,3.5,4.0,4.5,5.0', '-log-level=WARNING']
2023-11-26 19:55:11;UNIUSDT;30m;4.0;150;30;72;100.0;7;86.63;['-batch-training', '-calc-rsi', '-verbose', '-prediction-mode=index', '-interval-list=30m', '-range-min-rsi=28', '-range-max-rsi=80', '-range-p-ema=50,250', '-target-margin-list=1.0,1.5,2.0,2.5,3.0,3.5,4.0,4.5,5.0', '-log-level=WARNING']
2023-11-26 19:32:26;UNIUSDT;30m;4.0;100;30;72;100.0;7;86.63;['-batch-training', '-calc-rsi', '-verbose', '-prediction-mode=index', '-interval-list=30m', '-range-min-rsi=28', '-range-max-rsi=80', '-range-p-ema=50,250', '-target-margin-list=1.0,1.5,2.0,2.5,3.0,3.5,4.0,4.5,5.0', '-log-level=WARNING']
2023-11-26 20:57:15;UNIUSDT;30m;4.0;50;30;72;100.0;7;86.63;['-batch-training', '-calc-rsi', '-verbose', '-prediction-mode=index', '-interval-list=30m', '-range-min-rsi=28', '-range-max-rsi=80', '-range-p-ema=50,250', '-target-margin-list=1.0,1.5,2.0,2.5,3.0,3.5,4.0,4.5,5.0', '-log-level=WARNING']
2023-11-26 19:43:57;UNIUSDT;30m;4.0;125;30;72;100.0;7;86.63;['-batch-training', '-calc-rsi', '-verbose', '-prediction-mode=index', '-interval-list=30m', '-range-min-rsi=28', '-range-max-rsi=80', '-range-p-ema=50,250', '-target-margin-list=1.0,1.5,2.0,2.5,3.0,3.5,4.0,4.5,5.0', '-log-level=WARNING']
2023-11-26 21:13:01;UNIUSDT;30m;4.0;75;30;72;100.0;7;86.63;['-batch-training', '-calc-rsi', '-verbose', '-prediction-mode=index', '-interval-list=30m', '-range-min-rsi=28', '-range-max-rsi=80', '-range-p-ema=50,250', '-target-margin-list=1.0,1.5,2.0,2.5,3.0,3.5,4.0,4.5,5.0', '-log-level=WARNING']
2023-11-26 20:42:50;UNIUSDT;30m;4.0;250;30;72;100.0;7;86.63;['-batch-training', '-calc-rsi', '-verbose', '-prediction-mode=index', '-interval-list=30m', '-range-min-rsi=28', '-range-max-rsi=80', '-range-p-ema=50,250', '-target-margin-list=1.0,1.5,2.0,2.5,3.0,3.5,4.0,4.5,5.0', '-log-level=WARNING']
2023-11-26 20:05:17;UNIUSDT;30m;4.0;175;30;72;100.0;7;86.63;['-batch-training', '-calc-rsi', '-verbose', '-prediction-mode=index', '-interval-list=30m', '-range-min-rsi=28', '-range-max-rsi=80', '-range-p-ema=50,250', '-target-margin-list=1.0,1.5,2.0,2.5,3.0,3.5,4.0,4.5,5.0', '-log-level=WARNING']
2023-11-26 20:29:19;UNIUSDT;30m;4.0;225;30;72;100.0;7;86.63;['-batch-training', '-calc-rsi', '-verbose', '-prediction-mode=index', '-interval-list=30m', '-range-min-rsi=28', '-range-max-rsi=80', '-range-p-ema=50,250', '-target-margin-list=1.0,1.5,2.0,2.5,3.0,3.5,4.0,4.5,5.0', '-log-level=WARNING']
2023-11-26 20:16:27;UNIUSDT;30m;4.0;200;30;72;100.0;7;86.63;['-batch-training', '-calc-rsi', '-verbose', '-prediction-mode=index', '-interval-list=30m', '-range-min-rsi=28', '-range-max-rsi=80', '-range-p-ema=50,250', '-target-margin-list=1.0,1.5,2.0,2.5,3.0,3.5,4.0,4.5,5.0', '-log-level=WARNING']
2023-11-26 19:55:08;UNIUSDT;30m;4.0;150;28;72;100.0;7;86.67;['-batch-training', '-calc-rsi', '-verbose', '-prediction-mode=index', '-interval-list=30m', '-range-min-rsi=28', '-range-max-rsi=80', '-range-p-ema=50,250', '-target-margin-list=1.0,1.5,2.0,2.5,3.0,3.5,4.0,4.5,5.0', '-log-level=WARNING']
2023-11-26 21:12:57;UNIUSDT;30m;4.0;75;28;72;100.0;7;86.67;['-batch-training', '-calc-rsi', '-verbose', '-prediction-mode=index', '-interval-list=30m', '-range-min-rsi=28', '-range-max-rsi=80', '-range-p-ema=50,250', '-target-margin-list=1.0,1.5,2.0,2.5,3.0,3.5,4.0,4.5,5.0', '-log-level=WARNING']
2023-11-26 19:32:23;UNIUSDT;30m;4.0;100;28;72;100.0;7;86.67;['-batch-training', '-calc-rsi', '-verbose', '-prediction-mode=index', '-interval-list=30m', '-range-min-rsi=28', '-range-max-rsi=80', '-range-p-ema=50,250', '-target-margin-list=1.0,1.5,2.0,2.5,3.0,3.5,4.0,4.5,5.0', '-log-level=WARNING']
2023-11-26 20:57:11;UNIUSDT;30m;4.0;50;28;72;100.0;7;86.67;['-batch-training', '-calc-rsi', '-verbose', '-prediction-mode=index', '-interval-list=30m', '-range-min-rsi=28', '-range-max-rsi=80', '-range-p-ema=50,250', '-target-margin-list=1.0,1.5,2.0,2.5,3.0,3.5,4.0,4.5,5.0', '-log-level=WARNING']
2023-11-26 20:42:47;UNIUSDT;30m;4.0;250;28;72;100.0;7;86.67;['-batch-training', '-calc-rsi', '-verbose', '-prediction-mode=index', '-interval-list=30m', '-range-min-rsi=28', '-range-max-rsi=80', '-range-p-ema=50,250', '-target-margin-list=1.0,1.5,2.0,2.5,3.0,3.5,4.0,4.5,5.0', '-log-level=WARNING']
2023-11-26 19:43:54;UNIUSDT;30m;4.0;125;28;72;100.0;7;86.67;['-batch-training', '-calc-rsi', '-verbose', '-prediction-mode=index', '-interval-list=30m', '-range-min-rsi=28', '-range-max-rsi=80', '-range-p-ema=50,250', '-target-margin-list=1.0,1.5,2.0,2.5,3.0,3.5,4.0,4.5,5.0', '-log-level=WARNING']
2023-11-26 20:05:15;UNIUSDT;30m;4.0;175;28;72;100.0;7;86.67;['-batch-training', '-calc-rsi', '-verbose', '-prediction-mode=index', '-interval-list=30m', '-range-min-rsi=28', '-range-max-rsi=80', '-range-p-ema=50,250', '-target-margin-list=1.0,1.5,2.0,2.5,3.0,3.5,4.0,4.5,5.0', '-log-level=WARNING']
2023-11-26 20:29:16;UNIUSDT;30m;4.0;225;28;72;100.0;7;86.67;['-batch-training', '-calc-rsi', '-verbose', '-prediction-mode=index', '-interval-list=30m', '-range-min-rsi=28', '-range-max-rsi=80', '-range-p-ema=50,250', '-target-margin-list=1.0,1.5,2.0,2.5,3.0,3.5,4.0,4.5,5.0', '-log-level=WARNING']
2023-11-26 20:16:24;UNIUSDT;30m;4.0;200;28;72;100.0;7;86.67;['-batch-training', '-calc-rsi', '-verbose', '-prediction-mode=index', '-interval-list=30m', '-range-min-rsi=28', '-range-max-rsi=80', '-range-p-ema=50,250', '-target-margin-list=1.0,1.5,2.0,2.5,3.0,3.5,4.0,4.5,5.0', '-log-level=WARNING']
2023-11-26 20:57:24;UNIUSDT;30m;4.0;50;34;72;100.0;6;86.69;['-batch-training', '-calc-rsi', '-verbose', '-prediction-mode=index', '-interval-list=30m', '-range-min-rsi=28', '-range-max-rsi=80', '-range-p-ema=50,250', '-target-margin-list=1.0,1.5,2.0,2.5,3.0,3.5,4.0,4.5,5.0', '-log-level=WARNING']
2023-11-26 19:55:16;UNIUSDT;30m;4.0;150;34;72;100.0;6;86.69;['-batch-training', '-calc-rsi', '-verbose', '-prediction-mode=index', '-interval-list=30m', '-range-min-rsi=28', '-range-max-rsi=80', '-range-p-ema=50,250', '-target-margin-list=1.0,1.5,2.0,2.5,3.0,3.5,4.0,4.5,5.0', '-log-level=WARNING']
2023-11-26 20:42:57;UNIUSDT;30m;4.0;250;34;72;100.0;6;86.69;['-batch-training', '-calc-rsi', '-verbose', '-prediction-mode=index', '-interval-list=30m', '-range-min-rsi=28', '-range-max-rsi=80', '-range-p-ema=50,250', '-target-margin-list=1.0,1.5,2.0,2.5,3.0,3.5,4.0,4.5,5.0', '-log-level=WARNING']
2023-11-26 19:44:04;UNIUSDT;30m;4.0;125;34;72;100.0;6;86.69;['-batch-training', '-calc-rsi', '-verbose', '-prediction-mode=index', '-interval-list=30m', '-range-min-rsi=28', '-range-max-rsi=80', '-range-p-ema=50,250', '-target-margin-list=1.0,1.5,2.0,2.5,3.0,3.5,4.0,4.5,5.0', '-log-level=WARNING']
2023-11-26 20:16:34;UNIUSDT;30m;4.0;200;34;72;100.0;6;86.69;['-batch-training', '-calc-rsi', '-verbose', '-prediction-mode=index', '-interval-list=30m', '-range-min-rsi=28', '-range-max-rsi=80', '-range-p-ema=50,250', '-target-margin-list=1.0,1.5,2.0,2.5,3.0,3.5,4.0,4.5,5.0', '-log-level=WARNING']
2023-11-26 20:05:22;UNIUSDT;30m;4.0;175;34;72;100.0;6;86.69;['-batch-training', '-calc-rsi', '-verbose', '-prediction-mode=index', '-interval-list=30m', '-range-min-rsi=28', '-range-max-rsi=80', '-range-p-ema=50,250', '-target-margin-list=1.0,1.5,2.0,2.5,3.0,3.5,4.0,4.5,5.0', '-log-level=WARNING']
2023-11-26 20:29:26;UNIUSDT;30m;4.0;225;34;72;100.0;6;86.69;['-batch-training', '-calc-rsi', '-verbose', '-prediction-mode=index', '-interval-list=30m', '-range-min-rsi=28', '-range-max-rsi=80', '-range-p-ema=50,250', '-target-margin-list=1.0,1.5,2.0,2.5,3.0,3.5,4.0,4.5,5.0', '-log-level=WARNING']
2023-11-26 19:32:32;UNIUSDT;30m;4.0;100;34;72;100.0;6;86.69;['-batch-training', '-calc-rsi', '-verbose', '-prediction-mode=index', '-interval-list=30m', '-range-min-rsi=28', '-range-max-rsi=80', '-range-p-ema=50,250', '-target-margin-list=1.0,1.5,2.0,2.5,3.0,3.5,4.0,4.5,5.0', '-log-level=WARNING']
2023-11-26 21:13:09;UNIUSDT;30m;4.0;75;34;72;100.0;6;86.69;['-batch-training', '-calc-rsi', '-verbose', '-prediction-mode=index', '-interval-list=30m', '-range-min-rsi=28', '-range-max-rsi=80', '-range-p-ema=50,250', '-target-margin-list=1.0,1.5,2.0,2.5,3.0,3.5,4.0,4.5,5.0', '-log-level=WARNING']
2023-11-26 19:54:32;UNIUSDT;30m;3.5;150;32;76;100.0;4;86.7;['-batch-training', '-calc-rsi', '-verbose', '-prediction-mode=index', '-interval-list=30m', '-range-min-rsi=28', '-range-max-rsi=80', '-range-p-ema=50,250', '-target-margin-list=1.0,1.5,2.0,2.5,3.0,3.5,4.0,4.5,5.0', '-log-level=WARNING']
2023-11-26 20:04:27;UNIUSDT;30m;3.5;175;32;74;100.0;4;86.7;['-batch-training', '-calc-rsi', '-verbose', '-prediction-mode=index', '-interval-list=30m', '-range-min-rsi=28', '-range-max-rsi=80', '-range-p-ema=50,250', '-target-margin-list=1.0,1.5,2.0,2.5,3.0,3.5,4.0,4.5,5.0', '-log-level=WARNING']
2023-11-26 20:15:25;UNIUSDT;30m;3.5;200;32;74;100.0;4;86.7;['-batch-training', '-calc-rsi', '-verbose', '-prediction-mode=index', '-interval-list=30m', '-range-min-rsi=28', '-range-max-rsi=80', '-range-p-ema=50,250', '-target-margin-list=1.0,1.5,2.0,2.5,3.0,3.5,4.0,4.5,5.0', '-log-level=WARNING']
2023-11-26 19:54:18;UNIUSDT;30m;3.5;150;32;74;100.0;4;86.7;['-batch-training', '-calc-rsi', '-verbose', '-prediction-mode=index', '-interval-list=30m', '-range-min-rsi=28', '-range-max-rsi=80', '-range-p-ema=50,250', '-target-margin-list=1.0,1.5,2.0,2.5,3.0,3.5,4.0,4.5,5.0', '-log-level=WARNING']
2023-11-26 20:28:30;UNIUSDT;30m;3.5;225;32;76;100.0;4;86.7;['-batch-training', '-calc-rsi', '-verbose', '-prediction-mode=index', '-interval-list=30m', '-range-min-rsi=28', '-range-max-rsi=80', '-range-p-ema=50,250', '-target-margin-list=1.0,1.5,2.0,2.5,3.0,3.5,4.0,4.5,5.0', '-log-level=WARNING']
2023-11-26 20:28:13;UNIUSDT;30m;3.5;225;32;74;100.0;4;86.7;['-batch-training', '-calc-rsi', '-verbose', '-prediction-mode=index', '-interval-list=30m', '-range-min-rsi=28', '-range-max-rsi=80', '-range-p-ema=50,250', '-target-margin-list=1.0,1.5,2.0,2.5,3.0,3.5,4.0,4.5,5.0', '-log-level=WARNING']
2023-11-26 20:15:41;UNIUSDT;30m;3.5;200;32;76;100.0;4;86.7;['-batch-training', '-calc-rsi', '-verbose', '-prediction-mode=index', '-interval-list=30m', '-range-min-rsi=28', '-range-max-rsi=80', '-range-p-ema=50,250', '-target-margin-list=1.0,1.5,2.0,2.5,3.0,3.5,4.0,4.5,5.0', '-log-level=WARNING']
2023-11-26 20:04:40;UNIUSDT;30m;3.5;175;32;76;100.0;4;86.7;['-batch-training', '-calc-rsi', '-verbose', '-prediction-mode=index', '-interval-list=30m', '-range-min-rsi=28', '-range-max-rsi=80', '-range-p-ema=50,250', '-target-margin-list=1.0,1.5,2.0,2.5,3.0,3.5,4.0,4.5,5.0', '-log-level=WARNING']
2023-11-26 20:13:09;UNIUSDT;30m;2.5;200;28;78;100.0;4;86.89;['-batch-training', '-calc-rsi', '-verbose', '-prediction-mode=index', '-interval-list=30m', '-range-min-rsi=28', '-range-max-rsi=80', '-range-p-ema=50,250', '-target-margin-list=1.0,1.5,2.0,2.5,3.0,3.5,4.0,4.5,5.0', '-log-level=WARNING']
2023-11-26 19:52:23;UNIUSDT;30m;2.5;150;28;78;100.0;4;86.89;['-batch-training', '-calc-rsi', '-verbose', '-prediction-mode=index', '-interval-list=30m', '-range-min-rsi=28', '-range-max-rsi=80', '-range-p-ema=50,250', '-target-margin-list=1.0,1.5,2.0,2.5,3.0,3.5,4.0,4.5,5.0', '-log-level=WARNING']
2023-11-26 21:08:39;UNIUSDT;30m;2.5;75;28;78;100.0;4;86.89;['-batch-training', '-calc-rsi', '-verbose', '-prediction-mode=index', '-interval-list=30m', '-range-min-rsi=28', '-range-max-rsi=80', '-range-p-ema=50,250', '-target-margin-list=1.0,1.5,2.0,2.5,3.0,3.5,4.0,4.5,5.0', '-log-level=WARNING']
2023-11-26 19:29:23;UNIUSDT;30m;2.5;100;28;78;100.0;4;86.89;['-batch-training', '-calc-rsi', '-verbose', '-prediction-mode=index', '-interval-list=30m', '-range-min-rsi=28', '-range-max-rsi=80', '-range-p-ema=50,250', '-target-margin-list=1.0,1.5,2.0,2.5,3.0,3.5,4.0,4.5,5.0', '-log-level=WARNING']
2023-11-26 20:25:46;UNIUSDT;30m;2.5;225;28;78;100.0;4;86.89;['-batch-training', '-calc-rsi', '-verbose', '-prediction-mode=index', '-interval-list=30m', '-range-min-rsi=28', '-range-max-rsi=80', '-range-p-ema=50,250', '-target-margin-list=1.0,1.5,2.0,2.5,3.0,3.5,4.0,4.5,5.0', '-log-level=WARNING']
2023-11-26 20:02:36;UNIUSDT;30m;2.5;175;28;78;100.0;4;86.89;['-batch-training', '-calc-rsi', '-verbose', '-prediction-mode=index', '-interval-list=30m', '-range-min-rsi=28', '-range-max-rsi=80', '-range-p-ema=50,250', '-target-margin-list=1.0,1.5,2.0,2.5,3.0,3.5,4.0,4.5,5.0', '-log-level=WARNING']
2023-11-26 20:53:14;UNIUSDT;30m;2.5;50;28;78;100.0;4;86.89;['-batch-training', '-calc-rsi', '-verbose', '-prediction-mode=index', '-interval-list=30m', '-range-min-rsi=28', '-range-max-rsi=80', '-range-p-ema=50,250', '-target-margin-list=1.0,1.5,2.0,2.5,3.0,3.5,4.0,4.5,5.0', '-log-level=WARNING']
2023-11-26 19:40:52;UNIUSDT;30m;2.5;125;28;78;100.0;4;86.89;['-batch-training', '-calc-rsi', '-verbose', '-prediction-mode=index', '-interval-list=30m', '-range-min-rsi=28', '-range-max-rsi=80', '-range-p-ema=50,250', '-target-margin-list=1.0,1.5,2.0,2.5,3.0,3.5,4.0,4.5,5.0', '-log-level=WARNING']
2023-11-26 19:55:27;UNIUSDT;30m;4.0;150;32;74;100.0;5;86.95;['-batch-training', '-calc-rsi', '-verbose', '-prediction-mode=index', '-interval-list=30m', '-range-min-rsi=28', '-range-max-rsi=80', '-range-p-ema=50,250', '-target-margin-list=1.0,1.5,2.0,2.5,3.0,3.5,4.0,4.5,5.0', '-log-level=WARNING']
2023-11-26 19:33:14;UNIUSDT;30m;4.0;100;32;78;100.0;5;86.95;['-batch-training', '-calc-rsi', '-verbose', '-prediction-mode=index', '-interval-list=30m', '-range-min-rsi=28', '-range-max-rsi=80', '-range-p-ema=50,250', '-target-margin-list=1.0,1.5,2.0,2.5,3.0,3.5,4.0,4.5,5.0', '-log-level=WARNING']
2023-11-26 20:05:46;UNIUSDT;30m;4.0;175;32;76;100.0;5;86.95;['-batch-training', '-calc-rsi', '-verbose', '-prediction-mode=index', '-interval-list=30m', '-range-min-rsi=28', '-range-max-rsi=80', '-range-p-ema=50,250', '-target-margin-list=1.0,1.5,2.0,2.5,3.0,3.5,4.0,4.5,5.0', '-log-level=WARNING']
2023-11-26 19:32:44;UNIUSDT;30m;4.0;100;32;74;100.0;5;86.95;['-batch-training', '-calc-rsi', '-verbose', '-prediction-mode=index', '-interval-list=30m', '-range-min-rsi=28', '-range-max-rsi=80', '-range-p-ema=50,250', '-target-margin-list=1.0,1.5,2.0,2.5,3.0,3.5,4.0,4.5,5.0', '-log-level=WARNING']
2023-11-26 19:44:45;UNIUSDT;30m;4.0;125;32;78;100.0;5;86.95;['-batch-training', '-calc-rsi', '-verbose', '-prediction-mode=index', '-interval-list=30m', '-range-min-rsi=28', '-range-max-rsi=80', '-range-p-ema=50,250', '-target-margin-list=1.0,1.5,2.0,2.5,3.0,3.5,4.0,4.5,5.0', '-log-level=WARNING']
2023-11-26 20:06:00;UNIUSDT;30m;4.0;175;32;78;100.0;5;86.95;['-batch-training', '-calc-rsi', '-verbose', '-prediction-mode=index', '-interval-list=30m', '-range-min-rsi=28', '-range-max-rsi=80', '-range-p-ema=50,250', '-target-margin-list=1.0,1.5,2.0,2.5,3.0,3.5,4.0,4.5,5.0', '-log-level=WARNING']
2023-11-26 20:29:57;UNIUSDT;30m;4.0;225;32;76;100.0;5;86.95;['-batch-training', '-calc-rsi', '-verbose', '-prediction-mode=index', '-interval-list=30m', '-range-min-rsi=28', '-range-max-rsi=80', '-range-p-ema=50,250', '-target-margin-list=1.0,1.5,2.0,2.5,3.0,3.5,4.0,4.5,5.0', '-log-level=WARNING']
2023-11-26 19:55:13;UNIUSDT;30m;4.0;150;32;72;100.0;6;86.95;['-batch-training', '-calc-rsi', '-verbose', '-prediction-mode=index', '-interval-list=30m', '-range-min-rsi=28', '-range-max-rsi=80', '-range-p-ema=50,250', '-target-margin-list=1.0,1.5,2.0,2.5,3.0,3.5,4.0,4.5,5.0', '-log-level=WARNING']
2023-11-26 20:05:33;UNIUSDT;30m;4.0;175;32;74;100.0;5;86.95;['-batch-training', '-calc-rsi', '-verbose', '-prediction-mode=index', '-interval-list=30m', '-range-min-rsi=28', '-range-max-rsi=80', '-range-p-ema=50,250', '-target-margin-list=1.0,1.5,2.0,2.5,3.0,3.5,4.0,4.5,5.0', '-log-level=WARNING']
2023-11-26 21:13:27;UNIUSDT;30m;4.0;75;32;74;100.0;5;86.95;['-batch-training', '-calc-rsi', '-verbose', '-prediction-mode=index', '-interval-list=30m', '-range-min-rsi=28', '-range-max-rsi=80', '-range-p-ema=50,250', '-target-margin-list=1.0,1.5,2.0,2.5,3.0,3.5,4.0,4.5,5.0', '-log-level=WARNING']
2023-11-26 19:32:59;UNIUSDT;30m;4.0;100;32;76;100.0;5;86.95;['-batch-training', '-calc-rsi', '-verbose', '-prediction-mode=index', '-interval-list=30m', '-range-min-rsi=28', '-range-max-rsi=80', '-range-p-ema=50,250', '-target-margin-list=1.0,1.5,2.0,2.5,3.0,3.5,4.0,4.5,5.0', '-log-level=WARNING']
2023-11-26 20:29:22;UNIUSDT;30m;4.0;225;32;72;100.0;6;86.95;['-batch-training', '-calc-rsi', '-verbose', '-prediction-mode=index', '-interval-list=30m', '-range-min-rsi=28', '-range-max-rsi=80', '-range-p-ema=50,250', '-target-margin-list=1.0,1.5,2.0,2.5,3.0,3.5,4.0,4.5,5.0', '-log-level=WARNING']
2023-11-26 20:29:40;UNIUSDT;30m;4.0;225;32;74;100.0;5;86.95;['-batch-training', '-calc-rsi', '-verbose', '-prediction-mode=index', '-interval-list=30m', '-range-min-rsi=28', '-range-max-rsi=80', '-range-p-ema=50,250', '-target-margin-list=1.0,1.5,2.0,2.5,3.0,3.5,4.0,4.5,5.0', '-log-level=WARNING']
2023-11-26 19:44:30;UNIUSDT;30m;4.0;125;32;76;100.0;5;86.95;['-batch-training', '-calc-rsi', '-verbose', '-prediction-mode=index', '-interval-list=30m', '-range-min-rsi=28', '-range-max-rsi=80', '-range-p-ema=50,250', '-target-margin-list=1.0,1.5,2.0,2.5,3.0,3.5,4.0,4.5,5.0', '-log-level=WARNING']
2023-11-26 20:57:59;UNIUSDT;30m;4.0;50;32;76;100.0;5;86.95;['-batch-training', '-calc-rsi', '-verbose', '-prediction-mode=index', '-interval-list=30m', '-range-min-rsi=28', '-range-max-rsi=80', '-range-p-ema=50,250', '-target-margin-list=1.0,1.5,2.0,2.5,3.0,3.5,4.0,4.5,5.0', '-log-level=WARNING']
2023-11-26 20:17:04;UNIUSDT;30m;4.0;200;32;76;100.0;5;86.95;['-batch-training', '-calc-rsi', '-verbose', '-prediction-mode=index', '-interval-list=30m', '-range-min-rsi=28', '-range-max-rsi=80', '-range-p-ema=50,250', '-target-margin-list=1.0,1.5,2.0,2.5,3.0,3.5,4.0,4.5,5.0', '-log-level=WARNING']
2023-11-26 19:32:29;UNIUSDT;30m;4.0;100;32;72;100.0;6;86.95;['-batch-training', '-calc-rsi', '-verbose', '-prediction-mode=index', '-interval-list=30m', '-range-min-rsi=28', '-range-max-rsi=80', '-range-p-ema=50,250', '-target-margin-list=1.0,1.5,2.0,2.5,3.0,3.5,4.0,4.5,5.0', '-log-level=WARNING']
2023-11-26 20:58:19;UNIUSDT;30m;4.0;50;32;78;100.0;5;86.95;['-batch-training', '-calc-rsi', '-verbose', '-prediction-mode=index', '-interval-list=30m', '-range-min-rsi=28', '-range-max-rsi=80', '-range-p-ema=50,250', '-target-margin-list=1.0,1.5,2.0,2.5,3.0,3.5,4.0,4.5,5.0', '-log-level=WARNING']
2023-11-26 19:44:00;UNIUSDT;30m;4.0;125;32;72;100.0;6;86.95;['-batch-training', '-calc-rsi', '-verbose', '-prediction-mode=index', '-interval-list=30m', '-range-min-rsi=28', '-range-max-rsi=80', '-range-p-ema=50,250', '-target-margin-list=1.0,1.5,2.0,2.5,3.0,3.5,4.0,4.5,5.0', '-log-level=WARNING']
2023-11-26 20:05:20;UNIUSDT;30m;4.0;175;32;72;100.0;6;86.95;['-batch-training', '-calc-rsi', '-verbose', '-prediction-mode=index', '-interval-list=30m', '-range-min-rsi=28', '-range-max-rsi=80', '-range-p-ema=50,250', '-target-margin-list=1.0,1.5,2.0,2.5,3.0,3.5,4.0,4.5,5.0', '-log-level=WARNING']
2023-11-26 20:57:39;UNIUSDT;30m;4.0;50;32;74;100.0;5;86.95;['-batch-training', '-calc-rsi', '-verbose', '-prediction-mode=index', '-interval-list=30m', '-range-min-rsi=28', '-range-max-rsi=80', '-range-p-ema=50,250', '-target-margin-list=1.0,1.5,2.0,2.5,3.0,3.5,4.0,4.5,5.0', '-log-level=WARNING']
2023-11-26 21:13:46;UNIUSDT;30m;4.0;75;32;76;100.0;5;86.95;['-batch-training', '-calc-rsi', '-verbose', '-prediction-mode=index', '-interval-list=30m', '-range-min-rsi=28', '-range-max-rsi=80', '-range-p-ema=50,250', '-target-margin-list=1.0,1.5,2.0,2.5,3.0,3.5,4.0,4.5,5.0', '-log-level=WARNING']
2023-11-26 20:16:47;UNIUSDT;30m;4.0;200;32;74;100.0;5;86.95;['-batch-training', '-calc-rsi', '-verbose', '-prediction-mode=index', '-interval-list=30m', '-range-min-rsi=28', '-range-max-rsi=80', '-range-p-ema=50,250', '-target-margin-list=1.0,1.5,2.0,2.5,3.0,3.5,4.0,4.5,5.0', '-log-level=WARNING']
2023-11-26 19:55:54;UNIUSDT;30m;4.0;150;32;78;100.0;5;86.95;['-batch-training', '-calc-rsi', '-verbose', '-prediction-mode=index', '-interval-list=30m', '-range-min-rsi=28', '-range-max-rsi=80', '-range-p-ema=50,250', '-target-margin-list=1.0,1.5,2.0,2.5,3.0,3.5,4.0,4.5,5.0', '-log-level=WARNING']
2023-11-26 20:42:54;UNIUSDT;30m;4.0;250;32;72;100.0;6;86.95;['-batch-training', '-calc-rsi', '-verbose', '-prediction-mode=index', '-interval-list=30m', '-range-min-rsi=28', '-range-max-rsi=80', '-range-p-ema=50,250', '-target-margin-list=1.0,1.5,2.0,2.5,3.0,3.5,4.0,4.5,5.0', '-log-level=WARNING']
2023-11-26 21:14:03;UNIUSDT;30m;4.0;75;32;78;100.0;5;86.95;['-batch-training', '-calc-rsi', '-verbose', '-prediction-mode=index', '-interval-list=30m', '-range-min-rsi=28', '-range-max-rsi=80', '-range-p-ema=50,250', '-target-margin-list=1.0,1.5,2.0,2.5,3.0,3.5,4.0,4.5,5.0', '-log-level=WARNING']
2023-11-26 20:43:30;UNIUSDT;30m;4.0;250;32;76;100.0;5;86.95;['-batch-training', '-calc-rsi', '-verbose', '-prediction-mode=index', '-interval-list=30m', '-range-min-rsi=28', '-range-max-rsi=80', '-range-p-ema=50,250', '-target-margin-list=1.0,1.5,2.0,2.5,3.0,3.5,4.0,4.5,5.0', '-log-level=WARNING']
2023-11-26 21:13:05;UNIUSDT;30m;4.0;75;32;72;100.0;6;86.95;['-batch-training', '-calc-rsi', '-verbose', '-prediction-mode=index', '-interval-list=30m', '-range-min-rsi=28', '-range-max-rsi=80', '-range-p-ema=50,250', '-target-margin-list=1.0,1.5,2.0,2.5,3.0,3.5,4.0,4.5,5.0', '-log-level=WARNING']
2023-11-26 20:16:30;UNIUSDT;30m;4.0;200;32;72;100.0;6;86.95;['-batch-training', '-calc-rsi', '-verbose', '-prediction-mode=index', '-interval-list=30m', '-range-min-rsi=28', '-range-max-rsi=80', '-range-p-ema=50,250', '-target-margin-list=1.0,1.5,2.0,2.5,3.0,3.5,4.0,4.5,5.0', '-log-level=WARNING']
2023-11-26 20:30:14;UNIUSDT;30m;4.0;225;32;78;100.0;5;86.95;['-batch-training', '-calc-rsi', '-verbose', '-prediction-mode=index', '-interval-list=30m', '-range-min-rsi=28', '-range-max-rsi=80', '-range-p-ema=50,250', '-target-margin-list=1.0,1.5,2.0,2.5,3.0,3.5,4.0,4.5,5.0', '-log-level=WARNING']
2023-11-26 20:17:19;UNIUSDT;30m;4.0;200;32;78;100.0;5;86.95;['-batch-training', '-calc-rsi', '-verbose', '-prediction-mode=index', '-interval-list=30m', '-range-min-rsi=28', '-range-max-rsi=80', '-range-p-ema=50,250', '-target-margin-list=1.0,1.5,2.0,2.5,3.0,3.5,4.0,4.5,5.0', '-log-level=WARNING']
2023-11-26 20:57:20;UNIUSDT;30m;4.0;50;32;72;100.0;6;86.95;['-batch-training', '-calc-rsi', '-verbose', '-prediction-mode=index', '-interval-list=30m', '-range-min-rsi=28', '-range-max-rsi=80', '-range-p-ema=50,250', '-target-margin-list=1.0,1.5,2.0,2.5,3.0,3.5,4.0,4.5,5.0', '-log-level=WARNING']
2023-11-26 19:44:15;UNIUSDT;30m;4.0;125;32;74;100.0;5;86.95;['-batch-training', '-calc-rsi', '-verbose', '-prediction-mode=index', '-interval-list=30m', '-range-min-rsi=28', '-range-max-rsi=80', '-range-p-ema=50,250', '-target-margin-list=1.0,1.5,2.0,2.5,3.0,3.5,4.0,4.5,5.0', '-log-level=WARNING']
2023-11-26 20:43:12;UNIUSDT;30m;4.0;250;32;74;100.0;5;86.95;['-batch-training', '-calc-rsi', '-verbose', '-prediction-mode=index', '-interval-list=30m', '-range-min-rsi=28', '-range-max-rsi=80', '-range-p-ema=50,250', '-target-margin-list=1.0,1.5,2.0,2.5,3.0,3.5,4.0,4.5,5.0', '-log-level=WARNING']
2023-11-26 20:43:49;UNIUSDT;30m;4.0;250;32;78;100.0;5;86.95;['-batch-training', '-calc-rsi', '-verbose', '-prediction-mode=index', '-interval-list=30m', '-range-min-rsi=28', '-range-max-rsi=80', '-range-p-ema=50,250', '-target-margin-list=1.0,1.5,2.0,2.5,3.0,3.5,4.0,4.5,5.0', '-log-level=WARNING']
2023-11-26 19:55:40;UNIUSDT;30m;4.0;150;32;76;100.0;5;86.95;['-batch-training', '-calc-rsi', '-verbose', '-prediction-mode=index', '-interval-list=30m', '-range-min-rsi=28', '-range-max-rsi=80', '-range-p-ema=50,250', '-target-margin-list=1.0,1.5,2.0,2.5,3.0,3.5,4.0,4.5,5.0', '-log-level=WARNING']
2023-11-26 19:24:55;UNIUSDT;30m;1.0;100;36;72;100.0;3;87.09;['-batch-training', '-calc-rsi', '-verbose', '-prediction-mode=index', '-interval-list=30m', '-range-min-rsi=28', '-range-max-rsi=80', '-range-p-ema=50,250', '-target-margin-list=1.0,1.5,2.0,2.5,3.0,3.5,4.0,4.5,5.0', '-log-level=WARNING']
2023-11-26 19:36:21;UNIUSDT;30m;1.0;125;36;72;100.0;3;87.09;['-batch-training', '-calc-rsi', '-verbose', '-prediction-mode=index', '-interval-list=30m', '-range-min-rsi=28', '-range-max-rsi=80', '-range-p-ema=50,250', '-target-margin-list=1.0,1.5,2.0,2.5,3.0,3.5,4.0,4.5,5.0', '-log-level=WARNING']
2023-11-26 20:12:28;UNIUSDT;30m;2.5;200;32;72;100.0;6;87.26;['-batch-training', '-calc-rsi', '-verbose', '-prediction-mode=index', '-interval-list=30m', '-range-min-rsi=28', '-range-max-rsi=80', '-range-p-ema=50,250', '-target-margin-list=1.0,1.5,2.0,2.5,3.0,3.5,4.0,4.5,5.0', '-log-level=WARNING']
2023-11-26 20:25:02;UNIUSDT;30m;2.5;225;32;72;100.0;6;87.26;['-batch-training', '-calc-rsi', '-verbose', '-prediction-mode=index', '-interval-list=30m', '-range-min-rsi=28', '-range-max-rsi=80', '-range-p-ema=50,250', '-target-margin-list=1.0,1.5,2.0,2.5,3.0,3.5,4.0,4.5,5.0', '-log-level=WARNING']
2023-11-26 20:21:40;UNIUSDT;30m;1.0;225;36;78;100.0;3;87.28;['-batch-training', '-calc-rsi', '-verbose', '-prediction-mode=index', '-interval-list=30m', '-range-min-rsi=28', '-range-max-rsi=80', '-range-p-ema=50,250', '-target-margin-list=1.0,1.5,2.0,2.5,3.0,3.5,4.0,4.5,5.0', '-log-level=WARNING']
2023-11-26 19:32:27;UNIUSDT;30m;4.0;100;30;72;100.0;6;87.32;['-batch-training', '-calc-rsi', '-verbose', '-prediction-mode=index', '-interval-list=30m', '-range-min-rsi=28', '-range-max-rsi=80', '-range-p-ema=50,250', '-target-margin-list=1.0,1.5,2.0,2.5,3.0,3.5,4.0,4.5,5.0', '-log-level=WARNING']
2023-11-26 21:13:01;UNIUSDT;30m;4.0;75;30;72;100.0;6;87.32;['-batch-training', '-calc-rsi', '-verbose', '-prediction-mode=index', '-interval-list=30m', '-range-min-rsi=28', '-range-max-rsi=80', '-range-p-ema=50,250', '-target-margin-list=1.0,1.5,2.0,2.5,3.0,3.5,4.0,4.5,5.0', '-log-level=WARNING']
2023-11-26 20:16:27;UNIUSDT;30m;4.0;200;30;72;100.0;6;87.32;['-batch-training', '-calc-rsi', '-verbose', '-prediction-mode=index', '-interval-list=30m', '-range-min-rsi=28', '-range-max-rsi=80', '-range-p-ema=50,250', '-target-margin-list=1.0,1.5,2.0,2.5,3.0,3.5,4.0,4.5,5.0', '-log-level=WARNING']
2023-11-26 20:05:17;UNIUSDT;30m;4.0;175;30;72;100.0;6;87.32;['-batch-training', '-calc-rsi', '-verbose', '-prediction-mode=index', '-interval-list=30m', '-range-min-rsi=28', '-range-max-rsi=80', '-range-p-ema=50,250', '-target-margin-list=1.0,1.5,2.0,2.5,3.0,3.5,4.0,4.5,5.0', '-log-level=WARNING']
2023-11-26 20:42:50;UNIUSDT;30m;4.0;250;30;72;100.0;6;87.32;['-batch-training', '-calc-rsi', '-verbose', '-prediction-mode=index', '-interval-list=30m', '-range-min-rsi=28', '-range-max-rsi=80', '-range-p-ema=50,250', '-target-margin-list=1.0,1.5,2.0,2.5,3.0,3.5,4.0,4.5,5.0', '-log-level=WARNING']
2023-11-26 19:55:11;UNIUSDT;30m;4.0;150;30;72;100.0;6;87.32;['-batch-training', '-calc-rsi', '-verbose', '-prediction-mode=index', '-interval-list=30m', '-range-min-rsi=28', '-range-max-rsi=80', '-range-p-ema=50,250', '-target-margin-list=1.0,1.5,2.0,2.5,3.0,3.5,4.0,4.5,5.0', '-log-level=WARNING']
2023-11-26 20:29:19;UNIUSDT;30m;4.0;225;30;72;100.0;6;87.32;['-batch-training', '-calc-rsi', '-verbose', '-prediction-mode=index', '-interval-list=30m', '-range-min-rsi=28', '-range-max-rsi=80', '-range-p-ema=50,250', '-target-margin-list=1.0,1.5,2.0,2.5,3.0,3.5,4.0,4.5,5.0', '-log-level=WARNING']
2023-11-26 20:57:15;UNIUSDT;30m;4.0;50;30;72;100.0;6;87.32;['-batch-training', '-calc-rsi', '-verbose', '-prediction-mode=index', '-interval-list=30m', '-range-min-rsi=28', '-range-max-rsi=80', '-range-p-ema=50,250', '-target-margin-list=1.0,1.5,2.0,2.5,3.0,3.5,4.0,4.5,5.0', '-log-level=WARNING']
2023-11-26 19:43:57;UNIUSDT;30m;4.0;125;30;72;100.0;6;87.32;['-batch-training', '-calc-rsi', '-verbose', '-prediction-mode=index', '-interval-list=30m', '-range-min-rsi=28', '-range-max-rsi=80', '-range-p-ema=50,250', '-target-margin-list=1.0,1.5,2.0,2.5,3.0,3.5,4.0,4.5,5.0', '-log-level=WARNING']
2023-11-26 20:42:47;UNIUSDT;30m;4.0;250;28;72;100.0;6;87.35;['-batch-training', '-calc-rsi', '-verbose', '-prediction-mode=index', '-interval-list=30m', '-range-min-rsi=28', '-range-max-rsi=80', '-range-p-ema=50,250', '-target-margin-list=1.0,1.5,2.0,2.5,3.0,3.5,4.0,4.5,5.0', '-log-level=WARNING']
2023-11-26 20:57:11;UNIUSDT;30m;4.0;50;28;72;100.0;6;87.35;['-batch-training', '-calc-rsi', '-verbose', '-prediction-mode=index', '-interval-list=30m', '-range-min-rsi=28', '-range-max-rsi=80', '-range-p-ema=50,250', '-target-margin-list=1.0,1.5,2.0,2.5,3.0,3.5,4.0,4.5,5.0', '-log-level=WARNING']
2023-11-26 21:12:56;UNIUSDT;30m;4.0;75;28;72;100.0;6;87.35;['-batch-training', '-calc-rsi', '-verbose', '-prediction-mode=index', '-interval-list=30m', '-range-min-rsi=28', '-range-max-rsi=80', '-range-p-ema=50,250', '-target-margin-list=1.0,1.5,2.0,2.5,3.0,3.5,4.0,4.5,5.0', '-log-level=WARNING']
2023-11-26 20:29:16;UNIUSDT;30m;4.0;225;28;72;100.0;6;87.35;['-batch-training', '-calc-rsi', '-verbose', '-prediction-mode=index', '-interval-list=30m', '-range-min-rsi=28', '-range-max-rsi=80', '-range-p-ema=50,250', '-target-margin-list=1.0,1.5,2.0,2.5,3.0,3.5,4.0,4.5,5.0', '-log-level=WARNING']
2023-11-26 19:55:08;UNIUSDT;30m;4.0;150;28;72;100.0;6;87.35;['-batch-training', '-calc-rsi', '-verbose', '-prediction-mode=index', '-interval-list=30m', '-range-min-rsi=28', '-range-max-rsi=80', '-range-p-ema=50,250', '-target-margin-list=1.0,1.5,2.0,2.5,3.0,3.5,4.0,4.5,5.0', '-log-level=WARNING']
2023-11-26 20:05:15;UNIUSDT;30m;4.0;175;28;72;100.0;6;87.35;['-batch-training', '-calc-rsi', '-verbose', '-prediction-mode=index', '-interval-list=30m', '-range-min-rsi=28', '-range-max-rsi=80', '-range-p-ema=50,250', '-target-margin-list=1.0,1.5,2.0,2.5,3.0,3.5,4.0,4.5,5.0', '-log-level=WARNING']
2023-11-26 19:43:54;UNIUSDT;30m;4.0;125;28;72;100.0;6;87.35;['-batch-training', '-calc-rsi', '-verbose', '-prediction-mode=index', '-interval-list=30m', '-range-min-rsi=28', '-range-max-rsi=80', '-range-p-ema=50,250', '-target-margin-list=1.0,1.5,2.0,2.5,3.0,3.5,4.0,4.5,5.0', '-log-level=WARNING']
2023-11-26 19:32:23;UNIUSDT;30m;4.0;100;28;72;100.0;6;87.35;['-batch-training', '-calc-rsi', '-verbose', '-prediction-mode=index', '-interval-list=30m', '-range-min-rsi=28', '-range-max-rsi=80', '-range-p-ema=50,250', '-target-margin-list=1.0,1.5,2.0,2.5,3.0,3.5,4.0,4.5,5.0', '-log-level=WARNING']
2023-11-26 20:16:24;UNIUSDT;30m;4.0;200;28;72;100.0;6;87.35;['-batch-training', '-calc-rsi', '-verbose', '-prediction-mode=index', '-interval-list=30m', '-range-min-rsi=28', '-range-max-rsi=80', '-range-p-ema=50,250', '-target-margin-list=1.0,1.5,2.0,2.5,3.0,3.5,4.0,4.5,5.0', '-log-level=WARNING']
2023-11-26 20:39:04;UNIUSDT;30m;2.5;250;28;78;100.0;4;87.41;['-batch-training', '-calc-rsi', '-verbose', '-prediction-mode=index', '-interval-list=30m', '-range-min-rsi=28', '-range-max-rsi=80', '-range-p-ema=50,250', '-target-margin-list=1.0,1.5,2.0,2.5,3.0,3.5,4.0,4.5,5.0', '-log-level=WARNING']
2023-11-26 21:05:19;UNIUSDT;30m;1.5;75;36;78;100.0;2;87.42;['-batch-training', '-calc-rsi', '-verbose', '-prediction-mode=index', '-interval-list=30m', '-range-min-rsi=28', '-range-max-rsi=80', '-range-p-ema=50,250', '-target-margin-list=1.0,1.5,2.0,2.5,3.0,3.5,4.0,4.5,5.0', '-log-level=WARNING']
2023-11-26 20:50:13;UNIUSDT;30m;1.5;50;36;78;100.0;2;87.42;['-batch-training', '-calc-rsi', '-verbose', '-prediction-mode=index', '-interval-list=30m', '-range-min-rsi=28', '-range-max-rsi=80', '-range-p-ema=50,250', '-target-margin-list=1.0,1.5,2.0,2.5,3.0,3.5,4.0,4.5,5.0', '-log-level=WARNING']
2023-11-26 20:29:37;UNIUSDT;30m;4.0;225;30;74;100.0;5;87.5;['-batch-training', '-calc-rsi', '-verbose', '-prediction-mode=index', '-interval-list=30m', '-range-min-rsi=28', '-range-max-rsi=80', '-range-p-ema=50,250', '-target-margin-list=1.0,1.5,2.0,2.5,3.0,3.5,4.0,4.5,5.0', '-log-level=WARNING']
2023-11-26 20:57:35;UNIUSDT;30m;4.0;50;30;74;100.0;5;87.5;['-batch-training', '-calc-rsi', '-verbose', '-prediction-mode=index', '-interval-list=30m', '-range-min-rsi=28', '-range-max-rsi=80', '-range-p-ema=50,250', '-target-margin-list=1.0,1.5,2.0,2.5,3.0,3.5,4.0,4.5,5.0', '-log-level=WARNING']
2023-11-26 19:55:51;UNIUSDT;30m;4.0;150;30;78;100.0;5;87.5;['-batch-training', '-calc-rsi', '-verbose', '-prediction-mode=index', '-interval-list=30m', '-range-min-rsi=28', '-range-max-rsi=80', '-range-p-ema=50,250', '-target-margin-list=1.0,1.5,2.0,2.5,3.0,3.5,4.0,4.5,5.0', '-log-level=WARNING']
2023-11-26 21:13:42;UNIUSDT;30m;4.0;75;30;76;100.0;5;87.5;['-batch-training', '-calc-rsi', '-verbose', '-prediction-mode=index', '-interval-list=30m', '-range-min-rsi=28', '-range-max-rsi=80', '-range-p-ema=50,250', '-target-margin-list=1.0,1.5,2.0,2.5,3.0,3.5,4.0,4.5,5.0', '-log-level=WARNING']
2023-11-26 20:05:57;UNIUSDT;30m;4.0;175;30;78;100.0;5;87.5;['-batch-training', '-calc-rsi', '-verbose', '-prediction-mode=index', '-interval-list=30m', '-range-min-rsi=28', '-range-max-rsi=80', '-range-p-ema=50,250', '-target-margin-list=1.0,1.5,2.0,2.5,3.0,3.5,4.0,4.5,5.0', '-log-level=WARNING']
2023-11-26 19:55:37;UNIUSDT;30m;4.0;150;30;76;100.0;5;87.5;['-batch-training', '-calc-rsi', '-verbose', '-prediction-mode=index', '-interval-list=30m', '-range-min-rsi=28', '-range-max-rsi=80', '-range-p-ema=50,250', '-target-margin-list=1.0,1.5,2.0,2.5,3.0,3.5,4.0,4.5,5.0', '-log-level=WARNING']
2023-11-26 20:05:30;UNIUSDT;30m;4.0;175;30;74;100.0;5;87.5;['-batch-training', '-calc-rsi', '-verbose', '-prediction-mode=index', '-interval-list=30m', '-range-min-rsi=28', '-range-max-rsi=80', '-range-p-ema=50,250', '-target-margin-list=1.0,1.5,2.0,2.5,3.0,3.5,4.0,4.5,5.0', '-log-level=WARNING']
2023-11-26 20:16:44;UNIUSDT;30m;4.0;200;30;74;100.0;5;87.5;['-batch-training', '-calc-rsi', '-verbose', '-prediction-mode=index', '-interval-list=30m', '-range-min-rsi=28', '-range-max-rsi=80', '-range-p-ema=50,250', '-target-margin-list=1.0,1.5,2.0,2.5,3.0,3.5,4.0,4.5,5.0', '-log-level=WARNING']
2023-11-26 20:43:08;UNIUSDT;30m;4.0;250;30;74;100.0;5;87.5;['-batch-training', '-calc-rsi', '-verbose', '-prediction-mode=index', '-interval-list=30m', '-range-min-rsi=28', '-range-max-rsi=80', '-range-p-ema=50,250', '-target-margin-list=1.0,1.5,2.0,2.5,3.0,3.5,4.0,4.5,5.0', '-log-level=WARNING']
2023-11-26 20:43:26;UNIUSDT;30m;4.0;250;30;76;100.0;5;87.5;['-batch-training', '-calc-rsi', '-verbose', '-prediction-mode=index', '-interval-list=30m', '-range-min-rsi=28', '-range-max-rsi=80', '-range-p-ema=50,250', '-target-margin-list=1.0,1.5,2.0,2.5,3.0,3.5,4.0,4.5,5.0', '-log-level=WARNING']
2023-11-26 19:48:59;UNIUSDT;30m;1.0;150;36;80;100.0;3;87.5;['-batch-training', '-calc-rsi', '-verbose', '-prediction-mode=index', '-interval-list=30m', '-range-min-rsi=28', '-range-max-rsi=80', '-range-p-ema=50,250', '-target-margin-list=1.0,1.5,2.0,2.5,3.0,3.5,4.0,4.5,5.0', '-log-level=WARNING']
2023-11-26 19:32:41;UNIUSDT;30m;4.0;100;30;74;100.0;5;87.5;['-batch-training', '-calc-rsi', '-verbose', '-prediction-mode=index', '-interval-list=30m', '-range-min-rsi=28', '-range-max-rsi=80', '-range-p-ema=50,250', '-target-margin-list=1.0,1.5,2.0,2.5,3.0,3.5,4.0,4.5,5.0', '-log-level=WARNING']
2023-11-26 20:58:14;UNIUSDT;30m;4.0;50;30;78;100.0;5;87.5;['-batch-training', '-calc-rsi', '-verbose', '-prediction-mode=index', '-interval-list=30m', '-range-min-rsi=28', '-range-max-rsi=80', '-range-p-ema=50,250', '-target-margin-list=1.0,1.5,2.0,2.5,3.0,3.5,4.0,4.5,5.0', '-log-level=WARNING']
2023-11-26 19:33:11;UNIUSDT;30m;4.0;100;30;78;100.0;5;87.5;['-batch-training', '-calc-rsi', '-verbose', '-prediction-mode=index', '-interval-list=30m', '-range-min-rsi=28', '-range-max-rsi=80', '-range-p-ema=50,250', '-target-margin-list=1.0,1.5,2.0,2.5,3.0,3.5,4.0,4.5,5.0', '-log-level=WARNING']
2023-11-26 19:55:24;UNIUSDT;30m;4.0;150;30;74;100.0;5;87.5;['-batch-training', '-calc-rsi', '-verbose', '-prediction-mode=index', '-interval-list=30m', '-range-min-rsi=28', '-range-max-rsi=80', '-range-p-ema=50,250', '-target-margin-list=1.0,1.5,2.0,2.5,3.0,3.5,4.0,4.5,5.0', '-log-level=WARNING']
2023-11-26 19:44:12;UNIUSDT;30m;4.0;125;30;74;100.0;5;87.5;['-batch-training', '-calc-rsi', '-verbose', '-prediction-mode=index', '-interval-list=30m', '-range-min-rsi=28', '-range-max-rsi=80', '-range-p-ema=50,250', '-target-margin-list=1.0,1.5,2.0,2.5,3.0,3.5,4.0,4.5,5.0', '-log-level=WARNING']
2023-11-26 20:57:55;UNIUSDT;30m;4.0;50;30;76;100.0;5;87.5;['-batch-training', '-calc-rsi', '-verbose', '-prediction-mode=index', '-interval-list=30m', '-range-min-rsi=28', '-range-max-rsi=80', '-range-p-ema=50,250', '-target-margin-list=1.0,1.5,2.0,2.5,3.0,3.5,4.0,4.5,5.0', '-log-level=WARNING']
2023-11-26 19:32:56;UNIUSDT;30m;4.0;100;30;76;100.0;5;87.5;['-batch-training', '-calc-rsi', '-verbose', '-prediction-mode=index', '-interval-list=30m', '-range-min-rsi=28', '-range-max-rsi=80', '-range-p-ema=50,250', '-target-margin-list=1.0,1.5,2.0,2.5,3.0,3.5,4.0,4.5,5.0', '-log-level=WARNING']
2023-11-26 20:17:16;UNIUSDT;30m;4.0;200;30;78;100.0;5;87.5;['-batch-training', '-calc-rsi', '-verbose', '-prediction-mode=index', '-interval-list=30m', '-range-min-rsi=28', '-range-max-rsi=80', '-range-p-ema=50,250', '-target-margin-list=1.0,1.5,2.0,2.5,3.0,3.5,4.0,4.5,5.0', '-log-level=WARNING']
2023-11-26 21:13:23;UNIUSDT;30m;4.0;75;30;74;100.0;5;87.5;['-batch-training', '-calc-rsi', '-verbose', '-prediction-mode=index', '-interval-list=30m', '-range-min-rsi=28', '-range-max-rsi=80', '-range-p-ema=50,250', '-target-margin-list=1.0,1.5,2.0,2.5,3.0,3.5,4.0,4.5,5.0', '-log-level=WARNING']
2023-11-26 20:05:43;UNIUSDT;30m;4.0;175;30;76;100.0;5;87.5;['-batch-training', '-calc-rsi', '-verbose', '-prediction-mode=index', '-interval-list=30m', '-range-min-rsi=28', '-range-max-rsi=80', '-range-p-ema=50,250', '-target-margin-list=1.0,1.5,2.0,2.5,3.0,3.5,4.0,4.5,5.0', '-log-level=WARNING']
2023-11-26 19:44:27;UNIUSDT;30m;4.0;125;30;76;100.0;5;87.5;['-batch-training', '-calc-rsi', '-verbose', '-prediction-mode=index', '-interval-list=30m', '-range-min-rsi=28', '-range-max-rsi=80', '-range-p-ema=50,250', '-target-margin-list=1.0,1.5,2.0,2.5,3.0,3.5,4.0,4.5,5.0', '-log-level=WARNING']
2023-11-26 21:14:00;UNIUSDT;30m;4.0;75;30;78;100.0;5;87.5;['-batch-training', '-calc-rsi', '-verbose', '-prediction-mode=index', '-interval-list=30m', '-range-min-rsi=28', '-range-max-rsi=80', '-range-p-ema=50,250', '-target-margin-list=1.0,1.5,2.0,2.5,3.0,3.5,4.0,4.5,5.0', '-log-level=WARNING']
2023-11-26 20:30:11;UNIUSDT;30m;4.0;225;30;78;100.0;5;87.5;['-batch-training', '-calc-rsi', '-verbose', '-prediction-mode=index', '-interval-list=30m', '-range-min-rsi=28', '-range-max-rsi=80', '-range-p-ema=50,250', '-target-margin-list=1.0,1.5,2.0,2.5,3.0,3.5,4.0,4.5,5.0', '-log-level=WARNING']
2023-11-26 20:17:01;UNIUSDT;30m;4.0;200;30;76;100.0;5;87.5;['-batch-training', '-calc-rsi', '-verbose', '-prediction-mode=index', '-interval-list=30m', '-range-min-rsi=28', '-range-max-rsi=80', '-range-p-ema=50,250', '-target-margin-list=1.0,1.5,2.0,2.5,3.0,3.5,4.0,4.5,5.0', '-log-level=WARNING']
2023-11-26 19:44:42;UNIUSDT;30m;4.0;125;30;78;100.0;5;87.5;['-batch-training', '-calc-rsi', '-verbose', '-prediction-mode=index', '-interval-list=30m', '-range-min-rsi=28', '-range-max-rsi=80', '-range-p-ema=50,250', '-target-margin-list=1.0,1.5,2.0,2.5,3.0,3.5,4.0,4.5,5.0', '-log-level=WARNING']
2023-11-26 20:29:53;UNIUSDT;30m;4.0;225;30;76;100.0;5;87.5;['-batch-training', '-calc-rsi', '-verbose', '-prediction-mode=index', '-interval-list=30m', '-range-min-rsi=28', '-range-max-rsi=80', '-range-p-ema=50,250', '-target-margin-list=1.0,1.5,2.0,2.5,3.0,3.5,4.0,4.5,5.0', '-log-level=WARNING']
2023-11-26 20:43:45;UNIUSDT;30m;4.0;250;30;78;100.0;5;87.5;['-batch-training', '-calc-rsi', '-verbose', '-prediction-mode=index', '-interval-list=30m', '-range-min-rsi=28', '-range-max-rsi=80', '-range-p-ema=50,250', '-target-margin-list=1.0,1.5,2.0,2.5,3.0,3.5,4.0,4.5,5.0', '-log-level=WARNING']
2023-11-26 19:32:53;UNIUSDT;30m;4.0;100;28;76;100.0;5;87.53;['-batch-training', '-calc-rsi', '-verbose', '-prediction-mode=index', '-interval-list=30m', '-range-min-rsi=28', '-range-max-rsi=80', '-range-p-ema=50,250', '-target-margin-list=1.0,1.5,2.0,2.5,3.0,3.5,4.0,4.5,5.0', '-log-level=WARNING']
2023-11-26 20:05:28;UNIUSDT;30m;4.0;175;28;74;100.0;5;87.53;['-batch-training', '-calc-rsi', '-verbose', '-prediction-mode=index', '-interval-list=30m', '-range-min-rsi=28', '-range-max-rsi=80', '-range-p-ema=50,250', '-target-margin-list=1.0,1.5,2.0,2.5,3.0,3.5,4.0,4.5,5.0', '-log-level=WARNING']
2023-11-26 20:29:50;UNIUSDT;30m;4.0;225;28;76;100.0;5;87.53;['-batch-training', '-calc-rsi', '-verbose', '-prediction-mode=index', '-interval-list=30m', '-range-min-rsi=28', '-range-max-rsi=80', '-range-p-ema=50,250', '-target-margin-list=1.0,1.5,2.0,2.5,3.0,3.5,4.0,4.5,5.0', '-log-level=WARNING']
2023-11-26 20:58:11;UNIUSDT;30m;4.0;50;28;78;100.0;5;87.53;['-batch-training', '-calc-rsi', '-verbose', '-prediction-mode=index', '-interval-list=30m', '-range-min-rsi=28', '-range-max-rsi=80', '-range-p-ema=50,250', '-target-margin-list=1.0,1.5,2.0,2.5,3.0,3.5,4.0,4.5,5.0', '-log-level=WARNING']
2023-11-26 20:43:42;UNIUSDT;30m;4.0;250;28;78;100.0;5;87.53;['-batch-training', '-calc-rsi', '-verbose', '-prediction-mode=index', '-interval-list=30m', '-range-min-rsi=28', '-range-max-rsi=80', '-range-p-ema=50,250', '-target-margin-list=1.0,1.5,2.0,2.5,3.0,3.5,4.0,4.5,5.0', '-log-level=WARNING']
2023-11-26 19:55:21;UNIUSDT;30m;4.0;150;28;74;100.0;5;87.53;['-batch-training', '-calc-rsi', '-verbose', '-prediction-mode=index', '-interval-list=30m', '-range-min-rsi=28', '-range-max-rsi=80', '-range-p-ema=50,250', '-target-margin-list=1.0,1.5,2.0,2.5,3.0,3.5,4.0,4.5,5.0', '-log-level=WARNING']
2023-11-26 20:17:13;UNIUSDT;30m;4.0;200;28;78;100.0;5;87.53;['-batch-training', '-calc-rsi', '-verbose', '-prediction-mode=index', '-interval-list=30m', '-range-min-rsi=28', '-range-max-rsi=80', '-range-p-ema=50,250', '-target-margin-list=1.0,1.5,2.0,2.5,3.0,3.5,4.0,4.5,5.0', '-log-level=WARNING']
2023-11-26 20:16:57;UNIUSDT;30m;4.0;200;28;76;100.0;5;87.53;['-batch-training', '-calc-rsi', '-verbose', '-prediction-mode=index', '-interval-list=30m', '-range-min-rsi=28', '-range-max-rsi=80', '-range-p-ema=50,250', '-target-margin-list=1.0,1.5,2.0,2.5,3.0,3.5,4.0,4.5,5.0', '-log-level=WARNING']
2023-11-26 19:55:35;UNIUSDT;30m;4.0;150;28;76;100.0;5;87.53;['-batch-training', '-calc-rsi', '-verbose', '-prediction-mode=index', '-interval-list=30m', '-range-min-rsi=28', '-range-max-rsi=80', '-range-p-ema=50,250', '-target-margin-list=1.0,1.5,2.0,2.5,3.0,3.5,4.0,4.5,5.0', '-log-level=WARNING']
2023-11-26 21:13:19;UNIUSDT;30m;4.0;75;28;74;100.0;5;87.53;['-batch-training', '-calc-rsi', '-verbose', '-prediction-mode=index', '-interval-list=30m', '-range-min-rsi=28', '-range-max-rsi=80', '-range-p-ema=50,250', '-target-margin-list=1.0,1.5,2.0,2.5,3.0,3.5,4.0,4.5,5.0', '-log-level=WARNING']
2023-11-26 20:57:51;UNIUSDT;30m;4.0;50;28;76;100.0;5;87.53;['-batch-training', '-calc-rsi', '-verbose', '-prediction-mode=index', '-interval-list=30m', '-range-min-rsi=28', '-range-max-rsi=80', '-range-p-ema=50,250', '-target-margin-list=1.0,1.5,2.0,2.5,3.0,3.5,4.0,4.5,5.0', '-log-level=WARNING']
2023-11-26 19:55:49;UNIUSDT;30m;4.0;150;28;78;100.0;5;87.53;['-batch-training', '-calc-rsi', '-verbose', '-prediction-mode=index', '-interval-list=30m', '-range-min-rsi=28', '-range-max-rsi=80', '-range-p-ema=50,250', '-target-margin-list=1.0,1.5,2.0,2.5,3.0,3.5,4.0,4.5,5.0', '-log-level=WARNING']
2023-11-26 19:32:38;UNIUSDT;30m;4.0;100;28;74;100.0;5;87.53;['-batch-training', '-calc-rsi', '-verbose', '-prediction-mode=index', '-interval-list=30m', '-range-min-rsi=28', '-range-max-rsi=80', '-range-p-ema=50,250', '-target-margin-list=1.0,1.5,2.0,2.5,3.0,3.5,4.0,4.5,5.0', '-log-level=WARNING']
2023-11-26 20:05:54;UNIUSDT;30m;4.0;175;28;78;100.0;5;87.53;['-batch-training', '-calc-rsi', '-verbose', '-prediction-mode=index', '-interval-list=30m', '-range-min-rsi=28', '-range-max-rsi=80', '-range-p-ema=50,250', '-target-margin-list=1.0,1.5,2.0,2.5,3.0,3.5,4.0,4.5,5.0', '-log-level=WARNING']
2023-11-26 21:13:56;UNIUSDT;30m;4.0;75;28;78;100.0;5;87.53;['-batch-training', '-calc-rsi', '-verbose', '-prediction-mode=index', '-interval-list=30m', '-range-min-rsi=28', '-range-max-rsi=80', '-range-p-ema=50,250', '-target-margin-list=1.0,1.5,2.0,2.5,3.0,3.5,4.0,4.5,5.0', '-log-level=WARNING']
2023-11-26 20:30:08;UNIUSDT;30m;4.0;225;28;78;100.0;5;87.53;['-batch-training', '-calc-rsi', '-verbose', '-prediction-mode=index', '-interval-list=30m', '-range-min-rsi=28', '-range-max-rsi=80', '-range-p-ema=50,250', '-target-margin-list=1.0,1.5,2.0,2.5,3.0,3.5,4.0,4.5,5.0', '-log-level=WARNING']
2023-11-26 20:43:23;UNIUSDT;30m;4.0;250;28;76;100.0;5;87.53;['-batch-training', '-calc-rsi', '-verbose', '-prediction-mode=index', '-interval-list=30m', '-range-min-rsi=28', '-range-max-rsi=80', '-range-p-ema=50,250', '-target-margin-list=1.0,1.5,2.0,2.5,3.0,3.5,4.0,4.5,5.0', '-log-level=WARNING']
2023-11-26 21:13:39;UNIUSDT;30m;4.0;75;28;76;100.0;5;87.53;['-batch-training', '-calc-rsi', '-verbose', '-prediction-mode=index', '-interval-list=30m', '-range-min-rsi=28', '-range-max-rsi=80', '-range-p-ema=50,250', '-target-margin-list=1.0,1.5,2.0,2.5,3.0,3.5,4.0,4.5,5.0', '-log-level=WARNING']
2023-11-26 19:44:09;UNIUSDT;30m;4.0;125;28;74;100.0;5;87.53;['-batch-training', '-calc-rsi', '-verbose', '-prediction-mode=index', '-interval-list=30m', '-range-min-rsi=28', '-range-max-rsi=80', '-range-p-ema=50,250', '-target-margin-list=1.0,1.5,2.0,2.5,3.0,3.5,4.0,4.5,5.0', '-log-level=WARNING']
2023-11-26 20:05:41;UNIUSDT;30m;4.0;175;28;76;100.0;5;87.53;['-batch-training', '-calc-rsi', '-verbose', '-prediction-mode=index', '-interval-list=30m', '-range-min-rsi=28', '-range-max-rsi=80', '-range-p-ema=50,250', '-target-margin-list=1.0,1.5,2.0,2.5,3.0,3.5,4.0,4.5,5.0', '-log-level=WARNING']
2023-11-26 19:44:39;UNIUSDT;30m;4.0;125;28;78;100.0;5;87.53;['-batch-training', '-calc-rsi', '-verbose', '-prediction-mode=index', '-interval-list=30m', '-range-min-rsi=28', '-range-max-rsi=80', '-range-p-ema=50,250', '-target-margin-list=1.0,1.5,2.0,2.5,3.0,3.5,4.0,4.5,5.0', '-log-level=WARNING']
2023-11-26 20:29:33;UNIUSDT;30m;4.0;225;28;74;100.0;5;87.53;['-batch-training', '-calc-rsi', '-verbose', '-prediction-mode=index', '-interval-list=30m', '-range-min-rsi=28', '-range-max-rsi=80', '-range-p-ema=50,250', '-target-margin-list=1.0,1.5,2.0,2.5,3.0,3.5,4.0,4.5,5.0', '-log-level=WARNING']
2023-11-26 19:44:24;UNIUSDT;30m;4.0;125;28;76;100.0;5;87.53;['-batch-training', '-calc-rsi', '-verbose', '-prediction-mode=index', '-interval-list=30m', '-range-min-rsi=28', '-range-max-rsi=80', '-range-p-ema=50,250', '-target-margin-list=1.0,1.5,2.0,2.5,3.0,3.5,4.0,4.5,5.0', '-log-level=WARNING']
2023-11-26 20:57:31;UNIUSDT;30m;4.0;50;28;74;100.0;5;87.53;['-batch-training', '-calc-rsi', '-verbose', '-prediction-mode=index', '-interval-list=30m', '-range-min-rsi=28', '-range-max-rsi=80', '-range-p-ema=50,250', '-target-margin-list=1.0,1.5,2.0,2.5,3.0,3.5,4.0,4.5,5.0', '-log-level=WARNING']
2023-11-26 19:33:08;UNIUSDT;30m;4.0;100;28;78;100.0;5;87.53;['-batch-training', '-calc-rsi', '-verbose', '-prediction-mode=index', '-interval-list=30m', '-range-min-rsi=28', '-range-max-rsi=80', '-range-p-ema=50,250', '-target-margin-list=1.0,1.5,2.0,2.5,3.0,3.5,4.0,4.5,5.0', '-log-level=WARNING']
2023-11-26 20:16:41;UNIUSDT;30m;4.0;200;28;74;100.0;5;87.53;['-batch-training', '-calc-rsi', '-verbose', '-prediction-mode=index', '-interval-list=30m', '-range-min-rsi=28', '-range-max-rsi=80', '-range-p-ema=50,250', '-target-margin-list=1.0,1.5,2.0,2.5,3.0,3.5,4.0,4.5,5.0', '-log-level=WARNING']
2023-11-26 20:43:04;UNIUSDT;30m;4.0;250;28;74;100.0;5;87.53;['-batch-training', '-calc-rsi', '-verbose', '-prediction-mode=index', '-interval-list=30m', '-range-min-rsi=28', '-range-max-rsi=80', '-range-p-ema=50,250', '-target-margin-list=1.0,1.5,2.0,2.5,3.0,3.5,4.0,4.5,5.0', '-log-level=WARNING']
2023-11-26 20:37:16;UNIUSDT;30m;2.0;250;28;76;100.0;6;87.59;['-batch-training', '-calc-rsi', '-verbose', '-prediction-mode=index', '-interval-list=30m', '-range-min-rsi=28', '-range-max-rsi=80', '-range-p-ema=50,250', '-target-margin-list=1.0,1.5,2.0,2.5,3.0,3.5,4.0,4.5,5.0', '-log-level=WARNING']
2023-11-26 20:47:41;UNIUSDT;30m;1.0;50;36;72;100.0;3;87.61;['-batch-training', '-calc-rsi', '-verbose', '-prediction-mode=index', '-interval-list=30m', '-range-min-rsi=28', '-range-max-rsi=80', '-range-p-ema=50,250', '-target-margin-list=1.0,1.5,2.0,2.5,3.0,3.5,4.0,4.5,5.0', '-log-level=WARNING']
2023-11-26 21:02:29;UNIUSDT;30m;1.0;75;36;72;100.0;3;87.61;['-batch-training', '-calc-rsi', '-verbose', '-prediction-mode=index', '-interval-list=30m', '-range-min-rsi=28', '-range-max-rsi=80', '-range-p-ema=50,250', '-target-margin-list=1.0,1.5,2.0,2.5,3.0,3.5,4.0,4.5,5.0', '-log-level=WARNING']
2023-11-26 20:40:06;UNIUSDT;30m;3.0;250;32;74;100.0;5;87.7;['-batch-training', '-calc-rsi', '-verbose', '-prediction-mode=index', '-interval-list=30m', '-range-min-rsi=28', '-range-max-rsi=80', '-range-p-ema=50,250', '-target-margin-list=1.0,1.5,2.0,2.5,3.0,3.5,4.0,4.5,5.0', '-log-level=WARNING']
2023-11-26 20:38:17;UNIUSDT;30m;2.5;250;32;72;100.0;6;87.79;['-batch-training', '-calc-rsi', '-verbose', '-prediction-mode=index', '-interval-list=30m', '-range-min-rsi=28', '-range-max-rsi=80', '-range-p-ema=50,250', '-target-margin-list=1.0,1.5,2.0,2.5,3.0,3.5,4.0,4.5,5.0', '-log-level=WARNING']
2023-11-26 20:19:16;UNIUSDT;30m;5.0;200;32;72;100.0;5;87.84;['-batch-training', '-calc-rsi', '-verbose', '-prediction-mode=index', '-interval-list=30m', '-range-min-rsi=28', '-range-max-rsi=80', '-range-p-ema=50,250', '-target-margin-list=1.0,1.5,2.0,2.5,3.0,3.5,4.0,4.5,5.0', '-log-level=WARNING']
2023-11-26 21:16:03;UNIUSDT;30m;5.0;75;32;72;100.0;5;87.84;['-batch-training', '-calc-rsi', '-verbose', '-prediction-mode=index', '-interval-list=30m', '-range-min-rsi=28', '-range-max-rsi=80', '-range-p-ema=50,250', '-target-margin-list=1.0,1.5,2.0,2.5,3.0,3.5,4.0,4.5,5.0', '-log-level=WARNING']
2023-11-26 19:46:33;UNIUSDT;30m;5.0;125;32;72;100.0;5;87.84;['-batch-training', '-calc-rsi', '-verbose', '-prediction-mode=index', '-interval-list=30m', '-range-min-rsi=28', '-range-max-rsi=80', '-range-p-ema=50,250', '-target-margin-list=1.0,1.5,2.0,2.5,3.0,3.5,4.0,4.5,5.0', '-log-level=WARNING']
2023-11-26 21:00:39;UNIUSDT;30m;5.0;50;32;72;100.0;5;87.84;['-batch-training', '-calc-rsi', '-verbose', '-prediction-mode=index', '-interval-list=30m', '-range-min-rsi=28', '-range-max-rsi=80', '-range-p-ema=50,250', '-target-margin-list=1.0,1.5,2.0,2.5,3.0,3.5,4.0,4.5,5.0', '-log-level=WARNING']
2023-11-26 19:34:58;UNIUSDT;30m;5.0;100;32;72;100.0;5;87.84;['-batch-training', '-calc-rsi', '-verbose', '-prediction-mode=index', '-interval-list=30m', '-range-min-rsi=28', '-range-max-rsi=80', '-range-p-ema=50,250', '-target-margin-list=1.0,1.5,2.0,2.5,3.0,3.5,4.0,4.5,5.0', '-log-level=WARNING']
2023-11-26 19:57:30;UNIUSDT;30m;5.0;150;32;72;100.0;5;87.84;['-batch-training', '-calc-rsi', '-verbose', '-prediction-mode=index', '-interval-list=30m', '-range-min-rsi=28', '-range-max-rsi=80', '-range-p-ema=50,250', '-target-margin-list=1.0,1.5,2.0,2.5,3.0,3.5,4.0,4.5,5.0', '-log-level=WARNING']
2023-11-26 20:32:18;UNIUSDT;30m;5.0;225;32;72;100.0;5;87.84;['-batch-training', '-calc-rsi', '-verbose', '-prediction-mode=index', '-interval-list=30m', '-range-min-rsi=28', '-range-max-rsi=80', '-range-p-ema=50,250', '-target-margin-list=1.0,1.5,2.0,2.5,3.0,3.5,4.0,4.5,5.0', '-log-level=WARNING']
2023-11-26 20:45:59;UNIUSDT;30m;5.0;250;32;72;100.0;5;87.84;['-batch-training', '-calc-rsi', '-verbose', '-prediction-mode=index', '-interval-list=30m', '-range-min-rsi=28', '-range-max-rsi=80', '-range-p-ema=50,250', '-target-margin-list=1.0,1.5,2.0,2.5,3.0,3.5,4.0,4.5,5.0', '-log-level=WARNING']
2023-11-26 20:07:32;UNIUSDT;30m;5.0;175;32;72;100.0;5;87.84;['-batch-training', '-calc-rsi', '-verbose', '-prediction-mode=index', '-interval-list=30m', '-range-min-rsi=28', '-range-max-rsi=80', '-range-p-ema=50,250', '-target-margin-list=1.0,1.5,2.0,2.5,3.0,3.5,4.0,4.5,5.0', '-log-level=WARNING']
2023-11-26 20:11:34;UNIUSDT;30m;2.0;200;28;76;100.0;6;87.87;['-batch-training', '-calc-rsi', '-verbose', '-prediction-mode=index', '-interval-list=30m', '-range-min-rsi=28', '-range-max-rsi=80', '-range-p-ema=50,250', '-target-margin-list=1.0,1.5,2.0,2.5,3.0,3.5,4.0,4.5,5.0', '-log-level=WARNING']
2023-11-26 19:50:51;UNIUSDT;30m;2.0;150;28;76;100.0;6;87.87;['-batch-training', '-calc-rsi', '-verbose', '-prediction-mode=index', '-interval-list=30m', '-range-min-rsi=28', '-range-max-rsi=80', '-range-p-ema=50,250', '-target-margin-list=1.0,1.5,2.0,2.5,3.0,3.5,4.0,4.5,5.0', '-log-level=WARNING']
2023-11-26 21:06:28;UNIUSDT;30m;2.0;75;28;76;100.0;6;87.87;['-batch-training', '-calc-rsi', '-verbose', '-prediction-mode=index', '-interval-list=30m', '-range-min-rsi=28', '-range-max-rsi=80', '-range-p-ema=50,250', '-target-margin-list=1.0,1.5,2.0,2.5,3.0,3.5,4.0,4.5,5.0', '-log-level=WARNING']
2023-11-26 19:27:50;UNIUSDT;30m;2.0;100;28;76;100.0;6;87.87;['-batch-training', '-calc-rsi', '-verbose', '-prediction-mode=index', '-interval-list=30m', '-range-min-rsi=28', '-range-max-rsi=80', '-range-p-ema=50,250', '-target-margin-list=1.0,1.5,2.0,2.5,3.0,3.5,4.0,4.5,5.0', '-log-level=WARNING']
2023-11-26 20:01:15;UNIUSDT;30m;2.0;175;28;76;100.0;6;87.87;['-batch-training', '-calc-rsi', '-verbose', '-prediction-mode=index', '-interval-list=30m', '-range-min-rsi=28', '-range-max-rsi=80', '-range-p-ema=50,250', '-target-margin-list=1.0,1.5,2.0,2.5,3.0,3.5,4.0,4.5,5.0', '-log-level=WARNING']
2023-11-26 20:24:03;UNIUSDT;30m;2.0;225;28;76;100.0;6;87.87;['-batch-training', '-calc-rsi', '-verbose', '-prediction-mode=index', '-interval-list=30m', '-range-min-rsi=28', '-range-max-rsi=80', '-range-p-ema=50,250', '-target-margin-list=1.0,1.5,2.0,2.5,3.0,3.5,4.0,4.5,5.0', '-log-level=WARNING']
2023-11-26 19:39:19;UNIUSDT;30m;2.0;125;28;76;100.0;6;87.87;['-batch-training', '-calc-rsi', '-verbose', '-prediction-mode=index', '-interval-list=30m', '-range-min-rsi=28', '-range-max-rsi=80', '-range-p-ema=50,250', '-target-margin-list=1.0,1.5,2.0,2.5,3.0,3.5,4.0,4.5,5.0', '-log-level=WARNING']
2023-11-26 20:51:16;UNIUSDT;30m;2.0;50;28;76;100.0;6;87.87;['-batch-training', '-calc-rsi', '-verbose', '-prediction-mode=index', '-interval-list=30m', '-range-min-rsi=28', '-range-max-rsi=80', '-range-p-ema=50,250', '-target-margin-list=1.0,1.5,2.0,2.5,3.0,3.5,4.0,4.5,5.0', '-log-level=WARNING']
2023-11-26 19:27:00;UNIUSDT;30m;1.5;100;36;78;100.0;2;87.91;['-batch-training', '-calc-rsi', '-verbose', '-prediction-mode=index', '-interval-list=30m', '-range-min-rsi=28', '-range-max-rsi=80', '-range-p-ema=50,250', '-target-margin-list=1.0,1.5,2.0,2.5,3.0,3.5,4.0,4.5,5.0', '-log-level=WARNING']
2023-11-26 19:38:29;UNIUSDT;30m;1.5;125;36;78;100.0;2;87.91;['-batch-training', '-calc-rsi', '-verbose', '-prediction-mode=index', '-interval-list=30m', '-range-min-rsi=28', '-range-max-rsi=80', '-range-p-ema=50,250', '-target-margin-list=1.0,1.5,2.0,2.5,3.0,3.5,4.0,4.5,5.0', '-log-level=WARNING']
2023-11-26 19:41:07;UNIUSDT;30m;2.5;125;28;80;100.0;6;88.0;['-batch-training', '-calc-rsi', '-verbose', '-prediction-mode=index', '-interval-list=30m', '-range-min-rsi=28', '-range-max-rsi=80', '-range-p-ema=50,250', '-target-margin-list=1.0,1.5,2.0,2.5,3.0,3.5,4.0,4.5,5.0', '-log-level=WARNING']
2023-11-26 19:52:38;UNIUSDT;30m;2.5;150;28;80;100.0;6;88.0;['-batch-training', '-calc-rsi', '-verbose', '-prediction-mode=index', '-interval-list=30m', '-range-min-rsi=28', '-range-max-rsi=80', '-range-p-ema=50,250', '-target-margin-list=1.0,1.5,2.0,2.5,3.0,3.5,4.0,4.5,5.0', '-log-level=WARNING']
2023-11-26 21:09:01;UNIUSDT;30m;2.5;75;28;80;100.0;6;88.0;['-batch-training', '-calc-rsi', '-verbose', '-prediction-mode=index', '-interval-list=30m', '-range-min-rsi=28', '-range-max-rsi=80', '-range-p-ema=50,250', '-target-margin-list=1.0,1.5,2.0,2.5,3.0,3.5,4.0,4.5,5.0', '-log-level=WARNING']
2023-11-26 20:53:34;UNIUSDT;30m;2.5;50;28;80;100.0;6;88.0;['-batch-training', '-calc-rsi', '-verbose', '-prediction-mode=index', '-interval-list=30m', '-range-min-rsi=28', '-range-max-rsi=80', '-range-p-ema=50,250', '-target-margin-list=1.0,1.5,2.0,2.5,3.0,3.5,4.0,4.5,5.0', '-log-level=WARNING']
2023-11-26 20:13:26;UNIUSDT;30m;2.5;200;28;80;100.0;6;88.0;['-batch-training', '-calc-rsi', '-verbose', '-prediction-mode=index', '-interval-list=30m', '-range-min-rsi=28', '-range-max-rsi=80', '-range-p-ema=50,250', '-target-margin-list=1.0,1.5,2.0,2.5,3.0,3.5,4.0,4.5,5.0', '-log-level=WARNING']
2023-11-26 19:30:14;UNIUSDT;30m;3.0;100;32;74;100.0;5;88.0;['-batch-training', '-calc-rsi', '-verbose', '-prediction-mode=index', '-interval-list=30m', '-range-min-rsi=28', '-range-max-rsi=80', '-range-p-ema=50,250', '-target-margin-list=1.0,1.5,2.0,2.5,3.0,3.5,4.0,4.5,5.0', '-log-level=WARNING']
2023-11-26 19:41:44;UNIUSDT;30m;3.0;125;32;74;100.0;5;88.0;['-batch-training', '-calc-rsi', '-verbose', '-prediction-mode=index', '-interval-list=30m', '-range-min-rsi=28', '-range-max-rsi=80', '-range-p-ema=50,250', '-target-margin-list=1.0,1.5,2.0,2.5,3.0,3.5,4.0,4.5,5.0', '-log-level=WARNING']
2023-11-26 20:54:23;UNIUSDT;30m;3.0;50;32;74;100.0;5;88.0;['-batch-training', '-calc-rsi', '-verbose', '-prediction-mode=index', '-interval-list=30m', '-range-min-rsi=28', '-range-max-rsi=80', '-range-p-ema=50,250', '-target-margin-list=1.0,1.5,2.0,2.5,3.0,3.5,4.0,4.5,5.0', '-log-level=WARNING']
2023-11-26 19:29:38;UNIUSDT;30m;2.5;100;28;80;100.0;6;88.0;['-batch-training', '-calc-rsi', '-verbose', '-prediction-mode=index', '-interval-list=30m', '-range-min-rsi=28', '-range-max-rsi=80', '-range-p-ema=50,250', '-target-margin-list=1.0,1.5,2.0,2.5,3.0,3.5,4.0,4.5,5.0', '-log-level=WARNING']
2023-11-26 21:09:50;UNIUSDT;30m;3.0;75;32;74;100.0;5;88.0;['-batch-training', '-calc-rsi', '-verbose', '-prediction-mode=index', '-interval-list=30m', '-range-min-rsi=28', '-range-max-rsi=80', '-range-p-ema=50,250', '-target-margin-list=1.0,1.5,2.0,2.5,3.0,3.5,4.0,4.5,5.0', '-log-level=WARNING']
2023-11-26 20:26:04;UNIUSDT;30m;2.5;225;28;80;100.0;6;88.0;['-batch-training', '-calc-rsi', '-verbose', '-prediction-mode=index', '-interval-list=30m', '-range-min-rsi=28', '-range-max-rsi=80', '-range-p-ema=50,250', '-target-margin-list=1.0,1.5,2.0,2.5,3.0,3.5,4.0,4.5,5.0', '-log-level=WARNING']
2023-11-26 20:39:22;UNIUSDT;30m;2.5;250;28;80;100.0;6;88.0;['-batch-training', '-calc-rsi', '-verbose', '-prediction-mode=index', '-interval-list=30m', '-range-min-rsi=28', '-range-max-rsi=80', '-range-p-ema=50,250', '-target-margin-list=1.0,1.5,2.0,2.5,3.0,3.5,4.0,4.5,5.0', '-log-level=WARNING']
2023-11-26 20:02:49;UNIUSDT;30m;2.5;175;28;80;100.0;6;88.0;['-batch-training', '-calc-rsi', '-verbose', '-prediction-mode=index', '-interval-list=30m', '-range-min-rsi=28', '-range-max-rsi=80', '-range-p-ema=50,250', '-target-margin-list=1.0,1.5,2.0,2.5,3.0,3.5,4.0,4.5,5.0', '-log-level=WARNING']
2023-11-26 19:41:47;UNIUSDT;30m;3.0;125;34;74;100.0;5;88.04;['-batch-training', '-calc-rsi', '-verbose', '-prediction-mode=index', '-interval-list=30m', '-range-min-rsi=28', '-range-max-rsi=80', '-range-p-ema=50,250', '-target-margin-list=1.0,1.5,2.0,2.5,3.0,3.5,4.0,4.5,5.0', '-log-level=WARNING']
2023-11-26 19:30:17;UNIUSDT;30m;3.0;100;34;74;100.0;5;88.04;['-batch-training', '-calc-rsi', '-verbose', '-prediction-mode=index', '-interval-list=30m', '-range-min-rsi=28', '-range-max-rsi=80', '-range-p-ema=50,250', '-target-margin-list=1.0,1.5,2.0,2.5,3.0,3.5,4.0,4.5,5.0', '-log-level=WARNING']
2023-11-26 20:54:27;UNIUSDT;30m;3.0;50;34;74;100.0;5;88.04;['-batch-training', '-calc-rsi', '-verbose', '-prediction-mode=index', '-interval-list=30m', '-range-min-rsi=28', '-range-max-rsi=80', '-range-p-ema=50,250', '-target-margin-list=1.0,1.5,2.0,2.5,3.0,3.5,4.0,4.5,5.0', '-log-level=WARNING']
2023-11-26 21:09:55;UNIUSDT;30m;3.0;75;34;74;100.0;5;88.04;['-batch-training', '-calc-rsi', '-verbose', '-prediction-mode=index', '-interval-list=30m', '-range-min-rsi=28', '-range-max-rsi=80', '-range-p-ema=50,250', '-target-margin-list=1.0,1.5,2.0,2.5,3.0,3.5,4.0,4.5,5.0', '-log-level=WARNING']
2023-11-26 20:26:31;UNIUSDT;30m;3.0;225;34;72;100.0;5;88.05;['-batch-training', '-calc-rsi', '-verbose', '-prediction-mode=index', '-interval-list=30m', '-range-min-rsi=28', '-range-max-rsi=80', '-range-p-ema=50,250', '-target-margin-list=1.0,1.5,2.0,2.5,3.0,3.5,4.0,4.5,5.0', '-log-level=WARNING']
2023-11-26 21:07:42;UNIUSDT;30m;2.5;75;32;72;100.0;6;88.09;['-batch-training', '-calc-rsi', '-verbose', '-prediction-mode=index', '-interval-list=30m', '-range-min-rsi=28', '-range-max-rsi=80', '-range-p-ema=50,250', '-target-margin-list=1.0,1.5,2.0,2.5,3.0,3.5,4.0,4.5,5.0', '-log-level=WARNING']
2023-11-26 19:28:44;UNIUSDT;30m;2.5;100;32;72;100.0;6;88.09;['-batch-training', '-calc-rsi', '-verbose', '-prediction-mode=index', '-interval-list=30m', '-range-min-rsi=28', '-range-max-rsi=80', '-range-p-ema=50,250', '-target-margin-list=1.0,1.5,2.0,2.5,3.0,3.5,4.0,4.5,5.0', '-log-level=WARNING']
2023-11-26 19:40:12;UNIUSDT;30m;2.5;125;32;72;100.0;6;88.09;['-batch-training', '-calc-rsi', '-verbose', '-prediction-mode=index', '-interval-list=30m', '-range-min-rsi=28', '-range-max-rsi=80', '-range-p-ema=50,250', '-target-margin-list=1.0,1.5,2.0,2.5,3.0,3.5,4.0,4.5,5.0', '-log-level=WARNING']
2023-11-26 20:52:23;UNIUSDT;30m;2.5;50;32;72;100.0;6;88.09;['-batch-training', '-calc-rsi', '-verbose', '-prediction-mode=index', '-interval-list=30m', '-range-min-rsi=28', '-range-max-rsi=80', '-range-p-ema=50,250', '-target-margin-list=1.0,1.5,2.0,2.5,3.0,3.5,4.0,4.5,5.0', '-log-level=WARNING']
2023-11-26 20:37:33;UNIUSDT;30m;2.0;250;28;78;100.0;6;88.2;['-batch-training', '-calc-rsi', '-verbose', '-prediction-mode=index', '-interval-list=30m', '-range-min-rsi=28', '-range-max-rsi=80', '-range-p-ema=50,250', '-target-margin-list=1.0,1.5,2.0,2.5,3.0,3.5,4.0,4.5,5.0', '-log-level=WARNING']
2023-11-26 20:07:29;UNIUSDT;30m;5.0;175;30;72;100.0;5;88.2;['-batch-training', '-calc-rsi', '-verbose', '-prediction-mode=index', '-interval-list=30m', '-range-min-rsi=28', '-range-max-rsi=80', '-range-p-ema=50,250', '-target-margin-list=1.0,1.5,2.0,2.5,3.0,3.5,4.0,4.5,5.0', '-log-level=WARNING']
2023-11-26 21:00:35;UNIUSDT;30m;5.0;50;30;72;100.0;5;88.2;['-batch-training', '-calc-rsi', '-verbose', '-prediction-mode=index', '-interval-list=30m', '-range-min-rsi=28', '-range-max-rsi=80', '-range-p-ema=50,250', '-target-margin-list=1.0,1.5,2.0,2.5,3.0,3.5,4.0,4.5,5.0', '-log-level=WARNING']
2023-11-26 21:16:00;UNIUSDT;30m;5.0;75;30;72;100.0;5;88.2;['-batch-training', '-calc-rsi', '-verbose', '-prediction-mode=index', '-interval-list=30m', '-range-min-rsi=28', '-range-max-rsi=80', '-range-p-ema=50,250', '-target-margin-list=1.0,1.5,2.0,2.5,3.0,3.5,4.0,4.5,5.0', '-log-level=WARNING']
2023-11-26 19:46:30;UNIUSDT;30m;5.0;125;30;72;100.0;5;88.2;['-batch-training', '-calc-rsi', '-verbose', '-prediction-mode=index', '-interval-list=30m', '-range-min-rsi=28', '-range-max-rsi=80', '-range-p-ema=50,250', '-target-margin-list=1.0,1.5,2.0,2.5,3.0,3.5,4.0,4.5,5.0', '-log-level=WARNING']
2023-11-26 20:32:14;UNIUSDT;30m;5.0;225;30;72;100.0;5;88.2;['-batch-training', '-calc-rsi', '-verbose', '-prediction-mode=index', '-interval-list=30m', '-range-min-rsi=28', '-range-max-rsi=80', '-range-p-ema=50,250', '-target-margin-list=1.0,1.5,2.0,2.5,3.0,3.5,4.0,4.5,5.0', '-log-level=WARNING']
2023-11-26 20:19:13;UNIUSDT;30m;5.0;200;30;72;100.0;5;88.2;['-batch-training', '-calc-rsi', '-verbose', '-prediction-mode=index', '-interval-list=30m', '-range-min-rsi=28', '-range-max-rsi=80', '-range-p-ema=50,250', '-target-margin-list=1.0,1.5,2.0,2.5,3.0,3.5,4.0,4.5,5.0', '-log-level=WARNING']
2023-11-26 19:34:55;UNIUSDT;30m;5.0;100;30;72;100.0;5;88.2;['-batch-training', '-calc-rsi', '-verbose', '-prediction-mode=index', '-interval-list=30m', '-range-min-rsi=28', '-range-max-rsi=80', '-range-p-ema=50,250', '-target-margin-list=1.0,1.5,2.0,2.5,3.0,3.5,4.0,4.5,5.0', '-log-level=WARNING']
2023-11-26 19:57:28;UNIUSDT;30m;5.0;150;30;72;100.0;5;88.2;['-batch-training', '-calc-rsi', '-verbose', '-prediction-mode=index', '-interval-list=30m', '-range-min-rsi=28', '-range-max-rsi=80', '-range-p-ema=50,250', '-target-margin-list=1.0,1.5,2.0,2.5,3.0,3.5,4.0,4.5,5.0', '-log-level=WARNING']
2023-11-26 20:45:55;UNIUSDT;30m;5.0;250;30;72;100.0;5;88.2;['-batch-training', '-calc-rsi', '-verbose', '-prediction-mode=index', '-interval-list=30m', '-range-min-rsi=28', '-range-max-rsi=80', '-range-p-ema=50,250', '-target-margin-list=1.0,1.5,2.0,2.5,3.0,3.5,4.0,4.5,5.0', '-log-level=WARNING']
2023-11-26 20:39:01;UNIUSDT;30m;2.5;250;36;76;100.0;7;88.21;['-batch-training', '-calc-rsi', '-verbose', '-prediction-mode=index', '-interval-list=30m', '-range-min-rsi=28', '-range-max-rsi=80', '-range-p-ema=50,250', '-target-margin-list=1.0,1.5,2.0,2.5,3.0,3.5,4.0,4.5,5.0', '-log-level=WARNING']
2023-11-26 20:38:42;UNIUSDT;30m;2.5;250;36;74;100.0;7;88.21;['-batch-training', '-calc-rsi', '-verbose', '-prediction-mode=index', '-interval-list=30m', '-range-min-rsi=28', '-range-max-rsi=80', '-range-p-ema=50,250', '-target-margin-list=1.0,1.5,2.0,2.5,3.0,3.5,4.0,4.5,5.0', '-log-level=WARNING']
2023-11-26 20:10:31;UNIUSDT;30m;1.5;200;28;78;100.0;6;88.23;['-batch-training', '-calc-rsi', '-verbose', '-prediction-mode=index', '-interval-list=30m', '-range-min-rsi=28', '-range-max-rsi=80', '-range-p-ema=50,250', '-target-margin-list=1.0,1.5,2.0,2.5,3.0,3.5,4.0,4.5,5.0', '-log-level=WARNING']
2023-11-26 19:38:17;UNIUSDT;30m;1.5;125;28;78;100.0;6;88.23;['-batch-training', '-calc-rsi', '-verbose', '-prediction-mode=index', '-interval-list=30m', '-range-min-rsi=28', '-range-max-rsi=80', '-range-p-ema=50,250', '-target-margin-list=1.0,1.5,2.0,2.5,3.0,3.5,4.0,4.5,5.0', '-log-level=WARNING']
2023-11-26 19:26:48;UNIUSDT;30m;1.5;100;28;78;100.0;6;88.23;['-batch-training', '-calc-rsi', '-verbose', '-prediction-mode=index', '-interval-list=30m', '-range-min-rsi=28', '-range-max-rsi=80', '-range-p-ema=50,250', '-target-margin-list=1.0,1.5,2.0,2.5,3.0,3.5,4.0,4.5,5.0', '-log-level=WARNING']
2023-11-26 20:49:59;UNIUSDT;30m;1.5;50;28;78;100.0;6;88.23;['-batch-training', '-calc-rsi', '-verbose', '-prediction-mode=index', '-interval-list=30m', '-range-min-rsi=28', '-range-max-rsi=80', '-range-p-ema=50,250', '-target-margin-list=1.0,1.5,2.0,2.5,3.0,3.5,4.0,4.5,5.0', '-log-level=WARNING']
2023-11-26 19:49:49;UNIUSDT;30m;1.5;150;28;78;100.0;6;88.23;['-batch-training', '-calc-rsi', '-verbose', '-prediction-mode=index', '-interval-list=30m', '-range-min-rsi=28', '-range-max-rsi=80', '-range-p-ema=50,250', '-target-margin-list=1.0,1.5,2.0,2.5,3.0,3.5,4.0,4.5,5.0', '-log-level=WARNING']
2023-11-26 20:22:53;UNIUSDT;30m;1.5;225;28;78;100.0;6;88.23;['-batch-training', '-calc-rsi', '-verbose', '-prediction-mode=index', '-interval-list=30m', '-range-min-rsi=28', '-range-max-rsi=80', '-range-p-ema=50,250', '-target-margin-list=1.0,1.5,2.0,2.5,3.0,3.5,4.0,4.5,5.0', '-log-level=WARNING']
2023-11-26 21:05:01;UNIUSDT;30m;1.5;75;28;78;100.0;6;88.23;['-batch-training', '-calc-rsi', '-verbose', '-prediction-mode=index', '-interval-list=30m', '-range-min-rsi=28', '-range-max-rsi=80', '-range-p-ema=50,250', '-target-margin-list=1.0,1.5,2.0,2.5,3.0,3.5,4.0,4.5,5.0', '-log-level=WARNING']
2023-11-26 20:00:21;UNIUSDT;30m;1.5;175;28;78;100.0;6;88.23;['-batch-training', '-calc-rsi', '-verbose', '-prediction-mode=index', '-interval-list=30m', '-range-min-rsi=28', '-range-max-rsi=80', '-range-p-ema=50,250', '-target-margin-list=1.0,1.5,2.0,2.5,3.0,3.5,4.0,4.5,5.0', '-log-level=WARNING']
2023-11-26 20:23:07;UNIUSDT;30m;1.5;225;36;78;100.0;2;88.32;['-batch-training', '-calc-rsi', '-verbose', '-prediction-mode=index', '-interval-list=30m', '-range-min-rsi=28', '-range-max-rsi=80', '-range-p-ema=50,250', '-target-margin-list=1.0,1.5,2.0,2.5,3.0,3.5,4.0,4.5,5.0', '-log-level=WARNING']
2023-11-26 20:13:09;UNIUSDT;30m;2.5;200;28;78;100.0;5;88.33;['-batch-training', '-calc-rsi', '-verbose', '-prediction-mode=index', '-interval-list=30m', '-range-min-rsi=28', '-range-max-rsi=80', '-range-p-ema=50,250', '-target-margin-list=1.0,1.5,2.0,2.5,3.0,3.5,4.0,4.5,5.0', '-log-level=WARNING']
2023-11-26 20:02:36;UNIUSDT;30m;2.5;175;28;78;100.0;5;88.33;['-batch-training', '-calc-rsi', '-verbose', '-prediction-mode=index', '-interval-list=30m', '-range-min-rsi=28', '-range-max-rsi=80', '-range-p-ema=50,250', '-target-margin-list=1.0,1.5,2.0,2.5,3.0,3.5,4.0,4.5,5.0', '-log-level=WARNING']
2023-11-26 19:52:23;UNIUSDT;30m;2.5;150;28;78;100.0;5;88.33;['-batch-training', '-calc-rsi', '-verbose', '-prediction-mode=index', '-interval-list=30m', '-range-min-rsi=28', '-range-max-rsi=80', '-range-p-ema=50,250', '-target-margin-list=1.0,1.5,2.0,2.5,3.0,3.5,4.0,4.5,5.0', '-log-level=WARNING']
2023-11-26 21:08:39;UNIUSDT;30m;2.5;75;28;78;100.0;5;88.33;['-batch-training', '-calc-rsi', '-verbose', '-prediction-mode=index', '-interval-list=30m', '-range-min-rsi=28', '-range-max-rsi=80', '-range-p-ema=50,250', '-target-margin-list=1.0,1.5,2.0,2.5,3.0,3.5,4.0,4.5,5.0', '-log-level=WARNING']
2023-11-26 20:53:14;UNIUSDT;30m;2.5;50;28;78;100.0;5;88.33;['-batch-training', '-calc-rsi', '-verbose', '-prediction-mode=index', '-interval-list=30m', '-range-min-rsi=28', '-range-max-rsi=80', '-range-p-ema=50,250', '-target-margin-list=1.0,1.5,2.0,2.5,3.0,3.5,4.0,4.5,5.0', '-log-level=WARNING']
2023-11-26 19:40:52;UNIUSDT;30m;2.5;125;28;78;100.0;5;88.33;['-batch-training', '-calc-rsi', '-verbose', '-prediction-mode=index', '-interval-list=30m', '-range-min-rsi=28', '-range-max-rsi=80', '-range-p-ema=50,250', '-target-margin-list=1.0,1.5,2.0,2.5,3.0,3.5,4.0,4.5,5.0', '-log-level=WARNING']
2023-11-26 20:25:46;UNIUSDT;30m;2.5;225;28;78;100.0;5;88.33;['-batch-training', '-calc-rsi', '-verbose', '-prediction-mode=index', '-interval-list=30m', '-range-min-rsi=28', '-range-max-rsi=80', '-range-p-ema=50,250', '-target-margin-list=1.0,1.5,2.0,2.5,3.0,3.5,4.0,4.5,5.0', '-log-level=WARNING']
2023-11-26 19:29:23;UNIUSDT;30m;2.5;100;28;78;100.0;5;88.33;['-batch-training', '-calc-rsi', '-verbose', '-prediction-mode=index', '-interval-list=30m', '-range-min-rsi=28', '-range-max-rsi=80', '-range-p-ema=50,250', '-target-margin-list=1.0,1.5,2.0,2.5,3.0,3.5,4.0,4.5,5.0', '-log-level=WARNING']
2023-11-26 19:31:09;UNIUSDT;30m;3.5;100;28;72;100.0;4;88.38;['-batch-training', '-calc-rsi', '-verbose', '-prediction-mode=index', '-interval-list=30m', '-range-min-rsi=28', '-range-max-rsi=80', '-range-p-ema=50,250', '-target-margin-list=1.0,1.5,2.0,2.5,3.0,3.5,4.0,4.5,5.0', '-log-level=WARNING']
2023-11-26 20:27:48;UNIUSDT;30m;3.5;225;28;72;100.0;4;88.38;['-batch-training', '-calc-rsi', '-verbose', '-prediction-mode=index', '-interval-list=30m', '-range-min-rsi=28', '-range-max-rsi=80', '-range-p-ema=50,250', '-target-margin-list=1.0,1.5,2.0,2.5,3.0,3.5,4.0,4.5,5.0', '-log-level=WARNING']
2023-11-26 20:55:33;UNIUSDT;30m;3.5;50;28;72;100.0;4;88.38;['-batch-training', '-calc-rsi', '-verbose', '-prediction-mode=index', '-interval-list=30m', '-range-min-rsi=28', '-range-max-rsi=80', '-range-p-ema=50,250', '-target-margin-list=1.0,1.5,2.0,2.5,3.0,3.5,4.0,4.5,5.0', '-log-level=WARNING']
2023-11-26 20:15:02;UNIUSDT;30m;3.5;200;28;72;100.0;4;88.38;['-batch-training', '-calc-rsi', '-verbose', '-prediction-mode=index', '-interval-list=30m', '-range-min-rsi=28', '-range-max-rsi=80', '-range-p-ema=50,250', '-target-margin-list=1.0,1.5,2.0,2.5,3.0,3.5,4.0,4.5,5.0', '-log-level=WARNING']
2023-11-26 19:53:59;UNIUSDT;30m;3.5;150;28;72;100.0;4;88.38;['-batch-training', '-calc-rsi', '-verbose', '-prediction-mode=index', '-interval-list=30m', '-range-min-rsi=28', '-range-max-rsi=80', '-range-p-ema=50,250', '-target-margin-list=1.0,1.5,2.0,2.5,3.0,3.5,4.0,4.5,5.0', '-log-level=WARNING']
2023-11-26 19:42:39;UNIUSDT;30m;3.5;125;28;72;100.0;4;88.38;['-batch-training', '-calc-rsi', '-verbose', '-prediction-mode=index', '-interval-list=30m', '-range-min-rsi=28', '-range-max-rsi=80', '-range-p-ema=50,250', '-target-margin-list=1.0,1.5,2.0,2.5,3.0,3.5,4.0,4.5,5.0', '-log-level=WARNING']
2023-11-26 20:04:08;UNIUSDT;30m;3.5;175;28;72;100.0;4;88.38;['-batch-training', '-calc-rsi', '-verbose', '-prediction-mode=index', '-interval-list=30m', '-range-min-rsi=28', '-range-max-rsi=80', '-range-p-ema=50,250', '-target-margin-list=1.0,1.5,2.0,2.5,3.0,3.5,4.0,4.5,5.0', '-log-level=WARNING']
2023-11-26 21:11:08;UNIUSDT;30m;3.5;75;28;72;100.0;4;88.38;['-batch-training', '-calc-rsi', '-verbose', '-prediction-mode=index', '-interval-list=30m', '-range-min-rsi=28', '-range-max-rsi=80', '-range-p-ema=50,250', '-target-margin-list=1.0,1.5,2.0,2.5,3.0,3.5,4.0,4.5,5.0', '-log-level=WARNING']
2023-11-26 21:03:52;UNIUSDT;30m;1.0;75;36;80;100.0;3;88.42;['-batch-training', '-calc-rsi', '-verbose', '-prediction-mode=index', '-interval-list=30m', '-range-min-rsi=28', '-range-max-rsi=80', '-range-p-ema=50,250', '-target-margin-list=1.0,1.5,2.0,2.5,3.0,3.5,4.0,4.5,5.0', '-log-level=WARNING']
2023-11-26 20:48:57;UNIUSDT;30m;1.0;50;36;80;100.0;3;88.42;['-batch-training', '-calc-rsi', '-verbose', '-prediction-mode=index', '-interval-list=30m', '-range-min-rsi=28', '-range-max-rsi=80', '-range-p-ema=50,250', '-target-margin-list=1.0,1.5,2.0,2.5,3.0,3.5,4.0,4.5,5.0', '-log-level=WARNING']
2023-11-26 20:25:43;UNIUSDT;30m;2.5;225;36;76;100.0;7;88.45;['-batch-training', '-calc-rsi', '-verbose', '-prediction-mode=index', '-interval-list=30m', '-range-min-rsi=28', '-range-max-rsi=80', '-range-p-ema=50,250', '-target-margin-list=1.0,1.5,2.0,2.5,3.0,3.5,4.0,4.5,5.0', '-log-level=WARNING']
2023-11-26 20:25:26;UNIUSDT;30m;2.5;225;36;74;100.0;7;88.45;['-batch-training', '-calc-rsi', '-verbose', '-prediction-mode=index', '-interval-list=30m', '-range-min-rsi=28', '-range-max-rsi=80', '-range-p-ema=50,250', '-target-margin-list=1.0,1.5,2.0,2.5,3.0,3.5,4.0,4.5,5.0', '-log-level=WARNING']
2023-11-26 19:39:34;UNIUSDT;30m;2.0;125;28;78;100.0;6;88.48;['-batch-training', '-calc-rsi', '-verbose', '-prediction-mode=index', '-interval-list=30m', '-range-min-rsi=28', '-range-max-rsi=80', '-range-p-ema=50,250', '-target-margin-list=1.0,1.5,2.0,2.5,3.0,3.5,4.0,4.5,5.0', '-log-level=WARNING']
2023-11-26 19:51:06;UNIUSDT;30m;2.0;150;28;78;100.0;6;88.48;['-batch-training', '-calc-rsi', '-verbose', '-prediction-mode=index', '-interval-list=30m', '-range-min-rsi=28', '-range-max-rsi=80', '-range-p-ema=50,250', '-target-margin-list=1.0,1.5,2.0,2.5,3.0,3.5,4.0,4.5,5.0', '-log-level=WARNING']
2023-11-26 20:01:28;UNIUSDT;30m;2.0;175;28;78;100.0;6;88.48;['-batch-training', '-calc-rsi', '-verbose', '-prediction-mode=index', '-interval-list=30m', '-range-min-rsi=28', '-range-max-rsi=80', '-range-p-ema=50,250', '-target-margin-list=1.0,1.5,2.0,2.5,3.0,3.5,4.0,4.5,5.0', '-log-level=WARNING']
2023-11-26 20:51:35;UNIUSDT;30m;2.0;50;28;78;100.0;6;88.48;['-batch-training', '-calc-rsi', '-verbose', '-prediction-mode=index', '-interval-list=30m', '-range-min-rsi=28', '-range-max-rsi=80', '-range-p-ema=50,250', '-target-margin-list=1.0,1.5,2.0,2.5,3.0,3.5,4.0,4.5,5.0', '-log-level=WARNING']
2023-11-26 20:24:20;UNIUSDT;30m;2.0;225;28;78;100.0;6;88.48;['-batch-training', '-calc-rsi', '-verbose', '-prediction-mode=index', '-interval-list=30m', '-range-min-rsi=28', '-range-max-rsi=80', '-range-p-ema=50,250', '-target-margin-list=1.0,1.5,2.0,2.5,3.0,3.5,4.0,4.5,5.0', '-log-level=WARNING']
2023-11-26 19:28:05;UNIUSDT;30m;2.0;100;28;78;100.0;6;88.48;['-batch-training', '-calc-rsi', '-verbose', '-prediction-mode=index', '-interval-list=30m', '-range-min-rsi=28', '-range-max-rsi=80', '-range-p-ema=50,250', '-target-margin-list=1.0,1.5,2.0,2.5,3.0,3.5,4.0,4.5,5.0', '-log-level=WARNING']
2023-11-26 21:06:50;UNIUSDT;30m;2.0;75;28;78;100.0;6;88.48;['-batch-training', '-calc-rsi', '-verbose', '-prediction-mode=index', '-interval-list=30m', '-range-min-rsi=28', '-range-max-rsi=80', '-range-p-ema=50,250', '-target-margin-list=1.0,1.5,2.0,2.5,3.0,3.5,4.0,4.5,5.0', '-log-level=WARNING']
2023-11-26 20:11:50;UNIUSDT;30m;2.0;200;28;78;100.0;6;88.48;['-batch-training', '-calc-rsi', '-verbose', '-prediction-mode=index', '-interval-list=30m', '-range-min-rsi=28', '-range-max-rsi=80', '-range-p-ema=50,250', '-target-margin-list=1.0,1.5,2.0,2.5,3.0,3.5,4.0,4.5,5.0', '-log-level=WARNING']
2023-11-26 20:26:35;UNIUSDT;30m;3.0;225;36;72;100.0;5;88.55;['-batch-training', '-calc-rsi', '-verbose', '-prediction-mode=index', '-interval-list=30m', '-range-min-rsi=28', '-range-max-rsi=80', '-range-p-ema=50,250', '-target-margin-list=1.0,1.5,2.0,2.5,3.0,3.5,4.0,4.5,5.0', '-log-level=WARNING']
2023-11-26 20:09:27;UNIUSDT;30m;1.0;200;36;78;100.0;3;88.58;['-batch-training', '-calc-rsi', '-verbose', '-prediction-mode=index', '-interval-list=30m', '-range-min-rsi=28', '-range-max-rsi=80', '-range-p-ema=50,250', '-target-margin-list=1.0,1.5,2.0,2.5,3.0,3.5,4.0,4.5,5.0', '-log-level=WARNING']
2023-11-26 20:46:07;UNIUSDT;30m;5.0;250;36;72;100.0;4;88.63;['-batch-training', '-calc-rsi', '-verbose', '-prediction-mode=index', '-interval-list=30m', '-range-min-rsi=28', '-range-max-rsi=80', '-range-p-ema=50,250', '-target-margin-list=1.0,1.5,2.0,2.5,3.0,3.5,4.0,4.5,5.0', '-log-level=WARNING']
2023-11-26 20:07:37;UNIUSDT;30m;5.0;175;36;72;100.0;4;88.63;['-batch-training', '-calc-rsi', '-verbose', '-prediction-mode=index', '-interval-list=30m', '-range-min-rsi=28', '-range-max-rsi=80', '-range-p-ema=50,250', '-target-margin-list=1.0,1.5,2.0,2.5,3.0,3.5,4.0,4.5,5.0', '-log-level=WARNING']
2023-11-26 20:32:24;UNIUSDT;30m;5.0;225;36;72;100.0;4;88.63;['-batch-training', '-calc-rsi', '-verbose', '-prediction-mode=index', '-interval-list=30m', '-range-min-rsi=28', '-range-max-rsi=80', '-range-p-ema=50,250', '-target-margin-list=1.0,1.5,2.0,2.5,3.0,3.5,4.0,4.5,5.0', '-log-level=WARNING']
2023-11-26 20:19:23;UNIUSDT;30m;5.0;200;36;72;100.0;4;88.63;['-batch-training', '-calc-rsi', '-verbose', '-prediction-mode=index', '-interval-list=30m', '-range-min-rsi=28', '-range-max-rsi=80', '-range-p-ema=50,250', '-target-margin-list=1.0,1.5,2.0,2.5,3.0,3.5,4.0,4.5,5.0', '-log-level=WARNING']
2023-11-26 20:36:03;UNIUSDT;30m;1.5;250;28;78;100.0;6;88.77;['-batch-training', '-calc-rsi', '-verbose', '-prediction-mode=index', '-interval-list=30m', '-range-min-rsi=28', '-range-max-rsi=80', '-range-p-ema=50,250', '-target-margin-list=1.0,1.5,2.0,2.5,3.0,3.5,4.0,4.5,5.0', '-log-level=WARNING']
2023-11-26 21:04:18;UNIUSDT;30m;1.5;75;28;74;100.0;4;88.84;['-batch-training', '-calc-rsi', '-verbose', '-prediction-mode=index', '-interval-list=30m', '-range-min-rsi=28', '-range-max-rsi=80', '-range-p-ema=50,250', '-target-margin-list=1.0,1.5,2.0,2.5,3.0,3.5,4.0,4.5,5.0', '-log-level=WARNING']
2023-11-26 19:37:45;UNIUSDT;30m;1.5;125;28;74;100.0;4;88.84;['-batch-training', '-calc-rsi', '-verbose', '-prediction-mode=index', '-interval-list=30m', '-range-min-rsi=28', '-range-max-rsi=80', '-range-p-ema=50,250', '-target-margin-list=1.0,1.5,2.0,2.5,3.0,3.5,4.0,4.5,5.0', '-log-level=WARNING']
2023-11-26 19:26:17;UNIUSDT;30m;1.5;100;28;74;100.0;4;88.84;['-batch-training', '-calc-rsi', '-verbose', '-prediction-mode=index', '-interval-list=30m', '-range-min-rsi=28', '-range-max-rsi=80', '-range-p-ema=50,250', '-target-margin-list=1.0,1.5,2.0,2.5,3.0,3.5,4.0,4.5,5.0', '-log-level=WARNING']
2023-11-26 20:22:18;UNIUSDT;30m;1.5;225;28;74;100.0;4;88.84;['-batch-training', '-calc-rsi', '-verbose', '-prediction-mode=index', '-interval-list=30m', '-range-min-rsi=28', '-range-max-rsi=80', '-range-p-ema=50,250', '-target-margin-list=1.0,1.5,2.0,2.5,3.0,3.5,4.0,4.5,5.0', '-log-level=WARNING']
2023-11-26 20:09:59;UNIUSDT;30m;1.5;200;28;74;100.0;4;88.84;['-batch-training', '-calc-rsi', '-verbose', '-prediction-mode=index', '-interval-list=30m', '-range-min-rsi=28', '-range-max-rsi=80', '-range-p-ema=50,250', '-target-margin-list=1.0,1.5,2.0,2.5,3.0,3.5,4.0,4.5,5.0', '-log-level=WARNING']
2023-11-26 20:49:19;UNIUSDT;30m;1.5;50;28;74;100.0;4;88.84;['-batch-training', '-calc-rsi', '-verbose', '-prediction-mode=index', '-interval-list=30m', '-range-min-rsi=28', '-range-max-rsi=80', '-range-p-ema=50,250', '-target-margin-list=1.0,1.5,2.0,2.5,3.0,3.5,4.0,4.5,5.0', '-log-level=WARNING']
2023-11-26 19:49:17;UNIUSDT;30m;1.5;150;28;74;100.0;4;88.84;['-batch-training', '-calc-rsi', '-verbose', '-prediction-mode=index', '-interval-list=30m', '-range-min-rsi=28', '-range-max-rsi=80', '-range-p-ema=50,250', '-target-margin-list=1.0,1.5,2.0,2.5,3.0,3.5,4.0,4.5,5.0', '-log-level=WARNING']
2023-11-26 19:59:53;UNIUSDT;30m;1.5;175;28;74;100.0;4;88.84;['-batch-training', '-calc-rsi', '-verbose', '-prediction-mode=index', '-interval-list=30m', '-range-min-rsi=28', '-range-max-rsi=80', '-range-p-ema=50,250', '-target-margin-list=1.0,1.5,2.0,2.5,3.0,3.5,4.0,4.5,5.0', '-log-level=WARNING']
2023-11-26 20:41:54;UNIUSDT;30m;3.5;250;30;76;100.0;4;88.86;['-batch-training', '-calc-rsi', '-verbose', '-prediction-mode=index', '-interval-list=30m', '-range-min-rsi=28', '-range-max-rsi=80', '-range-p-ema=50,250', '-target-margin-list=1.0,1.5,2.0,2.5,3.0,3.5,4.0,4.5,5.0', '-log-level=WARNING']
2023-11-26 20:41:36;UNIUSDT;30m;3.5;250;30;74;100.0;4;88.86;['-batch-training', '-calc-rsi', '-verbose', '-prediction-mode=index', '-interval-list=30m', '-range-min-rsi=28', '-range-max-rsi=80', '-range-p-ema=50,250', '-target-margin-list=1.0,1.5,2.0,2.5,3.0,3.5,4.0,4.5,5.0', '-log-level=WARNING']
2023-11-26 20:39:04;UNIUSDT;30m;2.5;250;28;78;100.0;5;88.86;['-batch-training', '-calc-rsi', '-verbose', '-prediction-mode=index', '-interval-list=30m', '-range-min-rsi=28', '-range-max-rsi=80', '-range-p-ema=50,250', '-target-margin-list=1.0,1.5,2.0,2.5,3.0,3.5,4.0,4.5,5.0', '-log-level=WARNING']
2023-11-26 19:48:40;UNIUSDT;30m;1.0;150;34;78;100.0;3;88.91;['-batch-training', '-calc-rsi', '-verbose', '-prediction-mode=index', '-interval-list=30m', '-range-min-rsi=28', '-range-max-rsi=80', '-range-p-ema=50,250', '-target-margin-list=1.0,1.5,2.0,2.5,3.0,3.5,4.0,4.5,5.0', '-log-level=WARNING']
2023-11-26 19:37:27;UNIUSDT;30m;1.0;125;36;80;100.0;3;89.06;['-batch-training', '-calc-rsi', '-verbose', '-prediction-mode=index', '-interval-list=30m', '-range-min-rsi=28', '-range-max-rsi=80', '-range-p-ema=50,250', '-target-margin-list=1.0,1.5,2.0,2.5,3.0,3.5,4.0,4.5,5.0', '-log-level=WARNING']
2023-11-26 19:47:50;UNIUSDT;30m;1.0;150;32;72;100.0;7;89.06;['-batch-training', '-calc-rsi', '-verbose', '-prediction-mode=index', '-interval-list=30m', '-range-min-rsi=28', '-range-max-rsi=80', '-range-p-ema=50,250', '-target-margin-list=1.0,1.5,2.0,2.5,3.0,3.5,4.0,4.5,5.0', '-log-level=WARNING']
2023-11-26 19:25:58;UNIUSDT;30m;1.0;100;36;80;100.0;3;89.06;['-batch-training', '-calc-rsi', '-verbose', '-prediction-mode=index', '-interval-list=30m', '-range-min-rsi=28', '-range-max-rsi=80', '-range-p-ema=50,250', '-target-margin-list=1.0,1.5,2.0,2.5,3.0,3.5,4.0,4.5,5.0', '-log-level=WARNING']
2023-11-26 19:48:12;UNIUSDT;30m;1.0;150;36;74;100.0;3;89.08;['-batch-training', '-calc-rsi', '-verbose', '-prediction-mode=index', '-interval-list=30m', '-range-min-rsi=28', '-range-max-rsi=80', '-range-p-ema=50,250', '-target-margin-list=1.0,1.5,2.0,2.5,3.0,3.5,4.0,4.5,5.0', '-log-level=WARNING']
2023-11-26 19:47:53;UNIUSDT;30m;1.0;150;34;72;100.0;3;89.21;['-batch-training', '-calc-rsi', '-verbose', '-prediction-mode=index', '-interval-list=30m', '-range-min-rsi=28', '-range-max-rsi=80', '-range-p-ema=50,250', '-target-margin-list=1.0,1.5,2.0,2.5,3.0,3.5,4.0,4.5,5.0', '-log-level=WARNING']
2023-11-26 20:37:19;UNIUSDT;30m;2.0;250;30;76;100.0;5;89.21;['-batch-training', '-calc-rsi', '-verbose', '-prediction-mode=index', '-interval-list=30m', '-range-min-rsi=28', '-range-max-rsi=80', '-range-p-ema=50,250', '-target-margin-list=1.0,1.5,2.0,2.5,3.0,3.5,4.0,4.5,5.0', '-log-level=WARNING']
2023-11-26 20:25:43;UNIUSDT;30m;2.5;225;36;76;100.0;5;89.24;['-batch-training', '-calc-rsi', '-verbose', '-prediction-mode=index', '-interval-list=30m', '-range-min-rsi=28', '-range-max-rsi=80', '-range-p-ema=50,250', '-target-margin-list=1.0,1.5,2.0,2.5,3.0,3.5,4.0,4.5,5.0', '-log-level=WARNING']
2023-11-26 19:50:17;UNIUSDT;30m;1.5;150;36;80;100.0;2;89.3;['-batch-training', '-calc-rsi', '-verbose', '-prediction-mode=index', '-interval-list=30m', '-range-min-rsi=28', '-range-max-rsi=80', '-range-p-ema=50,250', '-target-margin-list=1.0,1.5,2.0,2.5,3.0,3.5,4.0,4.5,5.0', '-log-level=WARNING']
2023-11-26 20:27:09;UNIUSDT;30m;3.0;225;36;76;100.0;5;89.32;['-batch-training', '-calc-rsi', '-verbose', '-prediction-mode=index', '-interval-list=30m', '-range-min-rsi=28', '-range-max-rsi=80', '-range-p-ema=50,250', '-target-margin-list=1.0,1.5,2.0,2.5,3.0,3.5,4.0,4.5,5.0', '-log-level=WARNING']
2023-11-26 20:35:28;UNIUSDT;30m;1.5;250;28;74;100.0;4;89.38;['-batch-training', '-calc-rsi', '-verbose', '-prediction-mode=index', '-interval-list=30m', '-range-min-rsi=28', '-range-max-rsi=80', '-range-p-ema=50,250', '-target-margin-list=1.0,1.5,2.0,2.5,3.0,3.5,4.0,4.5,5.0', '-log-level=WARNING']
2023-11-26 19:50:53;UNIUSDT;30m;2.0;150;30;76;100.0;5;89.49;['-batch-training', '-calc-rsi', '-verbose', '-prediction-mode=index', '-interval-list=30m', '-range-min-rsi=28', '-range-max-rsi=80', '-range-p-ema=50,250', '-target-margin-list=1.0,1.5,2.0,2.5,3.0,3.5,4.0,4.5,5.0', '-log-level=WARNING']
2023-11-26 20:11:37;UNIUSDT;30m;2.0;200;30;76;100.0;5;89.49;['-batch-training', '-calc-rsi', '-verbose', '-prediction-mode=index', '-interval-list=30m', '-range-min-rsi=28', '-range-max-rsi=80', '-range-p-ema=50,250', '-target-margin-list=1.0,1.5,2.0,2.5,3.0,3.5,4.0,4.5,5.0', '-log-level=WARNING']
2023-11-26 20:24:06;UNIUSDT;30m;2.0;225;30;76;100.0;5;89.49;['-batch-training', '-calc-rsi', '-verbose', '-prediction-mode=index', '-interval-list=30m', '-range-min-rsi=28', '-range-max-rsi=80', '-range-p-ema=50,250', '-target-margin-list=1.0,1.5,2.0,2.5,3.0,3.5,4.0,4.5,5.0', '-log-level=WARNING']
2023-11-26 19:39:22;UNIUSDT;30m;2.0;125;30;76;100.0;5;89.49;['-batch-training', '-calc-rsi', '-verbose', '-prediction-mode=index', '-interval-list=30m', '-range-min-rsi=28', '-range-max-rsi=80', '-range-p-ema=50,250', '-target-margin-list=1.0,1.5,2.0,2.5,3.0,3.5,4.0,4.5,5.0', '-log-level=WARNING']
2023-11-26 21:06:32;UNIUSDT;30m;2.0;75;30;76;100.0;5;89.49;['-batch-training', '-calc-rsi', '-verbose', '-prediction-mode=index', '-interval-list=30m', '-range-min-rsi=28', '-range-max-rsi=80', '-range-p-ema=50,250', '-target-margin-list=1.0,1.5,2.0,2.5,3.0,3.5,4.0,4.5,5.0', '-log-level=WARNING']
2023-11-26 20:51:20;UNIUSDT;30m;2.0;50;30;76;100.0;5;89.49;['-batch-training', '-calc-rsi', '-verbose', '-prediction-mode=index', '-interval-list=30m', '-range-min-rsi=28', '-range-max-rsi=80', '-range-p-ema=50,250', '-target-margin-list=1.0,1.5,2.0,2.5,3.0,3.5,4.0,4.5,5.0', '-log-level=WARNING']
2023-11-26 19:27:53;UNIUSDT;30m;2.0;100;30;76;100.0;5;89.49;['-batch-training', '-calc-rsi', '-verbose', '-prediction-mode=index', '-interval-list=30m', '-range-min-rsi=28', '-range-max-rsi=80', '-range-p-ema=50,250', '-target-margin-list=1.0,1.5,2.0,2.5,3.0,3.5,4.0,4.5,5.0', '-log-level=WARNING']
2023-11-26 20:01:17;UNIUSDT;30m;2.0;175;30;76;100.0;5;89.49;['-batch-training', '-calc-rsi', '-verbose', '-prediction-mode=index', '-interval-list=30m', '-range-min-rsi=28', '-range-max-rsi=80', '-range-p-ema=50,250', '-target-margin-list=1.0,1.5,2.0,2.5,3.0,3.5,4.0,4.5,5.0', '-log-level=WARNING']
2023-11-26 20:36:18;UNIUSDT;30m;1.5;250;36;78;100.0;2;89.51;['-batch-training', '-calc-rsi', '-verbose', '-prediction-mode=index', '-interval-list=30m', '-range-min-rsi=28', '-range-max-rsi=80', '-range-p-ema=50,250', '-target-margin-list=1.0,1.5,2.0,2.5,3.0,3.5,4.0,4.5,5.0', '-log-level=WARNING']
2023-11-26 20:02:10;UNIUSDT;30m;2.5;175;28;74;100.0;4;89.52;['-batch-training', '-calc-rsi', '-verbose', '-prediction-mode=index', '-interval-list=30m', '-range-min-rsi=28', '-range-max-rsi=80', '-range-p-ema=50,250', '-target-margin-list=1.0,1.5,2.0,2.5,3.0,3.5,4.0,4.5,5.0', '-log-level=WARNING']
2023-11-26 20:25:12;UNIUSDT;30m;2.5;225;28;74;100.0;4;89.52;['-batch-training', '-calc-rsi', '-verbose', '-prediction-mode=index', '-interval-list=30m', '-range-min-rsi=28', '-range-max-rsi=80', '-range-p-ema=50,250', '-target-margin-list=1.0,1.5,2.0,2.5,3.0,3.5,4.0,4.5,5.0', '-log-level=WARNING']
2023-11-26 20:52:35;UNIUSDT;30m;2.5;50;28;74;100.0;4;89.52;['-batch-training', '-calc-rsi', '-verbose', '-prediction-mode=index', '-interval-list=30m', '-range-min-rsi=28', '-range-max-rsi=80', '-range-p-ema=50,250', '-target-margin-list=1.0,1.5,2.0,2.5,3.0,3.5,4.0,4.5,5.0', '-log-level=WARNING']
2023-11-26 19:40:21;UNIUSDT;30m;2.5;125;28;74;100.0;4;89.52;['-batch-training', '-calc-rsi', '-verbose', '-prediction-mode=index', '-interval-list=30m', '-range-min-rsi=28', '-range-max-rsi=80', '-range-p-ema=50,250', '-target-margin-list=1.0,1.5,2.0,2.5,3.0,3.5,4.0,4.5,5.0', '-log-level=WARNING']
2023-11-26 20:12:37;UNIUSDT;30m;2.5;200;28;74;100.0;4;89.52;['-batch-training', '-calc-rsi', '-verbose', '-prediction-mode=index', '-interval-list=30m', '-range-min-rsi=28', '-range-max-rsi=80', '-range-p-ema=50,250', '-target-margin-list=1.0,1.5,2.0,2.5,3.0,3.5,4.0,4.5,5.0', '-log-level=WARNING']
2023-11-26 21:07:56;UNIUSDT;30m;2.5;75;28;74;100.0;4;89.52;['-batch-training', '-calc-rsi', '-verbose', '-prediction-mode=index', '-interval-list=30m', '-range-min-rsi=28', '-range-max-rsi=80', '-range-p-ema=50,250', '-target-margin-list=1.0,1.5,2.0,2.5,3.0,3.5,4.0,4.5,5.0', '-log-level=WARNING']
2023-11-26 19:51:53;UNIUSDT;30m;2.5;150;28;74;100.0;4;89.52;['-batch-training', '-calc-rsi', '-verbose', '-prediction-mode=index', '-interval-list=30m', '-range-min-rsi=28', '-range-max-rsi=80', '-range-p-ema=50,250', '-target-margin-list=1.0,1.5,2.0,2.5,3.0,3.5,4.0,4.5,5.0', '-log-level=WARNING']
2023-11-26 19:28:53;UNIUSDT;30m;2.5;100;28;74;100.0;4;89.52;['-batch-training', '-calc-rsi', '-verbose', '-prediction-mode=index', '-interval-list=30m', '-range-min-rsi=28', '-range-max-rsi=80', '-range-p-ema=50,250', '-target-margin-list=1.0,1.5,2.0,2.5,3.0,3.5,4.0,4.5,5.0', '-log-level=WARNING']
2023-11-26 20:39:01;UNIUSDT;30m;2.5;250;36;76;100.0;5;89.53;['-batch-training', '-calc-rsi', '-verbose', '-prediction-mode=index', '-interval-list=30m', '-range-min-rsi=28', '-range-max-rsi=80', '-range-p-ema=50,250', '-target-margin-list=1.0,1.5,2.0,2.5,3.0,3.5,4.0,4.5,5.0', '-log-level=WARNING']
2023-11-26 19:59:23;UNIUSDT;30m;1.0;175;36;78;100.0;3;89.57;['-batch-training', '-calc-rsi', '-verbose', '-prediction-mode=index', '-interval-list=30m', '-range-min-rsi=28', '-range-max-rsi=80', '-range-p-ema=50,250', '-target-margin-list=1.0,1.5,2.0,2.5,3.0,3.5,4.0,4.5,5.0', '-log-level=WARNING']
2023-11-26 21:04:22;UNIUSDT;30m;1.5;75;30;74;100.0;4;89.61;['-batch-training', '-calc-rsi', '-verbose', '-prediction-mode=index', '-interval-list=30m', '-range-min-rsi=28', '-range-max-rsi=80', '-range-p-ema=50,250', '-target-margin-list=1.0,1.5,2.0,2.5,3.0,3.5,4.0,4.5,5.0', '-log-level=WARNING']
2023-11-26 19:26:20;UNIUSDT;30m;1.5;100;30;74;100.0;4;89.61;['-batch-training', '-calc-rsi', '-verbose', '-prediction-mode=index', '-interval-list=30m', '-range-min-rsi=28', '-range-max-rsi=80', '-range-p-ema=50,250', '-target-margin-list=1.0,1.5,2.0,2.5,3.0,3.5,4.0,4.5,5.0', '-log-level=WARNING']
2023-11-26 19:49:21;UNIUSDT;30m;1.5;150;30;74;100.0;4;89.61;['-batch-training', '-calc-rsi', '-verbose', '-prediction-mode=index', '-interval-list=30m', '-range-min-rsi=28', '-range-max-rsi=80', '-range-p-ema=50,250', '-target-margin-list=1.0,1.5,2.0,2.5,3.0,3.5,4.0,4.5,5.0', '-log-level=WARNING']
2023-11-26 19:37:49;UNIUSDT;30m;1.5;125;30;74;100.0;4;89.61;['-batch-training', '-calc-rsi', '-verbose', '-prediction-mode=index', '-interval-list=30m', '-range-min-rsi=28', '-range-max-rsi=80', '-range-p-ema=50,250', '-target-margin-list=1.0,1.5,2.0,2.5,3.0,3.5,4.0,4.5,5.0', '-log-level=WARNING']
2023-11-26 20:49:24;UNIUSDT;30m;1.5;50;30;74;100.0;4;89.61;['-batch-training', '-calc-rsi', '-verbose', '-prediction-mode=index', '-interval-list=30m', '-range-min-rsi=28', '-range-max-rsi=80', '-range-p-ema=50,250', '-target-margin-list=1.0,1.5,2.0,2.5,3.0,3.5,4.0,4.5,5.0', '-log-level=WARNING']
2023-11-26 20:10:43;UNIUSDT;30m;1.5;200;36;78;100.0;2;89.64;['-batch-training', '-calc-rsi', '-verbose', '-prediction-mode=index', '-interval-list=30m', '-range-min-rsi=28', '-range-max-rsi=80', '-range-p-ema=50,250', '-target-margin-list=1.0,1.5,2.0,2.5,3.0,3.5,4.0,4.5,5.0', '-log-level=WARNING']
2023-11-26 19:40:37;UNIUSDT;30m;2.5;125;28;76;100.0;5;89.68;['-batch-training', '-calc-rsi', '-verbose', '-prediction-mode=index', '-interval-list=30m', '-range-min-rsi=28', '-range-max-rsi=80', '-range-p-ema=50,250', '-target-margin-list=1.0,1.5,2.0,2.5,3.0,3.5,4.0,4.5,5.0', '-log-level=WARNING']
2023-11-26 20:25:29;UNIUSDT;30m;2.5;225;28;76;100.0;5;89.68;['-batch-training', '-calc-rsi', '-verbose', '-prediction-mode=index', '-interval-list=30m', '-range-min-rsi=28', '-range-max-rsi=80', '-range-p-ema=50,250', '-target-margin-list=1.0,1.5,2.0,2.5,3.0,3.5,4.0,4.5,5.0', '-log-level=WARNING']
2023-11-26 20:02:22;UNIUSDT;30m;2.5;175;28;76;100.0;5;89.68;['-batch-training', '-calc-rsi', '-verbose', '-prediction-mode=index', '-interval-list=30m', '-range-min-rsi=28', '-range-max-rsi=80', '-range-p-ema=50,250', '-target-margin-list=1.0,1.5,2.0,2.5,3.0,3.5,4.0,4.5,5.0', '-log-level=WARNING']
2023-11-26 19:29:08;UNIUSDT;30m;2.5;100;28;76;100.0;5;89.68;['-batch-training', '-calc-rsi', '-verbose', '-prediction-mode=index', '-interval-list=30m', '-range-min-rsi=28', '-range-max-rsi=80', '-range-p-ema=50,250', '-target-margin-list=1.0,1.5,2.0,2.5,3.0,3.5,4.0,4.5,5.0', '-log-level=WARNING']
2023-11-26 20:52:55;UNIUSDT;30m;2.5;50;28;76;100.0;5;89.68;['-batch-training', '-calc-rsi', '-verbose', '-prediction-mode=index', '-interval-list=30m', '-range-min-rsi=28', '-range-max-rsi=80', '-range-p-ema=50,250', '-target-margin-list=1.0,1.5,2.0,2.5,3.0,3.5,4.0,4.5,5.0', '-log-level=WARNING']
2023-11-26 19:52:08;UNIUSDT;30m;2.5;150;28;76;100.0;5;89.68;['-batch-training', '-calc-rsi', '-verbose', '-prediction-mode=index', '-interval-list=30m', '-range-min-rsi=28', '-range-max-rsi=80', '-range-p-ema=50,250', '-target-margin-list=1.0,1.5,2.0,2.5,3.0,3.5,4.0,4.5,5.0', '-log-level=WARNING']
2023-11-26 20:12:53;UNIUSDT;30m;2.5;200;28;76;100.0;5;89.68;['-batch-training', '-calc-rsi', '-verbose', '-prediction-mode=index', '-interval-list=30m', '-range-min-rsi=28', '-range-max-rsi=80', '-range-p-ema=50,250', '-target-margin-list=1.0,1.5,2.0,2.5,3.0,3.5,4.0,4.5,5.0', '-log-level=WARNING']
2023-11-26 21:08:17;UNIUSDT;30m;2.5;75;28;76;100.0;5;89.68;['-batch-training', '-calc-rsi', '-verbose', '-prediction-mode=index', '-interval-list=30m', '-range-min-rsi=28', '-range-max-rsi=80', '-range-p-ema=50,250', '-target-margin-list=1.0,1.5,2.0,2.5,3.0,3.5,4.0,4.5,5.0', '-log-level=WARNING']
2023-11-26 20:37:19;UNIUSDT;30m;2.0;250;30;76;100.0;7;89.72;['-batch-training', '-calc-rsi', '-verbose', '-prediction-mode=index', '-interval-list=30m', '-range-min-rsi=28', '-range-max-rsi=80', '-range-p-ema=50,250', '-target-margin-list=1.0,1.5,2.0,2.5,3.0,3.5,4.0,4.5,5.0', '-log-level=WARNING']
2023-11-26 21:11:38;UNIUSDT;30m;3.5;75;32;74;100.0;4;89.74;['-batch-training', '-calc-rsi', '-verbose', '-prediction-mode=index', '-interval-list=30m', '-range-min-rsi=28', '-range-max-rsi=80', '-range-p-ema=50,250', '-target-margin-list=1.0,1.5,2.0,2.5,3.0,3.5,4.0,4.5,5.0', '-log-level=WARNING']
2023-11-26 19:31:30;UNIUSDT;30m;3.5;100;32;74;100.0;4;89.74;['-batch-training', '-calc-rsi', '-verbose', '-prediction-mode=index', '-interval-list=30m', '-range-min-rsi=28', '-range-max-rsi=80', '-range-p-ema=50,250', '-target-margin-list=1.0,1.5,2.0,2.5,3.0,3.5,4.0,4.5,5.0', '-log-level=WARNING']
2023-11-26 19:43:00;UNIUSDT;30m;3.5;125;32;74;100.0;4;89.74;['-batch-training', '-calc-rsi', '-verbose', '-prediction-mode=index', '-interval-list=30m', '-range-min-rsi=28', '-range-max-rsi=80', '-range-p-ema=50,250', '-target-margin-list=1.0,1.5,2.0,2.5,3.0,3.5,4.0,4.5,5.0', '-log-level=WARNING']
2023-11-26 19:31:45;UNIUSDT;30m;3.5;100;32;76;100.0;4;89.74;['-batch-training', '-calc-rsi', '-verbose', '-prediction-mode=index', '-interval-list=30m', '-range-min-rsi=28', '-range-max-rsi=80', '-range-p-ema=50,250', '-target-margin-list=1.0,1.5,2.0,2.5,3.0,3.5,4.0,4.5,5.0', '-log-level=WARNING']
2023-11-26 20:56:00;UNIUSDT;30m;3.5;50;32;74;100.0;4;89.74;['-batch-training', '-calc-rsi', '-verbose', '-prediction-mode=index', '-interval-list=30m', '-range-min-rsi=28', '-range-max-rsi=80', '-range-p-ema=50,250', '-target-margin-list=1.0,1.5,2.0,2.5,3.0,3.5,4.0,4.5,5.0', '-log-level=WARNING']
2023-11-26 19:43:15;UNIUSDT;30m;3.5;125;32;76;100.0;4;89.74;['-batch-training', '-calc-rsi', '-verbose', '-prediction-mode=index', '-interval-list=30m', '-range-min-rsi=28', '-range-max-rsi=80', '-range-p-ema=50,250', '-target-margin-list=1.0,1.5,2.0,2.5,3.0,3.5,4.0,4.5,5.0', '-log-level=WARNING']
2023-11-26 20:56:21;UNIUSDT;30m;3.5;50;32;76;100.0;4;89.74;['-batch-training', '-calc-rsi', '-verbose', '-prediction-mode=index', '-interval-list=30m', '-range-min-rsi=28', '-range-max-rsi=80', '-range-p-ema=50,250', '-target-margin-list=1.0,1.5,2.0,2.5,3.0,3.5,4.0,4.5,5.0', '-log-level=WARNING']
2023-11-26 21:11:59;UNIUSDT;30m;3.5;75;32;76;100.0;4;89.74;['-batch-training', '-calc-rsi', '-verbose', '-prediction-mode=index', '-interval-list=30m', '-range-min-rsi=28', '-range-max-rsi=80', '-range-p-ema=50,250', '-target-margin-list=1.0,1.5,2.0,2.5,3.0,3.5,4.0,4.5,5.0', '-log-level=WARNING']
2023-11-26 20:18:00;UNIUSDT;30m;4.5;200;36;72;100.0;5;89.78;['-batch-training', '-calc-rsi', '-verbose', '-prediction-mode=index', '-interval-list=30m', '-range-min-rsi=28', '-range-max-rsi=80', '-range-p-ema=50,250', '-target-margin-list=1.0,1.5,2.0,2.5,3.0,3.5,4.0,4.5,5.0', '-log-level=WARNING']
2023-11-26 20:44:33;UNIUSDT;30m;4.5;250;36;72;100.0;5;89.78;['-batch-training', '-calc-rsi', '-verbose', '-prediction-mode=index', '-interval-list=30m', '-range-min-rsi=28', '-range-max-rsi=80', '-range-p-ema=50,250', '-target-margin-list=1.0,1.5,2.0,2.5,3.0,3.5,4.0,4.5,5.0', '-log-level=WARNING']
2023-11-26 20:06:31;UNIUSDT;30m;4.5;175;36;72;100.0;5;89.78;['-batch-training', '-calc-rsi', '-verbose', '-prediction-mode=index', '-interval-list=30m', '-range-min-rsi=28', '-range-max-rsi=80', '-range-p-ema=50,250', '-target-margin-list=1.0,1.5,2.0,2.5,3.0,3.5,4.0,4.5,5.0', '-log-level=WARNING']
2023-11-26 20:59:07;UNIUSDT;30m;4.5;50;36;72;100.0;5;89.78;['-batch-training', '-calc-rsi', '-verbose', '-prediction-mode=index', '-interval-list=30m', '-range-min-rsi=28', '-range-max-rsi=80', '-range-p-ema=50,250', '-target-margin-list=1.0,1.5,2.0,2.5,3.0,3.5,4.0,4.5,5.0', '-log-level=WARNING']
2023-11-26 21:14:45;UNIUSDT;30m;4.5;75;36;72;100.0;5;89.78;['-batch-training', '-calc-rsi', '-verbose', '-prediction-mode=index', '-interval-list=30m', '-range-min-rsi=28', '-range-max-rsi=80', '-range-p-ema=50,250', '-target-margin-list=1.0,1.5,2.0,2.5,3.0,3.5,4.0,4.5,5.0', '-log-level=WARNING']
2023-11-26 19:33:49;UNIUSDT;30m;4.5;100;36;72;100.0;5;89.78;['-batch-training', '-calc-rsi', '-verbose', '-prediction-mode=index', '-interval-list=30m', '-range-min-rsi=28', '-range-max-rsi=80', '-range-p-ema=50,250', '-target-margin-list=1.0,1.5,2.0,2.5,3.0,3.5,4.0,4.5,5.0', '-log-level=WARNING']
2023-11-26 19:56:27;UNIUSDT;30m;4.5;150;36;72;100.0;5;89.78;['-batch-training', '-calc-rsi', '-verbose', '-prediction-mode=index', '-interval-list=30m', '-range-min-rsi=28', '-range-max-rsi=80', '-range-p-ema=50,250', '-target-margin-list=1.0,1.5,2.0,2.5,3.0,3.5,4.0,4.5,5.0', '-log-level=WARNING']
2023-11-26 20:30:57;UNIUSDT;30m;4.5;225;36;72;100.0;5;89.78;['-batch-training', '-calc-rsi', '-verbose', '-prediction-mode=index', '-interval-list=30m', '-range-min-rsi=28', '-range-max-rsi=80', '-range-p-ema=50,250', '-target-margin-list=1.0,1.5,2.0,2.5,3.0,3.5,4.0,4.5,5.0', '-log-level=WARNING']
2023-11-26 19:45:22;UNIUSDT;30m;4.5;125;36;72;100.0;5;89.78;['-batch-training', '-calc-rsi', '-verbose', '-prediction-mode=index', '-interval-list=30m', '-range-min-rsi=28', '-range-max-rsi=80', '-range-p-ema=50,250', '-target-margin-list=1.0,1.5,2.0,2.5,3.0,3.5,4.0,4.5,5.0', '-log-level=WARNING']
2023-11-26 20:20:48;UNIUSDT;30m;1.0;225;36;72;100.0;3;89.79;['-batch-training', '-calc-rsi', '-verbose', '-prediction-mode=index', '-interval-list=30m', '-range-min-rsi=28', '-range-max-rsi=80', '-range-p-ema=50,250', '-target-margin-list=1.0,1.5,2.0,2.5,3.0,3.5,4.0,4.5,5.0', '-log-level=WARNING']
2023-11-26 20:41:58;UNIUSDT;30m;3.5;250;32;76;100.0;4;89.8;['-batch-training', '-calc-rsi', '-verbose', '-prediction-mode=index', '-interval-list=30m', '-range-min-rsi=28', '-range-max-rsi=80', '-range-p-ema=50,250', '-target-margin-list=1.0,1.5,2.0,2.5,3.0,3.5,4.0,4.5,5.0', '-log-level=WARNING']
2023-11-26 20:41:39;UNIUSDT;30m;3.5;250;32;74;100.0;4;89.8;['-batch-training', '-calc-rsi', '-verbose', '-prediction-mode=index', '-interval-list=30m', '-range-min-rsi=28', '-range-max-rsi=80', '-range-p-ema=50,250', '-target-margin-list=1.0,1.5,2.0,2.5,3.0,3.5,4.0,4.5,5.0', '-log-level=WARNING']
2023-11-26 20:03:16;UNIUSDT;30m;3.0;175;28;74;100.0;2;89.91;['-batch-training', '-calc-rsi', '-verbose', '-prediction-mode=index', '-interval-list=30m', '-range-min-rsi=28', '-range-max-rsi=80', '-range-p-ema=50,250', '-target-margin-list=1.0,1.5,2.0,2.5,3.0,3.5,4.0,4.5,5.0', '-log-level=WARNING']
2023-11-26 19:30:08;UNIUSDT;30m;3.0;100;28;74;100.0;2;89.91;['-batch-training', '-calc-rsi', '-verbose', '-prediction-mode=index', '-interval-list=30m', '-range-min-rsi=28', '-range-max-rsi=80', '-range-p-ema=50,250', '-target-margin-list=1.0,1.5,2.0,2.5,3.0,3.5,4.0,4.5,5.0', '-log-level=WARNING']
2023-11-26 20:26:38;UNIUSDT;30m;3.0;225;28;74;100.0;2;89.91;['-batch-training', '-calc-rsi', '-verbose', '-prediction-mode=index', '-interval-list=30m', '-range-min-rsi=28', '-range-max-rsi=80', '-range-p-ema=50,250', '-target-margin-list=1.0,1.5,2.0,2.5,3.0,3.5,4.0,4.5,5.0', '-log-level=WARNING']
2023-11-26 20:54:14;UNIUSDT;30m;3.0;50;28;74;100.0;2;89.91;['-batch-training', '-calc-rsi', '-verbose', '-prediction-mode=index', '-interval-list=30m', '-range-min-rsi=28', '-range-max-rsi=80', '-range-p-ema=50,250', '-target-margin-list=1.0,1.5,2.0,2.5,3.0,3.5,4.0,4.5,5.0', '-log-level=WARNING']
2023-11-26 21:09:42;UNIUSDT;30m;3.0;75;28;74;100.0;2;89.91;['-batch-training', '-calc-rsi', '-verbose', '-prediction-mode=index', '-interval-list=30m', '-range-min-rsi=28', '-range-max-rsi=80', '-range-p-ema=50,250', '-target-margin-list=1.0,1.5,2.0,2.5,3.0,3.5,4.0,4.5,5.0', '-log-level=WARNING']
2023-11-26 20:13:58;UNIUSDT;30m;3.0;200;28;74;100.0;2;89.91;['-batch-training', '-calc-rsi', '-verbose', '-prediction-mode=index', '-interval-list=30m', '-range-min-rsi=28', '-range-max-rsi=80', '-range-p-ema=50,250', '-target-margin-list=1.0,1.5,2.0,2.5,3.0,3.5,4.0,4.5,5.0', '-log-level=WARNING']
2023-11-26 19:41:38;UNIUSDT;30m;3.0;125;28;74;100.0;2;89.91;['-batch-training', '-calc-rsi', '-verbose', '-prediction-mode=index', '-interval-list=30m', '-range-min-rsi=28', '-range-max-rsi=80', '-range-p-ema=50,250', '-target-margin-list=1.0,1.5,2.0,2.5,3.0,3.5,4.0,4.5,5.0', '-log-level=WARNING']
2023-11-26 19:53:05;UNIUSDT;30m;3.0;150;28;74;100.0;2;89.91;['-batch-training', '-calc-rsi', '-verbose', '-prediction-mode=index', '-interval-list=30m', '-range-min-rsi=28', '-range-max-rsi=80', '-range-p-ema=50,250', '-target-margin-list=1.0,1.5,2.0,2.5,3.0,3.5,4.0,4.5,5.0', '-log-level=WARNING']
2023-11-26 19:37:07;UNIUSDT;30m;1.0;125;34;78;100.0;3;89.93;['-batch-training', '-calc-rsi', '-verbose', '-prediction-mode=index', '-interval-list=30m', '-range-min-rsi=28', '-range-max-rsi=80', '-range-p-ema=50,250', '-target-margin-list=1.0,1.5,2.0,2.5,3.0,3.5,4.0,4.5,5.0', '-log-level=WARNING']
2023-11-26 19:25:39;UNIUSDT;30m;1.0;100;34;78;100.0;3;89.93;['-batch-training', '-calc-rsi', '-verbose', '-prediction-mode=index', '-interval-list=30m', '-range-min-rsi=28', '-range-max-rsi=80', '-range-p-ema=50,250', '-target-margin-list=1.0,1.5,2.0,2.5,3.0,3.5,4.0,4.5,5.0', '-log-level=WARNING']
2023-11-26 21:03:28;UNIUSDT;30m;1.0;75;34;78;100.0;3;89.93;['-batch-training', '-calc-rsi', '-verbose', '-prediction-mode=index', '-interval-list=30m', '-range-min-rsi=28', '-range-max-rsi=80', '-range-p-ema=50,250', '-target-margin-list=1.0,1.5,2.0,2.5,3.0,3.5,4.0,4.5,5.0', '-log-level=WARNING']
2023-11-26 20:48:34;UNIUSDT;30m;1.0;50;34;78;100.0;3;89.93;['-batch-training', '-calc-rsi', '-verbose', '-prediction-mode=index', '-interval-list=30m', '-range-min-rsi=28', '-range-max-rsi=80', '-range-p-ema=50,250', '-target-margin-list=1.0,1.5,2.0,2.5,3.0,3.5,4.0,4.5,5.0', '-log-level=WARNING']
2023-11-26 20:30:53;UNIUSDT;30m;4.5;225;34;72;100.0;5;89.98;['-batch-training', '-calc-rsi', '-verbose', '-prediction-mode=index', '-interval-list=30m', '-range-min-rsi=28', '-range-max-rsi=80', '-range-p-ema=50,250', '-target-margin-list=1.0,1.5,2.0,2.5,3.0,3.5,4.0,4.5,5.0', '-log-level=WARNING']
2023-11-26 20:59:03;UNIUSDT;30m;4.5;50;34;72;100.0;5;89.98;['-batch-training', '-calc-rsi', '-verbose', '-prediction-mode=index', '-interval-list=30m', '-range-min-rsi=28', '-range-max-rsi=80', '-range-p-ema=50,250', '-target-margin-list=1.0,1.5,2.0,2.5,3.0,3.5,4.0,4.5,5.0', '-log-level=WARNING']
2023-11-26 19:33:46;UNIUSDT;30m;4.5;100;34;72;100.0;5;89.98;['-batch-training', '-calc-rsi', '-verbose', '-prediction-mode=index', '-interval-list=30m', '-range-min-rsi=28', '-range-max-rsi=80', '-range-p-ema=50,250', '-target-margin-list=1.0,1.5,2.0,2.5,3.0,3.5,4.0,4.5,5.0', '-log-level=WARNING']
2023-11-26 20:17:56;UNIUSDT;30m;4.5;200;34;72;100.0;5;89.98;['-batch-training', '-calc-rsi', '-verbose', '-prediction-mode=index', '-interval-list=30m', '-range-min-rsi=28', '-range-max-rsi=80', '-range-p-ema=50,250', '-target-margin-list=1.0,1.5,2.0,2.5,3.0,3.5,4.0,4.5,5.0', '-log-level=WARNING']
2023-11-26 20:44:29;UNIUSDT;30m;4.5;250;34;72;100.0;5;89.98;['-batch-training', '-calc-rsi', '-verbose', '-prediction-mode=index', '-interval-list=30m', '-range-min-rsi=28', '-range-max-rsi=80', '-range-p-ema=50,250', '-target-margin-list=1.0,1.5,2.0,2.5,3.0,3.5,4.0,4.5,5.0', '-log-level=WARNING']
2023-11-26 21:14:42;UNIUSDT;30m;4.5;75;34;72;100.0;5;89.98;['-batch-training', '-calc-rsi', '-verbose', '-prediction-mode=index', '-interval-list=30m', '-range-min-rsi=28', '-range-max-rsi=80', '-range-p-ema=50,250', '-target-margin-list=1.0,1.5,2.0,2.5,3.0,3.5,4.0,4.5,5.0', '-log-level=WARNING']
2023-11-26 19:45:19;UNIUSDT;30m;4.5;125;34;72;100.0;5;89.98;['-batch-training', '-calc-rsi', '-verbose', '-prediction-mode=index', '-interval-list=30m', '-range-min-rsi=28', '-range-max-rsi=80', '-range-p-ema=50,250', '-target-margin-list=1.0,1.5,2.0,2.5,3.0,3.5,4.0,4.5,5.0', '-log-level=WARNING']
2023-11-26 19:56:24;UNIUSDT;30m;4.5;150;34;72;100.0;5;89.98;['-batch-training', '-calc-rsi', '-verbose', '-prediction-mode=index', '-interval-list=30m', '-range-min-rsi=28', '-range-max-rsi=80', '-range-p-ema=50,250', '-target-margin-list=1.0,1.5,2.0,2.5,3.0,3.5,4.0,4.5,5.0', '-log-level=WARNING']
2023-11-26 20:06:29;UNIUSDT;30m;4.5;175;34;72;100.0;5;89.98;['-batch-training', '-calc-rsi', '-verbose', '-prediction-mode=index', '-interval-list=30m', '-range-min-rsi=28', '-range-max-rsi=80', '-range-p-ema=50,250', '-target-margin-list=1.0,1.5,2.0,2.5,3.0,3.5,4.0,4.5,5.0', '-log-level=WARNING']
2023-11-26 19:27:53;UNIUSDT;30m;2.0;100;30;76;100.0;7;90.0;['-batch-training', '-calc-rsi', '-verbose', '-prediction-mode=index', '-interval-list=30m', '-range-min-rsi=28', '-range-max-rsi=80', '-range-p-ema=50,250', '-target-margin-list=1.0,1.5,2.0,2.5,3.0,3.5,4.0,4.5,5.0', '-log-level=WARNING']
2023-11-26 20:11:37;UNIUSDT;30m;2.0;200;30;76;100.0;7;90.0;['-batch-training', '-calc-rsi', '-verbose', '-prediction-mode=index', '-interval-list=30m', '-range-min-rsi=28', '-range-max-rsi=80', '-range-p-ema=50,250', '-target-margin-list=1.0,1.5,2.0,2.5,3.0,3.5,4.0,4.5,5.0', '-log-level=WARNING']
2023-11-26 20:51:21;UNIUSDT;30m;2.0;50;30;76;100.0;7;90.0;['-batch-training', '-calc-rsi', '-verbose', '-prediction-mode=index', '-interval-list=30m', '-range-min-rsi=28', '-range-max-rsi=80', '-range-p-ema=50,250', '-target-margin-list=1.0,1.5,2.0,2.5,3.0,3.5,4.0,4.5,5.0', '-log-level=WARNING']
2023-11-26 20:01:18;UNIUSDT;30m;2.0;175;30;76;100.0;7;90.0;['-batch-training', '-calc-rsi', '-verbose', '-prediction-mode=index', '-interval-list=30m', '-range-min-rsi=28', '-range-max-rsi=80', '-range-p-ema=50,250', '-target-margin-list=1.0,1.5,2.0,2.5,3.0,3.5,4.0,4.5,5.0', '-log-level=WARNING']
2023-11-26 21:06:32;UNIUSDT;30m;2.0;75;30;76;100.0;7;90.0;['-batch-training', '-calc-rsi', '-verbose', '-prediction-mode=index', '-interval-list=30m', '-range-min-rsi=28', '-range-max-rsi=80', '-range-p-ema=50,250', '-target-margin-list=1.0,1.5,2.0,2.5,3.0,3.5,4.0,4.5,5.0', '-log-level=WARNING']
2023-11-26 20:24:06;UNIUSDT;30m;2.0;225;30;76;100.0;7;90.0;['-batch-training', '-calc-rsi', '-verbose', '-prediction-mode=index', '-interval-list=30m', '-range-min-rsi=28', '-range-max-rsi=80', '-range-p-ema=50,250', '-target-margin-list=1.0,1.5,2.0,2.5,3.0,3.5,4.0,4.5,5.0', '-log-level=WARNING']
2023-11-26 19:39:22;UNIUSDT;30m;2.0;125;30;76;100.0;7;90.0;['-batch-training', '-calc-rsi', '-verbose', '-prediction-mode=index', '-interval-list=30m', '-range-min-rsi=28', '-range-max-rsi=80', '-range-p-ema=50,250', '-target-margin-list=1.0,1.5,2.0,2.5,3.0,3.5,4.0,4.5,5.0', '-log-level=WARNING']
2023-11-26 19:50:54;UNIUSDT;30m;2.0;150;30;76;100.0;7;90.0;['-batch-training', '-calc-rsi', '-verbose', '-prediction-mode=index', '-interval-list=30m', '-range-min-rsi=28', '-range-max-rsi=80', '-range-p-ema=50,250', '-target-margin-list=1.0,1.5,2.0,2.5,3.0,3.5,4.0,4.5,5.0', '-log-level=WARNING']
2023-11-26 20:48:00;UNIUSDT;30m;1.0;50;36;74;100.0;3;90.01;['-batch-training', '-calc-rsi', '-verbose', '-prediction-mode=index', '-interval-list=30m', '-range-min-rsi=28', '-range-max-rsi=80', '-range-p-ema=50,250', '-target-margin-list=1.0,1.5,2.0,2.5,3.0,3.5,4.0,4.5,5.0', '-log-level=WARNING']
2023-11-26 21:02:48;UNIUSDT;30m;1.0;75;36;74;100.0;3;90.01;['-batch-training', '-calc-rsi', '-verbose', '-prediction-mode=index', '-interval-list=30m', '-range-min-rsi=28', '-range-max-rsi=80', '-range-p-ema=50,250', '-target-margin-list=1.0,1.5,2.0,2.5,3.0,3.5,4.0,4.5,5.0', '-log-level=WARNING']
2023-11-26 20:38:27;UNIUSDT;30m;2.5;250;28;74;100.0;4;90.06;['-batch-training', '-calc-rsi', '-verbose', '-prediction-mode=index', '-interval-list=30m', '-range-min-rsi=28', '-range-max-rsi=80', '-range-p-ema=50,250', '-target-margin-list=1.0,1.5,2.0,2.5,3.0,3.5,4.0,4.5,5.0', '-log-level=WARNING']
2023-11-26 19:24:52;UNIUSDT;30m;1.0;100;34;72;100.0;3;90.07;['-batch-training', '-calc-rsi', '-verbose', '-prediction-mode=index', '-interval-list=30m', '-range-min-rsi=28', '-range-max-rsi=80', '-range-p-ema=50,250', '-target-margin-list=1.0,1.5,2.0,2.5,3.0,3.5,4.0,4.5,5.0', '-log-level=WARNING']
2023-11-26 19:36:18;UNIUSDT;30m;1.0;125;34;72;100.0;3;90.07;['-batch-training', '-calc-rsi', '-verbose', '-prediction-mode=index', '-interval-list=30m', '-range-min-rsi=28', '-range-max-rsi=80', '-range-p-ema=50,250', '-target-margin-list=1.0,1.5,2.0,2.5,3.0,3.5,4.0,4.5,5.0', '-log-level=WARNING']
2023-11-26 21:02:25;UNIUSDT;30m;1.0;75;34;72;100.0;3;90.07;['-batch-training', '-calc-rsi', '-verbose', '-prediction-mode=index', '-interval-list=30m', '-range-min-rsi=28', '-range-max-rsi=80', '-range-p-ema=50,250', '-target-margin-list=1.0,1.5,2.0,2.5,3.0,3.5,4.0,4.5,5.0', '-log-level=WARNING']
2023-11-26 20:47:37;UNIUSDT;30m;1.0;50;34;72;100.0;3;90.07;['-batch-training', '-calc-rsi', '-verbose', '-prediction-mode=index', '-interval-list=30m', '-range-min-rsi=28', '-range-max-rsi=80', '-range-p-ema=50,250', '-target-margin-list=1.0,1.5,2.0,2.5,3.0,3.5,4.0,4.5,5.0', '-log-level=WARNING']
2023-11-26 20:50:33;UNIUSDT;30m;1.5;50;36;80;100.0;2;90.13;['-batch-training', '-calc-rsi', '-verbose', '-prediction-mode=index', '-interval-list=30m', '-range-min-rsi=28', '-range-max-rsi=80', '-range-p-ema=50,250', '-target-margin-list=1.0,1.5,2.0,2.5,3.0,3.5,4.0,4.5,5.0', '-log-level=WARNING']
2023-11-26 21:05:41;UNIUSDT;30m;1.5;75;36;80;100.0;2;90.13;['-batch-training', '-calc-rsi', '-verbose', '-prediction-mode=index', '-interval-list=30m', '-range-min-rsi=28', '-range-max-rsi=80', '-range-p-ema=50,250', '-target-margin-list=1.0,1.5,2.0,2.5,3.0,3.5,4.0,4.5,5.0', '-log-level=WARNING']
2023-11-26 19:32:35;UNIUSDT;30m;4.0;100;36;72;100.0;5;90.15;['-batch-training', '-calc-rsi', '-verbose', '-prediction-mode=index', '-interval-list=30m', '-range-min-rsi=28', '-range-max-rsi=80', '-range-p-ema=50,250', '-target-margin-list=1.0,1.5,2.0,2.5,3.0,3.5,4.0,4.5,5.0', '-log-level=WARNING']
2023-11-26 20:16:37;UNIUSDT;30m;4.0;200;36;72;100.0;5;90.15;['-batch-training', '-calc-rsi', '-verbose', '-prediction-mode=index', '-interval-list=30m', '-range-min-rsi=28', '-range-max-rsi=80', '-range-p-ema=50,250', '-target-margin-list=1.0,1.5,2.0,2.5,3.0,3.5,4.0,4.5,5.0', '-log-level=WARNING']
2023-11-26 20:57:28;UNIUSDT;30m;4.0;50;36;72;100.0;5;90.15;['-batch-training', '-calc-rsi', '-verbose', '-prediction-mode=index', '-interval-list=30m', '-range-min-rsi=28', '-range-max-rsi=80', '-range-p-ema=50,250', '-target-margin-list=1.0,1.5,2.0,2.5,3.0,3.5,4.0,4.5,5.0', '-log-level=WARNING']
2023-11-26 20:05:25;UNIUSDT;30m;4.0;175;36;72;100.0;5;90.15;['-batch-training', '-calc-rsi', '-verbose', '-prediction-mode=index', '-interval-list=30m', '-range-min-rsi=28', '-range-max-rsi=80', '-range-p-ema=50,250', '-target-margin-list=1.0,1.5,2.0,2.5,3.0,3.5,4.0,4.5,5.0', '-log-level=WARNING']
2023-11-26 19:55:19;UNIUSDT;30m;4.0;150;36;72;100.0;5;90.15;['-batch-training', '-calc-rsi', '-verbose', '-prediction-mode=index', '-interval-list=30m', '-range-min-rsi=28', '-range-max-rsi=80', '-range-p-ema=50,250', '-target-margin-list=1.0,1.5,2.0,2.5,3.0,3.5,4.0,4.5,5.0', '-log-level=WARNING']
2023-11-26 21:13:14;UNIUSDT;30m;4.0;75;36;72;100.0;5;90.15;['-batch-training', '-calc-rsi', '-verbose', '-prediction-mode=index', '-interval-list=30m', '-range-min-rsi=28', '-range-max-rsi=80', '-range-p-ema=50,250', '-target-margin-list=1.0,1.5,2.0,2.5,3.0,3.5,4.0,4.5,5.0', '-log-level=WARNING']
2023-11-26 19:44:07;UNIUSDT;30m;4.0;125;36;72;100.0;5;90.15;['-batch-training', '-calc-rsi', '-verbose', '-prediction-mode=index', '-interval-list=30m', '-range-min-rsi=28', '-range-max-rsi=80', '-range-p-ema=50,250', '-target-margin-list=1.0,1.5,2.0,2.5,3.0,3.5,4.0,4.5,5.0', '-log-level=WARNING']
2023-11-26 20:43:01;UNIUSDT;30m;4.0;250;36;72;100.0;5;90.15;['-batch-training', '-calc-rsi', '-verbose', '-prediction-mode=index', '-interval-list=30m', '-range-min-rsi=28', '-range-max-rsi=80', '-range-p-ema=50,250', '-target-margin-list=1.0,1.5,2.0,2.5,3.0,3.5,4.0,4.5,5.0', '-log-level=WARNING']
2023-11-26 20:29:29;UNIUSDT;30m;4.0;225;36;72;100.0;5;90.15;['-batch-training', '-calc-rsi', '-verbose', '-prediction-mode=index', '-interval-list=30m', '-range-min-rsi=28', '-range-max-rsi=80', '-range-p-ema=50,250', '-target-margin-list=1.0,1.5,2.0,2.5,3.0,3.5,4.0,4.5,5.0', '-log-level=WARNING']
2023-11-26 20:26:17;UNIUSDT;30m;2.5;225;36;80;100.0;7;90.22;['-batch-training', '-calc-rsi', '-verbose', '-prediction-mode=index', '-interval-list=30m', '-range-min-rsi=28', '-range-max-rsi=80', '-range-p-ema=50,250', '-target-margin-list=1.0,1.5,2.0,2.5,3.0,3.5,4.0,4.5,5.0', '-log-level=WARNING']
2023-11-26 20:38:46;UNIUSDT;30m;2.5;250;28;76;100.0;5;90.23;['-batch-training', '-calc-rsi', '-verbose', '-prediction-mode=index', '-interval-list=30m', '-range-min-rsi=28', '-range-max-rsi=80', '-range-p-ema=50,250', '-target-margin-list=1.0,1.5,2.0,2.5,3.0,3.5,4.0,4.5,5.0', '-log-level=WARNING']
2023-11-26 20:22:01;UNIUSDT;30m;1.5;225;28;72;100.0;4;90.23;['-batch-training', '-calc-rsi', '-verbose', '-prediction-mode=index', '-interval-list=30m', '-range-min-rsi=28', '-range-max-rsi=80', '-range-p-ema=50,250', '-target-margin-list=1.0,1.5,2.0,2.5,3.0,3.5,4.0,4.5,5.0', '-log-level=WARNING']
2023-11-26 20:37:33;UNIUSDT;30m;2.0;250;28;78;100.0;4;90.24;['-batch-training', '-calc-rsi', '-verbose', '-prediction-mode=index', '-interval-list=30m', '-range-min-rsi=28', '-range-max-rsi=80', '-range-p-ema=50,250', '-target-margin-list=1.0,1.5,2.0,2.5,3.0,3.5,4.0,4.5,5.0', '-log-level=WARNING']
2023-11-26 20:06:26;UNIUSDT;30m;4.5;175;32;72;100.0;5;90.25;['-batch-training', '-calc-rsi', '-verbose', '-prediction-mode=index', '-interval-list=30m', '-range-min-rsi=28', '-range-max-rsi=80', '-range-p-ema=50,250', '-target-margin-list=1.0,1.5,2.0,2.5,3.0,3.5,4.0,4.5,5.0', '-log-level=WARNING']
2023-11-26 19:56:21;UNIUSDT;30m;4.5;150;32;72;100.0;5;90.25;['-batch-training', '-calc-rsi', '-verbose', '-prediction-mode=index', '-interval-list=30m', '-range-min-rsi=28', '-range-max-rsi=80', '-range-p-ema=50,250', '-target-margin-list=1.0,1.5,2.0,2.5,3.0,3.5,4.0,4.5,5.0', '-log-level=WARNING']
2023-11-26 21:14:38;UNIUSDT;30m;4.5;75;32;72;100.0;5;90.25;['-batch-training', '-calc-rsi', '-verbose', '-prediction-mode=index', '-interval-list=30m', '-range-min-rsi=28', '-range-max-rsi=80', '-range-p-ema=50,250', '-target-margin-list=1.0,1.5,2.0,2.5,3.0,3.5,4.0,4.5,5.0', '-log-level=WARNING']
2023-11-26 20:58:59;UNIUSDT;30m;4.5;50;32;72;100.0;5;90.25;['-batch-training', '-calc-rsi', '-verbose', '-prediction-mode=index', '-interval-list=30m', '-range-min-rsi=28', '-range-max-rsi=80', '-range-p-ema=50,250', '-target-margin-list=1.0,1.5,2.0,2.5,3.0,3.5,4.0,4.5,5.0', '-log-level=WARNING']
2023-11-26 20:44:26;UNIUSDT;30m;4.5;250;32;72;100.0;5;90.25;['-batch-training', '-calc-rsi', '-verbose', '-prediction-mode=index', '-interval-list=30m', '-range-min-rsi=28', '-range-max-rsi=80', '-range-p-ema=50,250', '-target-margin-list=1.0,1.5,2.0,2.5,3.0,3.5,4.0,4.5,5.0', '-log-level=WARNING']
2023-11-26 20:37:01;UNIUSDT;30m;2.0;250;30;74;100.0;7;90.25;['-batch-training', '-calc-rsi', '-verbose', '-prediction-mode=index', '-interval-list=30m', '-range-min-rsi=28', '-range-max-rsi=80', '-range-p-ema=50,250', '-target-margin-list=1.0,1.5,2.0,2.5,3.0,3.5,4.0,4.5,5.0', '-log-level=WARNING']
2023-11-26 19:45:16;UNIUSDT;30m;4.5;125;32;72;100.0;5;90.25;['-batch-training', '-calc-rsi', '-verbose', '-prediction-mode=index', '-interval-list=30m', '-range-min-rsi=28', '-range-max-rsi=80', '-range-p-ema=50,250', '-target-margin-list=1.0,1.5,2.0,2.5,3.0,3.5,4.0,4.5,5.0', '-log-level=WARNING']
2023-11-26 19:33:43;UNIUSDT;30m;4.5;100;32;72;100.0;5;90.25;['-batch-training', '-calc-rsi', '-verbose', '-prediction-mode=index', '-interval-list=30m', '-range-min-rsi=28', '-range-max-rsi=80', '-range-p-ema=50,250', '-target-margin-list=1.0,1.5,2.0,2.5,3.0,3.5,4.0,4.5,5.0', '-log-level=WARNING']
2023-11-26 20:17:53;UNIUSDT;30m;4.5;200;32;72;100.0;5;90.25;['-batch-training', '-calc-rsi', '-verbose', '-prediction-mode=index', '-interval-list=30m', '-range-min-rsi=28', '-range-max-rsi=80', '-range-p-ema=50,250', '-target-margin-list=1.0,1.5,2.0,2.5,3.0,3.5,4.0,4.5,5.0', '-log-level=WARNING']
2023-11-26 20:30:49;UNIUSDT;30m;4.5;225;32;72;100.0;5;90.25;['-batch-training', '-calc-rsi', '-verbose', '-prediction-mode=index', '-interval-list=30m', '-range-min-rsi=28', '-range-max-rsi=80', '-range-p-ema=50,250', '-target-margin-list=1.0,1.5,2.0,2.5,3.0,3.5,4.0,4.5,5.0', '-log-level=WARNING']
2023-11-26 20:39:37;UNIUSDT;30m;2.5;250;36;80;100.0;7;90.33;['-batch-training', '-calc-rsi', '-verbose', '-prediction-mode=index', '-interval-list=30m', '-range-min-rsi=28', '-range-max-rsi=80', '-range-p-ema=50,250', '-target-margin-list=1.0,1.5,2.0,2.5,3.0,3.5,4.0,4.5,5.0', '-log-level=WARNING']
2023-11-26 20:10:46;UNIUSDT;30m;1.5;200;28;80;100.0;7;90.34;['-batch-training', '-calc-rsi', '-verbose', '-prediction-mode=index', '-interval-list=30m', '-range-min-rsi=28', '-range-max-rsi=80', '-range-p-ema=50,250', '-target-margin-list=1.0,1.5,2.0,2.5,3.0,3.5,4.0,4.5,5.0', '-log-level=WARNING']
2023-11-26 20:29:26;UNIUSDT;30m;4.0;225;34;72;100.0;5;90.34;['-batch-training', '-calc-rsi', '-verbose', '-prediction-mode=index', '-interval-list=30m', '-range-min-rsi=28', '-range-max-rsi=80', '-range-p-ema=50,250', '-target-margin-list=1.0,1.5,2.0,2.5,3.0,3.5,4.0,4.5,5.0', '-log-level=WARNING']
2023-11-26 19:27:04;UNIUSDT;30m;1.5;100;28;80;100.0;7;90.34;['-batch-training', '-calc-rsi', '-verbose', '-prediction-mode=index', '-interval-list=30m', '-range-min-rsi=28', '-range-max-rsi=80', '-range-p-ema=50,250', '-target-margin-list=1.0,1.5,2.0,2.5,3.0,3.5,4.0,4.5,5.0', '-log-level=WARNING']
2023-11-26 19:55:16;UNIUSDT;30m;4.0;150;34;72;100.0;5;90.34;['-batch-training', '-calc-rsi', '-verbose', '-prediction-mode=index', '-interval-list=30m', '-range-min-rsi=28', '-range-max-rsi=80', '-range-p-ema=50,250', '-target-margin-list=1.0,1.5,2.0,2.5,3.0,3.5,4.0,4.5,5.0', '-log-level=WARNING']
2023-11-26 21:05:23;UNIUSDT;30m;1.5;75;28;80;100.0;7;90.34;['-batch-training', '-calc-rsi', '-verbose', '-prediction-mode=index', '-interval-list=30m', '-range-min-rsi=28', '-range-max-rsi=80', '-range-p-ema=50,250', '-target-margin-list=1.0,1.5,2.0,2.5,3.0,3.5,4.0,4.5,5.0', '-log-level=WARNING']
2023-11-26 19:32:32;UNIUSDT;30m;4.0;100;34;72;100.0;5;90.34;['-batch-training', '-calc-rsi', '-verbose', '-prediction-mode=index', '-interval-list=30m', '-range-min-rsi=28', '-range-max-rsi=80', '-range-p-ema=50,250', '-target-margin-list=1.0,1.5,2.0,2.5,3.0,3.5,4.0,4.5,5.0', '-log-level=WARNING']
2023-11-26 20:36:22;UNIUSDT;30m;1.5;250;28;80;100.0;7;90.34;['-batch-training', '-calc-rsi', '-verbose', '-prediction-mode=index', '-interval-list=30m', '-range-min-rsi=28', '-range-max-rsi=80', '-range-p-ema=50,250', '-target-margin-list=1.0,1.5,2.0,2.5,3.0,3.5,4.0,4.5,5.0', '-log-level=WARNING']
2023-11-26 20:05:22;UNIUSDT;30m;4.0;175;34;72;100.0;5;90.34;['-batch-training', '-calc-rsi', '-verbose', '-prediction-mode=index', '-interval-list=30m', '-range-min-rsi=28', '-range-max-rsi=80', '-range-p-ema=50,250', '-target-margin-list=1.0,1.5,2.0,2.5,3.0,3.5,4.0,4.5,5.0', '-log-level=WARNING']
2023-11-26 20:16:34;UNIUSDT;30m;4.0;200;34;72;100.0;5;90.34;['-batch-training', '-calc-rsi', '-verbose', '-prediction-mode=index', '-interval-list=30m', '-range-min-rsi=28', '-range-max-rsi=80', '-range-p-ema=50,250', '-target-margin-list=1.0,1.5,2.0,2.5,3.0,3.5,4.0,4.5,5.0', '-log-level=WARNING']
2023-11-26 20:42:57;UNIUSDT;30m;4.0;250;34;72;100.0;5;90.34;['-batch-training', '-calc-rsi', '-verbose', '-prediction-mode=index', '-interval-list=30m', '-range-min-rsi=28', '-range-max-rsi=80', '-range-p-ema=50,250', '-target-margin-list=1.0,1.5,2.0,2.5,3.0,3.5,4.0,4.5,5.0', '-log-level=WARNING']
2023-11-26 20:50:17;UNIUSDT;30m;1.5;50;28;80;100.0;7;90.34;['-batch-training', '-calc-rsi', '-verbose', '-prediction-mode=index', '-interval-list=30m', '-range-min-rsi=28', '-range-max-rsi=80', '-range-p-ema=50,250', '-target-margin-list=1.0,1.5,2.0,2.5,3.0,3.5,4.0,4.5,5.0', '-log-level=WARNING']
2023-11-26 19:50:04;UNIUSDT;30m;1.5;150;28;80;100.0;7;90.34;['-batch-training', '-calc-rsi', '-verbose', '-prediction-mode=index', '-interval-list=30m', '-range-min-rsi=28', '-range-max-rsi=80', '-range-p-ema=50,250', '-target-margin-list=1.0,1.5,2.0,2.5,3.0,3.5,4.0,4.5,5.0', '-log-level=WARNING']
2023-11-26 19:44:04;UNIUSDT;30m;4.0;125;34;72;100.0;5;90.34;['-batch-training', '-calc-rsi', '-verbose', '-prediction-mode=index', '-interval-list=30m', '-range-min-rsi=28', '-range-max-rsi=80', '-range-p-ema=50,250', '-target-margin-list=1.0,1.5,2.0,2.5,3.0,3.5,4.0,4.5,5.0', '-log-level=WARNING']
2023-11-26 20:00:34;UNIUSDT;30m;1.5;175;28;80;100.0;7;90.34;['-batch-training', '-calc-rsi', '-verbose', '-prediction-mode=index', '-interval-list=30m', '-range-min-rsi=28', '-range-max-rsi=80', '-range-p-ema=50,250', '-target-margin-list=1.0,1.5,2.0,2.5,3.0,3.5,4.0,4.5,5.0', '-log-level=WARNING']
2023-11-26 21:13:09;UNIUSDT;30m;4.0;75;34;72;100.0;5;90.34;['-batch-training', '-calc-rsi', '-verbose', '-prediction-mode=index', '-interval-list=30m', '-range-min-rsi=28', '-range-max-rsi=80', '-range-p-ema=50,250', '-target-margin-list=1.0,1.5,2.0,2.5,3.0,3.5,4.0,4.5,5.0', '-log-level=WARNING']
2023-11-26 20:23:11;UNIUSDT;30m;1.5;225;28;80;100.0;7;90.34;['-batch-training', '-calc-rsi', '-verbose', '-prediction-mode=index', '-interval-list=30m', '-range-min-rsi=28', '-range-max-rsi=80', '-range-p-ema=50,250', '-target-margin-list=1.0,1.5,2.0,2.5,3.0,3.5,4.0,4.5,5.0', '-log-level=WARNING']
2023-11-26 19:38:33;UNIUSDT;30m;1.5;125;28;80;100.0;7;90.34;['-batch-training', '-calc-rsi', '-verbose', '-prediction-mode=index', '-interval-list=30m', '-range-min-rsi=28', '-range-max-rsi=80', '-range-p-ema=50,250', '-target-margin-list=1.0,1.5,2.0,2.5,3.0,3.5,4.0,4.5,5.0', '-log-level=WARNING']
2023-11-26 20:57:24;UNIUSDT;30m;4.0;50;34;72;100.0;5;90.34;['-batch-training', '-calc-rsi', '-verbose', '-prediction-mode=index', '-interval-list=30m', '-range-min-rsi=28', '-range-max-rsi=80', '-range-p-ema=50,250', '-target-margin-list=1.0,1.5,2.0,2.5,3.0,3.5,4.0,4.5,5.0', '-log-level=WARNING']
2023-11-26 21:02:20;UNIUSDT;30m;1.0;75;32;72;100.0;7;90.38;['-batch-training', '-calc-rsi', '-verbose', '-prediction-mode=index', '-interval-list=30m', '-range-min-rsi=28', '-range-max-rsi=80', '-range-p-ema=50,250', '-target-margin-list=1.0,1.5,2.0,2.5,3.0,3.5,4.0,4.5,5.0', '-log-level=WARNING']
2023-11-26 19:24:48;UNIUSDT;30m;1.0;100;32;72;100.0;7;90.38;['-batch-training', '-calc-rsi', '-verbose', '-prediction-mode=index', '-interval-list=30m', '-range-min-rsi=28', '-range-max-rsi=80', '-range-p-ema=50,250', '-target-margin-list=1.0,1.5,2.0,2.5,3.0,3.5,4.0,4.5,5.0', '-log-level=WARNING']
2023-11-26 19:36:15;UNIUSDT;30m;1.0;125;32;72;100.0;7;90.38;['-batch-training', '-calc-rsi', '-verbose', '-prediction-mode=index', '-interval-list=30m', '-range-min-rsi=28', '-range-max-rsi=80', '-range-p-ema=50,250', '-target-margin-list=1.0,1.5,2.0,2.5,3.0,3.5,4.0,4.5,5.0', '-log-level=WARNING']
2023-11-26 20:47:34;UNIUSDT;30m;1.0;50;32;72;100.0;7;90.38;['-batch-training', '-calc-rsi', '-verbose', '-prediction-mode=index', '-interval-list=30m', '-range-min-rsi=28', '-range-max-rsi=80', '-range-p-ema=50,250', '-target-margin-list=1.0,1.5,2.0,2.5,3.0,3.5,4.0,4.5,5.0', '-log-level=WARNING']
2023-11-26 19:52:23;UNIUSDT;30m;2.5;150;28;78;100.0;6;90.4;['-batch-training', '-calc-rsi', '-verbose', '-prediction-mode=index', '-interval-list=30m', '-range-min-rsi=28', '-range-max-rsi=80', '-range-p-ema=50,250', '-target-margin-list=1.0,1.5,2.0,2.5,3.0,3.5,4.0,4.5,5.0', '-log-level=WARNING']
2023-11-26 20:02:36;UNIUSDT;30m;2.5;175;28;78;100.0;6;90.4;['-batch-training', '-calc-rsi', '-verbose', '-prediction-mode=index', '-interval-list=30m', '-range-min-rsi=28', '-range-max-rsi=80', '-range-p-ema=50,250', '-target-margin-list=1.0,1.5,2.0,2.5,3.0,3.5,4.0,4.5,5.0', '-log-level=WARNING']
2023-11-26 19:40:52;UNIUSDT;30m;2.5;125;28;78;100.0;6;90.4;['-batch-training', '-calc-rsi', '-verbose', '-prediction-mode=index', '-interval-list=30m', '-range-min-rsi=28', '-range-max-rsi=80', '-range-p-ema=50,250', '-target-margin-list=1.0,1.5,2.0,2.5,3.0,3.5,4.0,4.5,5.0', '-log-level=WARNING']
2023-11-26 20:25:46;UNIUSDT;30m;2.5;225;28;78;100.0;6;90.4;['-batch-training', '-calc-rsi', '-verbose', '-prediction-mode=index', '-interval-list=30m', '-range-min-rsi=28', '-range-max-rsi=80', '-range-p-ema=50,250', '-target-margin-list=1.0,1.5,2.0,2.5,3.0,3.5,4.0,4.5,5.0', '-log-level=WARNING']
2023-11-26 20:13:09;UNIUSDT;30m;2.5;200;28;78;100.0;6;90.4;['-batch-training', '-calc-rsi', '-verbose', '-prediction-mode=index', '-interval-list=30m', '-range-min-rsi=28', '-range-max-rsi=80', '-range-p-ema=50,250', '-target-margin-list=1.0,1.5,2.0,2.5,3.0,3.5,4.0,4.5,5.0', '-log-level=WARNING']
2023-11-26 20:53:14;UNIUSDT;30m;2.5;50;28;78;100.0;6;90.4;['-batch-training', '-calc-rsi', '-verbose', '-prediction-mode=index', '-interval-list=30m', '-range-min-rsi=28', '-range-max-rsi=80', '-range-p-ema=50,250', '-target-margin-list=1.0,1.5,2.0,2.5,3.0,3.5,4.0,4.5,5.0', '-log-level=WARNING']
2023-11-26 19:29:23;UNIUSDT;30m;2.5;100;28;78;100.0;6;90.4;['-batch-training', '-calc-rsi', '-verbose', '-prediction-mode=index', '-interval-list=30m', '-range-min-rsi=28', '-range-max-rsi=80', '-range-p-ema=50,250', '-target-margin-list=1.0,1.5,2.0,2.5,3.0,3.5,4.0,4.5,5.0', '-log-level=WARNING']
2023-11-26 21:08:39;UNIUSDT;30m;2.5;75;28;78;100.0;6;90.4;['-batch-training', '-calc-rsi', '-verbose', '-prediction-mode=index', '-interval-list=30m', '-range-min-rsi=28', '-range-max-rsi=80', '-range-p-ema=50,250', '-target-margin-list=1.0,1.5,2.0,2.5,3.0,3.5,4.0,4.5,5.0', '-log-level=WARNING']
2023-11-26 20:39:04;UNIUSDT;30m;2.5;250;28;78;100.0;6;90.4;['-batch-training', '-calc-rsi', '-verbose', '-prediction-mode=index', '-interval-list=30m', '-range-min-rsi=28', '-range-max-rsi=80', '-range-p-ema=50,250', '-target-margin-list=1.0,1.5,2.0,2.5,3.0,3.5,4.0,4.5,5.0', '-log-level=WARNING']
2023-11-26 20:21:57;UNIUSDT;30m;1.0;225;36;80;100.0;3;90.48;['-batch-training', '-calc-rsi', '-verbose', '-prediction-mode=index', '-interval-list=30m', '-range-min-rsi=28', '-range-max-rsi=80', '-range-p-ema=50,250', '-target-margin-list=1.0,1.5,2.0,2.5,3.0,3.5,4.0,4.5,5.0', '-log-level=WARNING']
2023-11-26 20:58:55;UNIUSDT;30m;4.5;50;30;72;100.0;4;90.5;['-batch-training', '-calc-rsi', '-verbose', '-prediction-mode=index', '-interval-list=30m', '-range-min-rsi=28', '-range-max-rsi=80', '-range-p-ema=50,250', '-target-margin-list=1.0,1.5,2.0,2.5,3.0,3.5,4.0,4.5,5.0', '-log-level=WARNING']
2023-11-26 20:30:46;UNIUSDT;30m;4.5;225;30;72;100.0;4;90.5;['-batch-training', '-calc-rsi', '-verbose', '-prediction-mode=index', '-interval-list=30m', '-range-min-rsi=28', '-range-max-rsi=80', '-range-p-ema=50,250', '-target-margin-list=1.0,1.5,2.0,2.5,3.0,3.5,4.0,4.5,5.0', '-log-level=WARNING']
2023-11-26 19:56:19;UNIUSDT;30m;4.5;150;30;72;100.0;4;90.5;['-batch-training', '-calc-rsi', '-verbose', '-prediction-mode=index', '-interval-list=30m', '-range-min-rsi=28', '-range-max-rsi=80', '-range-p-ema=50,250', '-target-margin-list=1.0,1.5,2.0,2.5,3.0,3.5,4.0,4.5,5.0', '-log-level=WARNING']
2023-11-26 20:06:24;UNIUSDT;30m;4.5;175;30;72;100.0;4;90.5;['-batch-training', '-calc-rsi', '-verbose', '-prediction-mode=index', '-interval-list=30m', '-range-min-rsi=28', '-range-max-rsi=80', '-range-p-ema=50,250', '-target-margin-list=1.0,1.5,2.0,2.5,3.0,3.5,4.0,4.5,5.0', '-log-level=WARNING']
2023-11-26 19:45:14;UNIUSDT;30m;4.5;125;30;72;100.0;4;90.5;['-batch-training', '-calc-rsi', '-verbose', '-prediction-mode=index', '-interval-list=30m', '-range-min-rsi=28', '-range-max-rsi=80', '-range-p-ema=50,250', '-target-margin-list=1.0,1.5,2.0,2.5,3.0,3.5,4.0,4.5,5.0', '-log-level=WARNING']
2023-11-26 20:17:50;UNIUSDT;30m;4.5;200;30;72;100.0;4;90.5;['-batch-training', '-calc-rsi', '-verbose', '-prediction-mode=index', '-interval-list=30m', '-range-min-rsi=28', '-range-max-rsi=80', '-range-p-ema=50,250', '-target-margin-list=1.0,1.5,2.0,2.5,3.0,3.5,4.0,4.5,5.0', '-log-level=WARNING']
2023-11-26 20:44:22;UNIUSDT;30m;4.5;250;30;72;100.0;4;90.5;['-batch-training', '-calc-rsi', '-verbose', '-prediction-mode=index', '-interval-list=30m', '-range-min-rsi=28', '-range-max-rsi=80', '-range-p-ema=50,250', '-target-margin-list=1.0,1.5,2.0,2.5,3.0,3.5,4.0,4.5,5.0', '-log-level=WARNING']
2023-11-26 21:14:34;UNIUSDT;30m;4.5;75;30;72;100.0;4;90.5;['-batch-training', '-calc-rsi', '-verbose', '-prediction-mode=index', '-interval-list=30m', '-range-min-rsi=28', '-range-max-rsi=80', '-range-p-ema=50,250', '-target-margin-list=1.0,1.5,2.0,2.5,3.0,3.5,4.0,4.5,5.0', '-log-level=WARNING']
2023-11-26 19:33:40;UNIUSDT;30m;4.5;100;30;72;100.0;4;90.5;['-batch-training', '-calc-rsi', '-verbose', '-prediction-mode=index', '-interval-list=30m', '-range-min-rsi=28', '-range-max-rsi=80', '-range-p-ema=50,250', '-target-margin-list=1.0,1.5,2.0,2.5,3.0,3.5,4.0,4.5,5.0', '-log-level=WARNING']
2023-11-26 20:11:50;UNIUSDT;30m;2.0;200;28;78;100.0;4;90.52;['-batch-training', '-calc-rsi', '-verbose', '-prediction-mode=index', '-interval-list=30m', '-range-min-rsi=28', '-range-max-rsi=80', '-range-p-ema=50,250', '-target-margin-list=1.0,1.5,2.0,2.5,3.0,3.5,4.0,4.5,5.0', '-log-level=WARNING']
2023-11-26 21:06:50;UNIUSDT;30m;2.0;75;28;78;100.0;4;90.52;['-batch-training', '-calc-rsi', '-verbose', '-prediction-mode=index', '-interval-list=30m', '-range-min-rsi=28', '-range-max-rsi=80', '-range-p-ema=50,250', '-target-margin-list=1.0,1.5,2.0,2.5,3.0,3.5,4.0,4.5,5.0', '-log-level=WARNING']
2023-11-26 19:51:06;UNIUSDT;30m;2.0;150;28;78;100.0;4;90.52;['-batch-training', '-calc-rsi', '-verbose', '-prediction-mode=index', '-interval-list=30m', '-range-min-rsi=28', '-range-max-rsi=80', '-range-p-ema=50,250', '-target-margin-list=1.0,1.5,2.0,2.5,3.0,3.5,4.0,4.5,5.0', '-log-level=WARNING']
2023-11-26 19:28:05;UNIUSDT;30m;2.0;100;28;78;100.0;4;90.52;['-batch-training', '-calc-rsi', '-verbose', '-prediction-mode=index', '-interval-list=30m', '-range-min-rsi=28', '-range-max-rsi=80', '-range-p-ema=50,250', '-target-margin-list=1.0,1.5,2.0,2.5,3.0,3.5,4.0,4.5,5.0', '-log-level=WARNING']
2023-11-26 20:51:35;UNIUSDT;30m;2.0;50;28;78;100.0;4;90.52;['-batch-training', '-calc-rsi', '-verbose', '-prediction-mode=index', '-interval-list=30m', '-range-min-rsi=28', '-range-max-rsi=80', '-range-p-ema=50,250', '-target-margin-list=1.0,1.5,2.0,2.5,3.0,3.5,4.0,4.5,5.0', '-log-level=WARNING']
2023-11-26 20:24:20;UNIUSDT;30m;2.0;225;28;78;100.0;4;90.52;['-batch-training', '-calc-rsi', '-verbose', '-prediction-mode=index', '-interval-list=30m', '-range-min-rsi=28', '-range-max-rsi=80', '-range-p-ema=50,250', '-target-margin-list=1.0,1.5,2.0,2.5,3.0,3.5,4.0,4.5,5.0', '-log-level=WARNING']
2023-11-26 19:39:34;UNIUSDT;30m;2.0;125;28;78;100.0;4;90.52;['-batch-training', '-calc-rsi', '-verbose', '-prediction-mode=index', '-interval-list=30m', '-range-min-rsi=28', '-range-max-rsi=80', '-range-p-ema=50,250', '-target-margin-list=1.0,1.5,2.0,2.5,3.0,3.5,4.0,4.5,5.0', '-log-level=WARNING']
2023-11-26 20:01:28;UNIUSDT;30m;2.0;175;28;78;100.0;4;90.52;['-batch-training', '-calc-rsi', '-verbose', '-prediction-mode=index', '-interval-list=30m', '-range-min-rsi=28', '-range-max-rsi=80', '-range-p-ema=50,250', '-target-margin-list=1.0,1.5,2.0,2.5,3.0,3.5,4.0,4.5,5.0', '-log-level=WARNING']
2023-11-26 21:06:11;UNIUSDT;30m;2.0;75;30;74;100.0;7;90.53;['-batch-training', '-calc-rsi', '-verbose', '-prediction-mode=index', '-interval-list=30m', '-range-min-rsi=28', '-range-max-rsi=80', '-range-p-ema=50,250', '-target-margin-list=1.0,1.5,2.0,2.5,3.0,3.5,4.0,4.5,5.0', '-log-level=WARNING']
2023-11-26 19:27:38;UNIUSDT;30m;2.0;100;30;74;100.0;7;90.53;['-batch-training', '-calc-rsi', '-verbose', '-prediction-mode=index', '-interval-list=30m', '-range-min-rsi=28', '-range-max-rsi=80', '-range-p-ema=50,250', '-target-margin-list=1.0,1.5,2.0,2.5,3.0,3.5,4.0,4.5,5.0', '-log-level=WARNING']
2023-11-26 19:50:38;UNIUSDT;30m;2.0;150;30;74;100.0;7;90.53;['-batch-training', '-calc-rsi', '-verbose', '-prediction-mode=index', '-interval-list=30m', '-range-min-rsi=28', '-range-max-rsi=80', '-range-p-ema=50,250', '-target-margin-list=1.0,1.5,2.0,2.5,3.0,3.5,4.0,4.5,5.0', '-log-level=WARNING']
2023-11-26 20:51:01;UNIUSDT;30m;2.0;50;30;74;100.0;7;90.53;['-batch-training', '-calc-rsi', '-verbose', '-prediction-mode=index', '-interval-list=30m', '-range-min-rsi=28', '-range-max-rsi=80', '-range-p-ema=50,250', '-target-margin-list=1.0,1.5,2.0,2.5,3.0,3.5,4.0,4.5,5.0', '-log-level=WARNING']
2023-11-26 20:01:04;UNIUSDT;30m;2.0;175;30;74;100.0;7;90.53;['-batch-training', '-calc-rsi', '-verbose', '-prediction-mode=index', '-interval-list=30m', '-range-min-rsi=28', '-range-max-rsi=80', '-range-p-ema=50,250', '-target-margin-list=1.0,1.5,2.0,2.5,3.0,3.5,4.0,4.5,5.0', '-log-level=WARNING']
2023-11-26 19:39:07;UNIUSDT;30m;2.0;125;30;74;100.0;7;90.53;['-batch-training', '-calc-rsi', '-verbose', '-prediction-mode=index', '-interval-list=30m', '-range-min-rsi=28', '-range-max-rsi=80', '-range-p-ema=50,250', '-target-margin-list=1.0,1.5,2.0,2.5,3.0,3.5,4.0,4.5,5.0', '-log-level=WARNING']
2023-11-26 20:11:22;UNIUSDT;30m;2.0;200;30;74;100.0;7;90.53;['-batch-training', '-calc-rsi', '-verbose', '-prediction-mode=index', '-interval-list=30m', '-range-min-rsi=28', '-range-max-rsi=80', '-range-p-ema=50,250', '-target-margin-list=1.0,1.5,2.0,2.5,3.0,3.5,4.0,4.5,5.0', '-log-level=WARNING']
2023-11-26 20:23:49;UNIUSDT;30m;2.0;225;30;74;100.0;7;90.53;['-batch-training', '-calc-rsi', '-verbose', '-prediction-mode=index', '-interval-list=30m', '-range-min-rsi=28', '-range-max-rsi=80', '-range-p-ema=50,250', '-target-margin-list=1.0,1.5,2.0,2.5,3.0,3.5,4.0,4.5,5.0', '-log-level=WARNING']
2023-11-26 19:32:29;UNIUSDT;30m;4.0;100;32;72;100.0;5;90.62;['-batch-training', '-calc-rsi', '-verbose', '-prediction-mode=index', '-interval-list=30m', '-range-min-rsi=28', '-range-max-rsi=80', '-range-p-ema=50,250', '-target-margin-list=1.0,1.5,2.0,2.5,3.0,3.5,4.0,4.5,5.0', '-log-level=WARNING']
2023-11-26 20:58:55;UNIUSDT;30m;4.5;50;30;72;100.0;5;90.62;['-batch-training', '-calc-rsi', '-verbose', '-prediction-mode=index', '-interval-list=30m', '-range-min-rsi=28', '-range-max-rsi=80', '-range-p-ema=50,250', '-target-margin-list=1.0,1.5,2.0,2.5,3.0,3.5,4.0,4.5,5.0', '-log-level=WARNING']
2023-11-26 21:13:05;UNIUSDT;30m;4.0;75;32;72;100.0;5;90.62;['-batch-training', '-calc-rsi', '-verbose', '-prediction-mode=index', '-interval-list=30m', '-range-min-rsi=28', '-range-max-rsi=80', '-range-p-ema=50,250', '-target-margin-list=1.0,1.5,2.0,2.5,3.0,3.5,4.0,4.5,5.0', '-log-level=WARNING']
2023-11-26 19:33:40;UNIUSDT;30m;4.5;100;30;72;100.0;5;90.62;['-batch-training', '-calc-rsi', '-verbose', '-prediction-mode=index', '-interval-list=30m', '-range-min-rsi=28', '-range-max-rsi=80', '-range-p-ema=50,250', '-target-margin-list=1.0,1.5,2.0,2.5,3.0,3.5,4.0,4.5,5.0', '-log-level=WARNING']
2023-11-26 20:42:54;UNIUSDT;30m;4.0;250;32;72;100.0;5;90.62;['-batch-training', '-calc-rsi', '-verbose', '-prediction-mode=index', '-interval-list=30m', '-range-min-rsi=28', '-range-max-rsi=80', '-range-p-ema=50,250', '-target-margin-list=1.0,1.5,2.0,2.5,3.0,3.5,4.0,4.5,5.0', '-log-level=WARNING']
2023-11-26 20:44:22;UNIUSDT;30m;4.5;250;30;72;100.0;5;90.62;['-batch-training', '-calc-rsi', '-verbose', '-prediction-mode=index', '-interval-list=30m', '-range-min-rsi=28', '-range-max-rsi=80', '-range-p-ema=50,250', '-target-margin-list=1.0,1.5,2.0,2.5,3.0,3.5,4.0,4.5,5.0', '-log-level=WARNING']
2023-11-26 19:44:00;UNIUSDT;30m;4.0;125;32;72;100.0;5;90.62;['-batch-training', '-calc-rsi', '-verbose', '-prediction-mode=index', '-interval-list=30m', '-range-min-rsi=28', '-range-max-rsi=80', '-range-p-ema=50,250', '-target-margin-list=1.0,1.5,2.0,2.5,3.0,3.5,4.0,4.5,5.0', '-log-level=WARNING']
2023-11-26 20:05:20;UNIUSDT;30m;4.0;175;32;72;100.0;5;90.62;['-batch-training', '-calc-rsi', '-verbose', '-prediction-mode=index', '-interval-list=30m', '-range-min-rsi=28', '-range-max-rsi=80', '-range-p-ema=50,250', '-target-margin-list=1.0,1.5,2.0,2.5,3.0,3.5,4.0,4.5,5.0', '-log-level=WARNING']
2023-11-26 20:36:44;UNIUSDT;30m;2.0;250;30;72;100.0;7;90.62;['-batch-training', '-calc-rsi', '-verbose', '-prediction-mode=index', '-interval-list=30m', '-range-min-rsi=28', '-range-max-rsi=80', '-range-p-ema=50,250', '-target-margin-list=1.0,1.5,2.0,2.5,3.0,3.5,4.0,4.5,5.0', '-log-level=WARNING']
2023-11-26 19:55:13;UNIUSDT;30m;4.0;150;32;72;100.0;5;90.62;['-batch-training', '-calc-rsi', '-verbose', '-prediction-mode=index', '-interval-list=30m', '-range-min-rsi=28', '-range-max-rsi=80', '-range-p-ema=50,250', '-target-margin-list=1.0,1.5,2.0,2.5,3.0,3.5,4.0,4.5,5.0', '-log-level=WARNING']
2023-11-26 20:06:24;UNIUSDT;30m;4.5;175;30;72;100.0;5;90.62;['-batch-training', '-calc-rsi', '-verbose', '-prediction-mode=index', '-interval-list=30m', '-range-min-rsi=28', '-range-max-rsi=80', '-range-p-ema=50,250', '-target-margin-list=1.0,1.5,2.0,2.5,3.0,3.5,4.0,4.5,5.0', '-log-level=WARNING']
2023-11-26 20:30:46;UNIUSDT;30m;4.5;225;30;72;100.0;5;90.62;['-batch-training', '-calc-rsi', '-verbose', '-prediction-mode=index', '-interval-list=30m', '-range-min-rsi=28', '-range-max-rsi=80', '-range-p-ema=50,250', '-target-margin-list=1.0,1.5,2.0,2.5,3.0,3.5,4.0,4.5,5.0', '-log-level=WARNING']
2023-11-26 20:29:22;UNIUSDT;30m;4.0;225;32;72;100.0;5;90.62;['-batch-training', '-calc-rsi', '-verbose', '-prediction-mode=index', '-interval-list=30m', '-range-min-rsi=28', '-range-max-rsi=80', '-range-p-ema=50,250', '-target-margin-list=1.0,1.5,2.0,2.5,3.0,3.5,4.0,4.5,5.0', '-log-level=WARNING']
2023-11-26 20:16:30;UNIUSDT;30m;4.0;200;32;72;100.0;5;90.62;['-batch-training', '-calc-rsi', '-verbose', '-prediction-mode=index', '-interval-list=30m', '-range-min-rsi=28', '-range-max-rsi=80', '-range-p-ema=50,250', '-target-margin-list=1.0,1.5,2.0,2.5,3.0,3.5,4.0,4.5,5.0', '-log-level=WARNING']
2023-11-26 20:17:50;UNIUSDT;30m;4.5;200;30;72;100.0;5;90.62;['-batch-training', '-calc-rsi', '-verbose', '-prediction-mode=index', '-interval-list=30m', '-range-min-rsi=28', '-range-max-rsi=80', '-range-p-ema=50,250', '-target-margin-list=1.0,1.5,2.0,2.5,3.0,3.5,4.0,4.5,5.0', '-log-level=WARNING']
2023-11-26 20:57:20;UNIUSDT;30m;4.0;50;32;72;100.0;5;90.62;['-batch-training', '-calc-rsi', '-verbose', '-prediction-mode=index', '-interval-list=30m', '-range-min-rsi=28', '-range-max-rsi=80', '-range-p-ema=50,250', '-target-margin-list=1.0,1.5,2.0,2.5,3.0,3.5,4.0,4.5,5.0', '-log-level=WARNING']
2023-11-26 21:14:34;UNIUSDT;30m;4.5;75;30;72;100.0;5;90.62;['-batch-training', '-calc-rsi', '-verbose', '-prediction-mode=index', '-interval-list=30m', '-range-min-rsi=28', '-range-max-rsi=80', '-range-p-ema=50,250', '-target-margin-list=1.0,1.5,2.0,2.5,3.0,3.5,4.0,4.5,5.0', '-log-level=WARNING']
2023-11-26 19:45:14;UNIUSDT;30m;4.5;125;30;72;100.0;5;90.62;['-batch-training', '-calc-rsi', '-verbose', '-prediction-mode=index', '-interval-list=30m', '-range-min-rsi=28', '-range-max-rsi=80', '-range-p-ema=50,250', '-target-margin-list=1.0,1.5,2.0,2.5,3.0,3.5,4.0,4.5,5.0', '-log-level=WARNING']
2023-11-26 19:56:19;UNIUSDT;30m;4.5;150;30;72;100.0;5;90.62;['-batch-training', '-calc-rsi', '-verbose', '-prediction-mode=index', '-interval-list=30m', '-range-min-rsi=28', '-range-max-rsi=80', '-range-p-ema=50,250', '-target-margin-list=1.0,1.5,2.0,2.5,3.0,3.5,4.0,4.5,5.0', '-log-level=WARNING']
2023-11-26 19:38:45;UNIUSDT;30m;1.5;125;36;80;100.0;2;90.64;['-batch-training', '-calc-rsi', '-verbose', '-prediction-mode=index', '-interval-list=30m', '-range-min-rsi=28', '-range-max-rsi=80', '-range-p-ema=50,250', '-target-margin-list=1.0,1.5,2.0,2.5,3.0,3.5,4.0,4.5,5.0', '-log-level=WARNING']
2023-11-26 19:27:16;UNIUSDT;30m;1.5;100;36;80;100.0;2;90.64;['-batch-training', '-calc-rsi', '-verbose', '-prediction-mode=index', '-interval-list=30m', '-range-min-rsi=28', '-range-max-rsi=80', '-range-p-ema=50,250', '-target-margin-list=1.0,1.5,2.0,2.5,3.0,3.5,4.0,4.5,5.0', '-log-level=WARNING']
2023-11-26 19:36:38;UNIUSDT;30m;1.0;125;36;74;100.0;3;90.67;['-batch-training', '-calc-rsi', '-verbose', '-prediction-mode=index', '-interval-list=30m', '-range-min-rsi=28', '-range-max-rsi=80', '-range-p-ema=50,250', '-target-margin-list=1.0,1.5,2.0,2.5,3.0,3.5,4.0,4.5,5.0', '-log-level=WARNING']
2023-11-26 19:25:11;UNIUSDT;30m;1.0;100;36;74;100.0;3;90.67;['-batch-training', '-calc-rsi', '-verbose', '-prediction-mode=index', '-interval-list=30m', '-range-min-rsi=28', '-range-max-rsi=80', '-range-p-ema=50,250', '-target-margin-list=1.0,1.5,2.0,2.5,3.0,3.5,4.0,4.5,5.0', '-log-level=WARNING']
2023-11-26 20:03:10;UNIUSDT;30m;3.0;175;34;72;100.0;5;90.72;['-batch-training', '-calc-rsi', '-verbose', '-prediction-mode=index', '-interval-list=30m', '-range-min-rsi=28', '-range-max-rsi=80', '-range-p-ema=50,250', '-target-margin-list=1.0,1.5,2.0,2.5,3.0,3.5,4.0,4.5,5.0', '-log-level=WARNING']
2023-11-26 20:13:38;UNIUSDT;30m;2.5;200;36;80;100.0;7;90.72;['-batch-training', '-calc-rsi', '-verbose', '-prediction-mode=index', '-interval-list=30m', '-range-min-rsi=28', '-range-max-rsi=80', '-range-p-ema=50,250', '-target-margin-list=1.0,1.5,2.0,2.5,3.0,3.5,4.0,4.5,5.0', '-log-level=WARNING']
2023-11-26 19:52:49;UNIUSDT;30m;2.5;150;36;80;100.0;7;90.72;['-batch-training', '-calc-rsi', '-verbose', '-prediction-mode=index', '-interval-list=30m', '-range-min-rsi=28', '-range-max-rsi=80', '-range-p-ema=50,250', '-target-margin-list=1.0,1.5,2.0,2.5,3.0,3.5,4.0,4.5,5.0', '-log-level=WARNING']
2023-11-26 20:13:51;UNIUSDT;30m;3.0;200;34;72;100.0;5;90.72;['-batch-training', '-calc-rsi', '-verbose', '-prediction-mode=index', '-interval-list=30m', '-range-min-rsi=28', '-range-max-rsi=80', '-range-p-ema=50,250', '-target-margin-list=1.0,1.5,2.0,2.5,3.0,3.5,4.0,4.5,5.0', '-log-level=WARNING']
2023-11-26 20:03:00;UNIUSDT;30m;2.5;175;36;80;100.0;7;90.72;['-batch-training', '-calc-rsi', '-verbose', '-prediction-mode=index', '-interval-list=30m', '-range-min-rsi=28', '-range-max-rsi=80', '-range-p-ema=50,250', '-target-margin-list=1.0,1.5,2.0,2.5,3.0,3.5,4.0,4.5,5.0', '-log-level=WARNING']
2023-11-26 20:35:10;UNIUSDT;30m;1.5;250;28;72;100.0;4;90.78;['-batch-training', '-calc-rsi', '-verbose', '-prediction-mode=index', '-interval-list=30m', '-range-min-rsi=28', '-range-max-rsi=80', '-range-p-ema=50,250', '-target-margin-list=1.0,1.5,2.0,2.5,3.0,3.5,4.0,4.5,5.0', '-log-level=WARNING']
2023-11-26 20:22:33;UNIUSDT;30m;1.5;225;36;74;100.0;2;90.82;['-batch-training', '-calc-rsi', '-verbose', '-prediction-mode=index', '-interval-list=30m', '-range-min-rsi=28', '-range-max-rsi=80', '-range-p-ema=50,250', '-target-margin-list=1.0,1.5,2.0,2.5,3.0,3.5,4.0,4.5,5.0', '-log-level=WARNING']
2023-11-26 19:50:41;UNIUSDT;30m;2.0;150;32;74;100.0;3;90.84;['-batch-training', '-calc-rsi', '-verbose', '-prediction-mode=index', '-interval-list=30m', '-range-min-rsi=28', '-range-max-rsi=80', '-range-p-ema=50,250', '-target-margin-list=1.0,1.5,2.0,2.5,3.0,3.5,4.0,4.5,5.0', '-log-level=WARNING']
2023-11-26 20:37:01;UNIUSDT;30m;2.0;250;30;74;100.0;5;90.84;['-batch-training', '-calc-rsi', '-verbose', '-prediction-mode=index', '-interval-list=30m', '-range-min-rsi=28', '-range-max-rsi=80', '-range-p-ema=50,250', '-target-margin-list=1.0,1.5,2.0,2.5,3.0,3.5,4.0,4.5,5.0', '-log-level=WARNING']
2023-11-26 19:47:53;UNIUSDT;30m;1.0;150;34;72;100.0;6;90.87;['-batch-training', '-calc-rsi', '-verbose', '-prediction-mode=index', '-interval-list=30m', '-range-min-rsi=28', '-range-max-rsi=80', '-range-p-ema=50,250', '-target-margin-list=1.0,1.5,2.0,2.5,3.0,3.5,4.0,4.5,5.0', '-log-level=WARNING']
2023-11-26 20:13:06;UNIUSDT;30m;2.5;200;36;76;100.0;7;90.89;['-batch-training', '-calc-rsi', '-verbose', '-prediction-mode=index', '-interval-list=30m', '-range-min-rsi=28', '-range-max-rsi=80', '-range-p-ema=50,250', '-target-margin-list=1.0,1.5,2.0,2.5,3.0,3.5,4.0,4.5,5.0', '-log-level=WARNING']
2023-11-26 20:02:33;UNIUSDT;30m;2.5;175;36;76;100.0;7;90.89;['-batch-training', '-calc-rsi', '-verbose', '-prediction-mode=index', '-interval-list=30m', '-range-min-rsi=28', '-range-max-rsi=80', '-range-p-ema=50,250', '-target-margin-list=1.0,1.5,2.0,2.5,3.0,3.5,4.0,4.5,5.0', '-log-level=WARNING']
2023-11-26 20:12:50;UNIUSDT;30m;2.5;200;36;74;100.0;7;90.89;['-batch-training', '-calc-rsi', '-verbose', '-prediction-mode=index', '-interval-list=30m', '-range-min-rsi=28', '-range-max-rsi=80', '-range-p-ema=50,250', '-target-margin-list=1.0,1.5,2.0,2.5,3.0,3.5,4.0,4.5,5.0', '-log-level=WARNING']
2023-11-26 20:02:19;UNIUSDT;30m;2.5;175;36;74;100.0;7;90.89;['-batch-training', '-calc-rsi', '-verbose', '-prediction-mode=index', '-interval-list=30m', '-range-min-rsi=28', '-range-max-rsi=80', '-range-p-ema=50,250', '-target-margin-list=1.0,1.5,2.0,2.5,3.0,3.5,4.0,4.5,5.0', '-log-level=WARNING']
2023-11-26 20:50:41;UNIUSDT;30m;2.0;50;30;72;100.0;7;90.91;['-batch-training', '-calc-rsi', '-verbose', '-prediction-mode=index', '-interval-list=30m', '-range-min-rsi=28', '-range-max-rsi=80', '-range-p-ema=50,250', '-target-margin-list=1.0,1.5,2.0,2.5,3.0,3.5,4.0,4.5,5.0', '-log-level=WARNING']
2023-11-26 20:00:51;UNIUSDT;30m;2.0;175;30;72;100.0;7;90.91;['-batch-training', '-calc-rsi', '-verbose', '-prediction-mode=index', '-interval-list=30m', '-range-min-rsi=28', '-range-max-rsi=80', '-range-p-ema=50,250', '-target-margin-list=1.0,1.5,2.0,2.5,3.0,3.5,4.0,4.5,5.0', '-log-level=WARNING']
2023-11-26 19:38:51;UNIUSDT;30m;2.0;125;30;72;100.0;7;90.91;['-batch-training', '-calc-rsi', '-verbose', '-prediction-mode=index', '-interval-list=30m', '-range-min-rsi=28', '-range-max-rsi=80', '-range-p-ema=50,250', '-target-margin-list=1.0,1.5,2.0,2.5,3.0,3.5,4.0,4.5,5.0', '-log-level=WARNING']
2023-11-26 19:50:23;UNIUSDT;30m;2.0;150;30;72;100.0;7;90.91;['-batch-training', '-calc-rsi', '-verbose', '-prediction-mode=index', '-interval-list=30m', '-range-min-rsi=28', '-range-max-rsi=80', '-range-p-ema=50,250', '-target-margin-list=1.0,1.5,2.0,2.5,3.0,3.5,4.0,4.5,5.0', '-log-level=WARNING']
2023-11-26 20:11:05;UNIUSDT;30m;2.0;200;30;72;100.0;7;90.91;['-batch-training', '-calc-rsi', '-verbose', '-prediction-mode=index', '-interval-list=30m', '-range-min-rsi=28', '-range-max-rsi=80', '-range-p-ema=50,250', '-target-margin-list=1.0,1.5,2.0,2.5,3.0,3.5,4.0,4.5,5.0', '-log-level=WARNING']
2023-11-26 21:05:49;UNIUSDT;30m;2.0;75;30;72;100.0;7;90.91;['-batch-training', '-calc-rsi', '-verbose', '-prediction-mode=index', '-interval-list=30m', '-range-min-rsi=28', '-range-max-rsi=80', '-range-p-ema=50,250', '-target-margin-list=1.0,1.5,2.0,2.5,3.0,3.5,4.0,4.5,5.0', '-log-level=WARNING']
2023-11-26 20:23:32;UNIUSDT;30m;2.0;225;30;72;100.0;7;90.91;['-batch-training', '-calc-rsi', '-verbose', '-prediction-mode=index', '-interval-list=30m', '-range-min-rsi=28', '-range-max-rsi=80', '-range-p-ema=50,250', '-target-margin-list=1.0,1.5,2.0,2.5,3.0,3.5,4.0,4.5,5.0', '-log-level=WARNING']
2023-11-26 19:27:22;UNIUSDT;30m;2.0;100;30;72;100.0;7;90.91;['-batch-training', '-calc-rsi', '-verbose', '-prediction-mode=index', '-interval-list=30m', '-range-min-rsi=28', '-range-max-rsi=80', '-range-p-ema=50,250', '-target-margin-list=1.0,1.5,2.0,2.5,3.0,3.5,4.0,4.5,5.0', '-log-level=WARNING']
2023-11-26 20:16:27;UNIUSDT;30m;4.0;200;30;72;100.0;5;91.0;['-batch-training', '-calc-rsi', '-verbose', '-prediction-mode=index', '-interval-list=30m', '-range-min-rsi=28', '-range-max-rsi=80', '-range-p-ema=50,250', '-target-margin-list=1.0,1.5,2.0,2.5,3.0,3.5,4.0,4.5,5.0', '-log-level=WARNING']
2023-11-26 20:42:50;UNIUSDT;30m;4.0;250;30;72;100.0;5;91.0;['-batch-training', '-calc-rsi', '-verbose', '-prediction-mode=index', '-interval-list=30m', '-range-min-rsi=28', '-range-max-rsi=80', '-range-p-ema=50,250', '-target-margin-list=1.0,1.5,2.0,2.5,3.0,3.5,4.0,4.5,5.0', '-log-level=WARNING']
2023-11-26 20:57:15;UNIUSDT;30m;4.0;50;30;72;100.0;5;91.0;['-batch-training', '-calc-rsi', '-verbose', '-prediction-mode=index', '-interval-list=30m', '-range-min-rsi=28', '-range-max-rsi=80', '-range-p-ema=50,250', '-target-margin-list=1.0,1.5,2.0,2.5,3.0,3.5,4.0,4.5,5.0', '-log-level=WARNING']
2023-11-26 19:55:11;UNIUSDT;30m;4.0;150;30;72;100.0;5;91.0;['-batch-training', '-calc-rsi', '-verbose', '-prediction-mode=index', '-interval-list=30m', '-range-min-rsi=28', '-range-max-rsi=80', '-range-p-ema=50,250', '-target-margin-list=1.0,1.5,2.0,2.5,3.0,3.5,4.0,4.5,5.0', '-log-level=WARNING']
2023-11-26 19:32:26;UNIUSDT;30m;4.0;100;30;72;100.0;5;91.0;['-batch-training', '-calc-rsi', '-verbose', '-prediction-mode=index', '-interval-list=30m', '-range-min-rsi=28', '-range-max-rsi=80', '-range-p-ema=50,250', '-target-margin-list=1.0,1.5,2.0,2.5,3.0,3.5,4.0,4.5,5.0', '-log-level=WARNING']
2023-11-26 21:13:01;UNIUSDT;30m;4.0;75;30;72;100.0;5;91.0;['-batch-training', '-calc-rsi', '-verbose', '-prediction-mode=index', '-interval-list=30m', '-range-min-rsi=28', '-range-max-rsi=80', '-range-p-ema=50,250', '-target-margin-list=1.0,1.5,2.0,2.5,3.0,3.5,4.0,4.5,5.0', '-log-level=WARNING']
2023-11-26 19:43:57;UNIUSDT;30m;4.0;125;30;72;100.0;5;91.0;['-batch-training', '-calc-rsi', '-verbose', '-prediction-mode=index', '-interval-list=30m', '-range-min-rsi=28', '-range-max-rsi=80', '-range-p-ema=50,250', '-target-margin-list=1.0,1.5,2.0,2.5,3.0,3.5,4.0,4.5,5.0', '-log-level=WARNING']
2023-11-26 20:29:19;UNIUSDT;30m;4.0;225;30;72;100.0;5;91.0;['-batch-training', '-calc-rsi', '-verbose', '-prediction-mode=index', '-interval-list=30m', '-range-min-rsi=28', '-range-max-rsi=80', '-range-p-ema=50,250', '-target-margin-list=1.0,1.5,2.0,2.5,3.0,3.5,4.0,4.5,5.0', '-log-level=WARNING']
2023-11-26 20:05:17;UNIUSDT;30m;4.0;175;30;72;100.0;5;91.0;['-batch-training', '-calc-rsi', '-verbose', '-prediction-mode=index', '-interval-list=30m', '-range-min-rsi=28', '-range-max-rsi=80', '-range-p-ema=50,250', '-target-margin-list=1.0,1.5,2.0,2.5,3.0,3.5,4.0,4.5,5.0', '-log-level=WARNING']
2023-11-26 20:03:05;UNIUSDT;30m;3.0;175;30;72;100.0;5;91.01;['-batch-training', '-calc-rsi', '-verbose', '-prediction-mode=index', '-interval-list=30m', '-range-min-rsi=28', '-range-max-rsi=80', '-range-p-ema=50,250', '-target-margin-list=1.0,1.5,2.0,2.5,3.0,3.5,4.0,4.5,5.0', '-log-level=WARNING']
2023-11-26 20:53:59;UNIUSDT;30m;3.0;50;30;72;100.0;5;91.01;['-batch-training', '-calc-rsi', '-verbose', '-prediction-mode=index', '-interval-list=30m', '-range-min-rsi=28', '-range-max-rsi=80', '-range-p-ema=50,250', '-target-margin-list=1.0,1.5,2.0,2.5,3.0,3.5,4.0,4.5,5.0', '-log-level=WARNING']
2023-11-26 19:52:54;UNIUSDT;30m;3.0;150;30;72;100.0;5;91.01;['-batch-training', '-calc-rsi', '-verbose', '-prediction-mode=index', '-interval-list=30m', '-range-min-rsi=28', '-range-max-rsi=80', '-range-p-ema=50,250', '-target-margin-list=1.0,1.5,2.0,2.5,3.0,3.5,4.0,4.5,5.0', '-log-level=WARNING']
2023-11-26 20:26:24;UNIUSDT;30m;3.0;225;30;72;100.0;5;91.01;['-batch-training', '-calc-rsi', '-verbose', '-prediction-mode=index', '-interval-list=30m', '-range-min-rsi=28', '-range-max-rsi=80', '-range-p-ema=50,250', '-target-margin-list=1.0,1.5,2.0,2.5,3.0,3.5,4.0,4.5,5.0', '-log-level=WARNING']
2023-11-26 21:09:26;UNIUSDT;30m;3.0;75;30;72;100.0;5;91.01;['-batch-training', '-calc-rsi', '-verbose', '-prediction-mode=index', '-interval-list=30m', '-range-min-rsi=28', '-range-max-rsi=80', '-range-p-ema=50,250', '-target-margin-list=1.0,1.5,2.0,2.5,3.0,3.5,4.0,4.5,5.0', '-log-level=WARNING']
2023-11-26 19:29:57;UNIUSDT;30m;3.0;100;30;72;100.0;5;91.01;['-batch-training', '-calc-rsi', '-verbose', '-prediction-mode=index', '-interval-list=30m', '-range-min-rsi=28', '-range-max-rsi=80', '-range-p-ema=50,250', '-target-margin-list=1.0,1.5,2.0,2.5,3.0,3.5,4.0,4.5,5.0', '-log-level=WARNING']
2023-11-26 20:13:45;UNIUSDT;30m;3.0;200;30;72;100.0;5;91.01;['-batch-training', '-calc-rsi', '-verbose', '-prediction-mode=index', '-interval-list=30m', '-range-min-rsi=28', '-range-max-rsi=80', '-range-p-ema=50,250', '-target-margin-list=1.0,1.5,2.0,2.5,3.0,3.5,4.0,4.5,5.0', '-log-level=WARNING']
2023-11-26 19:41:26;UNIUSDT;30m;3.0;125;30;72;100.0;5;91.01;['-batch-training', '-calc-rsi', '-verbose', '-prediction-mode=index', '-interval-list=30m', '-range-min-rsi=28', '-range-max-rsi=80', '-range-p-ema=50,250', '-target-margin-list=1.0,1.5,2.0,2.5,3.0,3.5,4.0,4.5,5.0', '-log-level=WARNING']
2023-11-26 20:29:16;UNIUSDT;30m;4.0;225;28;72;100.0;5;91.04;['-batch-training', '-calc-rsi', '-verbose', '-prediction-mode=index', '-interval-list=30m', '-range-min-rsi=28', '-range-max-rsi=80', '-range-p-ema=50,250', '-target-margin-list=1.0,1.5,2.0,2.5,3.0,3.5,4.0,4.5,5.0', '-log-level=WARNING']
2023-11-26 19:32:23;UNIUSDT;30m;4.0;100;28;72;100.0;5;91.04;['-batch-training', '-calc-rsi', '-verbose', '-prediction-mode=index', '-interval-list=30m', '-range-min-rsi=28', '-range-max-rsi=80', '-range-p-ema=50,250', '-target-margin-list=1.0,1.5,2.0,2.5,3.0,3.5,4.0,4.5,5.0', '-log-level=WARNING']
2023-11-26 20:42:47;UNIUSDT;30m;4.0;250;28;72;100.0;5;91.04;['-batch-training', '-calc-rsi', '-verbose', '-prediction-mode=index', '-interval-list=30m', '-range-min-rsi=28', '-range-max-rsi=80', '-range-p-ema=50,250', '-target-margin-list=1.0,1.5,2.0,2.5,3.0,3.5,4.0,4.5,5.0', '-log-level=WARNING']
2023-11-26 19:43:54;UNIUSDT;30m;4.0;125;28;72;100.0;5;91.04;['-batch-training', '-calc-rsi', '-verbose', '-prediction-mode=index', '-interval-list=30m', '-range-min-rsi=28', '-range-max-rsi=80', '-range-p-ema=50,250', '-target-margin-list=1.0,1.5,2.0,2.5,3.0,3.5,4.0,4.5,5.0', '-log-level=WARNING']
2023-11-26 19:55:08;UNIUSDT;30m;4.0;150;28;72;100.0;5;91.04;['-batch-training', '-calc-rsi', '-verbose', '-prediction-mode=index', '-interval-list=30m', '-range-min-rsi=28', '-range-max-rsi=80', '-range-p-ema=50,250', '-target-margin-list=1.0,1.5,2.0,2.5,3.0,3.5,4.0,4.5,5.0', '-log-level=WARNING']
2023-11-26 20:16:24;UNIUSDT;30m;4.0;200;28;72;100.0;5;91.04;['-batch-training', '-calc-rsi', '-verbose', '-prediction-mode=index', '-interval-list=30m', '-range-min-rsi=28', '-range-max-rsi=80', '-range-p-ema=50,250', '-target-margin-list=1.0,1.5,2.0,2.5,3.0,3.5,4.0,4.5,5.0', '-log-level=WARNING']
2023-11-26 20:57:11;UNIUSDT;30m;4.0;50;28;72;100.0;5;91.04;['-batch-training', '-calc-rsi', '-verbose', '-prediction-mode=index', '-interval-list=30m', '-range-min-rsi=28', '-range-max-rsi=80', '-range-p-ema=50,250', '-target-margin-list=1.0,1.5,2.0,2.5,3.0,3.5,4.0,4.5,5.0', '-log-level=WARNING']
2023-11-26 20:05:15;UNIUSDT;30m;4.0;175;28;72;100.0;5;91.04;['-batch-training', '-calc-rsi', '-verbose', '-prediction-mode=index', '-interval-list=30m', '-range-min-rsi=28', '-range-max-rsi=80', '-range-p-ema=50,250', '-target-margin-list=1.0,1.5,2.0,2.5,3.0,3.5,4.0,4.5,5.0', '-log-level=WARNING']
2023-11-26 21:12:56;UNIUSDT;30m;4.0;75;28;72;100.0;5;91.04;['-batch-training', '-calc-rsi', '-verbose', '-prediction-mode=index', '-interval-list=30m', '-range-min-rsi=28', '-range-max-rsi=80', '-range-p-ema=50,250', '-target-margin-list=1.0,1.5,2.0,2.5,3.0,3.5,4.0,4.5,5.0', '-log-level=WARNING']
2023-11-26 20:23:25;UNIUSDT;30m;1.5;225;36;80;100.0;2;91.06;['-batch-training', '-calc-rsi', '-verbose', '-prediction-mode=index', '-interval-list=30m', '-range-min-rsi=28', '-range-max-rsi=80', '-range-p-ema=50,250', '-target-margin-list=1.0,1.5,2.0,2.5,3.0,3.5,4.0,4.5,5.0', '-log-level=WARNING']
2023-11-26 20:00:32;UNIUSDT;30m;1.5;175;36;78;100.0;2;91.08;['-batch-training', '-calc-rsi', '-verbose', '-prediction-mode=index', '-interval-list=30m', '-range-min-rsi=28', '-range-max-rsi=80', '-range-p-ema=50,250', '-target-margin-list=1.0,1.5,2.0,2.5,3.0,3.5,4.0,4.5,5.0', '-log-level=WARNING']
2023-11-26 20:25:43;UNIUSDT;30m;2.5;225;36;76;100.0;6;91.11;['-batch-training', '-calc-rsi', '-verbose', '-prediction-mode=index', '-interval-list=30m', '-range-min-rsi=28', '-range-max-rsi=80', '-range-p-ema=50,250', '-target-margin-list=1.0,1.5,2.0,2.5,3.0,3.5,4.0,4.5,5.0', '-log-level=WARNING']
2023-11-26 21:06:11;UNIUSDT;30m;2.0;75;30;74;100.0;5;91.13;['-batch-training', '-calc-rsi', '-verbose', '-prediction-mode=index', '-interval-list=30m', '-range-min-rsi=28', '-range-max-rsi=80', '-range-p-ema=50,250', '-target-margin-list=1.0,1.5,2.0,2.5,3.0,3.5,4.0,4.5,5.0', '-log-level=WARNING']
2023-11-26 20:11:22;UNIUSDT;30m;2.0;200;30;74;100.0;5;91.13;['-batch-training', '-calc-rsi', '-verbose', '-prediction-mode=index', '-interval-list=30m', '-range-min-rsi=28', '-range-max-rsi=80', '-range-p-ema=50,250', '-target-margin-list=1.0,1.5,2.0,2.5,3.0,3.5,4.0,4.5,5.0', '-log-level=WARNING']
2023-11-26 20:01:04;UNIUSDT;30m;2.0;175;30;74;100.0;5;91.13;['-batch-training', '-calc-rsi', '-verbose', '-prediction-mode=index', '-interval-list=30m', '-range-min-rsi=28', '-range-max-rsi=80', '-range-p-ema=50,250', '-target-margin-list=1.0,1.5,2.0,2.5,3.0,3.5,4.0,4.5,5.0', '-log-level=WARNING']
2023-11-26 20:23:49;UNIUSDT;30m;2.0;225;30;74;100.0;5;91.13;['-batch-training', '-calc-rsi', '-verbose', '-prediction-mode=index', '-interval-list=30m', '-range-min-rsi=28', '-range-max-rsi=80', '-range-p-ema=50,250', '-target-margin-list=1.0,1.5,2.0,2.5,3.0,3.5,4.0,4.5,5.0', '-log-level=WARNING']
2023-11-26 20:51:01;UNIUSDT;30m;2.0;50;30;74;100.0;5;91.13;['-batch-training', '-calc-rsi', '-verbose', '-prediction-mode=index', '-interval-list=30m', '-range-min-rsi=28', '-range-max-rsi=80', '-range-p-ema=50,250', '-target-margin-list=1.0,1.5,2.0,2.5,3.0,3.5,4.0,4.5,5.0', '-log-level=WARNING']
2023-11-26 19:27:38;UNIUSDT;30m;2.0;100;30;74;100.0;5;91.13;['-batch-training', '-calc-rsi', '-verbose', '-prediction-mode=index', '-interval-list=30m', '-range-min-rsi=28', '-range-max-rsi=80', '-range-p-ema=50,250', '-target-margin-list=1.0,1.5,2.0,2.5,3.0,3.5,4.0,4.5,5.0', '-log-level=WARNING']
2023-11-26 19:39:07;UNIUSDT;30m;2.0;125;30;74;100.0;5;91.13;['-batch-training', '-calc-rsi', '-verbose', '-prediction-mode=index', '-interval-list=30m', '-range-min-rsi=28', '-range-max-rsi=80', '-range-p-ema=50,250', '-target-margin-list=1.0,1.5,2.0,2.5,3.0,3.5,4.0,4.5,5.0', '-log-level=WARNING']
2023-11-26 19:50:38;UNIUSDT;30m;2.0;150;30;74;100.0;5;91.13;['-batch-training', '-calc-rsi', '-verbose', '-prediction-mode=index', '-interval-list=30m', '-range-min-rsi=28', '-range-max-rsi=80', '-range-p-ema=50,250', '-target-margin-list=1.0,1.5,2.0,2.5,3.0,3.5,4.0,4.5,5.0', '-log-level=WARNING']
2023-11-26 20:03:13;UNIUSDT;30m;3.0;175;36;72;100.0;5;91.23;['-batch-training', '-calc-rsi', '-verbose', '-prediction-mode=index', '-interval-list=30m', '-range-min-rsi=28', '-range-max-rsi=80', '-range-p-ema=50,250', '-target-margin-list=1.0,1.5,2.0,2.5,3.0,3.5,4.0,4.5,5.0', '-log-level=WARNING']
2023-11-26 20:13:55;UNIUSDT;30m;3.0;200;36;72;100.0;5;91.23;['-batch-training', '-calc-rsi', '-verbose', '-prediction-mode=index', '-interval-list=30m', '-range-min-rsi=28', '-range-max-rsi=80', '-range-p-ema=50,250', '-target-margin-list=1.0,1.5,2.0,2.5,3.0,3.5,4.0,4.5,5.0', '-log-level=WARNING']
2023-11-26 20:33:46;UNIUSDT;30m;1.0;250;32;72;100.0;7;91.28;['-batch-training', '-calc-rsi', '-verbose', '-prediction-mode=index', '-interval-list=30m', '-range-min-rsi=28', '-range-max-rsi=80', '-range-p-ema=50,250', '-target-margin-list=1.0,1.5,2.0,2.5,3.0,3.5,4.0,4.5,5.0', '-log-level=WARNING']
2023-11-26 20:02:33;UNIUSDT;30m;2.5;175;36;76;100.0;6;91.31;['-batch-training', '-calc-rsi', '-verbose', '-prediction-mode=index', '-interval-list=30m', '-range-min-rsi=28', '-range-max-rsi=80', '-range-p-ema=50,250', '-target-margin-list=1.0,1.5,2.0,2.5,3.0,3.5,4.0,4.5,5.0', '-log-level=WARNING']
2023-11-26 20:14:17;UNIUSDT;30m;3.0;200;30;76;100.0;5;91.35;['-batch-training', '-calc-rsi', '-verbose', '-prediction-mode=index', '-interval-list=30m', '-range-min-rsi=28', '-range-max-rsi=80', '-range-p-ema=50,250', '-target-margin-list=1.0,1.5,2.0,2.5,3.0,3.5,4.0,4.5,5.0', '-log-level=WARNING']
2023-11-26 19:30:26;UNIUSDT;30m;3.0;100;30;76;100.0;5;91.35;['-batch-training', '-calc-rsi', '-verbose', '-prediction-mode=index', '-interval-list=30m', '-range-min-rsi=28', '-range-max-rsi=80', '-range-p-ema=50,250', '-target-margin-list=1.0,1.5,2.0,2.5,3.0,3.5,4.0,4.5,5.0', '-log-level=WARNING']
2023-11-26 21:10:08;UNIUSDT;30m;3.0;75;30;76;100.0;5;91.35;['-batch-training', '-calc-rsi', '-verbose', '-prediction-mode=index', '-interval-list=30m', '-range-min-rsi=28', '-range-max-rsi=80', '-range-p-ema=50,250', '-target-margin-list=1.0,1.5,2.0,2.5,3.0,3.5,4.0,4.5,5.0', '-log-level=WARNING']
2023-11-26 19:53:21;UNIUSDT;30m;3.0;150;30;76;100.0;5;91.35;['-batch-training', '-calc-rsi', '-verbose', '-prediction-mode=index', '-interval-list=30m', '-range-min-rsi=28', '-range-max-rsi=80', '-range-p-ema=50,250', '-target-margin-list=1.0,1.5,2.0,2.5,3.0,3.5,4.0,4.5,5.0', '-log-level=WARNING']
2023-11-26 20:54:38;UNIUSDT;30m;3.0;50;30;76;100.0;5;91.35;['-batch-training', '-calc-rsi', '-verbose', '-prediction-mode=index', '-interval-list=30m', '-range-min-rsi=28', '-range-max-rsi=80', '-range-p-ema=50,250', '-target-margin-list=1.0,1.5,2.0,2.5,3.0,3.5,4.0,4.5,5.0', '-log-level=WARNING']
2023-11-26 20:03:31;UNIUSDT;30m;3.0;175;30;76;100.0;5;91.35;['-batch-training', '-calc-rsi', '-verbose', '-prediction-mode=index', '-interval-list=30m', '-range-min-rsi=28', '-range-max-rsi=80', '-range-p-ema=50,250', '-target-margin-list=1.0,1.5,2.0,2.5,3.0,3.5,4.0,4.5,5.0', '-log-level=WARNING']
2023-11-26 19:41:56;UNIUSDT;30m;3.0;125;30;76;100.0;5;91.35;['-batch-training', '-calc-rsi', '-verbose', '-prediction-mode=index', '-interval-list=30m', '-range-min-rsi=28', '-range-max-rsi=80', '-range-p-ema=50,250', '-target-margin-list=1.0,1.5,2.0,2.5,3.0,3.5,4.0,4.5,5.0', '-log-level=WARNING']
2023-11-26 20:26:59;UNIUSDT;30m;3.0;225;30;76;100.0;5;91.35;['-batch-training', '-calc-rsi', '-verbose', '-prediction-mode=index', '-interval-list=30m', '-range-min-rsi=28', '-range-max-rsi=80', '-range-p-ema=50,250', '-target-margin-list=1.0,1.5,2.0,2.5,3.0,3.5,4.0,4.5,5.0', '-log-level=WARNING']
2023-11-26 20:39:01;UNIUSDT;30m;2.5;250;36;76;100.0;6;91.41;['-batch-training', '-calc-rsi', '-verbose', '-prediction-mode=index', '-interval-list=30m', '-range-min-rsi=28', '-range-max-rsi=80', '-range-p-ema=50,250', '-target-margin-list=1.0,1.5,2.0,2.5,3.0,3.5,4.0,4.5,5.0', '-log-level=WARNING']
2023-11-26 19:52:20;UNIUSDT;30m;2.5;150;36;76;100.0;6;91.44;['-batch-training', '-calc-rsi', '-verbose', '-prediction-mode=index', '-interval-list=30m', '-range-min-rsi=28', '-range-max-rsi=80', '-range-p-ema=50,250', '-target-margin-list=1.0,1.5,2.0,2.5,3.0,3.5,4.0,4.5,5.0', '-log-level=WARNING']
2023-11-26 20:27:52;UNIUSDT;30m;3.5;225;30;72;100.0;4;91.47;['-batch-training', '-calc-rsi', '-verbose', '-prediction-mode=index', '-interval-list=30m', '-range-min-rsi=28', '-range-max-rsi=80', '-range-p-ema=50,250', '-target-margin-list=1.0,1.5,2.0,2.5,3.0,3.5,4.0,4.5,5.0', '-log-level=WARNING']
2023-11-26 19:31:12;UNIUSDT;30m;3.5;100;30;72;100.0;4;91.47;['-batch-training', '-calc-rsi', '-verbose', '-prediction-mode=index', '-interval-list=30m', '-range-min-rsi=28', '-range-max-rsi=80', '-range-p-ema=50,250', '-target-margin-list=1.0,1.5,2.0,2.5,3.0,3.5,4.0,4.5,5.0', '-log-level=WARNING']
2023-11-26 19:54:02;UNIUSDT;30m;3.5;150;30;72;100.0;4;91.47;['-batch-training', '-calc-rsi', '-verbose', '-prediction-mode=index', '-interval-list=30m', '-range-min-rsi=28', '-range-max-rsi=80', '-range-p-ema=50,250', '-target-margin-list=1.0,1.5,2.0,2.5,3.0,3.5,4.0,4.5,5.0', '-log-level=WARNING']
2023-11-26 20:55:36;UNIUSDT;30m;3.5;50;30;72;100.0;4;91.47;['-batch-training', '-calc-rsi', '-verbose', '-prediction-mode=index', '-interval-list=30m', '-range-min-rsi=28', '-range-max-rsi=80', '-range-p-ema=50,250', '-target-margin-list=1.0,1.5,2.0,2.5,3.0,3.5,4.0,4.5,5.0', '-log-level=WARNING']
2023-11-26 20:04:11;UNIUSDT;30m;3.5;175;30;72;100.0;4;91.47;['-batch-training', '-calc-rsi', '-verbose', '-prediction-mode=index', '-interval-list=30m', '-range-min-rsi=28', '-range-max-rsi=80', '-range-p-ema=50,250', '-target-margin-list=1.0,1.5,2.0,2.5,3.0,3.5,4.0,4.5,5.0', '-log-level=WARNING']
2023-11-26 19:42:42;UNIUSDT;30m;3.5;125;30;72;100.0;4;91.47;['-batch-training', '-calc-rsi', '-verbose', '-prediction-mode=index', '-interval-list=30m', '-range-min-rsi=28', '-range-max-rsi=80', '-range-p-ema=50,250', '-target-margin-list=1.0,1.5,2.0,2.5,3.0,3.5,4.0,4.5,5.0', '-log-level=WARNING']
2023-11-26 21:11:12;UNIUSDT;30m;3.5;75;30;72;100.0;4;91.47;['-batch-training', '-calc-rsi', '-verbose', '-prediction-mode=index', '-interval-list=30m', '-range-min-rsi=28', '-range-max-rsi=80', '-range-p-ema=50,250', '-target-margin-list=1.0,1.5,2.0,2.5,3.0,3.5,4.0,4.5,5.0', '-log-level=WARNING']
2023-11-26 20:15:06;UNIUSDT;30m;3.5;200;30;72;100.0;4;91.47;['-batch-training', '-calc-rsi', '-verbose', '-prediction-mode=index', '-interval-list=30m', '-range-min-rsi=28', '-range-max-rsi=80', '-range-p-ema=50,250', '-target-margin-list=1.0,1.5,2.0,2.5,3.0,3.5,4.0,4.5,5.0', '-log-level=WARNING']
2023-11-26 19:26:51;UNIUSDT;30m;1.5;100;30;78;100.0;7;91.49;['-batch-training', '-calc-rsi', '-verbose', '-prediction-mode=index', '-interval-list=30m', '-range-min-rsi=28', '-range-max-rsi=80', '-range-p-ema=50,250', '-target-margin-list=1.0,1.5,2.0,2.5,3.0,3.5,4.0,4.5,5.0', '-log-level=WARNING']
2023-11-26 21:05:06;UNIUSDT;30m;1.5;75;30;78;100.0;7;91.49;['-batch-training', '-calc-rsi', '-verbose', '-prediction-mode=index', '-interval-list=30m', '-range-min-rsi=28', '-range-max-rsi=80', '-range-p-ema=50,250', '-target-margin-list=1.0,1.5,2.0,2.5,3.0,3.5,4.0,4.5,5.0', '-log-level=WARNING']
2023-11-26 20:50:02;UNIUSDT;30m;1.5;50;30;78;100.0;7;91.49;['-batch-training', '-calc-rsi', '-verbose', '-prediction-mode=index', '-interval-list=30m', '-range-min-rsi=28', '-range-max-rsi=80', '-range-p-ema=50,250', '-target-margin-list=1.0,1.5,2.0,2.5,3.0,3.5,4.0,4.5,5.0', '-log-level=WARNING']
2023-11-26 19:49:52;UNIUSDT;30m;1.5;150;30;78;100.0;7;91.49;['-batch-training', '-calc-rsi', '-verbose', '-prediction-mode=index', '-interval-list=30m', '-range-min-rsi=28', '-range-max-rsi=80', '-range-p-ema=50,250', '-target-margin-list=1.0,1.5,2.0,2.5,3.0,3.5,4.0,4.5,5.0', '-log-level=WARNING']
2023-11-26 19:38:20;UNIUSDT;30m;1.5;125;30;78;100.0;7;91.49;['-batch-training', '-calc-rsi', '-verbose', '-prediction-mode=index', '-interval-list=30m', '-range-min-rsi=28', '-range-max-rsi=80', '-range-p-ema=50,250', '-target-margin-list=1.0,1.5,2.0,2.5,3.0,3.5,4.0,4.5,5.0', '-log-level=WARNING']
2023-11-26 20:41:13;UNIUSDT;30m;3.5;250;28;72;100.0;4;91.54;['-batch-training', '-calc-rsi', '-verbose', '-prediction-mode=index', '-interval-list=30m', '-range-min-rsi=28', '-range-max-rsi=80', '-range-p-ema=50,250', '-target-margin-list=1.0,1.5,2.0,2.5,3.0,3.5,4.0,4.5,5.0', '-log-level=WARNING']
2023-11-26 19:49:30;UNIUSDT;30m;1.5;150;36;74;100.0;2;91.57;['-batch-training', '-calc-rsi', '-verbose', '-prediction-mode=index', '-interval-list=30m', '-range-min-rsi=28', '-range-max-rsi=80', '-range-p-ema=50,250', '-target-margin-list=1.0,1.5,2.0,2.5,3.0,3.5,4.0,4.5,5.0', '-log-level=WARNING']
2023-11-26 19:50:57;UNIUSDT;30m;2.0;150;32;76;100.0;7;91.58;['-batch-training', '-calc-rsi', '-verbose', '-prediction-mode=index', '-interval-list=30m', '-range-min-rsi=28', '-range-max-rsi=80', '-range-p-ema=50,250', '-target-margin-list=1.0,1.5,2.0,2.5,3.0,3.5,4.0,4.5,5.0', '-log-level=WARNING']
2023-11-26 20:01:20;UNIUSDT;30m;2.0;175;32;76;100.0;7;91.58;['-batch-training', '-calc-rsi', '-verbose', '-prediction-mode=index', '-interval-list=30m', '-range-min-rsi=28', '-range-max-rsi=80', '-range-p-ema=50,250', '-target-margin-list=1.0,1.5,2.0,2.5,3.0,3.5,4.0,4.5,5.0', '-log-level=WARNING']
2023-11-26 19:46:36;UNIUSDT;30m;5.0;125;34;72;100.0;4;91.6;['-batch-training', '-calc-rsi', '-verbose', '-prediction-mode=index', '-interval-list=30m', '-range-min-rsi=28', '-range-max-rsi=80', '-range-p-ema=50,250', '-target-margin-list=1.0,1.5,2.0,2.5,3.0,3.5,4.0,4.5,5.0', '-log-level=WARNING']
2023-11-26 19:35:01;UNIUSDT;30m;5.0;100;34;72;100.0;4;91.6;['-batch-training', '-calc-rsi', '-verbose', '-prediction-mode=index', '-interval-list=30m', '-range-min-rsi=28', '-range-max-rsi=80', '-range-p-ema=50,250', '-target-margin-list=1.0,1.5,2.0,2.5,3.0,3.5,4.0,4.5,5.0', '-log-level=WARNING']
2023-11-26 21:16:06;UNIUSDT;30m;5.0;75;34;72;100.0;4;91.6;['-batch-training', '-calc-rsi', '-verbose', '-prediction-mode=index', '-interval-list=30m', '-range-min-rsi=28', '-range-max-rsi=80', '-range-p-ema=50,250', '-target-margin-list=1.0,1.5,2.0,2.5,3.0,3.5,4.0,4.5,5.0', '-log-level=WARNING']
2023-11-26 21:00:43;UNIUSDT;30m;5.0;50;34;72;100.0;4;91.6;['-batch-training', '-calc-rsi', '-verbose', '-prediction-mode=index', '-interval-list=30m', '-range-min-rsi=28', '-range-max-rsi=80', '-range-p-ema=50,250', '-target-margin-list=1.0,1.5,2.0,2.5,3.0,3.5,4.0,4.5,5.0', '-log-level=WARNING']
2023-11-26 20:07:34;UNIUSDT;30m;5.0;175;34;72;100.0;4;91.6;['-batch-training', '-calc-rsi', '-verbose', '-prediction-mode=index', '-interval-list=30m', '-range-min-rsi=28', '-range-max-rsi=80', '-range-p-ema=50,250', '-target-margin-list=1.0,1.5,2.0,2.5,3.0,3.5,4.0,4.5,5.0', '-log-level=WARNING']
2023-11-26 20:46:03;UNIUSDT;30m;5.0;250;34;72;100.0;4;91.6;['-batch-training', '-calc-rsi', '-verbose', '-prediction-mode=index', '-interval-list=30m', '-range-min-rsi=28', '-range-max-rsi=80', '-range-p-ema=50,250', '-target-margin-list=1.0,1.5,2.0,2.5,3.0,3.5,4.0,4.5,5.0', '-log-level=WARNING']
2023-11-26 20:32:21;UNIUSDT;30m;5.0;225;34;72;100.0;4;91.6;['-batch-training', '-calc-rsi', '-verbose', '-prediction-mode=index', '-interval-list=30m', '-range-min-rsi=28', '-range-max-rsi=80', '-range-p-ema=50,250', '-target-margin-list=1.0,1.5,2.0,2.5,3.0,3.5,4.0,4.5,5.0', '-log-level=WARNING']
2023-11-26 19:57:33;UNIUSDT;30m;5.0;150;34;72;100.0;4;91.6;['-batch-training', '-calc-rsi', '-verbose', '-prediction-mode=index', '-interval-list=30m', '-range-min-rsi=28', '-range-max-rsi=80', '-range-p-ema=50,250', '-target-margin-list=1.0,1.5,2.0,2.5,3.0,3.5,4.0,4.5,5.0', '-log-level=WARNING']
2023-11-26 20:19:19;UNIUSDT;30m;5.0;200;34;72;100.0;4;91.6;['-batch-training', '-calc-rsi', '-verbose', '-prediction-mode=index', '-interval-list=30m', '-range-min-rsi=28', '-range-max-rsi=80', '-range-p-ema=50,250', '-target-margin-list=1.0,1.5,2.0,2.5,3.0,3.5,4.0,4.5,5.0', '-log-level=WARNING']
2023-11-26 20:00:24;UNIUSDT;30m;1.5;175;30;78;100.0;7;91.65;['-batch-training', '-calc-rsi', '-verbose', '-prediction-mode=index', '-interval-list=30m', '-range-min-rsi=28', '-range-max-rsi=80', '-range-p-ema=50,250', '-target-margin-list=1.0,1.5,2.0,2.5,3.0,3.5,4.0,4.5,5.0', '-log-level=WARNING']
2023-11-26 20:22:57;UNIUSDT;30m;1.5;225;30;78;100.0;7;91.65;['-batch-training', '-calc-rsi', '-verbose', '-prediction-mode=index', '-interval-list=30m', '-range-min-rsi=28', '-range-max-rsi=80', '-range-p-ema=50,250', '-target-margin-list=1.0,1.5,2.0,2.5,3.0,3.5,4.0,4.5,5.0', '-log-level=WARNING']
2023-11-26 20:10:34;UNIUSDT;30m;1.5;200;30;78;100.0;7;91.65;['-batch-training', '-calc-rsi', '-verbose', '-prediction-mode=index', '-interval-list=30m', '-range-min-rsi=28', '-range-max-rsi=80', '-range-p-ema=50,250', '-target-margin-list=1.0,1.5,2.0,2.5,3.0,3.5,4.0,4.5,5.0', '-log-level=WARNING']
2023-11-26 20:13:06;UNIUSDT;30m;2.5;200;36;76;100.0;5;91.7;['-batch-training', '-calc-rsi', '-verbose', '-prediction-mode=index', '-interval-list=30m', '-range-min-rsi=28', '-range-max-rsi=80', '-range-p-ema=50,250', '-target-margin-list=1.0,1.5,2.0,2.5,3.0,3.5,4.0,4.5,5.0', '-log-level=WARNING']
2023-11-26 20:55:13;UNIUSDT;30m;3.0;50;28;80;100.0;5;91.72;['-batch-training', '-calc-rsi', '-verbose', '-prediction-mode=index', '-interval-list=30m', '-range-min-rsi=28', '-range-max-rsi=80', '-range-p-ema=50,250', '-target-margin-list=1.0,1.5,2.0,2.5,3.0,3.5,4.0,4.5,5.0', '-log-level=WARNING']
2023-11-26 19:42:24;UNIUSDT;30m;3.0;125;28;80;100.0;5;91.72;['-batch-training', '-calc-rsi', '-verbose', '-prediction-mode=index', '-interval-list=30m', '-range-min-rsi=28', '-range-max-rsi=80', '-range-p-ema=50,250', '-target-margin-list=1.0,1.5,2.0,2.5,3.0,3.5,4.0,4.5,5.0', '-log-level=WARNING']
2023-11-26 19:53:46;UNIUSDT;30m;3.0;150;28;80;100.0;5;91.72;['-batch-training', '-calc-rsi', '-verbose', '-prediction-mode=index', '-interval-list=30m', '-range-min-rsi=28', '-range-max-rsi=80', '-range-p-ema=50,250', '-target-margin-list=1.0,1.5,2.0,2.5,3.0,3.5,4.0,4.5,5.0', '-log-level=WARNING']
2023-11-26 20:03:55;UNIUSDT;30m;3.0;175;28;80;100.0;5;91.72;['-batch-training', '-calc-rsi', '-verbose', '-prediction-mode=index', '-interval-list=30m', '-range-min-rsi=28', '-range-max-rsi=80', '-range-p-ema=50,250', '-target-margin-list=1.0,1.5,2.0,2.5,3.0,3.5,4.0,4.5,5.0', '-log-level=WARNING']
2023-11-26 20:40:55;UNIUSDT;30m;3.0;250;28;80;100.0;5;91.72;['-batch-training', '-calc-rsi', '-verbose', '-prediction-mode=index', '-interval-list=30m', '-range-min-rsi=28', '-range-max-rsi=80', '-range-p-ema=50,250', '-target-margin-list=1.0,1.5,2.0,2.5,3.0,3.5,4.0,4.5,5.0', '-log-level=WARNING']
2023-11-26 20:14:46;UNIUSDT;30m;3.0;200;28;80;100.0;5;91.72;['-batch-training', '-calc-rsi', '-verbose', '-prediction-mode=index', '-interval-list=30m', '-range-min-rsi=28', '-range-max-rsi=80', '-range-p-ema=50,250', '-target-margin-list=1.0,1.5,2.0,2.5,3.0,3.5,4.0,4.5,5.0', '-log-level=WARNING']
2023-11-26 20:27:30;UNIUSDT;30m;3.0;225;28;80;100.0;5;91.72;['-batch-training', '-calc-rsi', '-verbose', '-prediction-mode=index', '-interval-list=30m', '-range-min-rsi=28', '-range-max-rsi=80', '-range-p-ema=50,250', '-target-margin-list=1.0,1.5,2.0,2.5,3.0,3.5,4.0,4.5,5.0', '-log-level=WARNING']
2023-11-26 19:30:54;UNIUSDT;30m;3.0;100;28;80;100.0;5;91.72;['-batch-training', '-calc-rsi', '-verbose', '-prediction-mode=index', '-interval-list=30m', '-range-min-rsi=28', '-range-max-rsi=80', '-range-p-ema=50,250', '-target-margin-list=1.0,1.5,2.0,2.5,3.0,3.5,4.0,4.5,5.0', '-log-level=WARNING']
2023-11-26 21:10:47;UNIUSDT;30m;3.0;75;28;80;100.0;5;91.72;['-batch-training', '-calc-rsi', '-verbose', '-prediction-mode=index', '-interval-list=30m', '-range-min-rsi=28', '-range-max-rsi=80', '-range-p-ema=50,250', '-target-margin-list=1.0,1.5,2.0,2.5,3.0,3.5,4.0,4.5,5.0', '-log-level=WARNING']
2023-11-26 19:38:17;UNIUSDT;30m;1.5;125;28;78;100.0;5;91.74;['-batch-training', '-calc-rsi', '-verbose', '-prediction-mode=index', '-interval-list=30m', '-range-min-rsi=28', '-range-max-rsi=80', '-range-p-ema=50,250', '-target-margin-list=1.0,1.5,2.0,2.5,3.0,3.5,4.0,4.5,5.0', '-log-level=WARNING']
2023-11-26 20:22:53;UNIUSDT;30m;1.5;225;28;78;100.0;5;91.74;['-batch-training', '-calc-rsi', '-verbose', '-prediction-mode=index', '-interval-list=30m', '-range-min-rsi=28', '-range-max-rsi=80', '-range-p-ema=50,250', '-target-margin-list=1.0,1.5,2.0,2.5,3.0,3.5,4.0,4.5,5.0', '-log-level=WARNING']
2023-11-26 20:27:06;UNIUSDT;30m;3.0;225;34;76;100.0;5;91.74;['-batch-training', '-calc-rsi', '-verbose', '-prediction-mode=index', '-interval-list=30m', '-range-min-rsi=28', '-range-max-rsi=80', '-range-p-ema=50,250', '-target-margin-list=1.0,1.5,2.0,2.5,3.0,3.5,4.0,4.5,5.0', '-log-level=WARNING']
2023-11-26 20:10:31;UNIUSDT;30m;1.5;200;28;78;100.0;5;91.74;['-batch-training', '-calc-rsi', '-verbose', '-prediction-mode=index', '-interval-list=30m', '-range-min-rsi=28', '-range-max-rsi=80', '-range-p-ema=50,250', '-target-margin-list=1.0,1.5,2.0,2.5,3.0,3.5,4.0,4.5,5.0', '-log-level=WARNING']
2023-11-26 21:05:01;UNIUSDT;30m;1.5;75;28;78;100.0;5;91.74;['-batch-training', '-calc-rsi', '-verbose', '-prediction-mode=index', '-interval-list=30m', '-range-min-rsi=28', '-range-max-rsi=80', '-range-p-ema=50,250', '-target-margin-list=1.0,1.5,2.0,2.5,3.0,3.5,4.0,4.5,5.0', '-log-level=WARNING']
2023-11-26 19:49:49;UNIUSDT;30m;1.5;150;28;78;100.0;5;91.74;['-batch-training', '-calc-rsi', '-verbose', '-prediction-mode=index', '-interval-list=30m', '-range-min-rsi=28', '-range-max-rsi=80', '-range-p-ema=50,250', '-target-margin-list=1.0,1.5,2.0,2.5,3.0,3.5,4.0,4.5,5.0', '-log-level=WARNING']
2023-11-26 19:26:48;UNIUSDT;30m;1.5;100;28;78;100.0;5;91.74;['-batch-training', '-calc-rsi', '-verbose', '-prediction-mode=index', '-interval-list=30m', '-range-min-rsi=28', '-range-max-rsi=80', '-range-p-ema=50,250', '-target-margin-list=1.0,1.5,2.0,2.5,3.0,3.5,4.0,4.5,5.0', '-log-level=WARNING']
2023-11-26 20:00:21;UNIUSDT;30m;1.5;175;28;78;100.0;5;91.74;['-batch-training', '-calc-rsi', '-verbose', '-prediction-mode=index', '-interval-list=30m', '-range-min-rsi=28', '-range-max-rsi=80', '-range-p-ema=50,250', '-target-margin-list=1.0,1.5,2.0,2.5,3.0,3.5,4.0,4.5,5.0', '-log-level=WARNING']
2023-11-26 20:49:59;UNIUSDT;30m;1.5;50;28;78;100.0;5;91.74;['-batch-training', '-calc-rsi', '-verbose', '-prediction-mode=index', '-interval-list=30m', '-range-min-rsi=28', '-range-max-rsi=80', '-range-p-ema=50,250', '-target-margin-list=1.0,1.5,2.0,2.5,3.0,3.5,4.0,4.5,5.0', '-log-level=WARNING']
2023-11-26 20:02:33;UNIUSDT;30m;2.5;175;36;76;100.0;5;91.75;['-batch-training', '-calc-rsi', '-verbose', '-prediction-mode=index', '-interval-list=30m', '-range-min-rsi=28', '-range-max-rsi=80', '-range-p-ema=50,250', '-target-margin-list=1.0,1.5,2.0,2.5,3.0,3.5,4.0,4.5,5.0', '-log-level=WARNING']
2023-11-26 19:58:35;UNIUSDT;30m;1.0;175;32;72;100.0;7;91.75;['-batch-training', '-calc-rsi', '-verbose', '-prediction-mode=index', '-interval-list=30m', '-range-min-rsi=28', '-range-max-rsi=80', '-range-p-ema=50,250', '-target-margin-list=1.0,1.5,2.0,2.5,3.0,3.5,4.0,4.5,5.0', '-log-level=WARNING']
2023-11-26 20:39:51;UNIUSDT;30m;3.0;250;34;72;100.0;5;91.76;['-batch-training', '-calc-rsi', '-verbose', '-prediction-mode=index', '-interval-list=30m', '-range-min-rsi=28', '-range-max-rsi=80', '-range-p-ema=50,250', '-target-margin-list=1.0,1.5,2.0,2.5,3.0,3.5,4.0,4.5,5.0', '-log-level=WARNING']
2023-11-26 20:20:40;UNIUSDT;30m;1.0;225;32;72;100.0;7;91.77;['-batch-training', '-calc-rsi', '-verbose', '-prediction-mode=index', '-interval-list=30m', '-range-min-rsi=28', '-range-max-rsi=80', '-range-p-ema=50,250', '-target-margin-list=1.0,1.5,2.0,2.5,3.0,3.5,4.0,4.5,5.0', '-log-level=WARNING']
2023-11-26 20:08:38;UNIUSDT;30m;1.0;200;32;72;100.0;7;91.77;['-batch-training', '-calc-rsi', '-verbose', '-prediction-mode=index', '-interval-list=30m', '-range-min-rsi=28', '-range-max-rsi=80', '-range-p-ema=50,250', '-target-margin-list=1.0,1.5,2.0,2.5,3.0,3.5,4.0,4.5,5.0', '-log-level=WARNING']
2023-11-26 20:37:22;UNIUSDT;30m;2.0;250;32;76;100.0;7;91.77;['-batch-training', '-calc-rsi', '-verbose', '-prediction-mode=index', '-interval-list=30m', '-range-min-rsi=28', '-range-max-rsi=80', '-range-p-ema=50,250', '-target-margin-list=1.0,1.5,2.0,2.5,3.0,3.5,4.0,4.5,5.0', '-log-level=WARNING']
2023-11-26 19:51:22;UNIUSDT;30m;2.0;150;28;80;100.0;7;91.79;['-batch-training', '-calc-rsi', '-verbose', '-prediction-mode=index', '-interval-list=30m', '-range-min-rsi=28', '-range-max-rsi=80', '-range-p-ema=50,250', '-target-margin-list=1.0,1.5,2.0,2.5,3.0,3.5,4.0,4.5,5.0', '-log-level=WARNING']
2023-11-26 19:39:50;UNIUSDT;30m;2.0;125;28;80;100.0;7;91.79;['-batch-training', '-calc-rsi', '-verbose', '-prediction-mode=index', '-interval-list=30m', '-range-min-rsi=28', '-range-max-rsi=80', '-range-p-ema=50,250', '-target-margin-list=1.0,1.5,2.0,2.5,3.0,3.5,4.0,4.5,5.0', '-log-level=WARNING']
2023-11-26 20:51:55;UNIUSDT;30m;2.0;50;28;80;100.0;7;91.79;['-batch-training', '-calc-rsi', '-verbose', '-prediction-mode=index', '-interval-list=30m', '-range-min-rsi=28', '-range-max-rsi=80', '-range-p-ema=50,250', '-target-margin-list=1.0,1.5,2.0,2.5,3.0,3.5,4.0,4.5,5.0', '-log-level=WARNING']
2023-11-26 20:12:06;UNIUSDT;30m;2.0;200;28;80;100.0;7;91.79;['-batch-training', '-calc-rsi', '-verbose', '-prediction-mode=index', '-interval-list=30m', '-range-min-rsi=28', '-range-max-rsi=80', '-range-p-ema=50,250', '-target-margin-list=1.0,1.5,2.0,2.5,3.0,3.5,4.0,4.5,5.0', '-log-level=WARNING']
2023-11-26 20:01:42;UNIUSDT;30m;2.0;175;28;80;100.0;7;91.79;['-batch-training', '-calc-rsi', '-verbose', '-prediction-mode=index', '-interval-list=30m', '-range-min-rsi=28', '-range-max-rsi=80', '-range-p-ema=50,250', '-target-margin-list=1.0,1.5,2.0,2.5,3.0,3.5,4.0,4.5,5.0', '-log-level=WARNING']
2023-11-26 20:37:51;UNIUSDT;30m;2.0;250;28;80;100.0;7;91.79;['-batch-training', '-calc-rsi', '-verbose', '-prediction-mode=index', '-interval-list=30m', '-range-min-rsi=28', '-range-max-rsi=80', '-range-p-ema=50,250', '-target-margin-list=1.0,1.5,2.0,2.5,3.0,3.5,4.0,4.5,5.0', '-log-level=WARNING']
2023-11-26 20:24:37;UNIUSDT;30m;2.0;225;28;80;100.0;7;91.79;['-batch-training', '-calc-rsi', '-verbose', '-prediction-mode=index', '-interval-list=30m', '-range-min-rsi=28', '-range-max-rsi=80', '-range-p-ema=50,250', '-target-margin-list=1.0,1.5,2.0,2.5,3.0,3.5,4.0,4.5,5.0', '-log-level=WARNING']
2023-11-26 21:07:11;UNIUSDT;30m;2.0;75;28;80;100.0;7;91.79;['-batch-training', '-calc-rsi', '-verbose', '-prediction-mode=index', '-interval-list=30m', '-range-min-rsi=28', '-range-max-rsi=80', '-range-p-ema=50,250', '-target-margin-list=1.0,1.5,2.0,2.5,3.0,3.5,4.0,4.5,5.0', '-log-level=WARNING']
2023-11-26 19:28:21;UNIUSDT;30m;2.0;100;28;80;100.0;7;91.79;['-batch-training', '-calc-rsi', '-verbose', '-prediction-mode=index', '-interval-list=30m', '-range-min-rsi=28', '-range-max-rsi=80', '-range-p-ema=50,250', '-target-margin-list=1.0,1.5,2.0,2.5,3.0,3.5,4.0,4.5,5.0', '-log-level=WARNING']
2023-11-26 19:59:40;UNIUSDT;30m;1.5;175;28;72;100.0;4;91.81;['-batch-training', '-calc-rsi', '-verbose', '-prediction-mode=index', '-interval-list=30m', '-range-min-rsi=28', '-range-max-rsi=80', '-range-p-ema=50,250', '-target-margin-list=1.0,1.5,2.0,2.5,3.0,3.5,4.0,4.5,5.0', '-log-level=WARNING']
2023-11-26 20:09:44;UNIUSDT;30m;1.5;200;28;72;100.0;4;91.81;['-batch-training', '-calc-rsi', '-verbose', '-prediction-mode=index', '-interval-list=30m', '-range-min-rsi=28', '-range-max-rsi=80', '-range-p-ema=50,250', '-target-margin-list=1.0,1.5,2.0,2.5,3.0,3.5,4.0,4.5,5.0', '-log-level=WARNING']
2023-11-26 19:49:02;UNIUSDT;30m;1.5;150;28;72;100.0;4;91.81;['-batch-training', '-calc-rsi', '-verbose', '-prediction-mode=index', '-interval-list=30m', '-range-min-rsi=28', '-range-max-rsi=80', '-range-p-ema=50,250', '-target-margin-list=1.0,1.5,2.0,2.5,3.0,3.5,4.0,4.5,5.0', '-log-level=WARNING']
2023-11-26 21:03:57;UNIUSDT;30m;1.5;75;28;72;100.0;4;91.81;['-batch-training', '-calc-rsi', '-verbose', '-prediction-mode=index', '-interval-list=30m', '-range-min-rsi=28', '-range-max-rsi=80', '-range-p-ema=50,250', '-target-margin-list=1.0,1.5,2.0,2.5,3.0,3.5,4.0,4.5,5.0', '-log-level=WARNING']
2023-11-26 19:37:30;UNIUSDT;30m;1.5;125;28;72;100.0;4;91.81;['-batch-training', '-calc-rsi', '-verbose', '-prediction-mode=index', '-interval-list=30m', '-range-min-rsi=28', '-range-max-rsi=80', '-range-p-ema=50,250', '-target-margin-list=1.0,1.5,2.0,2.5,3.0,3.5,4.0,4.5,5.0', '-log-level=WARNING']
2023-11-26 20:49:01;UNIUSDT;30m;1.5;50;28;72;100.0;4;91.81;['-batch-training', '-calc-rsi', '-verbose', '-prediction-mode=index', '-interval-list=30m', '-range-min-rsi=28', '-range-max-rsi=80', '-range-p-ema=50,250', '-target-margin-list=1.0,1.5,2.0,2.5,3.0,3.5,4.0,4.5,5.0', '-log-level=WARNING']
2023-11-26 19:26:01;UNIUSDT;30m;1.5;100;28;72;100.0;4;91.81;['-batch-training', '-calc-rsi', '-verbose', '-prediction-mode=index', '-interval-list=30m', '-range-min-rsi=28', '-range-max-rsi=80', '-range-p-ema=50,250', '-target-margin-list=1.0,1.5,2.0,2.5,3.0,3.5,4.0,4.5,5.0', '-log-level=WARNING']
2023-11-26 20:09:42;UNIUSDT;30m;1.0;200;36;80;100.0;3;91.84;['-batch-training', '-calc-rsi', '-verbose', '-prediction-mode=index', '-interval-list=30m', '-range-min-rsi=28', '-range-max-rsi=80', '-range-p-ema=50,250', '-target-margin-list=1.0,1.5,2.0,2.5,3.0,3.5,4.0,4.5,5.0', '-log-level=WARNING']
2023-11-26 21:15:57;UNIUSDT;30m;5.0;75;28;72;100.0;6;91.85;['-batch-training', '-calc-rsi', '-verbose', '-prediction-mode=index', '-interval-list=30m', '-range-min-rsi=28', '-range-max-rsi=80', '-range-p-ema=50,250', '-target-margin-list=1.0,1.5,2.0,2.5,3.0,3.5,4.0,4.5,5.0', '-log-level=WARNING']
2023-11-26 19:57:24;UNIUSDT;30m;5.0;150;28;72;100.0;6;91.85;['-batch-training', '-calc-rsi', '-verbose', '-prediction-mode=index', '-interval-list=30m', '-range-min-rsi=28', '-range-max-rsi=80', '-range-p-ema=50,250', '-target-margin-list=1.0,1.5,2.0,2.5,3.0,3.5,4.0,4.5,5.0', '-log-level=WARNING']
2023-11-26 20:32:11;UNIUSDT;30m;5.0;225;28;72;100.0;6;91.85;['-batch-training', '-calc-rsi', '-verbose', '-prediction-mode=index', '-interval-list=30m', '-range-min-rsi=28', '-range-max-rsi=80', '-range-p-ema=50,250', '-target-margin-list=1.0,1.5,2.0,2.5,3.0,3.5,4.0,4.5,5.0', '-log-level=WARNING']
2023-11-26 19:46:27;UNIUSDT;30m;5.0;125;28;72;100.0;6;91.85;['-batch-training', '-calc-rsi', '-verbose', '-prediction-mode=index', '-interval-list=30m', '-range-min-rsi=28', '-range-max-rsi=80', '-range-p-ema=50,250', '-target-margin-list=1.0,1.5,2.0,2.5,3.0,3.5,4.0,4.5,5.0', '-log-level=WARNING']
2023-11-26 21:00:32;UNIUSDT;30m;5.0;50;28;72;100.0;6;91.85;['-batch-training', '-calc-rsi', '-verbose', '-prediction-mode=index', '-interval-list=30m', '-range-min-rsi=28', '-range-max-rsi=80', '-range-p-ema=50,250', '-target-margin-list=1.0,1.5,2.0,2.5,3.0,3.5,4.0,4.5,5.0', '-log-level=WARNING']
2023-11-26 20:45:52;UNIUSDT;30m;5.0;250;28;72;100.0;6;91.85;['-batch-training', '-calc-rsi', '-verbose', '-prediction-mode=index', '-interval-list=30m', '-range-min-rsi=28', '-range-max-rsi=80', '-range-p-ema=50,250', '-target-margin-list=1.0,1.5,2.0,2.5,3.0,3.5,4.0,4.5,5.0', '-log-level=WARNING']
2023-11-26 20:07:27;UNIUSDT;30m;5.0;175;28;72;100.0;6;91.85;['-batch-training', '-calc-rsi', '-verbose', '-prediction-mode=index', '-interval-list=30m', '-range-min-rsi=28', '-range-max-rsi=80', '-range-p-ema=50,250', '-target-margin-list=1.0,1.5,2.0,2.5,3.0,3.5,4.0,4.5,5.0', '-log-level=WARNING']
2023-11-26 20:19:10;UNIUSDT;30m;5.0;200;28;72;100.0;6;91.85;['-batch-training', '-calc-rsi', '-verbose', '-prediction-mode=index', '-interval-list=30m', '-range-min-rsi=28', '-range-max-rsi=80', '-range-p-ema=50,250', '-target-margin-list=1.0,1.5,2.0,2.5,3.0,3.5,4.0,4.5,5.0', '-log-level=WARNING']
2023-11-26 19:34:52;UNIUSDT;30m;5.0;100;28;72;100.0;6;91.85;['-batch-training', '-calc-rsi', '-verbose', '-prediction-mode=index', '-interval-list=30m', '-range-min-rsi=28', '-range-max-rsi=80', '-range-p-ema=50,250', '-target-margin-list=1.0,1.5,2.0,2.5,3.0,3.5,4.0,4.5,5.0', '-log-level=WARNING']
2023-11-26 20:25:40;UNIUSDT;30m;2.5;225;34;76;100.0;6;91.9;['-batch-training', '-calc-rsi', '-verbose', '-prediction-mode=index', '-interval-list=30m', '-range-min-rsi=28', '-range-max-rsi=80', '-range-p-ema=50,250', '-target-margin-list=1.0,1.5,2.0,2.5,3.0,3.5,4.0,4.5,5.0', '-log-level=WARNING']
2023-11-26 20:47:37;UNIUSDT;30m;1.0;50;34;72;100.0;6;91.91;['-batch-training', '-calc-rsi', '-verbose', '-prediction-mode=index', '-interval-list=30m', '-range-min-rsi=28', '-range-max-rsi=80', '-range-p-ema=50,250', '-target-margin-list=1.0,1.5,2.0,2.5,3.0,3.5,4.0,4.5,5.0', '-log-level=WARNING']
2023-11-26 21:02:25;UNIUSDT;30m;1.0;75;34;72;100.0;6;91.91;['-batch-training', '-calc-rsi', '-verbose', '-prediction-mode=index', '-interval-list=30m', '-range-min-rsi=28', '-range-max-rsi=80', '-range-p-ema=50,250', '-target-margin-list=1.0,1.5,2.0,2.5,3.0,3.5,4.0,4.5,5.0', '-log-level=WARNING']
2023-11-26 19:36:18;UNIUSDT;30m;1.0;125;34;72;100.0;6;91.91;['-batch-training', '-calc-rsi', '-verbose', '-prediction-mode=index', '-interval-list=30m', '-range-min-rsi=28', '-range-max-rsi=80', '-range-p-ema=50,250', '-target-margin-list=1.0,1.5,2.0,2.5,3.0,3.5,4.0,4.5,5.0', '-log-level=WARNING']
2023-11-26 19:24:52;UNIUSDT;30m;1.0;100;34;72;100.0;6;91.91;['-batch-training', '-calc-rsi', '-verbose', '-prediction-mode=index', '-interval-list=30m', '-range-min-rsi=28', '-range-max-rsi=80', '-range-p-ema=50,250', '-target-margin-list=1.0,1.5,2.0,2.5,3.0,3.5,4.0,4.5,5.0', '-log-level=WARNING']
2023-11-26 19:47:57;UNIUSDT;30m;1.0;150;36;72;100.0;6;91.92;['-batch-training', '-calc-rsi', '-verbose', '-prediction-mode=index', '-interval-list=30m', '-range-min-rsi=28', '-range-max-rsi=80', '-range-p-ema=50,250', '-target-margin-list=1.0,1.5,2.0,2.5,3.0,3.5,4.0,4.5,5.0', '-log-level=WARNING']
2023-11-26 20:36:39;UNIUSDT;30m;2.0;250;28;72;100.0;5;91.92;['-batch-training', '-calc-rsi', '-verbose', '-prediction-mode=index', '-interval-list=30m', '-range-min-rsi=28', '-range-max-rsi=80', '-range-p-ema=50,250', '-target-margin-list=1.0,1.5,2.0,2.5,3.0,3.5,4.0,4.5,5.0', '-log-level=WARNING']
2023-11-26 19:48:12;UNIUSDT;30m;1.0;150;36;74;100.0;2;91.95;['-batch-training', '-calc-rsi', '-verbose', '-prediction-mode=index', '-interval-list=30m', '-range-min-rsi=28', '-range-max-rsi=80', '-range-p-ema=50,250', '-target-margin-list=1.0,1.5,2.0,2.5,3.0,3.5,4.0,4.5,5.0', '-log-level=WARNING']
2023-11-26 19:57:35;UNIUSDT;30m;5.0;150;36;72;100.0;4;91.96;['-batch-training', '-calc-rsi', '-verbose', '-prediction-mode=index', '-interval-list=30m', '-range-min-rsi=28', '-range-max-rsi=80', '-range-p-ema=50,250', '-target-margin-list=1.0,1.5,2.0,2.5,3.0,3.5,4.0,4.5,5.0', '-log-level=WARNING']
2023-11-26 21:16:09;UNIUSDT;30m;5.0;75;36;72;100.0;4;91.96;['-batch-training', '-calc-rsi', '-verbose', '-prediction-mode=index', '-interval-list=30m', '-range-min-rsi=28', '-range-max-rsi=80', '-range-p-ema=50,250', '-target-margin-list=1.0,1.5,2.0,2.5,3.0,3.5,4.0,4.5,5.0', '-log-level=WARNING']
2023-11-26 19:46:39;UNIUSDT;30m;5.0;125;36;72;100.0;4;91.96;['-batch-training', '-calc-rsi', '-verbose', '-prediction-mode=index', '-interval-list=30m', '-range-min-rsi=28', '-range-max-rsi=80', '-range-p-ema=50,250', '-target-margin-list=1.0,1.5,2.0,2.5,3.0,3.5,4.0,4.5,5.0', '-log-level=WARNING']
2023-11-26 21:00:47;UNIUSDT;30m;5.0;50;36;72;100.0;4;91.96;['-batch-training', '-calc-rsi', '-verbose', '-prediction-mode=index', '-interval-list=30m', '-range-min-rsi=28', '-range-max-rsi=80', '-range-p-ema=50,250', '-target-margin-list=1.0,1.5,2.0,2.5,3.0,3.5,4.0,4.5,5.0', '-log-level=WARNING']
2023-11-26 19:35:04;UNIUSDT;30m;5.0;100;36;72;100.0;4;91.96;['-batch-training', '-calc-rsi', '-verbose', '-prediction-mode=index', '-interval-list=30m', '-range-min-rsi=28', '-range-max-rsi=80', '-range-p-ema=50,250', '-target-margin-list=1.0,1.5,2.0,2.5,3.0,3.5,4.0,4.5,5.0', '-log-level=WARNING']
2023-11-26 19:53:29;UNIUSDT;30m;3.0;150;36;76;100.0;5;92.01;['-batch-training', '-calc-rsi', '-verbose', '-prediction-mode=index', '-interval-list=30m', '-range-min-rsi=28', '-range-max-rsi=80', '-range-p-ema=50,250', '-target-margin-list=1.0,1.5,2.0,2.5,3.0,3.5,4.0,4.5,5.0', '-log-level=WARNING']
2023-11-26 20:14:26;UNIUSDT;30m;3.0;200;36;76;100.0;5;92.03;['-batch-training', '-calc-rsi', '-verbose', '-prediction-mode=index', '-interval-list=30m', '-range-min-rsi=28', '-range-max-rsi=80', '-range-p-ema=50,250', '-target-margin-list=1.0,1.5,2.0,2.5,3.0,3.5,4.0,4.5,5.0', '-log-level=WARNING']
2023-11-26 20:03:39;UNIUSDT;30m;3.0;175;36;76;100.0;5;92.03;['-batch-training', '-calc-rsi', '-verbose', '-prediction-mode=index', '-interval-list=30m', '-range-min-rsi=28', '-range-max-rsi=80', '-range-p-ema=50,250', '-target-margin-list=1.0,1.5,2.0,2.5,3.0,3.5,4.0,4.5,5.0', '-log-level=WARNING']
2023-11-26 20:34:48;UNIUSDT;30m;1.0;250;36;78;100.0;3;92.04;['-batch-training', '-calc-rsi', '-verbose', '-prediction-mode=index', '-interval-list=30m', '-range-min-rsi=28', '-range-max-rsi=80', '-range-p-ema=50,250', '-target-margin-list=1.0,1.5,2.0,2.5,3.0,3.5,4.0,4.5,5.0', '-log-level=WARNING']
2023-11-26 20:35:42;UNIUSDT;30m;1.5;250;36;74;100.0;2;92.05;['-batch-training', '-calc-rsi', '-verbose', '-prediction-mode=index', '-interval-list=30m', '-range-min-rsi=28', '-range-max-rsi=80', '-range-p-ema=50,250', '-target-margin-list=1.0,1.5,2.0,2.5,3.0,3.5,4.0,4.5,5.0', '-log-level=WARNING']
2023-11-26 20:11:41;UNIUSDT;30m;2.0;200;32;76;100.0;7;92.06;['-batch-training', '-calc-rsi', '-verbose', '-prediction-mode=index', '-interval-list=30m', '-range-min-rsi=28', '-range-max-rsi=80', '-range-p-ema=50,250', '-target-margin-list=1.0,1.5,2.0,2.5,3.0,3.5,4.0,4.5,5.0', '-log-level=WARNING']
2023-11-26 20:24:09;UNIUSDT;30m;2.0;225;32;76;100.0;7;92.06;['-batch-training', '-calc-rsi', '-verbose', '-prediction-mode=index', '-interval-list=30m', '-range-min-rsi=28', '-range-max-rsi=80', '-range-p-ema=50,250', '-target-margin-list=1.0,1.5,2.0,2.5,3.0,3.5,4.0,4.5,5.0', '-log-level=WARNING']
2023-11-26 20:02:30;UNIUSDT;30m;2.5;175;34;76;100.0;6;92.09;['-batch-training', '-calc-rsi', '-verbose', '-prediction-mode=index', '-interval-list=30m', '-range-min-rsi=28', '-range-max-rsi=80', '-range-p-ema=50,250', '-target-margin-list=1.0,1.5,2.0,2.5,3.0,3.5,4.0,4.5,5.0', '-log-level=WARNING']
2023-11-26 19:52:17;UNIUSDT;30m;2.5;150;34;76;100.0;6;92.09;['-batch-training', '-calc-rsi', '-verbose', '-prediction-mode=index', '-interval-list=30m', '-range-min-rsi=28', '-range-max-rsi=80', '-range-p-ema=50,250', '-target-margin-list=1.0,1.5,2.0,2.5,3.0,3.5,4.0,4.5,5.0', '-log-level=WARNING']
2023-11-26 21:09:01;UNIUSDT;30m;2.5;75;28;80;100.0;4;92.1;['-batch-training', '-calc-rsi', '-verbose', '-prediction-mode=index', '-interval-list=30m', '-range-min-rsi=28', '-range-max-rsi=80', '-range-p-ema=50,250', '-target-margin-list=1.0,1.5,2.0,2.5,3.0,3.5,4.0,4.5,5.0', '-log-level=WARNING']
2023-11-26 20:26:04;UNIUSDT;30m;2.5;225;28;80;100.0;4;92.1;['-batch-training', '-calc-rsi', '-verbose', '-prediction-mode=index', '-interval-list=30m', '-range-min-rsi=28', '-range-max-rsi=80', '-range-p-ema=50,250', '-target-margin-list=1.0,1.5,2.0,2.5,3.0,3.5,4.0,4.5,5.0', '-log-level=WARNING']
2023-11-26 19:29:38;UNIUSDT;30m;2.5;100;28;80;100.0;4;92.1;['-batch-training', '-calc-rsi', '-verbose', '-prediction-mode=index', '-interval-list=30m', '-range-min-rsi=28', '-range-max-rsi=80', '-range-p-ema=50,250', '-target-margin-list=1.0,1.5,2.0,2.5,3.0,3.5,4.0,4.5,5.0', '-log-level=WARNING']
2023-11-26 20:39:22;UNIUSDT;30m;2.5;250;28;80;100.0;4;92.1;['-batch-training', '-calc-rsi', '-verbose', '-prediction-mode=index', '-interval-list=30m', '-range-min-rsi=28', '-range-max-rsi=80', '-range-p-ema=50,250', '-target-margin-list=1.0,1.5,2.0,2.5,3.0,3.5,4.0,4.5,5.0', '-log-level=WARNING']
2023-11-26 20:53:34;UNIUSDT;30m;2.5;50;28;80;100.0;4;92.1;['-batch-training', '-calc-rsi', '-verbose', '-prediction-mode=index', '-interval-list=30m', '-range-min-rsi=28', '-range-max-rsi=80', '-range-p-ema=50,250', '-target-margin-list=1.0,1.5,2.0,2.5,3.0,3.5,4.0,4.5,5.0', '-log-level=WARNING']
2023-11-26 20:02:49;UNIUSDT;30m;2.5;175;28;80;100.0;4;92.1;['-batch-training', '-calc-rsi', '-verbose', '-prediction-mode=index', '-interval-list=30m', '-range-min-rsi=28', '-range-max-rsi=80', '-range-p-ema=50,250', '-target-margin-list=1.0,1.5,2.0,2.5,3.0,3.5,4.0,4.5,5.0', '-log-level=WARNING']
2023-11-26 19:52:38;UNIUSDT;30m;2.5;150;28;80;100.0;4;92.1;['-batch-training', '-calc-rsi', '-verbose', '-prediction-mode=index', '-interval-list=30m', '-range-min-rsi=28', '-range-max-rsi=80', '-range-p-ema=50,250', '-target-margin-list=1.0,1.5,2.0,2.5,3.0,3.5,4.0,4.5,5.0', '-log-level=WARNING']
2023-11-26 20:13:26;UNIUSDT;30m;2.5;200;28;80;100.0;4;92.1;['-batch-training', '-calc-rsi', '-verbose', '-prediction-mode=index', '-interval-list=30m', '-range-min-rsi=28', '-range-max-rsi=80', '-range-p-ema=50,250', '-target-margin-list=1.0,1.5,2.0,2.5,3.0,3.5,4.0,4.5,5.0', '-log-level=WARNING']
2023-11-26 19:41:07;UNIUSDT;30m;2.5;125;28;80;100.0;4;92.1;['-batch-training', '-calc-rsi', '-verbose', '-prediction-mode=index', '-interval-list=30m', '-range-min-rsi=28', '-range-max-rsi=80', '-range-p-ema=50,250', '-target-margin-list=1.0,1.5,2.0,2.5,3.0,3.5,4.0,4.5,5.0', '-log-level=WARNING']
2023-11-26 21:06:50;UNIUSDT;30m;2.0;75;28;78;100.0;7;92.11;['-batch-training', '-calc-rsi', '-verbose', '-prediction-mode=index', '-interval-list=30m', '-range-min-rsi=28', '-range-max-rsi=80', '-range-p-ema=50,250', '-target-margin-list=1.0,1.5,2.0,2.5,3.0,3.5,4.0,4.5,5.0', '-log-level=WARNING']
2023-11-26 20:24:20;UNIUSDT;30m;2.0;225;28;78;100.0;7;92.11;['-batch-training', '-calc-rsi', '-verbose', '-prediction-mode=index', '-interval-list=30m', '-range-min-rsi=28', '-range-max-rsi=80', '-range-p-ema=50,250', '-target-margin-list=1.0,1.5,2.0,2.5,3.0,3.5,4.0,4.5,5.0', '-log-level=WARNING']
2023-11-26 20:11:50;UNIUSDT;30m;2.0;200;28;78;100.0;7;92.11;['-batch-training', '-calc-rsi', '-verbose', '-prediction-mode=index', '-interval-list=30m', '-range-min-rsi=28', '-range-max-rsi=80', '-range-p-ema=50,250', '-target-margin-list=1.0,1.5,2.0,2.5,3.0,3.5,4.0,4.5,5.0', '-log-level=WARNING']
2023-11-26 20:37:33;UNIUSDT;30m;2.0;250;28;78;100.0;7;92.11;['-batch-training', '-calc-rsi', '-verbose', '-prediction-mode=index', '-interval-list=30m', '-range-min-rsi=28', '-range-max-rsi=80', '-range-p-ema=50,250', '-target-margin-list=1.0,1.5,2.0,2.5,3.0,3.5,4.0,4.5,5.0', '-log-level=WARNING']
2023-11-26 20:01:28;UNIUSDT;30m;2.0;175;28;78;100.0;7;92.11;['-batch-training', '-calc-rsi', '-verbose', '-prediction-mode=index', '-interval-list=30m', '-range-min-rsi=28', '-range-max-rsi=80', '-range-p-ema=50,250', '-target-margin-list=1.0,1.5,2.0,2.5,3.0,3.5,4.0,4.5,5.0', '-log-level=WARNING']
2023-11-26 19:51:06;UNIUSDT;30m;2.0;150;28;78;100.0;7;92.11;['-batch-training', '-calc-rsi', '-verbose', '-prediction-mode=index', '-interval-list=30m', '-range-min-rsi=28', '-range-max-rsi=80', '-range-p-ema=50,250', '-target-margin-list=1.0,1.5,2.0,2.5,3.0,3.5,4.0,4.5,5.0', '-log-level=WARNING']
2023-11-26 20:21:05;UNIUSDT;30m;1.0;225;36;74;100.0;3;92.11;['-batch-training', '-calc-rsi', '-verbose', '-prediction-mode=index', '-interval-list=30m', '-range-min-rsi=28', '-range-max-rsi=80', '-range-p-ema=50,250', '-target-margin-list=1.0,1.5,2.0,2.5,3.0,3.5,4.0,4.5,5.0', '-log-level=WARNING']
2023-11-26 19:39:34;UNIUSDT;30m;2.0;125;28;78;100.0;7;92.11;['-batch-training', '-calc-rsi', '-verbose', '-prediction-mode=index', '-interval-list=30m', '-range-min-rsi=28', '-range-max-rsi=80', '-range-p-ema=50,250', '-target-margin-list=1.0,1.5,2.0,2.5,3.0,3.5,4.0,4.5,5.0', '-log-level=WARNING']
2023-11-26 20:51:36;UNIUSDT;30m;2.0;50;28;78;100.0;7;92.11;['-batch-training', '-calc-rsi', '-verbose', '-prediction-mode=index', '-interval-list=30m', '-range-min-rsi=28', '-range-max-rsi=80', '-range-p-ema=50,250', '-target-margin-list=1.0,1.5,2.0,2.5,3.0,3.5,4.0,4.5,5.0', '-log-level=WARNING']
2023-11-26 19:28:05;UNIUSDT;30m;2.0;100;28;78;100.0;7;92.11;['-batch-training', '-calc-rsi', '-verbose', '-prediction-mode=index', '-interval-list=30m', '-range-min-rsi=28', '-range-max-rsi=80', '-range-p-ema=50,250', '-target-margin-list=1.0,1.5,2.0,2.5,3.0,3.5,4.0,4.5,5.0', '-log-level=WARNING']
2023-11-26 19:50:41;UNIUSDT;30m;2.0;150;32;74;100.0;7;92.12;['-batch-training', '-calc-rsi', '-verbose', '-prediction-mode=index', '-interval-list=30m', '-range-min-rsi=28', '-range-max-rsi=80', '-range-p-ema=50,250', '-target-margin-list=1.0,1.5,2.0,2.5,3.0,3.5,4.0,4.5,5.0', '-log-level=WARNING']
2023-11-26 20:01:06;UNIUSDT;30m;2.0;175;32;74;100.0;7;92.12;['-batch-training', '-calc-rsi', '-verbose', '-prediction-mode=index', '-interval-list=30m', '-range-min-rsi=28', '-range-max-rsi=80', '-range-p-ema=50,250', '-target-margin-list=1.0,1.5,2.0,2.5,3.0,3.5,4.0,4.5,5.0', '-log-level=WARNING']
2023-11-26 20:00:04;UNIUSDT;30m;1.5;175;36;74;100.0;2;92.16;['-batch-training', '-calc-rsi', '-verbose', '-prediction-mode=index', '-interval-list=30m', '-range-min-rsi=28', '-range-max-rsi=80', '-range-p-ema=50,250', '-target-margin-list=1.0,1.5,2.0,2.5,3.0,3.5,4.0,4.5,5.0', '-log-level=WARNING']
2023-11-26 20:10:12;UNIUSDT;30m;1.5;200;36;74;100.0;2;92.17;['-batch-training', '-calc-rsi', '-verbose', '-prediction-mode=index', '-interval-list=30m', '-range-min-rsi=28', '-range-max-rsi=80', '-range-p-ema=50,250', '-target-margin-list=1.0,1.5,2.0,2.5,3.0,3.5,4.0,4.5,5.0', '-log-level=WARNING']
2023-11-26 19:58:41;UNIUSDT;30m;1.0;175;36;72;100.0;3;92.18;['-batch-training', '-calc-rsi', '-verbose', '-prediction-mode=index', '-interval-list=30m', '-range-min-rsi=28', '-range-max-rsi=80', '-range-p-ema=50,250', '-target-margin-list=1.0,1.5,2.0,2.5,3.0,3.5,4.0,4.5,5.0', '-log-level=WARNING']
2023-11-26 19:48:56;UNIUSDT;30m;1.0;150;34;80;100.0;3;92.18;['-batch-training', '-calc-rsi', '-verbose', '-prediction-mode=index', '-interval-list=30m', '-range-min-rsi=28', '-range-max-rsi=80', '-range-p-ema=50,250', '-target-margin-list=1.0,1.5,2.0,2.5,3.0,3.5,4.0,4.5,5.0', '-log-level=WARNING']
2023-11-26 20:08:44;UNIUSDT;30m;1.0;200;36;72;100.0;3;92.2;['-batch-training', '-calc-rsi', '-verbose', '-prediction-mode=index', '-interval-list=30m', '-range-min-rsi=28', '-range-max-rsi=80', '-range-p-ema=50,250', '-target-margin-list=1.0,1.5,2.0,2.5,3.0,3.5,4.0,4.5,5.0', '-log-level=WARNING']
2023-11-26 20:38:56;UNIUSDT;30m;2.5;250;34;76;100.0;6;92.2;['-batch-training', '-calc-rsi', '-verbose', '-prediction-mode=index', '-interval-list=30m', '-range-min-rsi=28', '-range-max-rsi=80', '-range-p-ema=50,250', '-target-margin-list=1.0,1.5,2.0,2.5,3.0,3.5,4.0,4.5,5.0', '-log-level=WARNING']
2023-11-26 20:36:07;UNIUSDT;30m;1.5;250;30;78;100.0;7;92.21;['-batch-training', '-calc-rsi', '-verbose', '-prediction-mode=index', '-interval-list=30m', '-range-min-rsi=28', '-range-max-rsi=80', '-range-p-ema=50,250', '-target-margin-list=1.0,1.5,2.0,2.5,3.0,3.5,4.0,4.5,5.0', '-log-level=WARNING']
2023-11-26 20:25:56;UNIUSDT;30m;2.5;225;34;78;100.0;2;92.24;['-batch-training', '-calc-rsi', '-verbose', '-prediction-mode=index', '-interval-list=30m', '-range-min-rsi=28', '-range-max-rsi=80', '-range-p-ema=50,250', '-target-margin-list=1.0,1.5,2.0,2.5,3.0,3.5,4.0,4.5,5.0', '-log-level=WARNING']
2023-11-26 20:39:56;UNIUSDT;30m;3.0;250;36;72;100.0;5;92.28;['-batch-training', '-calc-rsi', '-verbose', '-prediction-mode=index', '-interval-list=30m', '-range-min-rsi=28', '-range-max-rsi=80', '-range-p-ema=50,250', '-target-margin-list=1.0,1.5,2.0,2.5,3.0,3.5,4.0,4.5,5.0', '-log-level=WARNING']
2023-11-26 20:36:36;UNIUSDT;30m;1.5;250;36;80;100.0;2;92.29;['-batch-training', '-calc-rsi', '-verbose', '-prediction-mode=index', '-interval-list=30m', '-range-min-rsi=28', '-range-max-rsi=80', '-range-p-ema=50,250', '-target-margin-list=1.0,1.5,2.0,2.5,3.0,3.5,4.0,4.5,5.0', '-log-level=WARNING']
2023-11-26 20:36:03;UNIUSDT;30m;1.5;250;28;78;100.0;5;92.3;['-batch-training', '-calc-rsi', '-verbose', '-prediction-mode=index', '-interval-list=30m', '-range-min-rsi=28', '-range-max-rsi=80', '-range-p-ema=50,250', '-target-margin-list=1.0,1.5,2.0,2.5,3.0,3.5,4.0,4.5,5.0', '-log-level=WARNING']
2023-11-26 20:37:04;UNIUSDT;30m;2.0;250;32;74;100.0;7;92.31;['-batch-training', '-calc-rsi', '-verbose', '-prediction-mode=index', '-interval-list=30m', '-range-min-rsi=28', '-range-max-rsi=80', '-range-p-ema=50,250', '-target-margin-list=1.0,1.5,2.0,2.5,3.0,3.5,4.0,4.5,5.0', '-log-level=WARNING']
2023-11-26 21:02:48;UNIUSDT;30m;1.0;75;36;74;100.0;2;92.38;['-batch-training', '-calc-rsi', '-verbose', '-prediction-mode=index', '-interval-list=30m', '-range-min-rsi=28', '-range-max-rsi=80', '-range-p-ema=50,250', '-target-margin-list=1.0,1.5,2.0,2.5,3.0,3.5,4.0,4.5,5.0', '-log-level=WARNING']
2023-11-26 20:48:00;UNIUSDT;30m;1.0;50;36;74;100.0;2;92.38;['-batch-training', '-calc-rsi', '-verbose', '-prediction-mode=index', '-interval-list=30m', '-range-min-rsi=28', '-range-max-rsi=80', '-range-p-ema=50,250', '-target-margin-list=1.0,1.5,2.0,2.5,3.0,3.5,4.0,4.5,5.0', '-log-level=WARNING']
2023-11-26 20:01:06;UNIUSDT;30m;2.0;175;32;74;100.0;3;92.4;['-batch-training', '-calc-rsi', '-verbose', '-prediction-mode=index', '-interval-list=30m', '-range-min-rsi=28', '-range-max-rsi=80', '-range-p-ema=50,250', '-target-margin-list=1.0,1.5,2.0,2.5,3.0,3.5,4.0,4.5,5.0', '-log-level=WARNING']
2023-11-26 20:10:59;UNIUSDT;30m;1.5;200;36;80;100.0;2;92.42;['-batch-training', '-calc-rsi', '-verbose', '-prediction-mode=index', '-interval-list=30m', '-range-min-rsi=28', '-range-max-rsi=80', '-range-p-ema=50,250', '-target-margin-list=1.0,1.5,2.0,2.5,3.0,3.5,4.0,4.5,5.0', '-log-level=WARNING']
2023-11-26 20:21:36;UNIUSDT;30m;1.0;225;34;78;100.0;3;92.47;['-batch-training', '-calc-rsi', '-verbose', '-prediction-mode=index', '-interval-list=30m', '-range-min-rsi=28', '-range-max-rsi=80', '-range-p-ema=50,250', '-target-margin-list=1.0,1.5,2.0,2.5,3.0,3.5,4.0,4.5,5.0', '-log-level=WARNING']
2023-11-26 19:50:26;UNIUSDT;30m;2.0;150;32;72;100.0;7;92.5;['-batch-training', '-calc-rsi', '-verbose', '-prediction-mode=index', '-interval-list=30m', '-range-min-rsi=28', '-range-max-rsi=80', '-range-p-ema=50,250', '-target-margin-list=1.0,1.5,2.0,2.5,3.0,3.5,4.0,4.5,5.0', '-log-level=WARNING']
2023-11-26 20:00:54;UNIUSDT;30m;2.0;175;32;72;100.0;7;92.5;['-batch-training', '-calc-rsi', '-verbose', '-prediction-mode=index', '-interval-list=30m', '-range-min-rsi=28', '-range-max-rsi=80', '-range-p-ema=50,250', '-target-margin-list=1.0,1.5,2.0,2.5,3.0,3.5,4.0,4.5,5.0', '-log-level=WARNING']
2023-11-26 20:39:15;UNIUSDT;30m;2.5;250;34;78;100.0;2;92.55;['-batch-training', '-calc-rsi', '-verbose', '-prediction-mode=index', '-interval-list=30m', '-range-min-rsi=28', '-range-max-rsi=80', '-range-p-ema=50,250', '-target-margin-list=1.0,1.5,2.0,2.5,3.0,3.5,4.0,4.5,5.0', '-log-level=WARNING']
2023-11-26 20:37:04;UNIUSDT;30m;2.0;250;32;74;100.0;3;92.59;['-batch-training', '-calc-rsi', '-verbose', '-prediction-mode=index', '-interval-list=30m', '-range-min-rsi=28', '-range-max-rsi=80', '-range-p-ema=50,250', '-target-margin-list=1.0,1.5,2.0,2.5,3.0,3.5,4.0,4.5,5.0', '-log-level=WARNING']
2023-11-26 20:11:25;UNIUSDT;30m;2.0;200;32;74;100.0;7;92.6;['-batch-training', '-calc-rsi', '-verbose', '-prediction-mode=index', '-interval-list=30m', '-range-min-rsi=28', '-range-max-rsi=80', '-range-p-ema=50,250', '-target-margin-list=1.0,1.5,2.0,2.5,3.0,3.5,4.0,4.5,5.0', '-log-level=WARNING']
2023-11-26 20:23:53;UNIUSDT;30m;2.0;225;32;74;100.0;7;92.6;['-batch-training', '-calc-rsi', '-verbose', '-prediction-mode=index', '-interval-list=30m', '-range-min-rsi=28', '-range-max-rsi=80', '-range-p-ema=50,250', '-target-margin-list=1.0,1.5,2.0,2.5,3.0,3.5,4.0,4.5,5.0', '-log-level=WARNING']
2023-11-26 21:04:01;UNIUSDT;30m;1.5;75;30;72;100.0;4;92.61;['-batch-training', '-calc-rsi', '-verbose', '-prediction-mode=index', '-interval-list=30m', '-range-min-rsi=28', '-range-max-rsi=80', '-range-p-ema=50,250', '-target-margin-list=1.0,1.5,2.0,2.5,3.0,3.5,4.0,4.5,5.0', '-log-level=WARNING']
2023-11-26 20:49:05;UNIUSDT;30m;1.5;50;30;72;100.0;4;92.61;['-batch-training', '-calc-rsi', '-verbose', '-prediction-mode=index', '-interval-list=30m', '-range-min-rsi=28', '-range-max-rsi=80', '-range-p-ema=50,250', '-target-margin-list=1.0,1.5,2.0,2.5,3.0,3.5,4.0,4.5,5.0', '-log-level=WARNING']
2023-11-26 19:49:05;UNIUSDT;30m;1.5;150;30;72;100.0;4;92.61;['-batch-training', '-calc-rsi', '-verbose', '-prediction-mode=index', '-interval-list=30m', '-range-min-rsi=28', '-range-max-rsi=80', '-range-p-ema=50,250', '-target-margin-list=1.0,1.5,2.0,2.5,3.0,3.5,4.0,4.5,5.0', '-log-level=WARNING']
2023-11-26 19:26:04;UNIUSDT;30m;1.5;100;30;72;100.0;4;92.61;['-batch-training', '-calc-rsi', '-verbose', '-prediction-mode=index', '-interval-list=30m', '-range-min-rsi=28', '-range-max-rsi=80', '-range-p-ema=50,250', '-target-margin-list=1.0,1.5,2.0,2.5,3.0,3.5,4.0,4.5,5.0', '-log-level=WARNING']
2023-11-26 19:37:33;UNIUSDT;30m;1.5;125;30;72;100.0;4;92.61;['-batch-training', '-calc-rsi', '-verbose', '-prediction-mode=index', '-interval-list=30m', '-range-min-rsi=28', '-range-max-rsi=80', '-range-p-ema=50,250', '-target-margin-list=1.0,1.5,2.0,2.5,3.0,3.5,4.0,4.5,5.0', '-log-level=WARNING']
2023-11-26 19:39:10;UNIUSDT;30m;2.0;125;32;74;100.0;3;92.67;['-batch-training', '-calc-rsi', '-verbose', '-prediction-mode=index', '-interval-list=30m', '-range-min-rsi=28', '-range-max-rsi=80', '-range-p-ema=50,250', '-target-margin-list=1.0,1.5,2.0,2.5,3.0,3.5,4.0,4.5,5.0', '-log-level=WARNING']
2023-11-26 20:51:04;UNIUSDT;30m;2.0;50;32;74;100.0;3;92.67;['-batch-training', '-calc-rsi', '-verbose', '-prediction-mode=index', '-interval-list=30m', '-range-min-rsi=28', '-range-max-rsi=80', '-range-p-ema=50,250', '-target-margin-list=1.0,1.5,2.0,2.5,3.0,3.5,4.0,4.5,5.0', '-log-level=WARNING']
2023-11-26 19:27:41;UNIUSDT;30m;2.0;100;32;74;100.0;3;92.67;['-batch-training', '-calc-rsi', '-verbose', '-prediction-mode=index', '-interval-list=30m', '-range-min-rsi=28', '-range-max-rsi=80', '-range-p-ema=50,250', '-target-margin-list=1.0,1.5,2.0,2.5,3.0,3.5,4.0,4.5,5.0', '-log-level=WARNING']
2023-11-26 21:06:15;UNIUSDT;30m;2.0;75;32;74;100.0;3;92.67;['-batch-training', '-calc-rsi', '-verbose', '-prediction-mode=index', '-interval-list=30m', '-range-min-rsi=28', '-range-max-rsi=80', '-range-p-ema=50,250', '-target-margin-list=1.0,1.5,2.0,2.5,3.0,3.5,4.0,4.5,5.0', '-log-level=WARNING']
2023-11-26 20:36:47;UNIUSDT;30m;2.0;250;32;72;100.0;7;92.7;['-batch-training', '-calc-rsi', '-verbose', '-prediction-mode=index', '-interval-list=30m', '-range-min-rsi=28', '-range-max-rsi=80', '-range-p-ema=50,250', '-target-margin-list=1.0,1.5,2.0,2.5,3.0,3.5,4.0,4.5,5.0', '-log-level=WARNING']
2023-11-26 20:46:21;UNIUSDT;30m;5.0;250;34;74;100.0;3;92.73;['-batch-training', '-calc-rsi', '-verbose', '-prediction-mode=index', '-interval-list=30m', '-range-min-rsi=28', '-range-max-rsi=80', '-range-p-ema=50,250', '-target-margin-list=1.0,1.5,2.0,2.5,3.0,3.5,4.0,4.5,5.0', '-log-level=WARNING']
2023-11-26 20:32:39;UNIUSDT;30m;5.0;225;34;74;100.0;3;92.73;['-batch-training', '-calc-rsi', '-verbose', '-prediction-mode=index', '-interval-list=30m', '-range-min-rsi=28', '-range-max-rsi=80', '-range-p-ema=50,250', '-target-margin-list=1.0,1.5,2.0,2.5,3.0,3.5,4.0,4.5,5.0', '-log-level=WARNING']
2023-11-26 20:39:59;UNIUSDT;30m;3.0;250;28;74;100.0;2;92.75;['-batch-training', '-calc-rsi', '-verbose', '-prediction-mode=index', '-interval-list=30m', '-range-min-rsi=28', '-range-max-rsi=80', '-range-p-ema=50,250', '-target-margin-list=1.0,1.5,2.0,2.5,3.0,3.5,4.0,4.5,5.0', '-log-level=WARNING']
2023-11-26 20:20:48;UNIUSDT;30m;1.0;225;36;72;100.0;6;92.76;['-batch-training', '-calc-rsi', '-verbose', '-prediction-mode=index', '-interval-list=30m', '-range-min-rsi=28', '-range-max-rsi=80', '-range-p-ema=50,250', '-target-margin-list=1.0,1.5,2.0,2.5,3.0,3.5,4.0,4.5,5.0', '-log-level=WARNING']
2023-11-26 20:53:34;UNIUSDT;30m;2.5;50;28;80;100.0;2;92.84;['-batch-training', '-calc-rsi', '-verbose', '-prediction-mode=index', '-interval-list=30m', '-range-min-rsi=28', '-range-max-rsi=80', '-range-p-ema=50,250', '-target-margin-list=1.0,1.5,2.0,2.5,3.0,3.5,4.0,4.5,5.0', '-log-level=WARNING']
2023-11-26 20:13:26;UNIUSDT;30m;2.5;200;28;80;100.0;2;92.84;['-batch-training', '-calc-rsi', '-verbose', '-prediction-mode=index', '-interval-list=30m', '-range-min-rsi=28', '-range-max-rsi=80', '-range-p-ema=50,250', '-target-margin-list=1.0,1.5,2.0,2.5,3.0,3.5,4.0,4.5,5.0', '-log-level=WARNING']
2023-11-26 19:29:38;UNIUSDT;30m;2.5;100;28;80;100.0;2;92.84;['-batch-training', '-calc-rsi', '-verbose', '-prediction-mode=index', '-interval-list=30m', '-range-min-rsi=28', '-range-max-rsi=80', '-range-p-ema=50,250', '-target-margin-list=1.0,1.5,2.0,2.5,3.0,3.5,4.0,4.5,5.0', '-log-level=WARNING']
2023-11-26 19:52:38;UNIUSDT;30m;2.5;150;28;80;100.0;2;92.84;['-batch-training', '-calc-rsi', '-verbose', '-prediction-mode=index', '-interval-list=30m', '-range-min-rsi=28', '-range-max-rsi=80', '-range-p-ema=50,250', '-target-margin-list=1.0,1.5,2.0,2.5,3.0,3.5,4.0,4.5,5.0', '-log-level=WARNING']
2023-11-26 20:02:49;UNIUSDT;30m;2.5;175;28;80;100.0;2;92.84;['-batch-training', '-calc-rsi', '-verbose', '-prediction-mode=index', '-interval-list=30m', '-range-min-rsi=28', '-range-max-rsi=80', '-range-p-ema=50,250', '-target-margin-list=1.0,1.5,2.0,2.5,3.0,3.5,4.0,4.5,5.0', '-log-level=WARNING']
2023-11-26 20:26:04;UNIUSDT;30m;2.5;225;28;80;100.0;2;92.84;['-batch-training', '-calc-rsi', '-verbose', '-prediction-mode=index', '-interval-list=30m', '-range-min-rsi=28', '-range-max-rsi=80', '-range-p-ema=50,250', '-target-margin-list=1.0,1.5,2.0,2.5,3.0,3.5,4.0,4.5,5.0', '-log-level=WARNING']
2023-11-26 19:41:07;UNIUSDT;30m;2.5;125;28;80;100.0;2;92.84;['-batch-training', '-calc-rsi', '-verbose', '-prediction-mode=index', '-interval-list=30m', '-range-min-rsi=28', '-range-max-rsi=80', '-range-p-ema=50,250', '-target-margin-list=1.0,1.5,2.0,2.5,3.0,3.5,4.0,4.5,5.0', '-log-level=WARNING']
2023-11-26 21:09:00;UNIUSDT;30m;2.5;75;28;80;100.0;2;92.84;['-batch-training', '-calc-rsi', '-verbose', '-prediction-mode=index', '-interval-list=30m', '-range-min-rsi=28', '-range-max-rsi=80', '-range-p-ema=50,250', '-target-margin-list=1.0,1.5,2.0,2.5,3.0,3.5,4.0,4.5,5.0', '-log-level=WARNING']
2023-11-26 19:59:37;UNIUSDT;30m;1.0;175;36;80;100.0;3;92.86;['-batch-training', '-calc-rsi', '-verbose', '-prediction-mode=index', '-interval-list=30m', '-range-min-rsi=28', '-range-max-rsi=80', '-range-p-ema=50,250', '-target-margin-list=1.0,1.5,2.0,2.5,3.0,3.5,4.0,4.5,5.0', '-log-level=WARNING']
2023-11-26 20:11:25;UNIUSDT;30m;2.0;200;32;74;100.0;3;92.88;['-batch-training', '-calc-rsi', '-verbose', '-prediction-mode=index', '-interval-list=30m', '-range-min-rsi=28', '-range-max-rsi=80', '-range-p-ema=50,250', '-target-margin-list=1.0,1.5,2.0,2.5,3.0,3.5,4.0,4.5,5.0', '-log-level=WARNING']
2023-11-26 20:23:53;UNIUSDT;30m;2.0;225;32;74;100.0;3;92.88;['-batch-training', '-calc-rsi', '-verbose', '-prediction-mode=index', '-interval-list=30m', '-range-min-rsi=28', '-range-max-rsi=80', '-range-p-ema=50,250', '-target-margin-list=1.0,1.5,2.0,2.5,3.0,3.5,4.0,4.5,5.0', '-log-level=WARNING']
2023-11-26 19:34:58;UNIUSDT;30m;5.0;100;32;72;100.0;4;92.89;['-batch-training', '-calc-rsi', '-verbose', '-prediction-mode=index', '-interval-list=30m', '-range-min-rsi=28', '-range-max-rsi=80', '-range-p-ema=50,250', '-target-margin-list=1.0,1.5,2.0,2.5,3.0,3.5,4.0,4.5,5.0', '-log-level=WARNING']
2023-11-26 21:16:03;UNIUSDT;30m;5.0;75;32;72;100.0;4;92.89;['-batch-training', '-calc-rsi', '-verbose', '-prediction-mode=index', '-interval-list=30m', '-range-min-rsi=28', '-range-max-rsi=80', '-range-p-ema=50,250', '-target-margin-list=1.0,1.5,2.0,2.5,3.0,3.5,4.0,4.5,5.0', '-log-level=WARNING']
2023-11-26 20:45:59;UNIUSDT;30m;5.0;250;32;72;100.0;4;92.89;['-batch-training', '-calc-rsi', '-verbose', '-prediction-mode=index', '-interval-list=30m', '-range-min-rsi=28', '-range-max-rsi=80', '-range-p-ema=50,250', '-target-margin-list=1.0,1.5,2.0,2.5,3.0,3.5,4.0,4.5,5.0', '-log-level=WARNING']
2023-11-26 20:19:16;UNIUSDT;30m;5.0;200;32;72;100.0;4;92.89;['-batch-training', '-calc-rsi', '-verbose', '-prediction-mode=index', '-interval-list=30m', '-range-min-rsi=28', '-range-max-rsi=80', '-range-p-ema=50,250', '-target-margin-list=1.0,1.5,2.0,2.5,3.0,3.5,4.0,4.5,5.0', '-log-level=WARNING']
2023-11-26 20:32:18;UNIUSDT;30m;5.0;225;32;72;100.0;4;92.89;['-batch-training', '-calc-rsi', '-verbose', '-prediction-mode=index', '-interval-list=30m', '-range-min-rsi=28', '-range-max-rsi=80', '-range-p-ema=50,250', '-target-margin-list=1.0,1.5,2.0,2.5,3.0,3.5,4.0,4.5,5.0', '-log-level=WARNING']
2023-11-26 21:00:39;UNIUSDT;30m;5.0;50;32;72;100.0;4;92.89;['-batch-training', '-calc-rsi', '-verbose', '-prediction-mode=index', '-interval-list=30m', '-range-min-rsi=28', '-range-max-rsi=80', '-range-p-ema=50,250', '-target-margin-list=1.0,1.5,2.0,2.5,3.0,3.5,4.0,4.5,5.0', '-log-level=WARNING']
2023-11-26 20:07:32;UNIUSDT;30m;5.0;175;32;72;100.0;4;92.89;['-batch-training', '-calc-rsi', '-verbose', '-prediction-mode=index', '-interval-list=30m', '-range-min-rsi=28', '-range-max-rsi=80', '-range-p-ema=50,250', '-target-margin-list=1.0,1.5,2.0,2.5,3.0,3.5,4.0,4.5,5.0', '-log-level=WARNING']
2023-11-26 19:57:30;UNIUSDT;30m;5.0;150;32;72;100.0;4;92.89;['-batch-training', '-calc-rsi', '-verbose', '-prediction-mode=index', '-interval-list=30m', '-range-min-rsi=28', '-range-max-rsi=80', '-range-p-ema=50,250', '-target-margin-list=1.0,1.5,2.0,2.5,3.0,3.5,4.0,4.5,5.0', '-log-level=WARNING']
2023-11-26 19:46:33;UNIUSDT;30m;5.0;125;32;72;100.0;4;92.89;['-batch-training', '-calc-rsi', '-verbose', '-prediction-mode=index', '-interval-list=30m', '-range-min-rsi=28', '-range-max-rsi=80', '-range-p-ema=50,250', '-target-margin-list=1.0,1.5,2.0,2.5,3.0,3.5,4.0,4.5,5.0', '-log-level=WARNING']
2023-11-26 20:02:44;UNIUSDT;30m;2.5;175;34;78;100.0;2;92.95;['-batch-training', '-calc-rsi', '-verbose', '-prediction-mode=index', '-interval-list=30m', '-range-min-rsi=28', '-range-max-rsi=80', '-range-p-ema=50,250', '-target-margin-list=1.0,1.5,2.0,2.5,3.0,3.5,4.0,4.5,5.0', '-log-level=WARNING']
2023-11-26 19:26:29;UNIUSDT;30m;1.5;100;36;74;100.0;2;92.95;['-batch-training', '-calc-rsi', '-verbose', '-prediction-mode=index', '-interval-list=30m', '-range-min-rsi=28', '-range-max-rsi=80', '-range-p-ema=50,250', '-target-margin-list=1.0,1.5,2.0,2.5,3.0,3.5,4.0,4.5,5.0', '-log-level=WARNING']
2023-11-26 19:37:58;UNIUSDT;30m;1.5;125;36;74;100.0;2;92.95;['-batch-training', '-calc-rsi', '-verbose', '-prediction-mode=index', '-interval-list=30m', '-range-min-rsi=28', '-range-max-rsi=80', '-range-p-ema=50,250', '-target-margin-list=1.0,1.5,2.0,2.5,3.0,3.5,4.0,4.5,5.0', '-log-level=WARNING']
2023-11-26 21:04:35;UNIUSDT;30m;1.5;75;36;74;100.0;2;92.95;['-batch-training', '-calc-rsi', '-verbose', '-prediction-mode=index', '-interval-list=30m', '-range-min-rsi=28', '-range-max-rsi=80', '-range-p-ema=50,250', '-target-margin-list=1.0,1.5,2.0,2.5,3.0,3.5,4.0,4.5,5.0', '-log-level=WARNING']
2023-11-26 20:49:35;UNIUSDT;30m;1.5;50;36;74;100.0;2;92.95;['-batch-training', '-calc-rsi', '-verbose', '-prediction-mode=index', '-interval-list=30m', '-range-min-rsi=28', '-range-max-rsi=80', '-range-p-ema=50,250', '-target-margin-list=1.0,1.5,2.0,2.5,3.0,3.5,4.0,4.5,5.0', '-log-level=WARNING']
2023-11-26 19:51:53;UNIUSDT;30m;2.5;150;28;74;100.0;5;92.97;['-batch-training', '-calc-rsi', '-verbose', '-prediction-mode=index', '-interval-list=30m', '-range-min-rsi=28', '-range-max-rsi=80', '-range-p-ema=50,250', '-target-margin-list=1.0,1.5,2.0,2.5,3.0,3.5,4.0,4.5,5.0', '-log-level=WARNING']
2023-11-26 19:40:21;UNIUSDT;30m;2.5;125;28;74;100.0;5;92.97;['-batch-training', '-calc-rsi', '-verbose', '-prediction-mode=index', '-interval-list=30m', '-range-min-rsi=28', '-range-max-rsi=80', '-range-p-ema=50,250', '-target-margin-list=1.0,1.5,2.0,2.5,3.0,3.5,4.0,4.5,5.0', '-log-level=WARNING']
2023-11-26 20:25:13;UNIUSDT;30m;2.5;225;28;74;100.0;5;92.97;['-batch-training', '-calc-rsi', '-verbose', '-prediction-mode=index', '-interval-list=30m', '-range-min-rsi=28', '-range-max-rsi=80', '-range-p-ema=50,250', '-target-margin-list=1.0,1.5,2.0,2.5,3.0,3.5,4.0,4.5,5.0', '-log-level=WARNING']
2023-11-26 20:12:37;UNIUSDT;30m;2.5;200;28;74;100.0;5;92.97;['-batch-training', '-calc-rsi', '-verbose', '-prediction-mode=index', '-interval-list=30m', '-range-min-rsi=28', '-range-max-rsi=80', '-range-p-ema=50,250', '-target-margin-list=1.0,1.5,2.0,2.5,3.0,3.5,4.0,4.5,5.0', '-log-level=WARNING']
2023-11-26 20:02:09;UNIUSDT;30m;2.5;175;28;74;100.0;5;92.97;['-batch-training', '-calc-rsi', '-verbose', '-prediction-mode=index', '-interval-list=30m', '-range-min-rsi=28', '-range-max-rsi=80', '-range-p-ema=50,250', '-target-margin-list=1.0,1.5,2.0,2.5,3.0,3.5,4.0,4.5,5.0', '-log-level=WARNING']
2023-11-26 19:28:53;UNIUSDT;30m;2.5;100;28;74;100.0;5;92.97;['-batch-training', '-calc-rsi', '-verbose', '-prediction-mode=index', '-interval-list=30m', '-range-min-rsi=28', '-range-max-rsi=80', '-range-p-ema=50,250', '-target-margin-list=1.0,1.5,2.0,2.5,3.0,3.5,4.0,4.5,5.0', '-log-level=WARNING']
2023-11-26 20:52:35;UNIUSDT;30m;2.5;50;28;74;100.0;5;92.97;['-batch-training', '-calc-rsi', '-verbose', '-prediction-mode=index', '-interval-list=30m', '-range-min-rsi=28', '-range-max-rsi=80', '-range-p-ema=50,250', '-target-margin-list=1.0,1.5,2.0,2.5,3.0,3.5,4.0,4.5,5.0', '-log-level=WARNING']
2023-11-26 21:07:56;UNIUSDT;30m;2.5;75;28;74;100.0;5;92.97;['-batch-training', '-calc-rsi', '-verbose', '-prediction-mode=index', '-interval-list=30m', '-range-min-rsi=28', '-range-max-rsi=80', '-range-p-ema=50,250', '-target-margin-list=1.0,1.5,2.0,2.5,3.0,3.5,4.0,4.5,5.0', '-log-level=WARNING']
2023-11-26 20:23:35;UNIUSDT;30m;2.0;225;32;72;100.0;7;92.99;['-batch-training', '-calc-rsi', '-verbose', '-prediction-mode=index', '-interval-list=30m', '-range-min-rsi=28', '-range-max-rsi=80', '-range-p-ema=50,250', '-target-margin-list=1.0,1.5,2.0,2.5,3.0,3.5,4.0,4.5,5.0', '-log-level=WARNING']
2023-11-26 20:11:08;UNIUSDT;30m;2.0;200;32;72;100.0;7;92.99;['-batch-training', '-calc-rsi', '-verbose', '-prediction-mode=index', '-interval-list=30m', '-range-min-rsi=28', '-range-max-rsi=80', '-range-p-ema=50,250', '-target-margin-list=1.0,1.5,2.0,2.5,3.0,3.5,4.0,4.5,5.0', '-log-level=WARNING']
2023-11-26 20:26:00;UNIUSDT;30m;2.5;225;36;78;100.0;7;93.09;['-batch-training', '-calc-rsi', '-verbose', '-prediction-mode=index', '-interval-list=30m', '-range-min-rsi=28', '-range-max-rsi=80', '-range-p-ema=50,250', '-target-margin-list=1.0,1.5,2.0,2.5,3.0,3.5,4.0,4.5,5.0', '-log-level=WARNING']
2023-11-26 20:13:23;UNIUSDT;30m;2.5;200;36;78;100.0;7;93.09;['-batch-training', '-calc-rsi', '-verbose', '-prediction-mode=index', '-interval-list=30m', '-range-min-rsi=28', '-range-max-rsi=80', '-range-p-ema=50,250', '-target-margin-list=1.0,1.5,2.0,2.5,3.0,3.5,4.0,4.5,5.0', '-log-level=WARNING']
2023-11-26 20:40:33;UNIUSDT;30m;3.0;250;36;76;100.0;5;93.09;['-batch-training', '-calc-rsi', '-verbose', '-prediction-mode=index', '-interval-list=30m', '-range-min-rsi=28', '-range-max-rsi=80', '-range-p-ema=50,250', '-target-margin-list=1.0,1.5,2.0,2.5,3.0,3.5,4.0,4.5,5.0', '-log-level=WARNING']
2023-11-26 20:02:47;UNIUSDT;30m;2.5;175;36;78;100.0;7;93.09;['-batch-training', '-calc-rsi', '-verbose', '-prediction-mode=index', '-interval-list=30m', '-range-min-rsi=28', '-range-max-rsi=80', '-range-p-ema=50,250', '-target-margin-list=1.0,1.5,2.0,2.5,3.0,3.5,4.0,4.5,5.0', '-log-level=WARNING']
2023-11-26 19:52:34;UNIUSDT;30m;2.5;150;36;78;100.0;7;93.09;['-batch-training', '-calc-rsi', '-verbose', '-prediction-mode=index', '-interval-list=30m', '-range-min-rsi=28', '-range-max-rsi=80', '-range-p-ema=50,250', '-target-margin-list=1.0,1.5,2.0,2.5,3.0,3.5,4.0,4.5,5.0', '-log-level=WARNING']
2023-11-26 20:25:49;UNIUSDT;30m;2.5;225;30;78;100.0;2;93.16;['-batch-training', '-calc-rsi', '-verbose', '-prediction-mode=index', '-interval-list=30m', '-range-min-rsi=28', '-range-max-rsi=80', '-range-p-ema=50,250', '-target-margin-list=1.0,1.5,2.0,2.5,3.0,3.5,4.0,4.5,5.0', '-log-level=WARNING']
2023-11-26 20:02:38;UNIUSDT;30m;2.5;175;30;78;100.0;2;93.16;['-batch-training', '-calc-rsi', '-verbose', '-prediction-mode=index', '-interval-list=30m', '-range-min-rsi=28', '-range-max-rsi=80', '-range-p-ema=50,250', '-target-margin-list=1.0,1.5,2.0,2.5,3.0,3.5,4.0,4.5,5.0', '-log-level=WARNING']
2023-11-26 20:13:12;UNIUSDT;30m;2.5;200;30;78;100.0;2;93.16;['-batch-training', '-calc-rsi', '-verbose', '-prediction-mode=index', '-interval-list=30m', '-range-min-rsi=28', '-range-max-rsi=80', '-range-p-ema=50,250', '-target-margin-list=1.0,1.5,2.0,2.5,3.0,3.5,4.0,4.5,5.0', '-log-level=WARNING']
2023-11-26 20:33:53;UNIUSDT;30m;1.0;250;36;72;100.0;6;93.19;['-batch-training', '-calc-rsi', '-verbose', '-prediction-mode=index', '-interval-list=30m', '-range-min-rsi=28', '-range-max-rsi=80', '-range-p-ema=50,250', '-target-margin-list=1.0,1.5,2.0,2.5,3.0,3.5,4.0,4.5,5.0', '-log-level=WARNING']
2023-11-26 20:39:18;UNIUSDT;30m;2.5;250;36;78;100.0;7;93.2;['-batch-training', '-calc-rsi', '-verbose', '-prediction-mode=index', '-interval-list=30m', '-range-min-rsi=28', '-range-max-rsi=80', '-range-p-ema=50,250', '-target-margin-list=1.0,1.5,2.0,2.5,3.0,3.5,4.0,4.5,5.0', '-log-level=WARNING']
2023-11-26 20:14:30;UNIUSDT;30m;3.0;200;28;78;100.0;4;93.21;['-batch-training', '-calc-rsi', '-verbose', '-prediction-mode=index', '-interval-list=30m', '-range-min-rsi=28', '-range-max-rsi=80', '-range-p-ema=50,250', '-target-margin-list=1.0,1.5,2.0,2.5,3.0,3.5,4.0,4.5,5.0', '-log-level=WARNING']
2023-11-26 20:54:54;UNIUSDT;30m;3.0;50;28;78;100.0;4;93.21;['-batch-training', '-calc-rsi', '-verbose', '-prediction-mode=index', '-interval-list=30m', '-range-min-rsi=28', '-range-max-rsi=80', '-range-p-ema=50,250', '-target-margin-list=1.0,1.5,2.0,2.5,3.0,3.5,4.0,4.5,5.0', '-log-level=WARNING']
2023-11-26 19:42:09;UNIUSDT;30m;3.0;125;28;78;100.0;4;93.21;['-batch-training', '-calc-rsi', '-verbose', '-prediction-mode=index', '-interval-list=30m', '-range-min-rsi=28', '-range-max-rsi=80', '-range-p-ema=50,250', '-target-margin-list=1.0,1.5,2.0,2.5,3.0,3.5,4.0,4.5,5.0', '-log-level=WARNING']
2023-11-26 21:10:25;UNIUSDT;30m;3.0;75;28;78;100.0;4;93.21;['-batch-training', '-calc-rsi', '-verbose', '-prediction-mode=index', '-interval-list=30m', '-range-min-rsi=28', '-range-max-rsi=80', '-range-p-ema=50,250', '-target-margin-list=1.0,1.5,2.0,2.5,3.0,3.5,4.0,4.5,5.0', '-log-level=WARNING']
2023-11-26 20:03:42;UNIUSDT;30m;3.0;175;28;78;100.0;4;93.21;['-batch-training', '-calc-rsi', '-verbose', '-prediction-mode=index', '-interval-list=30m', '-range-min-rsi=28', '-range-max-rsi=80', '-range-p-ema=50,250', '-target-margin-list=1.0,1.5,2.0,2.5,3.0,3.5,4.0,4.5,5.0', '-log-level=WARNING']
2023-11-26 19:53:32;UNIUSDT;30m;3.0;150;28;78;100.0;4;93.21;['-batch-training', '-calc-rsi', '-verbose', '-prediction-mode=index', '-interval-list=30m', '-range-min-rsi=28', '-range-max-rsi=80', '-range-p-ema=50,250', '-target-margin-list=1.0,1.5,2.0,2.5,3.0,3.5,4.0,4.5,5.0', '-log-level=WARNING']
2023-11-26 19:30:38;UNIUSDT;30m;3.0;100;28;78;100.0;4;93.21;['-batch-training', '-calc-rsi', '-verbose', '-prediction-mode=index', '-interval-list=30m', '-range-min-rsi=28', '-range-max-rsi=80', '-range-p-ema=50,250', '-target-margin-list=1.0,1.5,2.0,2.5,3.0,3.5,4.0,4.5,5.0', '-log-level=WARNING']
2023-11-26 20:27:12;UNIUSDT;30m;3.0;225;28;78;100.0;4;93.21;['-batch-training', '-calc-rsi', '-verbose', '-prediction-mode=index', '-interval-list=30m', '-range-min-rsi=28', '-range-max-rsi=80', '-range-p-ema=50,250', '-target-margin-list=1.0,1.5,2.0,2.5,3.0,3.5,4.0,4.5,5.0', '-log-level=WARNING']
2023-11-26 20:48:54;UNIUSDT;30m;1.0;50;34;80;100.0;3;93.24;['-batch-training', '-calc-rsi', '-verbose', '-prediction-mode=index', '-interval-list=30m', '-range-min-rsi=28', '-range-max-rsi=80', '-range-p-ema=50,250', '-target-margin-list=1.0,1.5,2.0,2.5,3.0,3.5,4.0,4.5,5.0', '-log-level=WARNING']
2023-11-26 19:25:55;UNIUSDT;30m;1.0;100;34;80;100.0;3;93.24;['-batch-training', '-calc-rsi', '-verbose', '-prediction-mode=index', '-interval-list=30m', '-range-min-rsi=28', '-range-max-rsi=80', '-range-p-ema=50,250', '-target-margin-list=1.0,1.5,2.0,2.5,3.0,3.5,4.0,4.5,5.0', '-log-level=WARNING']
2023-11-26 19:37:23;UNIUSDT;30m;1.0;125;34;80;100.0;3;93.24;['-batch-training', '-calc-rsi', '-verbose', '-prediction-mode=index', '-interval-list=30m', '-range-min-rsi=28', '-range-max-rsi=80', '-range-p-ema=50,250', '-target-margin-list=1.0,1.5,2.0,2.5,3.0,3.5,4.0,4.5,5.0', '-log-level=WARNING']
2023-11-26 21:03:48;UNIUSDT;30m;1.0;75;34;80;100.0;3;93.24;['-batch-training', '-calc-rsi', '-verbose', '-prediction-mode=index', '-interval-list=30m', '-range-min-rsi=28', '-range-max-rsi=80', '-range-p-ema=50,250', '-target-margin-list=1.0,1.5,2.0,2.5,3.0,3.5,4.0,4.5,5.0', '-log-level=WARNING']
2023-11-26 19:57:28;UNIUSDT;30m;5.0;150;30;72;100.0;4;93.27;['-batch-training', '-calc-rsi', '-verbose', '-prediction-mode=index', '-interval-list=30m', '-range-min-rsi=28', '-range-max-rsi=80', '-range-p-ema=50,250', '-target-margin-list=1.0,1.5,2.0,2.5,3.0,3.5,4.0,4.5,5.0', '-log-level=WARNING']
2023-11-26 20:45:55;UNIUSDT;30m;5.0;250;30;72;100.0;4;93.27;['-batch-training', '-calc-rsi', '-verbose', '-prediction-mode=index', '-interval-list=30m', '-range-min-rsi=28', '-range-max-rsi=80', '-range-p-ema=50,250', '-target-margin-list=1.0,1.5,2.0,2.5,3.0,3.5,4.0,4.5,5.0', '-log-level=WARNING']
2023-11-26 20:32:14;UNIUSDT;30m;5.0;225;30;72;100.0;4;93.27;['-batch-training', '-calc-rsi', '-verbose', '-prediction-mode=index', '-interval-list=30m', '-range-min-rsi=28', '-range-max-rsi=80', '-range-p-ema=50,250', '-target-margin-list=1.0,1.5,2.0,2.5,3.0,3.5,4.0,4.5,5.0', '-log-level=WARNING']
2023-11-26 21:16:00;UNIUSDT;30m;5.0;75;30;72;100.0;4;93.27;['-batch-training', '-calc-rsi', '-verbose', '-prediction-mode=index', '-interval-list=30m', '-range-min-rsi=28', '-range-max-rsi=80', '-range-p-ema=50,250', '-target-margin-list=1.0,1.5,2.0,2.5,3.0,3.5,4.0,4.5,5.0', '-log-level=WARNING']
2023-11-26 20:07:29;UNIUSDT;30m;5.0;175;30;72;100.0;4;93.27;['-batch-training', '-calc-rsi', '-verbose', '-prediction-mode=index', '-interval-list=30m', '-range-min-rsi=28', '-range-max-rsi=80', '-range-p-ema=50,250', '-target-margin-list=1.0,1.5,2.0,2.5,3.0,3.5,4.0,4.5,5.0', '-log-level=WARNING']
2023-11-26 19:46:30;UNIUSDT;30m;5.0;125;30;72;100.0;4;93.27;['-batch-training', '-calc-rsi', '-verbose', '-prediction-mode=index', '-interval-list=30m', '-range-min-rsi=28', '-range-max-rsi=80', '-range-p-ema=50,250', '-target-margin-list=1.0,1.5,2.0,2.5,3.0,3.5,4.0,4.5,5.0', '-log-level=WARNING']
2023-11-26 21:00:35;UNIUSDT;30m;5.0;50;30;72;100.0;4;93.27;['-batch-training', '-calc-rsi', '-verbose', '-prediction-mode=index', '-interval-list=30m', '-range-min-rsi=28', '-range-max-rsi=80', '-range-p-ema=50,250', '-target-margin-list=1.0,1.5,2.0,2.5,3.0,3.5,4.0,4.5,5.0', '-log-level=WARNING']
2023-11-26 19:34:55;UNIUSDT;30m;5.0;100;30;72;100.0;4;93.27;['-batch-training', '-calc-rsi', '-verbose', '-prediction-mode=index', '-interval-list=30m', '-range-min-rsi=28', '-range-max-rsi=80', '-range-p-ema=50,250', '-target-margin-list=1.0,1.5,2.0,2.5,3.0,3.5,4.0,4.5,5.0', '-log-level=WARNING']
2023-11-26 20:19:13;UNIUSDT;30m;5.0;200;30;72;100.0;4;93.27;['-batch-training', '-calc-rsi', '-verbose', '-prediction-mode=index', '-interval-list=30m', '-range-min-rsi=28', '-range-max-rsi=80', '-range-p-ema=50,250', '-target-margin-list=1.0,1.5,2.0,2.5,3.0,3.5,4.0,4.5,5.0', '-log-level=WARNING']
2023-11-26 20:25:26;UNIUSDT;30m;2.5;225;36;74;100.0;6;93.3;['-batch-training', '-calc-rsi', '-verbose', '-prediction-mode=index', '-interval-list=30m', '-range-min-rsi=28', '-range-max-rsi=80', '-range-p-ema=50,250', '-target-margin-list=1.0,1.5,2.0,2.5,3.0,3.5,4.0,4.5,5.0', '-log-level=WARNING']
2023-11-26 20:49:59;UNIUSDT;30m;1.5;50;28;78;100.0;4;93.37;['-batch-training', '-calc-rsi', '-verbose', '-prediction-mode=index', '-interval-list=30m', '-range-min-rsi=28', '-range-max-rsi=80', '-range-p-ema=50,250', '-target-margin-list=1.0,1.5,2.0,2.5,3.0,3.5,4.0,4.5,5.0', '-log-level=WARNING']
2023-11-26 19:38:17;UNIUSDT;30m;1.5;125;28;78;100.0;4;93.37;['-batch-training', '-calc-rsi', '-verbose', '-prediction-mode=index', '-interval-list=30m', '-range-min-rsi=28', '-range-max-rsi=80', '-range-p-ema=50,250', '-target-margin-list=1.0,1.5,2.0,2.5,3.0,3.5,4.0,4.5,5.0', '-log-level=WARNING']
2023-11-26 20:10:31;UNIUSDT;30m;1.5;200;28;78;100.0;4;93.37;['-batch-training', '-calc-rsi', '-verbose', '-prediction-mode=index', '-interval-list=30m', '-range-min-rsi=28', '-range-max-rsi=80', '-range-p-ema=50,250', '-target-margin-list=1.0,1.5,2.0,2.5,3.0,3.5,4.0,4.5,5.0', '-log-level=WARNING']
2023-11-26 20:22:53;UNIUSDT;30m;1.5;225;28;78;100.0;4;93.37;['-batch-training', '-calc-rsi', '-verbose', '-prediction-mode=index', '-interval-list=30m', '-range-min-rsi=28', '-range-max-rsi=80', '-range-p-ema=50,250', '-target-margin-list=1.0,1.5,2.0,2.5,3.0,3.5,4.0,4.5,5.0', '-log-level=WARNING']
2023-11-26 20:00:21;UNIUSDT;30m;1.5;175;28;78;100.0;4;93.37;['-batch-training', '-calc-rsi', '-verbose', '-prediction-mode=index', '-interval-list=30m', '-range-min-rsi=28', '-range-max-rsi=80', '-range-p-ema=50,250', '-target-margin-list=1.0,1.5,2.0,2.5,3.0,3.5,4.0,4.5,5.0', '-log-level=WARNING']
2023-11-26 21:05:01;UNIUSDT;30m;1.5;75;28;78;100.0;4;93.37;['-batch-training', '-calc-rsi', '-verbose', '-prediction-mode=index', '-interval-list=30m', '-range-min-rsi=28', '-range-max-rsi=80', '-range-p-ema=50,250', '-target-margin-list=1.0,1.5,2.0,2.5,3.0,3.5,4.0,4.5,5.0', '-log-level=WARNING']
2023-11-26 19:26:48;UNIUSDT;30m;1.5;100;28;78;100.0;4;93.37;['-batch-training', '-calc-rsi', '-verbose', '-prediction-mode=index', '-interval-list=30m', '-range-min-rsi=28', '-range-max-rsi=80', '-range-p-ema=50,250', '-target-margin-list=1.0,1.5,2.0,2.5,3.0,3.5,4.0,4.5,5.0', '-log-level=WARNING']
2023-11-26 19:49:49;UNIUSDT;30m;1.5;150;28;78;100.0;4;93.37;['-batch-training', '-calc-rsi', '-verbose', '-prediction-mode=index', '-interval-list=30m', '-range-min-rsi=28', '-range-max-rsi=80', '-range-p-ema=50,250', '-target-margin-list=1.0,1.5,2.0,2.5,3.0,3.5,4.0,4.5,5.0', '-log-level=WARNING']
2023-11-26 19:47:46;UNIUSDT;30m;1.0;150;30;72;100.0;6;93.38;['-batch-training', '-calc-rsi', '-verbose', '-prediction-mode=index', '-interval-list=30m', '-range-min-rsi=28', '-range-max-rsi=80', '-range-p-ema=50,250', '-target-margin-list=1.0,1.5,2.0,2.5,3.0,3.5,4.0,4.5,5.0', '-log-level=WARNING']
2023-11-26 19:36:12;UNIUSDT;30m;1.0;125;30;72;100.0;6;93.38;['-batch-training', '-calc-rsi', '-verbose', '-prediction-mode=index', '-interval-list=30m', '-range-min-rsi=28', '-range-max-rsi=80', '-range-p-ema=50,250', '-target-margin-list=1.0,1.5,2.0,2.5,3.0,3.5,4.0,4.5,5.0', '-log-level=WARNING']
2023-11-26 19:24:45;UNIUSDT;30m;1.0;100;30;72;100.0;6;93.38;['-batch-training', '-calc-rsi', '-verbose', '-prediction-mode=index', '-interval-list=30m', '-range-min-rsi=28', '-range-max-rsi=80', '-range-p-ema=50,250', '-target-margin-list=1.0,1.5,2.0,2.5,3.0,3.5,4.0,4.5,5.0', '-log-level=WARNING']
2023-11-26 20:47:30;UNIUSDT;30m;1.0;50;30;72;100.0;6;93.38;['-batch-training', '-calc-rsi', '-verbose', '-prediction-mode=index', '-interval-list=30m', '-range-min-rsi=28', '-range-max-rsi=80', '-range-p-ema=50,250', '-target-margin-list=1.0,1.5,2.0,2.5,3.0,3.5,4.0,4.5,5.0', '-log-level=WARNING']
2023-11-26 21:02:16;UNIUSDT;30m;1.0;75;30;72;100.0;6;93.38;['-batch-training', '-calc-rsi', '-verbose', '-prediction-mode=index', '-interval-list=30m', '-range-min-rsi=28', '-range-max-rsi=80', '-range-p-ema=50,250', '-target-margin-list=1.0,1.5,2.0,2.5,3.0,3.5,4.0,4.5,5.0', '-log-level=WARNING']
2023-11-26 20:39:22;UNIUSDT;30m;2.5;250;28;80;100.0;2;93.4;['-batch-training', '-calc-rsi', '-verbose', '-prediction-mode=index', '-interval-list=30m', '-range-min-rsi=28', '-range-max-rsi=80', '-range-p-ema=50,250', '-target-margin-list=1.0,1.5,2.0,2.5,3.0,3.5,4.0,4.5,5.0', '-log-level=WARNING']
2023-11-26 19:36:38;UNIUSDT;30m;1.0;125;36;74;100.0;2;93.41;['-batch-training', '-calc-rsi', '-verbose', '-prediction-mode=index', '-interval-list=30m', '-range-min-rsi=28', '-range-max-rsi=80', '-range-p-ema=50,250', '-target-margin-list=1.0,1.5,2.0,2.5,3.0,3.5,4.0,4.5,5.0', '-log-level=WARNING']
2023-11-26 19:25:11;UNIUSDT;30m;1.0;100;36;74;100.0;2;93.41;['-batch-training', '-calc-rsi', '-verbose', '-prediction-mode=index', '-interval-list=30m', '-range-min-rsi=28', '-range-max-rsi=80', '-range-p-ema=50,250', '-target-margin-list=1.0,1.5,2.0,2.5,3.0,3.5,4.0,4.5,5.0', '-log-level=WARNING']
2023-11-26 19:39:25;UNIUSDT;30m;2.0;125;32;76;100.0;7;93.42;['-batch-training', '-calc-rsi', '-verbose', '-prediction-mode=index', '-interval-list=30m', '-range-min-rsi=28', '-range-max-rsi=80', '-range-p-ema=50,250', '-target-margin-list=1.0,1.5,2.0,2.5,3.0,3.5,4.0,4.5,5.0', '-log-level=WARNING']
2023-11-26 20:51:24;UNIUSDT;30m;2.0;50;32;76;100.0;7;93.42;['-batch-training', '-calc-rsi', '-verbose', '-prediction-mode=index', '-interval-list=30m', '-range-min-rsi=28', '-range-max-rsi=80', '-range-p-ema=50,250', '-target-margin-list=1.0,1.5,2.0,2.5,3.0,3.5,4.0,4.5,5.0', '-log-level=WARNING']
2023-11-26 19:27:56;UNIUSDT;30m;2.0;100;32;76;100.0;7;93.42;['-batch-training', '-calc-rsi', '-verbose', '-prediction-mode=index', '-interval-list=30m', '-range-min-rsi=28', '-range-max-rsi=80', '-range-p-ema=50,250', '-target-margin-list=1.0,1.5,2.0,2.5,3.0,3.5,4.0,4.5,5.0', '-log-level=WARNING']
2023-11-26 21:06:36;UNIUSDT;30m;2.0;75;32;76;100.0;7;93.42;['-batch-training', '-calc-rsi', '-verbose', '-prediction-mode=index', '-interval-list=30m', '-range-min-rsi=28', '-range-max-rsi=80', '-range-p-ema=50,250', '-target-margin-list=1.0,1.5,2.0,2.5,3.0,3.5,4.0,4.5,5.0', '-log-level=WARNING']
2023-11-26 20:36:57;UNIUSDT;30m;2.0;250;28;74;100.0;6;93.43;['-batch-training', '-calc-rsi', '-verbose', '-prediction-mode=index', '-interval-list=30m', '-range-min-rsi=28', '-range-max-rsi=80', '-range-p-ema=50,250', '-target-margin-list=1.0,1.5,2.0,2.5,3.0,3.5,4.0,4.5,5.0', '-log-level=WARNING']
2023-11-26 19:40:40;UNIUSDT;30m;2.5;125;30;76;100.0;4;93.44;['-batch-training', '-calc-rsi', '-verbose', '-prediction-mode=index', '-interval-list=30m', '-range-min-rsi=28', '-range-max-rsi=80', '-range-p-ema=50,250', '-target-margin-list=1.0,1.5,2.0,2.5,3.0,3.5,4.0,4.5,5.0', '-log-level=WARNING']
2023-11-26 19:52:11;UNIUSDT;30m;2.5;150;30;76;100.0;4;93.44;['-batch-training', '-calc-rsi', '-verbose', '-prediction-mode=index', '-interval-list=30m', '-range-min-rsi=28', '-range-max-rsi=80', '-range-p-ema=50,250', '-target-margin-list=1.0,1.5,2.0,2.5,3.0,3.5,4.0,4.5,5.0', '-log-level=WARNING']
2023-11-26 21:08:22;UNIUSDT;30m;2.5;75;30;76;100.0;4;93.44;['-batch-training', '-calc-rsi', '-verbose', '-prediction-mode=index', '-interval-list=30m', '-range-min-rsi=28', '-range-max-rsi=80', '-range-p-ema=50,250', '-target-margin-list=1.0,1.5,2.0,2.5,3.0,3.5,4.0,4.5,5.0', '-log-level=WARNING']
2023-11-26 20:02:25;UNIUSDT;30m;2.5;175;30;76;100.0;4;93.44;['-batch-training', '-calc-rsi', '-verbose', '-prediction-mode=index', '-interval-list=30m', '-range-min-rsi=28', '-range-max-rsi=80', '-range-p-ema=50,250', '-target-margin-list=1.0,1.5,2.0,2.5,3.0,3.5,4.0,4.5,5.0', '-log-level=WARNING']
2023-11-26 20:12:57;UNIUSDT;30m;2.5;200;30;76;100.0;4;93.44;['-batch-training', '-calc-rsi', '-verbose', '-prediction-mode=index', '-interval-list=30m', '-range-min-rsi=28', '-range-max-rsi=80', '-range-p-ema=50,250', '-target-margin-list=1.0,1.5,2.0,2.5,3.0,3.5,4.0,4.5,5.0', '-log-level=WARNING']
2023-11-26 20:25:32;UNIUSDT;30m;2.5;225;30;76;100.0;4;93.44;['-batch-training', '-calc-rsi', '-verbose', '-prediction-mode=index', '-interval-list=30m', '-range-min-rsi=28', '-range-max-rsi=80', '-range-p-ema=50,250', '-target-margin-list=1.0,1.5,2.0,2.5,3.0,3.5,4.0,4.5,5.0', '-log-level=WARNING']
2023-11-26 19:29:11;UNIUSDT;30m;2.5;100;30;76;100.0;4;93.44;['-batch-training', '-calc-rsi', '-verbose', '-prediction-mode=index', '-interval-list=30m', '-range-min-rsi=28', '-range-max-rsi=80', '-range-p-ema=50,250', '-target-margin-list=1.0,1.5,2.0,2.5,3.0,3.5,4.0,4.5,5.0', '-log-level=WARNING']
2023-11-26 20:52:59;UNIUSDT;30m;2.5;50;30;76;100.0;4;93.44;['-batch-training', '-calc-rsi', '-verbose', '-prediction-mode=index', '-interval-list=30m', '-range-min-rsi=28', '-range-max-rsi=80', '-range-p-ema=50,250', '-target-margin-list=1.0,1.5,2.0,2.5,3.0,3.5,4.0,4.5,5.0', '-log-level=WARNING']
2023-11-26 20:33:53;UNIUSDT;30m;1.0;250;36;72;100.0;3;93.45;['-batch-training', '-calc-rsi', '-verbose', '-prediction-mode=index', '-interval-list=30m', '-range-min-rsi=28', '-range-max-rsi=80', '-range-p-ema=50,250', '-target-margin-list=1.0,1.5,2.0,2.5,3.0,3.5,4.0,4.5,5.0', '-log-level=WARNING']
2023-11-26 20:20:44;UNIUSDT;30m;1.0;225;34;72;100.0;6;93.46;['-batch-training', '-calc-rsi', '-verbose', '-prediction-mode=index', '-interval-list=30m', '-range-min-rsi=28', '-range-max-rsi=80', '-range-p-ema=50,250', '-target-margin-list=1.0,1.5,2.0,2.5,3.0,3.5,4.0,4.5,5.0', '-log-level=WARNING']
2023-11-26 20:08:58;UNIUSDT;30m;1.0;200;36;74;100.0;3;93.49;['-batch-training', '-calc-rsi', '-verbose', '-prediction-mode=index', '-interval-list=30m', '-range-min-rsi=28', '-range-max-rsi=80', '-range-p-ema=50,250', '-target-margin-list=1.0,1.5,2.0,2.5,3.0,3.5,4.0,4.5,5.0', '-log-level=WARNING']
2023-11-26 20:02:20;UNIUSDT;30m;2.5;175;36;74;100.0;6;93.5;['-batch-training', '-calc-rsi', '-verbose', '-prediction-mode=index', '-interval-list=30m', '-range-min-rsi=28', '-range-max-rsi=80', '-range-p-ema=50,250', '-target-margin-list=1.0,1.5,2.0,2.5,3.0,3.5,4.0,4.5,5.0', '-log-level=WARNING']
2023-11-26 20:38:27;UNIUSDT;30m;2.5;250;28;74;100.0;5;93.53;['-batch-training', '-calc-rsi', '-verbose', '-prediction-mode=index', '-interval-list=30m', '-range-min-rsi=28', '-range-max-rsi=80', '-range-p-ema=50,250', '-target-margin-list=1.0,1.5,2.0,2.5,3.0,3.5,4.0,4.5,5.0', '-log-level=WARNING']
2023-11-26 21:03:18;UNIUSDT;30m;1.0;75;30;78;100.0;7;93.55;['-batch-training', '-calc-rsi', '-verbose', '-prediction-mode=index', '-interval-list=30m', '-range-min-rsi=28', '-range-max-rsi=80', '-range-p-ema=50,250', '-target-margin-list=1.0,1.5,2.0,2.5,3.0,3.5,4.0,4.5,5.0', '-log-level=WARNING']
2023-11-26 19:37:01;UNIUSDT;30m;1.0;125;30;78;100.0;7;93.55;['-batch-training', '-calc-rsi', '-verbose', '-prediction-mode=index', '-interval-list=30m', '-range-min-rsi=28', '-range-max-rsi=80', '-range-p-ema=50,250', '-target-margin-list=1.0,1.5,2.0,2.5,3.0,3.5,4.0,4.5,5.0', '-log-level=WARNING']
2023-11-26 19:48:33;UNIUSDT;30m;1.0;150;30;78;100.0;7;93.55;['-batch-training', '-calc-rsi', '-verbose', '-prediction-mode=index', '-interval-list=30m', '-range-min-rsi=28', '-range-max-rsi=80', '-range-p-ema=50,250', '-target-margin-list=1.0,1.5,2.0,2.5,3.0,3.5,4.0,4.5,5.0', '-log-level=WARNING']
2023-11-26 20:48:27;UNIUSDT;30m;1.0;50;30;78;100.0;7;93.55;['-batch-training', '-calc-rsi', '-verbose', '-prediction-mode=index', '-interval-list=30m', '-range-min-rsi=28', '-range-max-rsi=80', '-range-p-ema=50,250', '-target-margin-list=1.0,1.5,2.0,2.5,3.0,3.5,4.0,4.5,5.0', '-log-level=WARNING']
2023-11-26 19:25:33;UNIUSDT;30m;1.0;100;30;78;100.0;7;93.55;['-batch-training', '-calc-rsi', '-verbose', '-prediction-mode=index', '-interval-list=30m', '-range-min-rsi=28', '-range-max-rsi=80', '-range-p-ema=50,250', '-target-margin-list=1.0,1.5,2.0,2.5,3.0,3.5,4.0,4.5,5.0', '-log-level=WARNING']
2023-11-26 19:36:21;UNIUSDT;30m;1.0;125;36;72;100.0;6;93.56;['-batch-training', '-calc-rsi', '-verbose', '-prediction-mode=index', '-interval-list=30m', '-range-min-rsi=28', '-range-max-rsi=80', '-range-p-ema=50,250', '-target-margin-list=1.0,1.5,2.0,2.5,3.0,3.5,4.0,4.5,5.0', '-log-level=WARNING']
2023-11-26 19:24:55;UNIUSDT;30m;1.0;100;36;72;100.0;6;93.56;['-batch-training', '-calc-rsi', '-verbose', '-prediction-mode=index', '-interval-list=30m', '-range-min-rsi=28', '-range-max-rsi=80', '-range-p-ema=50,250', '-target-margin-list=1.0,1.5,2.0,2.5,3.0,3.5,4.0,4.5,5.0', '-log-level=WARNING']
2023-11-26 20:13:48;UNIUSDT;30m;3.0;200;32;72;100.0;5;93.57;['-batch-training', '-calc-rsi', '-verbose', '-prediction-mode=index', '-interval-list=30m', '-range-min-rsi=28', '-range-max-rsi=80', '-range-p-ema=50,250', '-target-margin-list=1.0,1.5,2.0,2.5,3.0,3.5,4.0,4.5,5.0', '-log-level=WARNING']
2023-11-26 20:03:07;UNIUSDT;30m;3.0;175;32;72;100.0;5;93.57;['-batch-training', '-calc-rsi', '-verbose', '-prediction-mode=index', '-interval-list=30m', '-range-min-rsi=28', '-range-max-rsi=80', '-range-p-ema=50,250', '-target-margin-list=1.0,1.5,2.0,2.5,3.0,3.5,4.0,4.5,5.0', '-log-level=WARNING']
2023-11-26 19:52:57;UNIUSDT;30m;3.0;150;32;72;100.0;5;93.57;['-batch-training', '-calc-rsi', '-verbose', '-prediction-mode=index', '-interval-list=30m', '-range-min-rsi=28', '-range-max-rsi=80', '-range-p-ema=50,250', '-target-margin-list=1.0,1.5,2.0,2.5,3.0,3.5,4.0,4.5,5.0', '-log-level=WARNING']
2023-11-26 20:26:28;UNIUSDT;30m;3.0;225;32;72;100.0;5;93.57;['-batch-training', '-calc-rsi', '-verbose', '-prediction-mode=index', '-interval-list=30m', '-range-min-rsi=28', '-range-max-rsi=80', '-range-p-ema=50,250', '-target-margin-list=1.0,1.5,2.0,2.5,3.0,3.5,4.0,4.5,5.0', '-log-level=WARNING']
2023-11-26 19:28:21;UNIUSDT;30m;2.0;100;28;80;100.0;5;93.58;['-batch-training', '-calc-rsi', '-verbose', '-prediction-mode=index', '-interval-list=30m', '-range-min-rsi=28', '-range-max-rsi=80', '-range-p-ema=50,250', '-target-margin-list=1.0,1.5,2.0,2.5,3.0,3.5,4.0,4.5,5.0', '-log-level=WARNING']
2023-11-26 20:01:42;UNIUSDT;30m;2.0;175;28;80;100.0;5;93.58;['-batch-training', '-calc-rsi', '-verbose', '-prediction-mode=index', '-interval-list=30m', '-range-min-rsi=28', '-range-max-rsi=80', '-range-p-ema=50,250', '-target-margin-list=1.0,1.5,2.0,2.5,3.0,3.5,4.0,4.5,5.0', '-log-level=WARNING']
2023-11-26 19:39:50;UNIUSDT;30m;2.0;125;28;80;100.0;5;93.58;['-batch-training', '-calc-rsi', '-verbose', '-prediction-mode=index', '-interval-list=30m', '-range-min-rsi=28', '-range-max-rsi=80', '-range-p-ema=50,250', '-target-margin-list=1.0,1.5,2.0,2.5,3.0,3.5,4.0,4.5,5.0', '-log-level=WARNING']
2023-11-26 20:12:06;UNIUSDT;30m;2.0;200;28;80;100.0;5;93.58;['-batch-training', '-calc-rsi', '-verbose', '-prediction-mode=index', '-interval-list=30m', '-range-min-rsi=28', '-range-max-rsi=80', '-range-p-ema=50,250', '-target-margin-list=1.0,1.5,2.0,2.5,3.0,3.5,4.0,4.5,5.0', '-log-level=WARNING']
2023-11-26 19:51:22;UNIUSDT;30m;2.0;150;28;80;100.0;5;93.58;['-batch-training', '-calc-rsi', '-verbose', '-prediction-mode=index', '-interval-list=30m', '-range-min-rsi=28', '-range-max-rsi=80', '-range-p-ema=50,250', '-target-margin-list=1.0,1.5,2.0,2.5,3.0,3.5,4.0,4.5,5.0', '-log-level=WARNING']
2023-11-26 20:24:37;UNIUSDT;30m;2.0;225;28;80;100.0;5;93.58;['-batch-training', '-calc-rsi', '-verbose', '-prediction-mode=index', '-interval-list=30m', '-range-min-rsi=28', '-range-max-rsi=80', '-range-p-ema=50,250', '-target-margin-list=1.0,1.5,2.0,2.5,3.0,3.5,4.0,4.5,5.0', '-log-level=WARNING']
2023-11-26 20:37:51;UNIUSDT;30m;2.0;250;28;80;100.0;5;93.58;['-batch-training', '-calc-rsi', '-verbose', '-prediction-mode=index', '-interval-list=30m', '-range-min-rsi=28', '-range-max-rsi=80', '-range-p-ema=50,250', '-target-margin-list=1.0,1.5,2.0,2.5,3.0,3.5,4.0,4.5,5.0', '-log-level=WARNING']
2023-11-26 20:51:56;UNIUSDT;30m;2.0;50;28;80;100.0;5;93.58;['-batch-training', '-calc-rsi', '-verbose', '-prediction-mode=index', '-interval-list=30m', '-range-min-rsi=28', '-range-max-rsi=80', '-range-p-ema=50,250', '-target-margin-list=1.0,1.5,2.0,2.5,3.0,3.5,4.0,4.5,5.0', '-log-level=WARNING']
2023-11-26 21:07:11;UNIUSDT;30m;2.0;75;28;80;100.0;5;93.58;['-batch-training', '-calc-rsi', '-verbose', '-prediction-mode=index', '-interval-list=30m', '-range-min-rsi=28', '-range-max-rsi=80', '-range-p-ema=50,250', '-target-margin-list=1.0,1.5,2.0,2.5,3.0,3.5,4.0,4.5,5.0', '-log-level=WARNING']
2023-11-26 20:41:46;UNIUSDT;30m;3.5;250;36;74;100.0;5;93.59;['-batch-training', '-calc-rsi', '-verbose', '-prediction-mode=index', '-interval-list=30m', '-range-min-rsi=28', '-range-max-rsi=80', '-range-p-ema=50,250', '-target-margin-list=1.0,1.5,2.0,2.5,3.0,3.5,4.0,4.5,5.0', '-log-level=WARNING']
2023-11-26 20:42:05;UNIUSDT;30m;3.5;250;36;76;100.0;5;93.59;['-batch-training', '-calc-rsi', '-verbose', '-prediction-mode=index', '-interval-list=30m', '-range-min-rsi=28', '-range-max-rsi=80', '-range-p-ema=50,250', '-target-margin-list=1.0,1.5,2.0,2.5,3.0,3.5,4.0,4.5,5.0', '-log-level=WARNING']
2023-11-26 20:38:42;UNIUSDT;30m;2.5;250;36;74;100.0;6;93.61;['-batch-training', '-calc-rsi', '-verbose', '-prediction-mode=index', '-interval-list=30m', '-range-min-rsi=28', '-range-max-rsi=80', '-range-p-ema=50,250', '-target-margin-list=1.0,1.5,2.0,2.5,3.0,3.5,4.0,4.5,5.0', '-log-level=WARNING']
2023-11-26 20:13:06;UNIUSDT;30m;2.5;200;36;76;100.0;6;93.63;['-batch-training', '-calc-rsi', '-verbose', '-prediction-mode=index', '-interval-list=30m', '-range-min-rsi=28', '-range-max-rsi=80', '-range-p-ema=50,250', '-target-margin-list=1.0,1.5,2.0,2.5,3.0,3.5,4.0,4.5,5.0', '-log-level=WARNING']
2023-11-26 19:52:05;UNIUSDT;30m;2.5;150;36;74;100.0;6;93.64;['-batch-training', '-calc-rsi', '-verbose', '-prediction-mode=index', '-interval-list=30m', '-range-min-rsi=28', '-range-max-rsi=80', '-range-p-ema=50,250', '-target-margin-list=1.0,1.5,2.0,2.5,3.0,3.5,4.0,4.5,5.0', '-log-level=WARNING']
2023-11-26 19:30:23;UNIUSDT;30m;3.0;100;28;76;100.0;4;93.66;['-batch-training', '-calc-rsi', '-verbose', '-prediction-mode=index', '-interval-list=30m', '-range-min-rsi=28', '-range-max-rsi=80', '-range-p-ema=50,250', '-target-margin-list=1.0,1.5,2.0,2.5,3.0,3.5,4.0,4.5,5.0', '-log-level=WARNING']
2023-11-26 20:26:56;UNIUSDT;30m;3.0;225;28;76;100.0;4;93.66;['-batch-training', '-calc-rsi', '-verbose', '-prediction-mode=index', '-interval-list=30m', '-range-min-rsi=28', '-range-max-rsi=80', '-range-p-ema=50,250', '-target-margin-list=1.0,1.5,2.0,2.5,3.0,3.5,4.0,4.5,5.0', '-log-level=WARNING']
2023-11-26 19:41:53;UNIUSDT;30m;3.0;125;28;76;100.0;4;93.66;['-batch-training', '-calc-rsi', '-verbose', '-prediction-mode=index', '-interval-list=30m', '-range-min-rsi=28', '-range-max-rsi=80', '-range-p-ema=50,250', '-target-margin-list=1.0,1.5,2.0,2.5,3.0,3.5,4.0,4.5,5.0', '-log-level=WARNING']
2023-11-26 20:03:29;UNIUSDT;30m;3.0;175;28;76;100.0;4;93.66;['-batch-training', '-calc-rsi', '-verbose', '-prediction-mode=index', '-interval-list=30m', '-range-min-rsi=28', '-range-max-rsi=80', '-range-p-ema=50,250', '-target-margin-list=1.0,1.5,2.0,2.5,3.0,3.5,4.0,4.5,5.0', '-log-level=WARNING']
2023-11-26 19:53:19;UNIUSDT;30m;3.0;150;28;76;100.0;4;93.66;['-batch-training', '-calc-rsi', '-verbose', '-prediction-mode=index', '-interval-list=30m', '-range-min-rsi=28', '-range-max-rsi=80', '-range-p-ema=50,250', '-target-margin-list=1.0,1.5,2.0,2.5,3.0,3.5,4.0,4.5,5.0', '-log-level=WARNING']
2023-11-26 21:10:04;UNIUSDT;30m;3.0;75;28;76;100.0;4;93.66;['-batch-training', '-calc-rsi', '-verbose', '-prediction-mode=index', '-interval-list=30m', '-range-min-rsi=28', '-range-max-rsi=80', '-range-p-ema=50,250', '-target-margin-list=1.0,1.5,2.0,2.5,3.0,3.5,4.0,4.5,5.0', '-log-level=WARNING']
2023-11-26 20:14:14;UNIUSDT;30m;3.0;200;28;76;100.0;4;93.66;['-batch-training', '-calc-rsi', '-verbose', '-prediction-mode=index', '-interval-list=30m', '-range-min-rsi=28', '-range-max-rsi=80', '-range-p-ema=50,250', '-target-margin-list=1.0,1.5,2.0,2.5,3.0,3.5,4.0,4.5,5.0', '-log-level=WARNING']
2023-11-26 20:54:34;UNIUSDT;30m;3.0;50;28;76;100.0;4;93.66;['-batch-training', '-calc-rsi', '-verbose', '-prediction-mode=index', '-interval-list=30m', '-range-min-rsi=28', '-range-max-rsi=80', '-range-p-ema=50,250', '-target-margin-list=1.0,1.5,2.0,2.5,3.0,3.5,4.0,4.5,5.0', '-log-level=WARNING']
2023-11-26 20:39:08;UNIUSDT;30m;2.5;250;30;78;100.0;2;93.72;['-batch-training', '-calc-rsi', '-verbose', '-prediction-mode=index', '-interval-list=30m', '-range-min-rsi=28', '-range-max-rsi=80', '-range-p-ema=50,250', '-target-margin-list=1.0,1.5,2.0,2.5,3.0,3.5,4.0,4.5,5.0', '-log-level=WARNING']
2023-11-26 19:27:34;UNIUSDT;30m;2.0;100;28;74;100.0;6;93.73;['-batch-training', '-calc-rsi', '-verbose', '-prediction-mode=index', '-interval-list=30m', '-range-min-rsi=28', '-range-max-rsi=80', '-range-p-ema=50,250', '-target-margin-list=1.0,1.5,2.0,2.5,3.0,3.5,4.0,4.5,5.0', '-log-level=WARNING']
2023-11-26 20:50:57;UNIUSDT;30m;2.0;50;28;74;100.0;6;93.73;['-batch-training', '-calc-rsi', '-verbose', '-prediction-mode=index', '-interval-list=30m', '-range-min-rsi=28', '-range-max-rsi=80', '-range-p-ema=50,250', '-target-margin-list=1.0,1.5,2.0,2.5,3.0,3.5,4.0,4.5,5.0', '-log-level=WARNING']
2023-11-26 21:06:06;UNIUSDT;30m;2.0;75;28;74;100.0;6;93.73;['-batch-training', '-calc-rsi', '-verbose', '-prediction-mode=index', '-interval-list=30m', '-range-min-rsi=28', '-range-max-rsi=80', '-range-p-ema=50,250', '-target-margin-list=1.0,1.5,2.0,2.5,3.0,3.5,4.0,4.5,5.0', '-log-level=WARNING']
2023-11-26 19:52:08;UNIUSDT;30m;2.5;150;28;76;100.0;2;93.73;['-batch-training', '-calc-rsi', '-verbose', '-prediction-mode=index', '-interval-list=30m', '-range-min-rsi=28', '-range-max-rsi=80', '-range-p-ema=50,250', '-target-margin-list=1.0,1.5,2.0,2.5,3.0,3.5,4.0,4.5,5.0', '-log-level=WARNING']
2023-11-26 21:08:17;UNIUSDT;30m;2.5;75;28;76;100.0;2;93.73;['-batch-training', '-calc-rsi', '-verbose', '-prediction-mode=index', '-interval-list=30m', '-range-min-rsi=28', '-range-max-rsi=80', '-range-p-ema=50,250', '-target-margin-list=1.0,1.5,2.0,2.5,3.0,3.5,4.0,4.5,5.0', '-log-level=WARNING']
2023-11-26 19:29:08;UNIUSDT;30m;2.5;100;28;76;100.0;2;93.73;['-batch-training', '-calc-rsi', '-verbose', '-prediction-mode=index', '-interval-list=30m', '-range-min-rsi=28', '-range-max-rsi=80', '-range-p-ema=50,250', '-target-margin-list=1.0,1.5,2.0,2.5,3.0,3.5,4.0,4.5,5.0', '-log-level=WARNING']
2023-11-26 19:50:35;UNIUSDT;30m;2.0;150;28;74;100.0;6;93.73;['-batch-training', '-calc-rsi', '-verbose', '-prediction-mode=index', '-interval-list=30m', '-range-min-rsi=28', '-range-max-rsi=80', '-range-p-ema=50,250', '-target-margin-list=1.0,1.5,2.0,2.5,3.0,3.5,4.0,4.5,5.0', '-log-level=WARNING']
2023-11-26 19:40:37;UNIUSDT;30m;2.5;125;28;76;100.0;2;93.73;['-batch-training', '-calc-rsi', '-verbose', '-prediction-mode=index', '-interval-list=30m', '-range-min-rsi=28', '-range-max-rsi=80', '-range-p-ema=50,250', '-target-margin-list=1.0,1.5,2.0,2.5,3.0,3.5,4.0,4.5,5.0', '-log-level=WARNING']
2023-11-26 20:52:55;UNIUSDT;30m;2.5;50;28;76;100.0;2;93.73;['-batch-training', '-calc-rsi', '-verbose', '-prediction-mode=index', '-interval-list=30m', '-range-min-rsi=28', '-range-max-rsi=80', '-range-p-ema=50,250', '-target-margin-list=1.0,1.5,2.0,2.5,3.0,3.5,4.0,4.5,5.0', '-log-level=WARNING']
2023-11-26 20:01:01;UNIUSDT;30m;2.0;175;28;74;100.0;6;93.73;['-batch-training', '-calc-rsi', '-verbose', '-prediction-mode=index', '-interval-list=30m', '-range-min-rsi=28', '-range-max-rsi=80', '-range-p-ema=50,250', '-target-margin-list=1.0,1.5,2.0,2.5,3.0,3.5,4.0,4.5,5.0', '-log-level=WARNING']
2023-11-26 20:25:29;UNIUSDT;30m;2.5;225;28;76;100.0;2;93.73;['-batch-training', '-calc-rsi', '-verbose', '-prediction-mode=index', '-interval-list=30m', '-range-min-rsi=28', '-range-max-rsi=80', '-range-p-ema=50,250', '-target-margin-list=1.0,1.5,2.0,2.5,3.0,3.5,4.0,4.5,5.0', '-log-level=WARNING']
2023-11-26 20:12:54;UNIUSDT;30m;2.5;200;28;76;100.0;2;93.73;['-batch-training', '-calc-rsi', '-verbose', '-prediction-mode=index', '-interval-list=30m', '-range-min-rsi=28', '-range-max-rsi=80', '-range-p-ema=50,250', '-target-margin-list=1.0,1.5,2.0,2.5,3.0,3.5,4.0,4.5,5.0', '-log-level=WARNING']
2023-11-26 20:11:19;UNIUSDT;30m;2.0;200;28;74;100.0;6;93.73;['-batch-training', '-calc-rsi', '-verbose', '-prediction-mode=index', '-interval-list=30m', '-range-min-rsi=28', '-range-max-rsi=80', '-range-p-ema=50,250', '-target-margin-list=1.0,1.5,2.0,2.5,3.0,3.5,4.0,4.5,5.0', '-log-level=WARNING']
2023-11-26 20:23:45;UNIUSDT;30m;2.0;225;28;74;100.0;6;93.73;['-batch-training', '-calc-rsi', '-verbose', '-prediction-mode=index', '-interval-list=30m', '-range-min-rsi=28', '-range-max-rsi=80', '-range-p-ema=50,250', '-target-margin-list=1.0,1.5,2.0,2.5,3.0,3.5,4.0,4.5,5.0', '-log-level=WARNING']
2023-11-26 20:02:22;UNIUSDT;30m;2.5;175;28;76;100.0;2;93.73;['-batch-training', '-calc-rsi', '-verbose', '-prediction-mode=index', '-interval-list=30m', '-range-min-rsi=28', '-range-max-rsi=80', '-range-p-ema=50,250', '-target-margin-list=1.0,1.5,2.0,2.5,3.0,3.5,4.0,4.5,5.0', '-log-level=WARNING']
2023-11-26 19:39:04;UNIUSDT;30m;2.0;125;28;74;100.0;6;93.73;['-batch-training', '-calc-rsi', '-verbose', '-prediction-mode=index', '-interval-list=30m', '-range-min-rsi=28', '-range-max-rsi=80', '-range-p-ema=50,250', '-target-margin-list=1.0,1.5,2.0,2.5,3.0,3.5,4.0,4.5,5.0', '-log-level=WARNING']
2023-11-26 20:36:39;UNIUSDT;30m;2.0;250;28;72;100.0;4;93.74;['-batch-training', '-calc-rsi', '-verbose', '-prediction-mode=index', '-interval-list=30m', '-range-min-rsi=28', '-range-max-rsi=80', '-range-p-ema=50,250', '-target-margin-list=1.0,1.5,2.0,2.5,3.0,3.5,4.0,4.5,5.0', '-log-level=WARNING']
2023-11-26 19:52:20;UNIUSDT;30m;2.5;150;36;76;100.0;7;93.78;['-batch-training', '-calc-rsi', '-verbose', '-prediction-mode=index', '-interval-list=30m', '-range-min-rsi=28', '-range-max-rsi=80', '-range-p-ema=50,250', '-target-margin-list=1.0,1.5,2.0,2.5,3.0,3.5,4.0,4.5,5.0', '-log-level=WARNING']
2023-11-26 20:37:16;UNIUSDT;30m;2.0;250;28;76;100.0;3;93.78;['-batch-training', '-calc-rsi', '-verbose', '-prediction-mode=index', '-interval-list=30m', '-range-min-rsi=28', '-range-max-rsi=80', '-range-p-ema=50,250', '-target-margin-list=1.0,1.5,2.0,2.5,3.0,3.5,4.0,4.5,5.0', '-log-level=WARNING']
2023-11-26 19:52:05;UNIUSDT;30m;2.5;150;36;74;100.0;7;93.78;['-batch-training', '-calc-rsi', '-verbose', '-prediction-mode=index', '-interval-list=30m', '-range-min-rsi=28', '-range-max-rsi=80', '-range-p-ema=50,250', '-target-margin-list=1.0,1.5,2.0,2.5,3.0,3.5,4.0,4.5,5.0', '-log-level=WARNING']
2023-11-26 21:02:29;UNIUSDT;30m;1.0;75;36;72;100.0;6;93.79;['-batch-training', '-calc-rsi', '-verbose', '-prediction-mode=index', '-interval-list=30m', '-range-min-rsi=28', '-range-max-rsi=80', '-range-p-ema=50,250', '-target-margin-list=1.0,1.5,2.0,2.5,3.0,3.5,4.0,4.5,5.0', '-log-level=WARNING']
2023-11-26 20:47:41;UNIUSDT;30m;1.0;50;36;72;100.0;6;93.79;['-batch-training', '-calc-rsi', '-verbose', '-prediction-mode=index', '-interval-list=30m', '-range-min-rsi=28', '-range-max-rsi=80', '-range-p-ema=50,250', '-target-margin-list=1.0,1.5,2.0,2.5,3.0,3.5,4.0,4.5,5.0', '-log-level=WARNING']
2023-11-26 20:36:39;UNIUSDT;30m;2.0;250;28;72;100.0;3;93.8;['-batch-training', '-calc-rsi', '-verbose', '-prediction-mode=index', '-interval-list=30m', '-range-min-rsi=28', '-range-max-rsi=80', '-range-p-ema=50,250', '-target-margin-list=1.0,1.5,2.0,2.5,3.0,3.5,4.0,4.5,5.0', '-log-level=WARNING']
2023-11-26 20:00:48;UNIUSDT;30m;2.0;175;28;72;100.0;4;93.84;['-batch-training', '-calc-rsi', '-verbose', '-prediction-mode=index', '-interval-list=30m', '-range-min-rsi=28', '-range-max-rsi=80', '-range-p-ema=50,250', '-target-margin-list=1.0,1.5,2.0,2.5,3.0,3.5,4.0,4.5,5.0', '-log-level=WARNING']
2023-11-26 19:27:19;UNIUSDT;30m;2.0;100;28;72;100.0;4;93.84;['-batch-training', '-calc-rsi', '-verbose', '-prediction-mode=index', '-interval-list=30m', '-range-min-rsi=28', '-range-max-rsi=80', '-range-p-ema=50,250', '-target-margin-list=1.0,1.5,2.0,2.5,3.0,3.5,4.0,4.5,5.0', '-log-level=WARNING']
2023-11-26 20:23:28;UNIUSDT;30m;2.0;225;28;72;100.0;4;93.84;['-batch-training', '-calc-rsi', '-verbose', '-prediction-mode=index', '-interval-list=30m', '-range-min-rsi=28', '-range-max-rsi=80', '-range-p-ema=50,250', '-target-margin-list=1.0,1.5,2.0,2.5,3.0,3.5,4.0,4.5,5.0', '-log-level=WARNING']
2023-11-26 19:48:08;UNIUSDT;30m;1.0;150;34;74;100.0;3;93.84;['-batch-training', '-calc-rsi', '-verbose', '-prediction-mode=index', '-interval-list=30m', '-range-min-rsi=28', '-range-max-rsi=80', '-range-p-ema=50,250', '-target-margin-list=1.0,1.5,2.0,2.5,3.0,3.5,4.0,4.5,5.0', '-log-level=WARNING']
2023-11-26 19:38:48;UNIUSDT;30m;2.0;125;28;72;100.0;4;93.84;['-batch-training', '-calc-rsi', '-verbose', '-prediction-mode=index', '-interval-list=30m', '-range-min-rsi=28', '-range-max-rsi=80', '-range-p-ema=50,250', '-target-margin-list=1.0,1.5,2.0,2.5,3.0,3.5,4.0,4.5,5.0', '-log-level=WARNING']
2023-11-26 20:50:37;UNIUSDT;30m;2.0;50;28;72;100.0;4;93.84;['-batch-training', '-calc-rsi', '-verbose', '-prediction-mode=index', '-interval-list=30m', '-range-min-rsi=28', '-range-max-rsi=80', '-range-p-ema=50,250', '-target-margin-list=1.0,1.5,2.0,2.5,3.0,3.5,4.0,4.5,5.0', '-log-level=WARNING']
2023-11-26 21:05:45;UNIUSDT;30m;2.0;75;28;72;100.0;4;93.84;['-batch-training', '-calc-rsi', '-verbose', '-prediction-mode=index', '-interval-list=30m', '-range-min-rsi=28', '-range-max-rsi=80', '-range-p-ema=50,250', '-target-margin-list=1.0,1.5,2.0,2.5,3.0,3.5,4.0,4.5,5.0', '-log-level=WARNING']
2023-11-26 20:11:02;UNIUSDT;30m;2.0;200;28;72;100.0;4;93.84;['-batch-training', '-calc-rsi', '-verbose', '-prediction-mode=index', '-interval-list=30m', '-range-min-rsi=28', '-range-max-rsi=80', '-range-p-ema=50,250', '-target-margin-list=1.0,1.5,2.0,2.5,3.0,3.5,4.0,4.5,5.0', '-log-level=WARNING']
2023-11-26 19:50:20;UNIUSDT;30m;2.0;150;28;72;100.0;4;93.84;['-batch-training', '-calc-rsi', '-verbose', '-prediction-mode=index', '-interval-list=30m', '-range-min-rsi=28', '-range-max-rsi=80', '-range-p-ema=50,250', '-target-margin-list=1.0,1.5,2.0,2.5,3.0,3.5,4.0,4.5,5.0', '-log-level=WARNING']
2023-11-26 20:46:40;UNIUSDT;30m;5.0;250;34;76;100.0;3;93.85;['-batch-training', '-calc-rsi', '-verbose', '-prediction-mode=index', '-interval-list=30m', '-range-min-rsi=28', '-range-max-rsi=80', '-range-p-ema=50,250', '-target-margin-list=1.0,1.5,2.0,2.5,3.0,3.5,4.0,4.5,5.0', '-log-level=WARNING']
2023-11-26 20:09:24;UNIUSDT;30m;1.0;200;34;78;100.0;3;93.85;['-batch-training', '-calc-rsi', '-verbose', '-prediction-mode=index', '-interval-list=30m', '-range-min-rsi=28', '-range-max-rsi=80', '-range-p-ema=50,250', '-target-margin-list=1.0,1.5,2.0,2.5,3.0,3.5,4.0,4.5,5.0', '-log-level=WARNING']
2023-11-26 20:32:56;UNIUSDT;30m;5.0;225;34;76;100.0;3;93.85;['-batch-training', '-calc-rsi', '-verbose', '-prediction-mode=index', '-interval-list=30m', '-range-min-rsi=28', '-range-max-rsi=80', '-range-p-ema=50,250', '-target-margin-list=1.0,1.5,2.0,2.5,3.0,3.5,4.0,4.5,5.0', '-log-level=WARNING']
2023-11-26 20:39:44;UNIUSDT;30m;3.0;250;30;72;100.0;5;93.89;['-batch-training', '-calc-rsi', '-verbose', '-prediction-mode=index', '-interval-list=30m', '-range-min-rsi=28', '-range-max-rsi=80', '-range-p-ema=50,250', '-target-margin-list=1.0,1.5,2.0,2.5,3.0,3.5,4.0,4.5,5.0', '-log-level=WARNING']
2023-11-26 21:09:17;UNIUSDT;30m;2.5;75;36;80;100.0;7;93.9;['-batch-training', '-calc-rsi', '-verbose', '-prediction-mode=index', '-interval-list=30m', '-range-min-rsi=28', '-range-max-rsi=80', '-range-p-ema=50,250', '-target-margin-list=1.0,1.5,2.0,2.5,3.0,3.5,4.0,4.5,5.0', '-log-level=WARNING']
2023-11-26 20:53:51;UNIUSDT;30m;2.5;50;36;80;100.0;7;93.9;['-batch-training', '-calc-rsi', '-verbose', '-prediction-mode=index', '-interval-list=30m', '-range-min-rsi=28', '-range-max-rsi=80', '-range-p-ema=50,250', '-target-margin-list=1.0,1.5,2.0,2.5,3.0,3.5,4.0,4.5,5.0', '-log-level=WARNING']
2023-11-26 20:33:50;UNIUSDT;30m;1.0;250;34;72;100.0;6;93.9;['-batch-training', '-calc-rsi', '-verbose', '-prediction-mode=index', '-interval-list=30m', '-range-min-rsi=28', '-range-max-rsi=80', '-range-p-ema=50,250', '-target-margin-list=1.0,1.5,2.0,2.5,3.0,3.5,4.0,4.5,5.0', '-log-level=WARNING']
2023-11-26 19:41:19;UNIUSDT;30m;2.5;125;36;80;100.0;7;93.9;['-batch-training', '-calc-rsi', '-verbose', '-prediction-mode=index', '-interval-list=30m', '-range-min-rsi=28', '-range-max-rsi=80', '-range-p-ema=50,250', '-target-margin-list=1.0,1.5,2.0,2.5,3.0,3.5,4.0,4.5,5.0', '-log-level=WARNING']
2023-11-26 19:29:51;UNIUSDT;30m;2.5;100;36;80;100.0;7;93.9;['-batch-training', '-calc-rsi', '-verbose', '-prediction-mode=index', '-interval-list=30m', '-range-min-rsi=28', '-range-max-rsi=80', '-range-p-ema=50,250', '-target-margin-list=1.0,1.5,2.0,2.5,3.0,3.5,4.0,4.5,5.0', '-log-level=WARNING']
2023-11-26 20:00:45;UNIUSDT;30m;1.5;175;36;80;100.0;2;93.91;['-batch-training', '-calc-rsi', '-verbose', '-prediction-mode=index', '-interval-list=30m', '-range-min-rsi=28', '-range-max-rsi=80', '-range-p-ema=50,250', '-target-margin-list=1.0,1.5,2.0,2.5,3.0,3.5,4.0,4.5,5.0', '-log-level=WARNING']
2023-11-26 20:27:02;UNIUSDT;30m;3.0;225;32;76;100.0;5;93.92;['-batch-training', '-calc-rsi', '-verbose', '-prediction-mode=index', '-interval-list=30m', '-range-min-rsi=28', '-range-max-rsi=80', '-range-p-ema=50,250', '-target-margin-list=1.0,1.5,2.0,2.5,3.0,3.5,4.0,4.5,5.0', '-log-level=WARNING']
2023-11-26 19:53:24;UNIUSDT;30m;3.0;150;32;76;100.0;5;93.92;['-batch-training', '-calc-rsi', '-verbose', '-prediction-mode=index', '-interval-list=30m', '-range-min-rsi=28', '-range-max-rsi=80', '-range-p-ema=50,250', '-target-margin-list=1.0,1.5,2.0,2.5,3.0,3.5,4.0,4.5,5.0', '-log-level=WARNING']
2023-11-26 20:14:20;UNIUSDT;30m;3.0;200;32;76;100.0;5;93.92;['-batch-training', '-calc-rsi', '-verbose', '-prediction-mode=index', '-interval-list=30m', '-range-min-rsi=28', '-range-max-rsi=80', '-range-p-ema=50,250', '-target-margin-list=1.0,1.5,2.0,2.5,3.0,3.5,4.0,4.5,5.0', '-log-level=WARNING']
2023-11-26 20:03:34;UNIUSDT;30m;3.0;175;32;76;100.0;5;93.92;['-batch-training', '-calc-rsi', '-verbose', '-prediction-mode=index', '-interval-list=30m', '-range-min-rsi=28', '-range-max-rsi=80', '-range-p-ema=50,250', '-target-margin-list=1.0,1.5,2.0,2.5,3.0,3.5,4.0,4.5,5.0', '-log-level=WARNING']
2023-11-26 20:37:16;UNIUSDT;30m;2.0;250;28;76;100.0;4;93.93;['-batch-training', '-calc-rsi', '-verbose', '-prediction-mode=index', '-interval-list=30m', '-range-min-rsi=28', '-range-max-rsi=80', '-range-p-ema=50,250', '-target-margin-list=1.0,1.5,2.0,2.5,3.0,3.5,4.0,4.5,5.0', '-log-level=WARNING']
2023-11-26 20:28:37;UNIUSDT;30m;3.5;225;36;76;100.0;5;93.94;['-batch-training', '-calc-rsi', '-verbose', '-prediction-mode=index', '-interval-list=30m', '-range-min-rsi=28', '-range-max-rsi=80', '-range-p-ema=50,250', '-target-margin-list=1.0,1.5,2.0,2.5,3.0,3.5,4.0,4.5,5.0', '-log-level=WARNING']
2023-11-26 20:28:20;UNIUSDT;30m;3.5;225;36;74;100.0;5;93.94;['-batch-training', '-calc-rsi', '-verbose', '-prediction-mode=index', '-interval-list=30m', '-range-min-rsi=28', '-range-max-rsi=80', '-range-p-ema=50,250', '-target-margin-list=1.0,1.5,2.0,2.5,3.0,3.5,4.0,4.5,5.0', '-log-level=WARNING']
2023-11-26 20:36:03;UNIUSDT;30m;1.5;250;28;78;100.0;4;93.94;['-batch-training', '-calc-rsi', '-verbose', '-prediction-mode=index', '-interval-list=30m', '-range-min-rsi=28', '-range-max-rsi=80', '-range-p-ema=50,250', '-target-margin-list=1.0,1.5,2.0,2.5,3.0,3.5,4.0,4.5,5.0', '-log-level=WARNING']
2023-11-26 20:37:33;UNIUSDT;30m;2.0;250;28;78;100.0;2;93.95;['-batch-training', '-calc-rsi', '-verbose', '-prediction-mode=index', '-interval-list=30m', '-range-min-rsi=28', '-range-max-rsi=80', '-range-p-ema=50,250', '-target-margin-list=1.0,1.5,2.0,2.5,3.0,3.5,4.0,4.5,5.0', '-log-level=WARNING']
2023-11-26 19:53:00;UNIUSDT;30m;3.0;150;34;72;100.0;5;93.95;['-batch-training', '-calc-rsi', '-verbose', '-prediction-mode=index', '-interval-list=30m', '-range-min-rsi=28', '-range-max-rsi=80', '-range-p-ema=50,250', '-target-margin-list=1.0,1.5,2.0,2.5,3.0,3.5,4.0,4.5,5.0', '-log-level=WARNING']
2023-11-26 21:06:15;UNIUSDT;30m;2.0;75;32;74;100.0;7;93.97;['-batch-training', '-calc-rsi', '-verbose', '-prediction-mode=index', '-interval-list=30m', '-range-min-rsi=28', '-range-max-rsi=80', '-range-p-ema=50,250', '-target-margin-list=1.0,1.5,2.0,2.5,3.0,3.5,4.0,4.5,5.0', '-log-level=WARNING']
2023-11-26 20:51:04;UNIUSDT;30m;2.0;50;32;74;100.0;7;93.97;['-batch-training', '-calc-rsi', '-verbose', '-prediction-mode=index', '-interval-list=30m', '-range-min-rsi=28', '-range-max-rsi=80', '-range-p-ema=50,250', '-target-margin-list=1.0,1.5,2.0,2.5,3.0,3.5,4.0,4.5,5.0', '-log-level=WARNING']
2023-11-26 19:27:41;UNIUSDT;30m;2.0;100;32;74;100.0;7;93.97;['-batch-training', '-calc-rsi', '-verbose', '-prediction-mode=index', '-interval-list=30m', '-range-min-rsi=28', '-range-max-rsi=80', '-range-p-ema=50,250', '-target-margin-list=1.0,1.5,2.0,2.5,3.0,3.5,4.0,4.5,5.0', '-log-level=WARNING']
2023-11-26 19:39:10;UNIUSDT;30m;2.0;125;32;74;100.0;7;93.97;['-batch-training', '-calc-rsi', '-verbose', '-prediction-mode=index', '-interval-list=30m', '-range-min-rsi=28', '-range-max-rsi=80', '-range-p-ema=50,250', '-target-margin-list=1.0,1.5,2.0,2.5,3.0,3.5,4.0,4.5,5.0', '-log-level=WARNING']
2023-11-26 20:20:44;UNIUSDT;30m;1.0;225;34;72;100.0;3;93.98;['-batch-training', '-calc-rsi', '-verbose', '-prediction-mode=index', '-interval-list=30m', '-range-min-rsi=28', '-range-max-rsi=80', '-range-p-ema=50,250', '-target-margin-list=1.0,1.5,2.0,2.5,3.0,3.5,4.0,4.5,5.0', '-log-level=WARNING']
2023-11-26 20:38:49;UNIUSDT;30m;2.5;250;30;76;100.0;4;94.01;['-batch-training', '-calc-rsi', '-verbose', '-prediction-mode=index', '-interval-list=30m', '-range-min-rsi=28', '-range-max-rsi=80', '-range-p-ema=50,250', '-target-margin-list=1.0,1.5,2.0,2.5,3.0,3.5,4.0,4.5,5.0', '-log-level=WARNING']
2023-11-26 19:27:50;UNIUSDT;30m;2.0;100;28;76;100.0;3;94.08;['-batch-training', '-calc-rsi', '-verbose', '-prediction-mode=index', '-interval-list=30m', '-range-min-rsi=28', '-range-max-rsi=80', '-range-p-ema=50,250', '-target-margin-list=1.0,1.5,2.0,2.5,3.0,3.5,4.0,4.5,5.0', '-log-level=WARNING']
2023-11-26 20:51:16;UNIUSDT;30m;2.0;50;28;76;100.0;3;94.08;['-batch-training', '-calc-rsi', '-verbose', '-prediction-mode=index', '-interval-list=30m', '-range-min-rsi=28', '-range-max-rsi=80', '-range-p-ema=50,250', '-target-margin-list=1.0,1.5,2.0,2.5,3.0,3.5,4.0,4.5,5.0', '-log-level=WARNING']
2023-11-26 19:50:50;UNIUSDT;30m;2.0;150;28;76;100.0;3;94.08;['-batch-training', '-calc-rsi', '-verbose', '-prediction-mode=index', '-interval-list=30m', '-range-min-rsi=28', '-range-max-rsi=80', '-range-p-ema=50,250', '-target-margin-list=1.0,1.5,2.0,2.5,3.0,3.5,4.0,4.5,5.0', '-log-level=WARNING']
2023-11-26 20:01:15;UNIUSDT;30m;2.0;175;28;76;100.0;3;94.08;['-batch-training', '-calc-rsi', '-verbose', '-prediction-mode=index', '-interval-list=30m', '-range-min-rsi=28', '-range-max-rsi=80', '-range-p-ema=50,250', '-target-margin-list=1.0,1.5,2.0,2.5,3.0,3.5,4.0,4.5,5.0', '-log-level=WARNING']
2023-11-26 20:24:03;UNIUSDT;30m;2.0;225;28;76;100.0;3;94.08;['-batch-training', '-calc-rsi', '-verbose', '-prediction-mode=index', '-interval-list=30m', '-range-min-rsi=28', '-range-max-rsi=80', '-range-p-ema=50,250', '-target-margin-list=1.0,1.5,2.0,2.5,3.0,3.5,4.0,4.5,5.0', '-log-level=WARNING']
2023-11-26 19:39:19;UNIUSDT;30m;2.0;125;28;76;100.0;3;94.08;['-batch-training', '-calc-rsi', '-verbose', '-prediction-mode=index', '-interval-list=30m', '-range-min-rsi=28', '-range-max-rsi=80', '-range-p-ema=50,250', '-target-margin-list=1.0,1.5,2.0,2.5,3.0,3.5,4.0,4.5,5.0', '-log-level=WARNING']
2023-11-26 21:06:28;UNIUSDT;30m;2.0;75;28;76;100.0;3;94.08;['-batch-training', '-calc-rsi', '-verbose', '-prediction-mode=index', '-interval-list=30m', '-range-min-rsi=28', '-range-max-rsi=80', '-range-p-ema=50,250', '-target-margin-list=1.0,1.5,2.0,2.5,3.0,3.5,4.0,4.5,5.0', '-log-level=WARNING']
2023-11-26 20:11:34;UNIUSDT;30m;2.0;200;28;76;100.0;3;94.08;['-batch-training', '-calc-rsi', '-verbose', '-prediction-mode=index', '-interval-list=30m', '-range-min-rsi=28', '-range-max-rsi=80', '-range-p-ema=50,250', '-target-margin-list=1.0,1.5,2.0,2.5,3.0,3.5,4.0,4.5,5.0', '-log-level=WARNING']
2023-11-26 20:25:23;UNIUSDT;30m;2.5;225;34;74;100.0;6;94.1;['-batch-training', '-calc-rsi', '-verbose', '-prediction-mode=index', '-interval-list=30m', '-range-min-rsi=28', '-range-max-rsi=80', '-range-p-ema=50,250', '-target-margin-list=1.0,1.5,2.0,2.5,3.0,3.5,4.0,4.5,5.0', '-log-level=WARNING']
2023-11-26 20:23:28;UNIUSDT;30m;2.0;225;28;72;100.0;3;94.1;['-batch-training', '-calc-rsi', '-verbose', '-prediction-mode=index', '-interval-list=30m', '-range-min-rsi=28', '-range-max-rsi=80', '-range-p-ema=50,250', '-target-margin-list=1.0,1.5,2.0,2.5,3.0,3.5,4.0,4.5,5.0', '-log-level=WARNING']
2023-11-26 19:58:55;UNIUSDT;30m;1.0;175;36;74;100.0;2;94.12;['-batch-training', '-calc-rsi', '-verbose', '-prediction-mode=index', '-interval-list=30m', '-range-min-rsi=28', '-range-max-rsi=80', '-range-p-ema=50,250', '-target-margin-list=1.0,1.5,2.0,2.5,3.0,3.5,4.0,4.5,5.0', '-log-level=WARNING']
2023-11-26 19:58:41;UNIUSDT;30m;1.0;175;36;72;100.0;6;94.13;['-batch-training', '-calc-rsi', '-verbose', '-prediction-mode=index', '-interval-list=30m', '-range-min-rsi=28', '-range-max-rsi=80', '-range-p-ema=50,250', '-target-margin-list=1.0,1.5,2.0,2.5,3.0,3.5,4.0,4.5,5.0', '-log-level=WARNING']
2023-11-26 20:08:44;UNIUSDT;30m;1.0;200;36;72;100.0;6;94.14;['-batch-training', '-calc-rsi', '-verbose', '-prediction-mode=index', '-interval-list=30m', '-range-min-rsi=28', '-range-max-rsi=80', '-range-p-ema=50,250', '-target-margin-list=1.0,1.5,2.0,2.5,3.0,3.5,4.0,4.5,5.0', '-log-level=WARNING']
2023-11-26 20:37:38;UNIUSDT;30m;2.0;250;30;78;100.0;5;94.17;['-batch-training', '-calc-rsi', '-verbose', '-prediction-mode=index', '-interval-list=30m', '-range-min-rsi=28', '-range-max-rsi=80', '-range-p-ema=50,250', '-target-margin-list=1.0,1.5,2.0,2.5,3.0,3.5,4.0,4.5,5.0', '-log-level=WARNING']
2023-11-26 21:05:06;UNIUSDT;30m;1.5;75;30;78;100.0;4;94.18;['-batch-training', '-calc-rsi', '-verbose', '-prediction-mode=index', '-interval-list=30m', '-range-min-rsi=28', '-range-max-rsi=80', '-range-p-ema=50,250', '-target-margin-list=1.0,1.5,2.0,2.5,3.0,3.5,4.0,4.5,5.0', '-log-level=WARNING']
2023-11-26 19:49:52;UNIUSDT;30m;1.5;150;30;78;100.0;4;94.18;['-batch-training', '-calc-rsi', '-verbose', '-prediction-mode=index', '-interval-list=30m', '-range-min-rsi=28', '-range-max-rsi=80', '-range-p-ema=50,250', '-target-margin-list=1.0,1.5,2.0,2.5,3.0,3.5,4.0,4.5,5.0', '-log-level=WARNING']
2023-11-26 19:26:51;UNIUSDT;30m;1.5;100;30;78;100.0;4;94.18;['-batch-training', '-calc-rsi', '-verbose', '-prediction-mode=index', '-interval-list=30m', '-range-min-rsi=28', '-range-max-rsi=80', '-range-p-ema=50,250', '-target-margin-list=1.0,1.5,2.0,2.5,3.0,3.5,4.0,4.5,5.0', '-log-level=WARNING']
2023-11-26 20:50:02;UNIUSDT;30m;1.5;50;30;78;100.0;4;94.18;['-batch-training', '-calc-rsi', '-verbose', '-prediction-mode=index', '-interval-list=30m', '-range-min-rsi=28', '-range-max-rsi=80', '-range-p-ema=50,250', '-target-margin-list=1.0,1.5,2.0,2.5,3.0,3.5,4.0,4.5,5.0', '-log-level=WARNING']
2023-11-26 19:38:20;UNIUSDT;30m;1.5;125;30;78;100.0;4;94.18;['-batch-training', '-calc-rsi', '-verbose', '-prediction-mode=index', '-interval-list=30m', '-range-min-rsi=28', '-range-max-rsi=80', '-range-p-ema=50,250', '-target-margin-list=1.0,1.5,2.0,2.5,3.0,3.5,4.0,4.5,5.0', '-log-level=WARNING']
2023-11-26 20:51:16;UNIUSDT;30m;2.0;50;28;76;100.0;4;94.22;['-batch-training', '-calc-rsi', '-verbose', '-prediction-mode=index', '-interval-list=30m', '-range-min-rsi=28', '-range-max-rsi=80', '-range-p-ema=50,250', '-target-margin-list=1.0,1.5,2.0,2.5,3.0,3.5,4.0,4.5,5.0', '-log-level=WARNING']
2023-11-26 20:01:15;UNIUSDT;30m;2.0;175;28;76;100.0;4;94.22;['-batch-training', '-calc-rsi', '-verbose', '-prediction-mode=index', '-interval-list=30m', '-range-min-rsi=28', '-range-max-rsi=80', '-range-p-ema=50,250', '-target-margin-list=1.0,1.5,2.0,2.5,3.0,3.5,4.0,4.5,5.0', '-log-level=WARNING']
2023-11-26 19:39:19;UNIUSDT;30m;2.0;125;28;76;100.0;4;94.22;['-batch-training', '-calc-rsi', '-verbose', '-prediction-mode=index', '-interval-list=30m', '-range-min-rsi=28', '-range-max-rsi=80', '-range-p-ema=50,250', '-target-margin-list=1.0,1.5,2.0,2.5,3.0,3.5,4.0,4.5,5.0', '-log-level=WARNING']
2023-11-26 19:50:50;UNIUSDT;30m;2.0;150;28;76;100.0;4;94.22;['-batch-training', '-calc-rsi', '-verbose', '-prediction-mode=index', '-interval-list=30m', '-range-min-rsi=28', '-range-max-rsi=80', '-range-p-ema=50,250', '-target-margin-list=1.0,1.5,2.0,2.5,3.0,3.5,4.0,4.5,5.0', '-log-level=WARNING']
2023-11-26 20:11:34;UNIUSDT;30m;2.0;200;28;76;100.0;4;94.22;['-batch-training', '-calc-rsi', '-verbose', '-prediction-mode=index', '-interval-list=30m', '-range-min-rsi=28', '-range-max-rsi=80', '-range-p-ema=50,250', '-target-margin-list=1.0,1.5,2.0,2.5,3.0,3.5,4.0,4.5,5.0', '-log-level=WARNING']
2023-11-26 20:24:03;UNIUSDT;30m;2.0;225;28;76;100.0;4;94.22;['-batch-training', '-calc-rsi', '-verbose', '-prediction-mode=index', '-interval-list=30m', '-range-min-rsi=28', '-range-max-rsi=80', '-range-p-ema=50,250', '-target-margin-list=1.0,1.5,2.0,2.5,3.0,3.5,4.0,4.5,5.0', '-log-level=WARNING']
2023-11-26 21:06:28;UNIUSDT;30m;2.0;75;28;76;100.0;4;94.22;['-batch-training', '-calc-rsi', '-verbose', '-prediction-mode=index', '-interval-list=30m', '-range-min-rsi=28', '-range-max-rsi=80', '-range-p-ema=50,250', '-target-margin-list=1.0,1.5,2.0,2.5,3.0,3.5,4.0,4.5,5.0', '-log-level=WARNING']
2023-11-26 19:27:50;UNIUSDT;30m;2.0;100;28;76;100.0;4;94.22;['-batch-training', '-calc-rsi', '-verbose', '-prediction-mode=index', '-interval-list=30m', '-range-min-rsi=28', '-range-max-rsi=80', '-range-p-ema=50,250', '-target-margin-list=1.0,1.5,2.0,2.5,3.0,3.5,4.0,4.5,5.0', '-log-level=WARNING']
2023-11-26 19:49:24;UNIUSDT;30m;1.5;150;32;74;100.0;7;94.23;['-batch-training', '-calc-rsi', '-verbose', '-prediction-mode=index', '-interval-list=30m', '-range-min-rsi=28', '-range-max-rsi=80', '-range-p-ema=50,250', '-target-margin-list=1.0,1.5,2.0,2.5,3.0,3.5,4.0,4.5,5.0', '-log-level=WARNING']
2023-11-26 19:59:58;UNIUSDT;30m;1.5;175;32;74;100.0;7;94.23;['-batch-training', '-calc-rsi', '-verbose', '-prediction-mode=index', '-interval-list=30m', '-range-min-rsi=28', '-range-max-rsi=80', '-range-p-ema=50,250', '-target-margin-list=1.0,1.5,2.0,2.5,3.0,3.5,4.0,4.5,5.0', '-log-level=WARNING']
2023-11-26 20:22:25;UNIUSDT;30m;1.5;225;32;74;100.0;7;94.24;['-batch-training', '-calc-rsi', '-verbose', '-prediction-mode=index', '-interval-list=30m', '-range-min-rsi=28', '-range-max-rsi=80', '-range-p-ema=50,250', '-target-margin-list=1.0,1.5,2.0,2.5,3.0,3.5,4.0,4.5,5.0', '-log-level=WARNING']
2023-11-26 20:24:20;UNIUSDT;30m;2.0;225;28;78;100.0;2;94.24;['-batch-training', '-calc-rsi', '-verbose', '-prediction-mode=index', '-interval-list=30m', '-range-min-rsi=28', '-range-max-rsi=80', '-range-p-ema=50,250', '-target-margin-list=1.0,1.5,2.0,2.5,3.0,3.5,4.0,4.5,5.0', '-log-level=WARNING']
2023-11-26 19:28:05;UNIUSDT;30m;2.0;100;28;78;100.0;2;94.24;['-batch-training', '-calc-rsi', '-verbose', '-prediction-mode=index', '-interval-list=30m', '-range-min-rsi=28', '-range-max-rsi=80', '-range-p-ema=50,250', '-target-margin-list=1.0,1.5,2.0,2.5,3.0,3.5,4.0,4.5,5.0', '-log-level=WARNING']
2023-11-26 20:10:06;UNIUSDT;30m;1.5;200;32;74;100.0;7;94.24;['-batch-training', '-calc-rsi', '-verbose', '-prediction-mode=index', '-interval-list=30m', '-range-min-rsi=28', '-range-max-rsi=80', '-range-p-ema=50,250', '-target-margin-list=1.0,1.5,2.0,2.5,3.0,3.5,4.0,4.5,5.0', '-log-level=WARNING']
2023-11-26 21:06:50;UNIUSDT;30m;2.0;75;28;78;100.0;2;94.24;['-batch-training', '-calc-rsi', '-verbose', '-prediction-mode=index', '-interval-list=30m', '-range-min-rsi=28', '-range-max-rsi=80', '-range-p-ema=50,250', '-target-margin-list=1.0,1.5,2.0,2.5,3.0,3.5,4.0,4.5,5.0', '-log-level=WARNING']
2023-11-26 20:11:50;UNIUSDT;30m;2.0;200;28;78;100.0;2;94.24;['-batch-training', '-calc-rsi', '-verbose', '-prediction-mode=index', '-interval-list=30m', '-range-min-rsi=28', '-range-max-rsi=80', '-range-p-ema=50,250', '-target-margin-list=1.0,1.5,2.0,2.5,3.0,3.5,4.0,4.5,5.0', '-log-level=WARNING']
2023-11-26 20:40:21;UNIUSDT;30m;3.0;250;30;76;100.0;5;94.24;['-batch-training', '-calc-rsi', '-verbose', '-prediction-mode=index', '-interval-list=30m', '-range-min-rsi=28', '-range-max-rsi=80', '-range-p-ema=50,250', '-target-margin-list=1.0,1.5,2.0,2.5,3.0,3.5,4.0,4.5,5.0', '-log-level=WARNING']
2023-11-26 19:51:06;UNIUSDT;30m;2.0;150;28;78;100.0;2;94.24;['-batch-training', '-calc-rsi', '-verbose', '-prediction-mode=index', '-interval-list=30m', '-range-min-rsi=28', '-range-max-rsi=80', '-range-p-ema=50,250', '-target-margin-list=1.0,1.5,2.0,2.5,3.0,3.5,4.0,4.5,5.0', '-log-level=WARNING']
2023-11-26 20:01:28;UNIUSDT;30m;2.0;175;28;78;100.0;2;94.24;['-batch-training', '-calc-rsi', '-verbose', '-prediction-mode=index', '-interval-list=30m', '-range-min-rsi=28', '-range-max-rsi=80', '-range-p-ema=50,250', '-target-margin-list=1.0,1.5,2.0,2.5,3.0,3.5,4.0,4.5,5.0', '-log-level=WARNING']
2023-11-26 20:51:35;UNIUSDT;30m;2.0;50;28;78;100.0;2;94.24;['-batch-training', '-calc-rsi', '-verbose', '-prediction-mode=index', '-interval-list=30m', '-range-min-rsi=28', '-range-max-rsi=80', '-range-p-ema=50,250', '-target-margin-list=1.0,1.5,2.0,2.5,3.0,3.5,4.0,4.5,5.0', '-log-level=WARNING']
2023-11-26 19:39:34;UNIUSDT;30m;2.0;125;28;78;100.0;2;94.24;['-batch-training', '-calc-rsi', '-verbose', '-prediction-mode=index', '-interval-list=30m', '-range-min-rsi=28', '-range-max-rsi=80', '-range-p-ema=50,250', '-target-margin-list=1.0,1.5,2.0,2.5,3.0,3.5,4.0,4.5,5.0', '-log-level=WARNING']
2023-11-26 20:26:00;UNIUSDT;30m;2.5;225;36;78;100.0;2;94.28;['-batch-training', '-calc-rsi', '-verbose', '-prediction-mode=index', '-interval-list=30m', '-range-min-rsi=28', '-range-max-rsi=80', '-range-p-ema=50,250', '-target-margin-list=1.0,1.5,2.0,2.5,3.0,3.5,4.0,4.5,5.0', '-log-level=WARNING']
2023-11-26 20:38:46;UNIUSDT;30m;2.5;250;28;76;100.0;2;94.3;['-batch-training', '-calc-rsi', '-verbose', '-prediction-mode=index', '-interval-list=30m', '-range-min-rsi=28', '-range-max-rsi=80', '-range-p-ema=50,250', '-target-margin-list=1.0,1.5,2.0,2.5,3.0,3.5,4.0,4.5,5.0', '-log-level=WARNING']
2023-11-26 20:02:17;UNIUSDT;30m;2.5;175;34;74;100.0;6;94.3;['-batch-training', '-calc-rsi', '-verbose', '-prediction-mode=index', '-interval-list=30m', '-range-min-rsi=28', '-range-max-rsi=80', '-range-p-ema=50,250', '-target-margin-list=1.0,1.5,2.0,2.5,3.0,3.5,4.0,4.5,5.0', '-log-level=WARNING']
2023-11-26 19:52:02;UNIUSDT;30m;2.5;150;34;74;100.0;6;94.3;['-batch-training', '-calc-rsi', '-verbose', '-prediction-mode=index', '-interval-list=30m', '-range-min-rsi=28', '-range-max-rsi=80', '-range-p-ema=50,250', '-target-margin-list=1.0,1.5,2.0,2.5,3.0,3.5,4.0,4.5,5.0', '-log-level=WARNING']
2023-11-26 20:46:07;UNIUSDT;30m;5.0;250;36;72;100.0;2;94.34;['-batch-training', '-calc-rsi', '-verbose', '-prediction-mode=index', '-interval-list=30m', '-range-min-rsi=28', '-range-max-rsi=80', '-range-p-ema=50,250', '-target-margin-list=1.0,1.5,2.0,2.5,3.0,3.5,4.0,4.5,5.0', '-log-level=WARNING']
2023-11-26 20:32:24;UNIUSDT;30m;5.0;225;36;72;100.0;2;94.34;['-batch-training', '-calc-rsi', '-verbose', '-prediction-mode=index', '-interval-list=30m', '-range-min-rsi=28', '-range-max-rsi=80', '-range-p-ema=50,250', '-target-margin-list=1.0,1.5,2.0,2.5,3.0,3.5,4.0,4.5,5.0', '-log-level=WARNING']
2023-11-26 19:52:26;UNIUSDT;30m;2.5;150;30;78;100.0;2;94.36;['-batch-training', '-calc-rsi', '-verbose', '-prediction-mode=index', '-interval-list=30m', '-range-min-rsi=28', '-range-max-rsi=80', '-range-p-ema=50,250', '-target-margin-list=1.0,1.5,2.0,2.5,3.0,3.5,4.0,4.5,5.0', '-log-level=WARNING']
2023-11-26 19:40:55;UNIUSDT;30m;2.5;125;30;78;100.0;2;94.36;['-batch-training', '-calc-rsi', '-verbose', '-prediction-mode=index', '-interval-list=30m', '-range-min-rsi=28', '-range-max-rsi=80', '-range-p-ema=50,250', '-target-margin-list=1.0,1.5,2.0,2.5,3.0,3.5,4.0,4.5,5.0', '-log-level=WARNING']
2023-11-26 21:08:43;UNIUSDT;30m;2.5;75;30;78;100.0;2;94.36;['-batch-training', '-calc-rsi', '-verbose', '-prediction-mode=index', '-interval-list=30m', '-range-min-rsi=28', '-range-max-rsi=80', '-range-p-ema=50,250', '-target-margin-list=1.0,1.5,2.0,2.5,3.0,3.5,4.0,4.5,5.0', '-log-level=WARNING']
2023-11-26 19:38:54;UNIUSDT;30m;2.0;125;32;72;100.0;7;94.36;['-batch-training', '-calc-rsi', '-verbose', '-prediction-mode=index', '-interval-list=30m', '-range-min-rsi=28', '-range-max-rsi=80', '-range-p-ema=50,250', '-target-margin-list=1.0,1.5,2.0,2.5,3.0,3.5,4.0,4.5,5.0', '-log-level=WARNING']
2023-11-26 21:05:53;UNIUSDT;30m;2.0;75;32;72;100.0;7;94.36;['-batch-training', '-calc-rsi', '-verbose', '-prediction-mode=index', '-interval-list=30m', '-range-min-rsi=28', '-range-max-rsi=80', '-range-p-ema=50,250', '-target-margin-list=1.0,1.5,2.0,2.5,3.0,3.5,4.0,4.5,5.0', '-log-level=WARNING']
2023-11-26 20:53:19;UNIUSDT;30m;2.5;50;30;78;100.0;2;94.36;['-batch-training', '-calc-rsi', '-verbose', '-prediction-mode=index', '-interval-list=30m', '-range-min-rsi=28', '-range-max-rsi=80', '-range-p-ema=50,250', '-target-margin-list=1.0,1.5,2.0,2.5,3.0,3.5,4.0,4.5,5.0', '-log-level=WARNING']
2023-11-26 19:27:25;UNIUSDT;30m;2.0;100;32;72;100.0;7;94.36;['-batch-training', '-calc-rsi', '-verbose', '-prediction-mode=index', '-interval-list=30m', '-range-min-rsi=28', '-range-max-rsi=80', '-range-p-ema=50,250', '-target-margin-list=1.0,1.5,2.0,2.5,3.0,3.5,4.0,4.5,5.0', '-log-level=WARNING']
2023-11-26 19:29:26;UNIUSDT;30m;2.5;100;30;78;100.0;2;94.36;['-batch-training', '-calc-rsi', '-verbose', '-prediction-mode=index', '-interval-list=30m', '-range-min-rsi=28', '-range-max-rsi=80', '-range-p-ema=50,250', '-target-margin-list=1.0,1.5,2.0,2.5,3.0,3.5,4.0,4.5,5.0', '-log-level=WARNING']
2023-11-26 20:50:44;UNIUSDT;30m;2.0;50;32;72;100.0;7;94.36;['-batch-training', '-calc-rsi', '-verbose', '-prediction-mode=index', '-interval-list=30m', '-range-min-rsi=28', '-range-max-rsi=80', '-range-p-ema=50,250', '-target-margin-list=1.0,1.5,2.0,2.5,3.0,3.5,4.0,4.5,5.0', '-log-level=WARNING']
2023-11-26 19:48:27;UNIUSDT;30m;1.0;150;36;76;100.0;3;94.4;['-batch-training', '-calc-rsi', '-verbose', '-prediction-mode=index', '-interval-list=30m', '-range-min-rsi=28', '-range-max-rsi=80', '-range-p-ema=50,250', '-target-margin-list=1.0,1.5,2.0,2.5,3.0,3.5,4.0,4.5,5.0', '-log-level=WARNING']
2023-11-26 20:38:39;UNIUSDT;30m;2.5;250;34;74;100.0;6;94.41;['-batch-training', '-calc-rsi', '-verbose', '-prediction-mode=index', '-interval-list=30m', '-range-min-rsi=28', '-range-max-rsi=80', '-range-p-ema=50,250', '-target-margin-list=1.0,1.5,2.0,2.5,3.0,3.5,4.0,4.5,5.0', '-log-level=WARNING']
2023-11-26 20:13:03;UNIUSDT;30m;2.5;200;34;76;100.0;6;94.43;['-batch-training', '-calc-rsi', '-verbose', '-prediction-mode=index', '-interval-list=30m', '-range-min-rsi=28', '-range-max-rsi=80', '-range-p-ema=50,250', '-target-margin-list=1.0,1.5,2.0,2.5,3.0,3.5,4.0,4.5,5.0', '-log-level=WARNING']
2023-11-26 20:36:57;UNIUSDT;30m;2.0;250;28;74;100.0;4;94.44;['-batch-training', '-calc-rsi', '-verbose', '-prediction-mode=index', '-interval-list=30m', '-range-min-rsi=28', '-range-max-rsi=80', '-range-p-ema=50,250', '-target-margin-list=1.0,1.5,2.0,2.5,3.0,3.5,4.0,4.5,5.0', '-log-level=WARNING']
2023-11-26 19:40:49;UNIUSDT;30m;2.5;125;36;76;100.0;6;94.46;['-batch-training', '-calc-rsi', '-verbose', '-prediction-mode=index', '-interval-list=30m', '-range-min-rsi=28', '-range-max-rsi=80', '-range-p-ema=50,250', '-target-margin-list=1.0,1.5,2.0,2.5,3.0,3.5,4.0,4.5,5.0', '-log-level=WARNING']
2023-11-26 21:08:35;UNIUSDT;30m;2.5;75;36;76;100.0;6;94.46;['-batch-training', '-calc-rsi', '-verbose', '-prediction-mode=index', '-interval-list=30m', '-range-min-rsi=28', '-range-max-rsi=80', '-range-p-ema=50,250', '-target-margin-list=1.0,1.5,2.0,2.5,3.0,3.5,4.0,4.5,5.0', '-log-level=WARNING']
2023-11-26 19:29:20;UNIUSDT;30m;2.5;100;36;76;100.0;6;94.46;['-batch-training', '-calc-rsi', '-verbose', '-prediction-mode=index', '-interval-list=30m', '-range-min-rsi=28', '-range-max-rsi=80', '-range-p-ema=50,250', '-target-margin-list=1.0,1.5,2.0,2.5,3.0,3.5,4.0,4.5,5.0', '-log-level=WARNING']
2023-11-26 20:53:10;UNIUSDT;30m;2.5;50;36;76;100.0;6;94.46;['-batch-training', '-calc-rsi', '-verbose', '-prediction-mode=index', '-interval-list=30m', '-range-min-rsi=28', '-range-max-rsi=80', '-range-p-ema=50,250', '-target-margin-list=1.0,1.5,2.0,2.5,3.0,3.5,4.0,4.5,5.0', '-log-level=WARNING']
2023-11-26 20:51:39;UNIUSDT;30m;2.0;50;30;78;100.0;5;94.47;['-batch-training', '-calc-rsi', '-verbose', '-prediction-mode=index', '-interval-list=30m', '-range-min-rsi=28', '-range-max-rsi=80', '-range-p-ema=50,250', '-target-margin-list=1.0,1.5,2.0,2.5,3.0,3.5,4.0,4.5,5.0', '-log-level=WARNING']
2023-11-26 21:06:54;UNIUSDT;30m;2.0;75;30;78;100.0;5;94.47;['-batch-training', '-calc-rsi', '-verbose', '-prediction-mode=index', '-interval-list=30m', '-range-min-rsi=28', '-range-max-rsi=80', '-range-p-ema=50,250', '-target-margin-list=1.0,1.5,2.0,2.5,3.0,3.5,4.0,4.5,5.0', '-log-level=WARNING']
2023-11-26 20:11:53;UNIUSDT;30m;2.0;200;30;78;100.0;5;94.47;['-batch-training', '-calc-rsi', '-verbose', '-prediction-mode=index', '-interval-list=30m', '-range-min-rsi=28', '-range-max-rsi=80', '-range-p-ema=50,250', '-target-margin-list=1.0,1.5,2.0,2.5,3.0,3.5,4.0,4.5,5.0', '-log-level=WARNING']
2023-11-26 19:28:08;UNIUSDT;30m;2.0;100;30;78;100.0;5;94.47;['-batch-training', '-calc-rsi', '-verbose', '-prediction-mode=index', '-interval-list=30m', '-range-min-rsi=28', '-range-max-rsi=80', '-range-p-ema=50,250', '-target-margin-list=1.0,1.5,2.0,2.5,3.0,3.5,4.0,4.5,5.0', '-log-level=WARNING']
2023-11-26 19:39:38;UNIUSDT;30m;2.0;125;30;78;100.0;5;94.47;['-batch-training', '-calc-rsi', '-verbose', '-prediction-mode=index', '-interval-list=30m', '-range-min-rsi=28', '-range-max-rsi=80', '-range-p-ema=50,250', '-target-margin-list=1.0,1.5,2.0,2.5,3.0,3.5,4.0,4.5,5.0', '-log-level=WARNING']
2023-11-26 20:01:31;UNIUSDT;30m;2.0;175;30;78;100.0;5;94.47;['-batch-training', '-calc-rsi', '-verbose', '-prediction-mode=index', '-interval-list=30m', '-range-min-rsi=28', '-range-max-rsi=80', '-range-p-ema=50,250', '-target-margin-list=1.0,1.5,2.0,2.5,3.0,3.5,4.0,4.5,5.0', '-log-level=WARNING']
2023-11-26 19:51:10;UNIUSDT;30m;2.0;150;30;78;100.0;5;94.47;['-batch-training', '-calc-rsi', '-verbose', '-prediction-mode=index', '-interval-list=30m', '-range-min-rsi=28', '-range-max-rsi=80', '-range-p-ema=50,250', '-target-margin-list=1.0,1.5,2.0,2.5,3.0,3.5,4.0,4.5,5.0', '-log-level=WARNING']
2023-11-26 20:24:24;UNIUSDT;30m;2.0;225;30;78;100.0;5;94.47;['-batch-training', '-calc-rsi', '-verbose', '-prediction-mode=index', '-interval-list=30m', '-range-min-rsi=28', '-range-max-rsi=80', '-range-p-ema=50,250', '-target-margin-list=1.0,1.5,2.0,2.5,3.0,3.5,4.0,4.5,5.0', '-log-level=WARNING']
2023-11-26 19:53:02;UNIUSDT;30m;3.0;150;36;72;100.0;5;94.48;['-batch-training', '-calc-rsi', '-verbose', '-prediction-mode=index', '-interval-list=30m', '-range-min-rsi=28', '-range-max-rsi=80', '-range-p-ema=50,250', '-target-margin-list=1.0,1.5,2.0,2.5,3.0,3.5,4.0,4.5,5.0', '-log-level=WARNING']
2023-11-26 19:53:27;UNIUSDT;30m;3.0;150;34;76;100.0;5;94.52;['-batch-training', '-calc-rsi', '-verbose', '-prediction-mode=index', '-interval-list=30m', '-range-min-rsi=28', '-range-max-rsi=80', '-range-p-ema=50,250', '-target-margin-list=1.0,1.5,2.0,2.5,3.0,3.5,4.0,4.5,5.0', '-log-level=WARNING']
2023-11-26 20:03:37;UNIUSDT;30m;3.0;175;34;76;100.0;5;94.52;['-batch-training', '-calc-rsi', '-verbose', '-prediction-mode=index', '-interval-list=30m', '-range-min-rsi=28', '-range-max-rsi=80', '-range-p-ema=50,250', '-target-margin-list=1.0,1.5,2.0,2.5,3.0,3.5,4.0,4.5,5.0', '-log-level=WARNING']
2023-11-26 20:14:23;UNIUSDT;30m;3.0;200;34;76;100.0;5;94.52;['-batch-training', '-calc-rsi', '-verbose', '-prediction-mode=index', '-interval-list=30m', '-range-min-rsi=28', '-range-max-rsi=80', '-range-p-ema=50,250', '-target-margin-list=1.0,1.5,2.0,2.5,3.0,3.5,4.0,4.5,5.0', '-log-level=WARNING']
2023-11-26 19:58:55;UNIUSDT;30m;1.0;175;36;74;100.0;3;94.53;['-batch-training', '-calc-rsi', '-verbose', '-prediction-mode=index', '-interval-list=30m', '-range-min-rsi=28', '-range-max-rsi=80', '-range-p-ema=50,250', '-target-margin-list=1.0,1.5,2.0,2.5,3.0,3.5,4.0,4.5,5.0', '-log-level=WARNING']
2023-11-26 20:39:18;UNIUSDT;30m;2.5;250;36;78;100.0;2;94.59;['-batch-training', '-calc-rsi', '-verbose', '-prediction-mode=index', '-interval-list=30m', '-range-min-rsi=28', '-range-max-rsi=80', '-range-p-ema=50,250', '-target-margin-list=1.0,1.5,2.0,2.5,3.0,3.5,4.0,4.5,5.0', '-log-level=WARNING']
2023-11-26 19:49:14;UNIUSDT;30m;1.5;150;36;72;100.0;2;94.65;['-batch-training', '-calc-rsi', '-verbose', '-prediction-mode=index', '-interval-list=30m', '-range-min-rsi=28', '-range-max-rsi=80', '-range-p-ema=50,250', '-target-margin-list=1.0,1.5,2.0,2.5,3.0,3.5,4.0,4.5,5.0', '-log-level=WARNING']
2023-11-26 19:38:33;UNIUSDT;30m;1.5;125;28;80;100.0;4;94.67;['-batch-training', '-calc-rsi', '-verbose', '-prediction-mode=index', '-interval-list=30m', '-range-min-rsi=28', '-range-max-rsi=80', '-range-p-ema=50,250', '-target-margin-list=1.0,1.5,2.0,2.5,3.0,3.5,4.0,4.5,5.0', '-log-level=WARNING']
2023-11-26 19:50:04;UNIUSDT;30m;1.5;150;28;80;100.0;4;94.67;['-batch-training', '-calc-rsi', '-verbose', '-prediction-mode=index', '-interval-list=30m', '-range-min-rsi=28', '-range-max-rsi=80', '-range-p-ema=50,250', '-target-margin-list=1.0,1.5,2.0,2.5,3.0,3.5,4.0,4.5,5.0', '-log-level=WARNING']
2023-11-26 20:00:34;UNIUSDT;30m;1.5;175;28;80;100.0;4;94.67;['-batch-training', '-calc-rsi', '-verbose', '-prediction-mode=index', '-interval-list=30m', '-range-min-rsi=28', '-range-max-rsi=80', '-range-p-ema=50,250', '-target-margin-list=1.0,1.5,2.0,2.5,3.0,3.5,4.0,4.5,5.0', '-log-level=WARNING']
2023-11-26 19:27:03;UNIUSDT;30m;1.5;100;28;80;100.0;4;94.67;['-batch-training', '-calc-rsi', '-verbose', '-prediction-mode=index', '-interval-list=30m', '-range-min-rsi=28', '-range-max-rsi=80', '-range-p-ema=50,250', '-target-margin-list=1.0,1.5,2.0,2.5,3.0,3.5,4.0,4.5,5.0', '-log-level=WARNING']
2023-11-26 20:10:46;UNIUSDT;30m;1.5;200;28;80;100.0;4;94.67;['-batch-training', '-calc-rsi', '-verbose', '-prediction-mode=index', '-interval-list=30m', '-range-min-rsi=28', '-range-max-rsi=80', '-range-p-ema=50,250', '-target-margin-list=1.0,1.5,2.0,2.5,3.0,3.5,4.0,4.5,5.0', '-log-level=WARNING']
2023-11-26 20:23:11;UNIUSDT;30m;1.5;225;28;80;100.0;4;94.67;['-batch-training', '-calc-rsi', '-verbose', '-prediction-mode=index', '-interval-list=30m', '-range-min-rsi=28', '-range-max-rsi=80', '-range-p-ema=50,250', '-target-margin-list=1.0,1.5,2.0,2.5,3.0,3.5,4.0,4.5,5.0', '-log-level=WARNING']
2023-11-26 21:05:23;UNIUSDT;30m;1.5;75;28;80;100.0;4;94.67;['-batch-training', '-calc-rsi', '-verbose', '-prediction-mode=index', '-interval-list=30m', '-range-min-rsi=28', '-range-max-rsi=80', '-range-p-ema=50,250', '-target-margin-list=1.0,1.5,2.0,2.5,3.0,3.5,4.0,4.5,5.0', '-log-level=WARNING']
2023-11-26 19:52:20;UNIUSDT;30m;2.5;150;36;76;100.0;5;94.67;['-batch-training', '-calc-rsi', '-verbose', '-prediction-mode=index', '-interval-list=30m', '-range-min-rsi=28', '-range-max-rsi=80', '-range-p-ema=50,250', '-target-margin-list=1.0,1.5,2.0,2.5,3.0,3.5,4.0,4.5,5.0', '-log-level=WARNING']
2023-11-26 20:50:17;UNIUSDT;30m;1.5;50;28;80;100.0;4;94.67;['-batch-training', '-calc-rsi', '-verbose', '-prediction-mode=index', '-interval-list=30m', '-range-min-rsi=28', '-range-max-rsi=80', '-range-p-ema=50,250', '-target-margin-list=1.0,1.5,2.0,2.5,3.0,3.5,4.0,4.5,5.0', '-log-level=WARNING']
2023-11-26 19:27:34;UNIUSDT;30m;2.0;100;28;74;100.0;4;94.74;['-batch-training', '-calc-rsi', '-verbose', '-prediction-mode=index', '-interval-list=30m', '-range-min-rsi=28', '-range-max-rsi=80', '-range-p-ema=50,250', '-target-margin-list=1.0,1.5,2.0,2.5,3.0,3.5,4.0,4.5,5.0', '-log-level=WARNING']
2023-11-26 20:01:01;UNIUSDT;30m;2.0;175;28;74;100.0;4;94.74;['-batch-training', '-calc-rsi', '-verbose', '-prediction-mode=index', '-interval-list=30m', '-range-min-rsi=28', '-range-max-rsi=80', '-range-p-ema=50,250', '-target-margin-list=1.0,1.5,2.0,2.5,3.0,3.5,4.0,4.5,5.0', '-log-level=WARNING']
2023-11-26 20:23:45;UNIUSDT;30m;2.0;225;28;74;100.0;4;94.74;['-batch-training', '-calc-rsi', '-verbose', '-prediction-mode=index', '-interval-list=30m', '-range-min-rsi=28', '-range-max-rsi=80', '-range-p-ema=50,250', '-target-margin-list=1.0,1.5,2.0,2.5,3.0,3.5,4.0,4.5,5.0', '-log-level=WARNING']
2023-11-26 20:11:18;UNIUSDT;30m;2.0;200;28;74;100.0;4;94.74;['-batch-training', '-calc-rsi', '-verbose', '-prediction-mode=index', '-interval-list=30m', '-range-min-rsi=28', '-range-max-rsi=80', '-range-p-ema=50,250', '-target-margin-list=1.0,1.5,2.0,2.5,3.0,3.5,4.0,4.5,5.0', '-log-level=WARNING']
2023-11-26 19:39:04;UNIUSDT;30m;2.0;125;28;74;100.0;4;94.74;['-batch-training', '-calc-rsi', '-verbose', '-prediction-mode=index', '-interval-list=30m', '-range-min-rsi=28', '-range-max-rsi=80', '-range-p-ema=50,250', '-target-margin-list=1.0,1.5,2.0,2.5,3.0,3.5,4.0,4.5,5.0', '-log-level=WARNING']
2023-11-26 19:50:35;UNIUSDT;30m;2.0;150;28;74;100.0;4;94.74;['-batch-training', '-calc-rsi', '-verbose', '-prediction-mode=index', '-interval-list=30m', '-range-min-rsi=28', '-range-max-rsi=80', '-range-p-ema=50,250', '-target-margin-list=1.0,1.5,2.0,2.5,3.0,3.5,4.0,4.5,5.0', '-log-level=WARNING']
2023-11-26 21:06:06;UNIUSDT;30m;2.0;75;28;74;100.0;4;94.74;['-batch-training', '-calc-rsi', '-verbose', '-prediction-mode=index', '-interval-list=30m', '-range-min-rsi=28', '-range-max-rsi=80', '-range-p-ema=50,250', '-target-margin-list=1.0,1.5,2.0,2.5,3.0,3.5,4.0,4.5,5.0', '-log-level=WARNING']
2023-11-26 20:50:57;UNIUSDT;30m;2.0;50;28;74;100.0;4;94.74;['-batch-training', '-calc-rsi', '-verbose', '-prediction-mode=index', '-interval-list=30m', '-range-min-rsi=28', '-range-max-rsi=80', '-range-p-ema=50,250', '-target-margin-list=1.0,1.5,2.0,2.5,3.0,3.5,4.0,4.5,5.0', '-log-level=WARNING']
2023-11-26 20:41:17;UNIUSDT;30m;3.5;250;30;72;100.0;4;94.75;['-batch-training', '-calc-rsi', '-verbose', '-prediction-mode=index', '-interval-list=30m', '-range-min-rsi=28', '-range-max-rsi=80', '-range-p-ema=50,250', '-target-margin-list=1.0,1.5,2.0,2.5,3.0,3.5,4.0,4.5,5.0', '-log-level=WARNING']
2023-11-26 20:35:35;UNIUSDT;30m;1.5;250;32;74;100.0;7;94.81;['-batch-training', '-calc-rsi', '-verbose', '-prediction-mode=index', '-interval-list=30m', '-range-min-rsi=28', '-range-max-rsi=80', '-range-p-ema=50,250', '-target-margin-list=1.0,1.5,2.0,2.5,3.0,3.5,4.0,4.5,5.0', '-log-level=WARNING']
2023-11-26 19:59:20;UNIUSDT;30m;1.0;175;34;78;100.0;3;94.89;['-batch-training', '-calc-rsi', '-verbose', '-prediction-mode=index', '-interval-list=30m', '-range-min-rsi=28', '-range-max-rsi=80', '-range-p-ema=50,250', '-target-margin-list=1.0,1.5,2.0,2.5,3.0,3.5,4.0,4.5,5.0', '-log-level=WARNING']
2023-11-26 20:47:56;UNIUSDT;30m;1.0;50;34;74;100.0;3;94.92;['-batch-training', '-calc-rsi', '-verbose', '-prediction-mode=index', '-interval-list=30m', '-range-min-rsi=28', '-range-max-rsi=80', '-range-p-ema=50,250', '-target-margin-list=1.0,1.5,2.0,2.5,3.0,3.5,4.0,4.5,5.0', '-log-level=WARNING']
2023-11-26 21:02:44;UNIUSDT;30m;1.0;75;34;74;100.0;3;94.92;['-batch-training', '-calc-rsi', '-verbose', '-prediction-mode=index', '-interval-list=30m', '-range-min-rsi=28', '-range-max-rsi=80', '-range-p-ema=50,250', '-target-margin-list=1.0,1.5,2.0,2.5,3.0,3.5,4.0,4.5,5.0', '-log-level=WARNING']
2023-11-26 19:36:35;UNIUSDT;30m;1.0;125;34;74;100.0;3;94.92;['-batch-training', '-calc-rsi', '-verbose', '-prediction-mode=index', '-interval-list=30m', '-range-min-rsi=28', '-range-max-rsi=80', '-range-p-ema=50,250', '-target-margin-list=1.0,1.5,2.0,2.5,3.0,3.5,4.0,4.5,5.0', '-log-level=WARNING']
2023-11-26 19:25:07;UNIUSDT;30m;1.0;100;34;74;100.0;3;94.92;['-batch-training', '-calc-rsi', '-verbose', '-prediction-mode=index', '-interval-list=30m', '-range-min-rsi=28', '-range-max-rsi=80', '-range-p-ema=50,250', '-target-margin-list=1.0,1.5,2.0,2.5,3.0,3.5,4.0,4.5,5.0', '-log-level=WARNING']
2023-11-26 20:29:33;UNIUSDT;30m;4.0;225;28;74;100.0;2;94.94;['-batch-training', '-calc-rsi', '-verbose', '-prediction-mode=index', '-interval-list=30m', '-range-min-rsi=28', '-range-max-rsi=80', '-range-p-ema=50,250', '-target-margin-list=1.0,1.5,2.0,2.5,3.0,3.5,4.0,4.5,5.0', '-log-level=WARNING']
2023-11-26 19:44:09;UNIUSDT;30m;4.0;125;28;74;100.0;2;94.94;['-batch-training', '-calc-rsi', '-verbose', '-prediction-mode=index', '-interval-list=30m', '-range-min-rsi=28', '-range-max-rsi=80', '-range-p-ema=50,250', '-target-margin-list=1.0,1.5,2.0,2.5,3.0,3.5,4.0,4.5,5.0', '-log-level=WARNING']
2023-11-26 20:16:41;UNIUSDT;30m;4.0;200;28;74;100.0;2;94.94;['-batch-training', '-calc-rsi', '-verbose', '-prediction-mode=index', '-interval-list=30m', '-range-min-rsi=28', '-range-max-rsi=80', '-range-p-ema=50,250', '-target-margin-list=1.0,1.5,2.0,2.5,3.0,3.5,4.0,4.5,5.0', '-log-level=WARNING']
2023-11-26 20:57:31;UNIUSDT;30m;4.0;50;28;74;100.0;2;94.94;['-batch-training', '-calc-rsi', '-verbose', '-prediction-mode=index', '-interval-list=30m', '-range-min-rsi=28', '-range-max-rsi=80', '-range-p-ema=50,250', '-target-margin-list=1.0,1.5,2.0,2.5,3.0,3.5,4.0,4.5,5.0', '-log-level=WARNING']
2023-11-26 19:32:38;UNIUSDT;30m;4.0;100;28;74;100.0;2;94.94;['-batch-training', '-calc-rsi', '-verbose', '-prediction-mode=index', '-interval-list=30m', '-range-min-rsi=28', '-range-max-rsi=80', '-range-p-ema=50,250', '-target-margin-list=1.0,1.5,2.0,2.5,3.0,3.5,4.0,4.5,5.0', '-log-level=WARNING']
2023-11-26 21:13:18;UNIUSDT;30m;4.0;75;28;74;100.0;2;94.94;['-batch-training', '-calc-rsi', '-verbose', '-prediction-mode=index', '-interval-list=30m', '-range-min-rsi=28', '-range-max-rsi=80', '-range-p-ema=50,250', '-target-margin-list=1.0,1.5,2.0,2.5,3.0,3.5,4.0,4.5,5.0', '-log-level=WARNING']
2023-11-26 20:05:27;UNIUSDT;30m;4.0;175;28;74;100.0;2;94.94;['-batch-training', '-calc-rsi', '-verbose', '-prediction-mode=index', '-interval-list=30m', '-range-min-rsi=28', '-range-max-rsi=80', '-range-p-ema=50,250', '-target-margin-list=1.0,1.5,2.0,2.5,3.0,3.5,4.0,4.5,5.0', '-log-level=WARNING']
2023-11-26 20:43:04;UNIUSDT;30m;4.0;250;28;74;100.0;2;94.94;['-batch-training', '-calc-rsi', '-verbose', '-prediction-mode=index', '-interval-list=30m', '-range-min-rsi=28', '-range-max-rsi=80', '-range-p-ema=50,250', '-target-margin-list=1.0,1.5,2.0,2.5,3.0,3.5,4.0,4.5,5.0', '-log-level=WARNING']
2023-11-26 19:55:21;UNIUSDT;30m;4.0;150;28;74;100.0;2;94.94;['-batch-training', '-calc-rsi', '-verbose', '-prediction-mode=index', '-interval-list=30m', '-range-min-rsi=28', '-range-max-rsi=80', '-range-p-ema=50,250', '-target-margin-list=1.0,1.5,2.0,2.5,3.0,3.5,4.0,4.5,5.0', '-log-level=WARNING']
2023-11-26 19:46:27;UNIUSDT;30m;5.0;125;28;72;100.0;5;95.01;['-batch-training', '-calc-rsi', '-verbose', '-prediction-mode=index', '-interval-list=30m', '-range-min-rsi=28', '-range-max-rsi=80', '-range-p-ema=50,250', '-target-margin-list=1.0,1.5,2.0,2.5,3.0,3.5,4.0,4.5,5.0', '-log-level=WARNING']
2023-11-26 20:07:27;UNIUSDT;30m;5.0;175;28;72;100.0;5;95.01;['-batch-training', '-calc-rsi', '-verbose', '-prediction-mode=index', '-interval-list=30m', '-range-min-rsi=28', '-range-max-rsi=80', '-range-p-ema=50,250', '-target-margin-list=1.0,1.5,2.0,2.5,3.0,3.5,4.0,4.5,5.0', '-log-level=WARNING']
2023-11-26 20:45:51;UNIUSDT;30m;5.0;250;28;72;100.0;5;95.01;['-batch-training', '-calc-rsi', '-verbose', '-prediction-mode=index', '-interval-list=30m', '-range-min-rsi=28', '-range-max-rsi=80', '-range-p-ema=50,250', '-target-margin-list=1.0,1.5,2.0,2.5,3.0,3.5,4.0,4.5,5.0', '-log-level=WARNING']
2023-11-26 20:32:11;UNIUSDT;30m;5.0;225;28;72;100.0;5;95.01;['-batch-training', '-calc-rsi', '-verbose', '-prediction-mode=index', '-interval-list=30m', '-range-min-rsi=28', '-range-max-rsi=80', '-range-p-ema=50,250', '-target-margin-list=1.0,1.5,2.0,2.5,3.0,3.5,4.0,4.5,5.0', '-log-level=WARNING']
2023-11-26 19:34:52;UNIUSDT;30m;5.0;100;28;72;100.0;5;95.01;['-batch-training', '-calc-rsi', '-verbose', '-prediction-mode=index', '-interval-list=30m', '-range-min-rsi=28', '-range-max-rsi=80', '-range-p-ema=50,250', '-target-margin-list=1.0,1.5,2.0,2.5,3.0,3.5,4.0,4.5,5.0', '-log-level=WARNING']
2023-11-26 19:57:24;UNIUSDT;30m;5.0;150;28;72;100.0;5;95.01;['-batch-training', '-calc-rsi', '-verbose', '-prediction-mode=index', '-interval-list=30m', '-range-min-rsi=28', '-range-max-rsi=80', '-range-p-ema=50,250', '-target-margin-list=1.0,1.5,2.0,2.5,3.0,3.5,4.0,4.5,5.0', '-log-level=WARNING']
2023-11-26 21:15:57;UNIUSDT;30m;5.0;75;28;72;100.0;5;95.01;['-batch-training', '-calc-rsi', '-verbose', '-prediction-mode=index', '-interval-list=30m', '-range-min-rsi=28', '-range-max-rsi=80', '-range-p-ema=50,250', '-target-margin-list=1.0,1.5,2.0,2.5,3.0,3.5,4.0,4.5,5.0', '-log-level=WARNING']
2023-11-26 21:00:32;UNIUSDT;30m;5.0;50;28;72;100.0;5;95.01;['-batch-training', '-calc-rsi', '-verbose', '-prediction-mode=index', '-interval-list=30m', '-range-min-rsi=28', '-range-max-rsi=80', '-range-p-ema=50,250', '-target-margin-list=1.0,1.5,2.0,2.5,3.0,3.5,4.0,4.5,5.0', '-log-level=WARNING']
2023-11-26 20:19:10;UNIUSDT;30m;5.0;200;28;72;100.0;5;95.01;['-batch-training', '-calc-rsi', '-verbose', '-prediction-mode=index', '-interval-list=30m', '-range-min-rsi=28', '-range-max-rsi=80', '-range-p-ema=50,250', '-target-margin-list=1.0,1.5,2.0,2.5,3.0,3.5,4.0,4.5,5.0', '-log-level=WARNING']
2023-11-26 20:58:11;UNIUSDT;30m;4.0;50;28;78;100.0;4;95.13;['-batch-training', '-calc-rsi', '-verbose', '-prediction-mode=index', '-interval-list=30m', '-range-min-rsi=28', '-range-max-rsi=80', '-range-p-ema=50,250', '-target-margin-list=1.0,1.5,2.0,2.5,3.0,3.5,4.0,4.5,5.0', '-log-level=WARNING']
2023-11-26 19:44:39;UNIUSDT;30m;4.0;125;28;78;100.0;4;95.13;['-batch-training', '-calc-rsi', '-verbose', '-prediction-mode=index', '-interval-list=30m', '-range-min-rsi=28', '-range-max-rsi=80', '-range-p-ema=50,250', '-target-margin-list=1.0,1.5,2.0,2.5,3.0,3.5,4.0,4.5,5.0', '-log-level=WARNING']
2023-11-26 19:33:08;UNIUSDT;30m;4.0;100;28;78;100.0;4;95.13;['-batch-training', '-calc-rsi', '-verbose', '-prediction-mode=index', '-interval-list=30m', '-range-min-rsi=28', '-range-max-rsi=80', '-range-p-ema=50,250', '-target-margin-list=1.0,1.5,2.0,2.5,3.0,3.5,4.0,4.5,5.0', '-log-level=WARNING']
2023-11-26 20:05:54;UNIUSDT;30m;4.0;175;28;78;100.0;4;95.13;['-batch-training', '-calc-rsi', '-verbose', '-prediction-mode=index', '-interval-list=30m', '-range-min-rsi=28', '-range-max-rsi=80', '-range-p-ema=50,250', '-target-margin-list=1.0,1.5,2.0,2.5,3.0,3.5,4.0,4.5,5.0', '-log-level=WARNING']
2023-11-26 19:55:49;UNIUSDT;30m;4.0;150;28;78;100.0;4;95.13;['-batch-training', '-calc-rsi', '-verbose', '-prediction-mode=index', '-interval-list=30m', '-range-min-rsi=28', '-range-max-rsi=80', '-range-p-ema=50,250', '-target-margin-list=1.0,1.5,2.0,2.5,3.0,3.5,4.0,4.5,5.0', '-log-level=WARNING']
2023-11-26 20:30:08;UNIUSDT;30m;4.0;225;28;78;100.0;4;95.13;['-batch-training', '-calc-rsi', '-verbose', '-prediction-mode=index', '-interval-list=30m', '-range-min-rsi=28', '-range-max-rsi=80', '-range-p-ema=50,250', '-target-margin-list=1.0,1.5,2.0,2.5,3.0,3.5,4.0,4.5,5.0', '-log-level=WARNING']
2023-11-26 20:17:13;UNIUSDT;30m;4.0;200;28;78;100.0;4;95.13;['-batch-training', '-calc-rsi', '-verbose', '-prediction-mode=index', '-interval-list=30m', '-range-min-rsi=28', '-range-max-rsi=80', '-range-p-ema=50,250', '-target-margin-list=1.0,1.5,2.0,2.5,3.0,3.5,4.0,4.5,5.0', '-log-level=WARNING']
2023-11-26 20:43:42;UNIUSDT;30m;4.0;250;28;78;100.0;4;95.13;['-batch-training', '-calc-rsi', '-verbose', '-prediction-mode=index', '-interval-list=30m', '-range-min-rsi=28', '-range-max-rsi=80', '-range-p-ema=50,250', '-target-margin-list=1.0,1.5,2.0,2.5,3.0,3.5,4.0,4.5,5.0', '-log-level=WARNING']
2023-11-26 21:13:56;UNIUSDT;30m;4.0;75;28;78;100.0;4;95.13;['-batch-training', '-calc-rsi', '-verbose', '-prediction-mode=index', '-interval-list=30m', '-range-min-rsi=28', '-range-max-rsi=80', '-range-p-ema=50,250', '-target-margin-list=1.0,1.5,2.0,2.5,3.0,3.5,4.0,4.5,5.0', '-log-level=WARNING']
2023-11-26 20:40:36;UNIUSDT;30m;3.0;250;28;78;100.0;5;95.23;['-batch-training', '-calc-rsi', '-verbose', '-prediction-mode=index', '-interval-list=30m', '-range-min-rsi=28', '-range-max-rsi=80', '-range-p-ema=50,250', '-target-margin-list=1.0,1.5,2.0,2.5,3.0,3.5,4.0,4.5,5.0', '-log-level=WARNING']
2023-11-26 19:42:09;UNIUSDT;30m;3.0;125;28;78;100.0;5;95.23;['-batch-training', '-calc-rsi', '-verbose', '-prediction-mode=index', '-interval-list=30m', '-range-min-rsi=28', '-range-max-rsi=80', '-range-p-ema=50,250', '-target-margin-list=1.0,1.5,2.0,2.5,3.0,3.5,4.0,4.5,5.0', '-log-level=WARNING']
2023-11-26 20:14:30;UNIUSDT;30m;3.0;200;28;78;100.0;5;95.23;['-batch-training', '-calc-rsi', '-verbose', '-prediction-mode=index', '-interval-list=30m', '-range-min-rsi=28', '-range-max-rsi=80', '-range-p-ema=50,250', '-target-margin-list=1.0,1.5,2.0,2.5,3.0,3.5,4.0,4.5,5.0', '-log-level=WARNING']
2023-11-26 20:27:58;UNIUSDT;30m;3.5;225;34;72;100.0;4;95.23;['-batch-training', '-calc-rsi', '-verbose', '-prediction-mode=index', '-interval-list=30m', '-range-min-rsi=28', '-range-max-rsi=80', '-range-p-ema=50,250', '-target-margin-list=1.0,1.5,2.0,2.5,3.0,3.5,4.0,4.5,5.0', '-log-level=WARNING']
2023-11-26 20:03:42;UNIUSDT;30m;3.0;175;28;78;100.0;5;95.23;['-batch-training', '-calc-rsi', '-verbose', '-prediction-mode=index', '-interval-list=30m', '-range-min-rsi=28', '-range-max-rsi=80', '-range-p-ema=50,250', '-target-margin-list=1.0,1.5,2.0,2.5,3.0,3.5,4.0,4.5,5.0', '-log-level=WARNING']
2023-11-26 20:15:12;UNIUSDT;30m;3.5;200;34;72;100.0;4;95.23;['-batch-training', '-calc-rsi', '-verbose', '-prediction-mode=index', '-interval-list=30m', '-range-min-rsi=28', '-range-max-rsi=80', '-range-p-ema=50,250', '-target-margin-list=1.0,1.5,2.0,2.5,3.0,3.5,4.0,4.5,5.0', '-log-level=WARNING']
2023-11-26 20:04:16;UNIUSDT;30m;3.5;175;34;72;100.0;4;95.23;['-batch-training', '-calc-rsi', '-verbose', '-prediction-mode=index', '-interval-list=30m', '-range-min-rsi=28', '-range-max-rsi=80', '-range-p-ema=50,250', '-target-margin-list=1.0,1.5,2.0,2.5,3.0,3.5,4.0,4.5,5.0', '-log-level=WARNING']
2023-11-26 21:10:25;UNIUSDT;30m;3.0;75;28;78;100.0;5;95.23;['-batch-training', '-calc-rsi', '-verbose', '-prediction-mode=index', '-interval-list=30m', '-range-min-rsi=28', '-range-max-rsi=80', '-range-p-ema=50,250', '-target-margin-list=1.0,1.5,2.0,2.5,3.0,3.5,4.0,4.5,5.0', '-log-level=WARNING']
2023-11-26 20:27:12;UNIUSDT;30m;3.0;225;28;78;100.0;5;95.23;['-batch-training', '-calc-rsi', '-verbose', '-prediction-mode=index', '-interval-list=30m', '-range-min-rsi=28', '-range-max-rsi=80', '-range-p-ema=50,250', '-target-margin-list=1.0,1.5,2.0,2.5,3.0,3.5,4.0,4.5,5.0', '-log-level=WARNING']
2023-11-26 20:54:54;UNIUSDT;30m;3.0;50;28;78;100.0;5;95.23;['-batch-training', '-calc-rsi', '-verbose', '-prediction-mode=index', '-interval-list=30m', '-range-min-rsi=28', '-range-max-rsi=80', '-range-p-ema=50,250', '-target-margin-list=1.0,1.5,2.0,2.5,3.0,3.5,4.0,4.5,5.0', '-log-level=WARNING']
2023-11-26 19:30:38;UNIUSDT;30m;3.0;100;28;78;100.0;5;95.23;['-batch-training', '-calc-rsi', '-verbose', '-prediction-mode=index', '-interval-list=30m', '-range-min-rsi=28', '-range-max-rsi=80', '-range-p-ema=50,250', '-target-margin-list=1.0,1.5,2.0,2.5,3.0,3.5,4.0,4.5,5.0', '-log-level=WARNING']
2023-11-26 19:53:32;UNIUSDT;30m;3.0;150;28;78;100.0;5;95.23;['-batch-training', '-calc-rsi', '-verbose', '-prediction-mode=index', '-interval-list=30m', '-range-min-rsi=28', '-range-max-rsi=80', '-range-p-ema=50,250', '-target-margin-list=1.0,1.5,2.0,2.5,3.0,3.5,4.0,4.5,5.0', '-log-level=WARNING']
2023-11-26 20:36:21;UNIUSDT;30m;1.5;250;28;80;100.0;4;95.24;['-batch-training', '-calc-rsi', '-verbose', '-prediction-mode=index', '-interval-list=30m', '-range-min-rsi=28', '-range-max-rsi=80', '-range-p-ema=50,250', '-target-margin-list=1.0,1.5,2.0,2.5,3.0,3.5,4.0,4.5,5.0', '-log-level=WARNING']
2023-11-26 20:50:17;UNIUSDT;30m;1.5;50;28;80;100.0;3;95.26;['-batch-training', '-calc-rsi', '-verbose', '-prediction-mode=index', '-interval-list=30m', '-range-min-rsi=28', '-range-max-rsi=80', '-range-p-ema=50,250', '-target-margin-list=1.0,1.5,2.0,2.5,3.0,3.5,4.0,4.5,5.0', '-log-level=WARNING']
2023-11-26 19:50:04;UNIUSDT;30m;1.5;150;28;80;100.0;3;95.26;['-batch-training', '-calc-rsi', '-verbose', '-prediction-mode=index', '-interval-list=30m', '-range-min-rsi=28', '-range-max-rsi=80', '-range-p-ema=50,250', '-target-margin-list=1.0,1.5,2.0,2.5,3.0,3.5,4.0,4.5,5.0', '-log-level=WARNING']
2023-11-26 19:38:33;UNIUSDT;30m;1.5;125;28;80;100.0;3;95.26;['-batch-training', '-calc-rsi', '-verbose', '-prediction-mode=index', '-interval-list=30m', '-range-min-rsi=28', '-range-max-rsi=80', '-range-p-ema=50,250', '-target-margin-list=1.0,1.5,2.0,2.5,3.0,3.5,4.0,4.5,5.0', '-log-level=WARNING']
2023-11-26 19:27:03;UNIUSDT;30m;1.5;100;28;80;100.0;3;95.26;['-batch-training', '-calc-rsi', '-verbose', '-prediction-mode=index', '-interval-list=30m', '-range-min-rsi=28', '-range-max-rsi=80', '-range-p-ema=50,250', '-target-margin-list=1.0,1.5,2.0,2.5,3.0,3.5,4.0,4.5,5.0', '-log-level=WARNING']
2023-11-26 20:10:46;UNIUSDT;30m;1.5;200;28;80;100.0;3;95.26;['-batch-training', '-calc-rsi', '-verbose', '-prediction-mode=index', '-interval-list=30m', '-range-min-rsi=28', '-range-max-rsi=80', '-range-p-ema=50,250', '-target-margin-list=1.0,1.5,2.0,2.5,3.0,3.5,4.0,4.5,5.0', '-log-level=WARNING']
2023-11-26 21:05:23;UNIUSDT;30m;1.5;75;28;80;100.0;3;95.26;['-batch-training', '-calc-rsi', '-verbose', '-prediction-mode=index', '-interval-list=30m', '-range-min-rsi=28', '-range-max-rsi=80', '-range-p-ema=50,250', '-target-margin-list=1.0,1.5,2.0,2.5,3.0,3.5,4.0,4.5,5.0', '-log-level=WARNING']
2023-11-26 20:23:11;UNIUSDT;30m;1.5;225;28;80;100.0;3;95.26;['-batch-training', '-calc-rsi', '-verbose', '-prediction-mode=index', '-interval-list=30m', '-range-min-rsi=28', '-range-max-rsi=80', '-range-p-ema=50,250', '-target-margin-list=1.0,1.5,2.0,2.5,3.0,3.5,4.0,4.5,5.0', '-log-level=WARNING']
2023-11-26 20:00:35;UNIUSDT;30m;1.5;175;28;80;100.0;3;95.26;['-batch-training', '-calc-rsi', '-verbose', '-prediction-mode=index', '-interval-list=30m', '-range-min-rsi=28', '-range-max-rsi=80', '-range-p-ema=50,250', '-target-margin-list=1.0,1.5,2.0,2.5,3.0,3.5,4.0,4.5,5.0', '-log-level=WARNING']
2023-11-26 20:15:15;UNIUSDT;30m;3.5;200;36;72;100.0;4;95.27;['-batch-training', '-calc-rsi', '-verbose', '-prediction-mode=index', '-interval-list=30m', '-range-min-rsi=28', '-range-max-rsi=80', '-range-p-ema=50,250', '-target-margin-list=1.0,1.5,2.0,2.5,3.0,3.5,4.0,4.5,5.0', '-log-level=WARNING']
2023-11-26 19:40:46;UNIUSDT;30m;2.5;125;34;76;100.0;6;95.27;['-batch-training', '-calc-rsi', '-verbose', '-prediction-mode=index', '-interval-list=30m', '-range-min-rsi=28', '-range-max-rsi=80', '-range-p-ema=50,250', '-target-margin-list=1.0,1.5,2.0,2.5,3.0,3.5,4.0,4.5,5.0', '-log-level=WARNING']
2023-11-26 21:08:31;UNIUSDT;30m;2.5;75;34;76;100.0;6;95.27;['-batch-training', '-calc-rsi', '-verbose', '-prediction-mode=index', '-interval-list=30m', '-range-min-rsi=28', '-range-max-rsi=80', '-range-p-ema=50,250', '-target-margin-list=1.0,1.5,2.0,2.5,3.0,3.5,4.0,4.5,5.0', '-log-level=WARNING']
2023-11-26 20:04:19;UNIUSDT;30m;3.5;175;36;72;100.0;4;95.27;['-batch-training', '-calc-rsi', '-verbose', '-prediction-mode=index', '-interval-list=30m', '-range-min-rsi=28', '-range-max-rsi=80', '-range-p-ema=50,250', '-target-margin-list=1.0,1.5,2.0,2.5,3.0,3.5,4.0,4.5,5.0', '-log-level=WARNING']
2023-11-26 20:53:06;UNIUSDT;30m;2.5;50;34;76;100.0;6;95.27;['-batch-training', '-calc-rsi', '-verbose', '-prediction-mode=index', '-interval-list=30m', '-range-min-rsi=28', '-range-max-rsi=80', '-range-p-ema=50,250', '-target-margin-list=1.0,1.5,2.0,2.5,3.0,3.5,4.0,4.5,5.0', '-log-level=WARNING']
2023-11-26 19:29:17;UNIUSDT;30m;2.5;100;34;76;100.0;6;95.27;['-batch-training', '-calc-rsi', '-verbose', '-prediction-mode=index', '-interval-list=30m', '-range-min-rsi=28', '-range-max-rsi=80', '-range-p-ema=50,250', '-target-margin-list=1.0,1.5,2.0,2.5,3.0,3.5,4.0,4.5,5.0', '-log-level=WARNING']
2023-11-26 20:28:02;UNIUSDT;30m;3.5;225;36;72;100.0;4;95.27;['-batch-training', '-calc-rsi', '-verbose', '-prediction-mode=index', '-interval-list=30m', '-range-min-rsi=28', '-range-max-rsi=80', '-range-p-ema=50,250', '-target-margin-list=1.0,1.5,2.0,2.5,3.0,3.5,4.0,4.5,5.0', '-log-level=WARNING']
2023-11-26 20:21:05;UNIUSDT;30m;1.0;225;36;74;100.0;2;95.31;['-batch-training', '-calc-rsi', '-verbose', '-prediction-mode=index', '-interval-list=30m', '-range-min-rsi=28', '-range-max-rsi=80', '-range-p-ema=50,250', '-target-margin-list=1.0,1.5,2.0,2.5,3.0,3.5,4.0,4.5,5.0', '-log-level=WARNING']
2023-11-26 20:13:19;UNIUSDT;30m;2.5;200;34;78;100.0;2;95.31;['-batch-training', '-calc-rsi', '-verbose', '-prediction-mode=index', '-interval-list=30m', '-range-min-rsi=28', '-range-max-rsi=80', '-range-p-ema=50,250', '-target-margin-list=1.0,1.5,2.0,2.5,3.0,3.5,4.0,4.5,5.0', '-log-level=WARNING']
2023-11-26 20:48:18;UNIUSDT;30m;1.0;50;36;76;100.0;3;95.39;['-batch-training', '-calc-rsi', '-verbose', '-prediction-mode=index', '-interval-list=30m', '-range-min-rsi=28', '-range-max-rsi=80', '-range-p-ema=50,250', '-target-margin-list=1.0,1.5,2.0,2.5,3.0,3.5,4.0,4.5,5.0', '-log-level=WARNING']
2023-11-26 21:03:10;UNIUSDT;30m;1.0;75;36;76;100.0;3;95.39;['-batch-training', '-calc-rsi', '-verbose', '-prediction-mode=index', '-interval-list=30m', '-range-min-rsi=28', '-range-max-rsi=80', '-range-p-ema=50,250', '-target-margin-list=1.0,1.5,2.0,2.5,3.0,3.5,4.0,4.5,5.0', '-log-level=WARNING']
2023-11-26 20:17:30;UNIUSDT;30m;4.0;200;28;80;100.0;4;95.42;['-batch-training', '-calc-rsi', '-verbose', '-prediction-mode=index', '-interval-list=30m', '-range-min-rsi=28', '-range-max-rsi=80', '-range-p-ema=50,250', '-target-margin-list=1.0,1.5,2.0,2.5,3.0,3.5,4.0,4.5,5.0', '-log-level=WARNING']
2023-11-26 20:35:06;UNIUSDT;30m;1.0;250;36;80;100.0;3;95.42;['-batch-training', '-calc-rsi', '-verbose', '-prediction-mode=index', '-interval-list=30m', '-range-min-rsi=28', '-range-max-rsi=80', '-range-p-ema=50,250', '-target-margin-list=1.0,1.5,2.0,2.5,3.0,3.5,4.0,4.5,5.0', '-log-level=WARNING']
2023-11-26 19:56:02;UNIUSDT;30m;4.0;150;28;80;100.0;4;95.42;['-batch-training', '-calc-rsi', '-verbose', '-prediction-mode=index', '-interval-list=30m', '-range-min-rsi=28', '-range-max-rsi=80', '-range-p-ema=50,250', '-target-margin-list=1.0,1.5,2.0,2.5,3.0,3.5,4.0,4.5,5.0', '-log-level=WARNING']
2023-11-26 19:44:55;UNIUSDT;30m;4.0;125;28;80;100.0;4;95.42;['-batch-training', '-calc-rsi', '-verbose', '-prediction-mode=index', '-interval-list=30m', '-range-min-rsi=28', '-range-max-rsi=80', '-range-p-ema=50,250', '-target-margin-list=1.0,1.5,2.0,2.5,3.0,3.5,4.0,4.5,5.0', '-log-level=WARNING']
2023-11-26 20:30:26;UNIUSDT;30m;4.0;225;28;80;100.0;4;95.42;['-batch-training', '-calc-rsi', '-verbose', '-prediction-mode=index', '-interval-list=30m', '-range-min-rsi=28', '-range-max-rsi=80', '-range-p-ema=50,250', '-target-margin-list=1.0,1.5,2.0,2.5,3.0,3.5,4.0,4.5,5.0', '-log-level=WARNING']
2023-11-26 20:44:00;UNIUSDT;30m;4.0;250;28;80;100.0;4;95.42;['-batch-training', '-calc-rsi', '-verbose', '-prediction-mode=index', '-interval-list=30m', '-range-min-rsi=28', '-range-max-rsi=80', '-range-p-ema=50,250', '-target-margin-list=1.0,1.5,2.0,2.5,3.0,3.5,4.0,4.5,5.0', '-log-level=WARNING']
2023-11-26 19:33:22;UNIUSDT;30m;4.0;100;28;80;100.0;4;95.42;['-batch-training', '-calc-rsi', '-verbose', '-prediction-mode=index', '-interval-list=30m', '-range-min-rsi=28', '-range-max-rsi=80', '-range-p-ema=50,250', '-target-margin-list=1.0,1.5,2.0,2.5,3.0,3.5,4.0,4.5,5.0', '-log-level=WARNING']
2023-11-26 20:06:08;UNIUSDT;30m;4.0;175;28;80;100.0;4;95.42;['-batch-training', '-calc-rsi', '-verbose', '-prediction-mode=index', '-interval-list=30m', '-range-min-rsi=28', '-range-max-rsi=80', '-range-p-ema=50,250', '-target-margin-list=1.0,1.5,2.0,2.5,3.0,3.5,4.0,4.5,5.0', '-log-level=WARNING']
2023-11-26 21:14:14;UNIUSDT;30m;4.0;75;28;80;100.0;4;95.42;['-batch-training', '-calc-rsi', '-verbose', '-prediction-mode=index', '-interval-list=30m', '-range-min-rsi=28', '-range-max-rsi=80', '-range-p-ema=50,250', '-target-margin-list=1.0,1.5,2.0,2.5,3.0,3.5,4.0,4.5,5.0', '-log-level=WARNING']
2023-11-26 20:58:31;UNIUSDT;30m;4.0;50;28;80;100.0;4;95.42;['-batch-training', '-calc-rsi', '-verbose', '-prediction-mode=index', '-interval-list=30m', '-range-min-rsi=28', '-range-max-rsi=80', '-range-p-ema=50,250', '-target-margin-list=1.0,1.5,2.0,2.5,3.0,3.5,4.0,4.5,5.0', '-log-level=WARNING']
2023-11-26 19:49:24;UNIUSDT;30m;1.5;150;32;74;100.0;4;95.43;['-batch-training', '-calc-rsi', '-verbose', '-prediction-mode=index', '-interval-list=30m', '-range-min-rsi=28', '-range-max-rsi=80', '-range-p-ema=50,250', '-target-margin-list=1.0,1.5,2.0,2.5,3.0,3.5,4.0,4.5,5.0', '-log-level=WARNING']
2023-11-26 21:05:27;UNIUSDT;30m;1.5;75;30;80;100.0;4;95.49;['-batch-training', '-calc-rsi', '-verbose', '-prediction-mode=index', '-interval-list=30m', '-range-min-rsi=28', '-range-max-rsi=80', '-range-p-ema=50,250', '-target-margin-list=1.0,1.5,2.0,2.5,3.0,3.5,4.0,4.5,5.0', '-log-level=WARNING']
2023-11-26 20:50:22;UNIUSDT;30m;1.5;50;30;80;100.0;4;95.49;['-batch-training', '-calc-rsi', '-verbose', '-prediction-mode=index', '-interval-list=30m', '-range-min-rsi=28', '-range-max-rsi=80', '-range-p-ema=50,250', '-target-margin-list=1.0,1.5,2.0,2.5,3.0,3.5,4.0,4.5,5.0', '-log-level=WARNING']
2023-11-26 19:27:07;UNIUSDT;30m;1.5;100;30;80;100.0;4;95.49;['-batch-training', '-calc-rsi', '-verbose', '-prediction-mode=index', '-interval-list=30m', '-range-min-rsi=28', '-range-max-rsi=80', '-range-p-ema=50,250', '-target-margin-list=1.0,1.5,2.0,2.5,3.0,3.5,4.0,4.5,5.0', '-log-level=WARNING']
2023-11-26 19:50:08;UNIUSDT;30m;1.5;150;30;80;100.0;4;95.49;['-batch-training', '-calc-rsi', '-verbose', '-prediction-mode=index', '-interval-list=30m', '-range-min-rsi=28', '-range-max-rsi=80', '-range-p-ema=50,250', '-target-margin-list=1.0,1.5,2.0,2.5,3.0,3.5,4.0,4.5,5.0', '-log-level=WARNING']
2023-11-26 19:38:36;UNIUSDT;30m;1.5;125;30;80;100.0;4;95.49;['-batch-training', '-calc-rsi', '-verbose', '-prediction-mode=index', '-interval-list=30m', '-range-min-rsi=28', '-range-max-rsi=80', '-range-p-ema=50,250', '-target-margin-list=1.0,1.5,2.0,2.5,3.0,3.5,4.0,4.5,5.0', '-log-level=WARNING']
2023-11-26 19:30:35;UNIUSDT;30m;3.0;100;36;76;100.0;5;95.6;['-batch-training', '-calc-rsi', '-verbose', '-prediction-mode=index', '-interval-list=30m', '-range-min-rsi=28', '-range-max-rsi=80', '-range-p-ema=50,250', '-target-margin-list=1.0,1.5,2.0,2.5,3.0,3.5,4.0,4.5,5.0', '-log-level=WARNING']
2023-11-26 20:40:29;UNIUSDT;30m;3.0;250;34;76;100.0;5;95.6;['-batch-training', '-calc-rsi', '-verbose', '-prediction-mode=index', '-interval-list=30m', '-range-min-rsi=28', '-range-max-rsi=80', '-range-p-ema=50,250', '-target-margin-list=1.0,1.5,2.0,2.5,3.0,3.5,4.0,4.5,5.0', '-log-level=WARNING']
2023-11-26 20:54:50;UNIUSDT;30m;3.0;50;36;76;100.0;5;95.6;['-batch-training', '-calc-rsi', '-verbose', '-prediction-mode=index', '-interval-list=30m', '-range-min-rsi=28', '-range-max-rsi=80', '-range-p-ema=50,250', '-target-margin-list=1.0,1.5,2.0,2.5,3.0,3.5,4.0,4.5,5.0', '-log-level=WARNING']
2023-11-26 19:42:06;UNIUSDT;30m;3.0;125;36;76;100.0;5;95.6;['-batch-training', '-calc-rsi', '-verbose', '-prediction-mode=index', '-interval-list=30m', '-range-min-rsi=28', '-range-max-rsi=80', '-range-p-ema=50,250', '-target-margin-list=1.0,1.5,2.0,2.5,3.0,3.5,4.0,4.5,5.0', '-log-level=WARNING']
2023-11-26 21:10:21;UNIUSDT;30m;3.0;75;36;76;100.0;5;95.6;['-batch-training', '-calc-rsi', '-verbose', '-prediction-mode=index', '-interval-list=30m', '-range-min-rsi=28', '-range-max-rsi=80', '-range-p-ema=50,250', '-target-margin-list=1.0,1.5,2.0,2.5,3.0,3.5,4.0,4.5,5.0', '-log-level=WARNING']
2023-11-26 20:37:51;UNIUSDT;30m;2.0;250;28;80;100.0;4;95.67;['-batch-training', '-calc-rsi', '-verbose', '-prediction-mode=index', '-interval-list=30m', '-range-min-rsi=28', '-range-max-rsi=80', '-range-p-ema=50,250', '-target-margin-list=1.0,1.5,2.0,2.5,3.0,3.5,4.0,4.5,5.0', '-log-level=WARNING']
2023-11-26 20:02:52;UNIUSDT;30m;2.5;175;30;80;100.0;6;95.68;['-batch-training', '-calc-rsi', '-verbose', '-prediction-mode=index', '-interval-list=30m', '-range-min-rsi=28', '-range-max-rsi=80', '-range-p-ema=50,250', '-target-margin-list=1.0,1.5,2.0,2.5,3.0,3.5,4.0,4.5,5.0', '-log-level=WARNING']
2023-11-26 20:13:29;UNIUSDT;30m;2.5;200;30;80;100.0;6;95.68;['-batch-training', '-calc-rsi', '-verbose', '-prediction-mode=index', '-interval-list=30m', '-range-min-rsi=28', '-range-max-rsi=80', '-range-p-ema=50,250', '-target-margin-list=1.0,1.5,2.0,2.5,3.0,3.5,4.0,4.5,5.0', '-log-level=WARNING']
2023-11-26 20:26:07;UNIUSDT;30m;2.5;225;30;80;100.0;6;95.68;['-batch-training', '-calc-rsi', '-verbose', '-prediction-mode=index', '-interval-list=30m', '-range-min-rsi=28', '-range-max-rsi=80', '-range-p-ema=50,250', '-target-margin-list=1.0,1.5,2.0,2.5,3.0,3.5,4.0,4.5,5.0', '-log-level=WARNING']
2023-11-26 19:41:10;UNIUSDT;30m;2.5;125;30;80;100.0;6;95.68;['-batch-training', '-calc-rsi', '-verbose', '-prediction-mode=index', '-interval-list=30m', '-range-min-rsi=28', '-range-max-rsi=80', '-range-p-ema=50,250', '-target-margin-list=1.0,1.5,2.0,2.5,3.0,3.5,4.0,4.5,5.0', '-log-level=WARNING']
2023-11-26 19:29:41;UNIUSDT;30m;2.5;100;30;80;100.0;6;95.68;['-batch-training', '-calc-rsi', '-verbose', '-prediction-mode=index', '-interval-list=30m', '-range-min-rsi=28', '-range-max-rsi=80', '-range-p-ema=50,250', '-target-margin-list=1.0,1.5,2.0,2.5,3.0,3.5,4.0,4.5,5.0', '-log-level=WARNING']
2023-11-26 19:52:40;UNIUSDT;30m;2.5;150;30;80;100.0;6;95.68;['-batch-training', '-calc-rsi', '-verbose', '-prediction-mode=index', '-interval-list=30m', '-range-min-rsi=28', '-range-max-rsi=80', '-range-p-ema=50,250', '-target-margin-list=1.0,1.5,2.0,2.5,3.0,3.5,4.0,4.5,5.0', '-log-level=WARNING']
2023-11-26 20:53:38;UNIUSDT;30m;2.5;50;30;80;100.0;6;95.68;['-batch-training', '-calc-rsi', '-verbose', '-prediction-mode=index', '-interval-list=30m', '-range-min-rsi=28', '-range-max-rsi=80', '-range-p-ema=50,250', '-target-margin-list=1.0,1.5,2.0,2.5,3.0,3.5,4.0,4.5,5.0', '-log-level=WARNING']
2023-11-26 21:09:05;UNIUSDT;30m;2.5;75;30;80;100.0;6;95.68;['-batch-training', '-calc-rsi', '-verbose', '-prediction-mode=index', '-interval-list=30m', '-range-min-rsi=28', '-range-max-rsi=80', '-range-p-ema=50,250', '-target-margin-list=1.0,1.5,2.0,2.5,3.0,3.5,4.0,4.5,5.0', '-log-level=WARNING']
2023-11-26 20:39:25;UNIUSDT;30m;2.5;250;30;80;100.0;6;95.68;['-batch-training', '-calc-rsi', '-verbose', '-prediction-mode=index', '-interval-list=30m', '-range-min-rsi=28', '-range-max-rsi=80', '-range-p-ema=50,250', '-target-margin-list=1.0,1.5,2.0,2.5,3.0,3.5,4.0,4.5,5.0', '-log-level=WARNING']
2023-11-26 20:37:19;UNIUSDT;30m;2.0;250;30;76;100.0;6;95.73;['-batch-training', '-calc-rsi', '-verbose', '-prediction-mode=index', '-interval-list=30m', '-range-min-rsi=28', '-range-max-rsi=80', '-range-p-ema=50,250', '-target-margin-list=1.0,1.5,2.0,2.5,3.0,3.5,4.0,4.5,5.0', '-log-level=WARNING']
2023-11-26 19:54:05;UNIUSDT;30m;3.5;150;32;72;100.0;4;95.81;['-batch-training', '-calc-rsi', '-verbose', '-prediction-mode=index', '-interval-list=30m', '-range-min-rsi=28', '-range-max-rsi=80', '-range-p-ema=50,250', '-target-margin-list=1.0,1.5,2.0,2.5,3.0,3.5,4.0,4.5,5.0', '-log-level=WARNING']
2023-11-26 20:04:13;UNIUSDT;30m;3.5;175;32;72;100.0;4;95.81;['-batch-training', '-calc-rsi', '-verbose', '-prediction-mode=index', '-interval-list=30m', '-range-min-rsi=28', '-range-max-rsi=80', '-range-p-ema=50,250', '-target-margin-list=1.0,1.5,2.0,2.5,3.0,3.5,4.0,4.5,5.0', '-log-level=WARNING']
2023-11-26 20:15:09;UNIUSDT;30m;3.5;200;32;72;100.0;4;95.81;['-batch-training', '-calc-rsi', '-verbose', '-prediction-mode=index', '-interval-list=30m', '-range-min-rsi=28', '-range-max-rsi=80', '-range-p-ema=50,250', '-target-margin-list=1.0,1.5,2.0,2.5,3.0,3.5,4.0,4.5,5.0', '-log-level=WARNING']
2023-11-26 20:27:55;UNIUSDT;30m;3.5;225;32;72;100.0;4;95.81;['-batch-training', '-calc-rsi', '-verbose', '-prediction-mode=index', '-interval-list=30m', '-range-min-rsi=28', '-range-max-rsi=80', '-range-p-ema=50,250', '-target-margin-list=1.0,1.5,2.0,2.5,3.0,3.5,4.0,4.5,5.0', '-log-level=WARNING']
2023-11-26 20:23:25;UNIUSDT;30m;1.5;225;36;80;100.0;3;95.81;['-batch-training', '-calc-rsi', '-verbose', '-prediction-mode=index', '-interval-list=30m', '-range-min-rsi=28', '-range-max-rsi=80', '-range-p-ema=50,250', '-target-margin-list=1.0,1.5,2.0,2.5,3.0,3.5,4.0,4.5,5.0', '-log-level=WARNING']
2023-11-26 20:36:21;UNIUSDT;30m;1.5;250;28;80;100.0;3;95.84;['-batch-training', '-calc-rsi', '-verbose', '-prediction-mode=index', '-interval-list=30m', '-range-min-rsi=28', '-range-max-rsi=80', '-range-p-ema=50,250', '-target-margin-list=1.0,1.5,2.0,2.5,3.0,3.5,4.0,4.5,5.0', '-log-level=WARNING']
2023-11-26 20:05:12;UNIUSDT;30m;3.5;175;36;80;100.0;5;95.87;['-batch-training', '-calc-rsi', '-verbose', '-prediction-mode=index', '-interval-list=30m', '-range-min-rsi=28', '-range-max-rsi=80', '-range-p-ema=50,250', '-target-margin-list=1.0,1.5,2.0,2.5,3.0,3.5,4.0,4.5,5.0', '-log-level=WARNING']
2023-11-26 20:21:54;UNIUSDT;30m;1.0;225;34;80;100.0;3;95.87;['-batch-training', '-calc-rsi', '-verbose', '-prediction-mode=index', '-interval-list=30m', '-range-min-rsi=28', '-range-max-rsi=80', '-range-p-ema=50,250', '-target-margin-list=1.0,1.5,2.0,2.5,3.0,3.5,4.0,4.5,5.0', '-log-level=WARNING']
2023-11-26 20:48:45;UNIUSDT;30m;1.0;50;30;80;100.0;7;95.87;['-batch-training', '-calc-rsi', '-verbose', '-prediction-mode=index', '-interval-list=30m', '-range-min-rsi=28', '-range-max-rsi=80', '-range-p-ema=50,250', '-target-margin-list=1.0,1.5,2.0,2.5,3.0,3.5,4.0,4.5,5.0', '-log-level=WARNING']
2023-11-26 19:55:05;UNIUSDT;30m;3.5;150;36;80;100.0;5;95.87;['-batch-training', '-calc-rsi', '-verbose', '-prediction-mode=index', '-interval-list=30m', '-range-min-rsi=28', '-range-max-rsi=80', '-range-p-ema=50,250', '-target-margin-list=1.0,1.5,2.0,2.5,3.0,3.5,4.0,4.5,5.0', '-log-level=WARNING']
2023-11-26 19:37:17;UNIUSDT;30m;1.0;125;30;80;100.0;7;95.87;['-batch-training', '-calc-rsi', '-verbose', '-prediction-mode=index', '-interval-list=30m', '-range-min-rsi=28', '-range-max-rsi=80', '-range-p-ema=50,250', '-target-margin-list=1.0,1.5,2.0,2.5,3.0,3.5,4.0,4.5,5.0', '-log-level=WARNING']
2023-11-26 19:48:49;UNIUSDT;30m;1.0;150;30;80;100.0;7;95.87;['-batch-training', '-calc-rsi', '-verbose', '-prediction-mode=index', '-interval-list=30m', '-range-min-rsi=28', '-range-max-rsi=80', '-range-p-ema=50,250', '-target-margin-list=1.0,1.5,2.0,2.5,3.0,3.5,4.0,4.5,5.0', '-log-level=WARNING']
2023-11-26 20:16:20;UNIUSDT;30m;3.5;200;36;80;100.0;5;95.87;['-batch-training', '-calc-rsi', '-verbose', '-prediction-mode=index', '-interval-list=30m', '-range-min-rsi=28', '-range-max-rsi=80', '-range-p-ema=50,250', '-target-margin-list=1.0,1.5,2.0,2.5,3.0,3.5,4.0,4.5,5.0', '-log-level=WARNING']
2023-11-26 19:25:48;UNIUSDT;30m;1.0;100;30;80;100.0;7;95.87;['-batch-training', '-calc-rsi', '-verbose', '-prediction-mode=index', '-interval-list=30m', '-range-min-rsi=28', '-range-max-rsi=80', '-range-p-ema=50,250', '-target-margin-list=1.0,1.5,2.0,2.5,3.0,3.5,4.0,4.5,5.0', '-log-level=WARNING']
2023-11-26 21:03:40;UNIUSDT;30m;1.0;75;30;80;100.0;7;95.87;['-batch-training', '-calc-rsi', '-verbose', '-prediction-mode=index', '-interval-list=30m', '-range-min-rsi=28', '-range-max-rsi=80', '-range-p-ema=50,250', '-target-margin-list=1.0,1.5,2.0,2.5,3.0,3.5,4.0,4.5,5.0', '-log-level=WARNING']
2023-11-26 20:12:50;UNIUSDT;30m;2.5;200;36;74;100.0;6;95.88;['-batch-training', '-calc-rsi', '-verbose', '-prediction-mode=index', '-interval-list=30m', '-range-min-rsi=28', '-range-max-rsi=80', '-range-p-ema=50,250', '-target-margin-list=1.0,1.5,2.0,2.5,3.0,3.5,4.0,4.5,5.0', '-log-level=WARNING']
2023-11-26 19:49:49;UNIUSDT;30m;1.5;150;28;78;100.0;3;95.89;['-batch-training', '-calc-rsi', '-verbose', '-prediction-mode=index', '-interval-list=30m', '-range-min-rsi=28', '-range-max-rsi=80', '-range-p-ema=50,250', '-target-margin-list=1.0,1.5,2.0,2.5,3.0,3.5,4.0,4.5,5.0', '-log-level=WARNING']
2023-11-26 19:26:48;UNIUSDT;30m;1.5;100;28;78;100.0;3;95.89;['-batch-training', '-calc-rsi', '-verbose', '-prediction-mode=index', '-interval-list=30m', '-range-min-rsi=28', '-range-max-rsi=80', '-range-p-ema=50,250', '-target-margin-list=1.0,1.5,2.0,2.5,3.0,3.5,4.0,4.5,5.0', '-log-level=WARNING']
2023-11-26 20:10:31;UNIUSDT;30m;1.5;200;28;78;100.0;3;95.89;['-batch-training', '-calc-rsi', '-verbose', '-prediction-mode=index', '-interval-list=30m', '-range-min-rsi=28', '-range-max-rsi=80', '-range-p-ema=50,250', '-target-margin-list=1.0,1.5,2.0,2.5,3.0,3.5,4.0,4.5,5.0', '-log-level=WARNING']
2023-11-26 20:22:53;UNIUSDT;30m;1.5;225;28;78;100.0;3;95.89;['-batch-training', '-calc-rsi', '-verbose', '-prediction-mode=index', '-interval-list=30m', '-range-min-rsi=28', '-range-max-rsi=80', '-range-p-ema=50,250', '-target-margin-list=1.0,1.5,2.0,2.5,3.0,3.5,4.0,4.5,5.0', '-log-level=WARNING']
2023-11-26 20:00:21;UNIUSDT;30m;1.5;175;28;78;100.0;3;95.89;['-batch-training', '-calc-rsi', '-verbose', '-prediction-mode=index', '-interval-list=30m', '-range-min-rsi=28', '-range-max-rsi=80', '-range-p-ema=50,250', '-target-margin-list=1.0,1.5,2.0,2.5,3.0,3.5,4.0,4.5,5.0', '-log-level=WARNING']
2023-11-26 19:38:17;UNIUSDT;30m;1.5;125;28;78;100.0;3;95.89;['-batch-training', '-calc-rsi', '-verbose', '-prediction-mode=index', '-interval-list=30m', '-range-min-rsi=28', '-range-max-rsi=80', '-range-p-ema=50,250', '-target-margin-list=1.0,1.5,2.0,2.5,3.0,3.5,4.0,4.5,5.0', '-log-level=WARNING']
2023-11-26 21:05:01;UNIUSDT;30m;1.5;75;28;78;100.0;3;95.89;['-batch-training', '-calc-rsi', '-verbose', '-prediction-mode=index', '-interval-list=30m', '-range-min-rsi=28', '-range-max-rsi=80', '-range-p-ema=50,250', '-target-margin-list=1.0,1.5,2.0,2.5,3.0,3.5,4.0,4.5,5.0', '-log-level=WARNING']
2023-11-26 20:49:59;UNIUSDT;30m;1.5;50;28;78;100.0;3;95.89;['-batch-training', '-calc-rsi', '-verbose', '-prediction-mode=index', '-interval-list=30m', '-range-min-rsi=28', '-range-max-rsi=80', '-range-p-ema=50,250', '-target-margin-list=1.0,1.5,2.0,2.5,3.0,3.5,4.0,4.5,5.0', '-log-level=WARNING']
2023-11-26 20:26:04;UNIUSDT;30m;2.5;225;28;80;100.0;5;95.92;['-batch-training', '-calc-rsi', '-verbose', '-prediction-mode=index', '-interval-list=30m', '-range-min-rsi=28', '-range-max-rsi=80', '-range-p-ema=50,250', '-target-margin-list=1.0,1.5,2.0,2.5,3.0,3.5,4.0,4.5,5.0', '-log-level=WARNING']
2023-11-26 19:41:07;UNIUSDT;30m;2.5;125;28;80;100.0;5;95.92;['-batch-training', '-calc-rsi', '-verbose', '-prediction-mode=index', '-interval-list=30m', '-range-min-rsi=28', '-range-max-rsi=80', '-range-p-ema=50,250', '-target-margin-list=1.0,1.5,2.0,2.5,3.0,3.5,4.0,4.5,5.0', '-log-level=WARNING']
2023-11-26 20:02:49;UNIUSDT;30m;2.5;175;28;80;100.0;5;95.92;['-batch-training', '-calc-rsi', '-verbose', '-prediction-mode=index', '-interval-list=30m', '-range-min-rsi=28', '-range-max-rsi=80', '-range-p-ema=50,250', '-target-margin-list=1.0,1.5,2.0,2.5,3.0,3.5,4.0,4.5,5.0', '-log-level=WARNING']
2023-11-26 19:52:38;UNIUSDT;30m;2.5;150;28;80;100.0;5;95.92;['-batch-training', '-calc-rsi', '-verbose', '-prediction-mode=index', '-interval-list=30m', '-range-min-rsi=28', '-range-max-rsi=80', '-range-p-ema=50,250', '-target-margin-list=1.0,1.5,2.0,2.5,3.0,3.5,4.0,4.5,5.0', '-log-level=WARNING']
2023-11-26 20:39:22;UNIUSDT;30m;2.5;250;28;80;100.0;5;95.92;['-batch-training', '-calc-rsi', '-verbose', '-prediction-mode=index', '-interval-list=30m', '-range-min-rsi=28', '-range-max-rsi=80', '-range-p-ema=50,250', '-target-margin-list=1.0,1.5,2.0,2.5,3.0,3.5,4.0,4.5,5.0', '-log-level=WARNING']
2023-11-26 20:53:34;UNIUSDT;30m;2.5;50;28;80;100.0;5;95.92;['-batch-training', '-calc-rsi', '-verbose', '-prediction-mode=index', '-interval-list=30m', '-range-min-rsi=28', '-range-max-rsi=80', '-range-p-ema=50,250', '-target-margin-list=1.0,1.5,2.0,2.5,3.0,3.5,4.0,4.5,5.0', '-log-level=WARNING']
2023-11-26 20:13:26;UNIUSDT;30m;2.5;200;28;80;100.0;5;95.92;['-batch-training', '-calc-rsi', '-verbose', '-prediction-mode=index', '-interval-list=30m', '-range-min-rsi=28', '-range-max-rsi=80', '-range-p-ema=50,250', '-target-margin-list=1.0,1.5,2.0,2.5,3.0,3.5,4.0,4.5,5.0', '-log-level=WARNING']
2023-11-26 20:26:00;UNIUSDT;30m;2.5;225;36;78;100.0;5;95.92;['-batch-training', '-calc-rsi', '-verbose', '-prediction-mode=index', '-interval-list=30m', '-range-min-rsi=28', '-range-max-rsi=80', '-range-p-ema=50,250', '-target-margin-list=1.0,1.5,2.0,2.5,3.0,3.5,4.0,4.5,5.0', '-log-level=WARNING']
2023-11-26 21:09:01;UNIUSDT;30m;2.5;75;28;80;100.0;5;95.92;['-batch-training', '-calc-rsi', '-verbose', '-prediction-mode=index', '-interval-list=30m', '-range-min-rsi=28', '-range-max-rsi=80', '-range-p-ema=50,250', '-target-margin-list=1.0,1.5,2.0,2.5,3.0,3.5,4.0,4.5,5.0', '-log-level=WARNING']
2023-11-26 19:29:38;UNIUSDT;30m;2.5;100;28;80;100.0;5;95.92;['-batch-training', '-calc-rsi', '-verbose', '-prediction-mode=index', '-interval-list=30m', '-range-min-rsi=28', '-range-max-rsi=80', '-range-p-ema=50,250', '-target-margin-list=1.0,1.5,2.0,2.5,3.0,3.5,4.0,4.5,5.0', '-log-level=WARNING']
2023-11-26 19:26:14;UNIUSDT;30m;1.5;100;36;72;100.0;2;95.93;['-batch-training', '-calc-rsi', '-verbose', '-prediction-mode=index', '-interval-list=30m', '-range-min-rsi=28', '-range-max-rsi=80', '-range-p-ema=50,250', '-target-margin-list=1.0,1.5,2.0,2.5,3.0,3.5,4.0,4.5,5.0', '-log-level=WARNING']
2023-11-26 19:37:42;UNIUSDT;30m;1.5;125;36;72;100.0;2;95.93;['-batch-training', '-calc-rsi', '-verbose', '-prediction-mode=index', '-interval-list=30m', '-range-min-rsi=28', '-range-max-rsi=80', '-range-p-ema=50,250', '-target-margin-list=1.0,1.5,2.0,2.5,3.0,3.5,4.0,4.5,5.0', '-log-level=WARNING']
2023-11-26 19:58:38;UNIUSDT;30m;1.0;175;34;72;100.0;6;95.96;['-batch-training', '-calc-rsi', '-verbose', '-prediction-mode=index', '-interval-list=30m', '-range-min-rsi=28', '-range-max-rsi=80', '-range-p-ema=50,250', '-target-margin-list=1.0,1.5,2.0,2.5,3.0,3.5,4.0,4.5,5.0', '-log-level=WARNING']
2023-11-26 19:28:21;UNIUSDT;30m;2.0;100;28;80;100.0;4;95.97;['-batch-training', '-calc-rsi', '-verbose', '-prediction-mode=index', '-interval-list=30m', '-range-min-rsi=28', '-range-max-rsi=80', '-range-p-ema=50,250', '-target-margin-list=1.0,1.5,2.0,2.5,3.0,3.5,4.0,4.5,5.0', '-log-level=WARNING']
2023-11-26 19:51:22;UNIUSDT;30m;2.0;150;28;80;100.0;4;95.97;['-batch-training', '-calc-rsi', '-verbose', '-prediction-mode=index', '-interval-list=30m', '-range-min-rsi=28', '-range-max-rsi=80', '-range-p-ema=50,250', '-target-margin-list=1.0,1.5,2.0,2.5,3.0,3.5,4.0,4.5,5.0', '-log-level=WARNING']
2023-11-26 20:51:55;UNIUSDT;30m;2.0;50;28;80;100.0;4;95.97;['-batch-training', '-calc-rsi', '-verbose', '-prediction-mode=index', '-interval-list=30m', '-range-min-rsi=28', '-range-max-rsi=80', '-range-p-ema=50,250', '-target-margin-list=1.0,1.5,2.0,2.5,3.0,3.5,4.0,4.5,5.0', '-log-level=WARNING']
2023-11-26 21:07:11;UNIUSDT;30m;2.0;75;28;80;100.0;4;95.97;['-batch-training', '-calc-rsi', '-verbose', '-prediction-mode=index', '-interval-list=30m', '-range-min-rsi=28', '-range-max-rsi=80', '-range-p-ema=50,250', '-target-margin-list=1.0,1.5,2.0,2.5,3.0,3.5,4.0,4.5,5.0', '-log-level=WARNING']
2023-11-26 19:39:50;UNIUSDT;30m;2.0;125;28;80;100.0;4;95.97;['-batch-training', '-calc-rsi', '-verbose', '-prediction-mode=index', '-interval-list=30m', '-range-min-rsi=28', '-range-max-rsi=80', '-range-p-ema=50,250', '-target-margin-list=1.0,1.5,2.0,2.5,3.0,3.5,4.0,4.5,5.0', '-log-level=WARNING']
2023-11-26 20:24:37;UNIUSDT;30m;2.0;225;28;80;100.0;4;95.97;['-batch-training', '-calc-rsi', '-verbose', '-prediction-mode=index', '-interval-list=30m', '-range-min-rsi=28', '-range-max-rsi=80', '-range-p-ema=50,250', '-target-margin-list=1.0,1.5,2.0,2.5,3.0,3.5,4.0,4.5,5.0', '-log-level=WARNING']
2023-11-26 20:12:06;UNIUSDT;30m;2.0;200;28;80;100.0;4;95.97;['-batch-training', '-calc-rsi', '-verbose', '-prediction-mode=index', '-interval-list=30m', '-range-min-rsi=28', '-range-max-rsi=80', '-range-p-ema=50,250', '-target-margin-list=1.0,1.5,2.0,2.5,3.0,3.5,4.0,4.5,5.0', '-log-level=WARNING']
2023-11-26 20:08:41;UNIUSDT;30m;1.0;200;34;72;100.0;6;95.97;['-batch-training', '-calc-rsi', '-verbose', '-prediction-mode=index', '-interval-list=30m', '-range-min-rsi=28', '-range-max-rsi=80', '-range-p-ema=50,250', '-target-margin-list=1.0,1.5,2.0,2.5,3.0,3.5,4.0,4.5,5.0', '-log-level=WARNING']
2023-11-26 20:01:42;UNIUSDT;30m;2.0;175;28;80;100.0;4;95.97;['-batch-training', '-calc-rsi', '-verbose', '-prediction-mode=index', '-interval-list=30m', '-range-min-rsi=28', '-range-max-rsi=80', '-range-p-ema=50,250', '-target-margin-list=1.0,1.5,2.0,2.5,3.0,3.5,4.0,4.5,5.0', '-log-level=WARNING']
2023-11-26 19:50:54;UNIUSDT;30m;2.0;150;30;76;100.0;6;96.03;['-batch-training', '-calc-rsi', '-verbose', '-prediction-mode=index', '-interval-list=30m', '-range-min-rsi=28', '-range-max-rsi=80', '-range-p-ema=50,250', '-target-margin-list=1.0,1.5,2.0,2.5,3.0,3.5,4.0,4.5,5.0', '-log-level=WARNING']
2023-11-26 20:51:21;UNIUSDT;30m;2.0;50;30;76;100.0;6;96.03;['-batch-training', '-calc-rsi', '-verbose', '-prediction-mode=index', '-interval-list=30m', '-range-min-rsi=28', '-range-max-rsi=80', '-range-p-ema=50,250', '-target-margin-list=1.0,1.5,2.0,2.5,3.0,3.5,4.0,4.5,5.0', '-log-level=WARNING']
2023-11-26 21:06:32;UNIUSDT;30m;2.0;75;30;76;100.0;6;96.03;['-batch-training', '-calc-rsi', '-verbose', '-prediction-mode=index', '-interval-list=30m', '-range-min-rsi=28', '-range-max-rsi=80', '-range-p-ema=50,250', '-target-margin-list=1.0,1.5,2.0,2.5,3.0,3.5,4.0,4.5,5.0', '-log-level=WARNING']
2023-11-26 20:24:06;UNIUSDT;30m;2.0;225;30;76;100.0;6;96.03;['-batch-training', '-calc-rsi', '-verbose', '-prediction-mode=index', '-interval-list=30m', '-range-min-rsi=28', '-range-max-rsi=80', '-range-p-ema=50,250', '-target-margin-list=1.0,1.5,2.0,2.5,3.0,3.5,4.0,4.5,5.0', '-log-level=WARNING']
2023-11-26 19:39:22;UNIUSDT;30m;2.0;125;30;76;100.0;6;96.03;['-batch-training', '-calc-rsi', '-verbose', '-prediction-mode=index', '-interval-list=30m', '-range-min-rsi=28', '-range-max-rsi=80', '-range-p-ema=50,250', '-target-margin-list=1.0,1.5,2.0,2.5,3.0,3.5,4.0,4.5,5.0', '-log-level=WARNING']
2023-11-26 20:11:37;UNIUSDT;30m;2.0;200;30;76;100.0;6;96.03;['-batch-training', '-calc-rsi', '-verbose', '-prediction-mode=index', '-interval-list=30m', '-range-min-rsi=28', '-range-max-rsi=80', '-range-p-ema=50,250', '-target-margin-list=1.0,1.5,2.0,2.5,3.0,3.5,4.0,4.5,5.0', '-log-level=WARNING']
2023-11-26 20:01:18;UNIUSDT;30m;2.0;175;30;76;100.0;6;96.03;['-batch-training', '-calc-rsi', '-verbose', '-prediction-mode=index', '-interval-list=30m', '-range-min-rsi=28', '-range-max-rsi=80', '-range-p-ema=50,250', '-target-margin-list=1.0,1.5,2.0,2.5,3.0,3.5,4.0,4.5,5.0', '-log-level=WARNING']
2023-11-26 19:27:53;UNIUSDT;30m;2.0;100;30;76;100.0;6;96.03;['-batch-training', '-calc-rsi', '-verbose', '-prediction-mode=index', '-interval-list=30m', '-range-min-rsi=28', '-range-max-rsi=80', '-range-p-ema=50,250', '-target-margin-list=1.0,1.5,2.0,2.5,3.0,3.5,4.0,4.5,5.0', '-log-level=WARNING']
2023-11-26 19:36:55;UNIUSDT;30m;1.0;125;36;76;100.0;3;96.08;['-batch-training', '-calc-rsi', '-verbose', '-prediction-mode=index', '-interval-list=30m', '-range-min-rsi=28', '-range-max-rsi=80', '-range-p-ema=50,250', '-target-margin-list=1.0,1.5,2.0,2.5,3.0,3.5,4.0,4.5,5.0', '-log-level=WARNING']
2023-11-26 19:25:26;UNIUSDT;30m;1.0;100;36;76;100.0;3;96.08;['-batch-training', '-calc-rsi', '-verbose', '-prediction-mode=index', '-interval-list=30m', '-range-min-rsi=28', '-range-max-rsi=80', '-range-p-ema=50,250', '-target-margin-list=1.0,1.5,2.0,2.5,3.0,3.5,4.0,4.5,5.0', '-log-level=WARNING']
2023-11-26 20:23:59;UNIUSDT;30m;2.0;225;36;74;100.0;2;96.1;['-batch-training', '-calc-rsi', '-verbose', '-prediction-mode=index', '-interval-list=30m', '-range-min-rsi=28', '-range-max-rsi=80', '-range-p-ema=50,250', '-target-margin-list=1.0,1.5,2.0,2.5,3.0,3.5,4.0,4.5,5.0', '-log-level=WARNING']
2023-11-26 21:04:26;UNIUSDT;30m;1.5;75;32;74;100.0;7;96.12;['-batch-training', '-calc-rsi', '-verbose', '-prediction-mode=index', '-interval-list=30m', '-range-min-rsi=28', '-range-max-rsi=80', '-range-p-ema=50,250', '-target-margin-list=1.0,1.5,2.0,2.5,3.0,3.5,4.0,4.5,5.0', '-log-level=WARNING']
2023-11-26 20:49:28;UNIUSDT;30m;1.5;50;32;74;100.0;7;96.12;['-batch-training', '-calc-rsi', '-verbose', '-prediction-mode=index', '-interval-list=30m', '-range-min-rsi=28', '-range-max-rsi=80', '-range-p-ema=50,250', '-target-margin-list=1.0,1.5,2.0,2.5,3.0,3.5,4.0,4.5,5.0', '-log-level=WARNING']
2023-11-26 19:37:52;UNIUSDT;30m;1.5;125;32;74;100.0;7;96.12;['-batch-training', '-calc-rsi', '-verbose', '-prediction-mode=index', '-interval-list=30m', '-range-min-rsi=28', '-range-max-rsi=80', '-range-p-ema=50,250', '-target-margin-list=1.0,1.5,2.0,2.5,3.0,3.5,4.0,4.5,5.0', '-log-level=WARNING']
2023-11-26 19:26:23;UNIUSDT;30m;1.5;100;32;74;100.0;7;96.12;['-batch-training', '-calc-rsi', '-verbose', '-prediction-mode=index', '-interval-list=30m', '-range-min-rsi=28', '-range-max-rsi=80', '-range-p-ema=50,250', '-target-margin-list=1.0,1.5,2.0,2.5,3.0,3.5,4.0,4.5,5.0', '-log-level=WARNING']
2023-11-26 20:33:43;UNIUSDT;30m;1.0;250;30;72;100.0;7;96.15;['-batch-training', '-calc-rsi', '-verbose', '-prediction-mode=index', '-interval-list=30m', '-range-min-rsi=28', '-range-max-rsi=80', '-range-p-ema=50,250', '-target-margin-list=1.0,1.5,2.0,2.5,3.0,3.5,4.0,4.5,5.0', '-log-level=WARNING']
2023-11-26 20:40:36;UNIUSDT;30m;3.0;250;28;78;100.0;4;96.16;['-batch-training', '-calc-rsi', '-verbose', '-prediction-mode=index', '-interval-list=30m', '-range-min-rsi=28', '-range-max-rsi=80', '-range-p-ema=50,250', '-target-margin-list=1.0,1.5,2.0,2.5,3.0,3.5,4.0,4.5,5.0', '-log-level=WARNING']
2023-11-26 20:27:27;UNIUSDT;30m;3.0;225;36;78;100.0;4;96.16;['-batch-training', '-calc-rsi', '-verbose', '-prediction-mode=index', '-interval-list=30m', '-range-min-rsi=28', '-range-max-rsi=80', '-range-p-ema=50,250', '-target-margin-list=1.0,1.5,2.0,2.5,3.0,3.5,4.0,4.5,5.0', '-log-level=WARNING']
2023-11-26 20:39:18;UNIUSDT;30m;2.5;250;36;78;100.0;5;96.23;['-batch-training', '-calc-rsi', '-verbose', '-prediction-mode=index', '-interval-list=30m', '-range-min-rsi=28', '-range-max-rsi=80', '-range-p-ema=50,250', '-target-margin-list=1.0,1.5,2.0,2.5,3.0,3.5,4.0,4.5,5.0', '-log-level=WARNING']
2023-11-26 20:23:07;UNIUSDT;30m;1.5;225;36;78;100.0;3;96.24;['-batch-training', '-calc-rsi', '-verbose', '-prediction-mode=index', '-interval-list=30m', '-range-min-rsi=28', '-range-max-rsi=80', '-range-p-ema=50,250', '-target-margin-list=1.0,1.5,2.0,2.5,3.0,3.5,4.0,4.5,5.0', '-log-level=WARNING']
2023-11-26 20:23:04;UNIUSDT;30m;1.5;225;34;78;100.0;7;96.28;['-batch-training', '-calc-rsi', '-verbose', '-prediction-mode=index', '-interval-list=30m', '-range-min-rsi=28', '-range-max-rsi=80', '-range-p-ema=50,250', '-target-margin-list=1.0,1.5,2.0,2.5,3.0,3.5,4.0,4.5,5.0', '-log-level=WARNING']
2023-11-26 19:30:08;UNIUSDT;30m;3.0;100;28;74;100.0;4;96.29;['-batch-training', '-calc-rsi', '-verbose', '-prediction-mode=index', '-interval-list=30m', '-range-min-rsi=28', '-range-max-rsi=80', '-range-p-ema=50,250', '-target-margin-list=1.0,1.5,2.0,2.5,3.0,3.5,4.0,4.5,5.0', '-log-level=WARNING']
2023-11-26 21:09:42;UNIUSDT;30m;3.0;75;28;74;100.0;4;96.29;['-batch-training', '-calc-rsi', '-verbose', '-prediction-mode=index', '-interval-list=30m', '-range-min-rsi=28', '-range-max-rsi=80', '-range-p-ema=50,250', '-target-margin-list=1.0,1.5,2.0,2.5,3.0,3.5,4.0,4.5,5.0', '-log-level=WARNING']
2023-11-26 20:23:21;UNIUSDT;30m;1.5;225;34;80;100.0;3;96.29;['-batch-training', '-calc-rsi', '-verbose', '-prediction-mode=index', '-interval-list=30m', '-range-min-rsi=28', '-range-max-rsi=80', '-range-p-ema=50,250', '-target-margin-list=1.0,1.5,2.0,2.5,3.0,3.5,4.0,4.5,5.0', '-log-level=WARNING']
2023-11-26 19:54:51;UNIUSDT;30m;3.5;150;36;78;100.0;5;96.29;['-batch-training', '-calc-rsi', '-verbose', '-prediction-mode=index', '-interval-list=30m', '-range-min-rsi=28', '-range-max-rsi=80', '-range-p-ema=50,250', '-target-margin-list=1.0,1.5,2.0,2.5,3.0,3.5,4.0,4.5,5.0', '-log-level=WARNING']
2023-11-26 20:16:04;UNIUSDT;30m;3.5;200;36;78;100.0;5;96.29;['-batch-training', '-calc-rsi', '-verbose', '-prediction-mode=index', '-interval-list=30m', '-range-min-rsi=28', '-range-max-rsi=80', '-range-p-ema=50,250', '-target-margin-list=1.0,1.5,2.0,2.5,3.0,3.5,4.0,4.5,5.0', '-log-level=WARNING']
2023-11-26 20:03:16;UNIUSDT;30m;3.0;175;28;74;100.0;4;96.29;['-batch-training', '-calc-rsi', '-verbose', '-prediction-mode=index', '-interval-list=30m', '-range-min-rsi=28', '-range-max-rsi=80', '-range-p-ema=50,250', '-target-margin-list=1.0,1.5,2.0,2.5,3.0,3.5,4.0,4.5,5.0', '-log-level=WARNING']
2023-11-26 20:26:38;UNIUSDT;30m;3.0;225;28;74;100.0;4;96.29;['-batch-training', '-calc-rsi', '-verbose', '-prediction-mode=index', '-interval-list=30m', '-range-min-rsi=28', '-range-max-rsi=80', '-range-p-ema=50,250', '-target-margin-list=1.0,1.5,2.0,2.5,3.0,3.5,4.0,4.5,5.0', '-log-level=WARNING']
2023-11-26 20:04:59;UNIUSDT;30m;3.5;175;36;78;100.0;5;96.29;['-batch-training', '-calc-rsi', '-verbose', '-prediction-mode=index', '-interval-list=30m', '-range-min-rsi=28', '-range-max-rsi=80', '-range-p-ema=50,250', '-target-margin-list=1.0,1.5,2.0,2.5,3.0,3.5,4.0,4.5,5.0', '-log-level=WARNING']
2023-11-26 20:13:58;UNIUSDT;30m;3.0;200;28;74;100.0;4;96.29;['-batch-training', '-calc-rsi', '-verbose', '-prediction-mode=index', '-interval-list=30m', '-range-min-rsi=28', '-range-max-rsi=80', '-range-p-ema=50,250', '-target-margin-list=1.0,1.5,2.0,2.5,3.0,3.5,4.0,4.5,5.0', '-log-level=WARNING']
2023-11-26 19:41:38;UNIUSDT;30m;3.0;125;28;74;100.0;4;96.29;['-batch-training', '-calc-rsi', '-verbose', '-prediction-mode=index', '-interval-list=30m', '-range-min-rsi=28', '-range-max-rsi=80', '-range-p-ema=50,250', '-target-margin-list=1.0,1.5,2.0,2.5,3.0,3.5,4.0,4.5,5.0', '-log-level=WARNING']
2023-11-26 20:28:54;UNIUSDT;30m;3.5;225;36;78;100.0;5;96.29;['-batch-training', '-calc-rsi', '-verbose', '-prediction-mode=index', '-interval-list=30m', '-range-min-rsi=28', '-range-max-rsi=80', '-range-p-ema=50,250', '-target-margin-list=1.0,1.5,2.0,2.5,3.0,3.5,4.0,4.5,5.0', '-log-level=WARNING']
2023-11-26 19:53:05;UNIUSDT;30m;3.0;150;28;74;100.0;4;96.29;['-batch-training', '-calc-rsi', '-verbose', '-prediction-mode=index', '-interval-list=30m', '-range-min-rsi=28', '-range-max-rsi=80', '-range-p-ema=50,250', '-target-margin-list=1.0,1.5,2.0,2.5,3.0,3.5,4.0,4.5,5.0', '-log-level=WARNING']
2023-11-26 20:54:14;UNIUSDT;30m;3.0;50;28;74;100.0;4;96.29;['-batch-training', '-calc-rsi', '-verbose', '-prediction-mode=index', '-interval-list=30m', '-range-min-rsi=28', '-range-max-rsi=80', '-range-p-ema=50,250', '-target-margin-list=1.0,1.5,2.0,2.5,3.0,3.5,4.0,4.5,5.0', '-log-level=WARNING']
2023-11-26 20:22:28;UNIUSDT;30m;1.5;225;34;74;100.0;7;96.3;['-batch-training', '-calc-rsi', '-verbose', '-prediction-mode=index', '-interval-list=30m', '-range-min-rsi=28', '-range-max-rsi=80', '-range-p-ema=50,250', '-target-margin-list=1.0,1.5,2.0,2.5,3.0,3.5,4.0,4.5,5.0', '-log-level=WARNING']
2023-11-26 20:42:24;UNIUSDT;30m;3.5;250;36;78;100.0;5;96.31;['-batch-training', '-calc-rsi', '-verbose', '-prediction-mode=index', '-interval-list=30m', '-range-min-rsi=28', '-range-max-rsi=80', '-range-p-ema=50,250', '-target-margin-list=1.0,1.5,2.0,2.5,3.0,3.5,4.0,4.5,5.0', '-log-level=WARNING']
2023-11-26 20:29:12;UNIUSDT;30m;3.5;225;36;80;100.0;5;96.33;['-batch-training', '-calc-rsi', '-verbose', '-prediction-mode=index', '-interval-list=30m', '-range-min-rsi=28', '-range-max-rsi=80', '-range-p-ema=50,250', '-target-margin-list=1.0,1.5,2.0,2.5,3.0,3.5,4.0,4.5,5.0', '-log-level=WARNING']
2023-11-26 20:42:42;UNIUSDT;30m;3.5;250;36;80;100.0;5;96.35;['-batch-training', '-calc-rsi', '-verbose', '-prediction-mode=index', '-interval-list=30m', '-range-min-rsi=28', '-range-max-rsi=80', '-range-p-ema=50,250', '-target-margin-list=1.0,1.5,2.0,2.5,3.0,3.5,4.0,4.5,5.0', '-log-level=WARNING']
2023-11-26 19:41:04;UNIUSDT;30m;2.5;125;36;78;100.0;7;96.36;['-batch-training', '-calc-rsi', '-verbose', '-prediction-mode=index', '-interval-list=30m', '-range-min-rsi=28', '-range-max-rsi=80', '-range-p-ema=50,250', '-target-margin-list=1.0,1.5,2.0,2.5,3.0,3.5,4.0,4.5,5.0', '-log-level=WARNING']
2023-11-26 19:29:35;UNIUSDT;30m;2.5;100;36;78;100.0;7;96.36;['-batch-training', '-calc-rsi', '-verbose', '-prediction-mode=index', '-interval-list=30m', '-range-min-rsi=28', '-range-max-rsi=80', '-range-p-ema=50,250', '-target-margin-list=1.0,1.5,2.0,2.5,3.0,3.5,4.0,4.5,5.0', '-log-level=WARNING']
2023-11-26 21:08:56;UNIUSDT;30m;2.5;75;36;78;100.0;7;96.36;['-batch-training', '-calc-rsi', '-verbose', '-prediction-mode=index', '-interval-list=30m', '-range-min-rsi=28', '-range-max-rsi=80', '-range-p-ema=50,250', '-target-margin-list=1.0,1.5,2.0,2.5,3.0,3.5,4.0,4.5,5.0', '-log-level=WARNING']
2023-11-26 20:53:31;UNIUSDT;30m;2.5;50;36;78;100.0;7;96.36;['-batch-training', '-calc-rsi', '-verbose', '-prediction-mode=index', '-interval-list=30m', '-range-min-rsi=28', '-range-max-rsi=80', '-range-p-ema=50,250', '-target-margin-list=1.0,1.5,2.0,2.5,3.0,3.5,4.0,4.5,5.0', '-log-level=WARNING']
2023-11-26 20:20:30;UNIUSDT;30m;5.0;200;36;80;100.0;3;96.38;['-batch-training', '-calc-rsi', '-verbose', '-prediction-mode=index', '-interval-list=30m', '-range-min-rsi=28', '-range-max-rsi=80', '-range-p-ema=50,250', '-target-margin-list=1.0,1.5,2.0,2.5,3.0,3.5,4.0,4.5,5.0', '-log-level=WARNING']
2023-11-26 19:58:27;UNIUSDT;30m;5.0;150;36;80;100.0;3;96.38;['-batch-training', '-calc-rsi', '-verbose', '-prediction-mode=index', '-interval-list=30m', '-range-min-rsi=28', '-range-max-rsi=80', '-range-p-ema=50,250', '-target-margin-list=1.0,1.5,2.0,2.5,3.0,3.5,4.0,4.5,5.0', '-log-level=WARNING']
2023-11-26 20:08:29;UNIUSDT;30m;5.0;175;36;80;100.0;3;96.38;['-batch-training', '-calc-rsi', '-verbose', '-prediction-mode=index', '-interval-list=30m', '-range-min-rsi=28', '-range-max-rsi=80', '-range-p-ema=50,250', '-target-margin-list=1.0,1.5,2.0,2.5,3.0,3.5,4.0,4.5,5.0', '-log-level=WARNING']
2023-11-26 20:01:20;UNIUSDT;30m;2.0;175;32;76;100.0;5;96.43;['-batch-training', '-calc-rsi', '-verbose', '-prediction-mode=index', '-interval-list=30m', '-range-min-rsi=28', '-range-max-rsi=80', '-range-p-ema=50,250', '-target-margin-list=1.0,1.5,2.0,2.5,3.0,3.5,4.0,4.5,5.0', '-log-level=WARNING']
2023-11-26 19:50:57;UNIUSDT;30m;2.0;150;32;76;100.0;5;96.43;['-batch-training', '-calc-rsi', '-verbose', '-prediction-mode=index', '-interval-list=30m', '-range-min-rsi=28', '-range-max-rsi=80', '-range-p-ema=50,250', '-target-margin-list=1.0,1.5,2.0,2.5,3.0,3.5,4.0,4.5,5.0', '-log-level=WARNING']
2023-11-26 19:47:50;UNIUSDT;30m;1.0;150;32;72;100.0;6;96.47;['-batch-training', '-calc-rsi', '-verbose', '-prediction-mode=index', '-interval-list=30m', '-range-min-rsi=28', '-range-max-rsi=80', '-range-p-ema=50,250', '-target-margin-list=1.0,1.5,2.0,2.5,3.0,3.5,4.0,4.5,5.0', '-log-level=WARNING']
2023-11-26 19:58:38;UNIUSDT;30m;1.0;175;34;72;100.0;3;96.48;['-batch-training', '-calc-rsi', '-verbose', '-prediction-mode=index', '-interval-list=30m', '-range-min-rsi=28', '-range-max-rsi=80', '-range-p-ema=50,250', '-target-margin-list=1.0,1.5,2.0,2.5,3.0,3.5,4.0,4.5,5.0', '-log-level=WARNING']
2023-11-26 20:36:03;UNIUSDT;30m;1.5;250;28;78;100.0;3;96.48;['-batch-training', '-calc-rsi', '-verbose', '-prediction-mode=index', '-interval-list=30m', '-range-min-rsi=28', '-range-max-rsi=80', '-range-p-ema=50,250', '-target-margin-list=1.0,1.5,2.0,2.5,3.0,3.5,4.0,4.5,5.0', '-log-level=WARNING']
2023-11-26 20:37:37;UNIUSDT;30m;2.0;250;30;78;100.0;6;96.49;['-batch-training', '-calc-rsi', '-verbose', '-prediction-mode=index', '-interval-list=30m', '-range-min-rsi=28', '-range-max-rsi=80', '-range-p-ema=50,250', '-target-margin-list=1.0,1.5,2.0,2.5,3.0,3.5,4.0,4.5,5.0', '-log-level=WARNING']
2023-11-26 20:08:41;UNIUSDT;30m;1.0;200;34;72;100.0;3;96.5;['-batch-training', '-calc-rsi', '-verbose', '-prediction-mode=index', '-interval-list=30m', '-range-min-rsi=28', '-range-max-rsi=80', '-range-p-ema=50,250', '-target-margin-list=1.0,1.5,2.0,2.5,3.0,3.5,4.0,4.5,5.0', '-log-level=WARNING']
2023-11-26 20:39:48;UNIUSDT;30m;3.0;250;32;72;100.0;5;96.52;['-batch-training', '-calc-rsi', '-verbose', '-prediction-mode=index', '-interval-list=30m', '-range-min-rsi=28', '-range-max-rsi=80', '-range-p-ema=50,250', '-target-margin-list=1.0,1.5,2.0,2.5,3.0,3.5,4.0,4.5,5.0', '-log-level=WARNING']
2023-11-26 20:37:12;UNIUSDT;30m;2.0;250;36;74;100.0;2;96.52;['-batch-training', '-calc-rsi', '-verbose', '-prediction-mode=index', '-interval-list=30m', '-range-min-rsi=28', '-range-max-rsi=80', '-range-p-ema=50,250', '-target-margin-list=1.0,1.5,2.0,2.5,3.0,3.5,4.0,4.5,5.0', '-log-level=WARNING']
2023-11-26 19:38:48;UNIUSDT;30m;2.0;125;28;72;100.0;3;96.57;['-batch-training', '-calc-rsi', '-verbose', '-prediction-mode=index', '-interval-list=30m', '-range-min-rsi=28', '-range-max-rsi=80', '-range-p-ema=50,250', '-target-margin-list=1.0,1.5,2.0,2.5,3.0,3.5,4.0,4.5,5.0', '-log-level=WARNING']
2023-11-26 20:11:02;UNIUSDT;30m;2.0;200;28;72;100.0;3;96.57;['-batch-training', '-calc-rsi', '-verbose', '-prediction-mode=index', '-interval-list=30m', '-range-min-rsi=28', '-range-max-rsi=80', '-range-p-ema=50,250', '-target-margin-list=1.0,1.5,2.0,2.5,3.0,3.5,4.0,4.5,5.0', '-log-level=WARNING']
2023-11-26 19:27:19;UNIUSDT;30m;2.0;100;28;72;100.0;3;96.57;['-batch-training', '-calc-rsi', '-verbose', '-prediction-mode=index', '-interval-list=30m', '-range-min-rsi=28', '-range-max-rsi=80', '-range-p-ema=50,250', '-target-margin-list=1.0,1.5,2.0,2.5,3.0,3.5,4.0,4.5,5.0', '-log-level=WARNING']
2023-11-26 21:05:45;UNIUSDT;30m;2.0;75;28;72;100.0;3;96.57;['-batch-training', '-calc-rsi', '-verbose', '-prediction-mode=index', '-interval-list=30m', '-range-min-rsi=28', '-range-max-rsi=80', '-range-p-ema=50,250', '-target-margin-list=1.0,1.5,2.0,2.5,3.0,3.5,4.0,4.5,5.0', '-log-level=WARNING']
2023-11-26 20:50:37;UNIUSDT;30m;2.0;50;28;72;100.0;3;96.57;['-batch-training', '-calc-rsi', '-verbose', '-prediction-mode=index', '-interval-list=30m', '-range-min-rsi=28', '-range-max-rsi=80', '-range-p-ema=50,250', '-target-margin-list=1.0,1.5,2.0,2.5,3.0,3.5,4.0,4.5,5.0', '-log-level=WARNING']
2023-11-26 19:50:20;UNIUSDT;30m;2.0;150;28;72;100.0;3;96.57;['-batch-training', '-calc-rsi', '-verbose', '-prediction-mode=index', '-interval-list=30m', '-range-min-rsi=28', '-range-max-rsi=80', '-range-p-ema=50,250', '-target-margin-list=1.0,1.5,2.0,2.5,3.0,3.5,4.0,4.5,5.0', '-log-level=WARNING']
2023-11-26 20:00:48;UNIUSDT;30m;2.0;175;28;72;100.0;3;96.57;['-batch-training', '-calc-rsi', '-verbose', '-prediction-mode=index', '-interval-list=30m', '-range-min-rsi=28', '-range-max-rsi=80', '-range-p-ema=50,250', '-target-margin-list=1.0,1.5,2.0,2.5,3.0,3.5,4.0,4.5,5.0', '-log-level=WARNING']
2023-11-26 20:47:41;UNIUSDT;30m;1.0;50;36;72;100.0;2;96.62;['-batch-training', '-calc-rsi', '-verbose', '-prediction-mode=index', '-interval-list=30m', '-range-min-rsi=28', '-range-max-rsi=80', '-range-p-ema=50,250', '-target-margin-list=1.0,1.5,2.0,2.5,3.0,3.5,4.0,4.5,5.0', '-log-level=WARNING']
2023-11-26 20:40:17;UNIUSDT;30m;3.0;250;28;76;100.0;4;96.62;['-batch-training', '-calc-rsi', '-verbose', '-prediction-mode=index', '-interval-list=30m', '-range-min-rsi=28', '-range-max-rsi=80', '-range-p-ema=50,250', '-target-margin-list=1.0,1.5,2.0,2.5,3.0,3.5,4.0,4.5,5.0', '-log-level=WARNING']
2023-11-26 21:02:29;UNIUSDT;30m;1.0;75;36;72;100.0;2;96.62;['-batch-training', '-calc-rsi', '-verbose', '-prediction-mode=index', '-interval-list=30m', '-range-min-rsi=28', '-range-max-rsi=80', '-range-p-ema=50,250', '-target-margin-list=1.0,1.5,2.0,2.5,3.0,3.5,4.0,4.5,5.0', '-log-level=WARNING']
2023-11-26 20:37:22;UNIUSDT;30m;2.0;250;32;76;100.0;5;96.63;['-batch-training', '-calc-rsi', '-verbose', '-prediction-mode=index', '-interval-list=30m', '-range-min-rsi=28', '-range-max-rsi=80', '-range-p-ema=50,250', '-target-margin-list=1.0,1.5,2.0,2.5,3.0,3.5,4.0,4.5,5.0', '-log-level=WARNING']
2023-11-26 20:25:09;UNIUSDT;30m;2.5;225;36;72;100.0;6;96.65;['-batch-training', '-calc-rsi', '-verbose', '-prediction-mode=index', '-interval-list=30m', '-range-min-rsi=28', '-range-max-rsi=80', '-range-p-ema=50,250', '-target-margin-list=1.0,1.5,2.0,2.5,3.0,3.5,4.0,4.5,5.0', '-log-level=WARNING']
2023-11-26 20:08:36;UNIUSDT;30m;1.0;200;30;72;100.0;7;96.67;['-batch-training', '-calc-rsi', '-verbose', '-prediction-mode=index', '-interval-list=30m', '-range-min-rsi=28', '-range-max-rsi=80', '-range-p-ema=50,250', '-target-margin-list=1.0,1.5,2.0,2.5,3.0,3.5,4.0,4.5,5.0', '-log-level=WARNING']
2023-11-26 20:20:37;UNIUSDT;30m;1.0;225;30;72;100.0;7;96.67;['-batch-training', '-calc-rsi', '-verbose', '-prediction-mode=index', '-interval-list=30m', '-range-min-rsi=28', '-range-max-rsi=80', '-range-p-ema=50,250', '-target-margin-list=1.0,1.5,2.0,2.5,3.0,3.5,4.0,4.5,5.0', '-log-level=WARNING']
2023-11-26 19:58:33;UNIUSDT;30m;1.0;175;30;72;100.0;7;96.67;['-batch-training', '-calc-rsi', '-verbose', '-prediction-mode=index', '-interval-list=30m', '-range-min-rsi=28', '-range-max-rsi=80', '-range-p-ema=50,250', '-target-margin-list=1.0,1.5,2.0,2.5,3.0,3.5,4.0,4.5,5.0', '-log-level=WARNING']
2023-11-26 20:12:47;UNIUSDT;30m;2.5;200;34;74;100.0;6;96.7;['-batch-training', '-calc-rsi', '-verbose', '-prediction-mode=index', '-interval-list=30m', '-range-min-rsi=28', '-range-max-rsi=80', '-range-p-ema=50,250', '-target-margin-list=1.0,1.5,2.0,2.5,3.0,3.5,4.0,4.5,5.0', '-log-level=WARNING']
2023-11-26 21:08:13;UNIUSDT;30m;2.5;75;36;74;100.0;6;96.73;['-batch-training', '-calc-rsi', '-verbose', '-prediction-mode=index', '-interval-list=30m', '-range-min-rsi=28', '-range-max-rsi=80', '-range-p-ema=50,250', '-target-margin-list=1.0,1.5,2.0,2.5,3.0,3.5,4.0,4.5,5.0', '-log-level=WARNING']
2023-11-26 19:29:05;UNIUSDT;30m;2.5;100;36;74;100.0;6;96.73;['-batch-training', '-calc-rsi', '-verbose', '-prediction-mode=index', '-interval-list=30m', '-range-min-rsi=28', '-range-max-rsi=80', '-range-p-ema=50,250', '-target-margin-list=1.0,1.5,2.0,2.5,3.0,3.5,4.0,4.5,5.0', '-log-level=WARNING']
2023-11-26 19:40:34;UNIUSDT;30m;2.5;125;36;74;100.0;6;96.73;['-batch-training', '-calc-rsi', '-verbose', '-prediction-mode=index', '-interval-list=30m', '-range-min-rsi=28', '-range-max-rsi=80', '-range-p-ema=50,250', '-target-margin-list=1.0,1.5,2.0,2.5,3.0,3.5,4.0,4.5,5.0', '-log-level=WARNING']
2023-11-26 20:37:37;UNIUSDT;30m;2.0;250;30;78;100.0;4;96.73;['-batch-training', '-calc-rsi', '-verbose', '-prediction-mode=index', '-interval-list=30m', '-range-min-rsi=28', '-range-max-rsi=80', '-range-p-ema=50,250', '-target-margin-list=1.0,1.5,2.0,2.5,3.0,3.5,4.0,4.5,5.0', '-log-level=WARNING']
2023-11-26 20:08:58;UNIUSDT;30m;1.0;200;36;74;100.0;2;96.73;['-batch-training', '-calc-rsi', '-verbose', '-prediction-mode=index', '-interval-list=30m', '-range-min-rsi=28', '-range-max-rsi=80', '-range-p-ema=50,250', '-target-margin-list=1.0,1.5,2.0,2.5,3.0,3.5,4.0,4.5,5.0', '-log-level=WARNING']
2023-11-26 20:52:51;UNIUSDT;30m;2.5;50;36;74;100.0;6;96.73;['-batch-training', '-calc-rsi', '-verbose', '-prediction-mode=index', '-interval-list=30m', '-range-min-rsi=28', '-range-max-rsi=80', '-range-p-ema=50,250', '-target-margin-list=1.0,1.5,2.0,2.5,3.0,3.5,4.0,4.5,5.0', '-log-level=WARNING']
2023-11-26 20:05:02;UNIUSDT;30m;3.5;175;28;80;100.0;4;96.76;['-batch-training', '-calc-rsi', '-verbose', '-prediction-mode=index', '-interval-list=30m', '-range-min-rsi=28', '-range-max-rsi=80', '-range-p-ema=50,250', '-target-margin-list=1.0,1.5,2.0,2.5,3.0,3.5,4.0,4.5,5.0', '-log-level=WARNING']
2023-11-26 20:56:52;UNIUSDT;30m;3.5;50;28;80;100.0;4;96.76;['-batch-training', '-calc-rsi', '-verbose', '-prediction-mode=index', '-interval-list=30m', '-range-min-rsi=28', '-range-max-rsi=80', '-range-p-ema=50,250', '-target-margin-list=1.0,1.5,2.0,2.5,3.0,3.5,4.0,4.5,5.0', '-log-level=WARNING']
2023-11-26 19:43:39;UNIUSDT;30m;3.5;125;28;80;100.0;4;96.76;['-batch-training', '-calc-rsi', '-verbose', '-prediction-mode=index', '-interval-list=30m', '-range-min-rsi=28', '-range-max-rsi=80', '-range-p-ema=50,250', '-target-margin-list=1.0,1.5,2.0,2.5,3.0,3.5,4.0,4.5,5.0', '-log-level=WARNING']
2023-11-26 21:12:34;UNIUSDT;30m;3.5;75;28;80;100.0;4;96.76;['-batch-training', '-calc-rsi', '-verbose', '-prediction-mode=index', '-interval-list=30m', '-range-min-rsi=28', '-range-max-rsi=80', '-range-p-ema=50,250', '-target-margin-list=1.0,1.5,2.0,2.5,3.0,3.5,4.0,4.5,5.0', '-log-level=WARNING']
2023-11-26 19:54:54;UNIUSDT;30m;3.5;150;28;80;100.0;4;96.76;['-batch-training', '-calc-rsi', '-verbose', '-prediction-mode=index', '-interval-list=30m', '-range-min-rsi=28', '-range-max-rsi=80', '-range-p-ema=50,250', '-target-margin-list=1.0,1.5,2.0,2.5,3.0,3.5,4.0,4.5,5.0', '-log-level=WARNING']
2023-11-26 19:32:09;UNIUSDT;30m;3.5;100;28;80;100.0;4;96.76;['-batch-training', '-calc-rsi', '-verbose', '-prediction-mode=index', '-interval-list=30m', '-range-min-rsi=28', '-range-max-rsi=80', '-range-p-ema=50,250', '-target-margin-list=1.0,1.5,2.0,2.5,3.0,3.5,4.0,4.5,5.0', '-log-level=WARNING']
2023-11-26 20:16:08;UNIUSDT;30m;3.5;200;28;80;100.0;4;96.76;['-batch-training', '-calc-rsi', '-verbose', '-prediction-mode=index', '-interval-list=30m', '-range-min-rsi=28', '-range-max-rsi=80', '-range-p-ema=50,250', '-target-margin-list=1.0,1.5,2.0,2.5,3.0,3.5,4.0,4.5,5.0', '-log-level=WARNING']
2023-11-26 20:28:58;UNIUSDT;30m;3.5;225;28;80;100.0;4;96.76;['-batch-training', '-calc-rsi', '-verbose', '-prediction-mode=index', '-interval-list=30m', '-range-min-rsi=28', '-range-max-rsi=80', '-range-p-ema=50,250', '-target-margin-list=1.0,1.5,2.0,2.5,3.0,3.5,4.0,4.5,5.0', '-log-level=WARNING']
2023-11-26 20:42:27;UNIUSDT;30m;3.5;250;28;80;100.0;4;96.76;['-batch-training', '-calc-rsi', '-verbose', '-prediction-mode=index', '-interval-list=30m', '-range-min-rsi=28', '-range-max-rsi=80', '-range-p-ema=50,250', '-target-margin-list=1.0,1.5,2.0,2.5,3.0,3.5,4.0,4.5,5.0', '-log-level=WARNING']
2023-11-26 19:48:08;UNIUSDT;30m;1.0;150;34;74;100.0;2;96.77;['-batch-training', '-calc-rsi', '-verbose', '-prediction-mode=index', '-interval-list=30m', '-range-min-rsi=28', '-range-max-rsi=80', '-range-p-ema=50,250', '-target-margin-list=1.0,1.5,2.0,2.5,3.0,3.5,4.0,4.5,5.0', '-log-level=WARNING']
2023-11-26 20:11:53;UNIUSDT;30m;2.0;200;30;78;100.0;6;96.79;['-batch-training', '-calc-rsi', '-verbose', '-prediction-mode=index', '-interval-list=30m', '-range-min-rsi=28', '-range-max-rsi=80', '-range-p-ema=50,250', '-target-margin-list=1.0,1.5,2.0,2.5,3.0,3.5,4.0,4.5,5.0', '-log-level=WARNING']
2023-11-26 19:51:10;UNIUSDT;30m;2.0;150;30;78;100.0;6;96.79;['-batch-training', '-calc-rsi', '-verbose', '-prediction-mode=index', '-interval-list=30m', '-range-min-rsi=28', '-range-max-rsi=80', '-range-p-ema=50,250', '-target-margin-list=1.0,1.5,2.0,2.5,3.0,3.5,4.0,4.5,5.0', '-log-level=WARNING']
2023-11-26 19:39:38;UNIUSDT;30m;2.0;125;30;78;100.0;6;96.79;['-batch-training', '-calc-rsi', '-verbose', '-prediction-mode=index', '-interval-list=30m', '-range-min-rsi=28', '-range-max-rsi=80', '-range-p-ema=50,250', '-target-margin-list=1.0,1.5,2.0,2.5,3.0,3.5,4.0,4.5,5.0', '-log-level=WARNING']
2023-11-26 20:01:31;UNIUSDT;30m;2.0;175;30;78;100.0;6;96.79;['-batch-training', '-calc-rsi', '-verbose', '-prediction-mode=index', '-interval-list=30m', '-range-min-rsi=28', '-range-max-rsi=80', '-range-p-ema=50,250', '-target-margin-list=1.0,1.5,2.0,2.5,3.0,3.5,4.0,4.5,5.0', '-log-level=WARNING']
2023-11-26 19:28:08;UNIUSDT;30m;2.0;100;30;78;100.0;6;96.79;['-batch-training', '-calc-rsi', '-verbose', '-prediction-mode=index', '-interval-list=30m', '-range-min-rsi=28', '-range-max-rsi=80', '-range-p-ema=50,250', '-target-margin-list=1.0,1.5,2.0,2.5,3.0,3.5,4.0,4.5,5.0', '-log-level=WARNING']
2023-11-26 20:24:24;UNIUSDT;30m;2.0;225;30;78;100.0;6;96.79;['-batch-training', '-calc-rsi', '-verbose', '-prediction-mode=index', '-interval-list=30m', '-range-min-rsi=28', '-range-max-rsi=80', '-range-p-ema=50,250', '-target-margin-list=1.0,1.5,2.0,2.5,3.0,3.5,4.0,4.5,5.0', '-log-level=WARNING']
2023-11-26 20:51:39;UNIUSDT;30m;2.0;50;30;78;100.0;6;96.79;['-batch-training', '-calc-rsi', '-verbose', '-prediction-mode=index', '-interval-list=30m', '-range-min-rsi=28', '-range-max-rsi=80', '-range-p-ema=50,250', '-target-margin-list=1.0,1.5,2.0,2.5,3.0,3.5,4.0,4.5,5.0', '-log-level=WARNING']
2023-11-26 21:06:54;UNIUSDT;30m;2.0;75;30;78;100.0;6;96.79;['-batch-training', '-calc-rsi', '-verbose', '-prediction-mode=index', '-interval-list=30m', '-range-min-rsi=28', '-range-max-rsi=80', '-range-p-ema=50,250', '-target-margin-list=1.0,1.5,2.0,2.5,3.0,3.5,4.0,4.5,5.0', '-log-level=WARNING']
2023-11-26 19:41:29;UNIUSDT;30m;3.0;125;32;72;100.0;5;96.85;['-batch-training', '-calc-rsi', '-verbose', '-prediction-mode=index', '-interval-list=30m', '-range-min-rsi=28', '-range-max-rsi=80', '-range-p-ema=50,250', '-target-margin-list=1.0,1.5,2.0,2.5,3.0,3.5,4.0,4.5,5.0', '-log-level=WARNING']
2023-11-26 20:54:03;UNIUSDT;30m;3.0;50;32;72;100.0;5;96.85;['-batch-training', '-calc-rsi', '-verbose', '-prediction-mode=index', '-interval-list=30m', '-range-min-rsi=28', '-range-max-rsi=80', '-range-p-ema=50,250', '-target-margin-list=1.0,1.5,2.0,2.5,3.0,3.5,4.0,4.5,5.0', '-log-level=WARNING']
2023-11-26 19:30:00;UNIUSDT;30m;3.0;100;32;72;100.0;5;96.85;['-batch-training', '-calc-rsi', '-verbose', '-prediction-mode=index', '-interval-list=30m', '-range-min-rsi=28', '-range-max-rsi=80', '-range-p-ema=50,250', '-target-margin-list=1.0,1.5,2.0,2.5,3.0,3.5,4.0,4.5,5.0', '-log-level=WARNING']
2023-11-26 21:09:30;UNIUSDT;30m;3.0;75;32;72;100.0;5;96.85;['-batch-training', '-calc-rsi', '-verbose', '-prediction-mode=index', '-interval-list=30m', '-range-min-rsi=28', '-range-max-rsi=80', '-range-p-ema=50,250', '-target-margin-list=1.0,1.5,2.0,2.5,3.0,3.5,4.0,4.5,5.0', '-log-level=WARNING']
2023-11-26 21:04:14;UNIUSDT;30m;1.5;75;36;72;100.0;2;96.86;['-batch-training', '-calc-rsi', '-verbose', '-prediction-mode=index', '-interval-list=30m', '-range-min-rsi=28', '-range-max-rsi=80', '-range-p-ema=50,250', '-target-margin-list=1.0,1.5,2.0,2.5,3.0,3.5,4.0,4.5,5.0', '-log-level=WARNING']
2023-11-26 20:02:06;UNIUSDT;30m;2.5;175;36;72;100.0;6;96.86;['-batch-training', '-calc-rsi', '-verbose', '-prediction-mode=index', '-interval-list=30m', '-range-min-rsi=28', '-range-max-rsi=80', '-range-p-ema=50,250', '-target-margin-list=1.0,1.5,2.0,2.5,3.0,3.5,4.0,4.5,5.0', '-log-level=WARNING']
2023-11-26 20:49:15;UNIUSDT;30m;1.5;50;36;72;100.0;2;96.86;['-batch-training', '-calc-rsi', '-verbose', '-prediction-mode=index', '-interval-list=30m', '-range-min-rsi=28', '-range-max-rsi=80', '-range-p-ema=50,250', '-target-margin-list=1.0,1.5,2.0,2.5,3.0,3.5,4.0,4.5,5.0', '-log-level=WARNING']
2023-11-26 20:00:34;UNIUSDT;30m;1.5;175;28;80;100.0;6;96.87;['-batch-training', '-calc-rsi', '-verbose', '-prediction-mode=index', '-interval-list=30m', '-range-min-rsi=28', '-range-max-rsi=80', '-range-p-ema=50,250', '-target-margin-list=1.0,1.5,2.0,2.5,3.0,3.5,4.0,4.5,5.0', '-log-level=WARNING']
2023-11-26 20:23:11;UNIUSDT;30m;1.5;225;28;80;100.0;6;96.87;['-batch-training', '-calc-rsi', '-verbose', '-prediction-mode=index', '-interval-list=30m', '-range-min-rsi=28', '-range-max-rsi=80', '-range-p-ema=50,250', '-target-margin-list=1.0,1.5,2.0,2.5,3.0,3.5,4.0,4.5,5.0', '-log-level=WARNING']
2023-11-26 21:05:23;UNIUSDT;30m;1.5;75;28;80;100.0;6;96.87;['-batch-training', '-calc-rsi', '-verbose', '-prediction-mode=index', '-interval-list=30m', '-range-min-rsi=28', '-range-max-rsi=80', '-range-p-ema=50,250', '-target-margin-list=1.0,1.5,2.0,2.5,3.0,3.5,4.0,4.5,5.0', '-log-level=WARNING']
2023-11-26 20:50:17;UNIUSDT;30m;1.5;50;28;80;100.0;6;96.87;['-batch-training', '-calc-rsi', '-verbose', '-prediction-mode=index', '-interval-list=30m', '-range-min-rsi=28', '-range-max-rsi=80', '-range-p-ema=50,250', '-target-margin-list=1.0,1.5,2.0,2.5,3.0,3.5,4.0,4.5,5.0', '-log-level=WARNING']
2023-11-26 20:10:46;UNIUSDT;30m;1.5;200;28;80;100.0;6;96.87;['-batch-training', '-calc-rsi', '-verbose', '-prediction-mode=index', '-interval-list=30m', '-range-min-rsi=28', '-range-max-rsi=80', '-range-p-ema=50,250', '-target-margin-list=1.0,1.5,2.0,2.5,3.0,3.5,4.0,4.5,5.0', '-log-level=WARNING']
2023-11-26 19:27:03;UNIUSDT;30m;1.5;100;28;80;100.0;6;96.87;['-batch-training', '-calc-rsi', '-verbose', '-prediction-mode=index', '-interval-list=30m', '-range-min-rsi=28', '-range-max-rsi=80', '-range-p-ema=50,250', '-target-margin-list=1.0,1.5,2.0,2.5,3.0,3.5,4.0,4.5,5.0', '-log-level=WARNING']
2023-11-26 19:38:33;UNIUSDT;30m;1.5;125;28;80;100.0;6;96.87;['-batch-training', '-calc-rsi', '-verbose', '-prediction-mode=index', '-interval-list=30m', '-range-min-rsi=28', '-range-max-rsi=80', '-range-p-ema=50,250', '-target-margin-list=1.0,1.5,2.0,2.5,3.0,3.5,4.0,4.5,5.0', '-log-level=WARNING']
2023-11-26 20:36:21;UNIUSDT;30m;1.5;250;28;80;100.0;6;96.87;['-batch-training', '-calc-rsi', '-verbose', '-prediction-mode=index', '-interval-list=30m', '-range-min-rsi=28', '-range-max-rsi=80', '-range-p-ema=50,250', '-target-margin-list=1.0,1.5,2.0,2.5,3.0,3.5,4.0,4.5,5.0', '-log-level=WARNING']
2023-11-26 19:50:04;UNIUSDT;30m;1.5;150;28;80;100.0;6;96.87;['-batch-training', '-calc-rsi', '-verbose', '-prediction-mode=index', '-interval-list=30m', '-range-min-rsi=28', '-range-max-rsi=80', '-range-p-ema=50,250', '-target-margin-list=1.0,1.5,2.0,2.5,3.0,3.5,4.0,4.5,5.0', '-log-level=WARNING']
2023-11-26 19:40:49;UNIUSDT;30m;2.5;125;36;76;100.0;7;96.88;['-batch-training', '-calc-rsi', '-verbose', '-prediction-mode=index', '-interval-list=30m', '-range-min-rsi=28', '-range-max-rsi=80', '-range-p-ema=50,250', '-target-margin-list=1.0,1.5,2.0,2.5,3.0,3.5,4.0,4.5,5.0', '-log-level=WARNING']
2023-11-26 19:29:05;UNIUSDT;30m;2.5;100;36;74;100.0;7;96.88;['-batch-training', '-calc-rsi', '-verbose', '-prediction-mode=index', '-interval-list=30m', '-range-min-rsi=28', '-range-max-rsi=80', '-range-p-ema=50,250', '-target-margin-list=1.0,1.5,2.0,2.5,3.0,3.5,4.0,4.5,5.0', '-log-level=WARNING']
2023-11-26 19:29:20;UNIUSDT;30m;2.5;100;36;76;100.0;7;96.88;['-batch-training', '-calc-rsi', '-verbose', '-prediction-mode=index', '-interval-list=30m', '-range-min-rsi=28', '-range-max-rsi=80', '-range-p-ema=50,250', '-target-margin-list=1.0,1.5,2.0,2.5,3.0,3.5,4.0,4.5,5.0', '-log-level=WARNING']
2023-11-26 19:40:34;UNIUSDT;30m;2.5;125;36;74;100.0;7;96.88;['-batch-training', '-calc-rsi', '-verbose', '-prediction-mode=index', '-interval-list=30m', '-range-min-rsi=28', '-range-max-rsi=80', '-range-p-ema=50,250', '-target-margin-list=1.0,1.5,2.0,2.5,3.0,3.5,4.0,4.5,5.0', '-log-level=WARNING']
2023-11-26 20:53:10;UNIUSDT;30m;2.5;50;36;76;100.0;7;96.88;['-batch-training', '-calc-rsi', '-verbose', '-prediction-mode=index', '-interval-list=30m', '-range-min-rsi=28', '-range-max-rsi=80', '-range-p-ema=50,250', '-target-margin-list=1.0,1.5,2.0,2.5,3.0,3.5,4.0,4.5,5.0', '-log-level=WARNING']
2023-11-26 21:08:13;UNIUSDT;30m;2.5;75;36;74;100.0;7;96.88;['-batch-training', '-calc-rsi', '-verbose', '-prediction-mode=index', '-interval-list=30m', '-range-min-rsi=28', '-range-max-rsi=80', '-range-p-ema=50,250', '-target-margin-list=1.0,1.5,2.0,2.5,3.0,3.5,4.0,4.5,5.0', '-log-level=WARNING']
2023-11-26 21:08:35;UNIUSDT;30m;2.5;75;36;76;100.0;7;96.88;['-batch-training', '-calc-rsi', '-verbose', '-prediction-mode=index', '-interval-list=30m', '-range-min-rsi=28', '-range-max-rsi=80', '-range-p-ema=50,250', '-target-margin-list=1.0,1.5,2.0,2.5,3.0,3.5,4.0,4.5,5.0', '-log-level=WARNING']
2023-11-26 20:52:51;UNIUSDT;30m;2.5;50;36;74;100.0;7;96.88;['-batch-training', '-calc-rsi', '-verbose', '-prediction-mode=index', '-interval-list=30m', '-range-min-rsi=28', '-range-max-rsi=80', '-range-p-ema=50,250', '-target-margin-list=1.0,1.5,2.0,2.5,3.0,3.5,4.0,4.5,5.0', '-log-level=WARNING']
2023-11-26 20:40:25;UNIUSDT;30m;3.0;250;32;76;100.0;5;96.89;['-batch-training', '-calc-rsi', '-verbose', '-prediction-mode=index', '-interval-list=30m', '-range-min-rsi=28', '-range-max-rsi=80', '-range-p-ema=50,250', '-target-margin-list=1.0,1.5,2.0,2.5,3.0,3.5,4.0,4.5,5.0', '-log-level=WARNING']
2023-11-26 20:23:04;UNIUSDT;30m;1.5;225;34;78;100.0;3;96.93;['-batch-training', '-calc-rsi', '-verbose', '-prediction-mode=index', '-interval-list=30m', '-range-min-rsi=28', '-range-max-rsi=80', '-range-p-ema=50,250', '-target-margin-list=1.0,1.5,2.0,2.5,3.0,3.5,4.0,4.5,5.0', '-log-level=WARNING']
2023-11-26 19:49:55;UNIUSDT;30m;1.5;150;32;78;100.0;7;96.94;['-batch-training', '-calc-rsi', '-verbose', '-prediction-mode=index', '-interval-list=30m', '-range-min-rsi=28', '-range-max-rsi=80', '-range-p-ema=50,250', '-target-margin-list=1.0,1.5,2.0,2.5,3.0,3.5,4.0,4.5,5.0', '-log-level=WARNING']
2023-11-26 21:08:43;UNIUSDT;30m;2.5;75;30;78;100.0;4;96.94;['-batch-training', '-calc-rsi', '-verbose', '-prediction-mode=index', '-interval-list=30m', '-range-min-rsi=28', '-range-max-rsi=80', '-range-p-ema=50,250', '-target-margin-list=1.0,1.5,2.0,2.5,3.0,3.5,4.0,4.5,5.0', '-log-level=WARNING']
2023-11-26 20:24:09;UNIUSDT;30m;2.0;225;32;76;100.0;5;96.94;['-batch-training', '-calc-rsi', '-verbose', '-prediction-mode=index', '-interval-list=30m', '-range-min-rsi=28', '-range-max-rsi=80', '-range-p-ema=50,250', '-target-margin-list=1.0,1.5,2.0,2.5,3.0,3.5,4.0,4.5,5.0', '-log-level=WARNING']
2023-11-26 19:29:26;UNIUSDT;30m;2.5;100;30;78;100.0;4;96.94;['-batch-training', '-calc-rsi', '-verbose', '-prediction-mode=index', '-interval-list=30m', '-range-min-rsi=28', '-range-max-rsi=80', '-range-p-ema=50,250', '-target-margin-list=1.0,1.5,2.0,2.5,3.0,3.5,4.0,4.5,5.0', '-log-level=WARNING']
2023-11-26 20:11:41;UNIUSDT;30m;2.0;200;32;76;100.0;5;96.94;['-batch-training', '-calc-rsi', '-verbose', '-prediction-mode=index', '-interval-list=30m', '-range-min-rsi=28', '-range-max-rsi=80', '-range-p-ema=50,250', '-target-margin-list=1.0,1.5,2.0,2.5,3.0,3.5,4.0,4.5,5.0', '-log-level=WARNING']
2023-11-26 20:13:12;UNIUSDT;30m;2.5;200;30;78;100.0;4;96.94;['-batch-training', '-calc-rsi', '-verbose', '-prediction-mode=index', '-interval-list=30m', '-range-min-rsi=28', '-range-max-rsi=80', '-range-p-ema=50,250', '-target-margin-list=1.0,1.5,2.0,2.5,3.0,3.5,4.0,4.5,5.0', '-log-level=WARNING']
2023-11-26 20:53:19;UNIUSDT;30m;2.5;50;30;78;100.0;4;96.94;['-batch-training', '-calc-rsi', '-verbose', '-prediction-mode=index', '-interval-list=30m', '-range-min-rsi=28', '-range-max-rsi=80', '-range-p-ema=50,250', '-target-margin-list=1.0,1.5,2.0,2.5,3.0,3.5,4.0,4.5,5.0', '-log-level=WARNING']
2023-11-26 19:40:55;UNIUSDT;30m;2.5;125;30;78;100.0;4;96.94;['-batch-training', '-calc-rsi', '-verbose', '-prediction-mode=index', '-interval-list=30m', '-range-min-rsi=28', '-range-max-rsi=80', '-range-p-ema=50,250', '-target-margin-list=1.0,1.5,2.0,2.5,3.0,3.5,4.0,4.5,5.0', '-log-level=WARNING']
2023-11-26 19:52:26;UNIUSDT;30m;2.5;150;30;78;100.0;4;96.94;['-batch-training', '-calc-rsi', '-verbose', '-prediction-mode=index', '-interval-list=30m', '-range-min-rsi=28', '-range-max-rsi=80', '-range-p-ema=50,250', '-target-margin-list=1.0,1.5,2.0,2.5,3.0,3.5,4.0,4.5,5.0', '-log-level=WARNING']
2023-11-26 20:02:38;UNIUSDT;30m;2.5;175;30;78;100.0;4;96.94;['-batch-training', '-calc-rsi', '-verbose', '-prediction-mode=index', '-interval-list=30m', '-range-min-rsi=28', '-range-max-rsi=80', '-range-p-ema=50,250', '-target-margin-list=1.0,1.5,2.0,2.5,3.0,3.5,4.0,4.5,5.0', '-log-level=WARNING']
2023-11-26 20:25:50;UNIUSDT;30m;2.5;225;30;78;100.0;4;96.94;['-batch-training', '-calc-rsi', '-verbose', '-prediction-mode=index', '-interval-list=30m', '-range-min-rsi=28', '-range-max-rsi=80', '-range-p-ema=50,250', '-target-margin-list=1.0,1.5,2.0,2.5,3.0,3.5,4.0,4.5,5.0', '-log-level=WARNING']
2023-11-26 20:38:24;UNIUSDT;30m;2.5;250;36;72;100.0;6;96.97;['-batch-training', '-calc-rsi', '-verbose', '-prediction-mode=index', '-interval-list=30m', '-range-min-rsi=28', '-range-max-rsi=80', '-range-p-ema=50,250', '-target-margin-list=1.0,1.5,2.0,2.5,3.0,3.5,4.0,4.5,5.0', '-log-level=WARNING']
2023-11-26 19:51:50;UNIUSDT;30m;2.5;150;36;72;100.0;6;97.0;['-batch-training', '-calc-rsi', '-verbose', '-prediction-mode=index', '-interval-list=30m', '-range-min-rsi=28', '-range-max-rsi=80', '-range-p-ema=50,250', '-target-margin-list=1.0,1.5,2.0,2.5,3.0,3.5,4.0,4.5,5.0', '-log-level=WARNING']
2023-11-26 20:01:31;UNIUSDT;30m;2.0;175;30;78;100.0;4;97.03;['-batch-training', '-calc-rsi', '-verbose', '-prediction-mode=index', '-interval-list=30m', '-range-min-rsi=28', '-range-max-rsi=80', '-range-p-ema=50,250', '-target-margin-list=1.0,1.5,2.0,2.5,3.0,3.5,4.0,4.5,5.0', '-log-level=WARNING']
2023-11-26 20:11:53;UNIUSDT;30m;2.0;200;30;78;100.0;4;97.03;['-batch-training', '-calc-rsi', '-verbose', '-prediction-mode=index', '-interval-list=30m', '-range-min-rsi=28', '-range-max-rsi=80', '-range-p-ema=50,250', '-target-margin-list=1.0,1.5,2.0,2.5,3.0,3.5,4.0,4.5,5.0', '-log-level=WARNING']
2023-11-26 20:24:24;UNIUSDT;30m;2.0;225;30;78;100.0;4;97.03;['-batch-training', '-calc-rsi', '-verbose', '-prediction-mode=index', '-interval-list=30m', '-range-min-rsi=28', '-range-max-rsi=80', '-range-p-ema=50,250', '-target-margin-list=1.0,1.5,2.0,2.5,3.0,3.5,4.0,4.5,5.0', '-log-level=WARNING']
2023-11-26 19:28:08;UNIUSDT;30m;2.0;100;30;78;100.0;4;97.03;['-batch-training', '-calc-rsi', '-verbose', '-prediction-mode=index', '-interval-list=30m', '-range-min-rsi=28', '-range-max-rsi=80', '-range-p-ema=50,250', '-target-margin-list=1.0,1.5,2.0,2.5,3.0,3.5,4.0,4.5,5.0', '-log-level=WARNING']
2023-11-26 20:51:39;UNIUSDT;30m;2.0;50;30;78;100.0;4;97.03;['-batch-training', '-calc-rsi', '-verbose', '-prediction-mode=index', '-interval-list=30m', '-range-min-rsi=28', '-range-max-rsi=80', '-range-p-ema=50,250', '-target-margin-list=1.0,1.5,2.0,2.5,3.0,3.5,4.0,4.5,5.0', '-log-level=WARNING']
2023-11-26 19:39:38;UNIUSDT;30m;2.0;125;30;78;100.0;4;97.03;['-batch-training', '-calc-rsi', '-verbose', '-prediction-mode=index', '-interval-list=30m', '-range-min-rsi=28', '-range-max-rsi=80', '-range-p-ema=50,250', '-target-margin-list=1.0,1.5,2.0,2.5,3.0,3.5,4.0,4.5,5.0', '-log-level=WARNING']
2023-11-26 21:06:54;UNIUSDT;30m;2.0;75;30;78;100.0;4;97.03;['-batch-training', '-calc-rsi', '-verbose', '-prediction-mode=index', '-interval-list=30m', '-range-min-rsi=28', '-range-max-rsi=80', '-range-p-ema=50,250', '-target-margin-list=1.0,1.5,2.0,2.5,3.0,3.5,4.0,4.5,5.0', '-log-level=WARNING']
2023-11-26 19:51:09;UNIUSDT;30m;2.0;150;30;78;100.0;4;97.03;['-batch-training', '-calc-rsi', '-verbose', '-prediction-mode=index', '-interval-list=30m', '-range-min-rsi=28', '-range-max-rsi=80', '-range-p-ema=50,250', '-target-margin-list=1.0,1.5,2.0,2.5,3.0,3.5,4.0,4.5,5.0', '-log-level=WARNING']
2023-11-26 20:57:51;UNIUSDT;30m;4.0;50;28;76;100.0;2;97.04;['-batch-training', '-calc-rsi', '-verbose', '-prediction-mode=index', '-interval-list=30m', '-range-min-rsi=28', '-range-max-rsi=80', '-range-p-ema=50,250', '-target-margin-list=1.0,1.5,2.0,2.5,3.0,3.5,4.0,4.5,5.0', '-log-level=WARNING']
2023-11-26 19:44:24;UNIUSDT;30m;4.0;125;28;76;100.0;2;97.04;['-batch-training', '-calc-rsi', '-verbose', '-prediction-mode=index', '-interval-list=30m', '-range-min-rsi=28', '-range-max-rsi=80', '-range-p-ema=50,250', '-target-margin-list=1.0,1.5,2.0,2.5,3.0,3.5,4.0,4.5,5.0', '-log-level=WARNING']
2023-11-26 20:05:41;UNIUSDT;30m;4.0;175;28;76;100.0;2;97.04;['-batch-training', '-calc-rsi', '-verbose', '-prediction-mode=index', '-interval-list=30m', '-range-min-rsi=28', '-range-max-rsi=80', '-range-p-ema=50,250', '-target-margin-list=1.0,1.5,2.0,2.5,3.0,3.5,4.0,4.5,5.0', '-log-level=WARNING']
2023-11-26 20:43:23;UNIUSDT;30m;4.0;250;28;76;100.0;2;97.04;['-batch-training', '-calc-rsi', '-verbose', '-prediction-mode=index', '-interval-list=30m', '-range-min-rsi=28', '-range-max-rsi=80', '-range-p-ema=50,250', '-target-margin-list=1.0,1.5,2.0,2.5,3.0,3.5,4.0,4.5,5.0', '-log-level=WARNING']
2023-11-26 19:55:35;UNIUSDT;30m;4.0;150;28;76;100.0;2;97.04;['-batch-training', '-calc-rsi', '-verbose', '-prediction-mode=index', '-interval-list=30m', '-range-min-rsi=28', '-range-max-rsi=80', '-range-p-ema=50,250', '-target-margin-list=1.0,1.5,2.0,2.5,3.0,3.5,4.0,4.5,5.0', '-log-level=WARNING']
2023-11-26 19:32:53;UNIUSDT;30m;4.0;100;28;76;100.0;2;97.04;['-batch-training', '-calc-rsi', '-verbose', '-prediction-mode=index', '-interval-list=30m', '-range-min-rsi=28', '-range-max-rsi=80', '-range-p-ema=50,250', '-target-margin-list=1.0,1.5,2.0,2.5,3.0,3.5,4.0,4.5,5.0', '-log-level=WARNING']
2023-11-26 21:13:39;UNIUSDT;30m;4.0;75;28;76;100.0;2;97.04;['-batch-training', '-calc-rsi', '-verbose', '-prediction-mode=index', '-interval-list=30m', '-range-min-rsi=28', '-range-max-rsi=80', '-range-p-ema=50,250', '-target-margin-list=1.0,1.5,2.0,2.5,3.0,3.5,4.0,4.5,5.0', '-log-level=WARNING']
2023-11-26 20:16:57;UNIUSDT;30m;4.0;200;28;76;100.0;2;97.04;['-batch-training', '-calc-rsi', '-verbose', '-prediction-mode=index', '-interval-list=30m', '-range-min-rsi=28', '-range-max-rsi=80', '-range-p-ema=50,250', '-target-margin-list=1.0,1.5,2.0,2.5,3.0,3.5,4.0,4.5,5.0', '-log-level=WARNING']
2023-11-26 20:29:50;UNIUSDT;30m;4.0;225;28;76;100.0;2;97.04;['-batch-training', '-calc-rsi', '-verbose', '-prediction-mode=index', '-interval-list=30m', '-range-min-rsi=28', '-range-max-rsi=80', '-range-p-ema=50,250', '-target-margin-list=1.0,1.5,2.0,2.5,3.0,3.5,4.0,4.5,5.0', '-log-level=WARNING']
2023-11-26 19:30:38;UNIUSDT;30m;3.0;100;28;78;100.0;3;97.08;['-batch-training', '-calc-rsi', '-verbose', '-prediction-mode=index', '-interval-list=30m', '-range-min-rsi=28', '-range-max-rsi=80', '-range-p-ema=50,250', '-target-margin-list=1.0,1.5,2.0,2.5,3.0,3.5,4.0,4.5,5.0', '-log-level=WARNING']
2023-11-26 20:27:12;UNIUSDT;30m;3.0;225;28;78;100.0;3;97.08;['-batch-training', '-calc-rsi', '-verbose', '-prediction-mode=index', '-interval-list=30m', '-range-min-rsi=28', '-range-max-rsi=80', '-range-p-ema=50,250', '-target-margin-list=1.0,1.5,2.0,2.5,3.0,3.5,4.0,4.5,5.0', '-log-level=WARNING']
2023-11-26 20:14:30;UNIUSDT;30m;3.0;200;28;78;100.0;3;97.08;['-batch-training', '-calc-rsi', '-verbose', '-prediction-mode=index', '-interval-list=30m', '-range-min-rsi=28', '-range-max-rsi=80', '-range-p-ema=50,250', '-target-margin-list=1.0,1.5,2.0,2.5,3.0,3.5,4.0,4.5,5.0', '-log-level=WARNING']
2023-11-26 19:42:09;UNIUSDT;30m;3.0;125;28;78;100.0;3;97.08;['-batch-training', '-calc-rsi', '-verbose', '-prediction-mode=index', '-interval-list=30m', '-range-min-rsi=28', '-range-max-rsi=80', '-range-p-ema=50,250', '-target-margin-list=1.0,1.5,2.0,2.5,3.0,3.5,4.0,4.5,5.0', '-log-level=WARNING']
2023-11-26 20:54:54;UNIUSDT;30m;3.0;50;28;78;100.0;3;97.08;['-batch-training', '-calc-rsi', '-verbose', '-prediction-mode=index', '-interval-list=30m', '-range-min-rsi=28', '-range-max-rsi=80', '-range-p-ema=50,250', '-target-margin-list=1.0,1.5,2.0,2.5,3.0,3.5,4.0,4.5,5.0', '-log-level=WARNING']
2023-11-26 20:03:42;UNIUSDT;30m;3.0;175;28;78;100.0;3;97.08;['-batch-training', '-calc-rsi', '-verbose', '-prediction-mode=index', '-interval-list=30m', '-range-min-rsi=28', '-range-max-rsi=80', '-range-p-ema=50,250', '-target-margin-list=1.0,1.5,2.0,2.5,3.0,3.5,4.0,4.5,5.0', '-log-level=WARNING']
2023-11-26 21:10:25;UNIUSDT;30m;3.0;75;28;78;100.0;3;97.08;['-batch-training', '-calc-rsi', '-verbose', '-prediction-mode=index', '-interval-list=30m', '-range-min-rsi=28', '-range-max-rsi=80', '-range-p-ema=50,250', '-target-margin-list=1.0,1.5,2.0,2.5,3.0,3.5,4.0,4.5,5.0', '-log-level=WARNING']
2023-11-26 19:53:32;UNIUSDT;30m;3.0;150;28;78;100.0;3;97.08;['-batch-training', '-calc-rsi', '-verbose', '-prediction-mode=index', '-interval-list=30m', '-range-min-rsi=28', '-range-max-rsi=80', '-range-p-ema=50,250', '-target-margin-list=1.0,1.5,2.0,2.5,3.0,3.5,4.0,4.5,5.0', '-log-level=WARNING']
2023-11-26 20:36:36;UNIUSDT;30m;1.5;250;36;80;100.0;3;97.1;['-batch-training', '-calc-rsi', '-verbose', '-prediction-mode=index', '-interval-list=30m', '-range-min-rsi=28', '-range-max-rsi=80', '-range-p-ema=50,250', '-target-margin-list=1.0,1.5,2.0,2.5,3.0,3.5,4.0,4.5,5.0', '-log-level=WARNING']
2023-11-26 19:47:53;UNIUSDT;30m;1.0;150;34;72;100.0;7;97.1;['-batch-training', '-calc-rsi', '-verbose', '-prediction-mode=index', '-interval-list=30m', '-range-min-rsi=28', '-range-max-rsi=80', '-range-p-ema=50,250', '-target-margin-list=1.0,1.5,2.0,2.5,3.0,3.5,4.0,4.5,5.0', '-log-level=WARNING']
2023-11-26 20:00:26;UNIUSDT;30m;1.5;175;32;78;100.0;7;97.12;['-batch-training', '-calc-rsi', '-verbose', '-prediction-mode=index', '-interval-list=30m', '-range-min-rsi=28', '-range-max-rsi=80', '-range-p-ema=50,250', '-target-margin-list=1.0,1.5,2.0,2.5,3.0,3.5,4.0,4.5,5.0', '-log-level=WARNING']
2023-11-26 20:10:37;UNIUSDT;30m;1.5;200;32;78;100.0;7;97.13;['-batch-training', '-calc-rsi', '-verbose', '-prediction-mode=index', '-interval-list=30m', '-range-min-rsi=28', '-range-max-rsi=80', '-range-p-ema=50,250', '-target-margin-list=1.0,1.5,2.0,2.5,3.0,3.5,4.0,4.5,5.0', '-log-level=WARNING']
2023-11-26 20:23:01;UNIUSDT;30m;1.5;225;32;78;100.0;7;97.13;['-batch-training', '-calc-rsi', '-verbose', '-prediction-mode=index', '-interval-list=30m', '-range-min-rsi=28', '-range-max-rsi=80', '-range-p-ema=50,250', '-target-margin-list=1.0,1.5,2.0,2.5,3.0,3.5,4.0,4.5,5.0', '-log-level=WARNING']
2023-11-26 20:34:12;UNIUSDT;30m;1.0;250;36;74;100.0;3;97.14;['-batch-training', '-calc-rsi', '-verbose', '-prediction-mode=index', '-interval-list=30m', '-range-min-rsi=28', '-range-max-rsi=80', '-range-p-ema=50,250', '-target-margin-list=1.0,1.5,2.0,2.5,3.0,3.5,4.0,4.5,5.0', '-log-level=WARNING']
2023-11-26 19:55:49;UNIUSDT;30m;4.0;150;28;78;100.0;3;97.19;['-batch-training', '-calc-rsi', '-verbose', '-prediction-mode=index', '-interval-list=30m', '-range-min-rsi=28', '-range-max-rsi=80', '-range-p-ema=50,250', '-target-margin-list=1.0,1.5,2.0,2.5,3.0,3.5,4.0,4.5,5.0', '-log-level=WARNING']
2023-11-26 21:13:56;UNIUSDT;30m;4.0;75;28;78;100.0;3;97.19;['-batch-training', '-calc-rsi', '-verbose', '-prediction-mode=index', '-interval-list=30m', '-range-min-rsi=28', '-range-max-rsi=80', '-range-p-ema=50,250', '-target-margin-list=1.0,1.5,2.0,2.5,3.0,3.5,4.0,4.5,5.0', '-log-level=WARNING']
2023-11-26 20:43:42;UNIUSDT;30m;4.0;250;28;78;100.0;3;97.19;['-batch-training', '-calc-rsi', '-verbose', '-prediction-mode=index', '-interval-list=30m', '-range-min-rsi=28', '-range-max-rsi=80', '-range-p-ema=50,250', '-target-margin-list=1.0,1.5,2.0,2.5,3.0,3.5,4.0,4.5,5.0', '-log-level=WARNING']
2023-11-26 20:30:08;UNIUSDT;30m;4.0;225;28;78;100.0;3;97.19;['-batch-training', '-calc-rsi', '-verbose', '-prediction-mode=index', '-interval-list=30m', '-range-min-rsi=28', '-range-max-rsi=80', '-range-p-ema=50,250', '-target-margin-list=1.0,1.5,2.0,2.5,3.0,3.5,4.0,4.5,5.0', '-log-level=WARNING']
2023-11-26 20:05:54;UNIUSDT;30m;4.0;175;28;78;100.0;3;97.19;['-batch-training', '-calc-rsi', '-verbose', '-prediction-mode=index', '-interval-list=30m', '-range-min-rsi=28', '-range-max-rsi=80', '-range-p-ema=50,250', '-target-margin-list=1.0,1.5,2.0,2.5,3.0,3.5,4.0,4.5,5.0', '-log-level=WARNING']
2023-11-26 19:44:39;UNIUSDT;30m;4.0;125;28;78;100.0;3;97.19;['-batch-training', '-calc-rsi', '-verbose', '-prediction-mode=index', '-interval-list=30m', '-range-min-rsi=28', '-range-max-rsi=80', '-range-p-ema=50,250', '-target-margin-list=1.0,1.5,2.0,2.5,3.0,3.5,4.0,4.5,5.0', '-log-level=WARNING']
2023-11-26 20:17:13;UNIUSDT;30m;4.0;200;28;78;100.0;3;97.19;['-batch-training', '-calc-rsi', '-verbose', '-prediction-mode=index', '-interval-list=30m', '-range-min-rsi=28', '-range-max-rsi=80', '-range-p-ema=50,250', '-target-margin-list=1.0,1.5,2.0,2.5,3.0,3.5,4.0,4.5,5.0', '-log-level=WARNING']
2023-11-26 19:33:08;UNIUSDT;30m;4.0;100;28;78;100.0;3;97.19;['-batch-training', '-calc-rsi', '-verbose', '-prediction-mode=index', '-interval-list=30m', '-range-min-rsi=28', '-range-max-rsi=80', '-range-p-ema=50,250', '-target-margin-list=1.0,1.5,2.0,2.5,3.0,3.5,4.0,4.5,5.0', '-log-level=WARNING']
2023-11-26 20:58:11;UNIUSDT;30m;4.0;50;28;78;100.0;3;97.19;['-batch-training', '-calc-rsi', '-verbose', '-prediction-mode=index', '-interval-list=30m', '-range-min-rsi=28', '-range-max-rsi=80', '-range-p-ema=50,250', '-target-margin-list=1.0,1.5,2.0,2.5,3.0,3.5,4.0,4.5,5.0', '-log-level=WARNING']
2023-11-26 20:54:42;UNIUSDT;30m;3.0;50;32;76;100.0;5;97.22;['-batch-training', '-calc-rsi', '-verbose', '-prediction-mode=index', '-interval-list=30m', '-range-min-rsi=28', '-range-max-rsi=80', '-range-p-ema=50,250', '-target-margin-list=1.0,1.5,2.0,2.5,3.0,3.5,4.0,4.5,5.0', '-log-level=WARNING']
2023-11-26 19:30:29;UNIUSDT;30m;3.0;100;32;76;100.0;5;97.22;['-batch-training', '-calc-rsi', '-verbose', '-prediction-mode=index', '-interval-list=30m', '-range-min-rsi=28', '-range-max-rsi=80', '-range-p-ema=50,250', '-target-margin-list=1.0,1.5,2.0,2.5,3.0,3.5,4.0,4.5,5.0', '-log-level=WARNING']
2023-11-26 19:41:59;UNIUSDT;30m;3.0;125;32;76;100.0;5;97.22;['-batch-training', '-calc-rsi', '-verbose', '-prediction-mode=index', '-interval-list=30m', '-range-min-rsi=28', '-range-max-rsi=80', '-range-p-ema=50,250', '-target-margin-list=1.0,1.5,2.0,2.5,3.0,3.5,4.0,4.5,5.0', '-log-level=WARNING']
2023-11-26 21:10:12;UNIUSDT;30m;3.0;75;32;76;100.0;5;97.22;['-batch-training', '-calc-rsi', '-verbose', '-prediction-mode=index', '-interval-list=30m', '-range-min-rsi=28', '-range-max-rsi=80', '-range-p-ema=50,250', '-target-margin-list=1.0,1.5,2.0,2.5,3.0,3.5,4.0,4.5,5.0', '-log-level=WARNING']
2023-11-26 20:00:45;UNIUSDT;30m;1.5;175;36;80;100.0;3;97.22;['-batch-training', '-calc-rsi', '-verbose', '-prediction-mode=index', '-interval-list=30m', '-range-min-rsi=28', '-range-max-rsi=80', '-range-p-ema=50,250', '-target-margin-list=1.0,1.5,2.0,2.5,3.0,3.5,4.0,4.5,5.0', '-log-level=WARNING']
2023-11-26 20:10:59;UNIUSDT;30m;1.5;200;36;80;100.0;3;97.24;['-batch-training', '-calc-rsi', '-verbose', '-prediction-mode=index', '-interval-list=30m', '-range-min-rsi=28', '-range-max-rsi=80', '-range-p-ema=50,250', '-target-margin-list=1.0,1.5,2.0,2.5,3.0,3.5,4.0,4.5,5.0', '-log-level=WARNING']
2023-11-26 21:09:34;UNIUSDT;30m;3.0;75;34;72;100.0;5;97.26;['-batch-training', '-calc-rsi', '-verbose', '-prediction-mode=index', '-interval-list=30m', '-range-min-rsi=28', '-range-max-rsi=80', '-range-p-ema=50,250', '-target-margin-list=1.0,1.5,2.0,2.5,3.0,3.5,4.0,4.5,5.0', '-log-level=WARNING']
2023-11-26 19:41:32;UNIUSDT;30m;3.0;125;34;72;100.0;5;97.26;['-batch-training', '-calc-rsi', '-verbose', '-prediction-mode=index', '-interval-list=30m', '-range-min-rsi=28', '-range-max-rsi=80', '-range-p-ema=50,250', '-target-margin-list=1.0,1.5,2.0,2.5,3.0,3.5,4.0,4.5,5.0', '-log-level=WARNING']
2023-11-26 20:54:06;UNIUSDT;30m;3.0;50;34;72;100.0;5;97.26;['-batch-training', '-calc-rsi', '-verbose', '-prediction-mode=index', '-interval-list=30m', '-range-min-rsi=28', '-range-max-rsi=80', '-range-p-ema=50,250', '-target-margin-list=1.0,1.5,2.0,2.5,3.0,3.5,4.0,4.5,5.0', '-log-level=WARNING']
2023-11-26 19:30:03;UNIUSDT;30m;3.0;100;34;72;100.0;5;97.26;['-batch-training', '-calc-rsi', '-verbose', '-prediction-mode=index', '-interval-list=30m', '-range-min-rsi=28', '-range-max-rsi=80', '-range-p-ema=50,250', '-target-margin-list=1.0,1.5,2.0,2.5,3.0,3.5,4.0,4.5,5.0', '-log-level=WARNING']
2023-11-26 20:15:32;UNIUSDT;30m;3.5;200;36;74;100.0;5;97.28;['-batch-training', '-calc-rsi', '-verbose', '-prediction-mode=index', '-interval-list=30m', '-range-min-rsi=28', '-range-max-rsi=80', '-range-p-ema=50,250', '-target-margin-list=1.0,1.5,2.0,2.5,3.0,3.5,4.0,4.5,5.0', '-log-level=WARNING']
2023-11-26 20:04:45;UNIUSDT;30m;3.5;175;36;76;100.0;5;97.28;['-batch-training', '-calc-rsi', '-verbose', '-prediction-mode=index', '-interval-list=30m', '-range-min-rsi=28', '-range-max-rsi=80', '-range-p-ema=50,250', '-target-margin-list=1.0,1.5,2.0,2.5,3.0,3.5,4.0,4.5,5.0', '-log-level=WARNING']
2023-11-26 20:15:48;UNIUSDT;30m;3.5;200;36;76;100.0;5;97.28;['-batch-training', '-calc-rsi', '-verbose', '-prediction-mode=index', '-interval-list=30m', '-range-min-rsi=28', '-range-max-rsi=80', '-range-p-ema=50,250', '-target-margin-list=1.0,1.5,2.0,2.5,3.0,3.5,4.0,4.5,5.0', '-log-level=WARNING']
2023-11-26 20:04:32;UNIUSDT;30m;3.5;175;36;74;100.0;5;97.28;['-batch-training', '-calc-rsi', '-verbose', '-prediction-mode=index', '-interval-list=30m', '-range-min-rsi=28', '-range-max-rsi=80', '-range-p-ema=50,250', '-target-margin-list=1.0,1.5,2.0,2.5,3.0,3.5,4.0,4.5,5.0', '-log-level=WARNING']
2023-11-26 20:09:38;UNIUSDT;30m;1.0;200;34;80;100.0;3;97.3;['-batch-training', '-calc-rsi', '-verbose', '-prediction-mode=index', '-interval-list=30m', '-range-min-rsi=28', '-range-max-rsi=80', '-range-p-ema=50,250', '-target-margin-list=1.0,1.5,2.0,2.5,3.0,3.5,4.0,4.5,5.0', '-log-level=WARNING']
2023-11-26 19:48:36;UNIUSDT;30m;1.0;150;32;78;100.0;7;97.3;['-batch-training', '-calc-rsi', '-verbose', '-prediction-mode=index', '-interval-list=30m', '-range-min-rsi=28', '-range-max-rsi=80', '-range-p-ema=50,250', '-target-margin-list=1.0,1.5,2.0,2.5,3.0,3.5,4.0,4.5,5.0', '-log-level=WARNING']
2023-11-26 20:25:16;UNIUSDT;30m;2.5;225;30;74;100.0;4;97.33;['-batch-training', '-calc-rsi', '-verbose', '-prediction-mode=index', '-interval-list=30m', '-range-min-rsi=28', '-range-max-rsi=80', '-range-p-ema=50,250', '-target-margin-list=1.0,1.5,2.0,2.5,3.0,3.5,4.0,4.5,5.0', '-log-level=WARNING']
2023-11-26 20:12:40;UNIUSDT;30m;2.5;200;30;74;100.0;4;97.33;['-batch-training', '-calc-rsi', '-verbose', '-prediction-mode=index', '-interval-list=30m', '-range-min-rsi=28', '-range-max-rsi=80', '-range-p-ema=50,250', '-target-margin-list=1.0,1.5,2.0,2.5,3.0,3.5,4.0,4.5,5.0', '-log-level=WARNING']
2023-11-26 20:52:39;UNIUSDT;30m;2.5;50;30;74;100.0;4;97.33;['-batch-training', '-calc-rsi', '-verbose', '-prediction-mode=index', '-interval-list=30m', '-range-min-rsi=28', '-range-max-rsi=80', '-range-p-ema=50,250', '-target-margin-list=1.0,1.5,2.0,2.5,3.0,3.5,4.0,4.5,5.0', '-log-level=WARNING']
2023-11-26 19:40:24;UNIUSDT;30m;2.5;125;30;74;100.0;4;97.33;['-batch-training', '-calc-rsi', '-verbose', '-prediction-mode=index', '-interval-list=30m', '-range-min-rsi=28', '-range-max-rsi=80', '-range-p-ema=50,250', '-target-margin-list=1.0,1.5,2.0,2.5,3.0,3.5,4.0,4.5,5.0', '-log-level=WARNING']
2023-11-26 20:02:11;UNIUSDT;30m;2.5;175;30;74;100.0;4;97.33;['-batch-training', '-calc-rsi', '-verbose', '-prediction-mode=index', '-interval-list=30m', '-range-min-rsi=28', '-range-max-rsi=80', '-range-p-ema=50,250', '-target-margin-list=1.0,1.5,2.0,2.5,3.0,3.5,4.0,4.5,5.0', '-log-level=WARNING']
2023-11-26 19:51:56;UNIUSDT;30m;2.5;150;30;74;100.0;4;97.33;['-batch-training', '-calc-rsi', '-verbose', '-prediction-mode=index', '-interval-list=30m', '-range-min-rsi=28', '-range-max-rsi=80', '-range-p-ema=50,250', '-target-margin-list=1.0,1.5,2.0,2.5,3.0,3.5,4.0,4.5,5.0', '-log-level=WARNING']
2023-11-26 21:08:01;UNIUSDT;30m;2.5;75;30;74;100.0;4;97.33;['-batch-training', '-calc-rsi', '-verbose', '-prediction-mode=index', '-interval-list=30m', '-range-min-rsi=28', '-range-max-rsi=80', '-range-p-ema=50,250', '-target-margin-list=1.0,1.5,2.0,2.5,3.0,3.5,4.0,4.5,5.0', '-log-level=WARNING']
2023-11-26 19:28:56;UNIUSDT;30m;2.5;100;30;74;100.0;4;97.33;['-batch-training', '-calc-rsi', '-verbose', '-prediction-mode=index', '-interval-list=30m', '-range-min-rsi=28', '-range-max-rsi=80', '-range-p-ema=50,250', '-target-margin-list=1.0,1.5,2.0,2.5,3.0,3.5,4.0,4.5,5.0', '-log-level=WARNING']
2023-11-26 21:04:26;UNIUSDT;30m;1.5;75;32;74;100.0;4;97.35;['-batch-training', '-calc-rsi', '-verbose', '-prediction-mode=index', '-interval-list=30m', '-range-min-rsi=28', '-range-max-rsi=80', '-range-p-ema=50,250', '-target-margin-list=1.0,1.5,2.0,2.5,3.0,3.5,4.0,4.5,5.0', '-log-level=WARNING']
2023-11-26 20:49:28;UNIUSDT;30m;1.5;50;32;74;100.0;4;97.35;['-batch-training', '-calc-rsi', '-verbose', '-prediction-mode=index', '-interval-list=30m', '-range-min-rsi=28', '-range-max-rsi=80', '-range-p-ema=50,250', '-target-margin-list=1.0,1.5,2.0,2.5,3.0,3.5,4.0,4.5,5.0', '-log-level=WARNING']
2023-11-26 19:26:23;UNIUSDT;30m;1.5;100;32;74;100.0;4;97.35;['-batch-training', '-calc-rsi', '-verbose', '-prediction-mode=index', '-interval-list=30m', '-range-min-rsi=28', '-range-max-rsi=80', '-range-p-ema=50,250', '-target-margin-list=1.0,1.5,2.0,2.5,3.0,3.5,4.0,4.5,5.0', '-log-level=WARNING']
2023-11-26 19:37:52;UNIUSDT;30m;1.5;125;32;74;100.0;4;97.35;['-batch-training', '-calc-rsi', '-verbose', '-prediction-mode=index', '-interval-list=30m', '-range-min-rsi=28', '-range-max-rsi=80', '-range-p-ema=50,250', '-target-margin-list=1.0,1.5,2.0,2.5,3.0,3.5,4.0,4.5,5.0', '-log-level=WARNING']
2023-11-26 20:23:11;UNIUSDT;30m;1.5;225;28;80;100.0;5;97.36;['-batch-training', '-calc-rsi', '-verbose', '-prediction-mode=index', '-interval-list=30m', '-range-min-rsi=28', '-range-max-rsi=80', '-range-p-ema=50,250', '-target-margin-list=1.0,1.5,2.0,2.5,3.0,3.5,4.0,4.5,5.0', '-log-level=WARNING']
2023-11-26 20:00:34;UNIUSDT;30m;1.5;175;28;80;100.0;5;97.36;['-batch-training', '-calc-rsi', '-verbose', '-prediction-mode=index', '-interval-list=30m', '-range-min-rsi=28', '-range-max-rsi=80', '-range-p-ema=50,250', '-target-margin-list=1.0,1.5,2.0,2.5,3.0,3.5,4.0,4.5,5.0', '-log-level=WARNING']
2023-11-26 19:27:03;UNIUSDT;30m;1.5;100;28;80;100.0;5;97.36;['-batch-training', '-calc-rsi', '-verbose', '-prediction-mode=index', '-interval-list=30m', '-range-min-rsi=28', '-range-max-rsi=80', '-range-p-ema=50,250', '-target-margin-list=1.0,1.5,2.0,2.5,3.0,3.5,4.0,4.5,5.0', '-log-level=WARNING']
2023-11-26 21:05:23;UNIUSDT;30m;1.5;75;28;80;100.0;5;97.36;['-batch-training', '-calc-rsi', '-verbose', '-prediction-mode=index', '-interval-list=30m', '-range-min-rsi=28', '-range-max-rsi=80', '-range-p-ema=50,250', '-target-margin-list=1.0,1.5,2.0,2.5,3.0,3.5,4.0,4.5,5.0', '-log-level=WARNING']
2023-11-26 20:50:17;UNIUSDT;30m;1.5;50;28;80;100.0;5;97.36;['-batch-training', '-calc-rsi', '-verbose', '-prediction-mode=index', '-interval-list=30m', '-range-min-rsi=28', '-range-max-rsi=80', '-range-p-ema=50,250', '-target-margin-list=1.0,1.5,2.0,2.5,3.0,3.5,4.0,4.5,5.0', '-log-level=WARNING']
2023-11-26 19:38:33;UNIUSDT;30m;1.5;125;28;80;100.0;5;97.36;['-batch-training', '-calc-rsi', '-verbose', '-prediction-mode=index', '-interval-list=30m', '-range-min-rsi=28', '-range-max-rsi=80', '-range-p-ema=50,250', '-target-margin-list=1.0,1.5,2.0,2.5,3.0,3.5,4.0,4.5,5.0', '-log-level=WARNING']
2023-11-26 19:50:04;UNIUSDT;30m;1.5;150;28;80;100.0;5;97.36;['-batch-training', '-calc-rsi', '-verbose', '-prediction-mode=index', '-interval-list=30m', '-range-min-rsi=28', '-range-max-rsi=80', '-range-p-ema=50,250', '-target-margin-list=1.0,1.5,2.0,2.5,3.0,3.5,4.0,4.5,5.0', '-log-level=WARNING']
2023-11-26 20:10:46;UNIUSDT;30m;1.5;200;28;80;100.0;5;97.36;['-batch-training', '-calc-rsi', '-verbose', '-prediction-mode=index', '-interval-list=30m', '-range-min-rsi=28', '-range-max-rsi=80', '-range-p-ema=50,250', '-target-margin-list=1.0,1.5,2.0,2.5,3.0,3.5,4.0,4.5,5.0', '-log-level=WARNING']
2023-11-26 20:13:22;UNIUSDT;30m;2.5;200;36;78;100.0;2;97.42;['-batch-training', '-calc-rsi', '-verbose', '-prediction-mode=index', '-interval-list=30m', '-range-min-rsi=28', '-range-max-rsi=80', '-range-p-ema=50,250', '-target-margin-list=1.0,1.5,2.0,2.5,3.0,3.5,4.0,4.5,5.0', '-log-level=WARNING']
2023-11-26 19:47:56;UNIUSDT;30m;1.0;150;36;72;100.0;2;97.44;['-batch-training', '-calc-rsi', '-verbose', '-prediction-mode=index', '-interval-list=30m', '-range-min-rsi=28', '-range-max-rsi=80', '-range-p-ema=50,250', '-target-margin-list=1.0,1.5,2.0,2.5,3.0,3.5,4.0,4.5,5.0', '-log-level=WARNING']
2023-11-26 20:02:46;UNIUSDT;30m;2.5;175;36;78;100.0;2;97.47;['-batch-training', '-calc-rsi', '-verbose', '-prediction-mode=index', '-interval-list=30m', '-range-min-rsi=28', '-range-max-rsi=80', '-range-p-ema=50,250', '-target-margin-list=1.0,1.5,2.0,2.5,3.0,3.5,4.0,4.5,5.0', '-log-level=WARNING']
2023-11-26 20:25:05;UNIUSDT;30m;2.5;225;34;72;100.0;6;97.48;['-batch-training', '-calc-rsi', '-verbose', '-prediction-mode=index', '-interval-list=30m', '-range-min-rsi=28', '-range-max-rsi=80', '-range-p-ema=50,250', '-target-margin-list=1.0,1.5,2.0,2.5,3.0,3.5,4.0,4.5,5.0', '-log-level=WARNING']
2023-11-26 19:40:40;UNIUSDT;30m;2.5;125;30;76;100.0;5;97.51;['-batch-training', '-calc-rsi', '-verbose', '-prediction-mode=index', '-interval-list=30m', '-range-min-rsi=28', '-range-max-rsi=80', '-range-p-ema=50,250', '-target-margin-list=1.0,1.5,2.0,2.5,3.0,3.5,4.0,4.5,5.0', '-log-level=WARNING']
2023-11-26 20:52:59;UNIUSDT;30m;2.5;50;30;76;100.0;5;97.51;['-batch-training', '-calc-rsi', '-verbose', '-prediction-mode=index', '-interval-list=30m', '-range-min-rsi=28', '-range-max-rsi=80', '-range-p-ema=50,250', '-target-margin-list=1.0,1.5,2.0,2.5,3.0,3.5,4.0,4.5,5.0', '-log-level=WARNING']
2023-11-26 19:52:11;UNIUSDT;30m;2.5;150;30;76;100.0;5;97.51;['-batch-training', '-calc-rsi', '-verbose', '-prediction-mode=index', '-interval-list=30m', '-range-min-rsi=28', '-range-max-rsi=80', '-range-p-ema=50,250', '-target-margin-list=1.0,1.5,2.0,2.5,3.0,3.5,4.0,4.5,5.0', '-log-level=WARNING']
2023-11-26 20:25:32;UNIUSDT;30m;2.5;225;30;76;100.0;5;97.51;['-batch-training', '-calc-rsi', '-verbose', '-prediction-mode=index', '-interval-list=30m', '-range-min-rsi=28', '-range-max-rsi=80', '-range-p-ema=50,250', '-target-margin-list=1.0,1.5,2.0,2.5,3.0,3.5,4.0,4.5,5.0', '-log-level=WARNING']
2023-11-26 19:29:11;UNIUSDT;30m;2.5;100;30;76;100.0;5;97.51;['-batch-training', '-calc-rsi', '-verbose', '-prediction-mode=index', '-interval-list=30m', '-range-min-rsi=28', '-range-max-rsi=80', '-range-p-ema=50,250', '-target-margin-list=1.0,1.5,2.0,2.5,3.0,3.5,4.0,4.5,5.0', '-log-level=WARNING']
2023-11-26 20:02:25;UNIUSDT;30m;2.5;175;30;76;100.0;5;97.51;['-batch-training', '-calc-rsi', '-verbose', '-prediction-mode=index', '-interval-list=30m', '-range-min-rsi=28', '-range-max-rsi=80', '-range-p-ema=50,250', '-target-margin-list=1.0,1.5,2.0,2.5,3.0,3.5,4.0,4.5,5.0', '-log-level=WARNING']
2023-11-26 20:12:57;UNIUSDT;30m;2.5;200;30;76;100.0;5;97.51;['-batch-training', '-calc-rsi', '-verbose', '-prediction-mode=index', '-interval-list=30m', '-range-min-rsi=28', '-range-max-rsi=80', '-range-p-ema=50,250', '-target-margin-list=1.0,1.5,2.0,2.5,3.0,3.5,4.0,4.5,5.0', '-log-level=WARNING']
2023-11-26 21:08:23;UNIUSDT;30m;2.5;75;30;76;100.0;5;97.51;['-batch-training', '-calc-rsi', '-verbose', '-prediction-mode=index', '-interval-list=30m', '-range-min-rsi=28', '-range-max-rsi=80', '-range-p-ema=50,250', '-target-margin-list=1.0,1.5,2.0,2.5,3.0,3.5,4.0,4.5,5.0', '-log-level=WARNING']
2023-11-26 20:34:45;UNIUSDT;30m;1.0;250;34;78;100.0;3;97.51;['-batch-training', '-calc-rsi', '-verbose', '-prediction-mode=index', '-interval-list=30m', '-range-min-rsi=28', '-range-max-rsi=80', '-range-p-ema=50,250', '-target-margin-list=1.0,1.5,2.0,2.5,3.0,3.5,4.0,4.5,5.0', '-log-level=WARNING']
2023-11-26 20:39:08;UNIUSDT;30m;2.5;250;30;78;100.0;4;97.52;['-batch-training', '-calc-rsi', '-verbose', '-prediction-mode=index', '-interval-list=30m', '-range-min-rsi=28', '-range-max-rsi=80', '-range-p-ema=50,250', '-target-margin-list=1.0,1.5,2.0,2.5,3.0,3.5,4.0,4.5,5.0', '-log-level=WARNING']
2023-11-26 20:36:18;UNIUSDT;30m;1.5;250;36;78;100.0;3;97.54;['-batch-training', '-calc-rsi', '-verbose', '-prediction-mode=index', '-interval-list=30m', '-range-min-rsi=28', '-range-max-rsi=80', '-range-p-ema=50,250', '-target-margin-list=1.0,1.5,2.0,2.5,3.0,3.5,4.0,4.5,5.0', '-log-level=WARNING']
2023-11-26 20:35:25;UNIUSDT;30m;1.5;250;36;72;100.0;2;97.55;['-batch-training', '-calc-rsi', '-verbose', '-prediction-mode=index', '-interval-list=30m', '-range-min-rsi=28', '-range-max-rsi=80', '-range-p-ema=50,250', '-target-margin-list=1.0,1.5,2.0,2.5,3.0,3.5,4.0,4.5,5.0', '-log-level=WARNING']
2023-11-26 21:08:09;UNIUSDT;30m;2.5;75;34;74;100.0;6;97.56;['-batch-training', '-calc-rsi', '-verbose', '-prediction-mode=index', '-interval-list=30m', '-range-min-rsi=28', '-range-max-rsi=80', '-range-p-ema=50,250', '-target-margin-list=1.0,1.5,2.0,2.5,3.0,3.5,4.0,4.5,5.0', '-log-level=WARNING']
2023-11-26 20:24:34;UNIUSDT;30m;2.0;225;36;78;100.0;2;97.56;['-batch-training', '-calc-rsi', '-verbose', '-prediction-mode=index', '-interval-list=30m', '-range-min-rsi=28', '-range-max-rsi=80', '-range-p-ema=50,250', '-target-margin-list=1.0,1.5,2.0,2.5,3.0,3.5,4.0,4.5,5.0', '-log-level=WARNING']
2023-11-26 19:29:02;UNIUSDT;30m;2.5;100;34;74;100.0;6;97.56;['-batch-training', '-calc-rsi', '-verbose', '-prediction-mode=index', '-interval-list=30m', '-range-min-rsi=28', '-range-max-rsi=80', '-range-p-ema=50,250', '-target-margin-list=1.0,1.5,2.0,2.5,3.0,3.5,4.0,4.5,5.0', '-log-level=WARNING']
2023-11-26 19:40:30;UNIUSDT;30m;2.5;125;34;74;100.0;6;97.56;['-batch-training', '-calc-rsi', '-verbose', '-prediction-mode=index', '-interval-list=30m', '-range-min-rsi=28', '-range-max-rsi=80', '-range-p-ema=50,250', '-target-margin-list=1.0,1.5,2.0,2.5,3.0,3.5,4.0,4.5,5.0', '-log-level=WARNING']
2023-11-26 20:52:46;UNIUSDT;30m;2.5;50;34;74;100.0;6;97.56;['-batch-training', '-calc-rsi', '-verbose', '-prediction-mode=index', '-interval-list=30m', '-range-min-rsi=28', '-range-max-rsi=80', '-range-p-ema=50,250', '-target-margin-list=1.0,1.5,2.0,2.5,3.0,3.5,4.0,4.5,5.0', '-log-level=WARNING']
2023-11-26 20:36:14;UNIUSDT;30m;1.5;250;34;78;100.0;7;97.59;['-batch-training', '-calc-rsi', '-verbose', '-prediction-mode=index', '-interval-list=30m', '-range-min-rsi=28', '-range-max-rsi=80', '-range-p-ema=50,250', '-target-margin-list=1.0,1.5,2.0,2.5,3.0,3.5,4.0,4.5,5.0', '-log-level=WARNING']
2023-11-26 20:21:01;UNIUSDT;30m;1.0;225;34;74;100.0;3;97.59;['-batch-training', '-calc-rsi', '-verbose', '-prediction-mode=index', '-interval-list=30m', '-range-min-rsi=28', '-range-max-rsi=80', '-range-p-ema=50,250', '-target-margin-list=1.0,1.5,2.0,2.5,3.0,3.5,4.0,4.5,5.0', '-log-level=WARNING']
2023-11-26 20:36:32;UNIUSDT;30m;1.5;250;34;80;100.0;3;97.6;['-batch-training', '-calc-rsi', '-verbose', '-prediction-mode=index', '-interval-list=30m', '-range-min-rsi=28', '-range-max-rsi=80', '-range-p-ema=50,250', '-target-margin-list=1.0,1.5,2.0,2.5,3.0,3.5,4.0,4.5,5.0', '-log-level=WARNING']
2023-11-26 20:35:38;UNIUSDT;30m;1.5;250;34;74;100.0;7;97.6;['-batch-training', '-calc-rsi', '-verbose', '-prediction-mode=index', '-interval-list=30m', '-range-min-rsi=28', '-range-max-rsi=80', '-range-p-ema=50,250', '-target-margin-list=1.0,1.5,2.0,2.5,3.0,3.5,4.0,4.5,5.0', '-log-level=WARNING']
2023-11-26 20:21:22;UNIUSDT;30m;1.0;225;36;76;100.0;3;97.61;['-batch-training', '-calc-rsi', '-verbose', '-prediction-mode=index', '-interval-list=30m', '-range-min-rsi=28', '-range-max-rsi=80', '-range-p-ema=50,250', '-target-margin-list=1.0,1.5,2.0,2.5,3.0,3.5,4.0,4.5,5.0', '-log-level=WARNING']
2023-11-26 20:00:32;UNIUSDT;30m;1.5;175;36;78;100.0;3;97.66;['-batch-training', '-calc-rsi', '-verbose', '-prediction-mode=index', '-interval-list=30m', '-range-min-rsi=28', '-range-max-rsi=80', '-range-p-ema=50,250', '-target-margin-list=1.0,1.5,2.0,2.5,3.0,3.5,4.0,4.5,5.0', '-log-level=WARNING']
2023-11-26 20:10:43;UNIUSDT;30m;1.5;200;36;78;100.0;3;97.67;['-batch-training', '-calc-rsi', '-verbose', '-prediction-mode=index', '-interval-list=30m', '-range-min-rsi=28', '-range-max-rsi=80', '-range-p-ema=50,250', '-target-margin-list=1.0,1.5,2.0,2.5,3.0,3.5,4.0,4.5,5.0', '-log-level=WARNING']
2023-11-26 19:51:47;UNIUSDT;30m;2.5;150;34;72;100.0;6;97.69;['-batch-training', '-calc-rsi', '-verbose', '-prediction-mode=index', '-interval-list=30m', '-range-min-rsi=28', '-range-max-rsi=80', '-range-p-ema=50,250', '-target-margin-list=1.0,1.5,2.0,2.5,3.0,3.5,4.0,4.5,5.0', '-log-level=WARNING']
2023-11-26 20:02:04;UNIUSDT;30m;2.5;175;34;72;100.0;6;97.69;['-batch-training', '-calc-rsi', '-verbose', '-prediction-mode=index', '-interval-list=30m', '-range-min-rsi=28', '-range-max-rsi=80', '-range-p-ema=50,250', '-target-margin-list=1.0,1.5,2.0,2.5,3.0,3.5,4.0,4.5,5.0', '-log-level=WARNING']
2023-11-26 20:47:56;UNIUSDT;30m;1.0;50;34;74;100.0;2;97.7;['-batch-training', '-calc-rsi', '-verbose', '-prediction-mode=index', '-interval-list=30m', '-range-min-rsi=28', '-range-max-rsi=80', '-range-p-ema=50,250', '-target-margin-list=1.0,1.5,2.0,2.5,3.0,3.5,4.0,4.5,5.0', '-log-level=WARNING']
2023-11-26 21:02:44;UNIUSDT;30m;1.0;75;34;74;100.0;2;97.7;['-batch-training', '-calc-rsi', '-verbose', '-prediction-mode=index', '-interval-list=30m', '-range-min-rsi=28', '-range-max-rsi=80', '-range-p-ema=50,250', '-target-margin-list=1.0,1.5,2.0,2.5,3.0,3.5,4.0,4.5,5.0', '-log-level=WARNING']
2023-11-26 19:36:35;UNIUSDT;30m;1.0;125;34;74;100.0;2;97.7;['-batch-training', '-calc-rsi', '-verbose', '-prediction-mode=index', '-interval-list=30m', '-range-min-rsi=28', '-range-max-rsi=80', '-range-p-ema=50,250', '-target-margin-list=1.0,1.5,2.0,2.5,3.0,3.5,4.0,4.5,5.0', '-log-level=WARNING']
2023-11-26 19:25:07;UNIUSDT;30m;1.0;100;34;74;100.0;2;97.7;['-batch-training', '-calc-rsi', '-verbose', '-prediction-mode=index', '-interval-list=30m', '-range-min-rsi=28', '-range-max-rsi=80', '-range-p-ema=50,250', '-target-margin-list=1.0,1.5,2.0,2.5,3.0,3.5,4.0,4.5,5.0', '-log-level=WARNING']
2023-11-26 19:48:05;UNIUSDT;30m;1.0;150;32;74;100.0;2;97.72;['-batch-training', '-calc-rsi', '-verbose', '-prediction-mode=index', '-interval-list=30m', '-range-min-rsi=28', '-range-max-rsi=80', '-range-p-ema=50,250', '-target-margin-list=1.0,1.5,2.0,2.5,3.0,3.5,4.0,4.5,5.0', '-log-level=WARNING']
2023-11-26 20:36:10;UNIUSDT;30m;1.5;250;32;78;100.0;7;97.72;['-batch-training', '-calc-rsi', '-verbose', '-prediction-mode=index', '-interval-list=30m', '-range-min-rsi=28', '-range-max-rsi=80', '-range-p-ema=50,250', '-target-margin-list=1.0,1.5,2.0,2.5,3.0,3.5,4.0,4.5,5.0', '-log-level=WARNING']
2023-11-26 20:00:01;UNIUSDT;30m;1.5;175;34;74;100.0;7;97.72;['-batch-training', '-calc-rsi', '-verbose', '-prediction-mode=index', '-interval-list=30m', '-range-min-rsi=28', '-range-max-rsi=80', '-range-p-ema=50,250', '-target-margin-list=1.0,1.5,2.0,2.5,3.0,3.5,4.0,4.5,5.0', '-log-level=WARNING']
2023-11-26 20:10:56;UNIUSDT;30m;1.5;200;34;80;100.0;3;97.73;['-batch-training', '-calc-rsi', '-verbose', '-prediction-mode=index', '-interval-list=30m', '-range-min-rsi=28', '-range-max-rsi=80', '-range-p-ema=50,250', '-target-margin-list=1.0,1.5,2.0,2.5,3.0,3.5,4.0,4.5,5.0', '-log-level=WARNING']
2023-11-26 20:22:15;UNIUSDT;30m;1.5;225;36;72;100.0;2;97.74;['-batch-training', '-calc-rsi', '-verbose', '-prediction-mode=index', '-interval-list=30m', '-range-min-rsi=28', '-range-max-rsi=80', '-range-p-ema=50,250', '-target-margin-list=1.0,1.5,2.0,2.5,3.0,3.5,4.0,4.5,5.0', '-log-level=WARNING']
2023-11-26 20:10:09;UNIUSDT;30m;1.5;200;34;74;100.0;7;97.74;['-batch-training', '-calc-rsi', '-verbose', '-prediction-mode=index', '-interval-list=30m', '-range-min-rsi=28', '-range-max-rsi=80', '-range-p-ema=50,250', '-target-margin-list=1.0,1.5,2.0,2.5,3.0,3.5,4.0,4.5,5.0', '-log-level=WARNING']
2023-11-26 19:51:37;UNIUSDT;30m;2.5;150;28;72;100.0;5;97.77;['-batch-training', '-calc-rsi', '-verbose', '-prediction-mode=index', '-interval-list=30m', '-range-min-rsi=28', '-range-max-rsi=80', '-range-p-ema=50,250', '-target-margin-list=1.0,1.5,2.0,2.5,3.0,3.5,4.0,4.5,5.0', '-log-level=WARNING']
2023-11-26 20:01:56;UNIUSDT;30m;2.5;175;28;72;100.0;5;97.77;['-batch-training', '-calc-rsi', '-verbose', '-prediction-mode=index', '-interval-list=30m', '-range-min-rsi=28', '-range-max-rsi=80', '-range-p-ema=50,250', '-target-margin-list=1.0,1.5,2.0,2.5,3.0,3.5,4.0,4.5,5.0', '-log-level=WARNING']
2023-11-26 21:07:34;UNIUSDT;30m;2.5;75;28;72;100.0;5;97.77;['-batch-training', '-calc-rsi', '-verbose', '-prediction-mode=index', '-interval-list=30m', '-range-min-rsi=28', '-range-max-rsi=80', '-range-p-ema=50,250', '-target-margin-list=1.0,1.5,2.0,2.5,3.0,3.5,4.0,4.5,5.0', '-log-level=WARNING']
2023-11-26 19:40:06;UNIUSDT;30m;2.5;125;28;72;100.0;5;97.77;['-batch-training', '-calc-rsi', '-verbose', '-prediction-mode=index', '-interval-list=30m', '-range-min-rsi=28', '-range-max-rsi=80', '-range-p-ema=50,250', '-target-margin-list=1.0,1.5,2.0,2.5,3.0,3.5,4.0,4.5,5.0', '-log-level=WARNING']
2023-11-26 20:12:21;UNIUSDT;30m;2.5;200;28;72;100.0;5;97.77;['-batch-training', '-calc-rsi', '-verbose', '-prediction-mode=index', '-interval-list=30m', '-range-min-rsi=28', '-range-max-rsi=80', '-range-p-ema=50,250', '-target-margin-list=1.0,1.5,2.0,2.5,3.0,3.5,4.0,4.5,5.0', '-log-level=WARNING']
2023-11-26 20:24:55;UNIUSDT;30m;2.5;225;28;72;100.0;5;97.77;['-batch-training', '-calc-rsi', '-verbose', '-prediction-mode=index', '-interval-list=30m', '-range-min-rsi=28', '-range-max-rsi=80', '-range-p-ema=50,250', '-target-margin-list=1.0,1.5,2.0,2.5,3.0,3.5,4.0,4.5,5.0', '-log-level=WARNING']
2023-11-26 20:52:14;UNIUSDT;30m;2.5;50;28;72;100.0;5;97.77;['-batch-training', '-calc-rsi', '-verbose', '-prediction-mode=index', '-interval-list=30m', '-range-min-rsi=28', '-range-max-rsi=80', '-range-p-ema=50,250', '-target-margin-list=1.0,1.5,2.0,2.5,3.0,3.5,4.0,4.5,5.0', '-log-level=WARNING']
2023-11-26 19:28:38;UNIUSDT;30m;2.5;100;28;72;100.0;5;97.77;['-batch-training', '-calc-rsi', '-verbose', '-prediction-mode=index', '-interval-list=30m', '-range-min-rsi=28', '-range-max-rsi=80', '-range-p-ema=50,250', '-target-margin-list=1.0,1.5,2.0,2.5,3.0,3.5,4.0,4.5,5.0', '-log-level=WARNING']
2023-11-26 20:53:10;UNIUSDT;30m;2.5;50;36;76;100.0;5;97.8;['-batch-training', '-calc-rsi', '-verbose', '-prediction-mode=index', '-interval-list=30m', '-range-min-rsi=28', '-range-max-rsi=80', '-range-p-ema=50,250', '-target-margin-list=1.0,1.5,2.0,2.5,3.0,3.5,4.0,4.5,5.0', '-log-level=WARNING']
2023-11-26 19:41:35;UNIUSDT;30m;3.0;125;36;72;100.0;5;97.8;['-batch-training', '-calc-rsi', '-verbose', '-prediction-mode=index', '-interval-list=30m', '-range-min-rsi=28', '-range-max-rsi=80', '-range-p-ema=50,250', '-target-margin-list=1.0,1.5,2.0,2.5,3.0,3.5,4.0,4.5,5.0', '-log-level=WARNING']
2023-11-26 21:08:35;UNIUSDT;30m;2.5;75;36;76;100.0;5;97.8;['-batch-training', '-calc-rsi', '-verbose', '-prediction-mode=index', '-interval-list=30m', '-range-min-rsi=28', '-range-max-rsi=80', '-range-p-ema=50,250', '-target-margin-list=1.0,1.5,2.0,2.5,3.0,3.5,4.0,4.5,5.0', '-log-level=WARNING']
2023-11-26 20:54:10;UNIUSDT;30m;3.0;50;36;72;100.0;5;97.8;['-batch-training', '-calc-rsi', '-verbose', '-prediction-mode=index', '-interval-list=30m', '-range-min-rsi=28', '-range-max-rsi=80', '-range-p-ema=50,250', '-target-margin-list=1.0,1.5,2.0,2.5,3.0,3.5,4.0,4.5,5.0', '-log-level=WARNING']
2023-11-26 19:30:06;UNIUSDT;30m;3.0;100;36;72;100.0;5;97.8;['-batch-training', '-calc-rsi', '-verbose', '-prediction-mode=index', '-interval-list=30m', '-range-min-rsi=28', '-range-max-rsi=80', '-range-p-ema=50,250', '-target-margin-list=1.0,1.5,2.0,2.5,3.0,3.5,4.0,4.5,5.0', '-log-level=WARNING']
2023-11-26 19:29:20;UNIUSDT;30m;2.5;100;36;76;100.0;5;97.8;['-batch-training', '-calc-rsi', '-verbose', '-prediction-mode=index', '-interval-list=30m', '-range-min-rsi=28', '-range-max-rsi=80', '-range-p-ema=50,250', '-target-margin-list=1.0,1.5,2.0,2.5,3.0,3.5,4.0,4.5,5.0', '-log-level=WARNING']
2023-11-26 20:33:50;UNIUSDT;30m;1.0;250;34;72;100.0;3;97.8;['-batch-training', '-calc-rsi', '-verbose', '-prediction-mode=index', '-interval-list=30m', '-range-min-rsi=28', '-range-max-rsi=80', '-range-p-ema=50,250', '-target-margin-list=1.0,1.5,2.0,2.5,3.0,3.5,4.0,4.5,5.0', '-log-level=WARNING']
2023-11-26 20:38:20;UNIUSDT;30m;2.5;250;34;72;100.0;6;97.8;['-batch-training', '-calc-rsi', '-verbose', '-prediction-mode=index', '-interval-list=30m', '-range-min-rsi=28', '-range-max-rsi=80', '-range-p-ema=50,250', '-target-margin-list=1.0,1.5,2.0,2.5,3.0,3.5,4.0,4.5,5.0', '-log-level=WARNING']
2023-11-26 21:09:38;UNIUSDT;30m;3.0;75;36;72;100.0;5;97.8;['-batch-training', '-calc-rsi', '-verbose', '-prediction-mode=index', '-interval-list=30m', '-range-min-rsi=28', '-range-max-rsi=80', '-range-p-ema=50,250', '-target-margin-list=1.0,1.5,2.0,2.5,3.0,3.5,4.0,4.5,5.0', '-log-level=WARNING']
2023-11-26 19:40:48;UNIUSDT;30m;2.5;125;36;76;100.0;5;97.8;['-batch-training', '-calc-rsi', '-verbose', '-prediction-mode=index', '-interval-list=30m', '-range-min-rsi=28', '-range-max-rsi=80', '-range-p-ema=50,250', '-target-margin-list=1.0,1.5,2.0,2.5,3.0,3.5,4.0,4.5,5.0', '-log-level=WARNING']
2023-11-26 19:36:15;UNIUSDT;30m;1.0;125;32;72;100.0;6;97.9;['-batch-training', '-calc-rsi', '-verbose', '-prediction-mode=index', '-interval-list=30m', '-range-min-rsi=28', '-range-max-rsi=80', '-range-p-ema=50,250', '-target-margin-list=1.0,1.5,2.0,2.5,3.0,3.5,4.0,4.5,5.0', '-log-level=WARNING']
2023-11-26 20:10:40;UNIUSDT;30m;1.5;200;34;78;100.0;7;97.9;['-batch-training', '-calc-rsi', '-verbose', '-prediction-mode=index', '-interval-list=30m', '-range-min-rsi=28', '-range-max-rsi=80', '-range-p-ema=50,250', '-target-margin-list=1.0,1.5,2.0,2.5,3.0,3.5,4.0,4.5,5.0', '-log-level=WARNING']
2023-11-26 21:02:20;UNIUSDT;30m;1.0;75;32;72;100.0;6;97.9;['-batch-training', '-calc-rsi', '-verbose', '-prediction-mode=index', '-interval-list=30m', '-range-min-rsi=28', '-range-max-rsi=80', '-range-p-ema=50,250', '-target-margin-list=1.0,1.5,2.0,2.5,3.0,3.5,4.0,4.5,5.0', '-log-level=WARNING']
2023-11-26 19:24:49;UNIUSDT;30m;1.0;100;32;72;100.0;6;97.9;['-batch-training', '-calc-rsi', '-verbose', '-prediction-mode=index', '-interval-list=30m', '-range-min-rsi=28', '-range-max-rsi=80', '-range-p-ema=50,250', '-target-margin-list=1.0,1.5,2.0,2.5,3.0,3.5,4.0,4.5,5.0', '-log-level=WARNING']
2023-11-26 20:47:34;UNIUSDT;30m;1.0;50;32;72;100.0;6;97.9;['-batch-training', '-calc-rsi', '-verbose', '-prediction-mode=index', '-interval-list=30m', '-range-min-rsi=28', '-range-max-rsi=80', '-range-p-ema=50,250', '-target-margin-list=1.0,1.5,2.0,2.5,3.0,3.5,4.0,4.5,5.0', '-log-level=WARNING']
2023-11-26 20:38:31;UNIUSDT;30m;2.5;250;30;74;100.0;4;97.92;['-batch-training', '-calc-rsi', '-verbose', '-prediction-mode=index', '-interval-list=30m', '-range-min-rsi=28', '-range-max-rsi=80', '-range-p-ema=50,250', '-target-margin-list=1.0,1.5,2.0,2.5,3.0,3.5,4.0,4.5,5.0', '-log-level=WARNING']
2023-11-26 19:35:07;UNIUSDT;30m;5.0;100;28;74;100.0;2;97.93;['-batch-training', '-calc-rsi', '-verbose', '-prediction-mode=index', '-interval-list=30m', '-range-min-rsi=28', '-range-max-rsi=80', '-range-p-ema=50,250', '-target-margin-list=1.0,1.5,2.0,2.5,3.0,3.5,4.0,4.5,5.0', '-log-level=WARNING']
2023-11-26 21:00:52;UNIUSDT;30m;5.0;50;28;74;100.0;2;97.93;['-batch-training', '-calc-rsi', '-verbose', '-prediction-mode=index', '-interval-list=30m', '-range-min-rsi=28', '-range-max-rsi=80', '-range-p-ema=50,250', '-target-margin-list=1.0,1.5,2.0,2.5,3.0,3.5,4.0,4.5,5.0', '-log-level=WARNING']
2023-11-26 21:16:13;UNIUSDT;30m;5.0;75;28;74;100.0;2;97.93;['-batch-training', '-calc-rsi', '-verbose', '-prediction-mode=index', '-interval-list=30m', '-range-min-rsi=28', '-range-max-rsi=80', '-range-p-ema=50,250', '-target-margin-list=1.0,1.5,2.0,2.5,3.0,3.5,4.0,4.5,5.0', '-log-level=WARNING']
2023-11-26 20:19:26;UNIUSDT;30m;5.0;200;28;74;100.0;2;97.93;['-batch-training', '-calc-rsi', '-verbose', '-prediction-mode=index', '-interval-list=30m', '-range-min-rsi=28', '-range-max-rsi=80', '-range-p-ema=50,250', '-target-margin-list=1.0,1.5,2.0,2.5,3.0,3.5,4.0,4.5,5.0', '-log-level=WARNING']
2023-11-26 20:46:10;UNIUSDT;30m;5.0;250;28;74;100.0;2;97.93;['-batch-training', '-calc-rsi', '-verbose', '-prediction-mode=index', '-interval-list=30m', '-range-min-rsi=28', '-range-max-rsi=80', '-range-p-ema=50,250', '-target-margin-list=1.0,1.5,2.0,2.5,3.0,3.5,4.0,4.5,5.0', '-log-level=WARNING']
2023-11-26 19:57:38;UNIUSDT;30m;5.0;150;28;74;100.0;2;97.93;['-batch-training', '-calc-rsi', '-verbose', '-prediction-mode=index', '-interval-list=30m', '-range-min-rsi=28', '-range-max-rsi=80', '-range-p-ema=50,250', '-target-margin-list=1.0,1.5,2.0,2.5,3.0,3.5,4.0,4.5,5.0', '-log-level=WARNING']
2023-11-26 20:07:40;UNIUSDT;30m;5.0;175;28;74;100.0;2;97.93;['-batch-training', '-calc-rsi', '-verbose', '-prediction-mode=index', '-interval-list=30m', '-range-min-rsi=28', '-range-max-rsi=80', '-range-p-ema=50,250', '-target-margin-list=1.0,1.5,2.0,2.5,3.0,3.5,4.0,4.5,5.0', '-log-level=WARNING']
2023-11-26 19:46:42;UNIUSDT;30m;5.0;125;28;74;100.0;2;97.93;['-batch-training', '-calc-rsi', '-verbose', '-prediction-mode=index', '-interval-list=30m', '-range-min-rsi=28', '-range-max-rsi=80', '-range-p-ema=50,250', '-target-margin-list=1.0,1.5,2.0,2.5,3.0,3.5,4.0,4.5,5.0', '-log-level=WARNING']
2023-11-26 20:32:28;UNIUSDT;30m;5.0;225;28;74;100.0;2;97.93;['-batch-training', '-calc-rsi', '-verbose', '-prediction-mode=index', '-interval-list=30m', '-range-min-rsi=28', '-range-max-rsi=80', '-range-p-ema=50,250', '-target-margin-list=1.0,1.5,2.0,2.5,3.0,3.5,4.0,4.5,5.0', '-log-level=WARNING']
2023-11-26 20:36:22;UNIUSDT;30m;1.5;250;28;80;100.0;5;97.94;['-batch-training', '-calc-rsi', '-verbose', '-prediction-mode=index', '-interval-list=30m', '-range-min-rsi=28', '-range-max-rsi=80', '-range-p-ema=50,250', '-target-margin-list=1.0,1.5,2.0,2.5,3.0,3.5,4.0,4.5,5.0', '-log-level=WARNING']
2023-11-26 19:58:17;UNIUSDT;30m;5.0;150;28;80;100.0;3;97.95;['-batch-training', '-calc-rsi', '-verbose', '-prediction-mode=index', '-interval-list=30m', '-range-min-rsi=28', '-range-max-rsi=80', '-range-p-ema=50,250', '-target-margin-list=1.0,1.5,2.0,2.5,3.0,3.5,4.0,4.5,5.0', '-log-level=WARNING']
2023-11-26 20:08:19;UNIUSDT;30m;5.0;175;28;80;100.0;3;97.95;['-batch-training', '-calc-rsi', '-verbose', '-prediction-mode=index', '-interval-list=30m', '-range-min-rsi=28', '-range-max-rsi=80', '-range-p-ema=50,250', '-target-margin-list=1.0,1.5,2.0,2.5,3.0,3.5,4.0,4.5,5.0', '-log-level=WARNING']
2023-11-26 20:47:07;UNIUSDT;30m;5.0;250;28;80;100.0;3;97.95;['-batch-training', '-calc-rsi', '-verbose', '-prediction-mode=index', '-interval-list=30m', '-range-min-rsi=28', '-range-max-rsi=80', '-range-p-ema=50,250', '-target-margin-list=1.0,1.5,2.0,2.5,3.0,3.5,4.0,4.5,5.0', '-log-level=WARNING']
2023-11-26 19:35:53;UNIUSDT;30m;5.0;100;28;80;100.0;3;97.95;['-batch-training', '-calc-rsi', '-verbose', '-prediction-mode=index', '-interval-list=30m', '-range-min-rsi=28', '-range-max-rsi=80', '-range-p-ema=50,250', '-target-margin-list=1.0,1.5,2.0,2.5,3.0,3.5,4.0,4.5,5.0', '-log-level=WARNING']
2023-11-26 20:33:21;UNIUSDT;30m;5.0;225;28;80;100.0;3;97.95;['-batch-training', '-calc-rsi', '-verbose', '-prediction-mode=index', '-interval-list=30m', '-range-min-rsi=28', '-range-max-rsi=80', '-range-p-ema=50,250', '-target-margin-list=1.0,1.5,2.0,2.5,3.0,3.5,4.0,4.5,5.0', '-log-level=WARNING']
2023-11-26 20:20:16;UNIUSDT;30m;5.0;200;28;80;100.0;3;97.95;['-batch-training', '-calc-rsi', '-verbose', '-prediction-mode=index', '-interval-list=30m', '-range-min-rsi=28', '-range-max-rsi=80', '-range-p-ema=50,250', '-target-margin-list=1.0,1.5,2.0,2.5,3.0,3.5,4.0,4.5,5.0', '-log-level=WARNING']
2023-11-26 21:17:04;UNIUSDT;30m;5.0;75;28;80;100.0;3;97.95;['-batch-training', '-calc-rsi', '-verbose', '-prediction-mode=index', '-interval-list=30m', '-range-min-rsi=28', '-range-max-rsi=80', '-range-p-ema=50,250', '-target-margin-list=1.0,1.5,2.0,2.5,3.0,3.5,4.0,4.5,5.0', '-log-level=WARNING']
2023-11-26 19:47:28;UNIUSDT;30m;5.0;125;28;80;100.0;3;97.95;['-batch-training', '-calc-rsi', '-verbose', '-prediction-mode=index', '-interval-list=30m', '-range-min-rsi=28', '-range-max-rsi=80', '-range-p-ema=50,250', '-target-margin-list=1.0,1.5,2.0,2.5,3.0,3.5,4.0,4.5,5.0', '-log-level=WARNING']
2023-11-26 21:01:53;UNIUSDT;30m;5.0;50;28;80;100.0;3;97.95;['-batch-training', '-calc-rsi', '-verbose', '-prediction-mode=index', '-interval-list=30m', '-range-min-rsi=28', '-range-max-rsi=80', '-range-p-ema=50,250', '-target-margin-list=1.0,1.5,2.0,2.5,3.0,3.5,4.0,4.5,5.0', '-log-level=WARNING']
2023-11-26 20:37:48;UNIUSDT;30m;2.0;250;36;78;100.0;2;97.98;['-batch-training', '-calc-rsi', '-verbose', '-prediction-mode=index', '-interval-list=30m', '-range-min-rsi=28', '-range-max-rsi=80', '-range-p-ema=50,250', '-target-margin-list=1.0,1.5,2.0,2.5,3.0,3.5,4.0,4.5,5.0', '-log-level=WARNING']
2023-11-26 21:05:01;UNIUSDT;30m;1.5;75;28;78;100.0;2;97.99;['-batch-training', '-calc-rsi', '-verbose', '-prediction-mode=index', '-interval-list=30m', '-range-min-rsi=28', '-range-max-rsi=80', '-range-p-ema=50,250', '-target-margin-list=1.0,1.5,2.0,2.5,3.0,3.5,4.0,4.5,5.0', '-log-level=WARNING']
2023-11-26 19:49:48;UNIUSDT;30m;1.5;150;28;78;100.0;2;97.99;['-batch-training', '-calc-rsi', '-verbose', '-prediction-mode=index', '-interval-list=30m', '-range-min-rsi=28', '-range-max-rsi=80', '-range-p-ema=50,250', '-target-margin-list=1.0,1.5,2.0,2.5,3.0,3.5,4.0,4.5,5.0', '-log-level=WARNING']
2023-11-26 20:49:59;UNIUSDT;30m;1.5;50;28;78;100.0;2;97.99;['-batch-training', '-calc-rsi', '-verbose', '-prediction-mode=index', '-interval-list=30m', '-range-min-rsi=28', '-range-max-rsi=80', '-range-p-ema=50,250', '-target-margin-list=1.0,1.5,2.0,2.5,3.0,3.5,4.0,4.5,5.0', '-log-level=WARNING']
2023-11-26 19:38:17;UNIUSDT;30m;1.5;125;28;78;100.0;2;97.99;['-batch-training', '-calc-rsi', '-verbose', '-prediction-mode=index', '-interval-list=30m', '-range-min-rsi=28', '-range-max-rsi=80', '-range-p-ema=50,250', '-target-margin-list=1.0,1.5,2.0,2.5,3.0,3.5,4.0,4.5,5.0', '-log-level=WARNING']
2023-11-26 20:10:31;UNIUSDT;30m;1.5;200;28;78;100.0;2;97.99;['-batch-training', '-calc-rsi', '-verbose', '-prediction-mode=index', '-interval-list=30m', '-range-min-rsi=28', '-range-max-rsi=80', '-range-p-ema=50,250', '-target-margin-list=1.0,1.5,2.0,2.5,3.0,3.5,4.0,4.5,5.0', '-log-level=WARNING']
2023-11-26 20:22:53;UNIUSDT;30m;1.5;225;28;78;100.0;2;97.99;['-batch-training', '-calc-rsi', '-verbose', '-prediction-mode=index', '-interval-list=30m', '-range-min-rsi=28', '-range-max-rsi=80', '-range-p-ema=50,250', '-target-margin-list=1.0,1.5,2.0,2.5,3.0,3.5,4.0,4.5,5.0', '-log-level=WARNING']
2023-11-26 20:00:21;UNIUSDT;30m;1.5;175;28;78;100.0;2;97.99;['-batch-training', '-calc-rsi', '-verbose', '-prediction-mode=index', '-interval-list=30m', '-range-min-rsi=28', '-range-max-rsi=80', '-range-p-ema=50,250', '-target-margin-list=1.0,1.5,2.0,2.5,3.0,3.5,4.0,4.5,5.0', '-log-level=WARNING']
2023-11-26 19:26:48;UNIUSDT;30m;1.5;100;28;78;100.0;2;97.99;['-batch-training', '-calc-rsi', '-verbose', '-prediction-mode=index', '-interval-list=30m', '-range-min-rsi=28', '-range-max-rsi=80', '-range-p-ema=50,250', '-target-margin-list=1.0,1.5,2.0,2.5,3.0,3.5,4.0,4.5,5.0', '-log-level=WARNING']
2023-11-26 19:53:43;UNIUSDT;30m;3.0;150;36;78;100.0;4;98.05;['-batch-training', '-calc-rsi', '-verbose', '-prediction-mode=index', '-interval-list=30m', '-range-min-rsi=28', '-range-max-rsi=80', '-range-p-ema=50,250', '-target-margin-list=1.0,1.5,2.0,2.5,3.0,3.5,4.0,4.5,5.0', '-log-level=WARNING']
2023-11-26 20:07:06;UNIUSDT;30m;4.5;175;32;78;100.0;4;98.08;['-batch-training', '-calc-rsi', '-verbose', '-prediction-mode=index', '-interval-list=30m', '-range-min-rsi=28', '-range-max-rsi=80', '-range-p-ema=50,250', '-target-margin-list=1.0,1.5,2.0,2.5,3.0,3.5,4.0,4.5,5.0', '-log-level=WARNING']
2023-11-26 19:33:58;UNIUSDT;30m;4.5;100;32;74;100.0;4;98.08;['-batch-training', '-calc-rsi', '-verbose', '-prediction-mode=index', '-interval-list=30m', '-range-min-rsi=28', '-range-max-rsi=80', '-range-p-ema=50,250', '-target-margin-list=1.0,1.5,2.0,2.5,3.0,3.5,4.0,4.5,5.0', '-log-level=WARNING']
2023-11-26 20:44:45;UNIUSDT;30m;4.5;250;32;74;100.0;4;98.08;['-batch-training', '-calc-rsi', '-verbose', '-prediction-mode=index', '-interval-list=30m', '-range-min-rsi=28', '-range-max-rsi=80', '-range-p-ema=50,250', '-target-margin-list=1.0,1.5,2.0,2.5,3.0,3.5,4.0,4.5,5.0', '-log-level=WARNING']
2023-11-26 20:18:26;UNIUSDT;30m;4.5;200;32;76;100.0;4;98.08;['-batch-training', '-calc-rsi', '-verbose', '-prediction-mode=index', '-interval-list=30m', '-range-min-rsi=28', '-range-max-rsi=80', '-range-p-ema=50,250', '-target-margin-list=1.0,1.5,2.0,2.5,3.0,3.5,4.0,4.5,5.0', '-log-level=WARNING']
2023-11-26 20:59:39;UNIUSDT;30m;4.5;50;32;76;100.0;4;98.08;['-batch-training', '-calc-rsi', '-verbose', '-prediction-mode=index', '-interval-list=30m', '-range-min-rsi=28', '-range-max-rsi=80', '-range-p-ema=50,250', '-target-margin-list=1.0,1.5,2.0,2.5,3.0,3.5,4.0,4.5,5.0', '-log-level=WARNING']
2023-11-26 19:56:35;UNIUSDT;30m;4.5;150;32;74;100.0;4;98.08;['-batch-training', '-calc-rsi', '-verbose', '-prediction-mode=index', '-interval-list=30m', '-range-min-rsi=28', '-range-max-rsi=80', '-range-p-ema=50,250', '-target-margin-list=1.0,1.5,2.0,2.5,3.0,3.5,4.0,4.5,5.0', '-log-level=WARNING']
2023-11-26 20:06:52;UNIUSDT;30m;4.5;175;32;76;100.0;4;98.08;['-batch-training', '-calc-rsi', '-verbose', '-prediction-mode=index', '-interval-list=30m', '-range-min-rsi=28', '-range-max-rsi=80', '-range-p-ema=50,250', '-target-margin-list=1.0,1.5,2.0,2.5,3.0,3.5,4.0,4.5,5.0', '-log-level=WARNING']
2023-11-26 20:18:09;UNIUSDT;30m;4.5;200;32;74;100.0;4;98.08;['-batch-training', '-calc-rsi', '-verbose', '-prediction-mode=index', '-interval-list=30m', '-range-min-rsi=28', '-range-max-rsi=80', '-range-p-ema=50,250', '-target-margin-list=1.0,1.5,2.0,2.5,3.0,3.5,4.0,4.5,5.0', '-log-level=WARNING']
2023-11-26 19:57:02;UNIUSDT;30m;4.5;150;32;78;100.0;4;98.08;['-batch-training', '-calc-rsi', '-verbose', '-prediction-mode=index', '-interval-list=30m', '-range-min-rsi=28', '-range-max-rsi=80', '-range-p-ema=50,250', '-target-margin-list=1.0,1.5,2.0,2.5,3.0,3.5,4.0,4.5,5.0', '-log-level=WARNING']
2023-11-26 20:45:22;UNIUSDT;30m;4.5;250;32;78;100.0;4;98.08;['-batch-training', '-calc-rsi', '-verbose', '-prediction-mode=index', '-interval-list=30m', '-range-min-rsi=28', '-range-max-rsi=80', '-range-p-ema=50,250', '-target-margin-list=1.0,1.5,2.0,2.5,3.0,3.5,4.0,4.5,5.0', '-log-level=WARNING']
2023-11-26 19:46:02;UNIUSDT;30m;4.5;125;32;78;100.0;4;98.08;['-batch-training', '-calc-rsi', '-verbose', '-prediction-mode=index', '-interval-list=30m', '-range-min-rsi=28', '-range-max-rsi=80', '-range-p-ema=50,250', '-target-margin-list=1.0,1.5,2.0,2.5,3.0,3.5,4.0,4.5,5.0', '-log-level=WARNING']
2023-11-26 20:18:43;UNIUSDT;30m;4.5;200;32;78;100.0;4;98.08;['-batch-training', '-calc-rsi', '-verbose', '-prediction-mode=index', '-interval-list=30m', '-range-min-rsi=28', '-range-max-rsi=80', '-range-p-ema=50,250', '-target-margin-list=1.0,1.5,2.0,2.5,3.0,3.5,4.0,4.5,5.0', '-log-level=WARNING']
2023-11-26 19:45:31;UNIUSDT;30m;4.5;125;32;74;100.0;4;98.08;['-batch-training', '-calc-rsi', '-verbose', '-prediction-mode=index', '-interval-list=30m', '-range-min-rsi=28', '-range-max-rsi=80', '-range-p-ema=50,250', '-target-margin-list=1.0,1.5,2.0,2.5,3.0,3.5,4.0,4.5,5.0', '-log-level=WARNING']
2023-11-26 19:34:27;UNIUSDT;30m;4.5;100;32;78;100.0;4;98.08;['-batch-training', '-calc-rsi', '-verbose', '-prediction-mode=index', '-interval-list=30m', '-range-min-rsi=28', '-range-max-rsi=80', '-range-p-ema=50,250', '-target-margin-list=1.0,1.5,2.0,2.5,3.0,3.5,4.0,4.5,5.0', '-log-level=WARNING']
2023-11-26 19:45:46;UNIUSDT;30m;4.5;125;32;76;100.0;4;98.08;['-batch-training', '-calc-rsi', '-verbose', '-prediction-mode=index', '-interval-list=30m', '-range-min-rsi=28', '-range-max-rsi=80', '-range-p-ema=50,250', '-target-margin-list=1.0,1.5,2.0,2.5,3.0,3.5,4.0,4.5,5.0', '-log-level=WARNING']
2023-11-26 20:59:59;UNIUSDT;30m;4.5;50;32;78;100.0;4;98.08;['-batch-training', '-calc-rsi', '-verbose', '-prediction-mode=index', '-interval-list=30m', '-range-min-rsi=28', '-range-max-rsi=80', '-range-p-ema=50,250', '-target-margin-list=1.0,1.5,2.0,2.5,3.0,3.5,4.0,4.5,5.0', '-log-level=WARNING']
2023-11-26 20:06:40;UNIUSDT;30m;4.5;175;32;74;100.0;4;98.08;['-batch-training', '-calc-rsi', '-verbose', '-prediction-mode=index', '-interval-list=30m', '-range-min-rsi=28', '-range-max-rsi=80', '-range-p-ema=50,250', '-target-margin-list=1.0,1.5,2.0,2.5,3.0,3.5,4.0,4.5,5.0', '-log-level=WARNING']
2023-11-26 19:56:49;UNIUSDT;30m;4.5;150;32;76;100.0;4;98.08;['-batch-training', '-calc-rsi', '-verbose', '-prediction-mode=index', '-interval-list=30m', '-range-min-rsi=28', '-range-max-rsi=80', '-range-p-ema=50,250', '-target-margin-list=1.0,1.5,2.0,2.5,3.0,3.5,4.0,4.5,5.0', '-log-level=WARNING']
2023-11-26 21:14:55;UNIUSDT;30m;4.5;75;32;74;100.0;4;98.08;['-batch-training', '-calc-rsi', '-verbose', '-prediction-mode=index', '-interval-list=30m', '-range-min-rsi=28', '-range-max-rsi=80', '-range-p-ema=50,250', '-target-margin-list=1.0,1.5,2.0,2.5,3.0,3.5,4.0,4.5,5.0', '-log-level=WARNING']
2023-11-26 20:59:19;UNIUSDT;30m;4.5;50;32;74;100.0;4;98.08;['-batch-training', '-calc-rsi', '-verbose', '-prediction-mode=index', '-interval-list=30m', '-range-min-rsi=28', '-range-max-rsi=80', '-range-p-ema=50,250', '-target-margin-list=1.0,1.5,2.0,2.5,3.0,3.5,4.0,4.5,5.0', '-log-level=WARNING']
2023-11-26 21:15:12;UNIUSDT;30m;4.5;75;32;76;100.0;4;98.08;['-batch-training', '-calc-rsi', '-verbose', '-prediction-mode=index', '-interval-list=30m', '-range-min-rsi=28', '-range-max-rsi=80', '-range-p-ema=50,250', '-target-margin-list=1.0,1.5,2.0,2.5,3.0,3.5,4.0,4.5,5.0', '-log-level=WARNING']
2023-11-26 20:45:02;UNIUSDT;30m;4.5;250;32;76;100.0;4;98.08;['-batch-training', '-calc-rsi', '-verbose', '-prediction-mode=index', '-interval-list=30m', '-range-min-rsi=28', '-range-max-rsi=80', '-range-p-ema=50,250', '-target-margin-list=1.0,1.5,2.0,2.5,3.0,3.5,4.0,4.5,5.0', '-log-level=WARNING']
2023-11-26 21:15:30;UNIUSDT;30m;4.5;75;32;78;100.0;4;98.08;['-batch-training', '-calc-rsi', '-verbose', '-prediction-mode=index', '-interval-list=30m', '-range-min-rsi=28', '-range-max-rsi=80', '-range-p-ema=50,250', '-target-margin-list=1.0,1.5,2.0,2.5,3.0,3.5,4.0,4.5,5.0', '-log-level=WARNING']
2023-11-26 20:31:42;UNIUSDT;30m;4.5;225;32;78;100.0;4;98.08;['-batch-training', '-calc-rsi', '-verbose', '-prediction-mode=index', '-interval-list=30m', '-range-min-rsi=28', '-range-max-rsi=80', '-range-p-ema=50,250', '-target-margin-list=1.0,1.5,2.0,2.5,3.0,3.5,4.0,4.5,5.0', '-log-level=WARNING']
2023-11-26 20:31:07;UNIUSDT;30m;4.5;225;32;74;100.0;4;98.08;['-batch-training', '-calc-rsi', '-verbose', '-prediction-mode=index', '-interval-list=30m', '-range-min-rsi=28', '-range-max-rsi=80', '-range-p-ema=50,250', '-target-margin-list=1.0,1.5,2.0,2.5,3.0,3.5,4.0,4.5,5.0', '-log-level=WARNING']
2023-11-26 20:31:24;UNIUSDT;30m;4.5;225;32;76;100.0;4;98.08;['-batch-training', '-calc-rsi', '-verbose', '-prediction-mode=index', '-interval-list=30m', '-range-min-rsi=28', '-range-max-rsi=80', '-range-p-ema=50,250', '-target-margin-list=1.0,1.5,2.0,2.5,3.0,3.5,4.0,4.5,5.0', '-log-level=WARNING']
2023-11-26 19:34:12;UNIUSDT;30m;4.5;100;32;76;100.0;4;98.08;['-batch-training', '-calc-rsi', '-verbose', '-prediction-mode=index', '-interval-list=30m', '-range-min-rsi=28', '-range-max-rsi=80', '-range-p-ema=50,250', '-target-margin-list=1.0,1.5,2.0,2.5,3.0,3.5,4.0,4.5,5.0', '-log-level=WARNING']
2023-11-26 20:38:49;UNIUSDT;30m;2.5;250;30;76;100.0;5;98.1;['-batch-training', '-calc-rsi', '-verbose', '-prediction-mode=index', '-interval-list=30m', '-range-min-rsi=28', '-range-max-rsi=80', '-range-p-ema=50,250', '-target-margin-list=1.0,1.5,2.0,2.5,3.0,3.5,4.0,4.5,5.0', '-log-level=WARNING']
2023-11-26 20:12:06;UNIUSDT;30m;2.0;200;28;80;100.0;6;98.11;['-batch-training', '-calc-rsi', '-verbose', '-prediction-mode=index', '-interval-list=30m', '-range-min-rsi=28', '-range-max-rsi=80', '-range-p-ema=50,250', '-target-margin-list=1.0,1.5,2.0,2.5,3.0,3.5,4.0,4.5,5.0', '-log-level=WARNING']
2023-11-26 19:28:21;UNIUSDT;30m;2.0;100;28;80;100.0;6;98.11;['-batch-training', '-calc-rsi', '-verbose', '-prediction-mode=index', '-interval-list=30m', '-range-min-rsi=28', '-range-max-rsi=80', '-range-p-ema=50,250', '-target-margin-list=1.0,1.5,2.0,2.5,3.0,3.5,4.0,4.5,5.0', '-log-level=WARNING']
2023-11-26 20:01:42;UNIUSDT;30m;2.0;175;28;80;100.0;6;98.11;['-batch-training', '-calc-rsi', '-verbose', '-prediction-mode=index', '-interval-list=30m', '-range-min-rsi=28', '-range-max-rsi=80', '-range-p-ema=50,250', '-target-margin-list=1.0,1.5,2.0,2.5,3.0,3.5,4.0,4.5,5.0', '-log-level=WARNING']
2023-11-26 19:51:22;UNIUSDT;30m;2.0;150;28;80;100.0;6;98.11;['-batch-training', '-calc-rsi', '-verbose', '-prediction-mode=index', '-interval-list=30m', '-range-min-rsi=28', '-range-max-rsi=80', '-range-p-ema=50,250', '-target-margin-list=1.0,1.5,2.0,2.5,3.0,3.5,4.0,4.5,5.0', '-log-level=WARNING']
2023-11-26 20:51:55;UNIUSDT;30m;2.0;50;28;80;100.0;6;98.11;['-batch-training', '-calc-rsi', '-verbose', '-prediction-mode=index', '-interval-list=30m', '-range-min-rsi=28', '-range-max-rsi=80', '-range-p-ema=50,250', '-target-margin-list=1.0,1.5,2.0,2.5,3.0,3.5,4.0,4.5,5.0', '-log-level=WARNING']
2023-11-26 20:24:37;UNIUSDT;30m;2.0;225;28;80;100.0;6;98.11;['-batch-training', '-calc-rsi', '-verbose', '-prediction-mode=index', '-interval-list=30m', '-range-min-rsi=28', '-range-max-rsi=80', '-range-p-ema=50,250', '-target-margin-list=1.0,1.5,2.0,2.5,3.0,3.5,4.0,4.5,5.0', '-log-level=WARNING']
2023-11-26 19:39:50;UNIUSDT;30m;2.0;125;28;80;100.0;6;98.11;['-batch-training', '-calc-rsi', '-verbose', '-prediction-mode=index', '-interval-list=30m', '-range-min-rsi=28', '-range-max-rsi=80', '-range-p-ema=50,250', '-target-margin-list=1.0,1.5,2.0,2.5,3.0,3.5,4.0,4.5,5.0', '-log-level=WARNING']
2023-11-26 20:37:51;UNIUSDT;30m;2.0;250;28;80;100.0;6;98.11;['-batch-training', '-calc-rsi', '-verbose', '-prediction-mode=index', '-interval-list=30m', '-range-min-rsi=28', '-range-max-rsi=80', '-range-p-ema=50,250', '-target-margin-list=1.0,1.5,2.0,2.5,3.0,3.5,4.0,4.5,5.0', '-log-level=WARNING']
2023-11-26 21:07:11;UNIUSDT;30m;2.0;75;28;80;100.0;6;98.11;['-batch-training', '-calc-rsi', '-verbose', '-prediction-mode=index', '-interval-list=30m', '-range-min-rsi=28', '-range-max-rsi=80', '-range-p-ema=50,250', '-target-margin-list=1.0,1.5,2.0,2.5,3.0,3.5,4.0,4.5,5.0', '-log-level=WARNING']
2023-11-26 21:10:16;UNIUSDT;30m;3.0;75;34;76;100.0;5;98.19;['-batch-training', '-calc-rsi', '-verbose', '-prediction-mode=index', '-interval-list=30m', '-range-min-rsi=28', '-range-max-rsi=80', '-range-p-ema=50,250', '-target-margin-list=1.0,1.5,2.0,2.5,3.0,3.5,4.0,4.5,5.0', '-log-level=WARNING']
2023-11-26 19:42:02;UNIUSDT;30m;3.0;125;34;76;100.0;5;98.19;['-batch-training', '-calc-rsi', '-verbose', '-prediction-mode=index', '-interval-list=30m', '-range-min-rsi=28', '-range-max-rsi=80', '-range-p-ema=50,250', '-target-margin-list=1.0,1.5,2.0,2.5,3.0,3.5,4.0,4.5,5.0', '-log-level=WARNING']
2023-11-26 20:54:45;UNIUSDT;30m;3.0;50;34;76;100.0;5;98.19;['-batch-training', '-calc-rsi', '-verbose', '-prediction-mode=index', '-interval-list=30m', '-range-min-rsi=28', '-range-max-rsi=80', '-range-p-ema=50,250', '-target-margin-list=1.0,1.5,2.0,2.5,3.0,3.5,4.0,4.5,5.0', '-log-level=WARNING']
2023-11-26 19:30:32;UNIUSDT;30m;3.0;100;34;76;100.0;5;98.19;['-batch-training', '-calc-rsi', '-verbose', '-prediction-mode=index', '-interval-list=30m', '-range-min-rsi=28', '-range-max-rsi=80', '-range-p-ema=50,250', '-target-margin-list=1.0,1.5,2.0,2.5,3.0,3.5,4.0,4.5,5.0', '-log-level=WARNING']
2023-11-26 20:26:20;UNIUSDT;30m;3.0;225;28;72;100.0;2;98.2;['-batch-training', '-calc-rsi', '-verbose', '-prediction-mode=index', '-interval-list=30m', '-range-min-rsi=28', '-range-max-rsi=80', '-range-p-ema=50,250', '-target-margin-list=1.0,1.5,2.0,2.5,3.0,3.5,4.0,4.5,5.0', '-log-level=WARNING']
2023-11-26 19:36:18;UNIUSDT;30m;1.0;125;34;72;100.0;7;98.22;['-batch-training', '-calc-rsi', '-verbose', '-prediction-mode=index', '-interval-list=30m', '-range-min-rsi=28', '-range-max-rsi=80', '-range-p-ema=50,250', '-target-margin-list=1.0,1.5,2.0,2.5,3.0,3.5,4.0,4.5,5.0', '-log-level=WARNING']
2023-11-26 19:52:43;UNIUSDT;30m;2.5;150;32;80;100.0;6;98.22;['-batch-training', '-calc-rsi', '-verbose', '-prediction-mode=index', '-interval-list=30m', '-range-min-rsi=28', '-range-max-rsi=80', '-range-p-ema=50,250', '-target-margin-list=1.0,1.5,2.0,2.5,3.0,3.5,4.0,4.5,5.0', '-log-level=WARNING']
2023-11-26 20:02:55;UNIUSDT;30m;2.5;175;32;80;100.0;6;98.22;['-batch-training', '-calc-rsi', '-verbose', '-prediction-mode=index', '-interval-list=30m', '-range-min-rsi=28', '-range-max-rsi=80', '-range-p-ema=50,250', '-target-margin-list=1.0,1.5,2.0,2.5,3.0,3.5,4.0,4.5,5.0', '-log-level=WARNING']
2023-11-26 20:26:10;UNIUSDT;30m;2.5;225;32;80;100.0;6;98.22;['-batch-training', '-calc-rsi', '-verbose', '-prediction-mode=index', '-interval-list=30m', '-range-min-rsi=28', '-range-max-rsi=80', '-range-p-ema=50,250', '-target-margin-list=1.0,1.5,2.0,2.5,3.0,3.5,4.0,4.5,5.0', '-log-level=WARNING']
2023-11-26 21:02:25;UNIUSDT;30m;1.0;75;34;72;100.0;7;98.22;['-batch-training', '-calc-rsi', '-verbose', '-prediction-mode=index', '-interval-list=30m', '-range-min-rsi=28', '-range-max-rsi=80', '-range-p-ema=50,250', '-target-margin-list=1.0,1.5,2.0,2.5,3.0,3.5,4.0,4.5,5.0', '-log-level=WARNING']
2023-11-26 20:39:30;UNIUSDT;30m;2.5;250;32;80;100.0;6;98.22;['-batch-training', '-calc-rsi', '-verbose', '-prediction-mode=index', '-interval-list=30m', '-range-min-rsi=28', '-range-max-rsi=80', '-range-p-ema=50,250', '-target-margin-list=1.0,1.5,2.0,2.5,3.0,3.5,4.0,4.5,5.0', '-log-level=WARNING']
2023-11-26 20:47:37;UNIUSDT;30m;1.0;50;34;72;100.0;7;98.22;['-batch-training', '-calc-rsi', '-verbose', '-prediction-mode=index', '-interval-list=30m', '-range-min-rsi=28', '-range-max-rsi=80', '-range-p-ema=50,250', '-target-margin-list=1.0,1.5,2.0,2.5,3.0,3.5,4.0,4.5,5.0', '-log-level=WARNING']
2023-11-26 20:13:32;UNIUSDT;30m;2.5;200;32;80;100.0;6;98.22;['-batch-training', '-calc-rsi', '-verbose', '-prediction-mode=index', '-interval-list=30m', '-range-min-rsi=28', '-range-max-rsi=80', '-range-p-ema=50,250', '-target-margin-list=1.0,1.5,2.0,2.5,3.0,3.5,4.0,4.5,5.0', '-log-level=WARNING']
2023-11-26 19:24:52;UNIUSDT;30m;1.0;100;34;72;100.0;7;98.22;['-batch-training', '-calc-rsi', '-verbose', '-prediction-mode=index', '-interval-list=30m', '-range-min-rsi=28', '-range-max-rsi=80', '-range-p-ema=50,250', '-target-margin-list=1.0,1.5,2.0,2.5,3.0,3.5,4.0,4.5,5.0', '-log-level=WARNING']
2023-11-26 20:36:14;UNIUSDT;30m;1.5;250;34;78;100.0;3;98.25;['-batch-training', '-calc-rsi', '-verbose', '-prediction-mode=index', '-interval-list=30m', '-range-min-rsi=28', '-range-max-rsi=80', '-range-p-ema=50,250', '-target-margin-list=1.0,1.5,2.0,2.5,3.0,3.5,4.0,4.5,5.0', '-log-level=WARNING']
2023-11-26 20:41:25;UNIUSDT;30m;3.5;250;34;72;100.0;4;98.27;['-batch-training', '-calc-rsi', '-verbose', '-prediction-mode=index', '-interval-list=30m', '-range-min-rsi=28', '-range-max-rsi=80', '-range-p-ema=50,250', '-target-margin-list=1.0,1.5,2.0,2.5,3.0,3.5,4.0,4.5,5.0', '-log-level=WARNING']
2023-11-26 20:21:36;UNIUSDT;30m;1.0;225;34;78;100.0;5;98.29;['-batch-training', '-calc-rsi', '-verbose', '-prediction-mode=index', '-interval-list=30m', '-range-min-rsi=28', '-range-max-rsi=80', '-range-p-ema=50,250', '-target-margin-list=1.0,1.5,2.0,2.5,3.0,3.5,4.0,4.5,5.0', '-log-level=WARNING']
2023-11-26 20:41:29;UNIUSDT;30m;3.5;250;36;72;100.0;4;98.3;['-batch-training', '-calc-rsi', '-verbose', '-prediction-mode=index', '-interval-list=30m', '-range-min-rsi=28', '-range-max-rsi=80', '-range-p-ema=50,250', '-target-margin-list=1.0,1.5,2.0,2.5,3.0,3.5,4.0,4.5,5.0', '-log-level=WARNING']
2023-11-26 20:34:34;UNIUSDT;30m;1.0;250;28;78;100.0;4;98.31;['-batch-training', '-calc-rsi', '-verbose', '-prediction-mode=index', '-interval-list=30m', '-range-min-rsi=28', '-range-max-rsi=80', '-range-p-ema=50,250', '-target-margin-list=1.0,1.5,2.0,2.5,3.0,3.5,4.0,4.5,5.0', '-log-level=WARNING']
2023-11-26 21:08:39;UNIUSDT;30m;2.5;75;28;78;100.0;3;98.32;['-batch-training', '-calc-rsi', '-verbose', '-prediction-mode=index', '-interval-list=30m', '-range-min-rsi=28', '-range-max-rsi=80', '-range-p-ema=50,250', '-target-margin-list=1.0,1.5,2.0,2.5,3.0,3.5,4.0,4.5,5.0', '-log-level=WARNING']
2023-11-26 19:52:23;UNIUSDT;30m;2.5;150;28;78;100.0;3;98.32;['-batch-training', '-calc-rsi', '-verbose', '-prediction-mode=index', '-interval-list=30m', '-range-min-rsi=28', '-range-max-rsi=80', '-range-p-ema=50,250', '-target-margin-list=1.0,1.5,2.0,2.5,3.0,3.5,4.0,4.5,5.0', '-log-level=WARNING']
2023-11-26 20:02:36;UNIUSDT;30m;2.5;175;28;78;100.0;3;98.32;['-batch-training', '-calc-rsi', '-verbose', '-prediction-mode=index', '-interval-list=30m', '-range-min-rsi=28', '-range-max-rsi=80', '-range-p-ema=50,250', '-target-margin-list=1.0,1.5,2.0,2.5,3.0,3.5,4.0,4.5,5.0', '-log-level=WARNING']
2023-11-26 20:25:46;UNIUSDT;30m;2.5;225;28;78;100.0;3;98.32;['-batch-training', '-calc-rsi', '-verbose', '-prediction-mode=index', '-interval-list=30m', '-range-min-rsi=28', '-range-max-rsi=80', '-range-p-ema=50,250', '-target-margin-list=1.0,1.5,2.0,2.5,3.0,3.5,4.0,4.5,5.0', '-log-level=WARNING']
2023-11-26 20:53:14;UNIUSDT;30m;2.5;50;28;78;100.0;3;98.32;['-batch-training', '-calc-rsi', '-verbose', '-prediction-mode=index', '-interval-list=30m', '-range-min-rsi=28', '-range-max-rsi=80', '-range-p-ema=50,250', '-target-margin-list=1.0,1.5,2.0,2.5,3.0,3.5,4.0,4.5,5.0', '-log-level=WARNING']
2023-11-26 20:13:09;UNIUSDT;30m;2.5;200;28;78;100.0;3;98.32;['-batch-training', '-calc-rsi', '-verbose', '-prediction-mode=index', '-interval-list=30m', '-range-min-rsi=28', '-range-max-rsi=80', '-range-p-ema=50,250', '-target-margin-list=1.0,1.5,2.0,2.5,3.0,3.5,4.0,4.5,5.0', '-log-level=WARNING']
2023-11-26 19:40:52;UNIUSDT;30m;2.5;125;28;78;100.0;3;98.32;['-batch-training', '-calc-rsi', '-verbose', '-prediction-mode=index', '-interval-list=30m', '-range-min-rsi=28', '-range-max-rsi=80', '-range-p-ema=50,250', '-target-margin-list=1.0,1.5,2.0,2.5,3.0,3.5,4.0,4.5,5.0', '-log-level=WARNING']
2023-11-26 19:29:23;UNIUSDT;30m;2.5;100;28;78;100.0;3;98.32;['-batch-training', '-calc-rsi', '-verbose', '-prediction-mode=index', '-interval-list=30m', '-range-min-rsi=28', '-range-max-rsi=80', '-range-p-ema=50,250', '-target-margin-list=1.0,1.5,2.0,2.5,3.0,3.5,4.0,4.5,5.0', '-log-level=WARNING']
2023-11-26 20:51:52;UNIUSDT;30m;2.0;50;36;78;100.0;2;98.33;['-batch-training', '-calc-rsi', '-verbose', '-prediction-mode=index', '-interval-list=30m', '-range-min-rsi=28', '-range-max-rsi=80', '-range-p-ema=50,250', '-target-margin-list=1.0,1.5,2.0,2.5,3.0,3.5,4.0,4.5,5.0', '-log-level=WARNING']
2023-11-26 21:07:06;UNIUSDT;30m;2.0;75;36;78;100.0;2;98.33;['-batch-training', '-calc-rsi', '-verbose', '-prediction-mode=index', '-interval-list=30m', '-range-min-rsi=28', '-range-max-rsi=80', '-range-p-ema=50,250', '-target-margin-list=1.0,1.5,2.0,2.5,3.0,3.5,4.0,4.5,5.0', '-log-level=WARNING']
2023-11-26 20:38:10;UNIUSDT;30m;2.5;250;28;72;100.0;5;98.36;['-batch-training', '-calc-rsi', '-verbose', '-prediction-mode=index', '-interval-list=30m', '-range-min-rsi=28', '-range-max-rsi=80', '-range-p-ema=50,250', '-target-margin-list=1.0,1.5,2.0,2.5,3.0,3.5,4.0,4.5,5.0', '-log-level=WARNING']
2023-11-26 19:27:56;UNIUSDT;30m;2.0;100;32;76;100.0;5;98.37;['-batch-training', '-calc-rsi', '-verbose', '-prediction-mode=index', '-interval-list=30m', '-range-min-rsi=28', '-range-max-rsi=80', '-range-p-ema=50,250', '-target-margin-list=1.0,1.5,2.0,2.5,3.0,3.5,4.0,4.5,5.0', '-log-level=WARNING']
2023-11-26 19:39:25;UNIUSDT;30m;2.0;125;32;76;100.0;5;98.37;['-batch-training', '-calc-rsi', '-verbose', '-prediction-mode=index', '-interval-list=30m', '-range-min-rsi=28', '-range-max-rsi=80', '-range-p-ema=50,250', '-target-margin-list=1.0,1.5,2.0,2.5,3.0,3.5,4.0,4.5,5.0', '-log-level=WARNING']
2023-11-26 21:06:36;UNIUSDT;30m;2.0;75;32;76;100.0;5;98.37;['-batch-training', '-calc-rsi', '-verbose', '-prediction-mode=index', '-interval-list=30m', '-range-min-rsi=28', '-range-max-rsi=80', '-range-p-ema=50,250', '-target-margin-list=1.0,1.5,2.0,2.5,3.0,3.5,4.0,4.5,5.0', '-log-level=WARNING']
2023-11-26 20:51:24;UNIUSDT;30m;2.0;50;32;76;100.0;5;98.37;['-batch-training', '-calc-rsi', '-verbose', '-prediction-mode=index', '-interval-list=30m', '-range-min-rsi=28', '-range-max-rsi=80', '-range-p-ema=50,250', '-target-margin-list=1.0,1.5,2.0,2.5,3.0,3.5,4.0,4.5,5.0', '-log-level=WARNING']
2023-11-26 20:10:40;UNIUSDT;30m;1.5;200;34;78;100.0;3;98.38;['-batch-training', '-calc-rsi', '-verbose', '-prediction-mode=index', '-interval-list=30m', '-range-min-rsi=28', '-range-max-rsi=80', '-range-p-ema=50,250', '-target-margin-list=1.0,1.5,2.0,2.5,3.0,3.5,4.0,4.5,5.0', '-log-level=WARNING']
2023-11-26 19:59:35;UNIUSDT;30m;1.0;175;34;80;100.0;3;98.38;['-batch-training', '-calc-rsi', '-verbose', '-prediction-mode=index', '-interval-list=30m', '-range-min-rsi=28', '-range-max-rsi=80', '-range-p-ema=50,250', '-target-margin-list=1.0,1.5,2.0,2.5,3.0,3.5,4.0,4.5,5.0', '-log-level=WARNING']
2023-11-26 20:24:40;UNIUSDT;30m;2.0;225;30;80;100.0;7;98.39;['-batch-training', '-calc-rsi', '-verbose', '-prediction-mode=index', '-interval-list=30m', '-range-min-rsi=28', '-range-max-rsi=80', '-range-p-ema=50,250', '-target-margin-list=1.0,1.5,2.0,2.5,3.0,3.5,4.0,4.5,5.0', '-log-level=WARNING']
2023-11-26 20:01:45;UNIUSDT;30m;2.0;175;30;80;100.0;7;98.39;['-batch-training', '-calc-rsi', '-verbose', '-prediction-mode=index', '-interval-list=30m', '-range-min-rsi=28', '-range-max-rsi=80', '-range-p-ema=50,250', '-target-margin-list=1.0,1.5,2.0,2.5,3.0,3.5,4.0,4.5,5.0', '-log-level=WARNING']
2023-11-26 21:07:17;UNIUSDT;30m;2.0;75;30;80;100.0;7;98.39;['-batch-training', '-calc-rsi', '-verbose', '-prediction-mode=index', '-interval-list=30m', '-range-min-rsi=28', '-range-max-rsi=80', '-range-p-ema=50,250', '-target-margin-list=1.0,1.5,2.0,2.5,3.0,3.5,4.0,4.5,5.0', '-log-level=WARNING']
2023-11-26 19:39:53;UNIUSDT;30m;2.0;125;30;80;100.0;7;98.39;['-batch-training', '-calc-rsi', '-verbose', '-prediction-mode=index', '-interval-list=30m', '-range-min-rsi=28', '-range-max-rsi=80', '-range-p-ema=50,250', '-target-margin-list=1.0,1.5,2.0,2.5,3.0,3.5,4.0,4.5,5.0', '-log-level=WARNING']
2023-11-26 19:51:25;UNIUSDT;30m;2.0;150;30;80;100.0;7;98.39;['-batch-training', '-calc-rsi', '-verbose', '-prediction-mode=index', '-interval-list=30m', '-range-min-rsi=28', '-range-max-rsi=80', '-range-p-ema=50,250', '-target-margin-list=1.0,1.5,2.0,2.5,3.0,3.5,4.0,4.5,5.0', '-log-level=WARNING']
2023-11-26 20:37:55;UNIUSDT;30m;2.0;250;30;80;100.0;7;98.39;['-batch-training', '-calc-rsi', '-verbose', '-prediction-mode=index', '-interval-list=30m', '-range-min-rsi=28', '-range-max-rsi=80', '-range-p-ema=50,250', '-target-margin-list=1.0,1.5,2.0,2.5,3.0,3.5,4.0,4.5,5.0', '-log-level=WARNING']
2023-11-26 20:12:09;UNIUSDT;30m;2.0;200;30;80;100.0;7;98.39;['-batch-training', '-calc-rsi', '-verbose', '-prediction-mode=index', '-interval-list=30m', '-range-min-rsi=28', '-range-max-rsi=80', '-range-p-ema=50,250', '-target-margin-list=1.0,1.5,2.0,2.5,3.0,3.5,4.0,4.5,5.0', '-log-level=WARNING']
2023-11-26 20:51:59;UNIUSDT;30m;2.0;50;30;80;100.0;7;98.39;['-batch-training', '-calc-rsi', '-verbose', '-prediction-mode=index', '-interval-list=30m', '-range-min-rsi=28', '-range-max-rsi=80', '-range-p-ema=50,250', '-target-margin-list=1.0,1.5,2.0,2.5,3.0,3.5,4.0,4.5,5.0', '-log-level=WARNING']
2023-11-26 19:28:24;UNIUSDT;30m;2.0;100;30;80;100.0;7;98.39;['-batch-training', '-calc-rsi', '-verbose', '-prediction-mode=index', '-interval-list=30m', '-range-min-rsi=28', '-range-max-rsi=80', '-range-p-ema=50,250', '-target-margin-list=1.0,1.5,2.0,2.5,3.0,3.5,4.0,4.5,5.0', '-log-level=WARNING']
2023-11-26 20:34:41;UNIUSDT;30m;1.0;250;32;78;100.0;7;98.43;['-batch-training', '-calc-rsi', '-verbose', '-prediction-mode=index', '-interval-list=30m', '-range-min-rsi=28', '-range-max-rsi=80', '-range-p-ema=50,250', '-target-margin-list=1.0,1.5,2.0,2.5,3.0,3.5,4.0,4.5,5.0', '-log-level=WARNING']
2023-11-26 20:23:07;UNIUSDT;30m;1.5;225;36;78;100.0;7;98.47;['-batch-training', '-calc-rsi', '-verbose', '-prediction-mode=index', '-interval-list=30m', '-range-min-rsi=28', '-range-max-rsi=80', '-range-p-ema=50,250', '-target-margin-list=1.0,1.5,2.0,2.5,3.0,3.5,4.0,4.5,5.0', '-log-level=WARNING']
2023-11-26 19:52:35;UNIUSDT;30m;2.5;150;36;78;100.0;5;98.48;['-batch-training', '-calc-rsi', '-verbose', '-prediction-mode=index', '-interval-list=30m', '-range-min-rsi=28', '-range-max-rsi=80', '-range-p-ema=50,250', '-target-margin-list=1.0,1.5,2.0,2.5,3.0,3.5,4.0,4.5,5.0', '-log-level=WARNING']
2023-11-26 20:36:44;UNIUSDT;30m;2.0;250;30;72;100.0;5;98.54;['-batch-training', '-calc-rsi', '-verbose', '-prediction-mode=index', '-interval-list=30m', '-range-min-rsi=28', '-range-max-rsi=80', '-range-p-ema=50,250', '-target-margin-list=1.0,1.5,2.0,2.5,3.0,3.5,4.0,4.5,5.0', '-log-level=WARNING']
2023-11-26 21:08:43;UNIUSDT;30m;2.5;75;30;78;100.0;5;98.55;['-batch-training', '-calc-rsi', '-verbose', '-prediction-mode=index', '-interval-list=30m', '-range-min-rsi=28', '-range-max-rsi=80', '-range-p-ema=50,250', '-target-margin-list=1.0,1.5,2.0,2.5,3.0,3.5,4.0,4.5,5.0', '-log-level=WARNING']
2023-11-26 20:02:38;UNIUSDT;30m;2.5;175;30;78;100.0;5;98.55;['-batch-training', '-calc-rsi', '-verbose', '-prediction-mode=index', '-interval-list=30m', '-range-min-rsi=28', '-range-max-rsi=80', '-range-p-ema=50,250', '-target-margin-list=1.0,1.5,2.0,2.5,3.0,3.5,4.0,4.5,5.0', '-log-level=WARNING']
2023-11-26 20:13:12;UNIUSDT;30m;2.5;200;30;78;100.0;5;98.55;['-batch-training', '-calc-rsi', '-verbose', '-prediction-mode=index', '-interval-list=30m', '-range-min-rsi=28', '-range-max-rsi=80', '-range-p-ema=50,250', '-target-margin-list=1.0,1.5,2.0,2.5,3.0,3.5,4.0,4.5,5.0', '-log-level=WARNING']
2023-11-26 20:34:51;UNIUSDT;30m;1.0;250;28;80;100.0;4;98.55;['-batch-training', '-calc-rsi', '-verbose', '-prediction-mode=index', '-interval-list=30m', '-range-min-rsi=28', '-range-max-rsi=80', '-range-p-ema=50,250', '-target-margin-list=1.0,1.5,2.0,2.5,3.0,3.5,4.0,4.5,5.0', '-log-level=WARNING']
2023-11-26 20:53:19;UNIUSDT;30m;2.5;50;30;78;100.0;5;98.55;['-batch-training', '-calc-rsi', '-verbose', '-prediction-mode=index', '-interval-list=30m', '-range-min-rsi=28', '-range-max-rsi=80', '-range-p-ema=50,250', '-target-margin-list=1.0,1.5,2.0,2.5,3.0,3.5,4.0,4.5,5.0', '-log-level=WARNING']
2023-11-26 19:40:55;UNIUSDT;30m;2.5;125;30;78;100.0;5;98.55;['-batch-training', '-calc-rsi', '-verbose', '-prediction-mode=index', '-interval-list=30m', '-range-min-rsi=28', '-range-max-rsi=80', '-range-p-ema=50,250', '-target-margin-list=1.0,1.5,2.0,2.5,3.0,3.5,4.0,4.5,5.0', '-log-level=WARNING']
2023-11-26 20:25:49;UNIUSDT;30m;2.5;225;30;78;100.0;5;98.55;['-batch-training', '-calc-rsi', '-verbose', '-prediction-mode=index', '-interval-list=30m', '-range-min-rsi=28', '-range-max-rsi=80', '-range-p-ema=50,250', '-target-margin-list=1.0,1.5,2.0,2.5,3.0,3.5,4.0,4.5,5.0', '-log-level=WARNING']
2023-11-26 19:29:26;UNIUSDT;30m;2.5;100;30;78;100.0;5;98.55;['-batch-training', '-calc-rsi', '-verbose', '-prediction-mode=index', '-interval-list=30m', '-range-min-rsi=28', '-range-max-rsi=80', '-range-p-ema=50,250', '-target-margin-list=1.0,1.5,2.0,2.5,3.0,3.5,4.0,4.5,5.0', '-log-level=WARNING']
2023-11-26 19:52:26;UNIUSDT;30m;2.5;150;30;78;100.0;5;98.55;['-batch-training', '-calc-rsi', '-verbose', '-prediction-mode=index', '-interval-list=30m', '-range-min-rsi=28', '-range-max-rsi=80', '-range-p-ema=50,250', '-target-margin-list=1.0,1.5,2.0,2.5,3.0,3.5,4.0,4.5,5.0', '-log-level=WARNING']
2023-11-26 20:13:22;UNIUSDT;30m;2.5;200;36;78;100.0;5;98.56;['-batch-training', '-calc-rsi', '-verbose', '-prediction-mode=index', '-interval-list=30m', '-range-min-rsi=28', '-range-max-rsi=80', '-range-p-ema=50,250', '-target-margin-list=1.0,1.5,2.0,2.5,3.0,3.5,4.0,4.5,5.0', '-log-level=WARNING']
2023-11-26 20:36:03;UNIUSDT;30m;1.5;250;28;78;100.0;2;98.58;['-batch-training', '-calc-rsi', '-verbose', '-prediction-mode=index', '-interval-list=30m', '-range-min-rsi=28', '-range-max-rsi=80', '-range-p-ema=50,250', '-target-margin-list=1.0,1.5,2.0,2.5,3.0,3.5,4.0,4.5,5.0', '-log-level=WARNING']
2023-11-26 19:49:09;UNIUSDT;30m;1.5;150;32;72;100.0;4;98.62;['-batch-training', '-calc-rsi', '-verbose', '-prediction-mode=index', '-interval-list=30m', '-range-min-rsi=28', '-range-max-rsi=80', '-range-p-ema=50,250', '-target-margin-list=1.0,1.5,2.0,2.5,3.0,3.5,4.0,4.5,5.0', '-log-level=WARNING']
2023-11-26 20:02:46;UNIUSDT;30m;2.5;175;36;78;100.0;5;98.62;['-batch-training', '-calc-rsi', '-verbose', '-prediction-mode=index', '-interval-list=30m', '-range-min-rsi=28', '-range-max-rsi=80', '-range-p-ema=50,250', '-target-margin-list=1.0,1.5,2.0,2.5,3.0,3.5,4.0,4.5,5.0', '-log-level=WARNING']
2023-11-26 19:54:07;UNIUSDT;30m;3.5;150;34;72;100.0;4;98.63;['-batch-training', '-calc-rsi', '-verbose', '-prediction-mode=index', '-interval-list=30m', '-range-min-rsi=28', '-range-max-rsi=80', '-range-p-ema=50,250', '-target-margin-list=1.0,1.5,2.0,2.5,3.0,3.5,4.0,4.5,5.0', '-log-level=WARNING']
2023-11-26 19:54:10;UNIUSDT;30m;3.5;150;36;72;100.0;4;98.66;['-batch-training', '-calc-rsi', '-verbose', '-prediction-mode=index', '-interval-list=30m', '-range-min-rsi=28', '-range-max-rsi=80', '-range-p-ema=50,250', '-target-margin-list=1.0,1.5,2.0,2.5,3.0,3.5,4.0,4.5,5.0', '-log-level=WARNING']
2023-11-26 20:10:03;UNIUSDT;30m;1.5;200;30;74;100.0;4;98.67;['-batch-training', '-calc-rsi', '-verbose', '-prediction-mode=index', '-interval-list=30m', '-range-min-rsi=28', '-range-max-rsi=80', '-range-p-ema=50,250', '-target-margin-list=1.0,1.5,2.0,2.5,3.0,3.5,4.0,4.5,5.0', '-log-level=WARNING']
2023-11-26 19:59:56;UNIUSDT;30m;1.5;175;30;74;100.0;4;98.67;['-batch-training', '-calc-rsi', '-verbose', '-prediction-mode=index', '-interval-list=30m', '-range-min-rsi=28', '-range-max-rsi=80', '-range-p-ema=50,250', '-target-margin-list=1.0,1.5,2.0,2.5,3.0,3.5,4.0,4.5,5.0', '-log-level=WARNING']
2023-11-26 20:22:22;UNIUSDT;30m;1.5;225;30;74;100.0;4;98.67;['-batch-training', '-calc-rsi', '-verbose', '-prediction-mode=index', '-interval-list=30m', '-range-min-rsi=28', '-range-max-rsi=80', '-range-p-ema=50,250', '-target-margin-list=1.0,1.5,2.0,2.5,3.0,3.5,4.0,4.5,5.0', '-log-level=WARNING']
2023-11-26 19:52:29;UNIUSDT;30m;2.5;150;32;78;100.0;5;98.72;['-batch-training', '-calc-rsi', '-verbose', '-prediction-mode=index', '-interval-list=30m', '-range-min-rsi=28', '-range-max-rsi=80', '-range-p-ema=50,250', '-target-margin-list=1.0,1.5,2.0,2.5,3.0,3.5,4.0,4.5,5.0', '-log-level=WARNING']
2023-11-26 20:02:41;UNIUSDT;30m;2.5;175;32;78;100.0;5;98.72;['-batch-training', '-calc-rsi', '-verbose', '-prediction-mode=index', '-interval-list=30m', '-range-min-rsi=28', '-range-max-rsi=80', '-range-p-ema=50,250', '-target-margin-list=1.0,1.5,2.0,2.5,3.0,3.5,4.0,4.5,5.0', '-log-level=WARNING']
2023-11-26 20:22:28;UNIUSDT;30m;1.5;225;34;74;100.0;3;98.72;['-batch-training', '-calc-rsi', '-verbose', '-prediction-mode=index', '-interval-list=30m', '-range-min-rsi=28', '-range-max-rsi=80', '-range-p-ema=50,250', '-target-margin-list=1.0,1.5,2.0,2.5,3.0,3.5,4.0,4.5,5.0', '-log-level=WARNING']
2023-11-26 20:48:30;UNIUSDT;30m;1.0;50;32;78;100.0;7;98.74;['-batch-training', '-calc-rsi', '-verbose', '-prediction-mode=index', '-interval-list=30m', '-range-min-rsi=28', '-range-max-rsi=80', '-range-p-ema=50,250', '-target-margin-list=1.0,1.5,2.0,2.5,3.0,3.5,4.0,4.5,5.0', '-log-level=WARNING']
2023-11-26 19:25:36;UNIUSDT;30m;1.0;100;32;78;100.0;7;98.74;['-batch-training', '-calc-rsi', '-verbose', '-prediction-mode=index', '-interval-list=30m', '-range-min-rsi=28', '-range-max-rsi=80', '-range-p-ema=50,250', '-target-margin-list=1.0,1.5,2.0,2.5,3.0,3.5,4.0,4.5,5.0', '-log-level=WARNING']
2023-11-26 21:03:23;UNIUSDT;30m;1.0;75;32;78;100.0;7;98.74;['-batch-training', '-calc-rsi', '-verbose', '-prediction-mode=index', '-interval-list=30m', '-range-min-rsi=28', '-range-max-rsi=80', '-range-p-ema=50,250', '-target-margin-list=1.0,1.5,2.0,2.5,3.0,3.5,4.0,4.5,5.0', '-log-level=WARNING']
2023-11-26 20:34:45;UNIUSDT;30m;1.0;250;34;78;100.0;5;98.74;['-batch-training', '-calc-rsi', '-verbose', '-prediction-mode=index', '-interval-list=30m', '-range-min-rsi=28', '-range-max-rsi=80', '-range-p-ema=50,250', '-target-margin-list=1.0,1.5,2.0,2.5,3.0,3.5,4.0,4.5,5.0', '-log-level=WARNING']
2023-11-26 19:37:04;UNIUSDT;30m;1.0;125;32;78;100.0;7;98.74;['-batch-training', '-calc-rsi', '-verbose', '-prediction-mode=index', '-interval-list=30m', '-range-min-rsi=28', '-range-max-rsi=80', '-range-p-ema=50,250', '-target-margin-list=1.0,1.5,2.0,2.5,3.0,3.5,4.0,4.5,5.0', '-log-level=WARNING']
2023-11-26 19:49:58;UNIUSDT;30m;1.5;150;34;78;100.0;2;98.77;['-batch-training', '-calc-rsi', '-verbose', '-prediction-mode=index', '-interval-list=30m', '-range-min-rsi=28', '-range-max-rsi=80', '-range-p-ema=50,250', '-target-margin-list=1.0,1.5,2.0,2.5,3.0,3.5,4.0,4.5,5.0', '-log-level=WARNING']
2023-11-26 20:20:44;UNIUSDT;30m;1.0;225;34;72;100.0;7;98.77;['-batch-training', '-calc-rsi', '-verbose', '-prediction-mode=index', '-interval-list=30m', '-range-min-rsi=28', '-range-max-rsi=80', '-range-p-ema=50,250', '-target-margin-list=1.0,1.5,2.0,2.5,3.0,3.5,4.0,4.5,5.0', '-log-level=WARNING']
2023-11-26 19:51:03;UNIUSDT;30m;2.0;150;36;76;100.0;7;98.78;['-batch-training', '-calc-rsi', '-verbose', '-prediction-mode=index', '-interval-list=30m', '-range-min-rsi=28', '-range-max-rsi=80', '-range-p-ema=50,250', '-target-margin-list=1.0,1.5,2.0,2.5,3.0,3.5,4.0,4.5,5.0', '-log-level=WARNING']
2023-11-26 20:00:23;UNIUSDT;30m;1.5;175;30;78;100.0;6;98.8;['-batch-training', '-calc-rsi', '-verbose', '-prediction-mode=index', '-interval-list=30m', '-range-min-rsi=28', '-range-max-rsi=80', '-range-p-ema=50,250', '-target-margin-list=1.0,1.5,2.0,2.5,3.0,3.5,4.0,4.5,5.0', '-log-level=WARNING']
2023-11-26 20:22:57;UNIUSDT;30m;1.5;225;30;78;100.0;6;98.8;['-batch-training', '-calc-rsi', '-verbose', '-prediction-mode=index', '-interval-list=30m', '-range-min-rsi=28', '-range-max-rsi=80', '-range-p-ema=50,250', '-target-margin-list=1.0,1.5,2.0,2.5,3.0,3.5,4.0,4.5,5.0', '-log-level=WARNING']
2023-11-26 20:10:34;UNIUSDT;30m;1.5;200;30;78;100.0;6;98.8;['-batch-training', '-calc-rsi', '-verbose', '-prediction-mode=index', '-interval-list=30m', '-range-min-rsi=28', '-range-max-rsi=80', '-range-p-ema=50,250', '-target-margin-list=1.0,1.5,2.0,2.5,3.0,3.5,4.0,4.5,5.0', '-log-level=WARNING']
2023-11-26 19:48:33;UNIUSDT;30m;1.0;150;30;78;100.0;5;98.81;['-batch-training', '-calc-rsi', '-verbose', '-prediction-mode=index', '-interval-list=30m', '-range-min-rsi=28', '-range-max-rsi=80', '-range-p-ema=50,250', '-target-margin-list=1.0,1.5,2.0,2.5,3.0,3.5,4.0,4.5,5.0', '-log-level=WARNING']
2023-11-26 20:48:27;UNIUSDT;30m;1.0;50;30;78;100.0;5;98.81;['-batch-training', '-calc-rsi', '-verbose', '-prediction-mode=index', '-interval-list=30m', '-range-min-rsi=28', '-range-max-rsi=80', '-range-p-ema=50,250', '-target-margin-list=1.0,1.5,2.0,2.5,3.0,3.5,4.0,4.5,5.0', '-log-level=WARNING']
2023-11-26 19:37:01;UNIUSDT;30m;1.0;125;30;78;100.0;5;98.81;['-batch-training', '-calc-rsi', '-verbose', '-prediction-mode=index', '-interval-list=30m', '-range-min-rsi=28', '-range-max-rsi=80', '-range-p-ema=50,250', '-target-margin-list=1.0,1.5,2.0,2.5,3.0,3.5,4.0,4.5,5.0', '-log-level=WARNING']
2023-11-26 19:25:33;UNIUSDT;30m;1.0;100;30;78;100.0;5;98.81;['-batch-training', '-calc-rsi', '-verbose', '-prediction-mode=index', '-interval-list=30m', '-range-min-rsi=28', '-range-max-rsi=80', '-range-p-ema=50,250', '-target-margin-list=1.0,1.5,2.0,2.5,3.0,3.5,4.0,4.5,5.0', '-log-level=WARNING']
2023-11-26 21:03:18;UNIUSDT;30m;1.0;75;30;78;100.0;5;98.81;['-batch-training', '-calc-rsi', '-verbose', '-prediction-mode=index', '-interval-list=30m', '-range-min-rsi=28', '-range-max-rsi=80', '-range-p-ema=50,250', '-target-margin-list=1.0,1.5,2.0,2.5,3.0,3.5,4.0,4.5,5.0', '-log-level=WARNING']
2023-11-26 19:58:52;UNIUSDT;30m;1.0;175;34;74;100.0;2;98.82;['-batch-training', '-calc-rsi', '-verbose', '-prediction-mode=index', '-interval-list=30m', '-range-min-rsi=28', '-range-max-rsi=80', '-range-p-ema=50,250', '-target-margin-list=1.0,1.5,2.0,2.5,3.0,3.5,4.0,4.5,5.0', '-log-level=WARNING']
2023-11-26 20:21:26;UNIUSDT;30m;1.0;225;28;78;100.0;4;98.84;['-batch-training', '-calc-rsi', '-verbose', '-prediction-mode=index', '-interval-list=30m', '-range-min-rsi=28', '-range-max-rsi=80', '-range-p-ema=50,250', '-target-margin-list=1.0,1.5,2.0,2.5,3.0,3.5,4.0,4.5,5.0', '-log-level=WARNING']
2023-11-26 19:36:58;UNIUSDT;30m;1.0;125;28;78;100.0;4;98.84;['-batch-training', '-calc-rsi', '-verbose', '-prediction-mode=index', '-interval-list=30m', '-range-min-rsi=28', '-range-max-rsi=80', '-range-p-ema=50,250', '-target-margin-list=1.0,1.5,2.0,2.5,3.0,3.5,4.0,4.5,5.0', '-log-level=WARNING']
2023-11-26 19:25:29;UNIUSDT;30m;1.0;100;28;78;100.0;4;98.84;['-batch-training', '-calc-rsi', '-verbose', '-prediction-mode=index', '-interval-list=30m', '-range-min-rsi=28', '-range-max-rsi=80', '-range-p-ema=50,250', '-target-margin-list=1.0,1.5,2.0,2.5,3.0,3.5,4.0,4.5,5.0', '-log-level=WARNING']
2023-11-26 21:03:14;UNIUSDT;30m;1.0;75;28;78;100.0;4;98.84;['-batch-training', '-calc-rsi', '-verbose', '-prediction-mode=index', '-interval-list=30m', '-range-min-rsi=28', '-range-max-rsi=80', '-range-p-ema=50,250', '-target-margin-list=1.0,1.5,2.0,2.5,3.0,3.5,4.0,4.5,5.0', '-log-level=WARNING']
2023-11-26 20:09:15;UNIUSDT;30m;1.0;200;28;78;100.0;4;98.84;['-batch-training', '-calc-rsi', '-verbose', '-prediction-mode=index', '-interval-list=30m', '-range-min-rsi=28', '-range-max-rsi=80', '-range-p-ema=50,250', '-target-margin-list=1.0,1.5,2.0,2.5,3.0,3.5,4.0,4.5,5.0', '-log-level=WARNING']
2023-11-26 20:48:22;UNIUSDT;30m;1.0;50;28;78;100.0;4;98.84;['-batch-training', '-calc-rsi', '-verbose', '-prediction-mode=index', '-interval-list=30m', '-range-min-rsi=28', '-range-max-rsi=80', '-range-p-ema=50,250', '-target-margin-list=1.0,1.5,2.0,2.5,3.0,3.5,4.0,4.5,5.0', '-log-level=WARNING']
2023-11-26 19:59:12;UNIUSDT;30m;1.0;175;28;78;100.0;4;98.84;['-batch-training', '-calc-rsi', '-verbose', '-prediction-mode=index', '-interval-list=30m', '-range-min-rsi=28', '-range-max-rsi=80', '-range-p-ema=50,250', '-target-margin-list=1.0,1.5,2.0,2.5,3.0,3.5,4.0,4.5,5.0', '-log-level=WARNING']
2023-11-26 19:48:30;UNIUSDT;30m;1.0;150;28;78;100.0;4;98.84;['-batch-training', '-calc-rsi', '-verbose', '-prediction-mode=index', '-interval-list=30m', '-range-min-rsi=28', '-range-max-rsi=80', '-range-p-ema=50,250', '-target-margin-list=1.0,1.5,2.0,2.5,3.0,3.5,4.0,4.5,5.0', '-log-level=WARNING']
2023-11-26 19:51:13;UNIUSDT;30m;2.0;150;32;78;100.0;2;98.87;['-batch-training', '-calc-rsi', '-verbose', '-prediction-mode=index', '-interval-list=30m', '-range-min-rsi=28', '-range-max-rsi=80', '-range-p-ema=50,250', '-target-margin-list=1.0,1.5,2.0,2.5,3.0,3.5,4.0,4.5,5.0', '-log-level=WARNING']
2023-11-26 20:01:20;UNIUSDT;30m;2.0;175;32;76;100.0;6;98.88;['-batch-training', '-calc-rsi', '-verbose', '-prediction-mode=index', '-interval-list=30m', '-range-min-rsi=28', '-range-max-rsi=80', '-range-p-ema=50,250', '-target-margin-list=1.0,1.5,2.0,2.5,3.0,3.5,4.0,4.5,5.0', '-log-level=WARNING']
2023-11-26 19:50:57;UNIUSDT;30m;2.0;150;32;76;100.0;6;98.88;['-batch-training', '-calc-rsi', '-verbose', '-prediction-mode=index', '-interval-list=30m', '-range-min-rsi=28', '-range-max-rsi=80', '-range-p-ema=50,250', '-target-margin-list=1.0,1.5,2.0,2.5,3.0,3.5,4.0,4.5,5.0', '-log-level=WARNING']
2023-11-26 19:38:23;UNIUSDT;30m;1.5;125;32;78;100.0;7;98.89;['-batch-training', '-calc-rsi', '-verbose', '-prediction-mode=index', '-interval-list=30m', '-range-min-rsi=28', '-range-max-rsi=80', '-range-p-ema=50,250', '-target-margin-list=1.0,1.5,2.0,2.5,3.0,3.5,4.0,4.5,5.0', '-log-level=WARNING']
2023-11-26 21:05:11;UNIUSDT;30m;1.5;75;32;78;100.0;7;98.89;['-batch-training', '-calc-rsi', '-verbose', '-prediction-mode=index', '-interval-list=30m', '-range-min-rsi=28', '-range-max-rsi=80', '-range-p-ema=50,250', '-target-margin-list=1.0,1.5,2.0,2.5,3.0,3.5,4.0,4.5,5.0', '-log-level=WARNING']
2023-11-26 20:50:06;UNIUSDT;30m;1.5;50;32;78;100.0;7;98.89;['-batch-training', '-calc-rsi', '-verbose', '-prediction-mode=index', '-interval-list=30m', '-range-min-rsi=28', '-range-max-rsi=80', '-range-p-ema=50,250', '-target-margin-list=1.0,1.5,2.0,2.5,3.0,3.5,4.0,4.5,5.0', '-log-level=WARNING']
2023-11-26 19:26:54;UNIUSDT;30m;1.5;100;32;78;100.0;7;98.89;['-batch-training', '-calc-rsi', '-verbose', '-prediction-mode=index', '-interval-list=30m', '-range-min-rsi=28', '-range-max-rsi=80', '-range-p-ema=50,250', '-target-margin-list=1.0,1.5,2.0,2.5,3.0,3.5,4.0,4.5,5.0', '-log-level=WARNING']
2023-11-26 20:39:04;UNIUSDT;30m;2.5;250;28;78;100.0;3;98.91;['-batch-training', '-calc-rsi', '-verbose', '-prediction-mode=index', '-interval-list=30m', '-range-min-rsi=28', '-range-max-rsi=80', '-range-p-ema=50,250', '-target-margin-list=1.0,1.5,2.0,2.5,3.0,3.5,4.0,4.5,5.0', '-log-level=WARNING']
2023-11-26 19:59:18;UNIUSDT;30m;1.0;175;32;78;100.0;7;98.95;['-batch-training', '-calc-rsi', '-verbose', '-prediction-mode=index', '-interval-list=30m', '-range-min-rsi=28', '-range-max-rsi=80', '-range-p-ema=50,250', '-target-margin-list=1.0,1.5,2.0,2.5,3.0,3.5,4.0,4.5,5.0', '-log-level=WARNING']
2023-11-26 20:21:33;UNIUSDT;30m;1.0;225;32;78;100.0;7;98.97;['-batch-training', '-calc-rsi', '-verbose', '-prediction-mode=index', '-interval-list=30m', '-range-min-rsi=28', '-range-max-rsi=80', '-range-p-ema=50,250', '-target-margin-list=1.0,1.5,2.0,2.5,3.0,3.5,4.0,4.5,5.0', '-log-level=WARNING']
2023-11-26 20:48:07;UNIUSDT;30m;1.0;50;30;76;100.0;7;98.97;['-batch-training', '-calc-rsi', '-verbose', '-prediction-mode=index', '-interval-list=30m', '-range-min-rsi=28', '-range-max-rsi=80', '-range-p-ema=50,250', '-target-margin-list=1.0,1.5,2.0,2.5,3.0,3.5,4.0,4.5,5.0', '-log-level=WARNING']
2023-11-26 20:09:21;UNIUSDT;30m;1.0;200;32;78;100.0;7;98.97;['-batch-training', '-calc-rsi', '-verbose', '-prediction-mode=index', '-interval-list=30m', '-range-min-rsi=28', '-range-max-rsi=80', '-range-p-ema=50,250', '-target-margin-list=1.0,1.5,2.0,2.5,3.0,3.5,4.0,4.5,5.0', '-log-level=WARNING']
2023-11-26 19:48:18;UNIUSDT;30m;1.0;150;30;76;100.0;7;98.97;['-batch-training', '-calc-rsi', '-verbose', '-prediction-mode=index', '-interval-list=30m', '-range-min-rsi=28', '-range-max-rsi=80', '-range-p-ema=50,250', '-target-margin-list=1.0,1.5,2.0,2.5,3.0,3.5,4.0,4.5,5.0', '-log-level=WARNING']
2023-11-26 19:36:44;UNIUSDT;30m;1.0;125;30;76;100.0;7;98.97;['-batch-training', '-calc-rsi', '-verbose', '-prediction-mode=index', '-interval-list=30m', '-range-min-rsi=28', '-range-max-rsi=80', '-range-p-ema=50,250', '-target-margin-list=1.0,1.5,2.0,2.5,3.0,3.5,4.0,4.5,5.0', '-log-level=WARNING']
2023-11-26 19:25:17;UNIUSDT;30m;1.0;100;30;76;100.0;7;98.97;['-batch-training', '-calc-rsi', '-verbose', '-prediction-mode=index', '-interval-list=30m', '-range-min-rsi=28', '-range-max-rsi=80', '-range-p-ema=50,250', '-target-margin-list=1.0,1.5,2.0,2.5,3.0,3.5,4.0,4.5,5.0', '-log-level=WARNING']
2023-11-26 21:02:58;UNIUSDT;30m;1.0;75;30;76;100.0;7;98.97;['-batch-training', '-calc-rsi', '-verbose', '-prediction-mode=index', '-interval-list=30m', '-range-min-rsi=28', '-range-max-rsi=80', '-range-p-ema=50,250', '-target-margin-list=1.0,1.5,2.0,2.5,3.0,3.5,4.0,4.5,5.0', '-log-level=WARNING']
2023-11-26 19:36:31;UNIUSDT;30m;1.0;125;32;74;100.0;2;98.98;['-batch-training', '-calc-rsi', '-verbose', '-prediction-mode=index', '-interval-list=30m', '-range-min-rsi=28', '-range-max-rsi=80', '-range-p-ema=50,250', '-target-margin-list=1.0,1.5,2.0,2.5,3.0,3.5,4.0,4.5,5.0', '-log-level=WARNING']
2023-11-26 19:36:21;UNIUSDT;30m;1.0;125;36;72;100.0;2;98.98;['-batch-training', '-calc-rsi', '-verbose', '-prediction-mode=index', '-interval-list=30m', '-range-min-rsi=28', '-range-max-rsi=80', '-range-p-ema=50,250', '-target-margin-list=1.0,1.5,2.0,2.5,3.0,3.5,4.0,4.5,5.0', '-log-level=WARNING']
2023-11-26 19:25:04;UNIUSDT;30m;1.0;100;32;74;100.0;2;98.98;['-batch-training', '-calc-rsi', '-verbose', '-prediction-mode=index', '-interval-list=30m', '-range-min-rsi=28', '-range-max-rsi=80', '-range-p-ema=50,250', '-target-margin-list=1.0,1.5,2.0,2.5,3.0,3.5,4.0,4.5,5.0', '-log-level=WARNING']
2023-11-26 19:24:55;UNIUSDT;30m;1.0;100;36;72;100.0;2;98.98;['-batch-training', '-calc-rsi', '-verbose', '-prediction-mode=index', '-interval-list=30m', '-range-min-rsi=28', '-range-max-rsi=80', '-range-p-ema=50,250', '-target-margin-list=1.0,1.5,2.0,2.5,3.0,3.5,4.0,4.5,5.0', '-log-level=WARNING']
2023-11-26 21:02:41;UNIUSDT;30m;1.0;75;32;74;100.0;2;98.98;['-batch-training', '-calc-rsi', '-verbose', '-prediction-mode=index', '-interval-list=30m', '-range-min-rsi=28', '-range-max-rsi=80', '-range-p-ema=50,250', '-target-margin-list=1.0,1.5,2.0,2.5,3.0,3.5,4.0,4.5,5.0', '-log-level=WARNING']
2023-11-26 20:47:52;UNIUSDT;30m;1.0;50;32;74;100.0;2;98.98;['-batch-training', '-calc-rsi', '-verbose', '-prediction-mode=index', '-interval-list=30m', '-range-min-rsi=28', '-range-max-rsi=80', '-range-p-ema=50,250', '-target-margin-list=1.0,1.5,2.0,2.5,3.0,3.5,4.0,4.5,5.0', '-log-level=WARNING']
2023-11-26 20:08:54;UNIUSDT;30m;1.0;200;34;74;100.0;3;99.05;['-batch-training', '-calc-rsi', '-verbose', '-prediction-mode=index', '-interval-list=30m', '-range-min-rsi=28', '-range-max-rsi=80', '-range-p-ema=50,250', '-target-margin-list=1.0,1.5,2.0,2.5,3.0,3.5,4.0,4.5,5.0', '-log-level=WARNING']
2023-11-26 19:51:13;UNIUSDT;30m;2.0;150;32;78;100.0;6;99.06;['-batch-training', '-calc-rsi', '-verbose', '-prediction-mode=index', '-interval-list=30m', '-range-min-rsi=28', '-range-max-rsi=80', '-range-p-ema=50,250', '-target-margin-list=1.0,1.5,2.0,2.5,3.0,3.5,4.0,4.5,5.0', '-log-level=WARNING']
2023-11-26 20:01:34;UNIUSDT;30m;2.0;175;32;78;100.0;6;99.06;['-batch-training', '-calc-rsi', '-verbose', '-prediction-mode=index', '-interval-list=30m', '-range-min-rsi=28', '-range-max-rsi=80', '-range-p-ema=50,250', '-target-margin-list=1.0,1.5,2.0,2.5,3.0,3.5,4.0,4.5,5.0', '-log-level=WARNING']
2023-11-26 20:03:52;UNIUSDT;30m;3.0;175;36;78;100.0;4;99.07;['-batch-training', '-calc-rsi', '-verbose', '-prediction-mode=index', '-interval-list=30m', '-range-min-rsi=28', '-range-max-rsi=80', '-range-p-ema=50,250', '-target-margin-list=1.0,1.5,2.0,2.5,3.0,3.5,4.0,4.5,5.0', '-log-level=WARNING']
2023-11-26 20:09:13;UNIUSDT;30m;1.0;200;36;76;100.0;3;99.07;['-batch-training', '-calc-rsi', '-verbose', '-prediction-mode=index', '-interval-list=30m', '-range-min-rsi=28', '-range-max-rsi=80', '-range-p-ema=50,250', '-target-margin-list=1.0,1.5,2.0,2.5,3.0,3.5,4.0,4.5,5.0', '-log-level=WARNING']
2023-11-26 20:14:43;UNIUSDT;30m;3.0;200;36;78;100.0;4;99.07;['-batch-training', '-calc-rsi', '-verbose', '-prediction-mode=index', '-interval-list=30m', '-range-min-rsi=28', '-range-max-rsi=80', '-range-p-ema=50,250', '-target-margin-list=1.0,1.5,2.0,2.5,3.0,3.5,4.0,4.5,5.0', '-log-level=WARNING']
2023-11-26 20:21:44;UNIUSDT;30m;1.0;225;28;80;100.0;4;99.09;['-batch-training', '-calc-rsi', '-verbose', '-prediction-mode=index', '-interval-list=30m', '-range-min-rsi=28', '-range-max-rsi=80', '-range-p-ema=50,250', '-target-margin-list=1.0,1.5,2.0,2.5,3.0,3.5,4.0,4.5,5.0', '-log-level=WARNING']
2023-11-26 20:48:41;UNIUSDT;30m;1.0;50;28;80;100.0;4;99.09;['-batch-training', '-calc-rsi', '-verbose', '-prediction-mode=index', '-interval-list=30m', '-range-min-rsi=28', '-range-max-rsi=80', '-range-p-ema=50,250', '-target-margin-list=1.0,1.5,2.0,2.5,3.0,3.5,4.0,4.5,5.0', '-log-level=WARNING']
2023-11-26 19:59:25;UNIUSDT;30m;1.0;175;28;80;100.0;4;99.09;['-batch-training', '-calc-rsi', '-verbose', '-prediction-mode=index', '-interval-list=30m', '-range-min-rsi=28', '-range-max-rsi=80', '-range-p-ema=50,250', '-target-margin-list=1.0,1.5,2.0,2.5,3.0,3.5,4.0,4.5,5.0', '-log-level=WARNING']
2023-11-26 20:09:29;UNIUSDT;30m;1.0;200;28;80;100.0;4;99.09;['-batch-training', '-calc-rsi', '-verbose', '-prediction-mode=index', '-interval-list=30m', '-range-min-rsi=28', '-range-max-rsi=80', '-range-p-ema=50,250', '-target-margin-list=1.0,1.5,2.0,2.5,3.0,3.5,4.0,4.5,5.0', '-log-level=WARNING']
2023-11-26 19:37:14;UNIUSDT;30m;1.0;125;28;80;100.0;4;99.09;['-batch-training', '-calc-rsi', '-verbose', '-prediction-mode=index', '-interval-list=30m', '-range-min-rsi=28', '-range-max-rsi=80', '-range-p-ema=50,250', '-target-margin-list=1.0,1.5,2.0,2.5,3.0,3.5,4.0,4.5,5.0', '-log-level=WARNING']
2023-11-26 20:37:22;UNIUSDT;30m;2.0;250;32;76;100.0;6;99.09;['-batch-training', '-calc-rsi', '-verbose', '-prediction-mode=index', '-interval-list=30m', '-range-min-rsi=28', '-range-max-rsi=80', '-range-p-ema=50,250', '-target-margin-list=1.0,1.5,2.0,2.5,3.0,3.5,4.0,4.5,5.0', '-log-level=WARNING']
2023-11-26 21:03:36;UNIUSDT;30m;1.0;75;28;80;100.0;4;99.09;['-batch-training', '-calc-rsi', '-verbose', '-prediction-mode=index', '-interval-list=30m', '-range-min-rsi=28', '-range-max-rsi=80', '-range-p-ema=50,250', '-target-margin-list=1.0,1.5,2.0,2.5,3.0,3.5,4.0,4.5,5.0', '-log-level=WARNING']
2023-11-26 19:25:45;UNIUSDT;30m;1.0;100;28;80;100.0;4;99.09;['-batch-training', '-calc-rsi', '-verbose', '-prediction-mode=index', '-interval-list=30m', '-range-min-rsi=28', '-range-max-rsi=80', '-range-p-ema=50,250', '-target-margin-list=1.0,1.5,2.0,2.5,3.0,3.5,4.0,4.5,5.0', '-log-level=WARNING']
2023-11-26 19:48:46;UNIUSDT;30m;1.0;150;28;80;100.0;4;99.09;['-batch-training', '-calc-rsi', '-verbose', '-prediction-mode=index', '-interval-list=30m', '-range-min-rsi=28', '-range-max-rsi=80', '-range-p-ema=50,250', '-target-margin-list=1.0,1.5,2.0,2.5,3.0,3.5,4.0,4.5,5.0', '-log-level=WARNING']
2023-11-26 20:54:18;UNIUSDT;30m;3.0;50;30;74;100.0;2;99.11;['-batch-training', '-calc-rsi', '-verbose', '-prediction-mode=index', '-interval-list=30m', '-range-min-rsi=28', '-range-max-rsi=80', '-range-p-ema=50,250', '-target-margin-list=1.0,1.5,2.0,2.5,3.0,3.5,4.0,4.5,5.0', '-log-level=WARNING']
2023-11-26 19:53:07;UNIUSDT;30m;3.0;150;30;74;100.0;2;99.11;['-batch-training', '-calc-rsi', '-verbose', '-prediction-mode=index', '-interval-list=30m', '-range-min-rsi=28', '-range-max-rsi=80', '-range-p-ema=50,250', '-target-margin-list=1.0,1.5,2.0,2.5,3.0,3.5,4.0,4.5,5.0', '-log-level=WARNING']
2023-11-26 19:41:40;UNIUSDT;30m;3.0;125;30;74;100.0;2;99.11;['-batch-training', '-calc-rsi', '-verbose', '-prediction-mode=index', '-interval-list=30m', '-range-min-rsi=28', '-range-max-rsi=80', '-range-p-ema=50,250', '-target-margin-list=1.0,1.5,2.0,2.5,3.0,3.5,4.0,4.5,5.0', '-log-level=WARNING']
2023-11-26 21:09:46;UNIUSDT;30m;3.0;75;30;74;100.0;2;99.11;['-batch-training', '-calc-rsi', '-verbose', '-prediction-mode=index', '-interval-list=30m', '-range-min-rsi=28', '-range-max-rsi=80', '-range-p-ema=50,250', '-target-margin-list=1.0,1.5,2.0,2.5,3.0,3.5,4.0,4.5,5.0', '-log-level=WARNING']
2023-11-26 19:30:11;UNIUSDT;30m;3.0;100;30;74;100.0;2;99.11;['-batch-training', '-calc-rsi', '-verbose', '-prediction-mode=index', '-interval-list=30m', '-range-min-rsi=28', '-range-max-rsi=80', '-range-p-ema=50,250', '-target-margin-list=1.0,1.5,2.0,2.5,3.0,3.5,4.0,4.5,5.0', '-log-level=WARNING']
2023-11-26 20:39:08;UNIUSDT;30m;2.5;250;30;78;100.0;5;99.14;['-batch-training', '-calc-rsi', '-verbose', '-prediction-mode=index', '-interval-list=30m', '-range-min-rsi=28', '-range-max-rsi=80', '-range-p-ema=50,250', '-target-margin-list=1.0,1.5,2.0,2.5,3.0,3.5,4.0,4.5,5.0', '-log-level=WARNING']
2023-11-26 19:52:32;UNIUSDT;30m;2.5;150;34;78;100.0;2;99.18;['-batch-training', '-calc-rsi', '-verbose', '-prediction-mode=index', '-interval-list=30m', '-range-min-rsi=28', '-range-max-rsi=80', '-range-p-ema=50,250', '-target-margin-list=1.0,1.5,2.0,2.5,3.0,3.5,4.0,4.5,5.0', '-log-level=WARNING']
2023-11-26 20:24:17;UNIUSDT;30m;2.0;225;36;76;100.0;7;99.18;['-batch-training', '-calc-rsi', '-verbose', '-prediction-mode=index', '-interval-list=30m', '-range-min-rsi=28', '-range-max-rsi=80', '-range-p-ema=50,250', '-target-margin-list=1.0,1.5,2.0,2.5,3.0,3.5,4.0,4.5,5.0', '-log-level=WARNING']
2023-11-26 19:42:45;UNIUSDT;30m;3.5;125;32;72;100.0;4;99.18;['-batch-training', '-calc-rsi', '-verbose', '-prediction-mode=index', '-interval-list=30m', '-range-min-rsi=28', '-range-max-rsi=80', '-range-p-ema=50,250', '-target-margin-list=1.0,1.5,2.0,2.5,3.0,3.5,4.0,4.5,5.0', '-log-level=WARNING']
2023-11-26 21:11:16;UNIUSDT;30m;3.5;75;32;72;100.0;4;99.18;['-batch-training', '-calc-rsi', '-verbose', '-prediction-mode=index', '-interval-list=30m', '-range-min-rsi=28', '-range-max-rsi=80', '-range-p-ema=50,250', '-target-margin-list=1.0,1.5,2.0,2.5,3.0,3.5,4.0,4.5,5.0', '-log-level=WARNING']
2023-11-26 19:31:15;UNIUSDT;30m;3.5;100;32;72;100.0;4;99.18;['-batch-training', '-calc-rsi', '-verbose', '-prediction-mode=index', '-interval-list=30m', '-range-min-rsi=28', '-range-max-rsi=80', '-range-p-ema=50,250', '-target-margin-list=1.0,1.5,2.0,2.5,3.0,3.5,4.0,4.5,5.0', '-log-level=WARNING']
2023-11-26 20:55:40;UNIUSDT;30m;3.5;50;32;72;100.0;4;99.18;['-batch-training', '-calc-rsi', '-verbose', '-prediction-mode=index', '-interval-list=30m', '-range-min-rsi=28', '-range-max-rsi=80', '-range-p-ema=50,250', '-target-margin-list=1.0,1.5,2.0,2.5,3.0,3.5,4.0,4.5,5.0', '-log-level=WARNING']
2023-11-26 20:36:39;UNIUSDT;30m;2.0;250;28;72;100.0;6;99.19;['-batch-training', '-calc-rsi', '-verbose', '-prediction-mode=index', '-interval-list=30m', '-range-min-rsi=28', '-range-max-rsi=80', '-range-p-ema=50,250', '-target-margin-list=1.0,1.5,2.0,2.5,3.0,3.5,4.0,4.5,5.0', '-log-level=WARNING']
2023-11-26 20:39:37;UNIUSDT;30m;2.5;250;36;80;100.0;6;99.21;['-batch-training', '-calc-rsi', '-verbose', '-prediction-mode=index', '-interval-list=30m', '-range-min-rsi=28', '-range-max-rsi=80', '-range-p-ema=50,250', '-target-margin-list=1.0,1.5,2.0,2.5,3.0,3.5,4.0,4.5,5.0', '-log-level=WARNING']
2023-11-26 20:33:50;UNIUSDT;30m;1.0;250;34;72;100.0;7;99.23;['-batch-training', '-calc-rsi', '-verbose', '-prediction-mode=index', '-interval-list=30m', '-range-min-rsi=28', '-range-max-rsi=80', '-range-p-ema=50,250', '-target-margin-list=1.0,1.5,2.0,2.5,3.0,3.5,4.0,4.5,5.0', '-log-level=WARNING']
2023-11-26 19:59:53;UNIUSDT;30m;1.5;175;28;74;100.0;3;99.24;['-batch-training', '-calc-rsi', '-verbose', '-prediction-mode=index', '-interval-list=30m', '-range-min-rsi=28', '-range-max-rsi=80', '-range-p-ema=50,250', '-target-margin-list=1.0,1.5,2.0,2.5,3.0,3.5,4.0,4.5,5.0', '-log-level=WARNING']
2023-11-26 19:37:46;UNIUSDT;30m;1.5;125;28;74;100.0;3;99.24;['-batch-training', '-calc-rsi', '-verbose', '-prediction-mode=index', '-interval-list=30m', '-range-min-rsi=28', '-range-max-rsi=80', '-range-p-ema=50,250', '-target-margin-list=1.0,1.5,2.0,2.5,3.0,3.5,4.0,4.5,5.0', '-log-level=WARNING']
2023-11-26 19:49:17;UNIUSDT;30m;1.5;150;28;74;100.0;3;99.24;['-batch-training', '-calc-rsi', '-verbose', '-prediction-mode=index', '-interval-list=30m', '-range-min-rsi=28', '-range-max-rsi=80', '-range-p-ema=50,250', '-target-margin-list=1.0,1.5,2.0,2.5,3.0,3.5,4.0,4.5,5.0', '-log-level=WARNING']
2023-11-26 21:04:18;UNIUSDT;30m;1.5;75;28;74;100.0;3;99.24;['-batch-training', '-calc-rsi', '-verbose', '-prediction-mode=index', '-interval-list=30m', '-range-min-rsi=28', '-range-max-rsi=80', '-range-p-ema=50,250', '-target-margin-list=1.0,1.5,2.0,2.5,3.0,3.5,4.0,4.5,5.0', '-log-level=WARNING']
2023-11-26 19:32:20;UNIUSDT;30m;3.5;100;36;80;100.0;5;99.24;['-batch-training', '-calc-rsi', '-verbose', '-prediction-mode=index', '-interval-list=30m', '-range-min-rsi=28', '-range-max-rsi=80', '-range-p-ema=50,250', '-target-margin-list=1.0,1.5,2.0,2.5,3.0,3.5,4.0,4.5,5.0', '-log-level=WARNING']
2023-11-26 20:57:07;UNIUSDT;30m;3.5;50;36;80;100.0;5;99.24;['-batch-training', '-calc-rsi', '-verbose', '-prediction-mode=index', '-interval-list=30m', '-range-min-rsi=28', '-range-max-rsi=80', '-range-p-ema=50,250', '-target-margin-list=1.0,1.5,2.0,2.5,3.0,3.5,4.0,4.5,5.0', '-log-level=WARNING']
2023-11-26 19:43:51;UNIUSDT;30m;3.5;125;36;80;100.0;5;99.24;['-batch-training', '-calc-rsi', '-verbose', '-prediction-mode=index', '-interval-list=30m', '-range-min-rsi=28', '-range-max-rsi=80', '-range-p-ema=50,250', '-target-margin-list=1.0,1.5,2.0,2.5,3.0,3.5,4.0,4.5,5.0', '-log-level=WARNING']
2023-11-26 20:09:59;UNIUSDT;30m;1.5;200;28;74;100.0;3;99.24;['-batch-training', '-calc-rsi', '-verbose', '-prediction-mode=index', '-interval-list=30m', '-range-min-rsi=28', '-range-max-rsi=80', '-range-p-ema=50,250', '-target-margin-list=1.0,1.5,2.0,2.5,3.0,3.5,4.0,4.5,5.0', '-log-level=WARNING']
2023-11-26 21:12:52;UNIUSDT;30m;3.5;75;36;80;100.0;5;99.24;['-batch-training', '-calc-rsi', '-verbose', '-prediction-mode=index', '-interval-list=30m', '-range-min-rsi=28', '-range-max-rsi=80', '-range-p-ema=50,250', '-target-margin-list=1.0,1.5,2.0,2.5,3.0,3.5,4.0,4.5,5.0', '-log-level=WARNING']
2023-11-26 20:49:19;UNIUSDT;30m;1.5;50;28;74;100.0;3;99.24;['-batch-training', '-calc-rsi', '-verbose', '-prediction-mode=index', '-interval-list=30m', '-range-min-rsi=28', '-range-max-rsi=80', '-range-p-ema=50,250', '-target-margin-list=1.0,1.5,2.0,2.5,3.0,3.5,4.0,4.5,5.0', '-log-level=WARNING']
2023-11-26 20:41:22;UNIUSDT;30m;3.5;250;32;72;100.0;4;99.24;['-batch-training', '-calc-rsi', '-verbose', '-prediction-mode=index', '-interval-list=30m', '-range-min-rsi=28', '-range-max-rsi=80', '-range-p-ema=50,250', '-target-margin-list=1.0,1.5,2.0,2.5,3.0,3.5,4.0,4.5,5.0', '-log-level=WARNING']
2023-11-26 20:22:18;UNIUSDT;30m;1.5;225;28;74;100.0;3;99.24;['-batch-training', '-calc-rsi', '-verbose', '-prediction-mode=index', '-interval-list=30m', '-range-min-rsi=28', '-range-max-rsi=80', '-range-p-ema=50,250', '-target-margin-list=1.0,1.5,2.0,2.5,3.0,3.5,4.0,4.5,5.0', '-log-level=WARNING']
2023-11-26 19:26:17;UNIUSDT;30m;1.5;100;28;74;100.0;3;99.24;['-batch-training', '-calc-rsi', '-verbose', '-prediction-mode=index', '-interval-list=30m', '-range-min-rsi=28', '-range-max-rsi=80', '-range-p-ema=50,250', '-target-margin-list=1.0,1.5,2.0,2.5,3.0,3.5,4.0,4.5,5.0', '-log-level=WARNING']
2023-11-26 19:48:43;UNIUSDT;30m;1.0;150;36;78;100.0;2;99.25;['-batch-training', '-calc-rsi', '-verbose', '-prediction-mode=index', '-interval-list=30m', '-range-min-rsi=28', '-range-max-rsi=80', '-range-p-ema=50,250', '-target-margin-list=1.0,1.5,2.0,2.5,3.0,3.5,4.0,4.5,5.0', '-log-level=WARNING']
2023-11-26 20:33:57;UNIUSDT;30m;1.0;250;28;74;100.0;2;99.27;['-batch-training', '-calc-rsi', '-verbose', '-prediction-mode=index', '-interval-list=30m', '-range-min-rsi=28', '-range-max-rsi=80', '-range-p-ema=50,250', '-target-margin-list=1.0,1.5,2.0,2.5,3.0,3.5,4.0,4.5,5.0', '-log-level=WARNING']
2023-11-26 19:47:57;UNIUSDT;30m;1.0;150;36;72;100.0;7;99.27;['-batch-training', '-calc-rsi', '-verbose', '-prediction-mode=index', '-interval-list=30m', '-range-min-rsi=28', '-range-max-rsi=80', '-range-p-ema=50,250', '-target-margin-list=1.0,1.5,2.0,2.5,3.0,3.5,4.0,4.5,5.0', '-log-level=WARNING']
2023-11-26 20:35:32;UNIUSDT;30m;1.5;250;30;74;100.0;4;99.27;['-batch-training', '-calc-rsi', '-verbose', '-prediction-mode=index', '-interval-list=30m', '-range-min-rsi=28', '-range-max-rsi=80', '-range-p-ema=50,250', '-target-margin-list=1.0,1.5,2.0,2.5,3.0,3.5,4.0,4.5,5.0', '-log-level=WARNING']
2023-11-26 20:37:41;UNIUSDT;30m;2.0;250;32;78;100.0;6;99.27;['-batch-training', '-calc-rsi', '-verbose', '-prediction-mode=index', '-interval-list=30m', '-range-min-rsi=28', '-range-max-rsi=80', '-range-p-ema=50,250', '-target-margin-list=1.0,1.5,2.0,2.5,3.0,3.5,4.0,4.5,5.0', '-log-level=WARNING']
2023-11-26 19:49:27;UNIUSDT;30m;1.5;150;34;74;100.0;7;99.28;['-batch-training', '-calc-rsi', '-verbose', '-prediction-mode=index', '-interval-list=30m', '-range-min-rsi=28', '-range-max-rsi=80', '-range-p-ema=50,250', '-target-margin-list=1.0,1.5,2.0,2.5,3.0,3.5,4.0,4.5,5.0', '-log-level=WARNING']
2023-11-26 19:50:47;UNIUSDT;30m;2.0;150;36;74;100.0;7;99.29;['-batch-training', '-calc-rsi', '-verbose', '-prediction-mode=index', '-interval-list=30m', '-range-min-rsi=28', '-range-max-rsi=80', '-range-p-ema=50,250', '-target-margin-list=1.0,1.5,2.0,2.5,3.0,3.5,4.0,4.5,5.0', '-log-level=WARNING']
2023-11-26 20:11:31;UNIUSDT;30m;2.0;200;36;74;100.0;2;99.3;['-batch-training', '-calc-rsi', '-verbose', '-prediction-mode=index', '-interval-list=30m', '-range-min-rsi=28', '-range-max-rsi=80', '-range-p-ema=50,250', '-target-margin-list=1.0,1.5,2.0,2.5,3.0,3.5,4.0,4.5,5.0', '-log-level=WARNING']
2023-11-26 20:00:43;UNIUSDT;30m;1.5;175;34;80;100.0;3;99.31;['-batch-training', '-calc-rsi', '-verbose', '-prediction-mode=index', '-interval-list=30m', '-range-min-rsi=28', '-range-max-rsi=80', '-range-p-ema=50,250', '-target-margin-list=1.0,1.5,2.0,2.5,3.0,3.5,4.0,4.5,5.0', '-log-level=WARNING']
2023-11-26 20:12:34;UNIUSDT;30m;2.5;200;36;72;100.0;6;99.32;['-batch-training', '-calc-rsi', '-verbose', '-prediction-mode=index', '-interval-list=30m', '-range-min-rsi=28', '-range-max-rsi=80', '-range-p-ema=50,250', '-target-margin-list=1.0,1.5,2.0,2.5,3.0,3.5,4.0,4.5,5.0', '-log-level=WARNING']
2023-11-26 20:39:59;UNIUSDT;30m;3.0;250;28;74;100.0;4;99.33;['-batch-training', '-calc-rsi', '-verbose', '-prediction-mode=index', '-interval-list=30m', '-range-min-rsi=28', '-range-max-rsi=80', '-range-p-ema=50,250', '-target-margin-list=1.0,1.5,2.0,2.5,3.0,3.5,4.0,4.5,5.0', '-log-level=WARNING']
2023-11-26 19:49:58;UNIUSDT;30m;1.5;150;34;78;100.0;7;99.33;['-batch-training', '-calc-rsi', '-verbose', '-prediction-mode=index', '-interval-list=30m', '-range-min-rsi=28', '-range-max-rsi=80', '-range-p-ema=50,250', '-target-margin-list=1.0,1.5,2.0,2.5,3.0,3.5,4.0,4.5,5.0', '-log-level=WARNING']
2023-11-26 20:49:43;UNIUSDT;30m;1.5;50;30;76;100.0;7;99.34;['-batch-training', '-calc-rsi', '-verbose', '-prediction-mode=index', '-interval-list=30m', '-range-min-rsi=28', '-range-max-rsi=80', '-range-p-ema=50,250', '-target-margin-list=1.0,1.5,2.0,2.5,3.0,3.5,4.0,4.5,5.0', '-log-level=WARNING']
2023-11-26 19:38:04;UNIUSDT;30m;1.5;125;30;76;100.0;7;99.34;['-batch-training', '-calc-rsi', '-verbose', '-prediction-mode=index', '-interval-list=30m', '-range-min-rsi=28', '-range-max-rsi=80', '-range-p-ema=50,250', '-target-margin-list=1.0,1.5,2.0,2.5,3.0,3.5,4.0,4.5,5.0', '-log-level=WARNING']
2023-11-26 19:49:36;UNIUSDT;30m;1.5;150;30;76;100.0;7;99.34;['-batch-training', '-calc-rsi', '-verbose', '-prediction-mode=index', '-interval-list=30m', '-range-min-rsi=28', '-range-max-rsi=80', '-range-p-ema=50,250', '-target-margin-list=1.0,1.5,2.0,2.5,3.0,3.5,4.0,4.5,5.0', '-log-level=WARNING']
2023-11-26 20:00:09;UNIUSDT;30m;1.5;175;30;76;100.0;7;99.34;['-batch-training', '-calc-rsi', '-verbose', '-prediction-mode=index', '-interval-list=30m', '-range-min-rsi=28', '-range-max-rsi=80', '-range-p-ema=50,250', '-target-margin-list=1.0,1.5,2.0,2.5,3.0,3.5,4.0,4.5,5.0', '-log-level=WARNING']
2023-11-26 19:26:35;UNIUSDT;30m;1.5;100;30;76;100.0;7;99.34;['-batch-training', '-calc-rsi', '-verbose', '-prediction-mode=index', '-interval-list=30m', '-range-min-rsi=28', '-range-max-rsi=80', '-range-p-ema=50,250', '-target-margin-list=1.0,1.5,2.0,2.5,3.0,3.5,4.0,4.5,5.0', '-log-level=WARNING']
2023-11-26 21:04:43;UNIUSDT;30m;1.5;75;30;76;100.0;7;99.34;['-batch-training', '-calc-rsi', '-verbose', '-prediction-mode=index', '-interval-list=30m', '-range-min-rsi=28', '-range-max-rsi=80', '-range-p-ema=50,250', '-target-margin-list=1.0,1.5,2.0,2.5,3.0,3.5,4.0,4.5,5.0', '-log-level=WARNING']
2023-11-26 20:22:39;UNIUSDT;30m;1.5;225;30;76;100.0;7;99.34;['-batch-training', '-calc-rsi', '-verbose', '-prediction-mode=index', '-interval-list=30m', '-range-min-rsi=28', '-range-max-rsi=80', '-range-p-ema=50,250', '-target-margin-list=1.0,1.5,2.0,2.5,3.0,3.5,4.0,4.5,5.0', '-log-level=WARNING']
2023-11-26 20:10:18;UNIUSDT;30m;1.5;200;30;76;100.0;7;99.34;['-batch-training', '-calc-rsi', '-verbose', '-prediction-mode=index', '-interval-list=30m', '-range-min-rsi=28', '-range-max-rsi=80', '-range-p-ema=50,250', '-target-margin-list=1.0,1.5,2.0,2.5,3.0,3.5,4.0,4.5,5.0', '-log-level=WARNING']
2023-11-26 21:02:37;UNIUSDT;30m;1.0;75;30;74;100.0;7;99.37;['-batch-training', '-calc-rsi', '-verbose', '-prediction-mode=index', '-interval-list=30m', '-range-min-rsi=28', '-range-max-rsi=80', '-range-p-ema=50,250', '-target-margin-list=1.0,1.5,2.0,2.5,3.0,3.5,4.0,4.5,5.0', '-log-level=WARNING']
2023-11-26 20:47:48;UNIUSDT;30m;1.0;50;30;74;100.0;7;99.37;['-batch-training', '-calc-rsi', '-verbose', '-prediction-mode=index', '-interval-list=30m', '-range-min-rsi=28', '-range-max-rsi=80', '-range-p-ema=50,250', '-target-margin-list=1.0,1.5,2.0,2.5,3.0,3.5,4.0,4.5,5.0', '-log-level=WARNING']
2023-11-26 19:36:28;UNIUSDT;30m;1.0;125;30;74;100.0;7;99.37;['-batch-training', '-calc-rsi', '-verbose', '-prediction-mode=index', '-interval-list=30m', '-range-min-rsi=28', '-range-max-rsi=80', '-range-p-ema=50,250', '-target-margin-list=1.0,1.5,2.0,2.5,3.0,3.5,4.0,4.5,5.0', '-log-level=WARNING']
2023-11-26 19:48:02;UNIUSDT;30m;1.0;150;30;74;100.0;7;99.37;['-batch-training', '-calc-rsi', '-verbose', '-prediction-mode=index', '-interval-list=30m', '-range-min-rsi=28', '-range-max-rsi=80', '-range-p-ema=50,250', '-target-margin-list=1.0,1.5,2.0,2.5,3.0,3.5,4.0,4.5,5.0', '-log-level=WARNING']
2023-11-26 19:25:01;UNIUSDT;30m;1.0;100;30;74;100.0;7;99.37;['-batch-training', '-calc-rsi', '-verbose', '-prediction-mode=index', '-interval-list=30m', '-range-min-rsi=28', '-range-max-rsi=80', '-range-p-ema=50,250', '-target-margin-list=1.0,1.5,2.0,2.5,3.0,3.5,4.0,4.5,5.0', '-log-level=WARNING']
2023-11-26 20:21:40;UNIUSDT;30m;1.0;225;36;78;100.0;5;99.4;['-batch-training', '-calc-rsi', '-verbose', '-prediction-mode=index', '-interval-list=30m', '-range-min-rsi=28', '-range-max-rsi=80', '-range-p-ema=50,250', '-target-margin-list=1.0,1.5,2.0,2.5,3.0,3.5,4.0,4.5,5.0', '-log-level=WARNING']
2023-11-26 20:36:07;UNIUSDT;30m;1.5;250;30;78;100.0;6;99.4;['-batch-training', '-calc-rsi', '-verbose', '-prediction-mode=index', '-interval-list=30m', '-range-min-rsi=28', '-range-max-rsi=80', '-range-p-ema=50,250', '-target-margin-list=1.0,1.5,2.0,2.5,3.0,3.5,4.0,4.5,5.0', '-log-level=WARNING']
2023-11-26 20:11:41;UNIUSDT;30m;2.0;200;32;76;100.0;6;99.4;['-batch-training', '-calc-rsi', '-verbose', '-prediction-mode=index', '-interval-list=30m', '-range-min-rsi=28', '-range-max-rsi=80', '-range-p-ema=50,250', '-target-margin-list=1.0,1.5,2.0,2.5,3.0,3.5,4.0,4.5,5.0', '-log-level=WARNING']
2023-11-26 20:24:09;UNIUSDT;30m;2.0;225;32;76;100.0;6;99.4;['-batch-training', '-calc-rsi', '-verbose', '-prediction-mode=index', '-interval-list=30m', '-range-min-rsi=28', '-range-max-rsi=80', '-range-p-ema=50,250', '-target-margin-list=1.0,1.5,2.0,2.5,3.0,3.5,4.0,4.5,5.0', '-log-level=WARNING']
2023-11-26 20:02:28;UNIUSDT;30m;2.5;175;32;76;100.0;5;99.41;['-batch-training', '-calc-rsi', '-verbose', '-prediction-mode=index', '-interval-list=30m', '-range-min-rsi=28', '-range-max-rsi=80', '-range-p-ema=50,250', '-target-margin-list=1.0,1.5,2.0,2.5,3.0,3.5,4.0,4.5,5.0', '-log-level=WARNING']
2023-11-26 19:52:14;UNIUSDT;30m;2.5;150;32;76;100.0;5;99.41;['-batch-training', '-calc-rsi', '-verbose', '-prediction-mode=index', '-interval-list=30m', '-range-min-rsi=28', '-range-max-rsi=80', '-range-p-ema=50,250', '-target-margin-list=1.0,1.5,2.0,2.5,3.0,3.5,4.0,4.5,5.0', '-log-level=WARNING']
2023-11-26 19:48:24;UNIUSDT;30m;1.0;150;34;76;100.0;3;99.44;['-batch-training', '-calc-rsi', '-verbose', '-prediction-mode=index', '-interval-list=30m', '-range-min-rsi=28', '-range-max-rsi=80', '-range-p-ema=50,250', '-target-margin-list=1.0,1.5,2.0,2.5,3.0,3.5,4.0,4.5,5.0', '-log-level=WARNING']
2023-11-26 20:20:44;UNIUSDT;30m;1.0;225;34;72;100.0;5;99.46;['-batch-training', '-calc-rsi', '-verbose', '-prediction-mode=index', '-interval-list=30m', '-range-min-rsi=28', '-range-max-rsi=80', '-range-p-ema=50,250', '-target-margin-list=1.0,1.5,2.0,2.5,3.0,3.5,4.0,4.5,5.0', '-log-level=WARNING']
2023-11-26 20:01:34;UNIUSDT;30m;2.0;175;32;78;100.0;2;99.46;['-batch-training', '-calc-rsi', '-verbose', '-prediction-mode=index', '-interval-list=30m', '-range-min-rsi=28', '-range-max-rsi=80', '-range-p-ema=50,250', '-target-margin-list=1.0,1.5,2.0,2.5,3.0,3.5,4.0,4.5,5.0', '-log-level=WARNING']
2023-11-26 20:00:29;UNIUSDT;30m;1.5;175;34;78;100.0;7;99.48;['-batch-training', '-calc-rsi', '-verbose', '-prediction-mode=index', '-interval-list=30m', '-range-min-rsi=28', '-range-max-rsi=80', '-range-p-ema=50,250', '-target-margin-list=1.0,1.5,2.0,2.5,3.0,3.5,4.0,4.5,5.0', '-log-level=WARNING']
2023-11-26 20:26:17;UNIUSDT;30m;2.5;225;36;80;100.0;6;99.49;['-batch-training', '-calc-rsi', '-verbose', '-prediction-mode=index', '-interval-list=30m', '-range-min-rsi=28', '-range-max-rsi=80', '-range-p-ema=50,250', '-target-margin-list=1.0,1.5,2.0,2.5,3.0,3.5,4.0,4.5,5.0', '-log-level=WARNING']
2023-11-26 21:05:45;UNIUSDT;30m;2.0;75;28;72;100.0;6;99.5;['-batch-training', '-calc-rsi', '-verbose', '-prediction-mode=index', '-interval-list=30m', '-range-min-rsi=28', '-range-max-rsi=80', '-range-p-ema=50,250', '-target-margin-list=1.0,1.5,2.0,2.5,3.0,3.5,4.0,4.5,5.0', '-log-level=WARNING']
2023-11-26 20:23:28;UNIUSDT;30m;2.0;225;28;72;100.0;6;99.5;['-batch-training', '-calc-rsi', '-verbose', '-prediction-mode=index', '-interval-list=30m', '-range-min-rsi=28', '-range-max-rsi=80', '-range-p-ema=50,250', '-target-margin-list=1.0,1.5,2.0,2.5,3.0,3.5,4.0,4.5,5.0', '-log-level=WARNING']
2023-11-26 19:38:48;UNIUSDT;30m;2.0;125;28;72;100.0;6;99.5;['-batch-training', '-calc-rsi', '-verbose', '-prediction-mode=index', '-interval-list=30m', '-range-min-rsi=28', '-range-max-rsi=80', '-range-p-ema=50,250', '-target-margin-list=1.0,1.5,2.0,2.5,3.0,3.5,4.0,4.5,5.0', '-log-level=WARNING']
2023-11-26 19:27:19;UNIUSDT;30m;2.0;100;28;72;100.0;6;99.5;['-batch-training', '-calc-rsi', '-verbose', '-prediction-mode=index', '-interval-list=30m', '-range-min-rsi=28', '-range-max-rsi=80', '-range-p-ema=50,250', '-target-margin-list=1.0,1.5,2.0,2.5,3.0,3.5,4.0,4.5,5.0', '-log-level=WARNING']
2023-11-26 20:50:36;UNIUSDT;30m;2.0;50;28;72;100.0;6;99.5;['-batch-training', '-calc-rsi', '-verbose', '-prediction-mode=index', '-interval-list=30m', '-range-min-rsi=28', '-range-max-rsi=80', '-range-p-ema=50,250', '-target-margin-list=1.0,1.5,2.0,2.5,3.0,3.5,4.0,4.5,5.0', '-log-level=WARNING']
2023-11-26 19:50:20;UNIUSDT;30m;2.0;150;28;72;100.0;6;99.5;['-batch-training', '-calc-rsi', '-verbose', '-prediction-mode=index', '-interval-list=30m', '-range-min-rsi=28', '-range-max-rsi=80', '-range-p-ema=50,250', '-target-margin-list=1.0,1.5,2.0,2.5,3.0,3.5,4.0,4.5,5.0', '-log-level=WARNING']
2023-11-26 20:00:48;UNIUSDT;30m;2.0;175;28;72;100.0;6;99.5;['-batch-training', '-calc-rsi', '-verbose', '-prediction-mode=index', '-interval-list=30m', '-range-min-rsi=28', '-range-max-rsi=80', '-range-p-ema=50,250', '-target-margin-list=1.0,1.5,2.0,2.5,3.0,3.5,4.0,4.5,5.0', '-log-level=WARNING']
2023-11-26 20:11:02;UNIUSDT;30m;2.0;200;28;72;100.0;6;99.5;['-batch-training', '-calc-rsi', '-verbose', '-prediction-mode=index', '-interval-list=30m', '-range-min-rsi=28', '-range-max-rsi=80', '-range-p-ema=50,250', '-target-margin-list=1.0,1.5,2.0,2.5,3.0,3.5,4.0,4.5,5.0', '-log-level=WARNING']
2023-11-26 19:34:06;UNIUSDT;30m;4.5;100;28;76;100.0;4;99.51;['-batch-training', '-calc-rsi', '-verbose', '-prediction-mode=index', '-interval-list=30m', '-range-min-rsi=28', '-range-max-rsi=80', '-range-p-ema=50,250', '-target-margin-list=1.0,1.5,2.0,2.5,3.0,3.5,4.0,4.5,5.0', '-log-level=WARNING']
2023-11-26 20:45:15;UNIUSDT;30m;4.5;250;28;78;100.0;4;99.51;['-batch-training', '-calc-rsi', '-verbose', '-prediction-mode=index', '-interval-list=30m', '-range-min-rsi=28', '-range-max-rsi=80', '-range-p-ema=50,250', '-target-margin-list=1.0,1.5,2.0,2.5,3.0,3.5,4.0,4.5,5.0', '-log-level=WARNING']
2023-11-26 20:59:52;UNIUSDT;30m;4.5;50;28;78;100.0;4;99.51;['-batch-training', '-calc-rsi', '-verbose', '-prediction-mode=index', '-interval-list=30m', '-range-min-rsi=28', '-range-max-rsi=80', '-range-p-ema=50,250', '-target-margin-list=1.0,1.5,2.0,2.5,3.0,3.5,4.0,4.5,5.0', '-log-level=WARNING']
2023-11-26 20:07:00;UNIUSDT;30m;4.5;175;28;78;100.0;4;99.51;['-batch-training', '-calc-rsi', '-verbose', '-prediction-mode=index', '-interval-list=30m', '-range-min-rsi=28', '-range-max-rsi=80', '-range-p-ema=50,250', '-target-margin-list=1.0,1.5,2.0,2.5,3.0,3.5,4.0,4.5,5.0', '-log-level=WARNING']
2023-11-26 19:56:29;UNIUSDT;30m;4.5;150;28;74;100.0;4;99.51;['-batch-training', '-calc-rsi', '-verbose', '-prediction-mode=index', '-interval-list=30m', '-range-min-rsi=28', '-range-max-rsi=80', '-range-p-ema=50,250', '-target-margin-list=1.0,1.5,2.0,2.5,3.0,3.5,4.0,4.5,5.0', '-log-level=WARNING']
2023-11-26 19:45:40;UNIUSDT;30m;4.5;125;28;76;100.0;4;99.51;['-batch-training', '-calc-rsi', '-verbose', '-prediction-mode=index', '-interval-list=30m', '-range-min-rsi=28', '-range-max-rsi=80', '-range-p-ema=50,250', '-target-margin-list=1.0,1.5,2.0,2.5,3.0,3.5,4.0,4.5,5.0', '-log-level=WARNING']
2023-11-26 20:06:47;UNIUSDT;30m;4.5;175;28;76;100.0;4;99.51;['-batch-training', '-calc-rsi', '-verbose', '-prediction-mode=index', '-interval-list=30m', '-range-min-rsi=28', '-range-max-rsi=80', '-range-p-ema=50,250', '-target-margin-list=1.0,1.5,2.0,2.5,3.0,3.5,4.0,4.5,5.0', '-log-level=WARNING']
2023-11-26 20:18:03;UNIUSDT;30m;4.5;200;28;74;100.0;4;99.51;['-batch-training', '-calc-rsi', '-verbose', '-prediction-mode=index', '-interval-list=30m', '-range-min-rsi=28', '-range-max-rsi=80', '-range-p-ema=50,250', '-target-margin-list=1.0,1.5,2.0,2.5,3.0,3.5,4.0,4.5,5.0', '-log-level=WARNING']
2023-11-26 19:34:21;UNIUSDT;30m;4.5;100;28;78;100.0;4;99.51;['-batch-training', '-calc-rsi', '-verbose', '-prediction-mode=index', '-interval-list=30m', '-range-min-rsi=28', '-range-max-rsi=80', '-range-p-ema=50,250', '-target-margin-list=1.0,1.5,2.0,2.5,3.0,3.5,4.0,4.5,5.0', '-log-level=WARNING']
2023-11-26 20:18:35;UNIUSDT;30m;4.5;200;28;78;100.0;4;99.51;['-batch-training', '-calc-rsi', '-verbose', '-prediction-mode=index', '-interval-list=30m', '-range-min-rsi=28', '-range-max-rsi=80', '-range-p-ema=50,250', '-target-margin-list=1.0,1.5,2.0,2.5,3.0,3.5,4.0,4.5,5.0', '-log-level=WARNING']
2023-11-26 19:56:43;UNIUSDT;30m;4.5;150;28;76;100.0;4;99.51;['-batch-training', '-calc-rsi', '-verbose', '-prediction-mode=index', '-interval-list=30m', '-range-min-rsi=28', '-range-max-rsi=80', '-range-p-ema=50,250', '-target-margin-list=1.0,1.5,2.0,2.5,3.0,3.5,4.0,4.5,5.0', '-log-level=WARNING']
2023-11-26 20:06:34;UNIUSDT;30m;4.5;175;28;74;100.0;4;99.51;['-batch-training', '-calc-rsi', '-verbose', '-prediction-mode=index', '-interval-list=30m', '-range-min-rsi=28', '-range-max-rsi=80', '-range-p-ema=50,250', '-target-margin-list=1.0,1.5,2.0,2.5,3.0,3.5,4.0,4.5,5.0', '-log-level=WARNING']
2023-11-26 19:56:57;UNIUSDT;30m;4.5;150;28;78;100.0;4;99.51;['-batch-training', '-calc-rsi', '-verbose', '-prediction-mode=index', '-interval-list=30m', '-range-min-rsi=28', '-range-max-rsi=80', '-range-p-ema=50,250', '-target-margin-list=1.0,1.5,2.0,2.5,3.0,3.5,4.0,4.5,5.0', '-log-level=WARNING']
2023-11-26 21:15:22;UNIUSDT;30m;4.5;75;28;78;100.0;4;99.51;['-batch-training', '-calc-rsi', '-verbose', '-prediction-mode=index', '-interval-list=30m', '-range-min-rsi=28', '-range-max-rsi=80', '-range-p-ema=50,250', '-target-margin-list=1.0,1.5,2.0,2.5,3.0,3.5,4.0,4.5,5.0', '-log-level=WARNING']
2023-11-26 20:31:35;UNIUSDT;30m;4.5;225;28;78;100.0;4;99.51;['-batch-training', '-calc-rsi', '-verbose', '-prediction-mode=index', '-interval-list=30m', '-range-min-rsi=28', '-range-max-rsi=80', '-range-p-ema=50,250', '-target-margin-list=1.0,1.5,2.0,2.5,3.0,3.5,4.0,4.5,5.0', '-log-level=WARNING']
2023-11-26 19:45:56;UNIUSDT;30m;4.5;125;28;78;100.0;4;99.51;['-batch-training', '-calc-rsi', '-verbose', '-prediction-mode=index', '-interval-list=30m', '-range-min-rsi=28', '-range-max-rsi=80', '-range-p-ema=50,250', '-target-margin-list=1.0,1.5,2.0,2.5,3.0,3.5,4.0,4.5,5.0', '-log-level=WARNING']
2023-11-26 19:45:25;UNIUSDT;30m;4.5;125;28;74;100.0;4;99.51;['-batch-training', '-calc-rsi', '-verbose', '-prediction-mode=index', '-interval-list=30m', '-range-min-rsi=28', '-range-max-rsi=80', '-range-p-ema=50,250', '-target-margin-list=1.0,1.5,2.0,2.5,3.0,3.5,4.0,4.5,5.0', '-log-level=WARNING']
2023-11-26 20:31:00;UNIUSDT;30m;4.5;225;28;74;100.0;4;99.51;['-batch-training', '-calc-rsi', '-verbose', '-prediction-mode=index', '-interval-list=30m', '-range-min-rsi=28', '-range-max-rsi=80', '-range-p-ema=50,250', '-target-margin-list=1.0,1.5,2.0,2.5,3.0,3.5,4.0,4.5,5.0', '-log-level=WARNING']
2023-11-26 20:59:10;UNIUSDT;30m;4.5;50;28;74;100.0;4;99.51;['-batch-training', '-calc-rsi', '-verbose', '-prediction-mode=index', '-interval-list=30m', '-range-min-rsi=28', '-range-max-rsi=80', '-range-p-ema=50,250', '-target-margin-list=1.0,1.5,2.0,2.5,3.0,3.5,4.0,4.5,5.0', '-log-level=WARNING']
2023-11-26 20:59:31;UNIUSDT;30m;4.5;50;28;76;100.0;4;99.51;['-batch-training', '-calc-rsi', '-verbose', '-prediction-mode=index', '-interval-list=30m', '-range-min-rsi=28', '-range-max-rsi=80', '-range-p-ema=50,250', '-target-margin-list=1.0,1.5,2.0,2.5,3.0,3.5,4.0,4.5,5.0', '-log-level=WARNING']
2023-11-26 21:14:48;UNIUSDT;30m;4.5;75;28;74;100.0;4;99.51;['-batch-training', '-calc-rsi', '-verbose', '-prediction-mode=index', '-interval-list=30m', '-range-min-rsi=28', '-range-max-rsi=80', '-range-p-ema=50,250', '-target-margin-list=1.0,1.5,2.0,2.5,3.0,3.5,4.0,4.5,5.0', '-log-level=WARNING']
2023-11-26 19:33:52;UNIUSDT;30m;4.5;100;28;74;100.0;4;99.51;['-batch-training', '-calc-rsi', '-verbose', '-prediction-mode=index', '-interval-list=30m', '-range-min-rsi=28', '-range-max-rsi=80', '-range-p-ema=50,250', '-target-margin-list=1.0,1.5,2.0,2.5,3.0,3.5,4.0,4.5,5.0', '-log-level=WARNING']
2023-11-26 20:31:18;UNIUSDT;30m;4.5;225;28;76;100.0;4;99.51;['-batch-training', '-calc-rsi', '-verbose', '-prediction-mode=index', '-interval-list=30m', '-range-min-rsi=28', '-range-max-rsi=80', '-range-p-ema=50,250', '-target-margin-list=1.0,1.5,2.0,2.5,3.0,3.5,4.0,4.5,5.0', '-log-level=WARNING']
2023-11-26 21:15:06;UNIUSDT;30m;4.5;75;28;76;100.0;4;99.51;['-batch-training', '-calc-rsi', '-verbose', '-prediction-mode=index', '-interval-list=30m', '-range-min-rsi=28', '-range-max-rsi=80', '-range-p-ema=50,250', '-target-margin-list=1.0,1.5,2.0,2.5,3.0,3.5,4.0,4.5,5.0', '-log-level=WARNING']
2023-11-26 20:18:20;UNIUSDT;30m;4.5;200;28;76;100.0;4;99.51;['-batch-training', '-calc-rsi', '-verbose', '-prediction-mode=index', '-interval-list=30m', '-range-min-rsi=28', '-range-max-rsi=80', '-range-p-ema=50,250', '-target-margin-list=1.0,1.5,2.0,2.5,3.0,3.5,4.0,4.5,5.0', '-log-level=WARNING']
2023-11-26 20:44:38;UNIUSDT;30m;4.5;250;28;74;100.0;4;99.51;['-batch-training', '-calc-rsi', '-verbose', '-prediction-mode=index', '-interval-list=30m', '-range-min-rsi=28', '-range-max-rsi=80', '-range-p-ema=50,250', '-target-margin-list=1.0,1.5,2.0,2.5,3.0,3.5,4.0,4.5,5.0', '-log-level=WARNING']
2023-11-26 20:44:56;UNIUSDT;30m;4.5;250;28;76;100.0;4;99.51;['-batch-training', '-calc-rsi', '-verbose', '-prediction-mode=index', '-interval-list=30m', '-range-min-rsi=28', '-range-max-rsi=80', '-range-p-ema=50,250', '-target-margin-list=1.0,1.5,2.0,2.5,3.0,3.5,4.0,4.5,5.0', '-log-level=WARNING']
2023-11-26 20:24:27;UNIUSDT;30m;2.0;225;32;78;100.0;6;99.59;['-batch-training', '-calc-rsi', '-verbose', '-prediction-mode=index', '-interval-list=30m', '-range-min-rsi=28', '-range-max-rsi=80', '-range-p-ema=50,250', '-target-margin-list=1.0,1.5,2.0,2.5,3.0,3.5,4.0,4.5,5.0', '-log-level=WARNING']
2023-11-26 20:11:56;UNIUSDT;30m;2.0;200;32;78;100.0;6;99.59;['-batch-training', '-calc-rsi', '-verbose', '-prediction-mode=index', '-interval-list=30m', '-range-min-rsi=28', '-range-max-rsi=80', '-range-p-ema=50,250', '-target-margin-list=1.0,1.5,2.0,2.5,3.0,3.5,4.0,4.5,5.0', '-log-level=WARNING']
2023-11-26 20:37:29;UNIUSDT;30m;2.0;250;36;76;100.0;7;99.61;['-batch-training', '-calc-rsi', '-verbose', '-prediction-mode=index', '-interval-list=30m', '-range-min-rsi=28', '-range-max-rsi=80', '-range-p-ema=50,250', '-target-margin-list=1.0,1.5,2.0,2.5,3.0,3.5,4.0,4.5,5.0', '-log-level=WARNING']
2023-11-26 20:33:46;UNIUSDT;30m;1.0;250;32;72;100.0;6;99.64;['-batch-training', '-calc-rsi', '-verbose', '-prediction-mode=index', '-interval-list=30m', '-range-min-rsi=28', '-range-max-rsi=80', '-range-p-ema=50,250', '-target-margin-list=1.0,1.5,2.0,2.5,3.0,3.5,4.0,4.5,5.0', '-log-level=WARNING']
2023-11-26 20:56:48;UNIUSDT;30m;3.5;50;36;78;100.0;5;99.67;['-batch-training', '-calc-rsi', '-verbose', '-prediction-mode=index', '-interval-list=30m', '-range-min-rsi=28', '-range-max-rsi=80', '-range-p-ema=50,250', '-target-margin-list=1.0,1.5,2.0,2.5,3.0,3.5,4.0,4.5,5.0', '-log-level=WARNING']
2023-11-26 20:37:41;UNIUSDT;30m;2.0;250;32;78;100.0;2;99.67;['-batch-training', '-calc-rsi', '-verbose', '-prediction-mode=index', '-interval-list=30m', '-range-min-rsi=28', '-range-max-rsi=80', '-range-p-ema=50,250', '-target-margin-list=1.0,1.5,2.0,2.5,3.0,3.5,4.0,4.5,5.0', '-log-level=WARNING']
2023-11-26 21:12:30;UNIUSDT;30m;3.5;75;36;78;100.0;5;99.67;['-batch-training', '-calc-rsi', '-verbose', '-prediction-mode=index', '-interval-list=30m', '-range-min-rsi=28', '-range-max-rsi=80', '-range-p-ema=50,250', '-target-margin-list=1.0,1.5,2.0,2.5,3.0,3.5,4.0,4.5,5.0', '-log-level=WARNING']
2023-11-26 19:43:36;UNIUSDT;30m;3.5;125;36;78;100.0;5;99.67;['-batch-training', '-calc-rsi', '-verbose', '-prediction-mode=index', '-interval-list=30m', '-range-min-rsi=28', '-range-max-rsi=80', '-range-p-ema=50,250', '-target-margin-list=1.0,1.5,2.0,2.5,3.0,3.5,4.0,4.5,5.0', '-log-level=WARNING']
2023-11-26 19:32:06;UNIUSDT;30m;3.5;100;36;78;100.0;5;99.67;['-batch-training', '-calc-rsi', '-verbose', '-prediction-mode=index', '-interval-list=30m', '-range-min-rsi=28', '-range-max-rsi=80', '-range-p-ema=50,250', '-target-margin-list=1.0,1.5,2.0,2.5,3.0,3.5,4.0,4.5,5.0', '-log-level=WARNING']
2023-11-26 20:23:59;UNIUSDT;30m;2.0;225;36;74;100.0;7;99.7;['-batch-training', '-calc-rsi', '-verbose', '-prediction-mode=index', '-interval-list=30m', '-range-min-rsi=28', '-range-max-rsi=80', '-range-p-ema=50,250', '-target-margin-list=1.0,1.5,2.0,2.5,3.0,3.5,4.0,4.5,5.0', '-log-level=WARNING']
2023-11-26 20:50:13;UNIUSDT;30m;1.5;50;36;78;100.0;5;99.71;['-batch-training', '-calc-rsi', '-verbose', '-prediction-mode=index', '-interval-list=30m', '-range-min-rsi=28', '-range-max-rsi=80', '-range-p-ema=50,250', '-target-margin-list=1.0,1.5,2.0,2.5,3.0,3.5,4.0,4.5,5.0', '-log-level=WARNING']
2023-11-26 21:05:19;UNIUSDT;30m;1.5;75;36;78;100.0;5;99.71;['-batch-training', '-calc-rsi', '-verbose', '-prediction-mode=index', '-interval-list=30m', '-range-min-rsi=28', '-range-max-rsi=80', '-range-p-ema=50,250', '-target-margin-list=1.0,1.5,2.0,2.5,3.0,3.5,4.0,4.5,5.0', '-log-level=WARNING']
2023-11-26 20:25:43;UNIUSDT;30m;2.5;225;36;76;100.0;2;99.71;['-batch-training', '-calc-rsi', '-verbose', '-prediction-mode=index', '-interval-list=30m', '-range-min-rsi=28', '-range-max-rsi=80', '-range-p-ema=50,250', '-target-margin-list=1.0,1.5,2.0,2.5,3.0,3.5,4.0,4.5,5.0', '-log-level=WARNING']
2023-11-26 19:48:52;UNIUSDT;30m;1.0;150;32;80;100.0;7;99.72;['-batch-training', '-calc-rsi', '-verbose', '-prediction-mode=index', '-interval-list=30m', '-range-min-rsi=28', '-range-max-rsi=80', '-range-p-ema=50,250', '-target-margin-list=1.0,1.5,2.0,2.5,3.0,3.5,4.0,4.5,5.0', '-log-level=WARNING']
2023-11-26 19:58:41;UNIUSDT;30m;1.0;175;36;72;100.0;2;99.74;['-batch-training', '-calc-rsi', '-verbose', '-prediction-mode=index', '-interval-list=30m', '-range-min-rsi=28', '-range-max-rsi=80', '-range-p-ema=50,250', '-target-margin-list=1.0,1.5,2.0,2.5,3.0,3.5,4.0,4.5,5.0', '-log-level=WARNING']
2023-11-26 20:24:13;UNIUSDT;30m;2.0;225;34;76;100.0;7;99.75;['-batch-training', '-calc-rsi', '-verbose', '-prediction-mode=index', '-interval-list=30m', '-range-min-rsi=28', '-range-max-rsi=80', '-range-p-ema=50,250', '-target-margin-list=1.0,1.5,2.0,2.5,3.0,3.5,4.0,4.5,5.0', '-log-level=WARNING']
2023-11-26 20:09:24;UNIUSDT;30m;1.0;200;34;78;100.0;5;99.76;['-batch-training', '-calc-rsi', '-verbose', '-prediction-mode=index', '-interval-list=30m', '-range-min-rsi=28', '-range-max-rsi=80', '-range-p-ema=50,250', '-target-margin-list=1.0,1.5,2.0,2.5,3.0,3.5,4.0,4.5,5.0', '-log-level=WARNING']
2023-11-26 20:37:51;UNIUSDT;30m;2.0;250;28;80;100.0;2;99.77;['-batch-training', '-calc-rsi', '-verbose', '-prediction-mode=index', '-interval-list=30m', '-range-min-rsi=28', '-range-max-rsi=80', '-range-p-ema=50,250', '-target-margin-list=1.0,1.5,2.0,2.5,3.0,3.5,4.0,4.5,5.0', '-log-level=WARNING']
2023-11-26 19:58:44;UNIUSDT;30m;1.0;175;28;74;100.0;2;99.8;['-batch-training', '-calc-rsi', '-verbose', '-prediction-mode=index', '-interval-list=30m', '-range-min-rsi=28', '-range-max-rsi=80', '-range-p-ema=50,250', '-target-margin-list=1.0,1.5,2.0,2.5,3.0,3.5,4.0,4.5,5.0', '-log-level=WARNING']
2023-11-26 20:47:44;UNIUSDT;30m;1.0;50;28;74;100.0;2;99.8;['-batch-training', '-calc-rsi', '-verbose', '-prediction-mode=index', '-interval-list=30m', '-range-min-rsi=28', '-range-max-rsi=80', '-range-p-ema=50,250', '-target-margin-list=1.0,1.5,2.0,2.5,3.0,3.5,4.0,4.5,5.0', '-log-level=WARNING']
2023-11-26 19:24:58;UNIUSDT;30m;1.0;100;28;74;100.0;2;99.8;['-batch-training', '-calc-rsi', '-verbose', '-prediction-mode=index', '-interval-list=30m', '-range-min-rsi=28', '-range-max-rsi=80', '-range-p-ema=50,250', '-target-margin-list=1.0,1.5,2.0,2.5,3.0,3.5,4.0,4.5,5.0', '-log-level=WARNING']
2023-11-26 21:02:33;UNIUSDT;30m;1.0;75;28;74;100.0;2;99.8;['-batch-training', '-calc-rsi', '-verbose', '-prediction-mode=index', '-interval-list=30m', '-range-min-rsi=28', '-range-max-rsi=80', '-range-p-ema=50,250', '-target-margin-list=1.0,1.5,2.0,2.5,3.0,3.5,4.0,4.5,5.0', '-log-level=WARNING']
2023-11-26 19:36:25;UNIUSDT;30m;1.0;125;28;74;100.0;2;99.8;['-batch-training', '-calc-rsi', '-verbose', '-prediction-mode=index', '-interval-list=30m', '-range-min-rsi=28', '-range-max-rsi=80', '-range-p-ema=50,250', '-target-margin-list=1.0,1.5,2.0,2.5,3.0,3.5,4.0,4.5,5.0', '-log-level=WARNING']
2023-11-26 19:47:59;UNIUSDT;30m;1.0;150;28;74;100.0;2;99.8;['-batch-training', '-calc-rsi', '-verbose', '-prediction-mode=index', '-interval-list=30m', '-range-min-rsi=28', '-range-max-rsi=80', '-range-p-ema=50,250', '-target-margin-list=1.0,1.5,2.0,2.5,3.0,3.5,4.0,4.5,5.0', '-log-level=WARNING']
2023-11-26 20:08:47;UNIUSDT;30m;1.0;200;28;74;100.0;2;99.8;['-batch-training', '-calc-rsi', '-verbose', '-prediction-mode=index', '-interval-list=30m', '-range-min-rsi=28', '-range-max-rsi=80', '-range-p-ema=50,250', '-target-margin-list=1.0,1.5,2.0,2.5,3.0,3.5,4.0,4.5,5.0', '-log-level=WARNING']
2023-11-26 20:20:51;UNIUSDT;30m;1.0;225;28;74;100.0;2;99.8;['-batch-training', '-calc-rsi', '-verbose', '-prediction-mode=index', '-interval-list=30m', '-range-min-rsi=28', '-range-max-rsi=80', '-range-p-ema=50,250', '-target-margin-list=1.0,1.5,2.0,2.5,3.0,3.5,4.0,4.5,5.0', '-log-level=WARNING']
2023-11-26 20:36:18;UNIUSDT;30m;1.5;250;36;78;100.0;7;99.81;['-batch-training', '-calc-rsi', '-verbose', '-prediction-mode=index', '-interval-list=30m', '-range-min-rsi=28', '-range-max-rsi=80', '-range-p-ema=50,250', '-target-margin-list=1.0,1.5,2.0,2.5,3.0,3.5,4.0,4.5,5.0', '-log-level=WARNING']
2023-11-26 20:50:02;UNIUSDT;30m;1.5;50;30;78;100.0;6;99.82;['-batch-training', '-calc-rsi', '-verbose', '-prediction-mode=index', '-interval-list=30m', '-range-min-rsi=28', '-range-max-rsi=80', '-range-p-ema=50,250', '-target-margin-list=1.0,1.5,2.0,2.5,3.0,3.5,4.0,4.5,5.0', '-log-level=WARNING']
2023-11-26 19:49:52;UNIUSDT;30m;1.5;150;30;78;100.0;6;99.82;['-batch-training', '-calc-rsi', '-verbose', '-prediction-mode=index', '-interval-list=30m', '-range-min-rsi=28', '-range-max-rsi=80', '-range-p-ema=50,250', '-target-margin-list=1.0,1.5,2.0,2.5,3.0,3.5,4.0,4.5,5.0', '-log-level=WARNING']
2023-11-26 21:05:06;UNIUSDT;30m;1.5;75;30;78;100.0;6;99.82;['-batch-training', '-calc-rsi', '-verbose', '-prediction-mode=index', '-interval-list=30m', '-range-min-rsi=28', '-range-max-rsi=80', '-range-p-ema=50,250', '-target-margin-list=1.0,1.5,2.0,2.5,3.0,3.5,4.0,4.5,5.0', '-log-level=WARNING']
2023-11-26 19:26:51;UNIUSDT;30m;1.5;100;30;78;100.0;6;99.82;['-batch-training', '-calc-rsi', '-verbose', '-prediction-mode=index', '-interval-list=30m', '-range-min-rsi=28', '-range-max-rsi=80', '-range-p-ema=50,250', '-target-margin-list=1.0,1.5,2.0,2.5,3.0,3.5,4.0,4.5,5.0', '-log-level=WARNING']
2023-11-26 19:38:20;UNIUSDT;30m;1.5;125;30;78;100.0;6;99.82;['-batch-training', '-calc-rsi', '-verbose', '-prediction-mode=index', '-interval-list=30m', '-range-min-rsi=28', '-range-max-rsi=80', '-range-p-ema=50,250', '-target-margin-list=1.0,1.5,2.0,2.5,3.0,3.5,4.0,4.5,5.0', '-log-level=WARNING']
2023-11-26 20:20:48;UNIUSDT;30m;1.0;225;36;72;100.0;2;99.83;['-batch-training', '-calc-rsi', '-verbose', '-prediction-mode=index', '-interval-list=30m', '-range-min-rsi=28', '-range-max-rsi=80', '-range-p-ema=50,250', '-target-margin-list=1.0,1.5,2.0,2.5,3.0,3.5,4.0,4.5,5.0', '-log-level=WARNING']
2023-11-26 20:35:28;UNIUSDT;30m;1.5;250;28;74;100.0;3;99.84;['-batch-training', '-calc-rsi', '-verbose', '-prediction-mode=index', '-interval-list=30m', '-range-min-rsi=28', '-range-max-rsi=80', '-range-p-ema=50,250', '-target-margin-list=1.0,1.5,2.0,2.5,3.0,3.5,4.0,4.5,5.0', '-log-level=WARNING']
2023-11-26 20:34:48;UNIUSDT;30m;1.0;250;36;78;100.0;5;99.86;['-batch-training', '-calc-rsi', '-verbose', '-prediction-mode=index', '-interval-list=30m', '-range-min-rsi=28', '-range-max-rsi=80', '-range-p-ema=50,250', '-target-margin-list=1.0,1.5,2.0,2.5,3.0,3.5,4.0,4.5,5.0', '-log-level=WARNING']
2023-11-26 21:03:32;UNIUSDT;30m;1.0;75;36;78;100.0;2;99.91;['-batch-training', '-calc-rsi', '-verbose', '-prediction-mode=index', '-interval-list=30m', '-range-min-rsi=28', '-range-max-rsi=80', '-range-p-ema=50,250', '-target-margin-list=1.0,1.5,2.0,2.5,3.0,3.5,4.0,4.5,5.0', '-log-level=WARNING']
2023-11-26 20:48:38;UNIUSDT;30m;1.0;50;36;78;100.0;2;99.91;['-batch-training', '-calc-rsi', '-verbose', '-prediction-mode=index', '-interval-list=30m', '-range-min-rsi=28', '-range-max-rsi=80', '-range-p-ema=50,250', '-target-margin-list=1.0,1.5,2.0,2.5,3.0,3.5,4.0,4.5,5.0', '-log-level=WARNING']
2023-11-26 19:31:12;UNIUSDT;30m;3.5;100;30;72;100.0;2;99.92;['-batch-training', '-calc-rsi', '-verbose', '-prediction-mode=index', '-interval-list=30m', '-range-min-rsi=28', '-range-max-rsi=80', '-range-p-ema=50,250', '-target-margin-list=1.0,1.5,2.0,2.5,3.0,3.5,4.0,4.5,5.0', '-log-level=WARNING']
2023-11-26 21:11:12;UNIUSDT;30m;3.5;75;30;72;100.0;2;99.92;['-batch-training', '-calc-rsi', '-verbose', '-prediction-mode=index', '-interval-list=30m', '-range-min-rsi=28', '-range-max-rsi=80', '-range-p-ema=50,250', '-target-margin-list=1.0,1.5,2.0,2.5,3.0,3.5,4.0,4.5,5.0', '-log-level=WARNING']
2023-11-26 19:42:42;UNIUSDT;30m;3.5;125;30;72;100.0;2;99.92;['-batch-training', '-calc-rsi', '-verbose', '-prediction-mode=index', '-interval-list=30m', '-range-min-rsi=28', '-range-max-rsi=80', '-range-p-ema=50,250', '-target-margin-list=1.0,1.5,2.0,2.5,3.0,3.5,4.0,4.5,5.0', '-log-level=WARNING']
2023-11-26 19:54:02;UNIUSDT;30m;3.5;150;30;72;100.0;2;99.92;['-batch-training', '-calc-rsi', '-verbose', '-prediction-mode=index', '-interval-list=30m', '-range-min-rsi=28', '-range-max-rsi=80', '-range-p-ema=50,250', '-target-margin-list=1.0,1.5,2.0,2.5,3.0,3.5,4.0,4.5,5.0', '-log-level=WARNING']
2023-11-26 20:55:36;UNIUSDT;30m;3.5;50;30;72;100.0;2;99.92;['-batch-training', '-calc-rsi', '-verbose', '-prediction-mode=index', '-interval-list=30m', '-range-min-rsi=28', '-range-max-rsi=80', '-range-p-ema=50,250', '-target-margin-list=1.0,1.5,2.0,2.5,3.0,3.5,4.0,4.5,5.0', '-log-level=WARNING']
2023-11-26 20:33:50;UNIUSDT;30m;1.0;250;34;72;100.0;5;99.92;['-batch-training', '-calc-rsi', '-verbose', '-prediction-mode=index', '-interval-list=30m', '-range-min-rsi=28', '-range-max-rsi=80', '-range-p-ema=50,250', '-target-margin-list=1.0,1.5,2.0,2.5,3.0,3.5,4.0,4.5,5.0', '-log-level=WARNING']
2023-11-26 20:35:50;UNIUSDT;30m;1.5;250;30;76;100.0;7;99.94;['-batch-training', '-calc-rsi', '-verbose', '-prediction-mode=index', '-interval-list=30m', '-range-min-rsi=28', '-range-max-rsi=80', '-range-p-ema=50,250', '-target-margin-list=1.0,1.5,2.0,2.5,3.0,3.5,4.0,4.5,5.0', '-log-level=WARNING']
2023-11-26 20:35:10;UNIUSDT;30m;1.5;250;28;72;100.0;5;99.95;['-batch-training', '-calc-rsi', '-verbose', '-prediction-mode=index', '-interval-list=30m', '-range-min-rsi=28', '-range-max-rsi=80', '-range-p-ema=50,250', '-target-margin-list=1.0,1.5,2.0,2.5,3.0,3.5,4.0,4.5,5.0', '-log-level=WARNING']
2023-11-26 19:51:00;UNIUSDT;30m;2.0;150;34;76;100.0;7;99.96;['-batch-training', '-calc-rsi', '-verbose', '-prediction-mode=index', '-interval-list=30m', '-range-min-rsi=28', '-range-max-rsi=80', '-range-p-ema=50,250', '-target-margin-list=1.0,1.5,2.0,2.5,3.0,3.5,4.0,4.5,5.0', '-log-level=WARNING']
2023-11-26 20:19:10;UNIUSDT;30m;5.0;200;28;72;100.0;3;99.96;['-batch-training', '-calc-rsi', '-verbose', '-prediction-mode=index', '-interval-list=30m', '-range-min-rsi=28', '-range-max-rsi=80', '-range-p-ema=50,250', '-target-margin-list=1.0,1.5,2.0,2.5,3.0,3.5,4.0,4.5,5.0', '-log-level=WARNING']
2023-11-26 19:34:52;UNIUSDT;30m;5.0;100;28;72;100.0;3;99.96;['-batch-training', '-calc-rsi', '-verbose', '-prediction-mode=index', '-interval-list=30m', '-range-min-rsi=28', '-range-max-rsi=80', '-range-p-ema=50,250', '-target-margin-list=1.0,1.5,2.0,2.5,3.0,3.5,4.0,4.5,5.0', '-log-level=WARNING']
2023-11-26 20:07:27;UNIUSDT;30m;5.0;175;28;72;100.0;3;99.96;['-batch-training', '-calc-rsi', '-verbose', '-prediction-mode=index', '-interval-list=30m', '-range-min-rsi=28', '-range-max-rsi=80', '-range-p-ema=50,250', '-target-margin-list=1.0,1.5,2.0,2.5,3.0,3.5,4.0,4.5,5.0', '-log-level=WARNING']
2023-11-26 20:26:14;UNIUSDT;30m;2.5;225;34;80;100.0;2;99.96;['-batch-training', '-calc-rsi', '-verbose', '-prediction-mode=index', '-interval-list=30m', '-range-min-rsi=28', '-range-max-rsi=80', '-range-p-ema=50,250', '-target-margin-list=1.0,1.5,2.0,2.5,3.0,3.5,4.0,4.5,5.0', '-log-level=WARNING']
2023-11-26 19:46:27;UNIUSDT;30m;5.0;125;28;72;100.0;3;99.96;['-batch-training', '-calc-rsi', '-verbose', '-prediction-mode=index', '-interval-list=30m', '-range-min-rsi=28', '-range-max-rsi=80', '-range-p-ema=50,250', '-target-margin-list=1.0,1.5,2.0,2.5,3.0,3.5,4.0,4.5,5.0', '-log-level=WARNING']
2023-11-26 21:00:32;UNIUSDT;30m;5.0;50;28;72;100.0;3;99.96;['-batch-training', '-calc-rsi', '-verbose', '-prediction-mode=index', '-interval-list=30m', '-range-min-rsi=28', '-range-max-rsi=80', '-range-p-ema=50,250', '-target-margin-list=1.0,1.5,2.0,2.5,3.0,3.5,4.0,4.5,5.0', '-log-level=WARNING']
2023-11-26 19:57:24;UNIUSDT;30m;5.0;150;28;72;100.0;3;99.96;['-batch-training', '-calc-rsi', '-verbose', '-prediction-mode=index', '-interval-list=30m', '-range-min-rsi=28', '-range-max-rsi=80', '-range-p-ema=50,250', '-target-margin-list=1.0,1.5,2.0,2.5,3.0,3.5,4.0,4.5,5.0', '-log-level=WARNING']
2023-11-26 20:45:51;UNIUSDT;30m;5.0;250;28;72;100.0;3;99.96;['-batch-training', '-calc-rsi', '-verbose', '-prediction-mode=index', '-interval-list=30m', '-range-min-rsi=28', '-range-max-rsi=80', '-range-p-ema=50,250', '-target-margin-list=1.0,1.5,2.0,2.5,3.0,3.5,4.0,4.5,5.0', '-log-level=WARNING']
2023-11-26 20:32:11;UNIUSDT;30m;5.0;225;28;72;100.0;3;99.96;['-batch-training', '-calc-rsi', '-verbose', '-prediction-mode=index', '-interval-list=30m', '-range-min-rsi=28', '-range-max-rsi=80', '-range-p-ema=50,250', '-target-margin-list=1.0,1.5,2.0,2.5,3.0,3.5,4.0,4.5,5.0', '-log-level=WARNING']
2023-11-26 21:15:57;UNIUSDT;30m;5.0;75;28;72;100.0;3;99.96;['-batch-training', '-calc-rsi', '-verbose', '-prediction-mode=index', '-interval-list=30m', '-range-min-rsi=28', '-range-max-rsi=80', '-range-p-ema=50,250', '-target-margin-list=1.0,1.5,2.0,2.5,3.0,3.5,4.0,4.5,5.0', '-log-level=WARNING']
2023-11-26 20:00:29;UNIUSDT;30m;1.5;175;34;78;100.0;3;99.97;['-batch-training', '-calc-rsi', '-verbose', '-prediction-mode=index', '-interval-list=30m', '-range-min-rsi=28', '-range-max-rsi=80', '-range-p-ema=50,250', '-target-margin-list=1.0,1.5,2.0,2.5,3.0,3.5,4.0,4.5,5.0', '-log-level=WARNING']
2023-11-26 20:11:56;UNIUSDT;30m;2.0;200;32;78;100.0;2;99.98;['-batch-training', '-calc-rsi', '-verbose', '-prediction-mode=index', '-interval-list=30m', '-range-min-rsi=28', '-range-max-rsi=80', '-range-p-ema=50,250', '-target-margin-list=1.0,1.5,2.0,2.5,3.0,3.5,4.0,4.5,5.0', '-log-level=WARNING']
2023-11-26 20:24:27;UNIUSDT;30m;2.0;225;32;78;100.0;2;99.98;['-batch-training', '-calc-rsi', '-verbose', '-prediction-mode=index', '-interval-list=30m', '-range-min-rsi=28', '-range-max-rsi=80', '-range-p-ema=50,250', '-target-margin-list=1.0,1.5,2.0,2.5,3.0,3.5,4.0,4.5,5.0', '-log-level=WARNING']
2023-11-26 19:53:56;UNIUSDT;30m;3.0;150;36;80;100.0;5;99.99;['-batch-training', '-calc-rsi', '-verbose', '-prediction-mode=index', '-interval-list=30m', '-range-min-rsi=28', '-range-max-rsi=80', '-range-p-ema=50,250', '-target-margin-list=1.0,1.5,2.0,2.5,3.0,3.5,4.0,4.5,5.0', '-log-level=WARNING']
2023-11-26 20:04:06;UNIUSDT;30m;3.0;175;36;80;100.0;5;99.99;['-batch-training', '-calc-rsi', '-verbose', '-prediction-mode=index', '-interval-list=30m', '-range-min-rsi=28', '-range-max-rsi=80', '-range-p-ema=50,250', '-target-margin-list=1.0,1.5,2.0,2.5,3.0,3.5,4.0,4.5,5.0', '-log-level=WARNING']
2023-11-26 20:14:59;UNIUSDT;30m;3.0;200;36;80;100.0;5;99.99;['-batch-training', '-calc-rsi', '-verbose', '-prediction-mode=index', '-interval-list=30m', '-range-min-rsi=28', '-range-max-rsi=80', '-range-p-ema=50,250', '-target-margin-list=1.0,1.5,2.0,2.5,3.0,3.5,4.0,4.5,5.0', '-log-level=WARNING']
2023-11-26 20:39:01;UNIUSDT;30m;2.5;250;36;76;100.0;2;100.03;['-batch-training', '-calc-rsi', '-verbose', '-prediction-mode=index', '-interval-list=30m', '-range-min-rsi=28', '-range-max-rsi=80', '-range-p-ema=50,250', '-target-margin-list=1.0,1.5,2.0,2.5,3.0,3.5,4.0,4.5,5.0', '-log-level=WARNING']
2023-11-26 20:13:38;UNIUSDT;30m;2.5;200;36;80;100.0;6;100.04;['-batch-training', '-calc-rsi', '-verbose', '-prediction-mode=index', '-interval-list=30m', '-range-min-rsi=28', '-range-max-rsi=80', '-range-p-ema=50,250', '-target-margin-list=1.0,1.5,2.0,2.5,3.0,3.5,4.0,4.5,5.0', '-log-level=WARNING']
2023-11-26 20:03:00;UNIUSDT;30m;2.5;175;36;80;100.0;6;100.04;['-batch-training', '-calc-rsi', '-verbose', '-prediction-mode=index', '-interval-list=30m', '-range-min-rsi=28', '-range-max-rsi=80', '-range-p-ema=50,250', '-target-margin-list=1.0,1.5,2.0,2.5,3.0,3.5,4.0,4.5,5.0', '-log-level=WARNING']
2023-11-26 19:52:48;UNIUSDT;30m;2.5;150;36;80;100.0;6;100.04;['-batch-training', '-calc-rsi', '-verbose', '-prediction-mode=index', '-interval-list=30m', '-range-min-rsi=28', '-range-max-rsi=80', '-range-p-ema=50,250', '-target-margin-list=1.0,1.5,2.0,2.5,3.0,3.5,4.0,4.5,5.0', '-log-level=WARNING']
2023-11-26 20:21:01;UNIUSDT;30m;1.0;225;34;74;100.0;2;100.06;['-batch-training', '-calc-rsi', '-verbose', '-prediction-mode=index', '-interval-list=30m', '-range-min-rsi=28', '-range-max-rsi=80', '-range-p-ema=50,250', '-target-margin-list=1.0,1.5,2.0,2.5,3.0,3.5,4.0,4.5,5.0', '-log-level=WARNING']
2023-11-26 20:35:38;UNIUSDT;30m;1.5;250;34;74;100.0;3;100.06;['-batch-training', '-calc-rsi', '-verbose', '-prediction-mode=index', '-interval-list=30m', '-range-min-rsi=28', '-range-max-rsi=80', '-range-p-ema=50,250', '-target-margin-list=1.0,1.5,2.0,2.5,3.0,3.5,4.0,4.5,5.0', '-log-level=WARNING']
2023-11-26 21:02:29;UNIUSDT;30m;1.0;75;36;72;100.0;7;100.07;['-batch-training', '-calc-rsi', '-verbose', '-prediction-mode=index', '-interval-list=30m', '-range-min-rsi=28', '-range-max-rsi=80', '-range-p-ema=50,250', '-target-margin-list=1.0,1.5,2.0,2.5,3.0,3.5,4.0,4.5,5.0', '-log-level=WARNING']
2023-11-26 20:47:41;UNIUSDT;30m;1.0;50;36;72;100.0;7;100.07;['-batch-training', '-calc-rsi', '-verbose', '-prediction-mode=index', '-interval-list=30m', '-range-min-rsi=28', '-range-max-rsi=80', '-range-p-ema=50,250', '-target-margin-list=1.0,1.5,2.0,2.5,3.0,3.5,4.0,4.5,5.0', '-log-level=WARNING']
2023-11-26 19:51:22;UNIUSDT;30m;2.0;150;28;80;100.0;2;100.08;['-batch-training', '-calc-rsi', '-verbose', '-prediction-mode=index', '-interval-list=30m', '-range-min-rsi=28', '-range-max-rsi=80', '-range-p-ema=50,250', '-target-margin-list=1.0,1.5,2.0,2.5,3.0,3.5,4.0,4.5,5.0', '-log-level=WARNING']
2023-11-26 21:07:10;UNIUSDT;30m;2.0;75;28;80;100.0;2;100.08;['-batch-training', '-calc-rsi', '-verbose', '-prediction-mode=index', '-interval-list=30m', '-range-min-rsi=28', '-range-max-rsi=80', '-range-p-ema=50,250', '-target-margin-list=1.0,1.5,2.0,2.5,3.0,3.5,4.0,4.5,5.0', '-log-level=WARNING']
2023-11-26 20:01:42;UNIUSDT;30m;2.0;175;28;80;100.0;2;100.08;['-batch-training', '-calc-rsi', '-verbose', '-prediction-mode=index', '-interval-list=30m', '-range-min-rsi=28', '-range-max-rsi=80', '-range-p-ema=50,250', '-target-margin-list=1.0,1.5,2.0,2.5,3.0,3.5,4.0,4.5,5.0', '-log-level=WARNING']
2023-11-26 19:28:21;UNIUSDT;30m;2.0;100;28;80;100.0;2;100.08;['-batch-training', '-calc-rsi', '-verbose', '-prediction-mode=index', '-interval-list=30m', '-range-min-rsi=28', '-range-max-rsi=80', '-range-p-ema=50,250', '-target-margin-list=1.0,1.5,2.0,2.5,3.0,3.5,4.0,4.5,5.0', '-log-level=WARNING']
2023-11-26 19:39:50;UNIUSDT;30m;2.0;125;28;80;100.0;2;100.08;['-batch-training', '-calc-rsi', '-verbose', '-prediction-mode=index', '-interval-list=30m', '-range-min-rsi=28', '-range-max-rsi=80', '-range-p-ema=50,250', '-target-margin-list=1.0,1.5,2.0,2.5,3.0,3.5,4.0,4.5,5.0', '-log-level=WARNING']
2023-11-26 20:51:55;UNIUSDT;30m;2.0;50;28;80;100.0;2;100.08;['-batch-training', '-calc-rsi', '-verbose', '-prediction-mode=index', '-interval-list=30m', '-range-min-rsi=28', '-range-max-rsi=80', '-range-p-ema=50,250', '-target-margin-list=1.0,1.5,2.0,2.5,3.0,3.5,4.0,4.5,5.0', '-log-level=WARNING']
2023-11-26 20:12:06;UNIUSDT;30m;2.0;200;28;80;100.0;2;100.08;['-batch-training', '-calc-rsi', '-verbose', '-prediction-mode=index', '-interval-list=30m', '-range-min-rsi=28', '-range-max-rsi=80', '-range-p-ema=50,250', '-target-margin-list=1.0,1.5,2.0,2.5,3.0,3.5,4.0,4.5,5.0', '-log-level=WARNING']
2023-11-26 20:24:37;UNIUSDT;30m;2.0;225;28;80;100.0;2;100.08;['-batch-training', '-calc-rsi', '-verbose', '-prediction-mode=index', '-interval-list=30m', '-range-min-rsi=28', '-range-max-rsi=80', '-range-p-ema=50,250', '-target-margin-list=1.0,1.5,2.0,2.5,3.0,3.5,4.0,4.5,5.0', '-log-level=WARNING']
2023-11-26 20:00:32;UNIUSDT;30m;1.5;175;36;78;100.0;7;100.11;['-batch-training', '-calc-rsi', '-verbose', '-prediction-mode=index', '-interval-list=30m', '-range-min-rsi=28', '-range-max-rsi=80', '-range-p-ema=50,250', '-target-margin-list=1.0,1.5,2.0,2.5,3.0,3.5,4.0,4.5,5.0', '-log-level=WARNING']
2023-11-26 20:10:43;UNIUSDT;30m;1.5;200;36;78;100.0;7;100.12;['-batch-training', '-calc-rsi', '-verbose', '-prediction-mode=index', '-interval-list=30m', '-range-min-rsi=28', '-range-max-rsi=80', '-range-p-ema=50,250', '-target-margin-list=1.0,1.5,2.0,2.5,3.0,3.5,4.0,4.5,5.0', '-log-level=WARNING']
2023-11-26 20:37:12;UNIUSDT;30m;2.0;250;36;74;100.0;7;100.13;['-batch-training', '-calc-rsi', '-verbose', '-prediction-mode=index', '-interval-list=30m', '-range-min-rsi=28', '-range-max-rsi=80', '-range-p-ema=50,250', '-target-margin-list=1.0,1.5,2.0,2.5,3.0,3.5,4.0,4.5,5.0', '-log-level=WARNING']
2023-11-26 21:09:05;UNIUSDT;30m;2.5;75;30;80;100.0;4;100.14;['-batch-training', '-calc-rsi', '-verbose', '-prediction-mode=index', '-interval-list=30m', '-range-min-rsi=28', '-range-max-rsi=80', '-range-p-ema=50,250', '-target-margin-list=1.0,1.5,2.0,2.5,3.0,3.5,4.0,4.5,5.0', '-log-level=WARNING']
2023-11-26 20:53:38;UNIUSDT;30m;2.5;50;30;80;100.0;4;100.14;['-batch-training', '-calc-rsi', '-verbose', '-prediction-mode=index', '-interval-list=30m', '-range-min-rsi=28', '-range-max-rsi=80', '-range-p-ema=50,250', '-target-margin-list=1.0,1.5,2.0,2.5,3.0,3.5,4.0,4.5,5.0', '-log-level=WARNING']
2023-11-26 20:26:07;UNIUSDT;30m;2.5;225;30;80;100.0;4;100.14;['-batch-training', '-calc-rsi', '-verbose', '-prediction-mode=index', '-interval-list=30m', '-range-min-rsi=28', '-range-max-rsi=80', '-range-p-ema=50,250', '-target-margin-list=1.0,1.5,2.0,2.5,3.0,3.5,4.0,4.5,5.0', '-log-level=WARNING']
2023-11-26 20:02:52;UNIUSDT;30m;2.5;175;30;80;100.0;4;100.14;['-batch-training', '-calc-rsi', '-verbose', '-prediction-mode=index', '-interval-list=30m', '-range-min-rsi=28', '-range-max-rsi=80', '-range-p-ema=50,250', '-target-margin-list=1.0,1.5,2.0,2.5,3.0,3.5,4.0,4.5,5.0', '-log-level=WARNING']
2023-11-26 19:52:40;UNIUSDT;30m;2.5;150;30;80;100.0;4;100.14;['-batch-training', '-calc-rsi', '-verbose', '-prediction-mode=index', '-interval-list=30m', '-range-min-rsi=28', '-range-max-rsi=80', '-range-p-ema=50,250', '-target-margin-list=1.0,1.5,2.0,2.5,3.0,3.5,4.0,4.5,5.0', '-log-level=WARNING']
2023-11-26 19:41:10;UNIUSDT;30m;2.5;125;30;80;100.0;4;100.14;['-batch-training', '-calc-rsi', '-verbose', '-prediction-mode=index', '-interval-list=30m', '-range-min-rsi=28', '-range-max-rsi=80', '-range-p-ema=50,250', '-target-margin-list=1.0,1.5,2.0,2.5,3.0,3.5,4.0,4.5,5.0', '-log-level=WARNING']
2023-11-26 20:39:25;UNIUSDT;30m;2.5;250;30;80;100.0;4;100.14;['-batch-training', '-calc-rsi', '-verbose', '-prediction-mode=index', '-interval-list=30m', '-range-min-rsi=28', '-range-max-rsi=80', '-range-p-ema=50,250', '-target-margin-list=1.0,1.5,2.0,2.5,3.0,3.5,4.0,4.5,5.0', '-log-level=WARNING']
2023-11-26 19:29:41;UNIUSDT;30m;2.5;100;30;80;100.0;4;100.14;['-batch-training', '-calc-rsi', '-verbose', '-prediction-mode=index', '-interval-list=30m', '-range-min-rsi=28', '-range-max-rsi=80', '-range-p-ema=50,250', '-target-margin-list=1.0,1.5,2.0,2.5,3.0,3.5,4.0,4.5,5.0', '-log-level=WARNING']
2023-11-26 20:13:29;UNIUSDT;30m;2.5;200;30;80;100.0;4;100.14;['-batch-training', '-calc-rsi', '-verbose', '-prediction-mode=index', '-interval-list=30m', '-range-min-rsi=28', '-range-max-rsi=80', '-range-p-ema=50,250', '-target-margin-list=1.0,1.5,2.0,2.5,3.0,3.5,4.0,4.5,5.0', '-log-level=WARNING']
2023-11-26 20:40:36;UNIUSDT;30m;3.0;250;28;78;100.0;3;100.15;['-batch-training', '-calc-rsi', '-verbose', '-prediction-mode=index', '-interval-list=30m', '-range-min-rsi=28', '-range-max-rsi=80', '-range-p-ema=50,250', '-target-margin-list=1.0,1.5,2.0,2.5,3.0,3.5,4.0,4.5,5.0', '-log-level=WARNING']
2023-11-26 19:58:52;UNIUSDT;30m;1.0;175;34;74;100.0;3;100.15;['-batch-training', '-calc-rsi', '-verbose', '-prediction-mode=index', '-interval-list=30m', '-range-min-rsi=28', '-range-max-rsi=80', '-range-p-ema=50,250', '-target-margin-list=1.0,1.5,2.0,2.5,3.0,3.5,4.0,4.5,5.0', '-log-level=WARNING']
2023-11-26 19:59:09;UNIUSDT;30m;1.0;175;36;76;100.0;3;100.17;['-batch-training', '-calc-rsi', '-verbose', '-prediction-mode=index', '-interval-list=30m', '-range-min-rsi=28', '-range-max-rsi=80', '-range-p-ema=50,250', '-target-margin-list=1.0,1.5,2.0,2.5,3.0,3.5,4.0,4.5,5.0', '-log-level=WARNING']
2023-11-26 20:12:31;UNIUSDT;30m;2.5;200;34;72;100.0;6;100.17;['-batch-training', '-calc-rsi', '-verbose', '-prediction-mode=index', '-interval-list=30m', '-range-min-rsi=28', '-range-max-rsi=80', '-range-p-ema=50,250', '-target-margin-list=1.0,1.5,2.0,2.5,3.0,3.5,4.0,4.5,5.0', '-log-level=WARNING']
2023-11-26 20:37:26;UNIUSDT;30m;2.0;250;34;76;100.0;7;100.18;['-batch-training', '-calc-rsi', '-verbose', '-prediction-mode=index', '-interval-list=30m', '-range-min-rsi=28', '-range-max-rsi=80', '-range-p-ema=50,250', '-target-margin-list=1.0,1.5,2.0,2.5,3.0,3.5,4.0,4.5,5.0', '-log-level=WARNING']
2023-11-26 20:20:40;UNIUSDT;30m;1.0;225;32;72;100.0;6;100.18;['-batch-training', '-calc-rsi', '-verbose', '-prediction-mode=index', '-interval-list=30m', '-range-min-rsi=28', '-range-max-rsi=80', '-range-p-ema=50,250', '-target-margin-list=1.0,1.5,2.0,2.5,3.0,3.5,4.0,4.5,5.0', '-log-level=WARNING']
2023-11-26 20:00:01;UNIUSDT;30m;1.5;175;34;74;100.0;3;100.19;['-batch-training', '-calc-rsi', '-verbose', '-prediction-mode=index', '-interval-list=30m', '-range-min-rsi=28', '-range-max-rsi=80', '-range-p-ema=50,250', '-target-margin-list=1.0,1.5,2.0,2.5,3.0,3.5,4.0,4.5,5.0', '-log-level=WARNING']
2023-11-26 19:57:46;UNIUSDT;30m;5.0;150;34;74;100.0;3;100.2;['-batch-training', '-calc-rsi', '-verbose', '-prediction-mode=index', '-interval-list=30m', '-range-min-rsi=28', '-range-max-rsi=80', '-range-p-ema=50,250', '-target-margin-list=1.0,1.5,2.0,2.5,3.0,3.5,4.0,4.5,5.0', '-log-level=WARNING']
2023-11-26 20:07:47;UNIUSDT;30m;5.0;175;34;74;100.0;3;100.2;['-batch-training', '-calc-rsi', '-verbose', '-prediction-mode=index', '-interval-list=30m', '-range-min-rsi=28', '-range-max-rsi=80', '-range-p-ema=50,250', '-target-margin-list=1.0,1.5,2.0,2.5,3.0,3.5,4.0,4.5,5.0', '-log-level=WARNING']
2023-11-26 20:10:09;UNIUSDT;30m;1.5;200;34;74;100.0;3;100.2;['-batch-training', '-calc-rsi', '-verbose', '-prediction-mode=index', '-interval-list=30m', '-range-min-rsi=28', '-range-max-rsi=80', '-range-p-ema=50,250', '-target-margin-list=1.0,1.5,2.0,2.5,3.0,3.5,4.0,4.5,5.0', '-log-level=WARNING']
2023-11-26 20:19:36;UNIUSDT;30m;5.0;200;34;74;100.0;3;100.2;['-batch-training', '-calc-rsi', '-verbose', '-prediction-mode=index', '-interval-list=30m', '-range-min-rsi=28', '-range-max-rsi=80', '-range-p-ema=50,250', '-target-margin-list=1.0,1.5,2.0,2.5,3.0,3.5,4.0,4.5,5.0', '-log-level=WARNING']
2023-11-26 20:40:52;UNIUSDT;30m;3.0;250;36;78;100.0;4;100.21;['-batch-training', '-calc-rsi', '-verbose', '-prediction-mode=index', '-interval-list=30m', '-range-min-rsi=28', '-range-max-rsi=80', '-range-p-ema=50,250', '-target-margin-list=1.0,1.5,2.0,2.5,3.0,3.5,4.0,4.5,5.0', '-log-level=WARNING']
2023-11-26 20:22:05;UNIUSDT;30m;1.5;225;30;72;100.0;4;100.21;['-batch-training', '-calc-rsi', '-verbose', '-prediction-mode=index', '-interval-list=30m', '-range-min-rsi=28', '-range-max-rsi=80', '-range-p-ema=50,250', '-target-margin-list=1.0,1.5,2.0,2.5,3.0,3.5,4.0,4.5,5.0', '-log-level=WARNING']
2023-11-26 19:51:13;UNIUSDT;30m;2.0;150;32;78;100.0;4;100.24;['-batch-training', '-calc-rsi', '-verbose', '-prediction-mode=index', '-interval-list=30m', '-range-min-rsi=28', '-range-max-rsi=80', '-range-p-ema=50,250', '-target-margin-list=1.0,1.5,2.0,2.5,3.0,3.5,4.0,4.5,5.0', '-log-level=WARNING']
2023-11-26 20:01:34;UNIUSDT;30m;2.0;175;32;78;100.0;4;100.24;['-batch-training', '-calc-rsi', '-verbose', '-prediction-mode=index', '-interval-list=30m', '-range-min-rsi=28', '-range-max-rsi=80', '-range-p-ema=50,250', '-target-margin-list=1.0,1.5,2.0,2.5,3.0,3.5,4.0,4.5,5.0', '-log-level=WARNING']
2023-11-26 20:23:56;UNIUSDT;30m;2.0;225;34;74;100.0;7;100.27;['-batch-training', '-calc-rsi', '-verbose', '-prediction-mode=index', '-interval-list=30m', '-range-min-rsi=28', '-range-max-rsi=80', '-range-p-ema=50,250', '-target-margin-list=1.0,1.5,2.0,2.5,3.0,3.5,4.0,4.5,5.0', '-log-level=WARNING']
2023-11-26 20:39:33;UNIUSDT;30m;2.5;250;34;80;100.0;2;100.28;['-batch-training', '-calc-rsi', '-verbose', '-prediction-mode=index', '-interval-list=30m', '-range-min-rsi=28', '-range-max-rsi=80', '-range-p-ema=50,250', '-target-margin-list=1.0,1.5,2.0,2.5,3.0,3.5,4.0,4.5,5.0', '-log-level=WARNING']
2023-11-26 19:48:36;UNIUSDT;30m;1.0;150;32;78;100.0;3;100.28;['-batch-training', '-calc-rsi', '-verbose', '-prediction-mode=index', '-interval-list=30m', '-range-min-rsi=28', '-range-max-rsi=80', '-range-p-ema=50,250', '-target-margin-list=1.0,1.5,2.0,2.5,3.0,3.5,4.0,4.5,5.0', '-log-level=WARNING']
2023-11-26 19:49:55;UNIUSDT;30m;1.5;150;32;78;100.0;4;100.29;['-batch-training', '-calc-rsi', '-verbose', '-prediction-mode=index', '-interval-list=30m', '-range-min-rsi=28', '-range-max-rsi=80', '-range-p-ema=50,250', '-target-margin-list=1.0,1.5,2.0,2.5,3.0,3.5,4.0,4.5,5.0', '-log-level=WARNING']
2023-11-26 20:37:55;UNIUSDT;30m;2.0;250;30;80;100.0;5;100.32;['-batch-training', '-calc-rsi', '-verbose', '-prediction-mode=index', '-interval-list=30m', '-range-min-rsi=28', '-range-max-rsi=80', '-range-p-ema=50,250', '-target-margin-list=1.0,1.5,2.0,2.5,3.0,3.5,4.0,4.5,5.0', '-log-level=WARNING']
2023-11-26 20:12:09;UNIUSDT;30m;2.0;200;30;80;100.0;5;100.32;['-batch-training', '-calc-rsi', '-verbose', '-prediction-mode=index', '-interval-list=30m', '-range-min-rsi=28', '-range-max-rsi=80', '-range-p-ema=50,250', '-target-margin-list=1.0,1.5,2.0,2.5,3.0,3.5,4.0,4.5,5.0', '-log-level=WARNING']
2023-11-26 20:24:40;UNIUSDT;30m;2.0;225;30;80;100.0;5;100.32;['-batch-training', '-calc-rsi', '-verbose', '-prediction-mode=index', '-interval-list=30m', '-range-min-rsi=28', '-range-max-rsi=80', '-range-p-ema=50,250', '-target-margin-list=1.0,1.5,2.0,2.5,3.0,3.5,4.0,4.5,5.0', '-log-level=WARNING']
2023-11-26 19:51:25;UNIUSDT;30m;2.0;150;30;80;100.0;5;100.32;['-batch-training', '-calc-rsi', '-verbose', '-prediction-mode=index', '-interval-list=30m', '-range-min-rsi=28', '-range-max-rsi=80', '-range-p-ema=50,250', '-target-margin-list=1.0,1.5,2.0,2.5,3.0,3.5,4.0,4.5,5.0', '-log-level=WARNING']
2023-11-26 19:39:53;UNIUSDT;30m;2.0;125;30;80;100.0;5;100.32;['-batch-training', '-calc-rsi', '-verbose', '-prediction-mode=index', '-interval-list=30m', '-range-min-rsi=28', '-range-max-rsi=80', '-range-p-ema=50,250', '-target-margin-list=1.0,1.5,2.0,2.5,3.0,3.5,4.0,4.5,5.0', '-log-level=WARNING']
2023-11-26 19:28:24;UNIUSDT;30m;2.0;100;30;80;100.0;5;100.32;['-batch-training', '-calc-rsi', '-verbose', '-prediction-mode=index', '-interval-list=30m', '-range-min-rsi=28', '-range-max-rsi=80', '-range-p-ema=50,250', '-target-margin-list=1.0,1.5,2.0,2.5,3.0,3.5,4.0,4.5,5.0', '-log-level=WARNING']
2023-11-26 21:07:17;UNIUSDT;30m;2.0;75;30;80;100.0;5;100.32;['-batch-training', '-calc-rsi', '-verbose', '-prediction-mode=index', '-interval-list=30m', '-range-min-rsi=28', '-range-max-rsi=80', '-range-p-ema=50,250', '-target-margin-list=1.0,1.5,2.0,2.5,3.0,3.5,4.0,4.5,5.0', '-log-level=WARNING']
2023-11-26 20:51:59;UNIUSDT;30m;2.0;50;30;80;100.0;5;100.32;['-batch-training', '-calc-rsi', '-verbose', '-prediction-mode=index', '-interval-list=30m', '-range-min-rsi=28', '-range-max-rsi=80', '-range-p-ema=50,250', '-target-margin-list=1.0,1.5,2.0,2.5,3.0,3.5,4.0,4.5,5.0', '-log-level=WARNING']
2023-11-26 20:01:45;UNIUSDT;30m;2.0;175;30;80;100.0;5;100.32;['-batch-training', '-calc-rsi', '-verbose', '-prediction-mode=index', '-interval-list=30m', '-range-min-rsi=28', '-range-max-rsi=80', '-range-p-ema=50,250', '-target-margin-list=1.0,1.5,2.0,2.5,3.0,3.5,4.0,4.5,5.0', '-log-level=WARNING']
2023-11-26 19:50:01;UNIUSDT;30m;1.5;150;36;78;100.0;7;100.36;['-batch-training', '-calc-rsi', '-verbose', '-prediction-mode=index', '-interval-list=30m', '-range-min-rsi=28', '-range-max-rsi=80', '-range-p-ema=50,250', '-target-margin-list=1.0,1.5,2.0,2.5,3.0,3.5,4.0,4.5,5.0', '-log-level=WARNING']
2023-11-26 20:36:44;UNIUSDT;30m;2.0;250;30;72;100.0;3;100.39;['-batch-training', '-calc-rsi', '-verbose', '-prediction-mode=index', '-interval-list=30m', '-range-min-rsi=28', '-range-max-rsi=80', '-range-p-ema=50,250', '-target-margin-list=1.0,1.5,2.0,2.5,3.0,3.5,4.0,4.5,5.0', '-log-level=WARNING']
2023-11-26 20:52:31;UNIUSDT;30m;2.5;50;36;72;100.0;6;100.41;['-batch-training', '-calc-rsi', '-verbose', '-prediction-mode=index', '-interval-list=30m', '-range-min-rsi=28', '-range-max-rsi=80', '-range-p-ema=50,250', '-target-margin-list=1.0,1.5,2.0,2.5,3.0,3.5,4.0,4.5,5.0', '-log-level=WARNING']
2023-11-26 19:40:18;UNIUSDT;30m;2.5;125;36;72;100.0;6;100.41;['-batch-training', '-calc-rsi', '-verbose', '-prediction-mode=index', '-interval-list=30m', '-range-min-rsi=28', '-range-max-rsi=80', '-range-p-ema=50,250', '-target-margin-list=1.0,1.5,2.0,2.5,3.0,3.5,4.0,4.5,5.0', '-log-level=WARNING']
2023-11-26 19:28:50;UNIUSDT;30m;2.5;100;36;72;100.0;6;100.41;['-batch-training', '-calc-rsi', '-verbose', '-prediction-mode=index', '-interval-list=30m', '-range-min-rsi=28', '-range-max-rsi=80', '-range-p-ema=50,250', '-target-margin-list=1.0,1.5,2.0,2.5,3.0,3.5,4.0,4.5,5.0', '-log-level=WARNING']
2023-11-26 21:07:52;UNIUSDT;30m;2.5;75;36;72;100.0;6;100.41;['-batch-training', '-calc-rsi', '-verbose', '-prediction-mode=index', '-interval-list=30m', '-range-min-rsi=28', '-range-max-rsi=80', '-range-p-ema=50,250', '-target-margin-list=1.0,1.5,2.0,2.5,3.0,3.5,4.0,4.5,5.0', '-log-level=WARNING']
2023-11-26 19:46:11;UNIUSDT;30m;4.5;125;28;80;100.0;3;100.44;['-batch-training', '-calc-rsi', '-verbose', '-prediction-mode=index', '-interval-list=30m', '-range-min-rsi=28', '-range-max-rsi=80', '-range-p-ema=50,250', '-target-margin-list=1.0,1.5,2.0,2.5,3.0,3.5,4.0,4.5,5.0', '-log-level=WARNING']
2023-11-26 20:07:13;UNIUSDT;30m;4.5;175;28;80;100.0;3;100.44;['-batch-training', '-calc-rsi', '-verbose', '-prediction-mode=index', '-interval-list=30m', '-range-min-rsi=28', '-range-max-rsi=80', '-range-p-ema=50,250', '-target-margin-list=1.0,1.5,2.0,2.5,3.0,3.5,4.0,4.5,5.0', '-log-level=WARNING']
2023-11-26 20:45:33;UNIUSDT;30m;4.5;250;28;80;100.0;3;100.44;['-batch-training', '-calc-rsi', '-verbose', '-prediction-mode=index', '-interval-list=30m', '-range-min-rsi=28', '-range-max-rsi=80', '-range-p-ema=50,250', '-target-margin-list=1.0,1.5,2.0,2.5,3.0,3.5,4.0,4.5,5.0', '-log-level=WARNING']
2023-11-26 20:31:52;UNIUSDT;30m;4.5;225;28;80;100.0;3;100.44;['-batch-training', '-calc-rsi', '-verbose', '-prediction-mode=index', '-interval-list=30m', '-range-min-rsi=28', '-range-max-rsi=80', '-range-p-ema=50,250', '-target-margin-list=1.0,1.5,2.0,2.5,3.0,3.5,4.0,4.5,5.0', '-log-level=WARNING']
2023-11-26 21:00:11;UNIUSDT;30m;4.5;50;28;80;100.0;3;100.44;['-batch-training', '-calc-rsi', '-verbose', '-prediction-mode=index', '-interval-list=30m', '-range-min-rsi=28', '-range-max-rsi=80', '-range-p-ema=50,250', '-target-margin-list=1.0,1.5,2.0,2.5,3.0,3.5,4.0,4.5,5.0', '-log-level=WARNING']
2023-11-26 19:57:10;UNIUSDT;30m;4.5;150;28;80;100.0;3;100.44;['-batch-training', '-calc-rsi', '-verbose', '-prediction-mode=index', '-interval-list=30m', '-range-min-rsi=28', '-range-max-rsi=80', '-range-p-ema=50,250', '-target-margin-list=1.0,1.5,2.0,2.5,3.0,3.5,4.0,4.5,5.0', '-log-level=WARNING']
2023-11-26 21:15:39;UNIUSDT;30m;4.5;75;28;80;100.0;3;100.44;['-batch-training', '-calc-rsi', '-verbose', '-prediction-mode=index', '-interval-list=30m', '-range-min-rsi=28', '-range-max-rsi=80', '-range-p-ema=50,250', '-target-margin-list=1.0,1.5,2.0,2.5,3.0,3.5,4.0,4.5,5.0', '-log-level=WARNING']
2023-11-26 20:18:52;UNIUSDT;30m;4.5;200;28;80;100.0;3;100.44;['-batch-training', '-calc-rsi', '-verbose', '-prediction-mode=index', '-interval-list=30m', '-range-min-rsi=28', '-range-max-rsi=80', '-range-p-ema=50,250', '-target-margin-list=1.0,1.5,2.0,2.5,3.0,3.5,4.0,4.5,5.0', '-log-level=WARNING']
2023-11-26 19:34:36;UNIUSDT;30m;4.5;100;28;80;100.0;3;100.44;['-batch-training', '-calc-rsi', '-verbose', '-prediction-mode=index', '-interval-list=30m', '-range-min-rsi=28', '-range-max-rsi=80', '-range-p-ema=50,250', '-target-margin-list=1.0,1.5,2.0,2.5,3.0,3.5,4.0,4.5,5.0', '-log-level=WARNING']
2023-11-26 20:37:41;UNIUSDT;30m;2.0;250;32;78;100.0;4;100.46;['-batch-training', '-calc-rsi', '-verbose', '-prediction-mode=index', '-interval-list=30m', '-range-min-rsi=28', '-range-max-rsi=80', '-range-p-ema=50,250', '-target-margin-list=1.0,1.5,2.0,2.5,3.0,3.5,4.0,4.5,5.0', '-log-level=WARNING']
2023-11-26 19:57:24;UNIUSDT;30m;5.0;150;28;72;100.0;4;100.47;['-batch-training', '-calc-rsi', '-verbose', '-prediction-mode=index', '-interval-list=30m', '-range-min-rsi=28', '-range-max-rsi=80', '-range-p-ema=50,250', '-target-margin-list=1.0,1.5,2.0,2.5,3.0,3.5,4.0,4.5,5.0', '-log-level=WARNING']
2023-11-26 21:15:57;UNIUSDT;30m;5.0;75;28;72;100.0;4;100.47;['-batch-training', '-calc-rsi', '-verbose', '-prediction-mode=index', '-interval-list=30m', '-range-min-rsi=28', '-range-max-rsi=80', '-range-p-ema=50,250', '-target-margin-list=1.0,1.5,2.0,2.5,3.0,3.5,4.0,4.5,5.0', '-log-level=WARNING']
2023-11-26 20:32:11;UNIUSDT;30m;5.0;225;28;72;100.0;4;100.47;['-batch-training', '-calc-rsi', '-verbose', '-prediction-mode=index', '-interval-list=30m', '-range-min-rsi=28', '-range-max-rsi=80', '-range-p-ema=50,250', '-target-margin-list=1.0,1.5,2.0,2.5,3.0,3.5,4.0,4.5,5.0', '-log-level=WARNING']
2023-11-26 20:07:27;UNIUSDT;30m;5.0;175;28;72;100.0;4;100.47;['-batch-training', '-calc-rsi', '-verbose', '-prediction-mode=index', '-interval-list=30m', '-range-min-rsi=28', '-range-max-rsi=80', '-range-p-ema=50,250', '-target-margin-list=1.0,1.5,2.0,2.5,3.0,3.5,4.0,4.5,5.0', '-log-level=WARNING']
2023-11-26 19:46:27;UNIUSDT;30m;5.0;125;28;72;100.0;4;100.47;['-batch-training', '-calc-rsi', '-verbose', '-prediction-mode=index', '-interval-list=30m', '-range-min-rsi=28', '-range-max-rsi=80', '-range-p-ema=50,250', '-target-margin-list=1.0,1.5,2.0,2.5,3.0,3.5,4.0,4.5,5.0', '-log-level=WARNING']
2023-11-26 21:00:32;UNIUSDT;30m;5.0;50;28;72;100.0;4;100.47;['-batch-training', '-calc-rsi', '-verbose', '-prediction-mode=index', '-interval-list=30m', '-range-min-rsi=28', '-range-max-rsi=80', '-range-p-ema=50,250', '-target-margin-list=1.0,1.5,2.0,2.5,3.0,3.5,4.0,4.5,5.0', '-log-level=WARNING']
2023-11-26 20:19:10;UNIUSDT;30m;5.0;200;28;72;100.0;4;100.47;['-batch-training', '-calc-rsi', '-verbose', '-prediction-mode=index', '-interval-list=30m', '-range-min-rsi=28', '-range-max-rsi=80', '-range-p-ema=50,250', '-target-margin-list=1.0,1.5,2.0,2.5,3.0,3.5,4.0,4.5,5.0', '-log-level=WARNING']
2023-11-26 20:45:51;UNIUSDT;30m;5.0;250;28;72;100.0;4;100.47;['-batch-training', '-calc-rsi', '-verbose', '-prediction-mode=index', '-interval-list=30m', '-range-min-rsi=28', '-range-max-rsi=80', '-range-p-ema=50,250', '-target-margin-list=1.0,1.5,2.0,2.5,3.0,3.5,4.0,4.5,5.0', '-log-level=WARNING']
2023-11-26 19:34:52;UNIUSDT;30m;5.0;100;28;72;100.0;4;100.47;['-batch-training', '-calc-rsi', '-verbose', '-prediction-mode=index', '-interval-list=30m', '-range-min-rsi=28', '-range-max-rsi=80', '-range-p-ema=50,250', '-target-margin-list=1.0,1.5,2.0,2.5,3.0,3.5,4.0,4.5,5.0', '-log-level=WARNING']
2023-11-26 19:50:44;UNIUSDT;30m;2.0;150;34;74;100.0;7;100.48;['-batch-training', '-calc-rsi', '-verbose', '-prediction-mode=index', '-interval-list=30m', '-range-min-rsi=28', '-range-max-rsi=80', '-range-p-ema=50,250', '-target-margin-list=1.0,1.5,2.0,2.5,3.0,3.5,4.0,4.5,5.0', '-log-level=WARNING']
2023-11-26 20:36:44;UNIUSDT;30m;2.0;250;30;72;100.0;4;100.49;['-batch-training', '-calc-rsi', '-verbose', '-prediction-mode=index', '-interval-list=30m', '-range-min-rsi=28', '-range-max-rsi=80', '-range-p-ema=50,250', '-target-margin-list=1.0,1.5,2.0,2.5,3.0,3.5,4.0,4.5,5.0', '-log-level=WARNING']
2023-11-26 19:50:47;UNIUSDT;30m;2.0;150;36;74;100.0;2;100.49;['-batch-training', '-calc-rsi', '-verbose', '-prediction-mode=index', '-interval-list=30m', '-range-min-rsi=28', '-range-max-rsi=80', '-range-p-ema=50,250', '-target-margin-list=1.0,1.5,2.0,2.5,3.0,3.5,4.0,4.5,5.0', '-log-level=WARNING']
2023-11-26 20:37:19;UNIUSDT;30m;2.0;250;30;76;100.0;3;100.53;['-batch-training', '-calc-rsi', '-verbose', '-prediction-mode=index', '-interval-list=30m', '-range-min-rsi=28', '-range-max-rsi=80', '-range-p-ema=50,250', '-target-margin-list=1.0,1.5,2.0,2.5,3.0,3.5,4.0,4.5,5.0', '-log-level=WARNING']
2023-11-26 20:03:18;UNIUSDT;30m;3.0;175;30;74;100.0;2;100.56;['-batch-training', '-calc-rsi', '-verbose', '-prediction-mode=index', '-interval-list=30m', '-range-min-rsi=28', '-range-max-rsi=80', '-range-p-ema=50,250', '-target-margin-list=1.0,1.5,2.0,2.5,3.0,3.5,4.0,4.5,5.0', '-log-level=WARNING']
2023-11-26 20:14:01;UNIUSDT;30m;3.0;200;30;74;100.0;2;100.56;['-batch-training', '-calc-rsi', '-verbose', '-prediction-mode=index', '-interval-list=30m', '-range-min-rsi=28', '-range-max-rsi=80', '-range-p-ema=50,250', '-target-margin-list=1.0,1.5,2.0,2.5,3.0,3.5,4.0,4.5,5.0', '-log-level=WARNING']
2023-11-26 20:26:41;UNIUSDT;30m;3.0;225;30;74;100.0;2;100.56;['-batch-training', '-calc-rsi', '-verbose', '-prediction-mode=index', '-interval-list=30m', '-range-min-rsi=28', '-range-max-rsi=80', '-range-p-ema=50,250', '-target-margin-list=1.0,1.5,2.0,2.5,3.0,3.5,4.0,4.5,5.0', '-log-level=WARNING']
2023-11-26 19:50:41;UNIUSDT;30m;2.0;150;32;74;100.0;5;100.58;['-batch-training', '-calc-rsi', '-verbose', '-prediction-mode=index', '-interval-list=30m', '-range-min-rsi=28', '-range-max-rsi=80', '-range-p-ema=50,250', '-target-margin-list=1.0,1.5,2.0,2.5,3.0,3.5,4.0,4.5,5.0', '-log-level=WARNING']
2023-11-26 20:01:06;UNIUSDT;30m;2.0;175;32;74;100.0;5;100.58;['-batch-training', '-calc-rsi', '-verbose', '-prediction-mode=index', '-interval-list=30m', '-range-min-rsi=28', '-range-max-rsi=80', '-range-p-ema=50,250', '-target-margin-list=1.0,1.5,2.0,2.5,3.0,3.5,4.0,4.5,5.0', '-log-level=WARNING']
2023-11-26 20:48:15;UNIUSDT;30m;1.0;50;34;76;100.0;3;100.59;['-batch-training', '-calc-rsi', '-verbose', '-prediction-mode=index', '-interval-list=30m', '-range-min-rsi=28', '-range-max-rsi=80', '-range-p-ema=50,250', '-target-margin-list=1.0,1.5,2.0,2.5,3.0,3.5,4.0,4.5,5.0', '-log-level=WARNING']
2023-11-26 21:03:06;UNIUSDT;30m;1.0;75;34;76;100.0;3;100.59;['-batch-training', '-calc-rsi', '-verbose', '-prediction-mode=index', '-interval-list=30m', '-range-min-rsi=28', '-range-max-rsi=80', '-range-p-ema=50,250', '-target-margin-list=1.0,1.5,2.0,2.5,3.0,3.5,4.0,4.5,5.0', '-log-level=WARNING']
2023-11-26 19:25:23;UNIUSDT;30m;1.0;100;34;76;100.0;3;100.59;['-batch-training', '-calc-rsi', '-verbose', '-prediction-mode=index', '-interval-list=30m', '-range-min-rsi=28', '-range-max-rsi=80', '-range-p-ema=50,250', '-target-margin-list=1.0,1.5,2.0,2.5,3.0,3.5,4.0,4.5,5.0', '-log-level=WARNING']
2023-11-26 19:36:51;UNIUSDT;30m;1.0;125;34;76;100.0;3;100.59;['-batch-training', '-calc-rsi', '-verbose', '-prediction-mode=index', '-interval-list=30m', '-range-min-rsi=28', '-range-max-rsi=80', '-range-p-ema=50,250', '-target-margin-list=1.0,1.5,2.0,2.5,3.0,3.5,4.0,4.5,5.0', '-log-level=WARNING']
2023-11-26 19:38:51;UNIUSDT;30m;2.0;125;30;72;100.0;4;100.6;['-batch-training', '-calc-rsi', '-verbose', '-prediction-mode=index', '-interval-list=30m', '-range-min-rsi=28', '-range-max-rsi=80', '-range-p-ema=50,250', '-target-margin-list=1.0,1.5,2.0,2.5,3.0,3.5,4.0,4.5,5.0', '-log-level=WARNING']
2023-11-26 20:50:41;UNIUSDT;30m;2.0;50;30;72;100.0;4;100.6;['-batch-training', '-calc-rsi', '-verbose', '-prediction-mode=index', '-interval-list=30m', '-range-min-rsi=28', '-range-max-rsi=80', '-range-p-ema=50,250', '-target-margin-list=1.0,1.5,2.0,2.5,3.0,3.5,4.0,4.5,5.0', '-log-level=WARNING']
2023-11-26 19:50:23;UNIUSDT;30m;2.0;150;30;72;100.0;4;100.6;['-batch-training', '-calc-rsi', '-verbose', '-prediction-mode=index', '-interval-list=30m', '-range-min-rsi=28', '-range-max-rsi=80', '-range-p-ema=50,250', '-target-margin-list=1.0,1.5,2.0,2.5,3.0,3.5,4.0,4.5,5.0', '-log-level=WARNING']
2023-11-26 20:11:05;UNIUSDT;30m;2.0;200;30;72;100.0;4;100.6;['-batch-training', '-calc-rsi', '-verbose', '-prediction-mode=index', '-interval-list=30m', '-range-min-rsi=28', '-range-max-rsi=80', '-range-p-ema=50,250', '-target-margin-list=1.0,1.5,2.0,2.5,3.0,3.5,4.0,4.5,5.0', '-log-level=WARNING']
2023-11-26 20:49:08;UNIUSDT;30m;1.5;50;32;72;100.0;4;100.6;['-batch-training', '-calc-rsi', '-verbose', '-prediction-mode=index', '-interval-list=30m', '-range-min-rsi=28', '-range-max-rsi=80', '-range-p-ema=50,250', '-target-margin-list=1.0,1.5,2.0,2.5,3.0,3.5,4.0,4.5,5.0', '-log-level=WARNING']
2023-11-26 19:27:22;UNIUSDT;30m;2.0;100;30;72;100.0;4;100.6;['-batch-training', '-calc-rsi', '-verbose', '-prediction-mode=index', '-interval-list=30m', '-range-min-rsi=28', '-range-max-rsi=80', '-range-p-ema=50,250', '-target-margin-list=1.0,1.5,2.0,2.5,3.0,3.5,4.0,4.5,5.0', '-log-level=WARNING']
2023-11-26 19:26:07;UNIUSDT;30m;1.5;100;32;72;100.0;4;100.6;['-batch-training', '-calc-rsi', '-verbose', '-prediction-mode=index', '-interval-list=30m', '-range-min-rsi=28', '-range-max-rsi=80', '-range-p-ema=50,250', '-target-margin-list=1.0,1.5,2.0,2.5,3.0,3.5,4.0,4.5,5.0', '-log-level=WARNING']
2023-11-26 21:04:05;UNIUSDT;30m;1.5;75;32;72;100.0;4;100.6;['-batch-training', '-calc-rsi', '-verbose', '-prediction-mode=index', '-interval-list=30m', '-range-min-rsi=28', '-range-max-rsi=80', '-range-p-ema=50,250', '-target-margin-list=1.0,1.5,2.0,2.5,3.0,3.5,4.0,4.5,5.0', '-log-level=WARNING']
2023-11-26 19:37:36;UNIUSDT;30m;1.5;125;32;72;100.0;4;100.6;['-batch-training', '-calc-rsi', '-verbose', '-prediction-mode=index', '-interval-list=30m', '-range-min-rsi=28', '-range-max-rsi=80', '-range-p-ema=50,250', '-target-margin-list=1.0,1.5,2.0,2.5,3.0,3.5,4.0,4.5,5.0', '-log-level=WARNING']
2023-11-26 20:00:51;UNIUSDT;30m;2.0;175;30;72;100.0;4;100.6;['-batch-training', '-calc-rsi', '-verbose', '-prediction-mode=index', '-interval-list=30m', '-range-min-rsi=28', '-range-max-rsi=80', '-range-p-ema=50,250', '-target-margin-list=1.0,1.5,2.0,2.5,3.0,3.5,4.0,4.5,5.0', '-log-level=WARNING']
2023-11-26 21:05:49;UNIUSDT;30m;2.0;75;30;72;100.0;4;100.6;['-batch-training', '-calc-rsi', '-verbose', '-prediction-mode=index', '-interval-list=30m', '-range-min-rsi=28', '-range-max-rsi=80', '-range-p-ema=50,250', '-target-margin-list=1.0,1.5,2.0,2.5,3.0,3.5,4.0,4.5,5.0', '-log-level=WARNING']
2023-11-26 20:23:32;UNIUSDT;30m;2.0;225;30;72;100.0;4;100.6;['-batch-training', '-calc-rsi', '-verbose', '-prediction-mode=index', '-interval-list=30m', '-range-min-rsi=28', '-range-max-rsi=80', '-range-p-ema=50,250', '-target-margin-list=1.0,1.5,2.0,2.5,3.0,3.5,4.0,4.5,5.0', '-log-level=WARNING']
2023-11-26 20:08:27;UNIUSDT;30m;5.0;175;34;80;100.0;3;100.62;['-batch-training', '-calc-rsi', '-verbose', '-prediction-mode=index', '-interval-list=30m', '-range-min-rsi=28', '-range-max-rsi=80', '-range-p-ema=50,250', '-target-margin-list=1.0,1.5,2.0,2.5,3.0,3.5,4.0,4.5,5.0', '-log-level=WARNING']
2023-11-26 20:20:27;UNIUSDT;30m;5.0;200;34;80;100.0;3;100.62;['-batch-training', '-calc-rsi', '-verbose', '-prediction-mode=index', '-interval-list=30m', '-range-min-rsi=28', '-range-max-rsi=80', '-range-p-ema=50,250', '-target-margin-list=1.0,1.5,2.0,2.5,3.0,3.5,4.0,4.5,5.0', '-log-level=WARNING']
2023-11-26 19:58:24;UNIUSDT;30m;5.0;150;34;80;100.0;3;100.62;['-batch-training', '-calc-rsi', '-verbose', '-prediction-mode=index', '-interval-list=30m', '-range-min-rsi=28', '-range-max-rsi=80', '-range-p-ema=50,250', '-target-margin-list=1.0,1.5,2.0,2.5,3.0,3.5,4.0,4.5,5.0', '-log-level=WARNING']
2023-11-26 20:19:10;UNIUSDT;30m;5.0;200;28;72;100.0;2;100.63;['-batch-training', '-calc-rsi', '-verbose', '-prediction-mode=index', '-interval-list=30m', '-range-min-rsi=28', '-range-max-rsi=80', '-range-p-ema=50,250', '-target-margin-list=1.0,1.5,2.0,2.5,3.0,3.5,4.0,4.5,5.0', '-log-level=WARNING']
2023-11-26 20:45:51;UNIUSDT;30m;5.0;250;28;72;100.0;2;100.63;['-batch-training', '-calc-rsi', '-verbose', '-prediction-mode=index', '-interval-list=30m', '-range-min-rsi=28', '-range-max-rsi=80', '-range-p-ema=50,250', '-target-margin-list=1.0,1.5,2.0,2.5,3.0,3.5,4.0,4.5,5.0', '-log-level=WARNING']
2023-11-26 19:34:52;UNIUSDT;30m;5.0;100;28;72;100.0;2;100.63;['-batch-training', '-calc-rsi', '-verbose', '-prediction-mode=index', '-interval-list=30m', '-range-min-rsi=28', '-range-max-rsi=80', '-range-p-ema=50,250', '-target-margin-list=1.0,1.5,2.0,2.5,3.0,3.5,4.0,4.5,5.0', '-log-level=WARNING']
2023-11-26 19:46:27;UNIUSDT;30m;5.0;125;28;72;100.0;2;100.63;['-batch-training', '-calc-rsi', '-verbose', '-prediction-mode=index', '-interval-list=30m', '-range-min-rsi=28', '-range-max-rsi=80', '-range-p-ema=50,250', '-target-margin-list=1.0,1.5,2.0,2.5,3.0,3.5,4.0,4.5,5.0', '-log-level=WARNING']
2023-11-26 20:07:26;UNIUSDT;30m;5.0;175;28;72;100.0;2;100.63;['-batch-training', '-calc-rsi', '-verbose', '-prediction-mode=index', '-interval-list=30m', '-range-min-rsi=28', '-range-max-rsi=80', '-range-p-ema=50,250', '-target-margin-list=1.0,1.5,2.0,2.5,3.0,3.5,4.0,4.5,5.0', '-log-level=WARNING']
2023-11-26 21:00:31;UNIUSDT;30m;5.0;50;28;72;100.0;2;100.63;['-batch-training', '-calc-rsi', '-verbose', '-prediction-mode=index', '-interval-list=30m', '-range-min-rsi=28', '-range-max-rsi=80', '-range-p-ema=50,250', '-target-margin-list=1.0,1.5,2.0,2.5,3.0,3.5,4.0,4.5,5.0', '-log-level=WARNING']
2023-11-26 21:15:57;UNIUSDT;30m;5.0;75;28;72;100.0;2;100.63;['-batch-training', '-calc-rsi', '-verbose', '-prediction-mode=index', '-interval-list=30m', '-range-min-rsi=28', '-range-max-rsi=80', '-range-p-ema=50,250', '-target-margin-list=1.0,1.5,2.0,2.5,3.0,3.5,4.0,4.5,5.0', '-log-level=WARNING']
2023-11-26 20:32:11;UNIUSDT;30m;5.0;225;28;72;100.0;2;100.63;['-batch-training', '-calc-rsi', '-verbose', '-prediction-mode=index', '-interval-list=30m', '-range-min-rsi=28', '-range-max-rsi=80', '-range-p-ema=50,250', '-target-margin-list=1.0,1.5,2.0,2.5,3.0,3.5,4.0,4.5,5.0', '-log-level=WARNING']
2023-11-26 19:57:24;UNIUSDT;30m;5.0;150;28;72;100.0;2;100.63;['-batch-training', '-calc-rsi', '-verbose', '-prediction-mode=index', '-interval-list=30m', '-range-min-rsi=28', '-range-max-rsi=80', '-range-p-ema=50,250', '-target-margin-list=1.0,1.5,2.0,2.5,3.0,3.5,4.0,4.5,5.0', '-log-level=WARNING']
2023-11-26 20:27:48;UNIUSDT;30m;3.5;225;28;72;100.0;2;100.64;['-batch-training', '-calc-rsi', '-verbose', '-prediction-mode=index', '-interval-list=30m', '-range-min-rsi=28', '-range-max-rsi=80', '-range-p-ema=50,250', '-target-margin-list=1.0,1.5,2.0,2.5,3.0,3.5,4.0,4.5,5.0', '-log-level=WARNING']
2023-11-26 20:37:59;UNIUSDT;30m;2.0;250;32;80;100.0;7;100.65;['-batch-training', '-calc-rsi', '-verbose', '-prediction-mode=index', '-interval-list=30m', '-range-min-rsi=28', '-range-max-rsi=80', '-range-p-ema=50,250', '-target-margin-list=1.0,1.5,2.0,2.5,3.0,3.5,4.0,4.5,5.0', '-log-level=WARNING']
2023-11-26 20:12:12;UNIUSDT;30m;2.0;200;32;80;100.0;7;100.65;['-batch-training', '-calc-rsi', '-verbose', '-prediction-mode=index', '-interval-list=30m', '-range-min-rsi=28', '-range-max-rsi=80', '-range-p-ema=50,250', '-target-margin-list=1.0,1.5,2.0,2.5,3.0,3.5,4.0,4.5,5.0', '-log-level=WARNING']
2023-11-26 19:51:28;UNIUSDT;30m;2.0;150;32;80;100.0;7;100.65;['-batch-training', '-calc-rsi', '-verbose', '-prediction-mode=index', '-interval-list=30m', '-range-min-rsi=28', '-range-max-rsi=80', '-range-p-ema=50,250', '-target-margin-list=1.0,1.5,2.0,2.5,3.0,3.5,4.0,4.5,5.0', '-log-level=WARNING']
2023-11-26 20:24:45;UNIUSDT;30m;2.0;225;32;80;100.0;7;100.65;['-batch-training', '-calc-rsi', '-verbose', '-prediction-mode=index', '-interval-list=30m', '-range-min-rsi=28', '-range-max-rsi=80', '-range-p-ema=50,250', '-target-margin-list=1.0,1.5,2.0,2.5,3.0,3.5,4.0,4.5,5.0', '-log-level=WARNING']
2023-11-26 20:01:48;UNIUSDT;30m;2.0;175;32;80;100.0;7;100.65;['-batch-training', '-calc-rsi', '-verbose', '-prediction-mode=index', '-interval-list=30m', '-range-min-rsi=28', '-range-max-rsi=80', '-range-p-ema=50,250', '-target-margin-list=1.0,1.5,2.0,2.5,3.0,3.5,4.0,4.5,5.0', '-log-level=WARNING']
2023-11-26 20:20:48;UNIUSDT;30m;1.0;225;36;72;100.0;5;100.66;['-batch-training', '-calc-rsi', '-verbose', '-prediction-mode=index', '-interval-list=30m', '-range-min-rsi=28', '-range-max-rsi=80', '-range-p-ema=50,250', '-target-margin-list=1.0,1.5,2.0,2.5,3.0,3.5,4.0,4.5,5.0', '-log-level=WARNING']
2023-11-26 20:21:54;UNIUSDT;30m;1.0;225;34;80;100.0;5;100.68;['-batch-training', '-calc-rsi', '-verbose', '-prediction-mode=index', '-interval-list=30m', '-range-min-rsi=28', '-range-max-rsi=80', '-range-p-ema=50,250', '-target-margin-list=1.0,1.5,2.0,2.5,3.0,3.5,4.0,4.5,5.0', '-log-level=WARNING']
2023-11-26 21:05:15;UNIUSDT;30m;1.5;75;34;78;100.0;2;100.69;['-batch-training', '-calc-rsi', '-verbose', '-prediction-mode=index', '-interval-list=30m', '-range-min-rsi=28', '-range-max-rsi=80', '-range-p-ema=50,250', '-target-margin-list=1.0,1.5,2.0,2.5,3.0,3.5,4.0,4.5,5.0', '-log-level=WARNING']
2023-11-26 20:37:19;UNIUSDT;30m;2.0;250;30;76;100.0;4;100.69;['-batch-training', '-calc-rsi', '-verbose', '-prediction-mode=index', '-interval-list=30m', '-range-min-rsi=28', '-range-max-rsi=80', '-range-p-ema=50,250', '-target-margin-list=1.0,1.5,2.0,2.5,3.0,3.5,4.0,4.5,5.0', '-log-level=WARNING']
2023-11-26 19:26:57;UNIUSDT;30m;1.5;100;34;78;100.0;2;100.69;['-batch-training', '-calc-rsi', '-verbose', '-prediction-mode=index', '-interval-list=30m', '-range-min-rsi=28', '-range-max-rsi=80', '-range-p-ema=50,250', '-target-margin-list=1.0,1.5,2.0,2.5,3.0,3.5,4.0,4.5,5.0', '-log-level=WARNING']
2023-11-26 20:50:10;UNIUSDT;30m;1.5;50;34;78;100.0;2;100.69;['-batch-training', '-calc-rsi', '-verbose', '-prediction-mode=index', '-interval-list=30m', '-range-min-rsi=28', '-range-max-rsi=80', '-range-p-ema=50,250', '-target-margin-list=1.0,1.5,2.0,2.5,3.0,3.5,4.0,4.5,5.0', '-log-level=WARNING']
2023-11-26 19:38:26;UNIUSDT;30m;1.5;125;34;78;100.0;2;100.69;['-batch-training', '-calc-rsi', '-verbose', '-prediction-mode=index', '-interval-list=30m', '-range-min-rsi=28', '-range-max-rsi=80', '-range-p-ema=50,250', '-target-margin-list=1.0,1.5,2.0,2.5,3.0,3.5,4.0,4.5,5.0', '-log-level=WARNING']
2023-11-26 20:37:08;UNIUSDT;30m;2.0;250;34;74;100.0;7;100.7;['-batch-training', '-calc-rsi', '-verbose', '-prediction-mode=index', '-interval-list=30m', '-range-min-rsi=28', '-range-max-rsi=80', '-range-p-ema=50,250', '-target-margin-list=1.0,1.5,2.0,2.5,3.0,3.5,4.0,4.5,5.0', '-log-level=WARNING']
2023-11-26 20:23:32;UNIUSDT;30m;2.0;225;30;72;100.0;3;100.71;['-batch-training', '-calc-rsi', '-verbose', '-prediction-mode=index', '-interval-list=30m', '-range-min-rsi=28', '-range-max-rsi=80', '-range-p-ema=50,250', '-target-margin-list=1.0,1.5,2.0,2.5,3.0,3.5,4.0,4.5,5.0', '-log-level=WARNING']
2023-11-26 20:37:37;UNIUSDT;30m;2.0;250;30;78;100.0;2;100.71;['-batch-training', '-calc-rsi', '-verbose', '-prediction-mode=index', '-interval-list=30m', '-range-min-rsi=28', '-range-max-rsi=80', '-range-p-ema=50,250', '-target-margin-list=1.0,1.5,2.0,2.5,3.0,3.5,4.0,4.5,5.0', '-log-level=WARNING']
2023-11-26 20:24:34;UNIUSDT;30m;2.0;225;36;78;100.0;6;100.71;['-batch-training', '-calc-rsi', '-verbose', '-prediction-mode=index', '-interval-list=30m', '-range-min-rsi=28', '-range-max-rsi=80', '-range-p-ema=50,250', '-target-margin-list=1.0,1.5,2.0,2.5,3.0,3.5,4.0,4.5,5.0', '-log-level=WARNING']
2023-11-26 20:02:58;UNIUSDT;30m;2.5;175;34;80;100.0;2;100.72;['-batch-training', '-calc-rsi', '-verbose', '-prediction-mode=index', '-interval-list=30m', '-range-min-rsi=28', '-range-max-rsi=80', '-range-p-ema=50,250', '-target-margin-list=1.0,1.5,2.0,2.5,3.0,3.5,4.0,4.5,5.0', '-log-level=WARNING']
2023-11-26 20:28:41;UNIUSDT;30m;3.5;225;28;78;100.0;4;100.74;['-batch-training', '-calc-rsi', '-verbose', '-prediction-mode=index', '-interval-list=30m', '-range-min-rsi=28', '-range-max-rsi=80', '-range-p-ema=50,250', '-target-margin-list=1.0,1.5,2.0,2.5,3.0,3.5,4.0,4.5,5.0', '-log-level=WARNING']
2023-11-26 20:42:09;UNIUSDT;30m;3.5;250;28;78;100.0;4;100.74;['-batch-training', '-calc-rsi', '-verbose', '-prediction-mode=index', '-interval-list=30m', '-range-min-rsi=28', '-range-max-rsi=80', '-range-p-ema=50,250', '-target-margin-list=1.0,1.5,2.0,2.5,3.0,3.5,4.0,4.5,5.0', '-log-level=WARNING']
2023-11-26 20:47:21;UNIUSDT;30m;5.0;250;36;80;100.0;3;100.74;['-batch-training', '-calc-rsi', '-verbose', '-prediction-mode=index', '-interval-list=30m', '-range-min-rsi=28', '-range-max-rsi=80', '-range-p-ema=50,250', '-target-margin-list=1.0,1.5,2.0,2.5,3.0,3.5,4.0,4.5,5.0', '-log-level=WARNING']
2023-11-26 20:15:51;UNIUSDT;30m;3.5;200;28;78;100.0;4;100.74;['-batch-training', '-calc-rsi', '-verbose', '-prediction-mode=index', '-interval-list=30m', '-range-min-rsi=28', '-range-max-rsi=80', '-range-p-ema=50,250', '-target-margin-list=1.0,1.5,2.0,2.5,3.0,3.5,4.0,4.5,5.0', '-log-level=WARNING']
2023-11-26 20:33:36;UNIUSDT;30m;5.0;225;36;80;100.0;3;100.74;['-batch-training', '-calc-rsi', '-verbose', '-prediction-mode=index', '-interval-list=30m', '-range-min-rsi=28', '-range-max-rsi=80', '-range-p-ema=50,250', '-target-margin-list=1.0,1.5,2.0,2.5,3.0,3.5,4.0,4.5,5.0', '-log-level=WARNING']
2023-11-26 19:54:40;UNIUSDT;30m;3.5;150;28;78;100.0;4;100.74;['-batch-training', '-calc-rsi', '-verbose', '-prediction-mode=index', '-interval-list=30m', '-range-min-rsi=28', '-range-max-rsi=80', '-range-p-ema=50,250', '-target-margin-list=1.0,1.5,2.0,2.5,3.0,3.5,4.0,4.5,5.0', '-log-level=WARNING']
2023-11-26 20:04:48;UNIUSDT;30m;3.5;175;28;78;100.0;4;100.74;['-batch-training', '-calc-rsi', '-verbose', '-prediction-mode=index', '-interval-list=30m', '-range-min-rsi=28', '-range-max-rsi=80', '-range-p-ema=50,250', '-target-margin-list=1.0,1.5,2.0,2.5,3.0,3.5,4.0,4.5,5.0', '-log-level=WARNING']
2023-11-26 21:12:13;UNIUSDT;30m;3.5;75;28;78;100.0;4;100.74;['-batch-training', '-calc-rsi', '-verbose', '-prediction-mode=index', '-interval-list=30m', '-range-min-rsi=28', '-range-max-rsi=80', '-range-p-ema=50,250', '-target-margin-list=1.0,1.5,2.0,2.5,3.0,3.5,4.0,4.5,5.0', '-log-level=WARNING']
2023-11-26 19:43:24;UNIUSDT;30m;3.5;125;28;78;100.0;4;100.74;['-batch-training', '-calc-rsi', '-verbose', '-prediction-mode=index', '-interval-list=30m', '-range-min-rsi=28', '-range-max-rsi=80', '-range-p-ema=50,250', '-target-margin-list=1.0,1.5,2.0,2.5,3.0,3.5,4.0,4.5,5.0', '-log-level=WARNING']
2023-11-26 20:56:32;UNIUSDT;30m;3.5;50;28;78;100.0;4;100.74;['-batch-training', '-calc-rsi', '-verbose', '-prediction-mode=index', '-interval-list=30m', '-range-min-rsi=28', '-range-max-rsi=80', '-range-p-ema=50,250', '-target-margin-list=1.0,1.5,2.0,2.5,3.0,3.5,4.0,4.5,5.0', '-log-level=WARNING']
2023-11-26 19:31:54;UNIUSDT;30m;3.5;100;28;78;100.0;4;100.74;['-batch-training', '-calc-rsi', '-verbose', '-prediction-mode=index', '-interval-list=30m', '-range-min-rsi=28', '-range-max-rsi=80', '-range-p-ema=50,250', '-target-margin-list=1.0,1.5,2.0,2.5,3.0,3.5,4.0,4.5,5.0', '-log-level=WARNING']
2023-11-26 20:22:08;UNIUSDT;30m;1.5;225;32;72;100.0;4;100.75;['-batch-training', '-calc-rsi', '-verbose', '-prediction-mode=index', '-interval-list=30m', '-range-min-rsi=28', '-range-max-rsi=80', '-range-p-ema=50,250', '-target-margin-list=1.0,1.5,2.0,2.5,3.0,3.5,4.0,4.5,5.0', '-log-level=WARNING']
2023-11-26 20:33:39;UNIUSDT;30m;1.0;250;28;72;100.0;7;100.76;['-batch-training', '-calc-rsi', '-verbose', '-prediction-mode=index', '-interval-list=30m', '-range-min-rsi=28', '-range-max-rsi=80', '-range-p-ema=50,250', '-target-margin-list=1.0,1.5,2.0,2.5,3.0,3.5,4.0,4.5,5.0', '-log-level=WARNING']
2023-11-26 21:06:46;UNIUSDT;30m;2.0;75;36;76;100.0;7;100.77;['-batch-training', '-calc-rsi', '-verbose', '-prediction-mode=index', '-interval-list=30m', '-range-min-rsi=28', '-range-max-rsi=80', '-range-p-ema=50,250', '-target-margin-list=1.0,1.5,2.0,2.5,3.0,3.5,4.0,4.5,5.0', '-log-level=WARNING']
2023-11-26 19:39:31;UNIUSDT;30m;2.0;125;36;76;100.0;7;100.77;['-batch-training', '-calc-rsi', '-verbose', '-prediction-mode=index', '-interval-list=30m', '-range-min-rsi=28', '-range-max-rsi=80', '-range-p-ema=50,250', '-target-margin-list=1.0,1.5,2.0,2.5,3.0,3.5,4.0,4.5,5.0', '-log-level=WARNING']
2023-11-26 20:24:27;UNIUSDT;30m;2.0;225;32;78;100.0;4;100.77;['-batch-training', '-calc-rsi', '-verbose', '-prediction-mode=index', '-interval-list=30m', '-range-min-rsi=28', '-range-max-rsi=80', '-range-p-ema=50,250', '-target-margin-list=1.0,1.5,2.0,2.5,3.0,3.5,4.0,4.5,5.0', '-log-level=WARNING']
2023-11-26 20:51:32;UNIUSDT;30m;2.0;50;36;76;100.0;7;100.77;['-batch-training', '-calc-rsi', '-verbose', '-prediction-mode=index', '-interval-list=30m', '-range-min-rsi=28', '-range-max-rsi=80', '-range-p-ema=50,250', '-target-margin-list=1.0,1.5,2.0,2.5,3.0,3.5,4.0,4.5,5.0', '-log-level=WARNING']
2023-11-26 20:11:56;UNIUSDT;30m;2.0;200;32;78;100.0;4;100.77;['-batch-training', '-calc-rsi', '-verbose', '-prediction-mode=index', '-interval-list=30m', '-range-min-rsi=28', '-range-max-rsi=80', '-range-p-ema=50,250', '-target-margin-list=1.0,1.5,2.0,2.5,3.0,3.5,4.0,4.5,5.0', '-log-level=WARNING']
2023-11-26 19:28:02;UNIUSDT;30m;2.0;100;36;76;100.0;7;100.77;['-batch-training', '-calc-rsi', '-verbose', '-prediction-mode=index', '-interval-list=30m', '-range-min-rsi=28', '-range-max-rsi=80', '-range-p-ema=50,250', '-target-margin-list=1.0,1.5,2.0,2.5,3.0,3.5,4.0,4.5,5.0', '-log-level=WARNING']
2023-11-26 20:37:04;UNIUSDT;30m;2.0;250;32;74;100.0;5;100.79;['-batch-training', '-calc-rsi', '-verbose', '-prediction-mode=index', '-interval-list=30m', '-range-min-rsi=28', '-range-max-rsi=80', '-range-p-ema=50,250', '-target-margin-list=1.0,1.5,2.0,2.5,3.0,3.5,4.0,4.5,5.0', '-log-level=WARNING']
2023-11-26 20:12:03;UNIUSDT;30m;2.0;200;36;78;100.0;2;100.8;['-batch-training', '-calc-rsi', '-verbose', '-prediction-mode=index', '-interval-list=30m', '-range-min-rsi=28', '-range-max-rsi=80', '-range-p-ema=50,250', '-target-margin-list=1.0,1.5,2.0,2.5,3.0,3.5,4.0,4.5,5.0', '-log-level=WARNING']
2023-11-26 20:01:12;UNIUSDT;30m;2.0;175;36;74;100.0;2;100.8;['-batch-training', '-calc-rsi', '-verbose', '-prediction-mode=index', '-interval-list=30m', '-range-min-rsi=28', '-range-max-rsi=80', '-range-p-ema=50,250', '-target-margin-list=1.0,1.5,2.0,2.5,3.0,3.5,4.0,4.5,5.0', '-log-level=WARNING']
2023-11-26 20:35:13;UNIUSDT;30m;1.5;250;30;72;100.0;4;100.82;['-batch-training', '-calc-rsi', '-verbose', '-prediction-mode=index', '-interval-list=30m', '-range-min-rsi=28', '-range-max-rsi=80', '-range-p-ema=50,250', '-target-margin-list=1.0,1.5,2.0,2.5,3.0,3.5,4.0,4.5,5.0', '-log-level=WARNING']
2023-11-26 19:26:32;UNIUSDT;30m;1.5;100;28;76;100.0;4;100.83;['-batch-training', '-calc-rsi', '-verbose', '-prediction-mode=index', '-interval-list=30m', '-range-min-rsi=28', '-range-max-rsi=80', '-range-p-ema=50,250', '-target-margin-list=1.0,1.5,2.0,2.5,3.0,3.5,4.0,4.5,5.0', '-log-level=WARNING']
2023-11-26 19:38:01;UNIUSDT;30m;1.5;125;28;76;100.0;4;100.83;['-batch-training', '-calc-rsi', '-verbose', '-prediction-mode=index', '-interval-list=30m', '-range-min-rsi=28', '-range-max-rsi=80', '-range-p-ema=50,250', '-target-margin-list=1.0,1.5,2.0,2.5,3.0,3.5,4.0,4.5,5.0', '-log-level=WARNING']
2023-11-26 21:04:39;UNIUSDT;30m;1.5;75;28;76;100.0;4;100.83;['-batch-training', '-calc-rsi', '-verbose', '-prediction-mode=index', '-interval-list=30m', '-range-min-rsi=28', '-range-max-rsi=80', '-range-p-ema=50,250', '-target-margin-list=1.0,1.5,2.0,2.5,3.0,3.5,4.0,4.5,5.0', '-log-level=WARNING']
2023-11-26 20:00:07;UNIUSDT;30m;1.5;175;28;76;100.0;4;100.83;['-batch-training', '-calc-rsi', '-verbose', '-prediction-mode=index', '-interval-list=30m', '-range-min-rsi=28', '-range-max-rsi=80', '-range-p-ema=50,250', '-target-margin-list=1.0,1.5,2.0,2.5,3.0,3.5,4.0,4.5,5.0', '-log-level=WARNING']
2023-11-26 20:49:39;UNIUSDT;30m;1.5;50;28;76;100.0;4;100.83;['-batch-training', '-calc-rsi', '-verbose', '-prediction-mode=index', '-interval-list=30m', '-range-min-rsi=28', '-range-max-rsi=80', '-range-p-ema=50,250', '-target-margin-list=1.0,1.5,2.0,2.5,3.0,3.5,4.0,4.5,5.0', '-log-level=WARNING']
2023-11-26 20:02:15;UNIUSDT;30m;2.5;175;32;74;100.0;5;100.83;['-batch-training', '-calc-rsi', '-verbose', '-prediction-mode=index', '-interval-list=30m', '-range-min-rsi=28', '-range-max-rsi=80', '-range-p-ema=50,250', '-target-margin-list=1.0,1.5,2.0,2.5,3.0,3.5,4.0,4.5,5.0', '-log-level=WARNING']
2023-11-26 19:49:33;UNIUSDT;30m;1.5;150;28;76;100.0;4;100.83;['-batch-training', '-calc-rsi', '-verbose', '-prediction-mode=index', '-interval-list=30m', '-range-min-rsi=28', '-range-max-rsi=80', '-range-p-ema=50,250', '-target-margin-list=1.0,1.5,2.0,2.5,3.0,3.5,4.0,4.5,5.0', '-log-level=WARNING']
2023-11-26 20:22:36;UNIUSDT;30m;1.5;225;28;76;100.0;4;100.83;['-batch-training', '-calc-rsi', '-verbose', '-prediction-mode=index', '-interval-list=30m', '-range-min-rsi=28', '-range-max-rsi=80', '-range-p-ema=50,250', '-target-margin-list=1.0,1.5,2.0,2.5,3.0,3.5,4.0,4.5,5.0', '-log-level=WARNING']
2023-11-26 19:51:59;UNIUSDT;30m;2.5;150;32;74;100.0;5;100.83;['-batch-training', '-calc-rsi', '-verbose', '-prediction-mode=index', '-interval-list=30m', '-range-min-rsi=28', '-range-max-rsi=80', '-range-p-ema=50,250', '-target-margin-list=1.0,1.5,2.0,2.5,3.0,3.5,4.0,4.5,5.0', '-log-level=WARNING']
2023-11-26 20:10:15;UNIUSDT;30m;1.5;200;28;76;100.0;4;100.83;['-batch-training', '-calc-rsi', '-verbose', '-prediction-mode=index', '-interval-list=30m', '-range-min-rsi=28', '-range-max-rsi=80', '-range-p-ema=50,250', '-target-margin-list=1.0,1.5,2.0,2.5,3.0,3.5,4.0,4.5,5.0', '-log-level=WARNING']
2023-11-26 21:06:32;UNIUSDT;30m;2.0;75;30;76;100.0;3;100.85;['-batch-training', '-calc-rsi', '-verbose', '-prediction-mode=index', '-interval-list=30m', '-range-min-rsi=28', '-range-max-rsi=80', '-range-p-ema=50,250', '-target-margin-list=1.0,1.5,2.0,2.5,3.0,3.5,4.0,4.5,5.0', '-log-level=WARNING']
2023-11-26 19:27:53;UNIUSDT;30m;2.0;100;30;76;100.0;3;100.85;['-batch-training', '-calc-rsi', '-verbose', '-prediction-mode=index', '-interval-list=30m', '-range-min-rsi=28', '-range-max-rsi=80', '-range-p-ema=50,250', '-target-margin-list=1.0,1.5,2.0,2.5,3.0,3.5,4.0,4.5,5.0', '-log-level=WARNING']
2023-11-26 20:01:17;UNIUSDT;30m;2.0;175;30;76;100.0;3;100.85;['-batch-training', '-calc-rsi', '-verbose', '-prediction-mode=index', '-interval-list=30m', '-range-min-rsi=28', '-range-max-rsi=80', '-range-p-ema=50,250', '-target-margin-list=1.0,1.5,2.0,2.5,3.0,3.5,4.0,4.5,5.0', '-log-level=WARNING']
2023-11-26 20:24:06;UNIUSDT;30m;2.0;225;30;76;100.0;3;100.85;['-batch-training', '-calc-rsi', '-verbose', '-prediction-mode=index', '-interval-list=30m', '-range-min-rsi=28', '-range-max-rsi=80', '-range-p-ema=50,250', '-target-margin-list=1.0,1.5,2.0,2.5,3.0,3.5,4.0,4.5,5.0', '-log-level=WARNING']
2023-11-26 20:51:20;UNIUSDT;30m;2.0;50;30;76;100.0;3;100.85;['-batch-training', '-calc-rsi', '-verbose', '-prediction-mode=index', '-interval-list=30m', '-range-min-rsi=28', '-range-max-rsi=80', '-range-p-ema=50,250', '-target-margin-list=1.0,1.5,2.0,2.5,3.0,3.5,4.0,4.5,5.0', '-log-level=WARNING']
2023-11-26 19:39:22;UNIUSDT;30m;2.0;125;30;76;100.0;3;100.85;['-batch-training', '-calc-rsi', '-verbose', '-prediction-mode=index', '-interval-list=30m', '-range-min-rsi=28', '-range-max-rsi=80', '-range-p-ema=50,250', '-target-margin-list=1.0,1.5,2.0,2.5,3.0,3.5,4.0,4.5,5.0', '-log-level=WARNING']
2023-11-26 20:11:37;UNIUSDT;30m;2.0;200;30;76;100.0;3;100.85;['-batch-training', '-calc-rsi', '-verbose', '-prediction-mode=index', '-interval-list=30m', '-range-min-rsi=28', '-range-max-rsi=80', '-range-p-ema=50,250', '-target-margin-list=1.0,1.5,2.0,2.5,3.0,3.5,4.0,4.5,5.0', '-log-level=WARNING']
2023-11-26 19:50:54;UNIUSDT;30m;2.0;150;30;76;100.0;3;100.85;['-batch-training', '-calc-rsi', '-verbose', '-prediction-mode=index', '-interval-list=30m', '-range-min-rsi=28', '-range-max-rsi=80', '-range-p-ema=50,250', '-target-margin-list=1.0,1.5,2.0,2.5,3.0,3.5,4.0,4.5,5.0', '-log-level=WARNING']
2023-11-26 21:06:58;UNIUSDT;30m;2.0;75;32;78;100.0;2;100.86;['-batch-training', '-calc-rsi', '-verbose', '-prediction-mode=index', '-interval-list=30m', '-range-min-rsi=28', '-range-max-rsi=80', '-range-p-ema=50,250', '-target-margin-list=1.0,1.5,2.0,2.5,3.0,3.5,4.0,4.5,5.0', '-log-level=WARNING']
2023-11-26 19:40:55;UNIUSDT;30m;2.5;125;30;78;100.0;6;100.86;['-batch-training', '-calc-rsi', '-verbose', '-prediction-mode=index', '-interval-list=30m', '-range-min-rsi=28', '-range-max-rsi=80', '-range-p-ema=50,250', '-target-margin-list=1.0,1.5,2.0,2.5,3.0,3.5,4.0,4.5,5.0', '-log-level=WARNING']
2023-11-26 19:28:11;UNIUSDT;30m;2.0;100;32;78;100.0;2;100.86;['-batch-training', '-calc-rsi', '-verbose', '-prediction-mode=index', '-interval-list=30m', '-range-min-rsi=28', '-range-max-rsi=80', '-range-p-ema=50,250', '-target-margin-list=1.0,1.5,2.0,2.5,3.0,3.5,4.0,4.5,5.0', '-log-level=WARNING']
2023-11-26 20:39:08;UNIUSDT;30m;2.5;250;30;78;100.0;6;100.86;['-batch-training', '-calc-rsi', '-verbose', '-prediction-mode=index', '-interval-list=30m', '-range-min-rsi=28', '-range-max-rsi=80', '-range-p-ema=50,250', '-target-margin-list=1.0,1.5,2.0,2.5,3.0,3.5,4.0,4.5,5.0', '-log-level=WARNING']
2023-11-26 19:52:26;UNIUSDT;30m;2.5;150;30;78;100.0;6;100.86;['-batch-training', '-calc-rsi', '-verbose', '-prediction-mode=index', '-interval-list=30m', '-range-min-rsi=28', '-range-max-rsi=80', '-range-p-ema=50,250', '-target-margin-list=1.0,1.5,2.0,2.5,3.0,3.5,4.0,4.5,5.0', '-log-level=WARNING']
2023-11-26 20:13:12;UNIUSDT;30m;2.5;200;30;78;100.0;6;100.86;['-batch-training', '-calc-rsi', '-verbose', '-prediction-mode=index', '-interval-list=30m', '-range-min-rsi=28', '-range-max-rsi=80', '-range-p-ema=50,250', '-target-margin-list=1.0,1.5,2.0,2.5,3.0,3.5,4.0,4.5,5.0', '-log-level=WARNING']
2023-11-26 20:25:50;UNIUSDT;30m;2.5;225;30;78;100.0;6;100.86;['-batch-training', '-calc-rsi', '-verbose', '-prediction-mode=index', '-interval-list=30m', '-range-min-rsi=28', '-range-max-rsi=80', '-range-p-ema=50,250', '-target-margin-list=1.0,1.5,2.0,2.5,3.0,3.5,4.0,4.5,5.0', '-log-level=WARNING']
2023-11-26 19:59:20;UNIUSDT;30m;1.0;175;34;78;100.0;5;100.86;['-batch-training', '-calc-rsi', '-verbose', '-prediction-mode=index', '-interval-list=30m', '-range-min-rsi=28', '-range-max-rsi=80', '-range-p-ema=50,250', '-target-margin-list=1.0,1.5,2.0,2.5,3.0,3.5,4.0,4.5,5.0', '-log-level=WARNING']
2023-11-26 21:08:43;UNIUSDT;30m;2.5;75;30;78;100.0;6;100.86;['-batch-training', '-calc-rsi', '-verbose', '-prediction-mode=index', '-interval-list=30m', '-range-min-rsi=28', '-range-max-rsi=80', '-range-p-ema=50,250', '-target-margin-list=1.0,1.5,2.0,2.5,3.0,3.5,4.0,4.5,5.0', '-log-level=WARNING']
2023-11-26 20:51:43;UNIUSDT;30m;2.0;50;32;78;100.0;2;100.86;['-batch-training', '-calc-rsi', '-verbose', '-prediction-mode=index', '-interval-list=30m', '-range-min-rsi=28', '-range-max-rsi=80', '-range-p-ema=50,250', '-target-margin-list=1.0,1.5,2.0,2.5,3.0,3.5,4.0,4.5,5.0', '-log-level=WARNING']
2023-11-26 19:39:41;UNIUSDT;30m;2.0;125;32;78;100.0;2;100.86;['-batch-training', '-calc-rsi', '-verbose', '-prediction-mode=index', '-interval-list=30m', '-range-min-rsi=28', '-range-max-rsi=80', '-range-p-ema=50,250', '-target-margin-list=1.0,1.5,2.0,2.5,3.0,3.5,4.0,4.5,5.0', '-log-level=WARNING']
2023-11-26 19:29:26;UNIUSDT;30m;2.5;100;30;78;100.0;6;100.86;['-batch-training', '-calc-rsi', '-verbose', '-prediction-mode=index', '-interval-list=30m', '-range-min-rsi=28', '-range-max-rsi=80', '-range-p-ema=50,250', '-target-margin-list=1.0,1.5,2.0,2.5,3.0,3.5,4.0,4.5,5.0', '-log-level=WARNING']
2023-11-26 20:53:19;UNIUSDT;30m;2.5;50;30;78;100.0;6;100.86;['-batch-training', '-calc-rsi', '-verbose', '-prediction-mode=index', '-interval-list=30m', '-range-min-rsi=28', '-range-max-rsi=80', '-range-p-ema=50,250', '-target-margin-list=1.0,1.5,2.0,2.5,3.0,3.5,4.0,4.5,5.0', '-log-level=WARNING']
2023-11-26 20:02:38;UNIUSDT;30m;2.5;175;30;78;100.0;6;100.86;['-batch-training', '-calc-rsi', '-verbose', '-prediction-mode=index', '-interval-list=30m', '-range-min-rsi=28', '-range-max-rsi=80', '-range-p-ema=50,250', '-target-margin-list=1.0,1.5,2.0,2.5,3.0,3.5,4.0,4.5,5.0', '-log-level=WARNING']
2023-11-26 19:39:25;UNIUSDT;30m;2.0;125;32;76;100.0;6;100.87;['-batch-training', '-calc-rsi', '-verbose', '-prediction-mode=index', '-interval-list=30m', '-range-min-rsi=28', '-range-max-rsi=80', '-range-p-ema=50,250', '-target-margin-list=1.0,1.5,2.0,2.5,3.0,3.5,4.0,4.5,5.0', '-log-level=WARNING']
2023-11-26 20:51:24;UNIUSDT;30m;2.0;50;32;76;100.0;6;100.87;['-batch-training', '-calc-rsi', '-verbose', '-prediction-mode=index', '-interval-list=30m', '-range-min-rsi=28', '-range-max-rsi=80', '-range-p-ema=50,250', '-target-margin-list=1.0,1.5,2.0,2.5,3.0,3.5,4.0,4.5,5.0', '-log-level=WARNING']
2023-11-26 19:49:27;UNIUSDT;30m;1.5;150;34;74;100.0;4;100.87;['-batch-training', '-calc-rsi', '-verbose', '-prediction-mode=index', '-interval-list=30m', '-range-min-rsi=28', '-range-max-rsi=80', '-range-p-ema=50,250', '-target-margin-list=1.0,1.5,2.0,2.5,3.0,3.5,4.0,4.5,5.0', '-log-level=WARNING']
2023-11-26 21:06:36;UNIUSDT;30m;2.0;75;32;76;100.0;6;100.87;['-batch-training', '-calc-rsi', '-verbose', '-prediction-mode=index', '-interval-list=30m', '-range-min-rsi=28', '-range-max-rsi=80', '-range-p-ema=50,250', '-target-margin-list=1.0,1.5,2.0,2.5,3.0,3.5,4.0,4.5,5.0', '-log-level=WARNING']
2023-11-26 19:27:56;UNIUSDT;30m;2.0;100;32;76;100.0;6;100.87;['-batch-training', '-calc-rsi', '-verbose', '-prediction-mode=index', '-interval-list=30m', '-range-min-rsi=28', '-range-max-rsi=80', '-range-p-ema=50,250', '-target-margin-list=1.0,1.5,2.0,2.5,3.0,3.5,4.0,4.5,5.0', '-log-level=WARNING']
2023-11-26 20:34:59;UNIUSDT;30m;1.0;250;32;80;100.0;7;100.88;['-batch-training', '-calc-rsi', '-verbose', '-prediction-mode=index', '-interval-list=30m', '-range-min-rsi=28', '-range-max-rsi=80', '-range-p-ema=50,250', '-target-margin-list=1.0,1.5,2.0,2.5,3.0,3.5,4.0,4.5,5.0', '-log-level=WARNING']
2023-11-26 20:09:27;UNIUSDT;30m;1.0;200;36;78;100.0;5;100.89;['-batch-training', '-calc-rsi', '-verbose', '-prediction-mode=index', '-interval-list=30m', '-range-min-rsi=28', '-range-max-rsi=80', '-range-p-ema=50,250', '-target-margin-list=1.0,1.5,2.0,2.5,3.0,3.5,4.0,4.5,5.0', '-log-level=WARNING']
2023-11-26 20:51:39;UNIUSDT;30m;2.0;50;30;78;100.0;7;100.9;['-batch-training', '-calc-rsi', '-verbose', '-prediction-mode=index', '-interval-list=30m', '-range-min-rsi=28', '-range-max-rsi=80', '-range-p-ema=50,250', '-target-margin-list=1.0,1.5,2.0,2.5,3.0,3.5,4.0,4.5,5.0', '-log-level=WARNING']
2023-11-26 19:39:38;UNIUSDT;30m;2.0;125;30;78;100.0;7;100.9;['-batch-training', '-calc-rsi', '-verbose', '-prediction-mode=index', '-interval-list=30m', '-range-min-rsi=28', '-range-max-rsi=80', '-range-p-ema=50,250', '-target-margin-list=1.0,1.5,2.0,2.5,3.0,3.5,4.0,4.5,5.0', '-log-level=WARNING']
2023-11-26 20:37:37;UNIUSDT;30m;2.0;250;30;78;100.0;7;100.9;['-batch-training', '-calc-rsi', '-verbose', '-prediction-mode=index', '-interval-list=30m', '-range-min-rsi=28', '-range-max-rsi=80', '-range-p-ema=50,250', '-target-margin-list=1.0,1.5,2.0,2.5,3.0,3.5,4.0,4.5,5.0', '-log-level=WARNING']
2023-11-26 20:11:53;UNIUSDT;30m;2.0;200;30;78;100.0;7;100.9;['-batch-training', '-calc-rsi', '-verbose', '-prediction-mode=index', '-interval-list=30m', '-range-min-rsi=28', '-range-max-rsi=80', '-range-p-ema=50,250', '-target-margin-list=1.0,1.5,2.0,2.5,3.0,3.5,4.0,4.5,5.0', '-log-level=WARNING']
2023-11-26 21:06:54;UNIUSDT;30m;2.0;75;30;78;100.0;7;100.9;['-batch-training', '-calc-rsi', '-verbose', '-prediction-mode=index', '-interval-list=30m', '-range-min-rsi=28', '-range-max-rsi=80', '-range-p-ema=50,250', '-target-margin-list=1.0,1.5,2.0,2.5,3.0,3.5,4.0,4.5,5.0', '-log-level=WARNING']
2023-11-26 20:01:31;UNIUSDT;30m;2.0;175;30;78;100.0;7;100.9;['-batch-training', '-calc-rsi', '-verbose', '-prediction-mode=index', '-interval-list=30m', '-range-min-rsi=28', '-range-max-rsi=80', '-range-p-ema=50,250', '-target-margin-list=1.0,1.5,2.0,2.5,3.0,3.5,4.0,4.5,5.0', '-log-level=WARNING']
2023-11-26 20:24:24;UNIUSDT;30m;2.0;225;30;78;100.0;7;100.9;['-batch-training', '-calc-rsi', '-verbose', '-prediction-mode=index', '-interval-list=30m', '-range-min-rsi=28', '-range-max-rsi=80', '-range-p-ema=50,250', '-target-margin-list=1.0,1.5,2.0,2.5,3.0,3.5,4.0,4.5,5.0', '-log-level=WARNING']
2023-11-26 19:51:09;UNIUSDT;30m;2.0;150;30;78;100.0;7;100.9;['-batch-training', '-calc-rsi', '-verbose', '-prediction-mode=index', '-interval-list=30m', '-range-min-rsi=28', '-range-max-rsi=80', '-range-p-ema=50,250', '-target-margin-list=1.0,1.5,2.0,2.5,3.0,3.5,4.0,4.5,5.0', '-log-level=WARNING']
2023-11-26 19:28:08;UNIUSDT;30m;2.0;100;30;78;100.0;7;100.9;['-batch-training', '-calc-rsi', '-verbose', '-prediction-mode=index', '-interval-list=30m', '-range-min-rsi=28', '-range-max-rsi=80', '-range-p-ema=50,250', '-target-margin-list=1.0,1.5,2.0,2.5,3.0,3.5,4.0,4.5,5.0', '-log-level=WARNING']
2023-11-26 19:58:38;UNIUSDT;30m;1.0;175;34;72;100.0;5;100.93;['-batch-training', '-calc-rsi', '-verbose', '-prediction-mode=index', '-interval-list=30m', '-range-min-rsi=28', '-range-max-rsi=80', '-range-p-ema=50,250', '-target-margin-list=1.0,1.5,2.0,2.5,3.0,3.5,4.0,4.5,5.0', '-log-level=WARNING']
2023-11-26 19:53:43;UNIUSDT;30m;3.0;150;36;78;100.0;5;100.93;['-batch-training', '-calc-rsi', '-verbose', '-prediction-mode=index', '-interval-list=30m', '-range-min-rsi=28', '-range-max-rsi=80', '-range-p-ema=50,250', '-target-margin-list=1.0,1.5,2.0,2.5,3.0,3.5,4.0,4.5,5.0', '-log-level=WARNING']
2023-11-26 20:03:52;UNIUSDT;30m;3.0;175;36;78;100.0;5;100.93;['-batch-training', '-calc-rsi', '-verbose', '-prediction-mode=index', '-interval-list=30m', '-range-min-rsi=28', '-range-max-rsi=80', '-range-p-ema=50,250', '-target-margin-list=1.0,1.5,2.0,2.5,3.0,3.5,4.0,4.5,5.0', '-log-level=WARNING']
2023-11-26 20:14:43;UNIUSDT;30m;3.0;200;36;78;100.0;5;100.93;['-batch-training', '-calc-rsi', '-verbose', '-prediction-mode=index', '-interval-list=30m', '-range-min-rsi=28', '-range-max-rsi=80', '-range-p-ema=50,250', '-target-margin-list=1.0,1.5,2.0,2.5,3.0,3.5,4.0,4.5,5.0', '-log-level=WARNING']
2023-11-26 20:27:27;UNIUSDT;30m;3.0;225;36;78;100.0;5;100.93;['-batch-training', '-calc-rsi', '-verbose', '-prediction-mode=index', '-interval-list=30m', '-range-min-rsi=28', '-range-max-rsi=80', '-range-p-ema=50,250', '-target-margin-list=1.0,1.5,2.0,2.5,3.0,3.5,4.0,4.5,5.0', '-log-level=WARNING']
2023-11-26 20:13:29;UNIUSDT;30m;2.5;200;30;80;100.0;2;100.95;['-batch-training', '-calc-rsi', '-verbose', '-prediction-mode=index', '-interval-list=30m', '-range-min-rsi=28', '-range-max-rsi=80', '-range-p-ema=50,250', '-target-margin-list=1.0,1.5,2.0,2.5,3.0,3.5,4.0,4.5,5.0', '-log-level=WARNING']
2023-11-26 20:08:41;UNIUSDT;30m;1.0;200;34;72;100.0;5;100.95;['-batch-training', '-calc-rsi', '-verbose', '-prediction-mode=index', '-interval-list=30m', '-range-min-rsi=28', '-range-max-rsi=80', '-range-p-ema=50,250', '-target-margin-list=1.0,1.5,2.0,2.5,3.0,3.5,4.0,4.5,5.0', '-log-level=WARNING']
2023-11-26 20:02:52;UNIUSDT;30m;2.5;175;30;80;100.0;2;100.95;['-batch-training', '-calc-rsi', '-verbose', '-prediction-mode=index', '-interval-list=30m', '-range-min-rsi=28', '-range-max-rsi=80', '-range-p-ema=50,250', '-target-margin-list=1.0,1.5,2.0,2.5,3.0,3.5,4.0,4.5,5.0', '-log-level=WARNING']
2023-11-26 20:26:07;UNIUSDT;30m;2.5;225;30;80;100.0;2;100.95;['-batch-training', '-calc-rsi', '-verbose', '-prediction-mode=index', '-interval-list=30m', '-range-min-rsi=28', '-range-max-rsi=80', '-range-p-ema=50,250', '-target-margin-list=1.0,1.5,2.0,2.5,3.0,3.5,4.0,4.5,5.0', '-log-level=WARNING']
2023-11-26 20:37:33;UNIUSDT;30m;2.0;250;28;78;100.0;3;100.98;['-batch-training', '-calc-rsi', '-verbose', '-prediction-mode=index', '-interval-list=30m', '-range-min-rsi=28', '-range-max-rsi=80', '-range-p-ema=50,250', '-target-margin-list=1.0,1.5,2.0,2.5,3.0,3.5,4.0,4.5,5.0', '-log-level=WARNING']
2023-11-26 20:27:44;UNIUSDT;30m;3.0;225;36;80;100.0;5;100.98;['-batch-training', '-calc-rsi', '-verbose', '-prediction-mode=index', '-interval-list=30m', '-range-min-rsi=28', '-range-max-rsi=80', '-range-p-ema=50,250', '-target-margin-list=1.0,1.5,2.0,2.5,3.0,3.5,4.0,4.5,5.0', '-log-level=WARNING']
2023-11-26 19:58:50;UNIUSDT;30m;1.0;175;32;74;100.0;2;100.99;['-batch-training', '-calc-rsi', '-verbose', '-prediction-mode=index', '-interval-list=30m', '-range-min-rsi=28', '-range-max-rsi=80', '-range-p-ema=50,250', '-target-margin-list=1.0,1.5,2.0,2.5,3.0,3.5,4.0,4.5,5.0', '-log-level=WARNING']
2023-11-26 20:01:17;UNIUSDT;30m;2.0;175;30;76;100.0;4;101.0;['-batch-training', '-calc-rsi', '-verbose', '-prediction-mode=index', '-interval-list=30m', '-range-min-rsi=28', '-range-max-rsi=80', '-range-p-ema=50,250', '-target-margin-list=1.0,1.5,2.0,2.5,3.0,3.5,4.0,4.5,5.0', '-log-level=WARNING']
2023-11-26 20:24:06;UNIUSDT;30m;2.0;225;30;76;100.0;4;101.0;['-batch-training', '-calc-rsi', '-verbose', '-prediction-mode=index', '-interval-list=30m', '-range-min-rsi=28', '-range-max-rsi=80', '-range-p-ema=50,250', '-target-margin-list=1.0,1.5,2.0,2.5,3.0,3.5,4.0,4.5,5.0', '-log-level=WARNING']
2023-11-26 21:06:32;UNIUSDT;30m;2.0;75;30;76;100.0;4;101.0;['-batch-training', '-calc-rsi', '-verbose', '-prediction-mode=index', '-interval-list=30m', '-range-min-rsi=28', '-range-max-rsi=80', '-range-p-ema=50,250', '-target-margin-list=1.0,1.5,2.0,2.5,3.0,3.5,4.0,4.5,5.0', '-log-level=WARNING']
2023-11-26 19:27:53;UNIUSDT;30m;2.0;100;30;76;100.0;4;101.0;['-batch-training', '-calc-rsi', '-verbose', '-prediction-mode=index', '-interval-list=30m', '-range-min-rsi=28', '-range-max-rsi=80', '-range-p-ema=50,250', '-target-margin-list=1.0,1.5,2.0,2.5,3.0,3.5,4.0,4.5,5.0', '-log-level=WARNING']
2023-11-26 20:11:38;UNIUSDT;30m;2.0;200;30;76;100.0;4;101.0;['-batch-training', '-calc-rsi', '-verbose', '-prediction-mode=index', '-interval-list=30m', '-range-min-rsi=28', '-range-max-rsi=80', '-range-p-ema=50,250', '-target-margin-list=1.0,1.5,2.0,2.5,3.0,3.5,4.0,4.5,5.0', '-log-level=WARNING']
2023-11-26 19:39:22;UNIUSDT;30m;2.0;125;30;76;100.0;4;101.0;['-batch-training', '-calc-rsi', '-verbose', '-prediction-mode=index', '-interval-list=30m', '-range-min-rsi=28', '-range-max-rsi=80', '-range-p-ema=50,250', '-target-margin-list=1.0,1.5,2.0,2.5,3.0,3.5,4.0,4.5,5.0', '-log-level=WARNING']
2023-11-26 20:51:20;UNIUSDT;30m;2.0;50;30;76;100.0;4;101.0;['-batch-training', '-calc-rsi', '-verbose', '-prediction-mode=index', '-interval-list=30m', '-range-min-rsi=28', '-range-max-rsi=80', '-range-p-ema=50,250', '-target-margin-list=1.0,1.5,2.0,2.5,3.0,3.5,4.0,4.5,5.0', '-log-level=WARNING']
2023-11-26 19:50:54;UNIUSDT;30m;2.0;150;30;76;100.0;4;101.0;['-batch-training', '-calc-rsi', '-verbose', '-prediction-mode=index', '-interval-list=30m', '-range-min-rsi=28', '-range-max-rsi=80', '-range-p-ema=50,250', '-target-margin-list=1.0,1.5,2.0,2.5,3.0,3.5,4.0,4.5,5.0', '-log-level=WARNING']
2023-11-26 19:25:42;UNIUSDT;30m;1.0;100;36;78;100.0;2;101.01;['-batch-training', '-calc-rsi', '-verbose', '-prediction-mode=index', '-interval-list=30m', '-range-min-rsi=28', '-range-max-rsi=80', '-range-p-ema=50,250', '-target-margin-list=1.0,1.5,2.0,2.5,3.0,3.5,4.0,4.5,5.0', '-log-level=WARNING']
2023-11-26 19:37:10;UNIUSDT;30m;1.0;125;36;78;100.0;2;101.01;['-batch-training', '-calc-rsi', '-verbose', '-prediction-mode=index', '-interval-list=30m', '-range-min-rsi=28', '-range-max-rsi=80', '-range-p-ema=50,250', '-target-margin-list=1.0,1.5,2.0,2.5,3.0,3.5,4.0,4.5,5.0', '-log-level=WARNING']
2023-11-26 20:11:53;UNIUSDT;30m;2.0;200;30;78;100.0;2;101.03;['-batch-training', '-calc-rsi', '-verbose', '-prediction-mode=index', '-interval-list=30m', '-range-min-rsi=28', '-range-max-rsi=80', '-range-p-ema=50,250', '-target-margin-list=1.0,1.5,2.0,2.5,3.0,3.5,4.0,4.5,5.0', '-log-level=WARNING']
2023-11-26 20:23:11;UNIUSDT;30m;1.5;225;28;80;100.0;2;101.03;['-batch-training', '-calc-rsi', '-verbose', '-prediction-mode=index', '-interval-list=30m', '-range-min-rsi=28', '-range-max-rsi=80', '-range-p-ema=50,250', '-target-margin-list=1.0,1.5,2.0,2.5,3.0,3.5,4.0,4.5,5.0', '-log-level=WARNING']
2023-11-26 19:38:32;UNIUSDT;30m;1.5;125;28;80;100.0;2;101.03;['-batch-training', '-calc-rsi', '-verbose', '-prediction-mode=index', '-interval-list=30m', '-range-min-rsi=28', '-range-max-rsi=80', '-range-p-ema=50,250', '-target-margin-list=1.0,1.5,2.0,2.5,3.0,3.5,4.0,4.5,5.0', '-log-level=WARNING']
2023-11-26 20:24:23;UNIUSDT;30m;2.0;225;30;78;100.0;2;101.03;['-batch-training', '-calc-rsi', '-verbose', '-prediction-mode=index', '-interval-list=30m', '-range-min-rsi=28', '-range-max-rsi=80', '-range-p-ema=50,250', '-target-margin-list=1.0,1.5,2.0,2.5,3.0,3.5,4.0,4.5,5.0', '-log-level=WARNING']
2023-11-26 20:10:46;UNIUSDT;30m;1.5;200;28;80;100.0;2;101.03;['-batch-training', '-calc-rsi', '-verbose', '-prediction-mode=index', '-interval-list=30m', '-range-min-rsi=28', '-range-max-rsi=80', '-range-p-ema=50,250', '-target-margin-list=1.0,1.5,2.0,2.5,3.0,3.5,4.0,4.5,5.0', '-log-level=WARNING']
2023-11-26 19:50:04;UNIUSDT;30m;1.5;150;28;80;100.0;2;101.03;['-batch-training', '-calc-rsi', '-verbose', '-prediction-mode=index', '-interval-list=30m', '-range-min-rsi=28', '-range-max-rsi=80', '-range-p-ema=50,250', '-target-margin-list=1.0,1.5,2.0,2.5,3.0,3.5,4.0,4.5,5.0', '-log-level=WARNING']
2023-11-26 21:05:23;UNIUSDT;30m;1.5;75;28;80;100.0;2;101.03;['-batch-training', '-calc-rsi', '-verbose', '-prediction-mode=index', '-interval-list=30m', '-range-min-rsi=28', '-range-max-rsi=80', '-range-p-ema=50,250', '-target-margin-list=1.0,1.5,2.0,2.5,3.0,3.5,4.0,4.5,5.0', '-log-level=WARNING']
2023-11-26 19:27:03;UNIUSDT;30m;1.5;100;28;80;100.0;2;101.03;['-batch-training', '-calc-rsi', '-verbose', '-prediction-mode=index', '-interval-list=30m', '-range-min-rsi=28', '-range-max-rsi=80', '-range-p-ema=50,250', '-target-margin-list=1.0,1.5,2.0,2.5,3.0,3.5,4.0,4.5,5.0', '-log-level=WARNING']
2023-11-26 20:00:34;UNIUSDT;30m;1.5;175;28;80;100.0;2;101.03;['-batch-training', '-calc-rsi', '-verbose', '-prediction-mode=index', '-interval-list=30m', '-range-min-rsi=28', '-range-max-rsi=80', '-range-p-ema=50,250', '-target-margin-list=1.0,1.5,2.0,2.5,3.0,3.5,4.0,4.5,5.0', '-log-level=WARNING']
2023-11-26 20:50:17;UNIUSDT;30m;1.5;50;28;80;100.0;2;101.03;['-batch-training', '-calc-rsi', '-verbose', '-prediction-mode=index', '-interval-list=30m', '-range-min-rsi=28', '-range-max-rsi=80', '-range-p-ema=50,250', '-target-margin-list=1.0,1.5,2.0,2.5,3.0,3.5,4.0,4.5,5.0', '-log-level=WARNING']
2023-11-26 20:01:31;UNIUSDT;30m;2.0;175;30;78;100.0;2;101.03;['-batch-training', '-calc-rsi', '-verbose', '-prediction-mode=index', '-interval-list=30m', '-range-min-rsi=28', '-range-max-rsi=80', '-range-p-ema=50,250', '-target-margin-list=1.0,1.5,2.0,2.5,3.0,3.5,4.0,4.5,5.0', '-log-level=WARNING']
2023-11-26 19:33:08;UNIUSDT;30m;4.0;100;28;78;100.0;2;101.04;['-batch-training', '-calc-rsi', '-verbose', '-prediction-mode=index', '-interval-list=30m', '-range-min-rsi=28', '-range-max-rsi=80', '-range-p-ema=50,250', '-target-margin-list=1.0,1.5,2.0,2.5,3.0,3.5,4.0,4.5,5.0', '-log-level=WARNING']
2023-11-26 19:24:55;UNIUSDT;30m;1.0;100;36;72;100.0;7;101.04;['-batch-training', '-calc-rsi', '-verbose', '-prediction-mode=index', '-interval-list=30m', '-range-min-rsi=28', '-range-max-rsi=80', '-range-p-ema=50,250', '-target-margin-list=1.0,1.5,2.0,2.5,3.0,3.5,4.0,4.5,5.0', '-log-level=WARNING']
2023-11-26 21:13:56;UNIUSDT;30m;4.0;75;28;78;100.0;2;101.04;['-batch-training', '-calc-rsi', '-verbose', '-prediction-mode=index', '-interval-list=30m', '-range-min-rsi=28', '-range-max-rsi=80', '-range-p-ema=50,250', '-target-margin-list=1.0,1.5,2.0,2.5,3.0,3.5,4.0,4.5,5.0', '-log-level=WARNING']
2023-11-26 20:30:08;UNIUSDT;30m;4.0;225;28;78;100.0;2;101.04;['-batch-training', '-calc-rsi', '-verbose', '-prediction-mode=index', '-interval-list=30m', '-range-min-rsi=28', '-range-max-rsi=80', '-range-p-ema=50,250', '-target-margin-list=1.0,1.5,2.0,2.5,3.0,3.5,4.0,4.5,5.0', '-log-level=WARNING']
2023-11-26 19:44:39;UNIUSDT;30m;4.0;125;28;78;100.0;2;101.04;['-batch-training', '-calc-rsi', '-verbose', '-prediction-mode=index', '-interval-list=30m', '-range-min-rsi=28', '-range-max-rsi=80', '-range-p-ema=50,250', '-target-margin-list=1.0,1.5,2.0,2.5,3.0,3.5,4.0,4.5,5.0', '-log-level=WARNING']
2023-11-26 20:17:13;UNIUSDT;30m;4.0;200;28;78;100.0;2;101.04;['-batch-training', '-calc-rsi', '-verbose', '-prediction-mode=index', '-interval-list=30m', '-range-min-rsi=28', '-range-max-rsi=80', '-range-p-ema=50,250', '-target-margin-list=1.0,1.5,2.0,2.5,3.0,3.5,4.0,4.5,5.0', '-log-level=WARNING']
2023-11-26 19:55:49;UNIUSDT;30m;4.0;150;28;78;100.0;2;101.04;['-batch-training', '-calc-rsi', '-verbose', '-prediction-mode=index', '-interval-list=30m', '-range-min-rsi=28', '-range-max-rsi=80', '-range-p-ema=50,250', '-target-margin-list=1.0,1.5,2.0,2.5,3.0,3.5,4.0,4.5,5.0', '-log-level=WARNING']
2023-11-26 20:05:54;UNIUSDT;30m;4.0;175;28;78;100.0;2;101.04;['-batch-training', '-calc-rsi', '-verbose', '-prediction-mode=index', '-interval-list=30m', '-range-min-rsi=28', '-range-max-rsi=80', '-range-p-ema=50,250', '-target-margin-list=1.0,1.5,2.0,2.5,3.0,3.5,4.0,4.5,5.0', '-log-level=WARNING']
2023-11-26 19:36:22;UNIUSDT;30m;1.0;125;36;72;100.0;7;101.04;['-batch-training', '-calc-rsi', '-verbose', '-prediction-mode=index', '-interval-list=30m', '-range-min-rsi=28', '-range-max-rsi=80', '-range-p-ema=50,250', '-target-margin-list=1.0,1.5,2.0,2.5,3.0,3.5,4.0,4.5,5.0', '-log-level=WARNING']
2023-11-26 20:43:42;UNIUSDT;30m;4.0;250;28;78;100.0;2;101.04;['-batch-training', '-calc-rsi', '-verbose', '-prediction-mode=index', '-interval-list=30m', '-range-min-rsi=28', '-range-max-rsi=80', '-range-p-ema=50,250', '-target-margin-list=1.0,1.5,2.0,2.5,3.0,3.5,4.0,4.5,5.0', '-log-level=WARNING']
2023-11-26 20:58:11;UNIUSDT;30m;4.0;50;28;78;100.0;2;101.04;['-batch-training', '-calc-rsi', '-verbose', '-prediction-mode=index', '-interval-list=30m', '-range-min-rsi=28', '-range-max-rsi=80', '-range-p-ema=50,250', '-target-margin-list=1.0,1.5,2.0,2.5,3.0,3.5,4.0,4.5,5.0', '-log-level=WARNING']
2023-11-26 19:28:11;UNIUSDT;30m;2.0;100;32;78;100.0;6;101.06;['-batch-training', '-calc-rsi', '-verbose', '-prediction-mode=index', '-interval-list=30m', '-range-min-rsi=28', '-range-max-rsi=80', '-range-p-ema=50,250', '-target-margin-list=1.0,1.5,2.0,2.5,3.0,3.5,4.0,4.5,5.0', '-log-level=WARNING']
2023-11-26 21:06:58;UNIUSDT;30m;2.0;75;32;78;100.0;6;101.06;['-batch-training', '-calc-rsi', '-verbose', '-prediction-mode=index', '-interval-list=30m', '-range-min-rsi=28', '-range-max-rsi=80', '-range-p-ema=50,250', '-target-margin-list=1.0,1.5,2.0,2.5,3.0,3.5,4.0,4.5,5.0', '-log-level=WARNING']
2023-11-26 19:39:41;UNIUSDT;30m;2.0;125;32;78;100.0;6;101.06;['-batch-training', '-calc-rsi', '-verbose', '-prediction-mode=index', '-interval-list=30m', '-range-min-rsi=28', '-range-max-rsi=80', '-range-p-ema=50,250', '-target-margin-list=1.0,1.5,2.0,2.5,3.0,3.5,4.0,4.5,5.0', '-log-level=WARNING']
2023-11-26 20:51:43;UNIUSDT;30m;2.0;50;32;78;100.0;6;101.06;['-batch-training', '-calc-rsi', '-verbose', '-prediction-mode=index', '-interval-list=30m', '-range-min-rsi=28', '-range-max-rsi=80', '-range-p-ema=50,250', '-target-margin-list=1.0,1.5,2.0,2.5,3.0,3.5,4.0,4.5,5.0', '-log-level=WARNING']
2023-11-26 20:48:27;UNIUSDT;30m;1.0;50;30;78;100.0;6;101.07;['-batch-training', '-calc-rsi', '-verbose', '-prediction-mode=index', '-interval-list=30m', '-range-min-rsi=28', '-range-max-rsi=80', '-range-p-ema=50,250', '-target-margin-list=1.0,1.5,2.0,2.5,3.0,3.5,4.0,4.5,5.0', '-log-level=WARNING']
2023-11-26 20:25:26;UNIUSDT;30m;2.5;225;36;74;100.0;2;101.07;['-batch-training', '-calc-rsi', '-verbose', '-prediction-mode=index', '-interval-list=30m', '-range-min-rsi=28', '-range-max-rsi=80', '-range-p-ema=50,250', '-target-margin-list=1.0,1.5,2.0,2.5,3.0,3.5,4.0,4.5,5.0', '-log-level=WARNING']
2023-11-26 19:37:01;UNIUSDT;30m;1.0;125;30;78;100.0;6;101.07;['-batch-training', '-calc-rsi', '-verbose', '-prediction-mode=index', '-interval-list=30m', '-range-min-rsi=28', '-range-max-rsi=80', '-range-p-ema=50,250', '-target-margin-list=1.0,1.5,2.0,2.5,3.0,3.5,4.0,4.5,5.0', '-log-level=WARNING']
2023-11-26 19:48:34;UNIUSDT;30m;1.0;150;30;78;100.0;6;101.07;['-batch-training', '-calc-rsi', '-verbose', '-prediction-mode=index', '-interval-list=30m', '-range-min-rsi=28', '-range-max-rsi=80', '-range-p-ema=50,250', '-target-margin-list=1.0,1.5,2.0,2.5,3.0,3.5,4.0,4.5,5.0', '-log-level=WARNING']
2023-11-26 19:25:33;UNIUSDT;30m;1.0;100;30;78;100.0;6;101.07;['-batch-training', '-calc-rsi', '-verbose', '-prediction-mode=index', '-interval-list=30m', '-range-min-rsi=28', '-range-max-rsi=80', '-range-p-ema=50,250', '-target-margin-list=1.0,1.5,2.0,2.5,3.0,3.5,4.0,4.5,5.0', '-log-level=WARNING']
2023-11-26 21:03:18;UNIUSDT;30m;1.0;75;30;78;100.0;6;101.07;['-batch-training', '-calc-rsi', '-verbose', '-prediction-mode=index', '-interval-list=30m', '-range-min-rsi=28', '-range-max-rsi=80', '-range-p-ema=50,250', '-target-margin-list=1.0,1.5,2.0,2.5,3.0,3.5,4.0,4.5,5.0', '-log-level=WARNING']
2023-11-26 19:59:51;UNIUSDT;30m;1.5;175;36;72;100.0;2;101.08;['-batch-training', '-calc-rsi', '-verbose', '-prediction-mode=index', '-interval-list=30m', '-range-min-rsi=28', '-range-max-rsi=80', '-range-p-ema=50,250', '-target-margin-list=1.0,1.5,2.0,2.5,3.0,3.5,4.0,4.5,5.0', '-log-level=WARNING']
2023-11-26 20:22:01;UNIUSDT;30m;1.5;225;28;72;100.0;5;101.08;['-batch-training', '-calc-rsi', '-verbose', '-prediction-mode=index', '-interval-list=30m', '-range-min-rsi=28', '-range-max-rsi=80', '-range-p-ema=50,250', '-target-margin-list=1.0,1.5,2.0,2.5,3.0,3.5,4.0,4.5,5.0', '-log-level=WARNING']
2023-11-26 20:52:38;UNIUSDT;30m;2.5;50;30;74;100.0;5;101.09;['-batch-training', '-calc-rsi', '-verbose', '-prediction-mode=index', '-interval-list=30m', '-range-min-rsi=28', '-range-max-rsi=80', '-range-p-ema=50,250', '-target-margin-list=1.0,1.5,2.0,2.5,3.0,3.5,4.0,4.5,5.0', '-log-level=WARNING']
2023-11-26 20:09:56;UNIUSDT;30m;1.5;200;36;72;100.0;2;101.09;['-batch-training', '-calc-rsi', '-verbose', '-prediction-mode=index', '-interval-list=30m', '-range-min-rsi=28', '-range-max-rsi=80', '-range-p-ema=50,250', '-target-margin-list=1.0,1.5,2.0,2.5,3.0,3.5,4.0,4.5,5.0', '-log-level=WARNING']
2023-11-26 20:10:15;UNIUSDT;30m;1.5;200;28;76;100.0;7;101.09;['-batch-training', '-calc-rsi', '-verbose', '-prediction-mode=index', '-interval-list=30m', '-range-min-rsi=28', '-range-max-rsi=80', '-range-p-ema=50,250', '-target-margin-list=1.0,1.5,2.0,2.5,3.0,3.5,4.0,4.5,5.0', '-log-level=WARNING']
2023-11-26 20:02:12;UNIUSDT;30m;2.5;175;30;74;100.0;5;101.09;['-batch-training', '-calc-rsi', '-verbose', '-prediction-mode=index', '-interval-list=30m', '-range-min-rsi=28', '-range-max-rsi=80', '-range-p-ema=50,250', '-target-margin-list=1.0,1.5,2.0,2.5,3.0,3.5,4.0,4.5,5.0', '-log-level=WARNING']
2023-11-26 19:49:33;UNIUSDT;30m;1.5;150;28;76;100.0;7;101.09;['-batch-training', '-calc-rsi', '-verbose', '-prediction-mode=index', '-interval-list=30m', '-range-min-rsi=28', '-range-max-rsi=80', '-range-p-ema=50,250', '-target-margin-list=1.0,1.5,2.0,2.5,3.0,3.5,4.0,4.5,5.0', '-log-level=WARNING']
2023-11-26 20:22:36;UNIUSDT;30m;1.5;225;28;76;100.0;7;101.09;['-batch-training', '-calc-rsi', '-verbose', '-prediction-mode=index', '-interval-list=30m', '-range-min-rsi=28', '-range-max-rsi=80', '-range-p-ema=50,250', '-target-margin-list=1.0,1.5,2.0,2.5,3.0,3.5,4.0,4.5,5.0', '-log-level=WARNING']
2023-11-26 20:35:03;UNIUSDT;30m;1.0;250;34;80;100.0;3;101.09;['-batch-training', '-calc-rsi', '-verbose', '-prediction-mode=index', '-interval-list=30m', '-range-min-rsi=28', '-range-max-rsi=80', '-range-p-ema=50,250', '-target-margin-list=1.0,1.5,2.0,2.5,3.0,3.5,4.0,4.5,5.0', '-log-level=WARNING']
2023-11-26 20:00:07;UNIUSDT;30m;1.5;175;28;76;100.0;7;101.09;['-batch-training', '-calc-rsi', '-verbose', '-prediction-mode=index', '-interval-list=30m', '-range-min-rsi=28', '-range-max-rsi=80', '-range-p-ema=50,250', '-target-margin-list=1.0,1.5,2.0,2.5,3.0,3.5,4.0,4.5,5.0', '-log-level=WARNING']
2023-11-26 21:08:01;UNIUSDT;30m;2.5;75;30;74;100.0;5;101.09;['-batch-training', '-calc-rsi', '-verbose', '-prediction-mode=index', '-interval-list=30m', '-range-min-rsi=28', '-range-max-rsi=80', '-range-p-ema=50,250', '-target-margin-list=1.0,1.5,2.0,2.5,3.0,3.5,4.0,4.5,5.0', '-log-level=WARNING']
2023-11-26 19:26:32;UNIUSDT;30m;1.5;100;28;76;100.0;7;101.09;['-batch-training', '-calc-rsi', '-verbose', '-prediction-mode=index', '-interval-list=30m', '-range-min-rsi=28', '-range-max-rsi=80', '-range-p-ema=50,250', '-target-margin-list=1.0,1.5,2.0,2.5,3.0,3.5,4.0,4.5,5.0', '-log-level=WARNING']
2023-11-26 20:25:16;UNIUSDT;30m;2.5;225;30;74;100.0;5;101.09;['-batch-training', '-calc-rsi', '-verbose', '-prediction-mode=index', '-interval-list=30m', '-range-min-rsi=28', '-range-max-rsi=80', '-range-p-ema=50,250', '-target-margin-list=1.0,1.5,2.0,2.5,3.0,3.5,4.0,4.5,5.0', '-log-level=WARNING']
2023-11-26 19:38:01;UNIUSDT;30m;1.5;125;28;76;100.0;7;101.09;['-batch-training', '-calc-rsi', '-verbose', '-prediction-mode=index', '-interval-list=30m', '-range-min-rsi=28', '-range-max-rsi=80', '-range-p-ema=50,250', '-target-margin-list=1.0,1.5,2.0,2.5,3.0,3.5,4.0,4.5,5.0', '-log-level=WARNING']
2023-11-26 19:51:56;UNIUSDT;30m;2.5;150;30;74;100.0;5;101.09;['-batch-training', '-calc-rsi', '-verbose', '-prediction-mode=index', '-interval-list=30m', '-range-min-rsi=28', '-range-max-rsi=80', '-range-p-ema=50,250', '-target-margin-list=1.0,1.5,2.0,2.5,3.0,3.5,4.0,4.5,5.0', '-log-level=WARNING']
2023-11-26 20:12:40;UNIUSDT;30m;2.5;200;30;74;100.0;5;101.09;['-batch-training', '-calc-rsi', '-verbose', '-prediction-mode=index', '-interval-list=30m', '-range-min-rsi=28', '-range-max-rsi=80', '-range-p-ema=50,250', '-target-margin-list=1.0,1.5,2.0,2.5,3.0,3.5,4.0,4.5,5.0', '-log-level=WARNING']
2023-11-26 20:22:49;UNIUSDT;30m;1.5;225;36;76;100.0;2;101.09;['-batch-training', '-calc-rsi', '-verbose', '-prediction-mode=index', '-interval-list=30m', '-range-min-rsi=28', '-range-max-rsi=80', '-range-p-ema=50,250', '-target-margin-list=1.0,1.5,2.0,2.5,3.0,3.5,4.0,4.5,5.0', '-log-level=WARNING']
2023-11-26 19:28:56;UNIUSDT;30m;2.5;100;30;74;100.0;5;101.09;['-batch-training', '-calc-rsi', '-verbose', '-prediction-mode=index', '-interval-list=30m', '-range-min-rsi=28', '-range-max-rsi=80', '-range-p-ema=50,250', '-target-margin-list=1.0,1.5,2.0,2.5,3.0,3.5,4.0,4.5,5.0', '-log-level=WARNING']
2023-11-26 20:49:39;UNIUSDT;30m;1.5;50;28;76;100.0;7;101.09;['-batch-training', '-calc-rsi', '-verbose', '-prediction-mode=index', '-interval-list=30m', '-range-min-rsi=28', '-range-max-rsi=80', '-range-p-ema=50,250', '-target-margin-list=1.0,1.5,2.0,2.5,3.0,3.5,4.0,4.5,5.0', '-log-level=WARNING']
2023-11-26 19:40:24;UNIUSDT;30m;2.5;125;30;74;100.0;5;101.09;['-batch-training', '-calc-rsi', '-verbose', '-prediction-mode=index', '-interval-list=30m', '-range-min-rsi=28', '-range-max-rsi=80', '-range-p-ema=50,250', '-target-margin-list=1.0,1.5,2.0,2.5,3.0,3.5,4.0,4.5,5.0', '-log-level=WARNING']
2023-11-26 21:04:39;UNIUSDT;30m;1.5;75;28;76;100.0;7;101.09;['-batch-training', '-calc-rsi', '-verbose', '-prediction-mode=index', '-interval-list=30m', '-range-min-rsi=28', '-range-max-rsi=80', '-range-p-ema=50,250', '-target-margin-list=1.0,1.5,2.0,2.5,3.0,3.5,4.0,4.5,5.0', '-log-level=WARNING']
2023-11-26 20:23:53;UNIUSDT;30m;2.0;225;32;74;100.0;5;101.11;['-batch-training', '-calc-rsi', '-verbose', '-prediction-mode=index', '-interval-list=30m', '-range-min-rsi=28', '-range-max-rsi=80', '-range-p-ema=50,250', '-target-margin-list=1.0,1.5,2.0,2.5,3.0,3.5,4.0,4.5,5.0', '-log-level=WARNING']
2023-11-26 20:11:25;UNIUSDT;30m;2.0;200;32;74;100.0;5;101.11;['-batch-training', '-calc-rsi', '-verbose', '-prediction-mode=index', '-interval-list=30m', '-range-min-rsi=28', '-range-max-rsi=80', '-range-p-ema=50,250', '-target-margin-list=1.0,1.5,2.0,2.5,3.0,3.5,4.0,4.5,5.0', '-log-level=WARNING']
2023-11-26 21:07:48;UNIUSDT;30m;2.5;75;34;72;100.0;6;101.12;['-batch-training', '-calc-rsi', '-verbose', '-prediction-mode=index', '-interval-list=30m', '-range-min-rsi=28', '-range-max-rsi=80', '-range-p-ema=50,250', '-target-margin-list=1.0,1.5,2.0,2.5,3.0,3.5,4.0,4.5,5.0', '-log-level=WARNING']
2023-11-26 19:28:47;UNIUSDT;30m;2.5;100;34;72;100.0;6;101.12;['-batch-training', '-calc-rsi', '-verbose', '-prediction-mode=index', '-interval-list=30m', '-range-min-rsi=28', '-range-max-rsi=80', '-range-p-ema=50,250', '-target-margin-list=1.0,1.5,2.0,2.5,3.0,3.5,4.0,4.5,5.0', '-log-level=WARNING']
2023-11-26 19:40:15;UNIUSDT;30m;2.5;125;34;72;100.0;6;101.12;['-batch-training', '-calc-rsi', '-verbose', '-prediction-mode=index', '-interval-list=30m', '-range-min-rsi=28', '-range-max-rsi=80', '-range-p-ema=50,250', '-target-margin-list=1.0,1.5,2.0,2.5,3.0,3.5,4.0,4.5,5.0', '-log-level=WARNING']
2023-11-26 20:52:27;UNIUSDT;30m;2.5;50;34;72;100.0;6;101.12;['-batch-training', '-calc-rsi', '-verbose', '-prediction-mode=index', '-interval-list=30m', '-range-min-rsi=28', '-range-max-rsi=80', '-range-p-ema=50,250', '-target-margin-list=1.0,1.5,2.0,2.5,3.0,3.5,4.0,4.5,5.0', '-log-level=WARNING']
2023-11-26 20:33:53;UNIUSDT;30m;1.0;250;36;72;100.0;5;101.13;['-batch-training', '-calc-rsi', '-verbose', '-prediction-mode=index', '-interval-list=30m', '-range-min-rsi=28', '-range-max-rsi=80', '-range-p-ema=50,250', '-target-margin-list=1.0,1.5,2.0,2.5,3.0,3.5,4.0,4.5,5.0', '-log-level=WARNING']
2023-11-26 20:37:48;UNIUSDT;30m;2.0;250;36;78;100.0;6;101.14;['-batch-training', '-calc-rsi', '-verbose', '-prediction-mode=index', '-interval-list=30m', '-range-min-rsi=28', '-range-max-rsi=80', '-range-p-ema=50,250', '-target-margin-list=1.0,1.5,2.0,2.5,3.0,3.5,4.0,4.5,5.0', '-log-level=WARNING']
2023-11-26 19:26:51;UNIUSDT;30m;1.5;100;30;78;100.0;5;101.15;['-batch-training', '-calc-rsi', '-verbose', '-prediction-mode=index', '-interval-list=30m', '-range-min-rsi=28', '-range-max-rsi=80', '-range-p-ema=50,250', '-target-margin-list=1.0,1.5,2.0,2.5,3.0,3.5,4.0,4.5,5.0', '-log-level=WARNING']
2023-11-26 19:49:52;UNIUSDT;30m;1.5;150;30;78;100.0;5;101.15;['-batch-training', '-calc-rsi', '-verbose', '-prediction-mode=index', '-interval-list=30m', '-range-min-rsi=28', '-range-max-rsi=80', '-range-p-ema=50,250', '-target-margin-list=1.0,1.5,2.0,2.5,3.0,3.5,4.0,4.5,5.0', '-log-level=WARNING']
2023-11-26 20:50:02;UNIUSDT;30m;1.5;50;30;78;100.0;5;101.15;['-batch-training', '-calc-rsi', '-verbose', '-prediction-mode=index', '-interval-list=30m', '-range-min-rsi=28', '-range-max-rsi=80', '-range-p-ema=50,250', '-target-margin-list=1.0,1.5,2.0,2.5,3.0,3.5,4.0,4.5,5.0', '-log-level=WARNING']
2023-11-26 19:38:20;UNIUSDT;30m;1.5;125;30;78;100.0;5;101.15;['-batch-training', '-calc-rsi', '-verbose', '-prediction-mode=index', '-interval-list=30m', '-range-min-rsi=28', '-range-max-rsi=80', '-range-p-ema=50,250', '-target-margin-list=1.0,1.5,2.0,2.5,3.0,3.5,4.0,4.5,5.0', '-log-level=WARNING']
2023-11-26 21:05:06;UNIUSDT;30m;1.5;75;30;78;100.0;5;101.15;['-batch-training', '-calc-rsi', '-verbose', '-prediction-mode=index', '-interval-list=30m', '-range-min-rsi=28', '-range-max-rsi=80', '-range-p-ema=50,250', '-target-margin-list=1.0,1.5,2.0,2.5,3.0,3.5,4.0,4.5,5.0', '-log-level=WARNING']
2023-11-26 20:35:03;UNIUSDT;30m;1.0;250;34;80;100.0;5;101.15;['-batch-training', '-calc-rsi', '-verbose', '-prediction-mode=index', '-interval-list=30m', '-range-min-rsi=28', '-range-max-rsi=80', '-range-p-ema=50,250', '-target-margin-list=1.0,1.5,2.0,2.5,3.0,3.5,4.0,4.5,5.0', '-log-level=WARNING']
2023-11-26 20:48:49;UNIUSDT;30m;1.0;50;32;80;100.0;7;101.19;['-batch-training', '-calc-rsi', '-verbose', '-prediction-mode=index', '-interval-list=30m', '-range-min-rsi=28', '-range-max-rsi=80', '-range-p-ema=50,250', '-target-margin-list=1.0,1.5,2.0,2.5,3.0,3.5,4.0,4.5,5.0', '-log-level=WARNING']
2023-11-26 19:37:20;UNIUSDT;30m;1.0;125;32;80;100.0;7;101.19;['-batch-training', '-calc-rsi', '-verbose', '-prediction-mode=index', '-interval-list=30m', '-range-min-rsi=28', '-range-max-rsi=80', '-range-p-ema=50,250', '-target-margin-list=1.0,1.5,2.0,2.5,3.0,3.5,4.0,4.5,5.0', '-log-level=WARNING']
2023-11-26 19:25:52;UNIUSDT;30m;1.0;100;32;80;100.0;7;101.19;['-batch-training', '-calc-rsi', '-verbose', '-prediction-mode=index', '-interval-list=30m', '-range-min-rsi=28', '-range-max-rsi=80', '-range-p-ema=50,250', '-target-margin-list=1.0,1.5,2.0,2.5,3.0,3.5,4.0,4.5,5.0', '-log-level=WARNING']
2023-11-26 21:03:44;UNIUSDT;30m;1.0;75;32;80;100.0;7;101.19;['-batch-training', '-calc-rsi', '-verbose', '-prediction-mode=index', '-interval-list=30m', '-range-min-rsi=28', '-range-max-rsi=80', '-range-p-ema=50,250', '-target-margin-list=1.0,1.5,2.0,2.5,3.0,3.5,4.0,4.5,5.0', '-log-level=WARNING']
2023-11-26 19:50:32;UNIUSDT;30m;2.0;150;36;72;100.0;7;101.21;['-batch-training', '-calc-rsi', '-verbose', '-prediction-mode=index', '-interval-list=30m', '-range-min-rsi=28', '-range-max-rsi=80', '-range-p-ema=50,250', '-target-margin-list=1.0,1.5,2.0,2.5,3.0,3.5,4.0,4.5,5.0', '-log-level=WARNING']
2023-11-26 19:26:26;UNIUSDT;30m;1.5;100;34;74;100.0;7;101.22;['-batch-training', '-calc-rsi', '-verbose', '-prediction-mode=index', '-interval-list=30m', '-range-min-rsi=28', '-range-max-rsi=80', '-range-p-ema=50,250', '-target-margin-list=1.0,1.5,2.0,2.5,3.0,3.5,4.0,4.5,5.0', '-log-level=WARNING']
2023-11-26 21:04:31;UNIUSDT;30m;1.5;75;34;74;100.0;7;101.22;['-batch-training', '-calc-rsi', '-verbose', '-prediction-mode=index', '-interval-list=30m', '-range-min-rsi=28', '-range-max-rsi=80', '-range-p-ema=50,250', '-target-margin-list=1.0,1.5,2.0,2.5,3.0,3.5,4.0,4.5,5.0', '-log-level=WARNING']
2023-11-26 19:48:49;UNIUSDT;30m;1.0;150;30;80;100.0;5;101.22;['-batch-training', '-calc-rsi', '-verbose', '-prediction-mode=index', '-interval-list=30m', '-range-min-rsi=28', '-range-max-rsi=80', '-range-p-ema=50,250', '-target-margin-list=1.0,1.5,2.0,2.5,3.0,3.5,4.0,4.5,5.0', '-log-level=WARNING']
2023-11-26 19:37:55;UNIUSDT;30m;1.5;125;34;74;100.0;7;101.22;['-batch-training', '-calc-rsi', '-verbose', '-prediction-mode=index', '-interval-list=30m', '-range-min-rsi=28', '-range-max-rsi=80', '-range-p-ema=50,250', '-target-margin-list=1.0,1.5,2.0,2.5,3.0,3.5,4.0,4.5,5.0', '-log-level=WARNING']
2023-11-26 20:48:45;UNIUSDT;30m;1.0;50;30;80;100.0;5;101.22;['-batch-training', '-calc-rsi', '-verbose', '-prediction-mode=index', '-interval-list=30m', '-range-min-rsi=28', '-range-max-rsi=80', '-range-p-ema=50,250', '-target-margin-list=1.0,1.5,2.0,2.5,3.0,3.5,4.0,4.5,5.0', '-log-level=WARNING']
2023-11-26 19:37:17;UNIUSDT;30m;1.0;125;30;80;100.0;5;101.22;['-batch-training', '-calc-rsi', '-verbose', '-prediction-mode=index', '-interval-list=30m', '-range-min-rsi=28', '-range-max-rsi=80', '-range-p-ema=50,250', '-target-margin-list=1.0,1.5,2.0,2.5,3.0,3.5,4.0,4.5,5.0', '-log-level=WARNING']
2023-11-26 19:25:48;UNIUSDT;30m;1.0;100;30;80;100.0;5;101.22;['-batch-training', '-calc-rsi', '-verbose', '-prediction-mode=index', '-interval-list=30m', '-range-min-rsi=28', '-range-max-rsi=80', '-range-p-ema=50,250', '-target-margin-list=1.0,1.5,2.0,2.5,3.0,3.5,4.0,4.5,5.0', '-log-level=WARNING']
2023-11-26 21:03:40;UNIUSDT;30m;1.0;75;30;80;100.0;5;101.22;['-batch-training', '-calc-rsi', '-verbose', '-prediction-mode=index', '-interval-list=30m', '-range-min-rsi=28', '-range-max-rsi=80', '-range-p-ema=50,250', '-target-margin-list=1.0,1.5,2.0,2.5,3.0,3.5,4.0,4.5,5.0', '-log-level=WARNING']
2023-11-26 20:49:32;UNIUSDT;30m;1.5;50;34;74;100.0;7;101.22;['-batch-training', '-calc-rsi', '-verbose', '-prediction-mode=index', '-interval-list=30m', '-range-min-rsi=28', '-range-max-rsi=80', '-range-p-ema=50,250', '-target-margin-list=1.0,1.5,2.0,2.5,3.0,3.5,4.0,4.5,5.0', '-log-level=WARNING']
2023-11-26 20:25:53;UNIUSDT;30m;2.5;225;32;78;100.0;5;101.23;['-batch-training', '-calc-rsi', '-verbose', '-prediction-mode=index', '-interval-list=30m', '-range-min-rsi=28', '-range-max-rsi=80', '-range-p-ema=50,250', '-target-margin-list=1.0,1.5,2.0,2.5,3.0,3.5,4.0,4.5,5.0', '-log-level=WARNING']
2023-11-26 20:13:16;UNIUSDT;30m;2.5;200;32;78;100.0;5;101.23;['-batch-training', '-calc-rsi', '-verbose', '-prediction-mode=index', '-interval-list=30m', '-range-min-rsi=28', '-range-max-rsi=80', '-range-p-ema=50,250', '-target-margin-list=1.0,1.5,2.0,2.5,3.0,3.5,4.0,4.5,5.0', '-log-level=WARNING']
2023-11-26 20:37:01;UNIUSDT;30m;2.0;250;30;74;100.0;4;101.24;['-batch-training', '-calc-rsi', '-verbose', '-prediction-mode=index', '-interval-list=30m', '-range-min-rsi=28', '-range-max-rsi=80', '-range-p-ema=50,250', '-target-margin-list=1.0,1.5,2.0,2.5,3.0,3.5,4.0,4.5,5.0', '-log-level=WARNING']
2023-11-26 20:24:17;UNIUSDT;30m;2.0;225;36;76;100.0;3;101.25;['-batch-training', '-calc-rsi', '-verbose', '-prediction-mode=index', '-interval-list=30m', '-range-min-rsi=28', '-range-max-rsi=80', '-range-p-ema=50,250', '-target-margin-list=1.0,1.5,2.0,2.5,3.0,3.5,4.0,4.5,5.0', '-log-level=WARNING']
2023-11-26 19:38:26;UNIUSDT;30m;1.5;125;34;78;100.0;7;101.26;['-batch-training', '-calc-rsi', '-verbose', '-prediction-mode=index', '-interval-list=30m', '-range-min-rsi=28', '-range-max-rsi=80', '-range-p-ema=50,250', '-target-margin-list=1.0,1.5,2.0,2.5,3.0,3.5,4.0,4.5,5.0', '-log-level=WARNING']
2023-11-26 21:05:15;UNIUSDT;30m;1.5;75;34;78;100.0;7;101.26;['-batch-training', '-calc-rsi', '-verbose', '-prediction-mode=index', '-interval-list=30m', '-range-min-rsi=28', '-range-max-rsi=80', '-range-p-ema=50,250', '-target-margin-list=1.0,1.5,2.0,2.5,3.0,3.5,4.0,4.5,5.0', '-log-level=WARNING']
2023-11-26 19:26:57;UNIUSDT;30m;1.5;100;34;78;100.0;7;101.26;['-batch-training', '-calc-rsi', '-verbose', '-prediction-mode=index', '-interval-list=30m', '-range-min-rsi=28', '-range-max-rsi=80', '-range-p-ema=50,250', '-target-margin-list=1.0,1.5,2.0,2.5,3.0,3.5,4.0,4.5,5.0', '-log-level=WARNING']
2023-11-26 20:50:10;UNIUSDT;30m;1.5;50;34;78;100.0;7;101.26;['-batch-training', '-calc-rsi', '-verbose', '-prediction-mode=index', '-interval-list=30m', '-range-min-rsi=28', '-range-max-rsi=80', '-range-p-ema=50,250', '-target-margin-list=1.0,1.5,2.0,2.5,3.0,3.5,4.0,4.5,5.0', '-log-level=WARNING']
2023-11-26 21:06:24;UNIUSDT;30m;2.0;75;36;74;100.0;7;101.29;['-batch-training', '-calc-rsi', '-verbose', '-prediction-mode=index', '-interval-list=30m', '-range-min-rsi=28', '-range-max-rsi=80', '-range-p-ema=50,250', '-target-margin-list=1.0,1.5,2.0,2.5,3.0,3.5,4.0,4.5,5.0', '-log-level=WARNING']
2023-11-26 20:02:20;UNIUSDT;30m;2.5;175;36;74;100.0;2;101.29;['-batch-training', '-calc-rsi', '-verbose', '-prediction-mode=index', '-interval-list=30m', '-range-min-rsi=28', '-range-max-rsi=80', '-range-p-ema=50,250', '-target-margin-list=1.0,1.5,2.0,2.5,3.0,3.5,4.0,4.5,5.0', '-log-level=WARNING']
2023-11-26 19:27:47;UNIUSDT;30m;2.0;100;36;74;100.0;7;101.29;['-batch-training', '-calc-rsi', '-verbose', '-prediction-mode=index', '-interval-list=30m', '-range-min-rsi=28', '-range-max-rsi=80', '-range-p-ema=50,250', '-target-margin-list=1.0,1.5,2.0,2.5,3.0,3.5,4.0,4.5,5.0', '-log-level=WARNING']
2023-11-26 20:51:12;UNIUSDT;30m;2.0;50;36;74;100.0;7;101.29;['-batch-training', '-calc-rsi', '-verbose', '-prediction-mode=index', '-interval-list=30m', '-range-min-rsi=28', '-range-max-rsi=80', '-range-p-ema=50,250', '-target-margin-list=1.0,1.5,2.0,2.5,3.0,3.5,4.0,4.5,5.0', '-log-level=WARNING']
2023-11-26 19:39:16;UNIUSDT;30m;2.0;125;36;74;100.0;7;101.29;['-batch-training', '-calc-rsi', '-verbose', '-prediction-mode=index', '-interval-list=30m', '-range-min-rsi=28', '-range-max-rsi=80', '-range-p-ema=50,250', '-target-margin-list=1.0,1.5,2.0,2.5,3.0,3.5,4.0,4.5,5.0', '-log-level=WARNING']
2023-11-26 19:47:43;UNIUSDT;30m;1.0;150;28;72;100.0;7;101.3;['-batch-training', '-calc-rsi', '-verbose', '-prediction-mode=index', '-interval-list=30m', '-range-min-rsi=28', '-range-max-rsi=80', '-range-p-ema=50,250', '-target-margin-list=1.0,1.5,2.0,2.5,3.0,3.5,4.0,4.5,5.0', '-log-level=WARNING']
2023-11-26 20:24:20;UNIUSDT;30m;2.0;225;28;78;100.0;3;101.3;['-batch-training', '-calc-rsi', '-verbose', '-prediction-mode=index', '-interval-list=30m', '-range-min-rsi=28', '-range-max-rsi=80', '-range-p-ema=50,250', '-target-margin-list=1.0,1.5,2.0,2.5,3.0,3.5,4.0,4.5,5.0', '-log-level=WARNING']
2023-11-26 20:20:34;UNIUSDT;30m;1.0;225;28;72;100.0;7;101.3;['-batch-training', '-calc-rsi', '-verbose', '-prediction-mode=index', '-interval-list=30m', '-range-min-rsi=28', '-range-max-rsi=80', '-range-p-ema=50,250', '-target-margin-list=1.0,1.5,2.0,2.5,3.0,3.5,4.0,4.5,5.0', '-log-level=WARNING']
2023-11-26 19:39:34;UNIUSDT;30m;2.0;125;28;78;100.0;3;101.3;['-batch-training', '-calc-rsi', '-verbose', '-prediction-mode=index', '-interval-list=30m', '-range-min-rsi=28', '-range-max-rsi=80', '-range-p-ema=50,250', '-target-margin-list=1.0,1.5,2.0,2.5,3.0,3.5,4.0,4.5,5.0', '-log-level=WARNING']
2023-11-26 19:24:42;UNIUSDT;30m;1.0;100;28;72;100.0;7;101.3;['-batch-training', '-calc-rsi', '-verbose', '-prediction-mode=index', '-interval-list=30m', '-range-min-rsi=28', '-range-max-rsi=80', '-range-p-ema=50,250', '-target-margin-list=1.0,1.5,2.0,2.5,3.0,3.5,4.0,4.5,5.0', '-log-level=WARNING']
2023-11-26 20:11:50;UNIUSDT;30m;2.0;200;28;78;100.0;3;101.3;['-batch-training', '-calc-rsi', '-verbose', '-prediction-mode=index', '-interval-list=30m', '-range-min-rsi=28', '-range-max-rsi=80', '-range-p-ema=50,250', '-target-margin-list=1.0,1.5,2.0,2.5,3.0,3.5,4.0,4.5,5.0', '-log-level=WARNING']
2023-11-26 19:59:59;UNIUSDT;30m;1.5;175;32;74;100.0;6;101.3;['-batch-training', '-calc-rsi', '-verbose', '-prediction-mode=index', '-interval-list=30m', '-range-min-rsi=28', '-range-max-rsi=80', '-range-p-ema=50,250', '-target-margin-list=1.0,1.5,2.0,2.5,3.0,3.5,4.0,4.5,5.0', '-log-level=WARNING']
2023-11-26 21:06:50;UNIUSDT;30m;2.0;75;28;78;100.0;3;101.3;['-batch-training', '-calc-rsi', '-verbose', '-prediction-mode=index', '-interval-list=30m', '-range-min-rsi=28', '-range-max-rsi=80', '-range-p-ema=50,250', '-target-margin-list=1.0,1.5,2.0,2.5,3.0,3.5,4.0,4.5,5.0', '-log-level=WARNING']
2023-11-26 19:58:30;UNIUSDT;30m;1.0;175;28;72;100.0;7;101.3;['-batch-training', '-calc-rsi', '-verbose', '-prediction-mode=index', '-interval-list=30m', '-range-min-rsi=28', '-range-max-rsi=80', '-range-p-ema=50,250', '-target-margin-list=1.0,1.5,2.0,2.5,3.0,3.5,4.0,4.5,5.0', '-log-level=WARNING']
2023-11-26 21:02:12;UNIUSDT;30m;1.0;75;28;72;100.0;7;101.3;['-batch-training', '-calc-rsi', '-verbose', '-prediction-mode=index', '-interval-list=30m', '-range-min-rsi=28', '-range-max-rsi=80', '-range-p-ema=50,250', '-target-margin-list=1.0,1.5,2.0,2.5,3.0,3.5,4.0,4.5,5.0', '-log-level=WARNING']
2023-11-26 19:28:05;UNIUSDT;30m;2.0;100;28;78;100.0;3;101.3;['-batch-training', '-calc-rsi', '-verbose', '-prediction-mode=index', '-interval-list=30m', '-range-min-rsi=28', '-range-max-rsi=80', '-range-p-ema=50,250', '-target-margin-list=1.0,1.5,2.0,2.5,3.0,3.5,4.0,4.5,5.0', '-log-level=WARNING']
2023-11-26 19:49:24;UNIUSDT;30m;1.5;150;32;74;100.0;6;101.3;['-batch-training', '-calc-rsi', '-verbose', '-prediction-mode=index', '-interval-list=30m', '-range-min-rsi=28', '-range-max-rsi=80', '-range-p-ema=50,250', '-target-margin-list=1.0,1.5,2.0,2.5,3.0,3.5,4.0,4.5,5.0', '-log-level=WARNING']
2023-11-26 20:39:40;UNIUSDT;30m;3.0;250;28;72;100.0;2;101.3;['-batch-training', '-calc-rsi', '-verbose', '-prediction-mode=index', '-interval-list=30m', '-range-min-rsi=28', '-range-max-rsi=80', '-range-p-ema=50,250', '-target-margin-list=1.0,1.5,2.0,2.5,3.0,3.5,4.0,4.5,5.0', '-log-level=WARNING']
2023-11-26 19:36:09;UNIUSDT;30m;1.0;125;28;72;100.0;7;101.3;['-batch-training', '-calc-rsi', '-verbose', '-prediction-mode=index', '-interval-list=30m', '-range-min-rsi=28', '-range-max-rsi=80', '-range-p-ema=50,250', '-target-margin-list=1.0,1.5,2.0,2.5,3.0,3.5,4.0,4.5,5.0', '-log-level=WARNING']
2023-11-26 20:47:26;UNIUSDT;30m;1.0;50;28;72;100.0;7;101.3;['-batch-training', '-calc-rsi', '-verbose', '-prediction-mode=index', '-interval-list=30m', '-range-min-rsi=28', '-range-max-rsi=80', '-range-p-ema=50,250', '-target-margin-list=1.0,1.5,2.0,2.5,3.0,3.5,4.0,4.5,5.0', '-log-level=WARNING']
2023-11-26 20:51:35;UNIUSDT;30m;2.0;50;28;78;100.0;3;101.3;['-batch-training', '-calc-rsi', '-verbose', '-prediction-mode=index', '-interval-list=30m', '-range-min-rsi=28', '-range-max-rsi=80', '-range-p-ema=50,250', '-target-margin-list=1.0,1.5,2.0,2.5,3.0,3.5,4.0,4.5,5.0', '-log-level=WARNING']
2023-11-26 20:01:28;UNIUSDT;30m;2.0;175;28;78;100.0;3;101.3;['-batch-training', '-calc-rsi', '-verbose', '-prediction-mode=index', '-interval-list=30m', '-range-min-rsi=28', '-range-max-rsi=80', '-range-p-ema=50,250', '-target-margin-list=1.0,1.5,2.0,2.5,3.0,3.5,4.0,4.5,5.0', '-log-level=WARNING']
2023-11-26 19:51:06;UNIUSDT;30m;2.0;150;28;78;100.0;3;101.3;['-batch-training', '-calc-rsi', '-verbose', '-prediction-mode=index', '-interval-list=30m', '-range-min-rsi=28', '-range-max-rsi=80', '-range-p-ema=50,250', '-target-margin-list=1.0,1.5,2.0,2.5,3.0,3.5,4.0,4.5,5.0', '-log-level=WARNING']
2023-11-26 20:08:32;UNIUSDT;30m;1.0;200;28;72;100.0;7;101.3;['-batch-training', '-calc-rsi', '-verbose', '-prediction-mode=index', '-interval-list=30m', '-range-min-rsi=28', '-range-max-rsi=80', '-range-p-ema=50,250', '-target-margin-list=1.0,1.5,2.0,2.5,3.0,3.5,4.0,4.5,5.0', '-log-level=WARNING']
2023-11-26 21:17:18;UNIUSDT;30m;5.0;75;36;80;100.0;3;101.31;['-batch-training', '-calc-rsi', '-verbose', '-prediction-mode=index', '-interval-list=30m', '-range-min-rsi=28', '-range-max-rsi=80', '-range-p-ema=50,250', '-target-margin-list=1.0,1.5,2.0,2.5,3.0,3.5,4.0,4.5,5.0', '-log-level=WARNING']
2023-11-26 19:57:35;UNIUSDT;30m;5.0;150;36;72;100.0;2;101.31;['-batch-training', '-calc-rsi', '-verbose', '-prediction-mode=index', '-interval-list=30m', '-range-min-rsi=28', '-range-max-rsi=80', '-range-p-ema=50,250', '-target-margin-list=1.0,1.5,2.0,2.5,3.0,3.5,4.0,4.5,5.0', '-log-level=WARNING']
2023-11-26 19:47:40;UNIUSDT;30m;5.0;125;36;80;100.0;3;101.31;['-batch-training', '-calc-rsi', '-verbose', '-prediction-mode=index', '-interval-list=30m', '-range-min-rsi=28', '-range-max-rsi=80', '-range-p-ema=50,250', '-target-margin-list=1.0,1.5,2.0,2.5,3.0,3.5,4.0,4.5,5.0', '-log-level=WARNING']
2023-11-26 21:02:08;UNIUSDT;30m;5.0;50;36;80;100.0;3;101.31;['-batch-training', '-calc-rsi', '-verbose', '-prediction-mode=index', '-interval-list=30m', '-range-min-rsi=28', '-range-max-rsi=80', '-range-p-ema=50,250', '-target-margin-list=1.0,1.5,2.0,2.5,3.0,3.5,4.0,4.5,5.0', '-log-level=WARNING']
2023-11-26 19:36:05;UNIUSDT;30m;5.0;100;36;80;100.0;3;101.31;['-batch-training', '-calc-rsi', '-verbose', '-prediction-mode=index', '-interval-list=30m', '-range-min-rsi=28', '-range-max-rsi=80', '-range-p-ema=50,250', '-target-margin-list=1.0,1.5,2.0,2.5,3.0,3.5,4.0,4.5,5.0', '-log-level=WARNING']
2023-11-26 20:22:25;UNIUSDT;30m;1.5;225;32;74;100.0;6;101.32;['-batch-training', '-calc-rsi', '-verbose', '-prediction-mode=index', '-interval-list=30m', '-range-min-rsi=28', '-range-max-rsi=80', '-range-p-ema=50,250', '-target-margin-list=1.0,1.5,2.0,2.5,3.0,3.5,4.0,4.5,5.0', '-log-level=WARNING']
2023-11-26 20:10:06;UNIUSDT;30m;1.5;200;32;74;100.0;6;101.32;['-batch-training', '-calc-rsi', '-verbose', '-prediction-mode=index', '-interval-list=30m', '-range-min-rsi=28', '-range-max-rsi=80', '-range-p-ema=50,250', '-target-margin-list=1.0,1.5,2.0,2.5,3.0,3.5,4.0,4.5,5.0', '-log-level=WARNING']
2023-11-26 19:58:35;UNIUSDT;30m;1.0;175;32;72;100.0;6;101.34;['-batch-training', '-calc-rsi', '-verbose', '-prediction-mode=index', '-interval-list=30m', '-range-min-rsi=28', '-range-max-rsi=80', '-range-p-ema=50,250', '-target-margin-list=1.0,1.5,2.0,2.5,3.0,3.5,4.0,4.5,5.0', '-log-level=WARNING']
2023-11-26 20:25:40;UNIUSDT;30m;2.5;225;34;76;100.0;2;101.35;['-batch-training', '-calc-rsi', '-verbose', '-prediction-mode=index', '-interval-list=30m', '-range-min-rsi=28', '-range-max-rsi=80', '-range-p-ema=50,250', '-target-margin-list=1.0,1.5,2.0,2.5,3.0,3.5,4.0,4.5,5.0', '-log-level=WARNING']
2023-11-26 21:06:42;UNIUSDT;30m;2.0;75;34;76;100.0;7;101.35;['-batch-training', '-calc-rsi', '-verbose', '-prediction-mode=index', '-interval-list=30m', '-range-min-rsi=28', '-range-max-rsi=80', '-range-p-ema=50,250', '-target-margin-list=1.0,1.5,2.0,2.5,3.0,3.5,4.0,4.5,5.0', '-log-level=WARNING']
2023-11-26 20:08:38;UNIUSDT;30m;1.0;200;32;72;100.0;6;101.35;['-batch-training', '-calc-rsi', '-verbose', '-prediction-mode=index', '-interval-list=30m', '-range-min-rsi=28', '-range-max-rsi=80', '-range-p-ema=50,250', '-target-margin-list=1.0,1.5,2.0,2.5,3.0,3.5,4.0,4.5,5.0', '-log-level=WARNING']
2023-11-26 19:27:59;UNIUSDT;30m;2.0;100;34;76;100.0;7;101.35;['-batch-training', '-calc-rsi', '-verbose', '-prediction-mode=index', '-interval-list=30m', '-range-min-rsi=28', '-range-max-rsi=80', '-range-p-ema=50,250', '-target-margin-list=1.0,1.5,2.0,2.5,3.0,3.5,4.0,4.5,5.0', '-log-level=WARNING']
2023-11-26 19:39:28;UNIUSDT;30m;2.0;125;34;76;100.0;7;101.35;['-batch-training', '-calc-rsi', '-verbose', '-prediction-mode=index', '-interval-list=30m', '-range-min-rsi=28', '-range-max-rsi=80', '-range-p-ema=50,250', '-target-margin-list=1.0,1.5,2.0,2.5,3.0,3.5,4.0,4.5,5.0', '-log-level=WARNING']
2023-11-26 20:51:28;UNIUSDT;30m;2.0;50;34;76;100.0;7;101.35;['-batch-training', '-calc-rsi', '-verbose', '-prediction-mode=index', '-interval-list=30m', '-range-min-rsi=28', '-range-max-rsi=80', '-range-p-ema=50,250', '-target-margin-list=1.0,1.5,2.0,2.5,3.0,3.5,4.0,4.5,5.0', '-log-level=WARNING']
2023-11-26 20:35:17;UNIUSDT;30m;1.5;250;32;72;100.0;4;101.36;['-batch-training', '-calc-rsi', '-verbose', '-prediction-mode=index', '-interval-list=30m', '-range-min-rsi=28', '-range-max-rsi=80', '-range-p-ema=50,250', '-target-margin-list=1.0,1.5,2.0,2.5,3.0,3.5,4.0,4.5,5.0', '-log-level=WARNING']
2023-11-26 20:01:26;UNIUSDT;30m;2.0;175;36;76;100.0;7;101.38;['-batch-training', '-calc-rsi', '-verbose', '-prediction-mode=index', '-interval-list=30m', '-range-min-rsi=28', '-range-max-rsi=80', '-range-p-ema=50,250', '-target-margin-list=1.0,1.5,2.0,2.5,3.0,3.5,4.0,4.5,5.0', '-log-level=WARNING']
2023-11-26 19:58:39;UNIUSDT;30m;1.0;175;34;72;100.0;7;101.4;['-batch-training', '-calc-rsi', '-verbose', '-prediction-mode=index', '-interval-list=30m', '-range-min-rsi=28', '-range-max-rsi=80', '-range-p-ema=50,250', '-target-margin-list=1.0,1.5,2.0,2.5,3.0,3.5,4.0,4.5,5.0', '-log-level=WARNING']
2023-11-26 20:38:42;UNIUSDT;30m;2.5;250;36;74;100.0;2;101.4;['-batch-training', '-calc-rsi', '-verbose', '-prediction-mode=index', '-interval-list=30m', '-range-min-rsi=28', '-range-max-rsi=80', '-range-p-ema=50,250', '-target-margin-list=1.0,1.5,2.0,2.5,3.0,3.5,4.0,4.5,5.0', '-log-level=WARNING']
2023-11-26 19:51:19;UNIUSDT;30m;2.0;150;36;78;100.0;2;101.41;['-batch-training', '-calc-rsi', '-verbose', '-prediction-mode=index', '-interval-list=30m', '-range-min-rsi=28', '-range-max-rsi=80', '-range-p-ema=50,250', '-target-margin-list=1.0,1.5,2.0,2.5,3.0,3.5,4.0,4.5,5.0', '-log-level=WARNING']
2023-11-26 20:19:54;UNIUSDT;30m;5.0;200;34;76;100.0;3;101.41;['-batch-training', '-calc-rsi', '-verbose', '-prediction-mode=index', '-interval-list=30m', '-range-min-rsi=28', '-range-max-rsi=80', '-range-p-ema=50,250', '-target-margin-list=1.0,1.5,2.0,2.5,3.0,3.5,4.0,4.5,5.0', '-log-level=WARNING']
2023-11-26 20:08:01;UNIUSDT;30m;5.0;175;34;76;100.0;3;101.41;['-batch-training', '-calc-rsi', '-verbose', '-prediction-mode=index', '-interval-list=30m', '-range-min-rsi=28', '-range-max-rsi=80', '-range-p-ema=50,250', '-target-margin-list=1.0,1.5,2.0,2.5,3.0,3.5,4.0,4.5,5.0', '-log-level=WARNING']
2023-11-26 19:59:32;UNIUSDT;30m;1.0;175;32;80;100.0;7;101.41;['-batch-training', '-calc-rsi', '-verbose', '-prediction-mode=index', '-interval-list=30m', '-range-min-rsi=28', '-range-max-rsi=80', '-range-p-ema=50,250', '-target-margin-list=1.0,1.5,2.0,2.5,3.0,3.5,4.0,4.5,5.0', '-log-level=WARNING']
2023-11-26 19:57:59;UNIUSDT;30m;5.0;150;34;76;100.0;3;101.41;['-batch-training', '-calc-rsi', '-verbose', '-prediction-mode=index', '-interval-list=30m', '-range-min-rsi=28', '-range-max-rsi=80', '-range-p-ema=50,250', '-target-margin-list=1.0,1.5,2.0,2.5,3.0,3.5,4.0,4.5,5.0', '-log-level=WARNING']
2023-11-26 20:09:36;UNIUSDT;30m;1.0;200;32;80;100.0;7;101.42;['-batch-training', '-calc-rsi', '-verbose', '-prediction-mode=index', '-interval-list=30m', '-range-min-rsi=28', '-range-max-rsi=80', '-range-p-ema=50,250', '-target-margin-list=1.0,1.5,2.0,2.5,3.0,3.5,4.0,4.5,5.0', '-log-level=WARNING']
2023-11-26 20:21:50;UNIUSDT;30m;1.0;225;32;80;100.0;7;101.42;['-batch-training', '-calc-rsi', '-verbose', '-prediction-mode=index', '-interval-list=30m', '-range-min-rsi=28', '-range-max-rsi=80', '-range-p-ema=50,250', '-target-margin-list=1.0,1.5,2.0,2.5,3.0,3.5,4.0,4.5,5.0', '-log-level=WARNING']
2023-11-26 20:08:41;UNIUSDT;30m;1.0;200;34;72;100.0;7;101.42;['-batch-training', '-calc-rsi', '-verbose', '-prediction-mode=index', '-interval-list=30m', '-range-min-rsi=28', '-range-max-rsi=80', '-range-p-ema=50,250', '-target-margin-list=1.0,1.5,2.0,2.5,3.0,3.5,4.0,4.5,5.0', '-log-level=WARNING']
2023-11-26 20:35:45;UNIUSDT;30m;1.5;250;28;76;100.0;4;101.44;['-batch-training', '-calc-rsi', '-verbose', '-prediction-mode=index', '-interval-list=30m', '-range-min-rsi=28', '-range-max-rsi=80', '-range-p-ema=50,250', '-target-margin-list=1.0,1.5,2.0,2.5,3.0,3.5,4.0,4.5,5.0', '-log-level=WARNING']
2023-11-26 20:37:51;UNIUSDT;30m;2.0;250;28;80;100.0;3;101.49;['-batch-training', '-calc-rsi', '-verbose', '-prediction-mode=index', '-interval-list=30m', '-range-min-rsi=28', '-range-max-rsi=80', '-range-p-ema=50,250', '-target-margin-list=1.0,1.5,2.0,2.5,3.0,3.5,4.0,4.5,5.0', '-log-level=WARNING']
2023-11-26 20:33:39;UNIUSDT;30m;1.0;250;28;72;100.0;6;101.5;['-batch-training', '-calc-rsi', '-verbose', '-prediction-mode=index', '-interval-list=30m', '-range-min-rsi=28', '-range-max-rsi=80', '-range-p-ema=50,250', '-target-margin-list=1.0,1.5,2.0,2.5,3.0,3.5,4.0,4.5,5.0', '-log-level=WARNING']
2023-11-26 19:54:24;UNIUSDT;30m;3.5;150;36;74;100.0;5;101.52;['-batch-training', '-calc-rsi', '-verbose', '-prediction-mode=index', '-interval-list=30m', '-range-min-rsi=28', '-range-max-rsi=80', '-range-p-ema=50,250', '-target-margin-list=1.0,1.5,2.0,2.5,3.0,3.5,4.0,4.5,5.0', '-log-level=WARNING']
2023-11-26 19:54:37;UNIUSDT;30m;3.5;150;36;76;100.0;5;101.52;['-batch-training', '-calc-rsi', '-verbose', '-prediction-mode=index', '-interval-list=30m', '-range-min-rsi=28', '-range-max-rsi=80', '-range-p-ema=50,250', '-target-margin-list=1.0,1.5,2.0,2.5,3.0,3.5,4.0,4.5,5.0', '-log-level=WARNING']
2023-11-26 20:23:04;UNIUSDT;30m;1.5;225;34;78;100.0;2;101.54;['-batch-training', '-calc-rsi', '-verbose', '-prediction-mode=index', '-interval-list=30m', '-range-min-rsi=28', '-range-max-rsi=80', '-range-p-ema=50,250', '-target-margin-list=1.0,1.5,2.0,2.5,3.0,3.5,4.0,4.5,5.0', '-log-level=WARNING']
2023-11-26 20:01:04;UNIUSDT;30m;2.0;175;30;74;100.0;4;101.56;['-batch-training', '-calc-rsi', '-verbose', '-prediction-mode=index', '-interval-list=30m', '-range-min-rsi=28', '-range-max-rsi=80', '-range-p-ema=50,250', '-target-margin-list=1.0,1.5,2.0,2.5,3.0,3.5,4.0,4.5,5.0', '-log-level=WARNING']
2023-11-26 21:06:11;UNIUSDT;30m;2.0;75;30;74;100.0;4;101.56;['-batch-training', '-calc-rsi', '-verbose', '-prediction-mode=index', '-interval-list=30m', '-range-min-rsi=28', '-range-max-rsi=80', '-range-p-ema=50,250', '-target-margin-list=1.0,1.5,2.0,2.5,3.0,3.5,4.0,4.5,5.0', '-log-level=WARNING']
2023-11-26 20:39:25;UNIUSDT;30m;2.5;250;30;80;100.0;2;101.56;['-batch-training', '-calc-rsi', '-verbose', '-prediction-mode=index', '-interval-list=30m', '-range-min-rsi=28', '-range-max-rsi=80', '-range-p-ema=50,250', '-target-margin-list=1.0,1.5,2.0,2.5,3.0,3.5,4.0,4.5,5.0', '-log-level=WARNING']
2023-11-26 20:11:22;UNIUSDT;30m;2.0;200;30;74;100.0;4;101.56;['-batch-training', '-calc-rsi', '-verbose', '-prediction-mode=index', '-interval-list=30m', '-range-min-rsi=28', '-range-max-rsi=80', '-range-p-ema=50,250', '-target-margin-list=1.0,1.5,2.0,2.5,3.0,3.5,4.0,4.5,5.0', '-log-level=WARNING']
2023-11-26 20:08:55;UNIUSDT;30m;1.0;200;34;74;100.0;2;101.56;['-batch-training', '-calc-rsi', '-verbose', '-prediction-mode=index', '-interval-list=30m', '-range-min-rsi=28', '-range-max-rsi=80', '-range-p-ema=50,250', '-target-margin-list=1.0,1.5,2.0,2.5,3.0,3.5,4.0,4.5,5.0', '-log-level=WARNING']
2023-11-26 19:50:38;UNIUSDT;30m;2.0;150;30;74;100.0;4;101.56;['-batch-training', '-calc-rsi', '-verbose', '-prediction-mode=index', '-interval-list=30m', '-range-min-rsi=28', '-range-max-rsi=80', '-range-p-ema=50,250', '-target-margin-list=1.0,1.5,2.0,2.5,3.0,3.5,4.0,4.5,5.0', '-log-level=WARNING']
2023-11-26 19:27:37;UNIUSDT;30m;2.0;100;30;74;100.0;4;101.56;['-batch-training', '-calc-rsi', '-verbose', '-prediction-mode=index', '-interval-list=30m', '-range-min-rsi=28', '-range-max-rsi=80', '-range-p-ema=50,250', '-target-margin-list=1.0,1.5,2.0,2.5,3.0,3.5,4.0,4.5,5.0', '-log-level=WARNING']
2023-11-26 20:51:00;UNIUSDT;30m;2.0;50;30;74;100.0;4;101.56;['-batch-training', '-calc-rsi', '-verbose', '-prediction-mode=index', '-interval-list=30m', '-range-min-rsi=28', '-range-max-rsi=80', '-range-p-ema=50,250', '-target-margin-list=1.0,1.5,2.0,2.5,3.0,3.5,4.0,4.5,5.0', '-log-level=WARNING']
2023-11-26 19:39:07;UNIUSDT;30m;2.0;125;30;74;100.0;4;101.56;['-batch-training', '-calc-rsi', '-verbose', '-prediction-mode=index', '-interval-list=30m', '-range-min-rsi=28', '-range-max-rsi=80', '-range-p-ema=50,250', '-target-margin-list=1.0,1.5,2.0,2.5,3.0,3.5,4.0,4.5,5.0', '-log-level=WARNING']
2023-11-26 20:23:48;UNIUSDT;30m;2.0;225;30;74;100.0;4;101.56;['-batch-training', '-calc-rsi', '-verbose', '-prediction-mode=index', '-interval-list=30m', '-range-min-rsi=28', '-range-max-rsi=80', '-range-p-ema=50,250', '-target-margin-list=1.0,1.5,2.0,2.5,3.0,3.5,4.0,4.5,5.0', '-log-level=WARNING']
2023-11-26 19:59:23;UNIUSDT;30m;1.0;175;36;78;100.0;2;101.59;['-batch-training', '-calc-rsi', '-verbose', '-prediction-mode=index', '-interval-list=30m', '-range-min-rsi=28', '-range-max-rsi=80', '-range-p-ema=50,250', '-target-margin-list=1.0,1.5,2.0,2.5,3.0,3.5,4.0,4.5,5.0', '-log-level=WARNING']
2023-11-26 20:01:34;UNIUSDT;30m;2.0;175;32;78;100.0;5;101.61;['-batch-training', '-calc-rsi', '-verbose', '-prediction-mode=index', '-interval-list=30m', '-range-min-rsi=28', '-range-max-rsi=80', '-range-p-ema=50,250', '-target-margin-list=1.0,1.5,2.0,2.5,3.0,3.5,4.0,4.5,5.0', '-log-level=WARNING']
2023-11-26 19:51:13;UNIUSDT;30m;2.0;150;32;78;100.0;5;101.61;['-batch-training', '-calc-rsi', '-verbose', '-prediction-mode=index', '-interval-list=30m', '-range-min-rsi=28', '-range-max-rsi=80', '-range-p-ema=50,250', '-target-margin-list=1.0,1.5,2.0,2.5,3.0,3.5,4.0,4.5,5.0', '-log-level=WARNING']
2023-11-26 20:47:48;UNIUSDT;30m;1.0;50;30;74;100.0;2;101.62;['-batch-training', '-calc-rsi', '-verbose', '-prediction-mode=index', '-interval-list=30m', '-range-min-rsi=28', '-range-max-rsi=80', '-range-p-ema=50,250', '-target-margin-list=1.0,1.5,2.0,2.5,3.0,3.5,4.0,4.5,5.0', '-log-level=WARNING']
2023-11-26 20:23:42;UNIUSDT;30m;2.0;225;36;72;100.0;7;101.62;['-batch-training', '-calc-rsi', '-verbose', '-prediction-mode=index', '-interval-list=30m', '-range-min-rsi=28', '-range-max-rsi=80', '-range-p-ema=50,250', '-target-margin-list=1.0,1.5,2.0,2.5,3.0,3.5,4.0,4.5,5.0', '-log-level=WARNING']
2023-11-26 19:48:02;UNIUSDT;30m;1.0;150;30;74;100.0;2;101.62;['-batch-training', '-calc-rsi', '-verbose', '-prediction-mode=index', '-interval-list=30m', '-range-min-rsi=28', '-range-max-rsi=80', '-range-p-ema=50,250', '-target-margin-list=1.0,1.5,2.0,2.5,3.0,3.5,4.0,4.5,5.0', '-log-level=WARNING']
2023-11-26 19:25:01;UNIUSDT;30m;1.0;100;30;74;100.0;2;101.62;['-batch-training', '-calc-rsi', '-verbose', '-prediction-mode=index', '-interval-list=30m', '-range-min-rsi=28', '-range-max-rsi=80', '-range-p-ema=50,250', '-target-margin-list=1.0,1.5,2.0,2.5,3.0,3.5,4.0,4.5,5.0', '-log-level=WARNING']
2023-11-26 21:02:37;UNIUSDT;30m;1.0;75;30;74;100.0;2;101.62;['-batch-training', '-calc-rsi', '-verbose', '-prediction-mode=index', '-interval-list=30m', '-range-min-rsi=28', '-range-max-rsi=80', '-range-p-ema=50,250', '-target-margin-list=1.0,1.5,2.0,2.5,3.0,3.5,4.0,4.5,5.0', '-log-level=WARNING']
2023-11-26 19:36:28;UNIUSDT;30m;1.0;125;30;74;100.0;2;101.62;['-batch-training', '-calc-rsi', '-verbose', '-prediction-mode=index', '-interval-list=30m', '-range-min-rsi=28', '-range-max-rsi=80', '-range-p-ema=50,250', '-target-margin-list=1.0,1.5,2.0,2.5,3.0,3.5,4.0,4.5,5.0', '-log-level=WARNING']
2023-11-26 20:36:21;UNIUSDT;30m;1.5;250;28;80;100.0;2;101.64;['-batch-training', '-calc-rsi', '-verbose', '-prediction-mode=index', '-interval-list=30m', '-range-min-rsi=28', '-range-max-rsi=80', '-range-p-ema=50,250', '-target-margin-list=1.0,1.5,2.0,2.5,3.0,3.5,4.0,4.5,5.0', '-log-level=WARNING']
2023-11-26 21:09:09;UNIUSDT;30m;2.5;75;32;80;100.0;6;101.67;['-batch-training', '-calc-rsi', '-verbose', '-prediction-mode=index', '-interval-list=30m', '-range-min-rsi=28', '-range-max-rsi=80', '-range-p-ema=50,250', '-target-margin-list=1.0,1.5,2.0,2.5,3.0,3.5,4.0,4.5,5.0', '-log-level=WARNING']
2023-11-26 19:29:44;UNIUSDT;30m;2.5;100;32;80;100.0;6;101.67;['-batch-training', '-calc-rsi', '-verbose', '-prediction-mode=index', '-interval-list=30m', '-range-min-rsi=28', '-range-max-rsi=80', '-range-p-ema=50,250', '-target-margin-list=1.0,1.5,2.0,2.5,3.0,3.5,4.0,4.5,5.0', '-log-level=WARNING']
2023-11-26 20:53:42;UNIUSDT;30m;2.5;50;32;80;100.0;6;101.67;['-batch-training', '-calc-rsi', '-verbose', '-prediction-mode=index', '-interval-list=30m', '-range-min-rsi=28', '-range-max-rsi=80', '-range-p-ema=50,250', '-target-margin-list=1.0,1.5,2.0,2.5,3.0,3.5,4.0,4.5,5.0', '-log-level=WARNING']
2023-11-26 19:41:13;UNIUSDT;30m;2.5;125;32;80;100.0;6;101.67;['-batch-training', '-calc-rsi', '-verbose', '-prediction-mode=index', '-interval-list=30m', '-range-min-rsi=28', '-range-max-rsi=80', '-range-p-ema=50,250', '-target-margin-list=1.0,1.5,2.0,2.5,3.0,3.5,4.0,4.5,5.0', '-log-level=WARNING']
2023-11-26 20:38:56;UNIUSDT;30m;2.5;250;34;76;100.0;2;101.68;['-batch-training', '-calc-rsi', '-verbose', '-prediction-mode=index', '-interval-list=30m', '-range-min-rsi=28', '-range-max-rsi=80', '-range-p-ema=50,250', '-target-margin-list=1.0,1.5,2.0,2.5,3.0,3.5,4.0,4.5,5.0', '-log-level=WARNING']
2023-11-26 20:37:29;UNIUSDT;30m;2.0;250;36;76;100.0;3;101.69;['-batch-training', '-calc-rsi', '-verbose', '-prediction-mode=index', '-interval-list=30m', '-range-min-rsi=28', '-range-max-rsi=80', '-range-p-ema=50,250', '-target-margin-list=1.0,1.5,2.0,2.5,3.0,3.5,4.0,4.5,5.0', '-log-level=WARNING']
2023-11-26 19:50:11;UNIUSDT;30m;1.5;150;32;80;100.0;4;101.69;['-batch-training', '-calc-rsi', '-verbose', '-prediction-mode=index', '-interval-list=30m', '-range-min-rsi=28', '-range-max-rsi=80', '-range-p-ema=50,250', '-target-margin-list=1.0,1.5,2.0,2.5,3.0,3.5,4.0,4.5,5.0', '-log-level=WARNING']
2023-11-26 19:51:19;UNIUSDT;30m;2.0;150;36;78;100.0;6;101.7;['-batch-training', '-calc-rsi', '-verbose', '-prediction-mode=index', '-interval-list=30m', '-range-min-rsi=28', '-range-max-rsi=80', '-range-p-ema=50,250', '-target-margin-list=1.0,1.5,2.0,2.5,3.0,3.5,4.0,4.5,5.0', '-log-level=WARNING']
2023-11-26 20:35:45;UNIUSDT;30m;1.5;250;28;76;100.0;7;101.7;['-batch-training', '-calc-rsi', '-verbose', '-prediction-mode=index', '-interval-list=30m', '-range-min-rsi=28', '-range-max-rsi=80', '-range-p-ema=50,250', '-target-margin-list=1.0,1.5,2.0,2.5,3.0,3.5,4.0,4.5,5.0', '-log-level=WARNING']
2023-11-26 20:38:31;UNIUSDT;30m;2.5;250;30;74;100.0;5;101.7;['-batch-training', '-calc-rsi', '-verbose', '-prediction-mode=index', '-interval-list=30m', '-range-min-rsi=28', '-range-max-rsi=80', '-range-p-ema=50,250', '-target-margin-list=1.0,1.5,2.0,2.5,3.0,3.5,4.0,4.5,5.0', '-log-level=WARNING']
2023-11-26 20:21:40;UNIUSDT;30m;1.0;225;36;78;100.0;2;101.72;['-batch-training', '-calc-rsi', '-verbose', '-prediction-mode=index', '-interval-list=30m', '-range-min-rsi=28', '-range-max-rsi=80', '-range-p-ema=50,250', '-target-margin-list=1.0,1.5,2.0,2.5,3.0,3.5,4.0,4.5,5.0', '-log-level=WARNING']
2023-11-26 19:41:04;UNIUSDT;30m;2.5;125;36;78;100.0;5;101.74;['-batch-training', '-calc-rsi', '-verbose', '-prediction-mode=index', '-interval-list=30m', '-range-min-rsi=28', '-range-max-rsi=80', '-range-p-ema=50,250', '-target-margin-list=1.0,1.5,2.0,2.5,3.0,3.5,4.0,4.5,5.0', '-log-level=WARNING']
2023-11-26 19:29:35;UNIUSDT;30m;2.5;100;36;78;100.0;5;101.74;['-batch-training', '-calc-rsi', '-verbose', '-prediction-mode=index', '-interval-list=30m', '-range-min-rsi=28', '-range-max-rsi=80', '-range-p-ema=50,250', '-target-margin-list=1.0,1.5,2.0,2.5,3.0,3.5,4.0,4.5,5.0', '-log-level=WARNING']
2023-11-26 19:47:50;UNIUSDT;30m;1.0;150;32;72;100.0;3;101.76;['-batch-training', '-calc-rsi', '-verbose', '-prediction-mode=index', '-interval-list=30m', '-range-min-rsi=28', '-range-max-rsi=80', '-range-p-ema=50,250', '-target-margin-list=1.0,1.5,2.0,2.5,3.0,3.5,4.0,4.5,5.0', '-log-level=WARNING']
2023-11-26 19:25:36;UNIUSDT;30m;1.0;100;32;78;100.0;3;101.77;['-batch-training', '-calc-rsi', '-verbose', '-prediction-mode=index', '-interval-list=30m', '-range-min-rsi=28', '-range-max-rsi=80', '-range-p-ema=50,250', '-target-margin-list=1.0,1.5,2.0,2.5,3.0,3.5,4.0,4.5,5.0', '-log-level=WARNING']
2023-11-26 21:03:23;UNIUSDT;30m;1.0;75;32;78;100.0;3;101.77;['-batch-training', '-calc-rsi', '-verbose', '-prediction-mode=index', '-interval-list=30m', '-range-min-rsi=28', '-range-max-rsi=80', '-range-p-ema=50,250', '-target-margin-list=1.0,1.5,2.0,2.5,3.0,3.5,4.0,4.5,5.0', '-log-level=WARNING']
2023-11-26 20:48:30;UNIUSDT;30m;1.0;50;32;78;100.0;3;101.77;['-batch-training', '-calc-rsi', '-verbose', '-prediction-mode=index', '-interval-list=30m', '-range-min-rsi=28', '-range-max-rsi=80', '-range-p-ema=50,250', '-target-margin-list=1.0,1.5,2.0,2.5,3.0,3.5,4.0,4.5,5.0', '-log-level=WARNING']
2023-11-26 19:37:04;UNIUSDT;30m;1.0;125;32;78;100.0;3;101.77;['-batch-training', '-calc-rsi', '-verbose', '-prediction-mode=index', '-interval-list=30m', '-range-min-rsi=28', '-range-max-rsi=80', '-range-p-ema=50,250', '-target-margin-list=1.0,1.5,2.0,2.5,3.0,3.5,4.0,4.5,5.0', '-log-level=WARNING']
2023-11-26 20:51:55;UNIUSDT;30m;2.0;50;28;80;100.0;3;101.81;['-batch-training', '-calc-rsi', '-verbose', '-prediction-mode=index', '-interval-list=30m', '-range-min-rsi=28', '-range-max-rsi=80', '-range-p-ema=50,250', '-target-margin-list=1.0,1.5,2.0,2.5,3.0,3.5,4.0,4.5,5.0', '-log-level=WARNING']
2023-11-26 20:24:37;UNIUSDT;30m;2.0;225;28;80;100.0;3;101.81;['-batch-training', '-calc-rsi', '-verbose', '-prediction-mode=index', '-interval-list=30m', '-range-min-rsi=28', '-range-max-rsi=80', '-range-p-ema=50,250', '-target-margin-list=1.0,1.5,2.0,2.5,3.0,3.5,4.0,4.5,5.0', '-log-level=WARNING']
2023-11-26 20:12:06;UNIUSDT;30m;2.0;200;28;80;100.0;3;101.81;['-batch-training', '-calc-rsi', '-verbose', '-prediction-mode=index', '-interval-list=30m', '-range-min-rsi=28', '-range-max-rsi=80', '-range-p-ema=50,250', '-target-margin-list=1.0,1.5,2.0,2.5,3.0,3.5,4.0,4.5,5.0', '-log-level=WARNING']
2023-11-26 19:51:22;UNIUSDT;30m;2.0;150;28;80;100.0;3;101.81;['-batch-training', '-calc-rsi', '-verbose', '-prediction-mode=index', '-interval-list=30m', '-range-min-rsi=28', '-range-max-rsi=80', '-range-p-ema=50,250', '-target-margin-list=1.0,1.5,2.0,2.5,3.0,3.5,4.0,4.5,5.0', '-log-level=WARNING']
2023-11-26 21:07:11;UNIUSDT;30m;2.0;75;28;80;100.0;3;101.81;['-batch-training', '-calc-rsi', '-verbose', '-prediction-mode=index', '-interval-list=30m', '-range-min-rsi=28', '-range-max-rsi=80', '-range-p-ema=50,250', '-target-margin-list=1.0,1.5,2.0,2.5,3.0,3.5,4.0,4.5,5.0', '-log-level=WARNING']
2023-11-26 19:28:21;UNIUSDT;30m;2.0;100;28;80;100.0;3;101.81;['-batch-training', '-calc-rsi', '-verbose', '-prediction-mode=index', '-interval-list=30m', '-range-min-rsi=28', '-range-max-rsi=80', '-range-p-ema=50,250', '-target-margin-list=1.0,1.5,2.0,2.5,3.0,3.5,4.0,4.5,5.0', '-log-level=WARNING']
2023-11-26 20:01:42;UNIUSDT;30m;2.0;175;28;80;100.0;3;101.81;['-batch-training', '-calc-rsi', '-verbose', '-prediction-mode=index', '-interval-list=30m', '-range-min-rsi=28', '-range-max-rsi=80', '-range-p-ema=50,250', '-target-margin-list=1.0,1.5,2.0,2.5,3.0,3.5,4.0,4.5,5.0', '-log-level=WARNING']
2023-11-26 19:39:50;UNIUSDT;30m;2.0;125;28;80;100.0;3;101.81;['-batch-training', '-calc-rsi', '-verbose', '-prediction-mode=index', '-interval-list=30m', '-range-min-rsi=28', '-range-max-rsi=80', '-range-p-ema=50,250', '-target-margin-list=1.0,1.5,2.0,2.5,3.0,3.5,4.0,4.5,5.0', '-log-level=WARNING']
2023-11-26 20:37:41;UNIUSDT;30m;2.0;250;32;78;100.0;5;101.82;['-batch-training', '-calc-rsi', '-verbose', '-prediction-mode=index', '-interval-list=30m', '-range-min-rsi=28', '-range-max-rsi=80', '-range-p-ema=50,250', '-target-margin-list=1.0,1.5,2.0,2.5,3.0,3.5,4.0,4.5,5.0', '-log-level=WARNING']
2023-11-26 19:50:14;UNIUSDT;30m;1.5;150;34;80;100.0;2;101.83;['-batch-training', '-calc-rsi', '-verbose', '-prediction-mode=index', '-interval-list=30m', '-range-min-rsi=28', '-range-max-rsi=80', '-range-p-ema=50,250', '-target-margin-list=1.0,1.5,2.0,2.5,3.0,3.5,4.0,4.5,5.0', '-log-level=WARNING']
2023-11-26 20:21:57;UNIUSDT;30m;1.0;225;36;80;100.0;5;101.83;['-batch-training', '-calc-rsi', '-verbose', '-prediction-mode=index', '-interval-list=30m', '-range-min-rsi=28', '-range-max-rsi=80', '-range-p-ema=50,250', '-target-margin-list=1.0,1.5,2.0,2.5,3.0,3.5,4.0,4.5,5.0', '-log-level=WARNING']
2023-11-26 20:39:11;UNIUSDT;30m;2.5;250;32;78;100.0;5;101.84;['-batch-training', '-calc-rsi', '-verbose', '-prediction-mode=index', '-interval-list=30m', '-range-min-rsi=28', '-range-max-rsi=80', '-range-p-ema=50,250', '-target-margin-list=1.0,1.5,2.0,2.5,3.0,3.5,4.0,4.5,5.0', '-log-level=WARNING']
2023-11-26 20:22:36;UNIUSDT;30m;1.5;225;28;76;100.0;5;101.85;['-batch-training', '-calc-rsi', '-verbose', '-prediction-mode=index', '-interval-list=30m', '-range-min-rsi=28', '-range-max-rsi=80', '-range-p-ema=50,250', '-target-margin-list=1.0,1.5,2.0,2.5,3.0,3.5,4.0,4.5,5.0', '-log-level=WARNING']
2023-11-26 20:49:39;UNIUSDT;30m;1.5;50;28;76;100.0;5;101.85;['-batch-training', '-calc-rsi', '-verbose', '-prediction-mode=index', '-interval-list=30m', '-range-min-rsi=28', '-range-max-rsi=80', '-range-p-ema=50,250', '-target-margin-list=1.0,1.5,2.0,2.5,3.0,3.5,4.0,4.5,5.0', '-log-level=WARNING']
2023-11-26 19:26:32;UNIUSDT;30m;1.5;100;28;76;100.0;5;101.85;['-batch-training', '-calc-rsi', '-verbose', '-prediction-mode=index', '-interval-list=30m', '-range-min-rsi=28', '-range-max-rsi=80', '-range-p-ema=50,250', '-target-margin-list=1.0,1.5,2.0,2.5,3.0,3.5,4.0,4.5,5.0', '-log-level=WARNING']
2023-11-26 21:04:39;UNIUSDT;30m;1.5;75;28;76;100.0;5;101.85;['-batch-training', '-calc-rsi', '-verbose', '-prediction-mode=index', '-interval-list=30m', '-range-min-rsi=28', '-range-max-rsi=80', '-range-p-ema=50,250', '-target-margin-list=1.0,1.5,2.0,2.5,3.0,3.5,4.0,4.5,5.0', '-log-level=WARNING']
2023-11-26 20:00:07;UNIUSDT;30m;1.5;175;28;76;100.0;5;101.85;['-batch-training', '-calc-rsi', '-verbose', '-prediction-mode=index', '-interval-list=30m', '-range-min-rsi=28', '-range-max-rsi=80', '-range-p-ema=50,250', '-target-margin-list=1.0,1.5,2.0,2.5,3.0,3.5,4.0,4.5,5.0', '-log-level=WARNING']
2023-11-26 19:38:01;UNIUSDT;30m;1.5;125;28;76;100.0;5;101.85;['-batch-training', '-calc-rsi', '-verbose', '-prediction-mode=index', '-interval-list=30m', '-range-min-rsi=28', '-range-max-rsi=80', '-range-p-ema=50,250', '-target-margin-list=1.0,1.5,2.0,2.5,3.0,3.5,4.0,4.5,5.0', '-log-level=WARNING']
2023-11-26 19:49:33;UNIUSDT;30m;1.5;150;28;76;100.0;5;101.85;['-batch-training', '-calc-rsi', '-verbose', '-prediction-mode=index', '-interval-list=30m', '-range-min-rsi=28', '-range-max-rsi=80', '-range-p-ema=50,250', '-target-margin-list=1.0,1.5,2.0,2.5,3.0,3.5,4.0,4.5,5.0', '-log-level=WARNING']
2023-11-26 20:10:14;UNIUSDT;30m;1.5;200;28;76;100.0;5;101.85;['-batch-training', '-calc-rsi', '-verbose', '-prediction-mode=index', '-interval-list=30m', '-range-min-rsi=28', '-range-max-rsi=80', '-range-p-ema=50,250', '-target-margin-list=1.0,1.5,2.0,2.5,3.0,3.5,4.0,4.5,5.0', '-log-level=WARNING']
2023-11-26 19:42:21;UNIUSDT;30m;3.0;125;36;78;100.0;4;101.87;['-batch-training', '-calc-rsi', '-verbose', '-prediction-mode=index', '-interval-list=30m', '-range-min-rsi=28', '-range-max-rsi=80', '-range-p-ema=50,250', '-target-margin-list=1.0,1.5,2.0,2.5,3.0,3.5,4.0,4.5,5.0', '-log-level=WARNING']
2023-11-26 19:27:00;UNIUSDT;30m;1.5;100;36;78;100.0;7;101.87;['-batch-training', '-calc-rsi', '-verbose', '-prediction-mode=index', '-interval-list=30m', '-range-min-rsi=28', '-range-max-rsi=80', '-range-p-ema=50,250', '-target-margin-list=1.0,1.5,2.0,2.5,3.0,3.5,4.0,4.5,5.0', '-log-level=WARNING']
2023-11-26 19:30:51;UNIUSDT;30m;3.0;100;36;78;100.0;4;101.87;['-batch-training', '-calc-rsi', '-verbose', '-prediction-mode=index', '-interval-list=30m', '-range-min-rsi=28', '-range-max-rsi=80', '-range-p-ema=50,250', '-target-margin-list=1.0,1.5,2.0,2.5,3.0,3.5,4.0,4.5,5.0', '-log-level=WARNING']
2023-11-26 19:38:30;UNIUSDT;30m;1.5;125;36;78;100.0;7;101.87;['-batch-training', '-calc-rsi', '-verbose', '-prediction-mode=index', '-interval-list=30m', '-range-min-rsi=28', '-range-max-rsi=80', '-range-p-ema=50,250', '-target-margin-list=1.0,1.5,2.0,2.5,3.0,3.5,4.0,4.5,5.0', '-log-level=WARNING']
2023-11-26 20:51:08;UNIUSDT;30m;2.0;50;34;74;100.0;7;101.88;['-batch-training', '-calc-rsi', '-verbose', '-prediction-mode=index', '-interval-list=30m', '-range-min-rsi=28', '-range-max-rsi=80', '-range-p-ema=50,250', '-target-margin-list=1.0,1.5,2.0,2.5,3.0,3.5,4.0,4.5,5.0', '-log-level=WARNING']
2023-11-26 19:48:21;UNIUSDT;30m;1.0;150;32;76;100.0;7;101.88;['-batch-training', '-calc-rsi', '-verbose', '-prediction-mode=index', '-interval-list=30m', '-range-min-rsi=28', '-range-max-rsi=80', '-range-p-ema=50,250', '-target-margin-list=1.0,1.5,2.0,2.5,3.0,3.5,4.0,4.5,5.0', '-log-level=WARNING']
2023-11-26 21:06:19;UNIUSDT;30m;2.0;75;34;74;100.0;7;101.88;['-batch-training', '-calc-rsi', '-verbose', '-prediction-mode=index', '-interval-list=30m', '-range-min-rsi=28', '-range-max-rsi=80', '-range-p-ema=50,250', '-target-margin-list=1.0,1.5,2.0,2.5,3.0,3.5,4.0,4.5,5.0', '-log-level=WARNING']
2023-11-26 19:27:44;UNIUSDT;30m;2.0;100;34;74;100.0;7;101.88;['-batch-training', '-calc-rsi', '-verbose', '-prediction-mode=index', '-interval-list=30m', '-range-min-rsi=28', '-range-max-rsi=80', '-range-p-ema=50,250', '-target-margin-list=1.0,1.5,2.0,2.5,3.0,3.5,4.0,4.5,5.0', '-log-level=WARNING']
2023-11-26 19:39:13;UNIUSDT;30m;2.0;125;34;74;100.0;7;101.88;['-batch-training', '-calc-rsi', '-verbose', '-prediction-mode=index', '-interval-list=30m', '-range-min-rsi=28', '-range-max-rsi=80', '-range-p-ema=50,250', '-target-margin-list=1.0,1.5,2.0,2.5,3.0,3.5,4.0,4.5,5.0', '-log-level=WARNING']
2023-11-26 20:10:34;UNIUSDT;30m;1.5;200;30;78;100.0;5;101.89;['-batch-training', '-calc-rsi', '-verbose', '-prediction-mode=index', '-interval-list=30m', '-range-min-rsi=28', '-range-max-rsi=80', '-range-p-ema=50,250', '-target-margin-list=1.0,1.5,2.0,2.5,3.0,3.5,4.0,4.5,5.0', '-log-level=WARNING']
2023-11-26 20:22:57;UNIUSDT;30m;1.5;225;30;78;100.0;5;101.89;['-batch-training', '-calc-rsi', '-verbose', '-prediction-mode=index', '-interval-list=30m', '-range-min-rsi=28', '-range-max-rsi=80', '-range-p-ema=50,250', '-target-margin-list=1.0,1.5,2.0,2.5,3.0,3.5,4.0,4.5,5.0', '-log-level=WARNING']
2023-11-26 20:00:23;UNIUSDT;30m;1.5;175;30;78;100.0;5;101.89;['-batch-training', '-calc-rsi', '-verbose', '-prediction-mode=index', '-interval-list=30m', '-range-min-rsi=28', '-range-max-rsi=80', '-range-p-ema=50,250', '-target-margin-list=1.0,1.5,2.0,2.5,3.0,3.5,4.0,4.5,5.0', '-log-level=WARNING']
2023-11-26 20:23:04;UNIUSDT;30m;1.5;225;34;78;100.0;6;101.9;['-batch-training', '-calc-rsi', '-verbose', '-prediction-mode=index', '-interval-list=30m', '-range-min-rsi=28', '-range-max-rsi=80', '-range-p-ema=50,250', '-target-margin-list=1.0,1.5,2.0,2.5,3.0,3.5,4.0,4.5,5.0', '-log-level=WARNING']
2023-11-26 20:01:12;UNIUSDT;30m;2.0;175;36;74;100.0;7;101.91;['-batch-training', '-calc-rsi', '-verbose', '-prediction-mode=index', '-interval-list=30m', '-range-min-rsi=28', '-range-max-rsi=80', '-range-p-ema=50,250', '-target-margin-list=1.0,1.5,2.0,2.5,3.0,3.5,4.0,4.5,5.0', '-log-level=WARNING']
2023-11-26 20:11:47;UNIUSDT;30m;2.0;200;36;76;100.0;7;101.91;['-batch-training', '-calc-rsi', '-verbose', '-prediction-mode=index', '-interval-list=30m', '-range-min-rsi=28', '-range-max-rsi=80', '-range-p-ema=50,250', '-target-margin-list=1.0,1.5,2.0,2.5,3.0,3.5,4.0,4.5,5.0', '-log-level=WARNING']
2023-11-26 20:25:32;UNIUSDT;30m;2.5;225;30;76;100.0;2;101.91;['-batch-training', '-calc-rsi', '-verbose', '-prediction-mode=index', '-interval-list=30m', '-range-min-rsi=28', '-range-max-rsi=80', '-range-p-ema=50,250', '-target-margin-list=1.0,1.5,2.0,2.5,3.0,3.5,4.0,4.5,5.0', '-log-level=WARNING']
2023-11-26 20:02:25;UNIUSDT;30m;2.5;175;30;76;100.0;2;101.91;['-batch-training', '-calc-rsi', '-verbose', '-prediction-mode=index', '-interval-list=30m', '-range-min-rsi=28', '-range-max-rsi=80', '-range-p-ema=50,250', '-target-margin-list=1.0,1.5,2.0,2.5,3.0,3.5,4.0,4.5,5.0', '-log-level=WARNING']
2023-11-26 20:12:57;UNIUSDT;30m;2.5;200;30;76;100.0;2;101.91;['-batch-training', '-calc-rsi', '-verbose', '-prediction-mode=index', '-interval-list=30m', '-range-min-rsi=28', '-range-max-rsi=80', '-range-p-ema=50,250', '-target-margin-list=1.0,1.5,2.0,2.5,3.0,3.5,4.0,4.5,5.0', '-log-level=WARNING']
2023-11-26 20:35:35;UNIUSDT;30m;1.5;250;32;74;100.0;6;101.93;['-batch-training', '-calc-rsi', '-verbose', '-prediction-mode=index', '-interval-list=30m', '-range-min-rsi=28', '-range-max-rsi=80', '-range-p-ema=50,250', '-target-margin-list=1.0,1.5,2.0,2.5,3.0,3.5,4.0,4.5,5.0', '-log-level=WARNING']
2023-11-26 20:25:36;UNIUSDT;30m;2.5;225;32;76;100.0;5;101.94;['-batch-training', '-calc-rsi', '-verbose', '-prediction-mode=index', '-interval-list=30m', '-range-min-rsi=28', '-range-max-rsi=80', '-range-p-ema=50,250', '-target-margin-list=1.0,1.5,2.0,2.5,3.0,3.5,4.0,4.5,5.0', '-log-level=WARNING']
2023-11-26 20:13:00;UNIUSDT;30m;2.5;200;32;76;100.0;5;101.94;['-batch-training', '-calc-rsi', '-verbose', '-prediction-mode=index', '-interval-list=30m', '-range-min-rsi=28', '-range-max-rsi=80', '-range-p-ema=50,250', '-target-margin-list=1.0,1.5,2.0,2.5,3.0,3.5,4.0,4.5,5.0', '-log-level=WARNING']
2023-11-26 20:07:37;UNIUSDT;30m;5.0;175;36;72;100.0;2;101.94;['-batch-training', '-calc-rsi', '-verbose', '-prediction-mode=index', '-interval-list=30m', '-range-min-rsi=28', '-range-max-rsi=80', '-range-p-ema=50,250', '-target-margin-list=1.0,1.5,2.0,2.5,3.0,3.5,4.0,4.5,5.0', '-log-level=WARNING']
2023-11-26 20:19:22;UNIUSDT;30m;5.0;200;36;72;100.0;2;101.94;['-batch-training', '-calc-rsi', '-verbose', '-prediction-mode=index', '-interval-list=30m', '-range-min-rsi=28', '-range-max-rsi=80', '-range-p-ema=50,250', '-target-margin-list=1.0,1.5,2.0,2.5,3.0,3.5,4.0,4.5,5.0', '-log-level=WARNING']
2023-11-26 20:40:52;UNIUSDT;30m;3.0;250;36;78;100.0;5;101.96;['-batch-training', '-calc-rsi', '-verbose', '-prediction-mode=index', '-interval-list=30m', '-range-min-rsi=28', '-range-max-rsi=80', '-range-p-ema=50,250', '-target-margin-list=1.0,1.5,2.0,2.5,3.0,3.5,4.0,4.5,5.0', '-log-level=WARNING']
2023-11-26 20:01:23;UNIUSDT;30m;2.0;175;34;76;100.0;7;101.96;['-batch-training', '-calc-rsi', '-verbose', '-prediction-mode=index', '-interval-list=30m', '-range-min-rsi=28', '-range-max-rsi=80', '-range-p-ema=50,250', '-target-margin-list=1.0,1.5,2.0,2.5,3.0,3.5,4.0,4.5,5.0', '-log-level=WARNING']
2023-11-26 19:59:42;UNIUSDT;30m;1.5;175;30;72;100.0;4;101.97;['-batch-training', '-calc-rsi', '-verbose', '-prediction-mode=index', '-interval-list=30m', '-range-min-rsi=28', '-range-max-rsi=80', '-range-p-ema=50,250', '-target-margin-list=1.0,1.5,2.0,2.5,3.0,3.5,4.0,4.5,5.0', '-log-level=WARNING']
2023-11-26 20:09:47;UNIUSDT;30m;1.5;200;30;72;100.0;4;101.97;['-batch-training', '-calc-rsi', '-verbose', '-prediction-mode=index', '-interval-list=30m', '-range-min-rsi=28', '-range-max-rsi=80', '-range-p-ema=50,250', '-target-margin-list=1.0,1.5,2.0,2.5,3.0,3.5,4.0,4.5,5.0', '-log-level=WARNING']
2023-11-26 20:34:12;UNIUSDT;30m;1.0;250;36;74;100.0;2;101.97;['-batch-training', '-calc-rsi', '-verbose', '-prediction-mode=index', '-interval-list=30m', '-range-min-rsi=28', '-range-max-rsi=80', '-range-p-ema=50,250', '-target-margin-list=1.0,1.5,2.0,2.5,3.0,3.5,4.0,4.5,5.0', '-log-level=WARNING']
2023-11-26 20:41:10;UNIUSDT;30m;3.0;250;36;80;100.0;5;102.0;['-batch-training', '-calc-rsi', '-verbose', '-prediction-mode=index', '-interval-list=30m', '-range-min-rsi=28', '-range-max-rsi=80', '-range-p-ema=50,250', '-target-margin-list=1.0,1.5,2.0,2.5,3.0,3.5,4.0,4.5,5.0', '-log-level=WARNING']
2023-11-26 19:59:23;UNIUSDT;30m;1.0;175;36;78;100.0;5;102.01;['-batch-training', '-calc-rsi', '-verbose', '-prediction-mode=index', '-interval-list=30m', '-range-min-rsi=28', '-range-max-rsi=80', '-range-p-ema=50,250', '-target-margin-list=1.0,1.5,2.0,2.5,3.0,3.5,4.0,4.5,5.0', '-log-level=WARNING']
2023-11-26 20:28:37;UNIUSDT;30m;3.5;225;36;76;100.0;4;102.02;['-batch-training', '-calc-rsi', '-verbose', '-prediction-mode=index', '-interval-list=30m', '-range-min-rsi=28', '-range-max-rsi=80', '-range-p-ema=50,250', '-target-margin-list=1.0,1.5,2.0,2.5,3.0,3.5,4.0,4.5,5.0', '-log-level=WARNING']
2023-11-26 19:36:09;UNIUSDT;30m;1.0;125;28;72;100.0;6;102.05;['-batch-training', '-calc-rsi', '-verbose', '-prediction-mode=index', '-interval-list=30m', '-range-min-rsi=28', '-range-max-rsi=80', '-range-p-ema=50,250', '-target-margin-list=1.0,1.5,2.0,2.5,3.0,3.5,4.0,4.5,5.0', '-log-level=WARNING']
2023-11-26 20:47:26;UNIUSDT;30m;1.0;50;28;72;100.0;6;102.05;['-batch-training', '-calc-rsi', '-verbose', '-prediction-mode=index', '-interval-list=30m', '-range-min-rsi=28', '-range-max-rsi=80', '-range-p-ema=50,250', '-target-margin-list=1.0,1.5,2.0,2.5,3.0,3.5,4.0,4.5,5.0', '-log-level=WARNING']
2023-11-26 19:58:30;UNIUSDT;30m;1.0;175;28;72;100.0;6;102.05;['-batch-training', '-calc-rsi', '-verbose', '-prediction-mode=index', '-interval-list=30m', '-range-min-rsi=28', '-range-max-rsi=80', '-range-p-ema=50,250', '-target-margin-list=1.0,1.5,2.0,2.5,3.0,3.5,4.0,4.5,5.0', '-log-level=WARNING']
2023-11-26 19:47:43;UNIUSDT;30m;1.0;150;28;72;100.0;6;102.05;['-batch-training', '-calc-rsi', '-verbose', '-prediction-mode=index', '-interval-list=30m', '-range-min-rsi=28', '-range-max-rsi=80', '-range-p-ema=50,250', '-target-margin-list=1.0,1.5,2.0,2.5,3.0,3.5,4.0,4.5,5.0', '-log-level=WARNING']
2023-11-26 21:02:12;UNIUSDT;30m;1.0;75;28;72;100.0;6;102.05;['-batch-training', '-calc-rsi', '-verbose', '-prediction-mode=index', '-interval-list=30m', '-range-min-rsi=28', '-range-max-rsi=80', '-range-p-ema=50,250', '-target-margin-list=1.0,1.5,2.0,2.5,3.0,3.5,4.0,4.5,5.0', '-log-level=WARNING']
2023-11-26 20:20:34;UNIUSDT;30m;1.0;225;28;72;100.0;6;102.05;['-batch-training', '-calc-rsi', '-verbose', '-prediction-mode=index', '-interval-list=30m', '-range-min-rsi=28', '-range-max-rsi=80', '-range-p-ema=50,250', '-target-margin-list=1.0,1.5,2.0,2.5,3.0,3.5,4.0,4.5,5.0', '-log-level=WARNING']
2023-11-26 19:24:42;UNIUSDT;30m;1.0;100;28;72;100.0;6;102.05;['-batch-training', '-calc-rsi', '-verbose', '-prediction-mode=index', '-interval-list=30m', '-range-min-rsi=28', '-range-max-rsi=80', '-range-p-ema=50,250', '-target-margin-list=1.0,1.5,2.0,2.5,3.0,3.5,4.0,4.5,5.0', '-log-level=WARNING']
2023-11-26 20:08:32;UNIUSDT;30m;1.0;200;28;72;100.0;6;102.05;['-batch-training', '-calc-rsi', '-verbose', '-prediction-mode=index', '-interval-list=30m', '-range-min-rsi=28', '-range-max-rsi=80', '-range-p-ema=50,250', '-target-margin-list=1.0,1.5,2.0,2.5,3.0,3.5,4.0,4.5,5.0', '-log-level=WARNING']
2023-11-26 20:36:54;UNIUSDT;30m;2.0;250;36;72;100.0;7;102.06;['-batch-training', '-calc-rsi', '-verbose', '-prediction-mode=index', '-interval-list=30m', '-range-min-rsi=28', '-range-max-rsi=80', '-range-p-ema=50,250', '-target-margin-list=1.0,1.5,2.0,2.5,3.0,3.5,4.0,4.5,5.0', '-log-level=WARNING']
2023-11-26 20:55:44;UNIUSDT;30m;3.5;50;34;72;100.0;4;102.09;['-batch-training', '-calc-rsi', '-verbose', '-prediction-mode=index', '-interval-list=30m', '-range-min-rsi=28', '-range-max-rsi=80', '-range-p-ema=50,250', '-target-margin-list=1.0,1.5,2.0,2.5,3.0,3.5,4.0,4.5,5.0', '-log-level=WARNING']
2023-11-26 19:31:18;UNIUSDT;30m;3.5;100;34;72;100.0;4;102.09;['-batch-training', '-calc-rsi', '-verbose', '-prediction-mode=index', '-interval-list=30m', '-range-min-rsi=28', '-range-max-rsi=80', '-range-p-ema=50,250', '-target-margin-list=1.0,1.5,2.0,2.5,3.0,3.5,4.0,4.5,5.0', '-log-level=WARNING']
2023-11-26 21:11:20;UNIUSDT;30m;3.5;75;34;72;100.0;4;102.09;['-batch-training', '-calc-rsi', '-verbose', '-prediction-mode=index', '-interval-list=30m', '-range-min-rsi=28', '-range-max-rsi=80', '-range-p-ema=50,250', '-target-margin-list=1.0,1.5,2.0,2.5,3.0,3.5,4.0,4.5,5.0', '-log-level=WARNING']
2023-11-26 19:42:47;UNIUSDT;30m;3.5;125;34;72;100.0;4;102.09;['-batch-training', '-calc-rsi', '-verbose', '-prediction-mode=index', '-interval-list=30m', '-range-min-rsi=28', '-range-max-rsi=80', '-range-p-ema=50,250', '-target-margin-list=1.0,1.5,2.0,2.5,3.0,3.5,4.0,4.5,5.0', '-log-level=WARNING']
2023-11-26 19:50:08;UNIUSDT;30m;1.5;150;30;80;100.0;7;102.11;['-batch-training', '-calc-rsi', '-verbose', '-prediction-mode=index', '-interval-list=30m', '-range-min-rsi=28', '-range-max-rsi=80', '-range-p-ema=50,250', '-target-margin-list=1.0,1.5,2.0,2.5,3.0,3.5,4.0,4.5,5.0', '-log-level=WARNING']
2023-11-26 20:37:01;UNIUSDT;30m;2.0;250;30;74;100.0;6;102.11;['-batch-training', '-calc-rsi', '-verbose', '-prediction-mode=index', '-interval-list=30m', '-range-min-rsi=28', '-range-max-rsi=80', '-range-p-ema=50,250', '-target-margin-list=1.0,1.5,2.0,2.5,3.0,3.5,4.0,4.5,5.0', '-log-level=WARNING']
2023-11-26 19:27:07;UNIUSDT;30m;1.5;100;30;80;100.0;7;102.11;['-batch-training', '-calc-rsi', '-verbose', '-prediction-mode=index', '-interval-list=30m', '-range-min-rsi=28', '-range-max-rsi=80', '-range-p-ema=50,250', '-target-margin-list=1.0,1.5,2.0,2.5,3.0,3.5,4.0,4.5,5.0', '-log-level=WARNING']
2023-11-26 20:50:22;UNIUSDT;30m;1.5;50;30;80;100.0;7;102.11;['-batch-training', '-calc-rsi', '-verbose', '-prediction-mode=index', '-interval-list=30m', '-range-min-rsi=28', '-range-max-rsi=80', '-range-p-ema=50,250', '-target-margin-list=1.0,1.5,2.0,2.5,3.0,3.5,4.0,4.5,5.0', '-log-level=WARNING']
2023-11-26 19:38:36;UNIUSDT;30m;1.5;125;30;80;100.0;7;102.11;['-batch-training', '-calc-rsi', '-verbose', '-prediction-mode=index', '-interval-list=30m', '-range-min-rsi=28', '-range-max-rsi=80', '-range-p-ema=50,250', '-target-margin-list=1.0,1.5,2.0,2.5,3.0,3.5,4.0,4.5,5.0', '-log-level=WARNING']
2023-11-26 21:05:27;UNIUSDT;30m;1.5;75;30;80;100.0;7;102.11;['-batch-training', '-calc-rsi', '-verbose', '-prediction-mode=index', '-interval-list=30m', '-range-min-rsi=28', '-range-max-rsi=80', '-range-p-ema=50,250', '-target-margin-list=1.0,1.5,2.0,2.5,3.0,3.5,4.0,4.5,5.0', '-log-level=WARNING']
2023-11-26 19:31:21;UNIUSDT;30m;3.5;100;36;72;100.0;4;102.13;['-batch-training', '-calc-rsi', '-verbose', '-prediction-mode=index', '-interval-list=30m', '-range-min-rsi=28', '-range-max-rsi=80', '-range-p-ema=50,250', '-target-margin-list=1.0,1.5,2.0,2.5,3.0,3.5,4.0,4.5,5.0', '-log-level=WARNING']
2023-11-26 19:42:50;UNIUSDT;30m;3.5;125;36;72;100.0;4;102.13;['-batch-training', '-calc-rsi', '-verbose', '-prediction-mode=index', '-interval-list=30m', '-range-min-rsi=28', '-range-max-rsi=80', '-range-p-ema=50,250', '-target-margin-list=1.0,1.5,2.0,2.5,3.0,3.5,4.0,4.5,5.0', '-log-level=WARNING']
2023-11-26 20:55:49;UNIUSDT;30m;3.5;50;36;72;100.0;4;102.13;['-batch-training', '-calc-rsi', '-verbose', '-prediction-mode=index', '-interval-list=30m', '-range-min-rsi=28', '-range-max-rsi=80', '-range-p-ema=50,250', '-target-margin-list=1.0,1.5,2.0,2.5,3.0,3.5,4.0,4.5,5.0', '-log-level=WARNING']
2023-11-26 20:02:30;UNIUSDT;30m;2.5;175;34;76;100.0;2;102.13;['-batch-training', '-calc-rsi', '-verbose', '-prediction-mode=index', '-interval-list=30m', '-range-min-rsi=28', '-range-max-rsi=80', '-range-p-ema=50,250', '-target-margin-list=1.0,1.5,2.0,2.5,3.0,3.5,4.0,4.5,5.0', '-log-level=WARNING']
2023-11-26 21:11:25;UNIUSDT;30m;3.5;75;36;72;100.0;4;102.13;['-batch-training', '-calc-rsi', '-verbose', '-prediction-mode=index', '-interval-list=30m', '-range-min-rsi=28', '-range-max-rsi=80', '-range-p-ema=50,250', '-target-margin-list=1.0,1.5,2.0,2.5,3.0,3.5,4.0,4.5,5.0', '-log-level=WARNING']
2023-11-26 20:11:56;UNIUSDT;30m;2.0;200;32;78;100.0;5;102.14;['-batch-training', '-calc-rsi', '-verbose', '-prediction-mode=index', '-interval-list=30m', '-range-min-rsi=28', '-range-max-rsi=80', '-range-p-ema=50,250', '-target-margin-list=1.0,1.5,2.0,2.5,3.0,3.5,4.0,4.5,5.0', '-log-level=WARNING']
2023-11-26 20:24:27;UNIUSDT;30m;2.0;225;32;78;100.0;5;102.14;['-batch-training', '-calc-rsi', '-verbose', '-prediction-mode=index', '-interval-list=30m', '-range-min-rsi=28', '-range-max-rsi=80', '-range-p-ema=50,250', '-target-margin-list=1.0,1.5,2.0,2.5,3.0,3.5,4.0,4.5,5.0', '-log-level=WARNING']
2023-11-26 19:58:41;UNIUSDT;30m;1.0;175;36;72;100.0;5;102.15;['-batch-training', '-calc-rsi', '-verbose', '-prediction-mode=index', '-interval-list=30m', '-range-min-rsi=28', '-range-max-rsi=80', '-range-p-ema=50,250', '-target-margin-list=1.0,1.5,2.0,2.5,3.0,3.5,4.0,4.5,5.0', '-log-level=WARNING']
2023-11-26 20:36:47;UNIUSDT;30m;2.0;250;32;72;100.0;3;102.15;['-batch-training', '-calc-rsi', '-verbose', '-prediction-mode=index', '-interval-list=30m', '-range-min-rsi=28', '-range-max-rsi=80', '-range-p-ema=50,250', '-target-margin-list=1.0,1.5,2.0,2.5,3.0,3.5,4.0,4.5,5.0', '-log-level=WARNING']
2023-11-26 20:08:44;UNIUSDT;30m;1.0;200;36;72;100.0;5;102.17;['-batch-training', '-calc-rsi', '-verbose', '-prediction-mode=index', '-interval-list=30m', '-range-min-rsi=28', '-range-max-rsi=80', '-range-p-ema=50,250', '-target-margin-list=1.0,1.5,2.0,2.5,3.0,3.5,4.0,4.5,5.0', '-log-level=WARNING']
2023-11-26 20:09:39;UNIUSDT;30m;1.0;200;34;80;100.0;5;102.19;['-batch-training', '-calc-rsi', '-verbose', '-prediction-mode=index', '-interval-list=30m', '-range-min-rsi=28', '-range-max-rsi=80', '-range-p-ema=50,250', '-target-margin-list=1.0,1.5,2.0,2.5,3.0,3.5,4.0,4.5,5.0', '-log-level=WARNING']
2023-11-26 19:29:29;UNIUSDT;30m;2.5;100;32;78;100.0;5;102.19;['-batch-training', '-calc-rsi', '-verbose', '-prediction-mode=index', '-interval-list=30m', '-range-min-rsi=28', '-range-max-rsi=80', '-range-p-ema=50,250', '-target-margin-list=1.0,1.5,2.0,2.5,3.0,3.5,4.0,4.5,5.0', '-log-level=WARNING']
2023-11-26 19:40:58;UNIUSDT;30m;2.5;125;32;78;100.0;5;102.19;['-batch-training', '-calc-rsi', '-verbose', '-prediction-mode=index', '-interval-list=30m', '-range-min-rsi=28', '-range-max-rsi=80', '-range-p-ema=50,250', '-target-margin-list=1.0,1.5,2.0,2.5,3.0,3.5,4.0,4.5,5.0', '-log-level=WARNING']
2023-11-26 21:08:47;UNIUSDT;30m;2.5;75;32;78;100.0;5;102.19;['-batch-training', '-calc-rsi', '-verbose', '-prediction-mode=index', '-interval-list=30m', '-range-min-rsi=28', '-range-max-rsi=80', '-range-p-ema=50,250', '-target-margin-list=1.0,1.5,2.0,2.5,3.0,3.5,4.0,4.5,5.0', '-log-level=WARNING']
2023-11-26 20:53:23;UNIUSDT;30m;2.5;50;32;78;100.0;5;102.19;['-batch-training', '-calc-rsi', '-verbose', '-prediction-mode=index', '-interval-list=30m', '-range-min-rsi=28', '-range-max-rsi=80', '-range-p-ema=50,250', '-target-margin-list=1.0,1.5,2.0,2.5,3.0,3.5,4.0,4.5,5.0', '-log-level=WARNING']
2023-11-26 20:23:38;UNIUSDT;30m;2.0;225;34;72;100.0;7;102.21;['-batch-training', '-calc-rsi', '-verbose', '-prediction-mode=index', '-interval-list=30m', '-range-min-rsi=28', '-range-max-rsi=80', '-range-p-ema=50,250', '-target-margin-list=1.0,1.5,2.0,2.5,3.0,3.5,4.0,4.5,5.0', '-log-level=WARNING']
2023-11-26 19:52:40;UNIUSDT;30m;2.5;150;30;80;100.0;2;102.25;['-batch-training', '-calc-rsi', '-verbose', '-prediction-mode=index', '-interval-list=30m', '-range-min-rsi=28', '-range-max-rsi=80', '-range-p-ema=50,250', '-target-margin-list=1.0,1.5,2.0,2.5,3.0,3.5,4.0,4.5,5.0', '-log-level=WARNING']
2023-11-26 19:29:41;UNIUSDT;30m;2.5;100;30;80;100.0;2;102.25;['-batch-training', '-calc-rsi', '-verbose', '-prediction-mode=index', '-interval-list=30m', '-range-min-rsi=28', '-range-max-rsi=80', '-range-p-ema=50,250', '-target-margin-list=1.0,1.5,2.0,2.5,3.0,3.5,4.0,4.5,5.0', '-log-level=WARNING']
2023-11-26 19:41:10;UNIUSDT;30m;2.5;125;30;80;100.0;2;102.25;['-batch-training', '-calc-rsi', '-verbose', '-prediction-mode=index', '-interval-list=30m', '-range-min-rsi=28', '-range-max-rsi=80', '-range-p-ema=50,250', '-target-margin-list=1.0,1.5,2.0,2.5,3.0,3.5,4.0,4.5,5.0', '-log-level=WARNING']
2023-11-26 20:53:38;UNIUSDT;30m;2.5;50;30;80;100.0;2;102.25;['-batch-training', '-calc-rsi', '-verbose', '-prediction-mode=index', '-interval-list=30m', '-range-min-rsi=28', '-range-max-rsi=80', '-range-p-ema=50,250', '-target-margin-list=1.0,1.5,2.0,2.5,3.0,3.5,4.0,4.5,5.0', '-log-level=WARNING']
2023-11-26 21:09:05;UNIUSDT;30m;2.5;75;30;80;100.0;2;102.25;['-batch-training', '-calc-rsi', '-verbose', '-prediction-mode=index', '-interval-list=30m', '-range-min-rsi=28', '-range-max-rsi=80', '-range-p-ema=50,250', '-target-margin-list=1.0,1.5,2.0,2.5,3.0,3.5,4.0,4.5,5.0', '-log-level=WARNING']
2023-11-26 21:06:58;UNIUSDT;30m;2.0;75;32;78;100.0;4;102.26;['-batch-training', '-calc-rsi', '-verbose', '-prediction-mode=index', '-interval-list=30m', '-range-min-rsi=28', '-range-max-rsi=80', '-range-p-ema=50,250', '-target-margin-list=1.0,1.5,2.0,2.5,3.0,3.5,4.0,4.5,5.0', '-log-level=WARNING']
2023-11-26 20:51:43;UNIUSDT;30m;2.0;50;32;78;100.0;4;102.26;['-batch-training', '-calc-rsi', '-verbose', '-prediction-mode=index', '-interval-list=30m', '-range-min-rsi=28', '-range-max-rsi=80', '-range-p-ema=50,250', '-target-margin-list=1.0,1.5,2.0,2.5,3.0,3.5,4.0,4.5,5.0', '-log-level=WARNING']
2023-11-26 19:39:41;UNIUSDT;30m;2.0;125;32;78;100.0;4;102.26;['-batch-training', '-calc-rsi', '-verbose', '-prediction-mode=index', '-interval-list=30m', '-range-min-rsi=28', '-range-max-rsi=80', '-range-p-ema=50,250', '-target-margin-list=1.0,1.5,2.0,2.5,3.0,3.5,4.0,4.5,5.0', '-log-level=WARNING']
2023-11-26 19:28:11;UNIUSDT;30m;2.0;100;32;78;100.0;4;102.26;['-batch-training', '-calc-rsi', '-verbose', '-prediction-mode=index', '-interval-list=30m', '-range-min-rsi=28', '-range-max-rsi=80', '-range-p-ema=50,250', '-target-margin-list=1.0,1.5,2.0,2.5,3.0,3.5,4.0,4.5,5.0', '-log-level=WARNING']
2023-11-26 19:48:05;UNIUSDT;30m;1.0;150;32;74;100.0;7;102.29;['-batch-training', '-calc-rsi', '-verbose', '-prediction-mode=index', '-interval-list=30m', '-range-min-rsi=28', '-range-max-rsi=80', '-range-p-ema=50,250', '-target-margin-list=1.0,1.5,2.0,2.5,3.0,3.5,4.0,4.5,5.0', '-log-level=WARNING']
2023-11-26 20:00:37;UNIUSDT;30m;1.5;175;30;80;100.0;7;102.29;['-batch-training', '-calc-rsi', '-verbose', '-prediction-mode=index', '-interval-list=30m', '-range-min-rsi=28', '-range-max-rsi=80', '-range-p-ema=50,250', '-target-margin-list=1.0,1.5,2.0,2.5,3.0,3.5,4.0,4.5,5.0', '-log-level=WARNING']
2023-11-26 20:23:14;UNIUSDT;30m;1.5;225;30;80;100.0;7;102.29;['-batch-training', '-calc-rsi', '-verbose', '-prediction-mode=index', '-interval-list=30m', '-range-min-rsi=28', '-range-max-rsi=80', '-range-p-ema=50,250', '-target-margin-list=1.0,1.5,2.0,2.5,3.0,3.5,4.0,4.5,5.0', '-log-level=WARNING']
2023-11-26 20:10:49;UNIUSDT;30m;1.5;200;30;80;100.0;7;102.29;['-batch-training', '-calc-rsi', '-verbose', '-prediction-mode=index', '-interval-list=30m', '-range-min-rsi=28', '-range-max-rsi=80', '-range-p-ema=50,250', '-target-margin-list=1.0,1.5,2.0,2.5,3.0,3.5,4.0,4.5,5.0', '-log-level=WARNING']
2023-11-26 20:36:25;UNIUSDT;30m;1.5;250;30;80;100.0;7;102.29;['-batch-training', '-calc-rsi', '-verbose', '-prediction-mode=index', '-interval-list=30m', '-range-min-rsi=28', '-range-max-rsi=80', '-range-p-ema=50,250', '-target-margin-list=1.0,1.5,2.0,2.5,3.0,3.5,4.0,4.5,5.0', '-log-level=WARNING']
2023-11-26 20:35:06;UNIUSDT;30m;1.0;250;36;80;100.0;5;102.3;['-batch-training', '-calc-rsi', '-verbose', '-prediction-mode=index', '-interval-list=30m', '-range-min-rsi=28', '-range-max-rsi=80', '-range-p-ema=50,250', '-target-margin-list=1.0,1.5,2.0,2.5,3.0,3.5,4.0,4.5,5.0', '-log-level=WARNING']
2023-11-26 20:50:06;UNIUSDT;30m;1.5;50;32;78;100.0;4;102.31;['-batch-training', '-calc-rsi', '-verbose', '-prediction-mode=index', '-interval-list=30m', '-range-min-rsi=28', '-range-max-rsi=80', '-range-p-ema=50,250', '-target-margin-list=1.0,1.5,2.0,2.5,3.0,3.5,4.0,4.5,5.0', '-log-level=WARNING']
2023-11-26 19:38:23;UNIUSDT;30m;1.5;125;32;78;100.0;4;102.31;['-batch-training', '-calc-rsi', '-verbose', '-prediction-mode=index', '-interval-list=30m', '-range-min-rsi=28', '-range-max-rsi=80', '-range-p-ema=50,250', '-target-margin-list=1.0,1.5,2.0,2.5,3.0,3.5,4.0,4.5,5.0', '-log-level=WARNING']
2023-11-26 19:26:54;UNIUSDT;30m;1.5;100;32;78;100.0;4;102.31;['-batch-training', '-calc-rsi', '-verbose', '-prediction-mode=index', '-interval-list=30m', '-range-min-rsi=28', '-range-max-rsi=80', '-range-p-ema=50,250', '-target-margin-list=1.0,1.5,2.0,2.5,3.0,3.5,4.0,4.5,5.0', '-log-level=WARNING']
2023-11-26 21:05:11;UNIUSDT;30m;1.5;75;32;78;100.0;4;102.31;['-batch-training', '-calc-rsi', '-verbose', '-prediction-mode=index', '-interval-list=30m', '-range-min-rsi=28', '-range-max-rsi=80', '-range-p-ema=50,250', '-target-margin-list=1.0,1.5,2.0,2.5,3.0,3.5,4.0,4.5,5.0', '-log-level=WARNING']
2023-11-26 20:01:39;UNIUSDT;30m;2.0;175;36;78;100.0;2;102.33;['-batch-training', '-calc-rsi', '-verbose', '-prediction-mode=index', '-interval-list=30m', '-range-min-rsi=28', '-range-max-rsi=80', '-range-p-ema=50,250', '-target-margin-list=1.0,1.5,2.0,2.5,3.0,3.5,4.0,4.5,5.0', '-log-level=WARNING']
2023-11-26 20:39:18;UNIUSDT;30m;2.5;250;36;78;100.0;6;102.37;['-batch-training', '-calc-rsi', '-verbose', '-prediction-mode=index', '-interval-list=30m', '-range-min-rsi=28', '-range-max-rsi=80', '-range-p-ema=50,250', '-target-margin-list=1.0,1.5,2.0,2.5,3.0,3.5,4.0,4.5,5.0', '-log-level=WARNING']
2023-11-26 20:26:17;UNIUSDT;30m;2.5;225;36;80;100.0;2;102.38;['-batch-training', '-calc-rsi', '-verbose', '-prediction-mode=index', '-interval-list=30m', '-range-min-rsi=28', '-range-max-rsi=80', '-range-p-ema=50,250', '-target-margin-list=1.0,1.5,2.0,2.5,3.0,3.5,4.0,4.5,5.0', '-log-level=WARNING']
2023-11-26 19:50:29;UNIUSDT;30m;2.0;150;34;72;100.0;7;102.42;['-batch-training', '-calc-rsi', '-verbose', '-prediction-mode=index', '-interval-list=30m', '-range-min-rsi=28', '-range-max-rsi=80', '-range-p-ema=50,250', '-target-margin-list=1.0,1.5,2.0,2.5,3.0,3.5,4.0,4.5,5.0', '-log-level=WARNING']
2023-11-26 21:06:11;UNIUSDT;30m;2.0;75;30;74;100.0;6;102.43;['-batch-training', '-calc-rsi', '-verbose', '-prediction-mode=index', '-interval-list=30m', '-range-min-rsi=28', '-range-max-rsi=80', '-range-p-ema=50,250', '-target-margin-list=1.0,1.5,2.0,2.5,3.0,3.5,4.0,4.5,5.0', '-log-level=WARNING']
2023-11-26 19:24:45;UNIUSDT;30m;1.0;100;30;72;100.0;5;102.43;['-batch-training', '-calc-rsi', '-verbose', '-prediction-mode=index', '-interval-list=30m', '-range-min-rsi=28', '-range-max-rsi=80', '-range-p-ema=50,250', '-target-margin-list=1.0,1.5,2.0,2.5,3.0,3.5,4.0,4.5,5.0', '-log-level=WARNING']
2023-11-26 19:47:46;UNIUSDT;30m;1.0;150;30;72;100.0;5;102.43;['-batch-training', '-calc-rsi', '-verbose', '-prediction-mode=index', '-interval-list=30m', '-range-min-rsi=28', '-range-max-rsi=80', '-range-p-ema=50,250', '-target-margin-list=1.0,1.5,2.0,2.5,3.0,3.5,4.0,4.5,5.0', '-log-level=WARNING']
2023-11-26 20:11:22;UNIUSDT;30m;2.0;200;30;74;100.0;6;102.43;['-batch-training', '-calc-rsi', '-verbose', '-prediction-mode=index', '-interval-list=30m', '-range-min-rsi=28', '-range-max-rsi=80', '-range-p-ema=50,250', '-target-margin-list=1.0,1.5,2.0,2.5,3.0,3.5,4.0,4.5,5.0', '-log-level=WARNING']
2023-11-26 19:36:12;UNIUSDT;30m;1.0;125;30;72;100.0;5;102.43;['-batch-training', '-calc-rsi', '-verbose', '-prediction-mode=index', '-interval-list=30m', '-range-min-rsi=28', '-range-max-rsi=80', '-range-p-ema=50,250', '-target-margin-list=1.0,1.5,2.0,2.5,3.0,3.5,4.0,4.5,5.0', '-log-level=WARNING']
2023-11-26 21:02:16;UNIUSDT;30m;1.0;75;30;72;100.0;5;102.43;['-batch-training', '-calc-rsi', '-verbose', '-prediction-mode=index', '-interval-list=30m', '-range-min-rsi=28', '-range-max-rsi=80', '-range-p-ema=50,250', '-target-margin-list=1.0,1.5,2.0,2.5,3.0,3.5,4.0,4.5,5.0', '-log-level=WARNING']
2023-11-26 19:27:38;UNIUSDT;30m;2.0;100;30;74;100.0;6;102.43;['-batch-training', '-calc-rsi', '-verbose', '-prediction-mode=index', '-interval-list=30m', '-range-min-rsi=28', '-range-max-rsi=80', '-range-p-ema=50,250', '-target-margin-list=1.0,1.5,2.0,2.5,3.0,3.5,4.0,4.5,5.0', '-log-level=WARNING']
2023-11-26 20:47:30;UNIUSDT;30m;1.0;50;30;72;100.0;5;102.43;['-batch-training', '-calc-rsi', '-verbose', '-prediction-mode=index', '-interval-list=30m', '-range-min-rsi=28', '-range-max-rsi=80', '-range-p-ema=50,250', '-target-margin-list=1.0,1.5,2.0,2.5,3.0,3.5,4.0,4.5,5.0', '-log-level=WARNING']
2023-11-26 19:50:38;UNIUSDT;30m;2.0;150;30;74;100.0;6;102.43;['-batch-training', '-calc-rsi', '-verbose', '-prediction-mode=index', '-interval-list=30m', '-range-min-rsi=28', '-range-max-rsi=80', '-range-p-ema=50,250', '-target-margin-list=1.0,1.5,2.0,2.5,3.0,3.5,4.0,4.5,5.0', '-log-level=WARNING']
2023-11-26 20:23:48;UNIUSDT;30m;2.0;225;30;74;100.0;6;102.43;['-batch-training', '-calc-rsi', '-verbose', '-prediction-mode=index', '-interval-list=30m', '-range-min-rsi=28', '-range-max-rsi=80', '-range-p-ema=50,250', '-target-margin-list=1.0,1.5,2.0,2.5,3.0,3.5,4.0,4.5,5.0', '-log-level=WARNING']
2023-11-26 20:01:04;UNIUSDT;30m;2.0;175;30;74;100.0;6;102.43;['-batch-training', '-calc-rsi', '-verbose', '-prediction-mode=index', '-interval-list=30m', '-range-min-rsi=28', '-range-max-rsi=80', '-range-p-ema=50,250', '-target-margin-list=1.0,1.5,2.0,2.5,3.0,3.5,4.0,4.5,5.0', '-log-level=WARNING']
2023-11-26 20:51:01;UNIUSDT;30m;2.0;50;30;74;100.0;6;102.43;['-batch-training', '-calc-rsi', '-verbose', '-prediction-mode=index', '-interval-list=30m', '-range-min-rsi=28', '-range-max-rsi=80', '-range-p-ema=50,250', '-target-margin-list=1.0,1.5,2.0,2.5,3.0,3.5,4.0,4.5,5.0', '-log-level=WARNING']
2023-11-26 19:39:07;UNIUSDT;30m;2.0;125;30;74;100.0;6;102.43;['-batch-training', '-calc-rsi', '-verbose', '-prediction-mode=index', '-interval-list=30m', '-range-min-rsi=28', '-range-max-rsi=80', '-range-p-ema=50,250', '-target-margin-list=1.0,1.5,2.0,2.5,3.0,3.5,4.0,4.5,5.0', '-log-level=WARNING']
2023-11-26 19:42:24;UNIUSDT;30m;3.0;125;28;80;100.0;4;102.44;['-batch-training', '-calc-rsi', '-verbose', '-prediction-mode=index', '-interval-list=30m', '-range-min-rsi=28', '-range-max-rsi=80', '-range-p-ema=50,250', '-target-margin-list=1.0,1.5,2.0,2.5,3.0,3.5,4.0,4.5,5.0', '-log-level=WARNING']
2023-11-26 20:13:00;UNIUSDT;30m;2.5;200;32;76;100.0;4;102.44;['-batch-training', '-calc-rsi', '-verbose', '-prediction-mode=index', '-interval-list=30m', '-range-min-rsi=28', '-range-max-rsi=80', '-range-p-ema=50,250', '-target-margin-list=1.0,1.5,2.0,2.5,3.0,3.5,4.0,4.5,5.0', '-log-level=WARNING']
2023-11-26 21:10:46;UNIUSDT;30m;3.0;75;28;80;100.0;4;102.44;['-batch-training', '-calc-rsi', '-verbose', '-prediction-mode=index', '-interval-list=30m', '-range-min-rsi=28', '-range-max-rsi=80', '-range-p-ema=50,250', '-target-margin-list=1.0,1.5,2.0,2.5,3.0,3.5,4.0,4.5,5.0', '-log-level=WARNING']
2023-11-26 19:52:14;UNIUSDT;30m;2.5;150;32;76;100.0;4;102.44;['-batch-training', '-calc-rsi', '-verbose', '-prediction-mode=index', '-interval-list=30m', '-range-min-rsi=28', '-range-max-rsi=80', '-range-p-ema=50,250', '-target-margin-list=1.0,1.5,2.0,2.5,3.0,3.5,4.0,4.5,5.0', '-log-level=WARNING']
2023-11-26 20:03:56;UNIUSDT;30m;3.0;175;28;80;100.0;4;102.44;['-batch-training', '-calc-rsi', '-verbose', '-prediction-mode=index', '-interval-list=30m', '-range-min-rsi=28', '-range-max-rsi=80', '-range-p-ema=50,250', '-target-margin-list=1.0,1.5,2.0,2.5,3.0,3.5,4.0,4.5,5.0', '-log-level=WARNING']
2023-11-26 20:25:36;UNIUSDT;30m;2.5;225;32;76;100.0;4;102.44;['-batch-training', '-calc-rsi', '-verbose', '-prediction-mode=index', '-interval-list=30m', '-range-min-rsi=28', '-range-max-rsi=80', '-range-p-ema=50,250', '-target-margin-list=1.0,1.5,2.0,2.5,3.0,3.5,4.0,4.5,5.0', '-log-level=WARNING']
2023-11-26 20:27:30;UNIUSDT;30m;3.0;225;28;80;100.0;4;102.44;['-batch-training', '-calc-rsi', '-verbose', '-prediction-mode=index', '-interval-list=30m', '-range-min-rsi=28', '-range-max-rsi=80', '-range-p-ema=50,250', '-target-margin-list=1.0,1.5,2.0,2.5,3.0,3.5,4.0,4.5,5.0', '-log-level=WARNING']
2023-11-26 20:14:46;UNIUSDT;30m;3.0;200;28;80;100.0;4;102.44;['-batch-training', '-calc-rsi', '-verbose', '-prediction-mode=index', '-interval-list=30m', '-range-min-rsi=28', '-range-max-rsi=80', '-range-p-ema=50,250', '-target-margin-list=1.0,1.5,2.0,2.5,3.0,3.5,4.0,4.5,5.0', '-log-level=WARNING']
2023-11-26 20:55:13;UNIUSDT;30m;3.0;50;28;80;100.0;4;102.44;['-batch-training', '-calc-rsi', '-verbose', '-prediction-mode=index', '-interval-list=30m', '-range-min-rsi=28', '-range-max-rsi=80', '-range-p-ema=50,250', '-target-margin-list=1.0,1.5,2.0,2.5,3.0,3.5,4.0,4.5,5.0', '-log-level=WARNING']
2023-11-26 20:02:28;UNIUSDT;30m;2.5;175;32;76;100.0;4;102.44;['-batch-training', '-calc-rsi', '-verbose', '-prediction-mode=index', '-interval-list=30m', '-range-min-rsi=28', '-range-max-rsi=80', '-range-p-ema=50,250', '-target-margin-list=1.0,1.5,2.0,2.5,3.0,3.5,4.0,4.5,5.0', '-log-level=WARNING']
2023-11-26 19:30:54;UNIUSDT;30m;3.0;100;28;80;100.0;4;102.44;['-batch-training', '-calc-rsi', '-verbose', '-prediction-mode=index', '-interval-list=30m', '-range-min-rsi=28', '-range-max-rsi=80', '-range-p-ema=50,250', '-target-margin-list=1.0,1.5,2.0,2.5,3.0,3.5,4.0,4.5,5.0', '-log-level=WARNING']
2023-11-26 20:40:55;UNIUSDT;30m;3.0;250;28;80;100.0;4;102.44;['-batch-training', '-calc-rsi', '-verbose', '-prediction-mode=index', '-interval-list=30m', '-range-min-rsi=28', '-range-max-rsi=80', '-range-p-ema=50,250', '-target-margin-list=1.0,1.5,2.0,2.5,3.0,3.5,4.0,4.5,5.0', '-log-level=WARNING']
2023-11-26 19:53:46;UNIUSDT;30m;3.0;150;28;80;100.0;4;102.44;['-batch-training', '-calc-rsi', '-verbose', '-prediction-mode=index', '-interval-list=30m', '-range-min-rsi=28', '-range-max-rsi=80', '-range-p-ema=50,250', '-target-margin-list=1.0,1.5,2.0,2.5,3.0,3.5,4.0,4.5,5.0', '-log-level=WARNING']
2023-11-26 20:11:31;UNIUSDT;30m;2.0;200;36;74;100.0;7;102.45;['-batch-training', '-calc-rsi', '-verbose', '-prediction-mode=index', '-interval-list=30m', '-range-min-rsi=28', '-range-max-rsi=80', '-range-p-ema=50,250', '-target-margin-list=1.0,1.5,2.0,2.5,3.0,3.5,4.0,4.5,5.0', '-log-level=WARNING']
2023-11-26 20:35:45;UNIUSDT;30m;1.5;250;28;76;100.0;5;102.46;['-batch-training', '-calc-rsi', '-verbose', '-prediction-mode=index', '-interval-list=30m', '-range-min-rsi=28', '-range-max-rsi=80', '-range-p-ema=50,250', '-target-margin-list=1.0,1.5,2.0,2.5,3.0,3.5,4.0,4.5,5.0', '-log-level=WARNING']
2023-11-26 20:36:00;UNIUSDT;30m;1.5;250;36;76;100.0;2;102.46;['-batch-training', '-calc-rsi', '-verbose', '-prediction-mode=index', '-interval-list=30m', '-range-min-rsi=28', '-range-max-rsi=80', '-range-p-ema=50,250', '-target-margin-list=1.0,1.5,2.0,2.5,3.0,3.5,4.0,4.5,5.0', '-log-level=WARNING']
2023-11-26 20:23:35;UNIUSDT;30m;2.0;225;32;72;100.0;3;102.47;['-batch-training', '-calc-rsi', '-verbose', '-prediction-mode=index', '-interval-list=30m', '-range-min-rsi=28', '-range-max-rsi=80', '-range-p-ema=50,250', '-target-margin-list=1.0,1.5,2.0,2.5,3.0,3.5,4.0,4.5,5.0', '-log-level=WARNING']
2023-11-26 20:24:17;UNIUSDT;30m;2.0;225;36;76;100.0;2;102.47;['-batch-training', '-calc-rsi', '-verbose', '-prediction-mode=index', '-interval-list=30m', '-range-min-rsi=28', '-range-max-rsi=80', '-range-p-ema=50,250', '-target-margin-list=1.0,1.5,2.0,2.5,3.0,3.5,4.0,4.5,5.0', '-log-level=WARNING']
2023-11-26 20:20:48;UNIUSDT;30m;1.0;225;36;72;100.0;7;102.48;['-batch-training', '-calc-rsi', '-verbose', '-prediction-mode=index', '-interval-list=30m', '-range-min-rsi=28', '-range-max-rsi=80', '-range-p-ema=50,250', '-target-margin-list=1.0,1.5,2.0,2.5,3.0,3.5,4.0,4.5,5.0', '-log-level=WARNING']
2023-11-26 19:51:10;UNIUSDT;30m;2.0;150;30;78;100.0;2;102.49;['-batch-training', '-calc-rsi', '-verbose', '-prediction-mode=index', '-interval-list=30m', '-range-min-rsi=28', '-range-max-rsi=80', '-range-p-ema=50,250', '-target-margin-list=1.0,1.5,2.0,2.5,3.0,3.5,4.0,4.5,5.0', '-log-level=WARNING']
2023-11-26 20:51:39;UNIUSDT;30m;2.0;50;30;78;100.0;2;102.49;['-batch-training', '-calc-rsi', '-verbose', '-prediction-mode=index', '-interval-list=30m', '-range-min-rsi=28', '-range-max-rsi=80', '-range-p-ema=50,250', '-target-margin-list=1.0,1.5,2.0,2.5,3.0,3.5,4.0,4.5,5.0', '-log-level=WARNING']
2023-11-26 19:39:38;UNIUSDT;30m;2.0;125;30;78;100.0;2;102.49;['-batch-training', '-calc-rsi', '-verbose', '-prediction-mode=index', '-interval-list=30m', '-range-min-rsi=28', '-range-max-rsi=80', '-range-p-ema=50,250', '-target-margin-list=1.0,1.5,2.0,2.5,3.0,3.5,4.0,4.5,5.0', '-log-level=WARNING']
2023-11-26 21:06:54;UNIUSDT;30m;2.0;75;30;78;100.0;2;102.49;['-batch-training', '-calc-rsi', '-verbose', '-prediction-mode=index', '-interval-list=30m', '-range-min-rsi=28', '-range-max-rsi=80', '-range-p-ema=50,250', '-target-margin-list=1.0,1.5,2.0,2.5,3.0,3.5,4.0,4.5,5.0', '-log-level=WARNING']
2023-11-26 19:28:08;UNIUSDT;30m;2.0;100;30;78;100.0;2;102.49;['-batch-training', '-calc-rsi', '-verbose', '-prediction-mode=index', '-interval-list=30m', '-range-min-rsi=28', '-range-max-rsi=80', '-range-p-ema=50,250', '-target-margin-list=1.0,1.5,2.0,2.5,3.0,3.5,4.0,4.5,5.0', '-log-level=WARNING']
2023-11-26 20:03:18;UNIUSDT;30m;3.0;175;30;74;100.0;4;102.5;['-batch-training', '-calc-rsi', '-verbose', '-prediction-mode=index', '-interval-list=30m', '-range-min-rsi=28', '-range-max-rsi=80', '-range-p-ema=50,250', '-target-margin-list=1.0,1.5,2.0,2.5,3.0,3.5,4.0,4.5,5.0', '-log-level=WARNING']
2023-11-26 20:26:41;UNIUSDT;30m;3.0;225;30;74;100.0;4;102.5;['-batch-training', '-calc-rsi', '-verbose', '-prediction-mode=index', '-interval-list=30m', '-range-min-rsi=28', '-range-max-rsi=80', '-range-p-ema=50,250', '-target-margin-list=1.0,1.5,2.0,2.5,3.0,3.5,4.0,4.5,5.0', '-log-level=WARNING']
2023-11-26 20:14:01;UNIUSDT;30m;3.0;200;30;74;100.0;4;102.5;['-batch-training', '-calc-rsi', '-verbose', '-prediction-mode=index', '-interval-list=30m', '-range-min-rsi=28', '-range-max-rsi=80', '-range-p-ema=50,250', '-target-margin-list=1.0,1.5,2.0,2.5,3.0,3.5,4.0,4.5,5.0', '-log-level=WARNING']
2023-11-26 21:09:46;UNIUSDT;30m;3.0;75;30;74;100.0;4;102.5;['-batch-training', '-calc-rsi', '-verbose', '-prediction-mode=index', '-interval-list=30m', '-range-min-rsi=28', '-range-max-rsi=80', '-range-p-ema=50,250', '-target-margin-list=1.0,1.5,2.0,2.5,3.0,3.5,4.0,4.5,5.0', '-log-level=WARNING']
2023-11-26 20:01:09;UNIUSDT;30m;2.0;175;34;74;100.0;7;102.5;['-batch-training', '-calc-rsi', '-verbose', '-prediction-mode=index', '-interval-list=30m', '-range-min-rsi=28', '-range-max-rsi=80', '-range-p-ema=50,250', '-target-margin-list=1.0,1.5,2.0,2.5,3.0,3.5,4.0,4.5,5.0', '-log-level=WARNING']
2023-11-26 19:30:11;UNIUSDT;30m;3.0;100;30;74;100.0;4;102.5;['-batch-training', '-calc-rsi', '-verbose', '-prediction-mode=index', '-interval-list=30m', '-range-min-rsi=28', '-range-max-rsi=80', '-range-p-ema=50,250', '-target-margin-list=1.0,1.5,2.0,2.5,3.0,3.5,4.0,4.5,5.0', '-log-level=WARNING']
2023-11-26 19:53:07;UNIUSDT;30m;3.0;150;30;74;100.0;4;102.5;['-batch-training', '-calc-rsi', '-verbose', '-prediction-mode=index', '-interval-list=30m', '-range-min-rsi=28', '-range-max-rsi=80', '-range-p-ema=50,250', '-target-margin-list=1.0,1.5,2.0,2.5,3.0,3.5,4.0,4.5,5.0', '-log-level=WARNING']
2023-11-26 19:59:45;UNIUSDT;30m;1.5;175;32;72;100.0;4;102.5;['-batch-training', '-calc-rsi', '-verbose', '-prediction-mode=index', '-interval-list=30m', '-range-min-rsi=28', '-range-max-rsi=80', '-range-p-ema=50,250', '-target-margin-list=1.0,1.5,2.0,2.5,3.0,3.5,4.0,4.5,5.0', '-log-level=WARNING']
2023-11-26 20:11:44;UNIUSDT;30m;2.0;200;34;76;100.0;7;102.5;['-batch-training', '-calc-rsi', '-verbose', '-prediction-mode=index', '-interval-list=30m', '-range-min-rsi=28', '-range-max-rsi=80', '-range-p-ema=50,250', '-target-margin-list=1.0,1.5,2.0,2.5,3.0,3.5,4.0,4.5,5.0', '-log-level=WARNING']
2023-11-26 19:41:40;UNIUSDT;30m;3.0;125;30;74;100.0;4;102.5;['-batch-training', '-calc-rsi', '-verbose', '-prediction-mode=index', '-interval-list=30m', '-range-min-rsi=28', '-range-max-rsi=80', '-range-p-ema=50,250', '-target-margin-list=1.0,1.5,2.0,2.5,3.0,3.5,4.0,4.5,5.0', '-log-level=WARNING']
2023-11-26 20:54:18;UNIUSDT;30m;3.0;50;30;74;100.0;4;102.5;['-batch-training', '-calc-rsi', '-verbose', '-prediction-mode=index', '-interval-list=30m', '-range-min-rsi=28', '-range-max-rsi=80', '-range-p-ema=50,250', '-target-margin-list=1.0,1.5,2.0,2.5,3.0,3.5,4.0,4.5,5.0', '-log-level=WARNING']
2023-11-26 20:36:07;UNIUSDT;30m;1.5;250;30;78;100.0;5;102.51;['-batch-training', '-calc-rsi', '-verbose', '-prediction-mode=index', '-interval-list=30m', '-range-min-rsi=28', '-range-max-rsi=80', '-range-p-ema=50,250', '-target-margin-list=1.0,1.5,2.0,2.5,3.0,3.5,4.0,4.5,5.0', '-log-level=WARNING']
2023-11-26 20:09:50;UNIUSDT;30m;1.5;200;32;72;100.0;4;102.51;['-batch-training', '-calc-rsi', '-verbose', '-prediction-mode=index', '-interval-list=30m', '-range-min-rsi=28', '-range-max-rsi=80', '-range-p-ema=50,250', '-target-margin-list=1.0,1.5,2.0,2.5,3.0,3.5,4.0,4.5,5.0', '-log-level=WARNING']
2023-11-26 20:08:44;UNIUSDT;30m;1.0;200;36;72;100.0;2;102.51;['-batch-training', '-calc-rsi', '-verbose', '-prediction-mode=index', '-interval-list=30m', '-range-min-rsi=28', '-range-max-rsi=80', '-range-p-ema=50,250', '-target-margin-list=1.0,1.5,2.0,2.5,3.0,3.5,4.0,4.5,5.0', '-log-level=WARNING']
2023-11-26 19:27:47;UNIUSDT;30m;2.0;100;36;74;100.0;2;102.52;['-batch-training', '-calc-rsi', '-verbose', '-prediction-mode=index', '-interval-list=30m', '-range-min-rsi=28', '-range-max-rsi=80', '-range-p-ema=50,250', '-target-margin-list=1.0,1.5,2.0,2.5,3.0,3.5,4.0,4.5,5.0', '-log-level=WARNING']
2023-11-26 19:50:41;UNIUSDT;30m;2.0;150;32;74;100.0;2;102.52;['-batch-training', '-calc-rsi', '-verbose', '-prediction-mode=index', '-interval-list=30m', '-range-min-rsi=28', '-range-max-rsi=80', '-range-p-ema=50,250', '-target-margin-list=1.0,1.5,2.0,2.5,3.0,3.5,4.0,4.5,5.0', '-log-level=WARNING']
2023-11-26 21:06:23;UNIUSDT;30m;2.0;75;36;74;100.0;2;102.52;['-batch-training', '-calc-rsi', '-verbose', '-prediction-mode=index', '-interval-list=30m', '-range-min-rsi=28', '-range-max-rsi=80', '-range-p-ema=50,250', '-target-margin-list=1.0,1.5,2.0,2.5,3.0,3.5,4.0,4.5,5.0', '-log-level=WARNING']
2023-11-26 20:51:12;UNIUSDT;30m;2.0;50;36;74;100.0;2;102.52;['-batch-training', '-calc-rsi', '-verbose', '-prediction-mode=index', '-interval-list=30m', '-range-min-rsi=28', '-range-max-rsi=80', '-range-p-ema=50,250', '-target-margin-list=1.0,1.5,2.0,2.5,3.0,3.5,4.0,4.5,5.0', '-log-level=WARNING']
2023-11-26 20:01:06;UNIUSDT;30m;2.0;175;32;74;100.0;2;102.52;['-batch-training', '-calc-rsi', '-verbose', '-prediction-mode=index', '-interval-list=30m', '-range-min-rsi=28', '-range-max-rsi=80', '-range-p-ema=50,250', '-target-margin-list=1.0,1.5,2.0,2.5,3.0,3.5,4.0,4.5,5.0', '-log-level=WARNING']
2023-11-26 19:39:16;UNIUSDT;30m;2.0;125;36;74;100.0;2;102.52;['-batch-training', '-calc-rsi', '-verbose', '-prediction-mode=index', '-interval-list=30m', '-range-min-rsi=28', '-range-max-rsi=80', '-range-p-ema=50,250', '-target-margin-list=1.0,1.5,2.0,2.5,3.0,3.5,4.0,4.5,5.0', '-log-level=WARNING']
2023-11-26 20:38:49;UNIUSDT;30m;2.5;250;30;76;100.0;2;102.53;['-batch-training', '-calc-rsi', '-verbose', '-prediction-mode=index', '-interval-list=30m', '-range-min-rsi=28', '-range-max-rsi=80', '-range-p-ema=50,250', '-target-margin-list=1.0,1.5,2.0,2.5,3.0,3.5,4.0,4.5,5.0', '-log-level=WARNING']
2023-11-26 20:44:19;UNIUSDT;30m;4.5;250;28;72;100.0;6;102.55;['-batch-training', '-calc-rsi', '-verbose', '-prediction-mode=index', '-interval-list=30m', '-range-min-rsi=28', '-range-max-rsi=80', '-range-p-ema=50,250', '-target-margin-list=1.0,1.5,2.0,2.5,3.0,3.5,4.0,4.5,5.0', '-log-level=WARNING']
2023-11-26 19:33:37;UNIUSDT;30m;4.5;100;28;72;100.0;6;102.55;['-batch-training', '-calc-rsi', '-verbose', '-prediction-mode=index', '-interval-list=30m', '-range-min-rsi=28', '-range-max-rsi=80', '-range-p-ema=50,250', '-target-margin-list=1.0,1.5,2.0,2.5,3.0,3.5,4.0,4.5,5.0', '-log-level=WARNING']
2023-11-26 20:06:21;UNIUSDT;30m;4.5;175;28;72;100.0;6;102.55;['-batch-training', '-calc-rsi', '-verbose', '-prediction-mode=index', '-interval-list=30m', '-range-min-rsi=28', '-range-max-rsi=80', '-range-p-ema=50,250', '-target-margin-list=1.0,1.5,2.0,2.5,3.0,3.5,4.0,4.5,5.0', '-log-level=WARNING']
2023-11-26 19:56:16;UNIUSDT;30m;4.5;150;28;72;100.0;6;102.55;['-batch-training', '-calc-rsi', '-verbose', '-prediction-mode=index', '-interval-list=30m', '-range-min-rsi=28', '-range-max-rsi=80', '-range-p-ema=50,250', '-target-margin-list=1.0,1.5,2.0,2.5,3.0,3.5,4.0,4.5,5.0', '-log-level=WARNING']
2023-11-26 20:37:55;UNIUSDT;30m;2.0;250;30;80;100.0;4;102.55;['-batch-training', '-calc-rsi', '-verbose', '-prediction-mode=index', '-interval-list=30m', '-range-min-rsi=28', '-range-max-rsi=80', '-range-p-ema=50,250', '-target-margin-list=1.0,1.5,2.0,2.5,3.0,3.5,4.0,4.5,5.0', '-log-level=WARNING']
2023-11-26 20:17:47;UNIUSDT;30m;4.5;200;28;72;100.0;6;102.55;['-batch-training', '-calc-rsi', '-verbose', '-prediction-mode=index', '-interval-list=30m', '-range-min-rsi=28', '-range-max-rsi=80', '-range-p-ema=50,250', '-target-margin-list=1.0,1.5,2.0,2.5,3.0,3.5,4.0,4.5,5.0', '-log-level=WARNING']
2023-11-26 19:45:10;UNIUSDT;30m;4.5;125;28;72;100.0;6;102.55;['-batch-training', '-calc-rsi', '-verbose', '-prediction-mode=index', '-interval-list=30m', '-range-min-rsi=28', '-range-max-rsi=80', '-range-p-ema=50,250', '-target-margin-list=1.0,1.5,2.0,2.5,3.0,3.5,4.0,4.5,5.0', '-log-level=WARNING']
2023-11-26 21:14:31;UNIUSDT;30m;4.5;75;28;72;100.0;6;102.55;['-batch-training', '-calc-rsi', '-verbose', '-prediction-mode=index', '-interval-list=30m', '-range-min-rsi=28', '-range-max-rsi=80', '-range-p-ema=50,250', '-target-margin-list=1.0,1.5,2.0,2.5,3.0,3.5,4.0,4.5,5.0', '-log-level=WARNING']
2023-11-26 20:30:43;UNIUSDT;30m;4.5;225;28;72;100.0;6;102.55;['-batch-training', '-calc-rsi', '-verbose', '-prediction-mode=index', '-interval-list=30m', '-range-min-rsi=28', '-range-max-rsi=80', '-range-p-ema=50,250', '-target-margin-list=1.0,1.5,2.0,2.5,3.0,3.5,4.0,4.5,5.0', '-log-level=WARNING']
2023-11-26 20:58:51;UNIUSDT;30m;4.5;50;28;72;100.0;6;102.55;['-batch-training', '-calc-rsi', '-verbose', '-prediction-mode=index', '-interval-list=30m', '-range-min-rsi=28', '-range-max-rsi=80', '-range-p-ema=50,250', '-target-margin-list=1.0,1.5,2.0,2.5,3.0,3.5,4.0,4.5,5.0', '-log-level=WARNING']
2023-11-26 19:47:53;UNIUSDT;30m;1.0;150;34;72;100.0;2;102.55;['-batch-training', '-calc-rsi', '-verbose', '-prediction-mode=index', '-interval-list=30m', '-range-min-rsi=28', '-range-max-rsi=80', '-range-p-ema=50,250', '-target-margin-list=1.0,1.5,2.0,2.5,3.0,3.5,4.0,4.5,5.0', '-log-level=WARNING']
2023-11-26 20:38:53;UNIUSDT;30m;2.5;250;32;76;100.0;5;102.56;['-batch-training', '-calc-rsi', '-verbose', '-prediction-mode=index', '-interval-list=30m', '-range-min-rsi=28', '-range-max-rsi=80', '-range-p-ema=50,250', '-target-margin-list=1.0,1.5,2.0,2.5,3.0,3.5,4.0,4.5,5.0', '-log-level=WARNING']
2023-11-26 20:09:59;UNIUSDT;30m;1.5;200;28;74;100.0;5;102.57;['-batch-training', '-calc-rsi', '-verbose', '-prediction-mode=index', '-interval-list=30m', '-range-min-rsi=28', '-range-max-rsi=80', '-range-p-ema=50,250', '-target-margin-list=1.0,1.5,2.0,2.5,3.0,3.5,4.0,4.5,5.0', '-log-level=WARNING']
2023-11-26 19:49:17;UNIUSDT;30m;1.5;150;28;74;100.0;5;102.57;['-batch-training', '-calc-rsi', '-verbose', '-prediction-mode=index', '-interval-list=30m', '-range-min-rsi=28', '-range-max-rsi=80', '-range-p-ema=50,250', '-target-margin-list=1.0,1.5,2.0,2.5,3.0,3.5,4.0,4.5,5.0', '-log-level=WARNING']
2023-11-26 19:59:53;UNIUSDT;30m;1.5;175;28;74;100.0;5;102.57;['-batch-training', '-calc-rsi', '-verbose', '-prediction-mode=index', '-interval-list=30m', '-range-min-rsi=28', '-range-max-rsi=80', '-range-p-ema=50,250', '-target-margin-list=1.0,1.5,2.0,2.5,3.0,3.5,4.0,4.5,5.0', '-log-level=WARNING']
2023-11-26 19:37:45;UNIUSDT;30m;1.5;125;28;74;100.0;5;102.57;['-batch-training', '-calc-rsi', '-verbose', '-prediction-mode=index', '-interval-list=30m', '-range-min-rsi=28', '-range-max-rsi=80', '-range-p-ema=50,250', '-target-margin-list=1.0,1.5,2.0,2.5,3.0,3.5,4.0,4.5,5.0', '-log-level=WARNING']
2023-11-26 21:04:18;UNIUSDT;30m;1.5;75;28;74;100.0;5;102.57;['-batch-training', '-calc-rsi', '-verbose', '-prediction-mode=index', '-interval-list=30m', '-range-min-rsi=28', '-range-max-rsi=80', '-range-p-ema=50,250', '-target-margin-list=1.0,1.5,2.0,2.5,3.0,3.5,4.0,4.5,5.0', '-log-level=WARNING']
2023-11-26 20:49:19;UNIUSDT;30m;1.5;50;28;74;100.0;5;102.57;['-batch-training', '-calc-rsi', '-verbose', '-prediction-mode=index', '-interval-list=30m', '-range-min-rsi=28', '-range-max-rsi=80', '-range-p-ema=50,250', '-target-margin-list=1.0,1.5,2.0,2.5,3.0,3.5,4.0,4.5,5.0', '-log-level=WARNING']
2023-11-26 19:26:17;UNIUSDT;30m;1.5;100;28;74;100.0;5;102.57;['-batch-training', '-calc-rsi', '-verbose', '-prediction-mode=index', '-interval-list=30m', '-range-min-rsi=28', '-range-max-rsi=80', '-range-p-ema=50,250', '-target-margin-list=1.0,1.5,2.0,2.5,3.0,3.5,4.0,4.5,5.0', '-log-level=WARNING']
2023-11-26 20:22:18;UNIUSDT;30m;1.5;225;28;74;100.0;5;102.57;['-batch-training', '-calc-rsi', '-verbose', '-prediction-mode=index', '-interval-list=30m', '-range-min-rsi=28', '-range-max-rsi=80', '-range-p-ema=50,250', '-target-margin-list=1.0,1.5,2.0,2.5,3.0,3.5,4.0,4.5,5.0', '-log-level=WARNING']
2023-11-26 20:14:49;UNIUSDT;30m;3.0;200;30;80;100.0;5;102.58;['-batch-training', '-calc-rsi', '-verbose', '-prediction-mode=index', '-interval-list=30m', '-range-min-rsi=28', '-range-max-rsi=80', '-range-p-ema=50,250', '-target-margin-list=1.0,1.5,2.0,2.5,3.0,3.5,4.0,4.5,5.0', '-log-level=WARNING']
2023-11-26 20:27:34;UNIUSDT;30m;3.0;225;30;80;100.0;5;102.58;['-batch-training', '-calc-rsi', '-verbose', '-prediction-mode=index', '-interval-list=30m', '-range-min-rsi=28', '-range-max-rsi=80', '-range-p-ema=50,250', '-target-margin-list=1.0,1.5,2.0,2.5,3.0,3.5,4.0,4.5,5.0', '-log-level=WARNING']
2023-11-26 21:10:51;UNIUSDT;30m;3.0;75;30;80;100.0;5;102.58;['-batch-training', '-calc-rsi', '-verbose', '-prediction-mode=index', '-interval-list=30m', '-range-min-rsi=28', '-range-max-rsi=80', '-range-p-ema=50,250', '-target-margin-list=1.0,1.5,2.0,2.5,3.0,3.5,4.0,4.5,5.0', '-log-level=WARNING']
2023-11-26 20:40:59;UNIUSDT;30m;3.0;250;30;80;100.0;5;102.58;['-batch-training', '-calc-rsi', '-verbose', '-prediction-mode=index', '-interval-list=30m', '-range-min-rsi=28', '-range-max-rsi=80', '-range-p-ema=50,250', '-target-margin-list=1.0,1.5,2.0,2.5,3.0,3.5,4.0,4.5,5.0', '-log-level=WARNING']
2023-11-26 19:53:48;UNIUSDT;30m;3.0;150;30;80;100.0;5;102.58;['-batch-training', '-calc-rsi', '-verbose', '-prediction-mode=index', '-interval-list=30m', '-range-min-rsi=28', '-range-max-rsi=80', '-range-p-ema=50,250', '-target-margin-list=1.0,1.5,2.0,2.5,3.0,3.5,4.0,4.5,5.0', '-log-level=WARNING']
2023-11-26 19:30:57;UNIUSDT;30m;3.0;100;30;80;100.0;5;102.58;['-batch-training', '-calc-rsi', '-verbose', '-prediction-mode=index', '-interval-list=30m', '-range-min-rsi=28', '-range-max-rsi=80', '-range-p-ema=50,250', '-target-margin-list=1.0,1.5,2.0,2.5,3.0,3.5,4.0,4.5,5.0', '-log-level=WARNING']
2023-11-26 19:42:27;UNIUSDT;30m;3.0;125;30;80;100.0;5;102.58;['-batch-training', '-calc-rsi', '-verbose', '-prediction-mode=index', '-interval-list=30m', '-range-min-rsi=28', '-range-max-rsi=80', '-range-p-ema=50,250', '-target-margin-list=1.0,1.5,2.0,2.5,3.0,3.5,4.0,4.5,5.0', '-log-level=WARNING']
2023-11-26 20:55:17;UNIUSDT;30m;3.0;50;30;80;100.0;5;102.58;['-batch-training', '-calc-rsi', '-verbose', '-prediction-mode=index', '-interval-list=30m', '-range-min-rsi=28', '-range-max-rsi=80', '-range-p-ema=50,250', '-target-margin-list=1.0,1.5,2.0,2.5,3.0,3.5,4.0,4.5,5.0', '-log-level=WARNING']
2023-11-26 20:03:58;UNIUSDT;30m;3.0;175;30;80;100.0;5;102.58;['-batch-training', '-calc-rsi', '-verbose', '-prediction-mode=index', '-interval-list=30m', '-range-min-rsi=28', '-range-max-rsi=80', '-range-p-ema=50,250', '-target-margin-list=1.0,1.5,2.0,2.5,3.0,3.5,4.0,4.5,5.0', '-log-level=WARNING']
2023-11-26 20:24:17;UNIUSDT;30m;2.0;225;36;76;100.0;6;102.59;['-batch-training', '-calc-rsi', '-verbose', '-prediction-mode=index', '-interval-list=30m', '-range-min-rsi=28', '-range-max-rsi=80', '-range-p-ema=50,250', '-target-margin-list=1.0,1.5,2.0,2.5,3.0,3.5,4.0,4.5,5.0', '-log-level=WARNING']
2023-11-26 20:10:27;UNIUSDT;30m;1.5;200;36;76;100.0;2;102.6;['-batch-training', '-calc-rsi', '-verbose', '-prediction-mode=index', '-interval-list=30m', '-range-min-rsi=28', '-range-max-rsi=80', '-range-p-ema=50,250', '-target-margin-list=1.0,1.5,2.0,2.5,3.0,3.5,4.0,4.5,5.0', '-log-level=WARNING']
2023-11-26 21:06:15;UNIUSDT;30m;2.0;75;32;74;100.0;5;102.61;['-batch-training', '-calc-rsi', '-verbose', '-prediction-mode=index', '-interval-list=30m', '-range-min-rsi=28', '-range-max-rsi=80', '-range-p-ema=50,250', '-target-margin-list=1.0,1.5,2.0,2.5,3.0,3.5,4.0,4.5,5.0', '-log-level=WARNING']
2023-11-26 20:53:26;UNIUSDT;30m;2.5;50;34;78;100.0;2;102.61;['-batch-training', '-calc-rsi', '-verbose', '-prediction-mode=index', '-interval-list=30m', '-range-min-rsi=28', '-range-max-rsi=80', '-range-p-ema=50,250', '-target-margin-list=1.0,1.5,2.0,2.5,3.0,3.5,4.0,4.5,5.0', '-log-level=WARNING']
2023-11-26 19:29:32;UNIUSDT;30m;2.5;100;34;78;100.0;2;102.61;['-batch-training', '-calc-rsi', '-verbose', '-prediction-mode=index', '-interval-list=30m', '-range-min-rsi=28', '-range-max-rsi=80', '-range-p-ema=50,250', '-target-margin-list=1.0,1.5,2.0,2.5,3.0,3.5,4.0,4.5,5.0', '-log-level=WARNING']
2023-11-26 21:08:51;UNIUSDT;30m;2.5;75;34;78;100.0;2;102.61;['-batch-training', '-calc-rsi', '-verbose', '-prediction-mode=index', '-interval-list=30m', '-range-min-rsi=28', '-range-max-rsi=80', '-range-p-ema=50,250', '-target-margin-list=1.0,1.5,2.0,2.5,3.0,3.5,4.0,4.5,5.0', '-log-level=WARNING']
2023-11-26 19:39:10;UNIUSDT;30m;2.0;125;32;74;100.0;5;102.61;['-batch-training', '-calc-rsi', '-verbose', '-prediction-mode=index', '-interval-list=30m', '-range-min-rsi=28', '-range-max-rsi=80', '-range-p-ema=50,250', '-target-margin-list=1.0,1.5,2.0,2.5,3.0,3.5,4.0,4.5,5.0', '-log-level=WARNING']
2023-11-26 19:41:01;UNIUSDT;30m;2.5;125;34;78;100.0;2;102.61;['-batch-training', '-calc-rsi', '-verbose', '-prediction-mode=index', '-interval-list=30m', '-range-min-rsi=28', '-range-max-rsi=80', '-range-p-ema=50,250', '-target-margin-list=1.0,1.5,2.0,2.5,3.0,3.5,4.0,4.5,5.0', '-log-level=WARNING']
2023-11-26 20:51:04;UNIUSDT;30m;2.0;50;32;74;100.0;5;102.61;['-batch-training', '-calc-rsi', '-verbose', '-prediction-mode=index', '-interval-list=30m', '-range-min-rsi=28', '-range-max-rsi=80', '-range-p-ema=50,250', '-target-margin-list=1.0,1.5,2.0,2.5,3.0,3.5,4.0,4.5,5.0', '-log-level=WARNING']
2023-11-26 19:27:41;UNIUSDT;30m;2.0;100;32;74;100.0;5;102.61;['-batch-training', '-calc-rsi', '-verbose', '-prediction-mode=index', '-interval-list=30m', '-range-min-rsi=28', '-range-max-rsi=80', '-range-p-ema=50,250', '-target-margin-list=1.0,1.5,2.0,2.5,3.0,3.5,4.0,4.5,5.0', '-log-level=WARNING']
2023-11-26 19:49:27;UNIUSDT;30m;1.5;150;34;74;100.0;2;102.62;['-batch-training', '-calc-rsi', '-verbose', '-prediction-mode=index', '-interval-list=30m', '-range-min-rsi=28', '-range-max-rsi=80', '-range-p-ema=50,250', '-target-margin-list=1.0,1.5,2.0,2.5,3.0,3.5,4.0,4.5,5.0', '-log-level=WARNING']
2023-11-26 20:36:50;UNIUSDT;30m;2.0;250;34;72;100.0;7;102.65;['-batch-training', '-calc-rsi', '-verbose', '-prediction-mode=index', '-interval-list=30m', '-range-min-rsi=28', '-range-max-rsi=80', '-range-p-ema=50,250', '-target-margin-list=1.0,1.5,2.0,2.5,3.0,3.5,4.0,4.5,5.0', '-log-level=WARNING']
2023-11-26 20:26:00;UNIUSDT;30m;2.5;225;36;78;100.0;6;102.66;['-batch-training', '-calc-rsi', '-verbose', '-prediction-mode=index', '-interval-list=30m', '-range-min-rsi=28', '-range-max-rsi=80', '-range-p-ema=50,250', '-target-margin-list=1.0,1.5,2.0,2.5,3.0,3.5,4.0,4.5,5.0', '-log-level=WARNING']
2023-11-26 20:13:22;UNIUSDT;30m;2.5;200;36;78;100.0;6;102.66;['-batch-training', '-calc-rsi', '-verbose', '-prediction-mode=index', '-interval-list=30m', '-range-min-rsi=28', '-range-max-rsi=80', '-range-p-ema=50,250', '-target-margin-list=1.0,1.5,2.0,2.5,3.0,3.5,4.0,4.5,5.0', '-log-level=WARNING']
2023-11-26 20:02:46;UNIUSDT;30m;2.5;175;36;78;100.0;6;102.66;['-batch-training', '-calc-rsi', '-verbose', '-prediction-mode=index', '-interval-list=30m', '-range-min-rsi=28', '-range-max-rsi=80', '-range-p-ema=50,250', '-target-margin-list=1.0,1.5,2.0,2.5,3.0,3.5,4.0,4.5,5.0', '-log-level=WARNING']
2023-11-26 19:52:35;UNIUSDT;30m;2.5;150;36;78;100.0;6;102.66;['-batch-training', '-calc-rsi', '-verbose', '-prediction-mode=index', '-interval-list=30m', '-range-min-rsi=28', '-range-max-rsi=80', '-range-p-ema=50,250', '-target-margin-list=1.0,1.5,2.0,2.5,3.0,3.5,4.0,4.5,5.0', '-log-level=WARNING']
2023-11-26 20:52:03;UNIUSDT;30m;2.0;50;32;80;100.0;7;102.67;['-batch-training', '-calc-rsi', '-verbose', '-prediction-mode=index', '-interval-list=30m', '-range-min-rsi=28', '-range-max-rsi=80', '-range-p-ema=50,250', '-target-margin-list=1.0,1.5,2.0,2.5,3.0,3.5,4.0,4.5,5.0', '-log-level=WARNING']
2023-11-26 19:28:27;UNIUSDT;30m;2.0;100;32;80;100.0;7;102.67;['-batch-training', '-calc-rsi', '-verbose', '-prediction-mode=index', '-interval-list=30m', '-range-min-rsi=28', '-range-max-rsi=80', '-range-p-ema=50,250', '-target-margin-list=1.0,1.5,2.0,2.5,3.0,3.5,4.0,4.5,5.0', '-log-level=WARNING']
2023-11-26 19:39:56;UNIUSDT;30m;2.0;125;32;80;100.0;7;102.67;['-batch-training', '-calc-rsi', '-verbose', '-prediction-mode=index', '-interval-list=30m', '-range-min-rsi=28', '-range-max-rsi=80', '-range-p-ema=50,250', '-target-margin-list=1.0,1.5,2.0,2.5,3.0,3.5,4.0,4.5,5.0', '-log-level=WARNING']
2023-11-26 21:07:21;UNIUSDT;30m;2.0;75;32;80;100.0;7;102.67;['-batch-training', '-calc-rsi', '-verbose', '-prediction-mode=index', '-interval-list=30m', '-range-min-rsi=28', '-range-max-rsi=80', '-range-p-ema=50,250', '-target-margin-list=1.0,1.5,2.0,2.5,3.0,3.5,4.0,4.5,5.0', '-log-level=WARNING']
2023-11-26 20:39:37;UNIUSDT;30m;2.5;250;36;80;100.0;2;102.71;['-batch-training', '-calc-rsi', '-verbose', '-prediction-mode=index', '-interval-list=30m', '-range-min-rsi=28', '-range-max-rsi=80', '-range-p-ema=50,250', '-target-margin-list=1.0,1.5,2.0,2.5,3.0,3.5,4.0,4.5,5.0', '-log-level=WARNING']
2023-11-26 20:37:04;UNIUSDT;30m;2.0;250;32;74;100.0;2;102.74;['-batch-training', '-calc-rsi', '-verbose', '-prediction-mode=index', '-interval-list=30m', '-range-min-rsi=28', '-range-max-rsi=80', '-range-p-ema=50,250', '-target-margin-list=1.0,1.5,2.0,2.5,3.0,3.5,4.0,4.5,5.0', '-log-level=WARNING']
2023-11-26 21:07:06;UNIUSDT;30m;2.0;75;36;78;100.0;4;102.83;['-batch-training', '-calc-rsi', '-verbose', '-prediction-mode=index', '-interval-list=30m', '-range-min-rsi=28', '-range-max-rsi=80', '-range-p-ema=50,250', '-target-margin-list=1.0,1.5,2.0,2.5,3.0,3.5,4.0,4.5,5.0', '-log-level=WARNING']
2023-11-26 20:51:52;UNIUSDT;30m;2.0;50;36;78;100.0;4;102.83;['-batch-training', '-calc-rsi', '-verbose', '-prediction-mode=index', '-interval-list=30m', '-range-min-rsi=28', '-range-max-rsi=80', '-range-p-ema=50,250', '-target-margin-list=1.0,1.5,2.0,2.5,3.0,3.5,4.0,4.5,5.0', '-log-level=WARNING']
2023-11-26 20:49:32;UNIUSDT;30m;1.5;50;34;74;100.0;4;102.84;['-batch-training', '-calc-rsi', '-verbose', '-prediction-mode=index', '-interval-list=30m', '-range-min-rsi=28', '-range-max-rsi=80', '-range-p-ema=50,250', '-target-margin-list=1.0,1.5,2.0,2.5,3.0,3.5,4.0,4.5,5.0', '-log-level=WARNING']
2023-11-26 19:37:55;UNIUSDT;30m;1.5;125;34;74;100.0;4;102.84;['-batch-training', '-calc-rsi', '-verbose', '-prediction-mode=index', '-interval-list=30m', '-range-min-rsi=28', '-range-max-rsi=80', '-range-p-ema=50,250', '-target-margin-list=1.0,1.5,2.0,2.5,3.0,3.5,4.0,4.5,5.0', '-log-level=WARNING']
2023-11-26 21:04:31;UNIUSDT;30m;1.5;75;34;74;100.0;4;102.84;['-batch-training', '-calc-rsi', '-verbose', '-prediction-mode=index', '-interval-list=30m', '-range-min-rsi=28', '-range-max-rsi=80', '-range-p-ema=50,250', '-target-margin-list=1.0,1.5,2.0,2.5,3.0,3.5,4.0,4.5,5.0', '-log-level=WARNING']
2023-11-26 19:26:26;UNIUSDT;30m;1.5;100;34;74;100.0;4;102.84;['-batch-training', '-calc-rsi', '-verbose', '-prediction-mode=index', '-interval-list=30m', '-range-min-rsi=28', '-range-max-rsi=80', '-range-p-ema=50,250', '-target-margin-list=1.0,1.5,2.0,2.5,3.0,3.5,4.0,4.5,5.0', '-log-level=WARNING']
2023-11-26 20:49:01;UNIUSDT;30m;1.5;50;28;72;100.0;5;102.85;['-batch-training', '-calc-rsi', '-verbose', '-prediction-mode=index', '-interval-list=30m', '-range-min-rsi=28', '-range-max-rsi=80', '-range-p-ema=50,250', '-target-margin-list=1.0,1.5,2.0,2.5,3.0,3.5,4.0,4.5,5.0', '-log-level=WARNING']
2023-11-26 19:49:02;UNIUSDT;30m;1.5;150;28;72;100.0;5;102.85;['-batch-training', '-calc-rsi', '-verbose', '-prediction-mode=index', '-interval-list=30m', '-range-min-rsi=28', '-range-max-rsi=80', '-range-p-ema=50,250', '-target-margin-list=1.0,1.5,2.0,2.5,3.0,3.5,4.0,4.5,5.0', '-log-level=WARNING']
2023-11-26 20:09:45;UNIUSDT;30m;1.5;200;28;72;100.0;5;102.85;['-batch-training', '-calc-rsi', '-verbose', '-prediction-mode=index', '-interval-list=30m', '-range-min-rsi=28', '-range-max-rsi=80', '-range-p-ema=50,250', '-target-margin-list=1.0,1.5,2.0,2.5,3.0,3.5,4.0,4.5,5.0', '-log-level=WARNING']
2023-11-26 19:59:40;UNIUSDT;30m;1.5;175;28;72;100.0;5;102.85;['-batch-training', '-calc-rsi', '-verbose', '-prediction-mode=index', '-interval-list=30m', '-range-min-rsi=28', '-range-max-rsi=80', '-range-p-ema=50,250', '-target-margin-list=1.0,1.5,2.0,2.5,3.0,3.5,4.0,4.5,5.0', '-log-level=WARNING']
2023-11-26 19:26:01;UNIUSDT;30m;1.5;100;28;72;100.0;5;102.85;['-batch-training', '-calc-rsi', '-verbose', '-prediction-mode=index', '-interval-list=30m', '-range-min-rsi=28', '-range-max-rsi=80', '-range-p-ema=50,250', '-target-margin-list=1.0,1.5,2.0,2.5,3.0,3.5,4.0,4.5,5.0', '-log-level=WARNING']
2023-11-26 21:03:57;UNIUSDT;30m;1.5;75;28;72;100.0;5;102.85;['-batch-training', '-calc-rsi', '-verbose', '-prediction-mode=index', '-interval-list=30m', '-range-min-rsi=28', '-range-max-rsi=80', '-range-p-ema=50,250', '-target-margin-list=1.0,1.5,2.0,2.5,3.0,3.5,4.0,4.5,5.0', '-log-level=WARNING']
2023-11-26 19:37:30;UNIUSDT;30m;1.5;125;28;72;100.0;5;102.85;['-batch-training', '-calc-rsi', '-verbose', '-prediction-mode=index', '-interval-list=30m', '-range-min-rsi=28', '-range-max-rsi=80', '-range-p-ema=50,250', '-target-margin-list=1.0,1.5,2.0,2.5,3.0,3.5,4.0,4.5,5.0', '-log-level=WARNING']
2023-11-26 20:21:40;UNIUSDT;30m;1.0;225;36;78;100.0;4;102.87;['-batch-training', '-calc-rsi', '-verbose', '-prediction-mode=index', '-interval-list=30m', '-range-min-rsi=28', '-range-max-rsi=80', '-range-p-ema=50,250', '-target-margin-list=1.0,1.5,2.0,2.5,3.0,3.5,4.0,4.5,5.0', '-log-level=WARNING']
2023-11-26 20:12:09;UNIUSDT;30m;2.0;200;30;80;100.0;4;102.88;['-batch-training', '-calc-rsi', '-verbose', '-prediction-mode=index', '-interval-list=30m', '-range-min-rsi=28', '-range-max-rsi=80', '-range-p-ema=50,250', '-target-margin-list=1.0,1.5,2.0,2.5,3.0,3.5,4.0,4.5,5.0', '-log-level=WARNING']
2023-11-26 21:07:17;UNIUSDT;30m;2.0;75;30;80;100.0;4;102.88;['-batch-training', '-calc-rsi', '-verbose', '-prediction-mode=index', '-interval-list=30m', '-range-min-rsi=28', '-range-max-rsi=80', '-range-p-ema=50,250', '-target-margin-list=1.0,1.5,2.0,2.5,3.0,3.5,4.0,4.5,5.0', '-log-level=WARNING']
2023-11-26 19:28:24;UNIUSDT;30m;2.0;100;30;80;100.0;4;102.88;['-batch-training', '-calc-rsi', '-verbose', '-prediction-mode=index', '-interval-list=30m', '-range-min-rsi=28', '-range-max-rsi=80', '-range-p-ema=50,250', '-target-margin-list=1.0,1.5,2.0,2.5,3.0,3.5,4.0,4.5,5.0', '-log-level=WARNING']
2023-11-26 20:24:40;UNIUSDT;30m;2.0;225;30;80;100.0;4;102.88;['-batch-training', '-calc-rsi', '-verbose', '-prediction-mode=index', '-interval-list=30m', '-range-min-rsi=28', '-range-max-rsi=80', '-range-p-ema=50,250', '-target-margin-list=1.0,1.5,2.0,2.5,3.0,3.5,4.0,4.5,5.0', '-log-level=WARNING']
2023-11-26 20:51:59;UNIUSDT;30m;2.0;50;30;80;100.0;4;102.88;['-batch-training', '-calc-rsi', '-verbose', '-prediction-mode=index', '-interval-list=30m', '-range-min-rsi=28', '-range-max-rsi=80', '-range-p-ema=50,250', '-target-margin-list=1.0,1.5,2.0,2.5,3.0,3.5,4.0,4.5,5.0', '-log-level=WARNING']
2023-11-26 20:01:45;UNIUSDT;30m;2.0;175;30;80;100.0;4;102.88;['-batch-training', '-calc-rsi', '-verbose', '-prediction-mode=index', '-interval-list=30m', '-range-min-rsi=28', '-range-max-rsi=80', '-range-p-ema=50,250', '-target-margin-list=1.0,1.5,2.0,2.5,3.0,3.5,4.0,4.5,5.0', '-log-level=WARNING']
2023-11-26 19:51:25;UNIUSDT;30m;2.0;150;30;80;100.0;4;102.88;['-batch-training', '-calc-rsi', '-verbose', '-prediction-mode=index', '-interval-list=30m', '-range-min-rsi=28', '-range-max-rsi=80', '-range-p-ema=50,250', '-target-margin-list=1.0,1.5,2.0,2.5,3.0,3.5,4.0,4.5,5.0', '-log-level=WARNING']
2023-11-26 19:39:53;UNIUSDT;30m;2.0;125;30;80;100.0;4;102.88;['-batch-training', '-calc-rsi', '-verbose', '-prediction-mode=index', '-interval-list=30m', '-range-min-rsi=28', '-range-max-rsi=80', '-range-p-ema=50,250', '-target-margin-list=1.0,1.5,2.0,2.5,3.0,3.5,4.0,4.5,5.0', '-log-level=WARNING']
2023-11-26 19:40:43;UNIUSDT;30m;2.5;125;32;76;100.0;5;102.91;['-batch-training', '-calc-rsi', '-verbose', '-prediction-mode=index', '-interval-list=30m', '-range-min-rsi=28', '-range-max-rsi=80', '-range-p-ema=50,250', '-target-margin-list=1.0,1.5,2.0,2.5,3.0,3.5,4.0,4.5,5.0', '-log-level=WARNING']
2023-11-26 19:29:14;UNIUSDT;30m;2.5;100;32;76;100.0;5;102.91;['-batch-training', '-calc-rsi', '-verbose', '-prediction-mode=index', '-interval-list=30m', '-range-min-rsi=28', '-range-max-rsi=80', '-range-p-ema=50,250', '-target-margin-list=1.0,1.5,2.0,2.5,3.0,3.5,4.0,4.5,5.0', '-log-level=WARNING']
2023-11-26 20:37:29;UNIUSDT;30m;2.0;250;36;76;100.0;2;102.91;['-batch-training', '-calc-rsi', '-verbose', '-prediction-mode=index', '-interval-list=30m', '-range-min-rsi=28', '-range-max-rsi=80', '-range-p-ema=50,250', '-target-margin-list=1.0,1.5,2.0,2.5,3.0,3.5,4.0,4.5,5.0', '-log-level=WARNING']
2023-11-26 20:53:03;UNIUSDT;30m;2.5;50;32;76;100.0;5;102.91;['-batch-training', '-calc-rsi', '-verbose', '-prediction-mode=index', '-interval-list=30m', '-range-min-rsi=28', '-range-max-rsi=80', '-range-p-ema=50,250', '-target-margin-list=1.0,1.5,2.0,2.5,3.0,3.5,4.0,4.5,5.0', '-log-level=WARNING']
2023-11-26 21:08:27;UNIUSDT;30m;2.5;75;32;76;100.0;5;102.91;['-batch-training', '-calc-rsi', '-verbose', '-prediction-mode=index', '-interval-list=30m', '-range-min-rsi=28', '-range-max-rsi=80', '-range-p-ema=50,250', '-target-margin-list=1.0,1.5,2.0,2.5,3.0,3.5,4.0,4.5,5.0', '-log-level=WARNING']
2023-11-26 20:34:08;UNIUSDT;30m;1.0;250;34;74;100.0;3;102.92;['-batch-training', '-calc-rsi', '-verbose', '-prediction-mode=index', '-interval-list=30m', '-range-min-rsi=28', '-range-max-rsi=80', '-range-p-ema=50,250', '-target-margin-list=1.0,1.5,2.0,2.5,3.0,3.5,4.0,4.5,5.0', '-log-level=WARNING']
2023-11-26 20:36:14;UNIUSDT;30m;1.5;250;34;78;100.0;2;102.92;['-batch-training', '-calc-rsi', '-verbose', '-prediction-mode=index', '-interval-list=30m', '-range-min-rsi=28', '-range-max-rsi=80', '-range-p-ema=50,250', '-target-margin-list=1.0,1.5,2.0,2.5,3.0,3.5,4.0,4.5,5.0', '-log-level=WARNING']
2023-11-26 20:34:30;UNIUSDT;30m;1.0;250;36;76;100.0;3;102.94;['-batch-training', '-calc-rsi', '-verbose', '-prediction-mode=index', '-interval-list=30m', '-range-min-rsi=28', '-range-max-rsi=80', '-range-p-ema=50,250', '-target-margin-list=1.0,1.5,2.0,2.5,3.0,3.5,4.0,4.5,5.0', '-log-level=WARNING']
2023-11-26 20:33:43;UNIUSDT;30m;1.0;250;30;72;100.0;6;102.94;['-batch-training', '-calc-rsi', '-verbose', '-prediction-mode=index', '-interval-list=30m', '-range-min-rsi=28', '-range-max-rsi=80', '-range-p-ema=50,250', '-target-margin-list=1.0,1.5,2.0,2.5,3.0,3.5,4.0,4.5,5.0', '-log-level=WARNING']
2023-11-26 20:33:53;UNIUSDT;30m;1.0;250;36;72;100.0;7;102.96;['-batch-training', '-calc-rsi', '-verbose', '-prediction-mode=index', '-interval-list=30m', '-range-min-rsi=28', '-range-max-rsi=80', '-range-p-ema=50,250', '-target-margin-list=1.0,1.5,2.0,2.5,3.0,3.5,4.0,4.5,5.0', '-log-level=WARNING']
2023-11-26 20:34:34;UNIUSDT;30m;1.0;250;28;78;100.0;3;102.97;['-batch-training', '-calc-rsi', '-verbose', '-prediction-mode=index', '-interval-list=30m', '-range-min-rsi=28', '-range-max-rsi=80', '-range-p-ema=50,250', '-target-margin-list=1.0,1.5,2.0,2.5,3.0,3.5,4.0,4.5,5.0', '-log-level=WARNING']
2023-11-26 20:27:09;UNIUSDT;30m;3.0;225;36;76;100.0;4;102.98;['-batch-training', '-calc-rsi', '-verbose', '-prediction-mode=index', '-interval-list=30m', '-range-min-rsi=28', '-range-max-rsi=80', '-range-p-ema=50,250', '-target-margin-list=1.0,1.5,2.0,2.5,3.0,3.5,4.0,4.5,5.0', '-log-level=WARNING']
2023-11-26 19:49:11;UNIUSDT;30m;1.5;150;34;72;100.0;4;103.01;['-batch-training', '-calc-rsi', '-verbose', '-prediction-mode=index', '-interval-list=30m', '-range-min-rsi=28', '-range-max-rsi=80', '-range-p-ema=50,250', '-target-margin-list=1.0,1.5,2.0,2.5,3.0,3.5,4.0,4.5,5.0', '-log-level=WARNING']
2023-11-26 20:13:06;UNIUSDT;30m;2.5;200;36;76;100.0;2;103.02;['-batch-training', '-calc-rsi', '-verbose', '-prediction-mode=index', '-interval-list=30m', '-range-min-rsi=28', '-range-max-rsi=80', '-range-p-ema=50,250', '-target-margin-list=1.0,1.5,2.0,2.5,3.0,3.5,4.0,4.5,5.0', '-log-level=WARNING']
2023-11-26 20:24:27;UNIUSDT;30m;2.0;225;32;78;100.0;7;103.03;['-batch-training', '-calc-rsi', '-verbose', '-prediction-mode=index', '-interval-list=30m', '-range-min-rsi=28', '-range-max-rsi=80', '-range-p-ema=50,250', '-target-margin-list=1.0,1.5,2.0,2.5,3.0,3.5,4.0,4.5,5.0', '-log-level=WARNING']
2023-11-26 19:51:13;UNIUSDT;30m;2.0;150;32;78;100.0;7;103.03;['-batch-training', '-calc-rsi', '-verbose', '-prediction-mode=index', '-interval-list=30m', '-range-min-rsi=28', '-range-max-rsi=80', '-range-p-ema=50,250', '-target-margin-list=1.0,1.5,2.0,2.5,3.0,3.5,4.0,4.5,5.0', '-log-level=WARNING']
2023-11-26 20:37:29;UNIUSDT;30m;2.0;250;36;76;100.0;6;103.03;['-batch-training', '-calc-rsi', '-verbose', '-prediction-mode=index', '-interval-list=30m', '-range-min-rsi=28', '-range-max-rsi=80', '-range-p-ema=50,250', '-target-margin-list=1.0,1.5,2.0,2.5,3.0,3.5,4.0,4.5,5.0', '-log-level=WARNING']
2023-11-26 20:50:33;UNIUSDT;30m;1.5;50;36;80;100.0;3;103.03;['-batch-training', '-calc-rsi', '-verbose', '-prediction-mode=index', '-interval-list=30m', '-range-min-rsi=28', '-range-max-rsi=80', '-range-p-ema=50,250', '-target-margin-list=1.0,1.5,2.0,2.5,3.0,3.5,4.0,4.5,5.0', '-log-level=WARNING']
2023-11-26 21:05:41;UNIUSDT;30m;1.5;75;36;80;100.0;3;103.03;['-batch-training', '-calc-rsi', '-verbose', '-prediction-mode=index', '-interval-list=30m', '-range-min-rsi=28', '-range-max-rsi=80', '-range-p-ema=50,250', '-target-margin-list=1.0,1.5,2.0,2.5,3.0,3.5,4.0,4.5,5.0', '-log-level=WARNING']
2023-11-26 20:01:34;UNIUSDT;30m;2.0;175;32;78;100.0;7;103.03;['-batch-training', '-calc-rsi', '-verbose', '-prediction-mode=index', '-interval-list=30m', '-range-min-rsi=28', '-range-max-rsi=80', '-range-p-ema=50,250', '-target-margin-list=1.0,1.5,2.0,2.5,3.0,3.5,4.0,4.5,5.0', '-log-level=WARNING']
2023-11-26 20:37:41;UNIUSDT;30m;2.0;250;32;78;100.0;7;103.03;['-batch-training', '-calc-rsi', '-verbose', '-prediction-mode=index', '-interval-list=30m', '-range-min-rsi=28', '-range-max-rsi=80', '-range-p-ema=50,250', '-target-margin-list=1.0,1.5,2.0,2.5,3.0,3.5,4.0,4.5,5.0', '-log-level=WARNING']
2023-11-26 20:11:56;UNIUSDT;30m;2.0;200;32;78;100.0;7;103.03;['-batch-training', '-calc-rsi', '-verbose', '-prediction-mode=index', '-interval-list=30m', '-range-min-rsi=28', '-range-max-rsi=80', '-range-p-ema=50,250', '-target-margin-list=1.0,1.5,2.0,2.5,3.0,3.5,4.0,4.5,5.0', '-log-level=WARNING']
2023-11-26 19:48:49;UNIUSDT;30m;1.0;150;30;80;100.0;6;103.04;['-batch-training', '-calc-rsi', '-verbose', '-prediction-mode=index', '-interval-list=30m', '-range-min-rsi=28', '-range-max-rsi=80', '-range-p-ema=50,250', '-target-margin-list=1.0,1.5,2.0,2.5,3.0,3.5,4.0,4.5,5.0', '-log-level=WARNING']
2023-11-26 20:48:45;UNIUSDT;30m;1.0;50;30;80;100.0;6;103.04;['-batch-training', '-calc-rsi', '-verbose', '-prediction-mode=index', '-interval-list=30m', '-range-min-rsi=28', '-range-max-rsi=80', '-range-p-ema=50,250', '-target-margin-list=1.0,1.5,2.0,2.5,3.0,3.5,4.0,4.5,5.0', '-log-level=WARNING']
2023-11-26 19:37:17;UNIUSDT;30m;1.0;125;30;80;100.0;6;103.04;['-batch-training', '-calc-rsi', '-verbose', '-prediction-mode=index', '-interval-list=30m', '-range-min-rsi=28', '-range-max-rsi=80', '-range-p-ema=50,250', '-target-margin-list=1.0,1.5,2.0,2.5,3.0,3.5,4.0,4.5,5.0', '-log-level=WARNING']
2023-11-26 20:11:28;UNIUSDT;30m;2.0;200;34;74;100.0;7;103.04;['-batch-training', '-calc-rsi', '-verbose', '-prediction-mode=index', '-interval-list=30m', '-range-min-rsi=28', '-range-max-rsi=80', '-range-p-ema=50,250', '-target-margin-list=1.0,1.5,2.0,2.5,3.0,3.5,4.0,4.5,5.0', '-log-level=WARNING']
2023-11-26 21:03:40;UNIUSDT;30m;1.0;75;30;80;100.0;6;103.04;['-batch-training', '-calc-rsi', '-verbose', '-prediction-mode=index', '-interval-list=30m', '-range-min-rsi=28', '-range-max-rsi=80', '-range-p-ema=50,250', '-target-margin-list=1.0,1.5,2.0,2.5,3.0,3.5,4.0,4.5,5.0', '-log-level=WARNING']
2023-11-26 19:25:48;UNIUSDT;30m;1.0;100;30;80;100.0;6;103.04;['-batch-training', '-calc-rsi', '-verbose', '-prediction-mode=index', '-interval-list=30m', '-range-min-rsi=28', '-range-max-rsi=80', '-range-p-ema=50,250', '-target-margin-list=1.0,1.5,2.0,2.5,3.0,3.5,4.0,4.5,5.0', '-log-level=WARNING']
2023-11-26 20:34:41;UNIUSDT;30m;1.0;250;32;78;100.0;4;103.06;['-batch-training', '-calc-rsi', '-verbose', '-prediction-mode=index', '-interval-list=30m', '-range-min-rsi=28', '-range-max-rsi=80', '-range-p-ema=50,250', '-target-margin-list=1.0,1.5,2.0,2.5,3.0,3.5,4.0,4.5,5.0', '-log-level=WARNING']
2023-11-26 20:38:53;UNIUSDT;30m;2.5;250;32;76;100.0;4;103.06;['-batch-training', '-calc-rsi', '-verbose', '-prediction-mode=index', '-interval-list=30m', '-range-min-rsi=28', '-range-max-rsi=80', '-range-p-ema=50,250', '-target-margin-list=1.0,1.5,2.0,2.5,3.0,3.5,4.0,4.5,5.0', '-log-level=WARNING']
2023-11-26 20:11:25;UNIUSDT;30m;2.0;200;32;74;100.0;2;103.06;['-batch-training', '-calc-rsi', '-verbose', '-prediction-mode=index', '-interval-list=30m', '-range-min-rsi=28', '-range-max-rsi=80', '-range-p-ema=50,250', '-target-margin-list=1.0,1.5,2.0,2.5,3.0,3.5,4.0,4.5,5.0', '-log-level=WARNING']
2023-11-26 20:34:22;UNIUSDT;30m;1.0;250;32;76;100.0;7;103.06;['-batch-training', '-calc-rsi', '-verbose', '-prediction-mode=index', '-interval-list=30m', '-range-min-rsi=28', '-range-max-rsi=80', '-range-p-ema=50,250', '-target-margin-list=1.0,1.5,2.0,2.5,3.0,3.5,4.0,4.5,5.0', '-log-level=WARNING']
2023-11-26 20:23:53;UNIUSDT;30m;2.0;225;32;74;100.0;2;103.06;['-batch-training', '-calc-rsi', '-verbose', '-prediction-mode=index', '-interval-list=30m', '-range-min-rsi=28', '-range-max-rsi=80', '-range-p-ema=50,250', '-target-margin-list=1.0,1.5,2.0,2.5,3.0,3.5,4.0,4.5,5.0', '-log-level=WARNING']
2023-11-26 20:10:40;UNIUSDT;30m;1.5;200;34;78;100.0;2;103.06;['-batch-training', '-calc-rsi', '-verbose', '-prediction-mode=index', '-interval-list=30m', '-range-min-rsi=28', '-range-max-rsi=80', '-range-p-ema=50,250', '-target-margin-list=1.0,1.5,2.0,2.5,3.0,3.5,4.0,4.5,5.0', '-log-level=WARNING']
2023-11-26 20:24:30;UNIUSDT;30m;2.0;225;34;78;100.0;2;103.06;['-batch-training', '-calc-rsi', '-verbose', '-prediction-mode=index', '-interval-list=30m', '-range-min-rsi=28', '-range-max-rsi=80', '-range-p-ema=50,250', '-target-margin-list=1.0,1.5,2.0,2.5,3.0,3.5,4.0,4.5,5.0', '-log-level=WARNING']
2023-11-26 21:02:19;UNIUSDT;30m;1.0;75;32;72;100.0;3;103.07;['-batch-training', '-calc-rsi', '-verbose', '-prediction-mode=index', '-interval-list=30m', '-range-min-rsi=28', '-range-max-rsi=80', '-range-p-ema=50,250', '-target-margin-list=1.0,1.5,2.0,2.5,3.0,3.5,4.0,4.5,5.0', '-log-level=WARNING']
2023-11-26 20:47:34;UNIUSDT;30m;1.0;50;32;72;100.0;3;103.07;['-batch-training', '-calc-rsi', '-verbose', '-prediction-mode=index', '-interval-list=30m', '-range-min-rsi=28', '-range-max-rsi=80', '-range-p-ema=50,250', '-target-margin-list=1.0,1.5,2.0,2.5,3.0,3.5,4.0,4.5,5.0', '-log-level=WARNING']
2023-11-26 19:36:15;UNIUSDT;30m;1.0;125;32;72;100.0;3;103.07;['-batch-training', '-calc-rsi', '-verbose', '-prediction-mode=index', '-interval-list=30m', '-range-min-rsi=28', '-range-max-rsi=80', '-range-p-ema=50,250', '-target-margin-list=1.0,1.5,2.0,2.5,3.0,3.5,4.0,4.5,5.0', '-log-level=WARNING']
2023-11-26 19:24:48;UNIUSDT;30m;1.0;100;32;72;100.0;3;103.07;['-batch-training', '-calc-rsi', '-verbose', '-prediction-mode=index', '-interval-list=30m', '-range-min-rsi=28', '-range-max-rsi=80', '-range-p-ema=50,250', '-target-margin-list=1.0,1.5,2.0,2.5,3.0,3.5,4.0,4.5,5.0', '-log-level=WARNING']
2023-11-26 20:02:33;UNIUSDT;30m;2.5;175;36;76;100.0;2;103.08;['-batch-training', '-calc-rsi', '-verbose', '-prediction-mode=index', '-interval-list=30m', '-range-min-rsi=28', '-range-max-rsi=80', '-range-p-ema=50,250', '-target-margin-list=1.0,1.5,2.0,2.5,3.0,3.5,4.0,4.5,5.0', '-log-level=WARNING']
2023-11-26 20:00:26;UNIUSDT;30m;1.5;175;32;78;100.0;6;103.11;['-batch-training', '-calc-rsi', '-verbose', '-prediction-mode=index', '-interval-list=30m', '-range-min-rsi=28', '-range-max-rsi=80', '-range-p-ema=50,250', '-target-margin-list=1.0,1.5,2.0,2.5,3.0,3.5,4.0,4.5,5.0', '-log-level=WARNING']
2023-11-26 20:10:37;UNIUSDT;30m;1.5;200;32;78;100.0;6;103.12;['-batch-training', '-calc-rsi', '-verbose', '-prediction-mode=index', '-interval-list=30m', '-range-min-rsi=28', '-range-max-rsi=80', '-range-p-ema=50,250', '-target-margin-list=1.0,1.5,2.0,2.5,3.0,3.5,4.0,4.5,5.0', '-log-level=WARNING']
2023-11-26 20:23:01;UNIUSDT;30m;1.5;225;32;78;100.0;6;103.12;['-batch-training', '-calc-rsi', '-verbose', '-prediction-mode=index', '-interval-list=30m', '-range-min-rsi=28', '-range-max-rsi=80', '-range-p-ema=50,250', '-target-margin-list=1.0,1.5,2.0,2.5,3.0,3.5,4.0,4.5,5.0', '-log-level=WARNING']
2023-11-26 21:05:19;UNIUSDT;30m;1.5;75;36;78;100.0;7;103.13;['-batch-training', '-calc-rsi', '-verbose', '-prediction-mode=index', '-interval-list=30m', '-range-min-rsi=28', '-range-max-rsi=80', '-range-p-ema=50,250', '-target-margin-list=1.0,1.5,2.0,2.5,3.0,3.5,4.0,4.5,5.0', '-log-level=WARNING']
2023-11-26 20:50:13;UNIUSDT;30m;1.5;50;36;78;100.0;7;103.13;['-batch-training', '-calc-rsi', '-verbose', '-prediction-mode=index', '-interval-list=30m', '-range-min-rsi=28', '-range-max-rsi=80', '-range-p-ema=50,250', '-target-margin-list=1.0,1.5,2.0,2.5,3.0,3.5,4.0,4.5,5.0', '-log-level=WARNING']
2023-11-26 20:21:57;UNIUSDT;30m;1.0;225;36;80;100.0;4;103.13;['-batch-training', '-calc-rsi', '-verbose', '-prediction-mode=index', '-interval-list=30m', '-range-min-rsi=28', '-range-max-rsi=80', '-range-p-ema=50,250', '-target-margin-list=1.0,1.5,2.0,2.5,3.0,3.5,4.0,4.5,5.0', '-log-level=WARNING']
2023-11-26 19:48:40;UNIUSDT;30m;1.0;150;34;78;100.0;6;103.14;['-batch-training', '-calc-rsi', '-verbose', '-prediction-mode=index', '-interval-list=30m', '-range-min-rsi=28', '-range-max-rsi=80', '-range-p-ema=50,250', '-target-margin-list=1.0,1.5,2.0,2.5,3.0,3.5,4.0,4.5,5.0', '-log-level=WARNING']
2023-11-26 19:28:53;UNIUSDT;30m;2.5;100;28;74;100.0;2;103.18;['-batch-training', '-calc-rsi', '-verbose', '-prediction-mode=index', '-interval-list=30m', '-range-min-rsi=28', '-range-max-rsi=80', '-range-p-ema=50,250', '-target-margin-list=1.0,1.5,2.0,2.5,3.0,3.5,4.0,4.5,5.0', '-log-level=WARNING']
2023-11-26 19:53:54;UNIUSDT;30m;3.0;150;34;80;100.0;5;103.18;['-batch-training', '-calc-rsi', '-verbose', '-prediction-mode=index', '-interval-list=30m', '-range-min-rsi=28', '-range-max-rsi=80', '-range-p-ema=50,250', '-target-margin-list=1.0,1.5,2.0,2.5,3.0,3.5,4.0,4.5,5.0', '-log-level=WARNING']
2023-11-26 20:12:37;UNIUSDT;30m;2.5;200;28;74;100.0;2;103.18;['-batch-training', '-calc-rsi', '-verbose', '-prediction-mode=index', '-interval-list=30m', '-range-min-rsi=28', '-range-max-rsi=80', '-range-p-ema=50,250', '-target-margin-list=1.0,1.5,2.0,2.5,3.0,3.5,4.0,4.5,5.0', '-log-level=WARNING']
2023-11-26 20:25:13;UNIUSDT;30m;2.5;225;28;74;100.0;2;103.18;['-batch-training', '-calc-rsi', '-verbose', '-prediction-mode=index', '-interval-list=30m', '-range-min-rsi=28', '-range-max-rsi=80', '-range-p-ema=50,250', '-target-margin-list=1.0,1.5,2.0,2.5,3.0,3.5,4.0,4.5,5.0', '-log-level=WARNING']
2023-11-26 21:07:56;UNIUSDT;30m;2.5;75;28;74;100.0;2;103.18;['-batch-training', '-calc-rsi', '-verbose', '-prediction-mode=index', '-interval-list=30m', '-range-min-rsi=28', '-range-max-rsi=80', '-range-p-ema=50,250', '-target-margin-list=1.0,1.5,2.0,2.5,3.0,3.5,4.0,4.5,5.0', '-log-level=WARNING']
2023-11-26 20:02:09;UNIUSDT;30m;2.5;175;28;74;100.0;2;103.18;['-batch-training', '-calc-rsi', '-verbose', '-prediction-mode=index', '-interval-list=30m', '-range-min-rsi=28', '-range-max-rsi=80', '-range-p-ema=50,250', '-target-margin-list=1.0,1.5,2.0,2.5,3.0,3.5,4.0,4.5,5.0', '-log-level=WARNING']
2023-11-26 20:14:56;UNIUSDT;30m;3.0;200;34;80;100.0;5;103.18;['-batch-training', '-calc-rsi', '-verbose', '-prediction-mode=index', '-interval-list=30m', '-range-min-rsi=28', '-range-max-rsi=80', '-range-p-ema=50,250', '-target-margin-list=1.0,1.5,2.0,2.5,3.0,3.5,4.0,4.5,5.0', '-log-level=WARNING']
2023-11-26 19:51:53;UNIUSDT;30m;2.5;150;28;74;100.0;2;103.18;['-batch-training', '-calc-rsi', '-verbose', '-prediction-mode=index', '-interval-list=30m', '-range-min-rsi=28', '-range-max-rsi=80', '-range-p-ema=50,250', '-target-margin-list=1.0,1.5,2.0,2.5,3.0,3.5,4.0,4.5,5.0', '-log-level=WARNING']
2023-11-26 19:40:21;UNIUSDT;30m;2.5;125;28;74;100.0;2;103.18;['-batch-training', '-calc-rsi', '-verbose', '-prediction-mode=index', '-interval-list=30m', '-range-min-rsi=28', '-range-max-rsi=80', '-range-p-ema=50,250', '-target-margin-list=1.0,1.5,2.0,2.5,3.0,3.5,4.0,4.5,5.0', '-log-level=WARNING']
2023-11-26 20:52:35;UNIUSDT;30m;2.5;50;28;74;100.0;2;103.18;['-batch-training', '-calc-rsi', '-verbose', '-prediction-mode=index', '-interval-list=30m', '-range-min-rsi=28', '-range-max-rsi=80', '-range-p-ema=50,250', '-target-margin-list=1.0,1.5,2.0,2.5,3.0,3.5,4.0,4.5,5.0', '-log-level=WARNING']
2023-11-26 20:04:04;UNIUSDT;30m;3.0;175;34;80;100.0;5;103.18;['-batch-training', '-calc-rsi', '-verbose', '-prediction-mode=index', '-interval-list=30m', '-range-min-rsi=28', '-range-max-rsi=80', '-range-p-ema=50,250', '-target-margin-list=1.0,1.5,2.0,2.5,3.0,3.5,4.0,4.5,5.0', '-log-level=WARNING']
2023-11-26 20:14:46;UNIUSDT;30m;3.0;200;28;80;100.0;3;103.19;['-batch-training', '-calc-rsi', '-verbose', '-prediction-mode=index', '-interval-list=30m', '-range-min-rsi=28', '-range-max-rsi=80', '-range-p-ema=50,250', '-target-margin-list=1.0,1.5,2.0,2.5,3.0,3.5,4.0,4.5,5.0', '-log-level=WARNING']
2023-11-26 20:40:55;UNIUSDT;30m;3.0;250;28;80;100.0;3;103.19;['-batch-training', '-calc-rsi', '-verbose', '-prediction-mode=index', '-interval-list=30m', '-range-min-rsi=28', '-range-max-rsi=80', '-range-p-ema=50,250', '-target-margin-list=1.0,1.5,2.0,2.5,3.0,3.5,4.0,4.5,5.0', '-log-level=WARNING']
2023-11-26 20:03:55;UNIUSDT;30m;3.0;175;28;80;100.0;3;103.19;['-batch-training', '-calc-rsi', '-verbose', '-prediction-mode=index', '-interval-list=30m', '-range-min-rsi=28', '-range-max-rsi=80', '-range-p-ema=50,250', '-target-margin-list=1.0,1.5,2.0,2.5,3.0,3.5,4.0,4.5,5.0', '-log-level=WARNING']
2023-11-26 19:30:54;UNIUSDT;30m;3.0;100;28;80;100.0;3;103.19;['-batch-training', '-calc-rsi', '-verbose', '-prediction-mode=index', '-interval-list=30m', '-range-min-rsi=28', '-range-max-rsi=80', '-range-p-ema=50,250', '-target-margin-list=1.0,1.5,2.0,2.5,3.0,3.5,4.0,4.5,5.0', '-log-level=WARNING']
2023-11-26 20:27:30;UNIUSDT;30m;3.0;225;28;80;100.0;3;103.19;['-batch-training', '-calc-rsi', '-verbose', '-prediction-mode=index', '-interval-list=30m', '-range-min-rsi=28', '-range-max-rsi=80', '-range-p-ema=50,250', '-target-margin-list=1.0,1.5,2.0,2.5,3.0,3.5,4.0,4.5,5.0', '-log-level=WARNING']
2023-11-26 19:42:24;UNIUSDT;30m;3.0;125;28;80;100.0;3;103.19;['-batch-training', '-calc-rsi', '-verbose', '-prediction-mode=index', '-interval-list=30m', '-range-min-rsi=28', '-range-max-rsi=80', '-range-p-ema=50,250', '-target-margin-list=1.0,1.5,2.0,2.5,3.0,3.5,4.0,4.5,5.0', '-log-level=WARNING']
2023-11-26 21:10:46;UNIUSDT;30m;3.0;75;28;80;100.0;3;103.19;['-batch-training', '-calc-rsi', '-verbose', '-prediction-mode=index', '-interval-list=30m', '-range-min-rsi=28', '-range-max-rsi=80', '-range-p-ema=50,250', '-target-margin-list=1.0,1.5,2.0,2.5,3.0,3.5,4.0,4.5,5.0', '-log-level=WARNING']
2023-11-26 20:55:13;UNIUSDT;30m;3.0;50;28;80;100.0;3;103.19;['-batch-training', '-calc-rsi', '-verbose', '-prediction-mode=index', '-interval-list=30m', '-range-min-rsi=28', '-range-max-rsi=80', '-range-p-ema=50,250', '-target-margin-list=1.0,1.5,2.0,2.5,3.0,3.5,4.0,4.5,5.0', '-log-level=WARNING']
2023-11-26 19:53:46;UNIUSDT;30m;3.0;150;28;80;100.0;3;103.19;['-batch-training', '-calc-rsi', '-verbose', '-prediction-mode=index', '-interval-list=30m', '-range-min-rsi=28', '-range-max-rsi=80', '-range-p-ema=50,250', '-target-margin-list=1.0,1.5,2.0,2.5,3.0,3.5,4.0,4.5,5.0', '-log-level=WARNING']
2023-11-26 20:35:28;UNIUSDT;30m;1.5;250;28;74;100.0;5;103.19;['-batch-training', '-calc-rsi', '-verbose', '-prediction-mode=index', '-interval-list=30m', '-range-min-rsi=28', '-range-max-rsi=80', '-range-p-ema=50,250', '-target-margin-list=1.0,1.5,2.0,2.5,3.0,3.5,4.0,4.5,5.0', '-log-level=WARNING']
2023-11-26 20:22:28;UNIUSDT;30m;1.5;225;34;74;100.0;6;103.21;['-batch-training', '-calc-rsi', '-verbose', '-prediction-mode=index', '-interval-list=30m', '-range-min-rsi=28', '-range-max-rsi=80', '-range-p-ema=50,250', '-target-margin-list=1.0,1.5,2.0,2.5,3.0,3.5,4.0,4.5,5.0', '-log-level=WARNING']
2023-11-26 20:52:59;UNIUSDT;30m;2.5;50;30;76;100.0;2;103.23;['-batch-training', '-calc-rsi', '-verbose', '-prediction-mode=index', '-interval-list=30m', '-range-min-rsi=28', '-range-max-rsi=80', '-range-p-ema=50,250', '-target-margin-list=1.0,1.5,2.0,2.5,3.0,3.5,4.0,4.5,5.0', '-log-level=WARNING']
2023-11-26 19:29:11;UNIUSDT;30m;2.5;100;30;76;100.0;2;103.23;['-batch-training', '-calc-rsi', '-verbose', '-prediction-mode=index', '-interval-list=30m', '-range-min-rsi=28', '-range-max-rsi=80', '-range-p-ema=50,250', '-target-margin-list=1.0,1.5,2.0,2.5,3.0,3.5,4.0,4.5,5.0', '-log-level=WARNING']
2023-11-26 19:52:11;UNIUSDT;30m;2.5;150;30;76;100.0;2;103.23;['-batch-training', '-calc-rsi', '-verbose', '-prediction-mode=index', '-interval-list=30m', '-range-min-rsi=28', '-range-max-rsi=80', '-range-p-ema=50,250', '-target-margin-list=1.0,1.5,2.0,2.5,3.0,3.5,4.0,4.5,5.0', '-log-level=WARNING']
2023-11-26 20:34:05;UNIUSDT;30m;1.0;250;32;74;100.0;2;103.23;['-batch-training', '-calc-rsi', '-verbose', '-prediction-mode=index', '-interval-list=30m', '-range-min-rsi=28', '-range-max-rsi=80', '-range-p-ema=50,250', '-target-margin-list=1.0,1.5,2.0,2.5,3.0,3.5,4.0,4.5,5.0', '-log-level=WARNING']
2023-11-26 21:08:22;UNIUSDT;30m;2.5;75;30;76;100.0;2;103.23;['-batch-training', '-calc-rsi', '-verbose', '-prediction-mode=index', '-interval-list=30m', '-range-min-rsi=28', '-range-max-rsi=80', '-range-p-ema=50,250', '-target-margin-list=1.0,1.5,2.0,2.5,3.0,3.5,4.0,4.5,5.0', '-log-level=WARNING']
2023-11-26 19:40:40;UNIUSDT;30m;2.5;125;30;76;100.0;2;103.23;['-batch-training', '-calc-rsi', '-verbose', '-prediction-mode=index', '-interval-list=30m', '-range-min-rsi=28', '-range-max-rsi=80', '-range-p-ema=50,250', '-target-margin-list=1.0,1.5,2.0,2.5,3.0,3.5,4.0,4.5,5.0', '-log-level=WARNING']
2023-11-26 20:09:27;UNIUSDT;30m;1.0;200;36;78;100.0;2;103.24;['-batch-training', '-calc-rsi', '-verbose', '-prediction-mode=index', '-interval-list=30m', '-range-min-rsi=28', '-range-max-rsi=80', '-range-p-ema=50,250', '-target-margin-list=1.0,1.5,2.0,2.5,3.0,3.5,4.0,4.5,5.0', '-log-level=WARNING']
2023-11-26 20:01:06;UNIUSDT;30m;2.0;175;32;74;100.0;6;103.24;['-batch-training', '-calc-rsi', '-verbose', '-prediction-mode=index', '-interval-list=30m', '-range-min-rsi=28', '-range-max-rsi=80', '-range-p-ema=50,250', '-target-margin-list=1.0,1.5,2.0,2.5,3.0,3.5,4.0,4.5,5.0', '-log-level=WARNING']
2023-11-26 19:50:41;UNIUSDT;30m;2.0;150;32;74;100.0;6;103.24;['-batch-training', '-calc-rsi', '-verbose', '-prediction-mode=index', '-interval-list=30m', '-range-min-rsi=28', '-range-max-rsi=80', '-range-p-ema=50,250', '-target-margin-list=1.0,1.5,2.0,2.5,3.0,3.5,4.0,4.5,5.0', '-log-level=WARNING']
2023-11-26 20:39:15;UNIUSDT;30m;2.5;250;34;78;100.0;6;103.25;['-batch-training', '-calc-rsi', '-verbose', '-prediction-mode=index', '-interval-list=30m', '-range-min-rsi=28', '-range-max-rsi=80', '-range-p-ema=50,250', '-target-margin-list=1.0,1.5,2.0,2.5,3.0,3.5,4.0,4.5,5.0', '-log-level=WARNING']
2023-11-26 19:39:01;UNIUSDT;30m;2.0;125;36;72;100.0;7;103.25;['-batch-training', '-calc-rsi', '-verbose', '-prediction-mode=index', '-interval-list=30m', '-range-min-rsi=28', '-range-max-rsi=80', '-range-p-ema=50,250', '-target-margin-list=1.0,1.5,2.0,2.5,3.0,3.5,4.0,4.5,5.0', '-log-level=WARNING']
2023-11-26 21:06:02;UNIUSDT;30m;2.0;75;36;72;100.0;7;103.25;['-batch-training', '-calc-rsi', '-verbose', '-prediction-mode=index', '-interval-list=30m', '-range-min-rsi=28', '-range-max-rsi=80', '-range-p-ema=50,250', '-target-margin-list=1.0,1.5,2.0,2.5,3.0,3.5,4.0,4.5,5.0', '-log-level=WARNING']
2023-11-26 20:50:53;UNIUSDT;30m;2.0;50;36;72;100.0;7;103.25;['-batch-training', '-calc-rsi', '-verbose', '-prediction-mode=index', '-interval-list=30m', '-range-min-rsi=28', '-range-max-rsi=80', '-range-p-ema=50,250', '-target-margin-list=1.0,1.5,2.0,2.5,3.0,3.5,4.0,4.5,5.0', '-log-level=WARNING']
2023-11-26 19:27:31;UNIUSDT;30m;2.0;100;36;72;100.0;7;103.25;['-batch-training', '-calc-rsi', '-verbose', '-prediction-mode=index', '-interval-list=30m', '-range-min-rsi=28', '-range-max-rsi=80', '-range-p-ema=50,250', '-target-margin-list=1.0,1.5,2.0,2.5,3.0,3.5,4.0,4.5,5.0', '-log-level=WARNING']
2023-11-26 20:02:49;UNIUSDT;30m;2.5;175;28;80;100.0;3;103.26;['-batch-training', '-calc-rsi', '-verbose', '-prediction-mode=index', '-interval-list=30m', '-range-min-rsi=28', '-range-max-rsi=80', '-range-p-ema=50,250', '-target-margin-list=1.0,1.5,2.0,2.5,3.0,3.5,4.0,4.5,5.0', '-log-level=WARNING']
2023-11-26 19:41:07;UNIUSDT;30m;2.5;125;28;80;100.0;3;103.26;['-batch-training', '-calc-rsi', '-verbose', '-prediction-mode=index', '-interval-list=30m', '-range-min-rsi=28', '-range-max-rsi=80', '-range-p-ema=50,250', '-target-margin-list=1.0,1.5,2.0,2.5,3.0,3.5,4.0,4.5,5.0', '-log-level=WARNING']
2023-11-26 20:13:26;UNIUSDT;30m;2.5;200;28;80;100.0;3;103.26;['-batch-training', '-calc-rsi', '-verbose', '-prediction-mode=index', '-interval-list=30m', '-range-min-rsi=28', '-range-max-rsi=80', '-range-p-ema=50,250', '-target-margin-list=1.0,1.5,2.0,2.5,3.0,3.5,4.0,4.5,5.0', '-log-level=WARNING']
2023-11-26 20:26:03;UNIUSDT;30m;2.5;225;28;80;100.0;3;103.26;['-batch-training', '-calc-rsi', '-verbose', '-prediction-mode=index', '-interval-list=30m', '-range-min-rsi=28', '-range-max-rsi=80', '-range-p-ema=50,250', '-target-margin-list=1.0,1.5,2.0,2.5,3.0,3.5,4.0,4.5,5.0', '-log-level=WARNING']
2023-11-26 21:09:01;UNIUSDT;30m;2.5;75;28;80;100.0;3;103.26;['-batch-training', '-calc-rsi', '-verbose', '-prediction-mode=index', '-interval-list=30m', '-range-min-rsi=28', '-range-max-rsi=80', '-range-p-ema=50,250', '-target-margin-list=1.0,1.5,2.0,2.5,3.0,3.5,4.0,4.5,5.0', '-log-level=WARNING']
2023-11-26 19:29:38;UNIUSDT;30m;2.5;100;28;80;100.0;3;103.26;['-batch-training', '-calc-rsi', '-verbose', '-prediction-mode=index', '-interval-list=30m', '-range-min-rsi=28', '-range-max-rsi=80', '-range-p-ema=50,250', '-target-margin-list=1.0,1.5,2.0,2.5,3.0,3.5,4.0,4.5,5.0', '-log-level=WARNING']
2023-11-26 20:53:34;UNIUSDT;30m;2.5;50;28;80;100.0;3;103.26;['-batch-training', '-calc-rsi', '-verbose', '-prediction-mode=index', '-interval-list=30m', '-range-min-rsi=28', '-range-max-rsi=80', '-range-p-ema=50,250', '-target-margin-list=1.0,1.5,2.0,2.5,3.0,3.5,4.0,4.5,5.0', '-log-level=WARNING']
2023-11-26 19:52:38;UNIUSDT;30m;2.5;150;28;80;100.0;3;103.26;['-batch-training', '-calc-rsi', '-verbose', '-prediction-mode=index', '-interval-list=30m', '-range-min-rsi=28', '-range-max-rsi=80', '-range-p-ema=50,250', '-target-margin-list=1.0,1.5,2.0,2.5,3.0,3.5,4.0,4.5,5.0', '-log-level=WARNING']
2023-11-26 20:13:35;UNIUSDT;30m;2.5;200;34;80;100.0;2;103.28;['-batch-training', '-calc-rsi', '-verbose', '-prediction-mode=index', '-interval-list=30m', '-range-min-rsi=28', '-range-max-rsi=80', '-range-p-ema=50,250', '-target-margin-list=1.0,1.5,2.0,2.5,3.0,3.5,4.0,4.5,5.0', '-log-level=WARNING']
2023-11-26 20:36:14;UNIUSDT;30m;1.5;250;34;78;100.0;6;103.28;['-batch-training', '-calc-rsi', '-verbose', '-prediction-mode=index', '-interval-list=30m', '-range-min-rsi=28', '-range-max-rsi=80', '-range-p-ema=50,250', '-target-margin-list=1.0,1.5,2.0,2.5,3.0,3.5,4.0,4.5,5.0', '-log-level=WARNING']
2023-11-26 20:33:57;UNIUSDT;30m;1.0;250;28;74;100.0;4;103.29;['-batch-training', '-calc-rsi', '-verbose', '-prediction-mode=index', '-interval-list=30m', '-range-min-rsi=28', '-range-max-rsi=80', '-range-p-ema=50,250', '-target-margin-list=1.0,1.5,2.0,2.5,3.0,3.5,4.0,4.5,5.0', '-log-level=WARNING']
2023-11-26 20:29:19;UNIUSDT;30m;4.0;225;30;72;100.0;2;103.3;['-batch-training', '-calc-rsi', '-verbose', '-prediction-mode=index', '-interval-list=30m', '-range-min-rsi=28', '-range-max-rsi=80', '-range-p-ema=50,250', '-target-margin-list=1.0,1.5,2.0,2.5,3.0,3.5,4.0,4.5,5.0', '-log-level=WARNING']
2023-11-26 21:13:01;UNIUSDT;30m;4.0;75;30;72;100.0;2;103.3;['-batch-training', '-calc-rsi', '-verbose', '-prediction-mode=index', '-interval-list=30m', '-range-min-rsi=28', '-range-max-rsi=80', '-range-p-ema=50,250', '-target-margin-list=1.0,1.5,2.0,2.5,3.0,3.5,4.0,4.5,5.0', '-log-level=WARNING']
2023-11-26 19:32:26;UNIUSDT;30m;4.0;100;30;72;100.0;2;103.3;['-batch-training', '-calc-rsi', '-verbose', '-prediction-mode=index', '-interval-list=30m', '-range-min-rsi=28', '-range-max-rsi=80', '-range-p-ema=50,250', '-target-margin-list=1.0,1.5,2.0,2.5,3.0,3.5,4.0,4.5,5.0', '-log-level=WARNING']
2023-11-26 19:55:11;UNIUSDT;30m;4.0;150;30;72;100.0;2;103.3;['-batch-training', '-calc-rsi', '-verbose', '-prediction-mode=index', '-interval-list=30m', '-range-min-rsi=28', '-range-max-rsi=80', '-range-p-ema=50,250', '-target-margin-list=1.0,1.5,2.0,2.5,3.0,3.5,4.0,4.5,5.0', '-log-level=WARNING']
2023-11-26 20:16:27;UNIUSDT;30m;4.0;200;30;72;100.0;2;103.3;['-batch-training', '-calc-rsi', '-verbose', '-prediction-mode=index', '-interval-list=30m', '-range-min-rsi=28', '-range-max-rsi=80', '-range-p-ema=50,250', '-target-margin-list=1.0,1.5,2.0,2.5,3.0,3.5,4.0,4.5,5.0', '-log-level=WARNING']
2023-11-26 20:05:17;UNIUSDT;30m;4.0;175;30;72;100.0;2;103.3;['-batch-training', '-calc-rsi', '-verbose', '-prediction-mode=index', '-interval-list=30m', '-range-min-rsi=28', '-range-max-rsi=80', '-range-p-ema=50,250', '-target-margin-list=1.0,1.5,2.0,2.5,3.0,3.5,4.0,4.5,5.0', '-log-level=WARNING']
2023-11-26 19:43:57;UNIUSDT;30m;4.0;125;30;72;100.0;2;103.3;['-batch-training', '-calc-rsi', '-verbose', '-prediction-mode=index', '-interval-list=30m', '-range-min-rsi=28', '-range-max-rsi=80', '-range-p-ema=50,250', '-target-margin-list=1.0,1.5,2.0,2.5,3.0,3.5,4.0,4.5,5.0', '-log-level=WARNING']
2023-11-26 20:57:15;UNIUSDT;30m;4.0;50;30;72;100.0;2;103.3;['-batch-training', '-calc-rsi', '-verbose', '-prediction-mode=index', '-interval-list=30m', '-range-min-rsi=28', '-range-max-rsi=80', '-range-p-ema=50,250', '-target-margin-list=1.0,1.5,2.0,2.5,3.0,3.5,4.0,4.5,5.0', '-log-level=WARNING']
2023-11-26 20:42:50;UNIUSDT;30m;4.0;250;30;72;100.0;2;103.3;['-batch-training', '-calc-rsi', '-verbose', '-prediction-mode=index', '-interval-list=30m', '-range-min-rsi=28', '-range-max-rsi=80', '-range-p-ema=50,250', '-target-margin-list=1.0,1.5,2.0,2.5,3.0,3.5,4.0,4.5,5.0', '-log-level=WARNING']
2023-11-26 20:35:00;UNIUSDT;30m;1.0;250;32;80;100.0;4;103.32;['-batch-training', '-calc-rsi', '-verbose', '-prediction-mode=index', '-interval-list=30m', '-range-min-rsi=28', '-range-max-rsi=80', '-range-p-ema=50,250', '-target-margin-list=1.0,1.5,2.0,2.5,3.0,3.5,4.0,4.5,5.0', '-log-level=WARNING']
2023-11-26 19:59:34;UNIUSDT;30m;1.0;175;34;80;100.0;5;103.33;['-batch-training', '-calc-rsi', '-verbose', '-prediction-mode=index', '-interval-list=30m', '-range-min-rsi=28', '-range-max-rsi=80', '-range-p-ema=50,250', '-target-margin-list=1.0,1.5,2.0,2.5,3.0,3.5,4.0,4.5,5.0', '-log-level=WARNING']
2023-11-26 19:41:53;UNIUSDT;30m;3.0;125;28;76;100.0;2;103.34;['-batch-training', '-calc-rsi', '-verbose', '-prediction-mode=index', '-interval-list=30m', '-range-min-rsi=28', '-range-max-rsi=80', '-range-p-ema=50,250', '-target-margin-list=1.0,1.5,2.0,2.5,3.0,3.5,4.0,4.5,5.0', '-log-level=WARNING']
2023-11-26 20:34:48;UNIUSDT;30m;1.0;250;36;78;100.0;4;103.34;['-batch-training', '-calc-rsi', '-verbose', '-prediction-mode=index', '-interval-list=30m', '-range-min-rsi=28', '-range-max-rsi=80', '-range-p-ema=50,250', '-target-margin-list=1.0,1.5,2.0,2.5,3.0,3.5,4.0,4.5,5.0', '-log-level=WARNING']
2023-11-26 20:37:16;UNIUSDT;30m;2.0;250;28;76;100.0;2;103.34;['-batch-training', '-calc-rsi', '-verbose', '-prediction-mode=index', '-interval-list=30m', '-range-min-rsi=28', '-range-max-rsi=80', '-range-p-ema=50,250', '-target-margin-list=1.0,1.5,2.0,2.5,3.0,3.5,4.0,4.5,5.0', '-log-level=WARNING']
2023-11-26 19:37:52;UNIUSDT;30m;1.5;125;32;74;100.0;6;103.34;['-batch-training', '-calc-rsi', '-verbose', '-prediction-mode=index', '-interval-list=30m', '-range-min-rsi=28', '-range-max-rsi=80', '-range-p-ema=50,250', '-target-margin-list=1.0,1.5,2.0,2.5,3.0,3.5,4.0,4.5,5.0', '-log-level=WARNING']
2023-11-26 20:49:28;UNIUSDT;30m;1.5;50;32;74;100.0;6;103.34;['-batch-training', '-calc-rsi', '-verbose', '-prediction-mode=index', '-interval-list=30m', '-range-min-rsi=28', '-range-max-rsi=80', '-range-p-ema=50,250', '-target-margin-list=1.0,1.5,2.0,2.5,3.0,3.5,4.0,4.5,5.0', '-log-level=WARNING']
2023-11-26 19:56:13;UNIUSDT;30m;4.0;150;36;80;100.0;4;103.34;['-batch-training', '-calc-rsi', '-verbose', '-prediction-mode=index', '-interval-list=30m', '-range-min-rsi=28', '-range-max-rsi=80', '-range-p-ema=50,250', '-target-margin-list=1.0,1.5,2.0,2.5,3.0,3.5,4.0,4.5,5.0', '-log-level=WARNING']
2023-11-26 20:54:34;UNIUSDT;30m;3.0;50;28;76;100.0;2;103.34;['-batch-training', '-calc-rsi', '-verbose', '-prediction-mode=index', '-interval-list=30m', '-range-min-rsi=28', '-range-max-rsi=80', '-range-p-ema=50,250', '-target-margin-list=1.0,1.5,2.0,2.5,3.0,3.5,4.0,4.5,5.0', '-log-level=WARNING']
2023-11-26 20:17:43;UNIUSDT;30m;4.0;200;36;80;100.0;4;103.34;['-batch-training', '-calc-rsi', '-verbose', '-prediction-mode=index', '-interval-list=30m', '-range-min-rsi=28', '-range-max-rsi=80', '-range-p-ema=50,250', '-target-margin-list=1.0,1.5,2.0,2.5,3.0,3.5,4.0,4.5,5.0', '-log-level=WARNING']
2023-11-26 19:30:23;UNIUSDT;30m;3.0;100;28;76;100.0;2;103.34;['-batch-training', '-calc-rsi', '-verbose', '-prediction-mode=index', '-interval-list=30m', '-range-min-rsi=28', '-range-max-rsi=80', '-range-p-ema=50,250', '-target-margin-list=1.0,1.5,2.0,2.5,3.0,3.5,4.0,4.5,5.0', '-log-level=WARNING']
2023-11-26 20:14:14;UNIUSDT;30m;3.0;200;28;76;100.0;2;103.34;['-batch-training', '-calc-rsi', '-verbose', '-prediction-mode=index', '-interval-list=30m', '-range-min-rsi=28', '-range-max-rsi=80', '-range-p-ema=50,250', '-target-margin-list=1.0,1.5,2.0,2.5,3.0,3.5,4.0,4.5,5.0', '-log-level=WARNING']
2023-11-26 19:26:23;UNIUSDT;30m;1.5;100;32;74;100.0;6;103.34;['-batch-training', '-calc-rsi', '-verbose', '-prediction-mode=index', '-interval-list=30m', '-range-min-rsi=28', '-range-max-rsi=80', '-range-p-ema=50,250', '-target-margin-list=1.0,1.5,2.0,2.5,3.0,3.5,4.0,4.5,5.0', '-log-level=WARNING']
2023-11-26 20:03:29;UNIUSDT;30m;3.0;175;28;76;100.0;2;103.34;['-batch-training', '-calc-rsi', '-verbose', '-prediction-mode=index', '-interval-list=30m', '-range-min-rsi=28', '-range-max-rsi=80', '-range-p-ema=50,250', '-target-margin-list=1.0,1.5,2.0,2.5,3.0,3.5,4.0,4.5,5.0', '-log-level=WARNING']
2023-11-26 21:04:26;UNIUSDT;30m;1.5;75;32;74;100.0;6;103.34;['-batch-training', '-calc-rsi', '-verbose', '-prediction-mode=index', '-interval-list=30m', '-range-min-rsi=28', '-range-max-rsi=80', '-range-p-ema=50,250', '-target-margin-list=1.0,1.5,2.0,2.5,3.0,3.5,4.0,4.5,5.0', '-log-level=WARNING']
2023-11-26 20:26:56;UNIUSDT;30m;3.0;225;28;76;100.0;2;103.34;['-batch-training', '-calc-rsi', '-verbose', '-prediction-mode=index', '-interval-list=30m', '-range-min-rsi=28', '-range-max-rsi=80', '-range-p-ema=50,250', '-target-margin-list=1.0,1.5,2.0,2.5,3.0,3.5,4.0,4.5,5.0', '-log-level=WARNING']
2023-11-26 20:06:18;UNIUSDT;30m;4.0;175;36;80;100.0;4;103.34;['-batch-training', '-calc-rsi', '-verbose', '-prediction-mode=index', '-interval-list=30m', '-range-min-rsi=28', '-range-max-rsi=80', '-range-p-ema=50,250', '-target-margin-list=1.0,1.5,2.0,2.5,3.0,3.5,4.0,4.5,5.0', '-log-level=WARNING']
2023-11-26 19:53:19;UNIUSDT;30m;3.0;150;28;76;100.0;2;103.34;['-batch-training', '-calc-rsi', '-verbose', '-prediction-mode=index', '-interval-list=30m', '-range-min-rsi=28', '-range-max-rsi=80', '-range-p-ema=50,250', '-target-margin-list=1.0,1.5,2.0,2.5,3.0,3.5,4.0,4.5,5.0', '-log-level=WARNING']
2023-11-26 21:10:04;UNIUSDT;30m;3.0;75;28;76;100.0;2;103.34;['-batch-training', '-calc-rsi', '-verbose', '-prediction-mode=index', '-interval-list=30m', '-range-min-rsi=28', '-range-max-rsi=80', '-range-p-ema=50,250', '-target-margin-list=1.0,1.5,2.0,2.5,3.0,3.5,4.0,4.5,5.0', '-log-level=WARNING']
2023-11-26 20:09:42;UNIUSDT;30m;1.0;200;36;80;100.0;5;103.35;['-batch-training', '-calc-rsi', '-verbose', '-prediction-mode=index', '-interval-list=30m', '-range-min-rsi=28', '-range-max-rsi=80', '-range-p-ema=50,250', '-target-margin-list=1.0,1.5,2.0,2.5,3.0,3.5,4.0,4.5,5.0', '-log-level=WARNING']
2023-11-26 19:49:55;UNIUSDT;30m;1.5;150;32;78;100.0;5;103.36;['-batch-training', '-calc-rsi', '-verbose', '-prediction-mode=index', '-interval-list=30m', '-range-min-rsi=28', '-range-max-rsi=80', '-range-p-ema=50,250', '-target-margin-list=1.0,1.5,2.0,2.5,3.0,3.5,4.0,4.5,5.0', '-log-level=WARNING']
2023-11-26 20:48:11;UNIUSDT;30m;1.0;50;32;76;100.0;7;103.38;['-batch-training', '-calc-rsi', '-verbose', '-prediction-mode=index', '-interval-list=30m', '-range-min-rsi=28', '-range-max-rsi=80', '-range-p-ema=50,250', '-target-margin-list=1.0,1.5,2.0,2.5,3.0,3.5,4.0,4.5,5.0', '-log-level=WARNING']
2023-11-26 19:25:20;UNIUSDT;30m;1.0;100;32;76;100.0;7;103.38;['-batch-training', '-calc-rsi', '-verbose', '-prediction-mode=index', '-interval-list=30m', '-range-min-rsi=28', '-range-max-rsi=80', '-range-p-ema=50,250', '-target-margin-list=1.0,1.5,2.0,2.5,3.0,3.5,4.0,4.5,5.0', '-log-level=WARNING']
2023-11-26 19:36:48;UNIUSDT;30m;1.0;125;32;76;100.0;7;103.38;['-batch-training', '-calc-rsi', '-verbose', '-prediction-mode=index', '-interval-list=30m', '-range-min-rsi=28', '-range-max-rsi=80', '-range-p-ema=50,250', '-target-margin-list=1.0,1.5,2.0,2.5,3.0,3.5,4.0,4.5,5.0', '-log-level=WARNING']
2023-11-26 21:03:02;UNIUSDT;30m;1.0;75;32;76;100.0;7;103.38;['-batch-training', '-calc-rsi', '-verbose', '-prediction-mode=index', '-interval-list=30m', '-range-min-rsi=28', '-range-max-rsi=80', '-range-p-ema=50,250', '-target-margin-list=1.0,1.5,2.0,2.5,3.0,3.5,4.0,4.5,5.0', '-log-level=WARNING']
2023-11-26 20:25:19;UNIUSDT;30m;2.5;225;32;74;100.0;5;103.39;['-batch-training', '-calc-rsi', '-verbose', '-prediction-mode=index', '-interval-list=30m', '-range-min-rsi=28', '-range-max-rsi=80', '-range-p-ema=50,250', '-target-margin-list=1.0,1.5,2.0,2.5,3.0,3.5,4.0,4.5,5.0', '-log-level=WARNING']
2023-11-26 20:12:43;UNIUSDT;30m;2.5;200;32;74;100.0;5;103.39;['-batch-training', '-calc-rsi', '-verbose', '-prediction-mode=index', '-interval-list=30m', '-range-min-rsi=28', '-range-max-rsi=80', '-range-p-ema=50,250', '-target-margin-list=1.0,1.5,2.0,2.5,3.0,3.5,4.0,4.5,5.0', '-log-level=WARNING']
2023-11-26 20:21:36;UNIUSDT;30m;1.0;225;34;78;100.0;4;103.39;['-batch-training', '-calc-rsi', '-verbose', '-prediction-mode=index', '-interval-list=30m', '-range-min-rsi=28', '-range-max-rsi=80', '-range-p-ema=50,250', '-target-margin-list=1.0,1.5,2.0,2.5,3.0,3.5,4.0,4.5,5.0', '-log-level=WARNING']
2023-11-26 20:21:19;UNIUSDT;30m;1.0;225;34;76;100.0;3;103.42;['-batch-training', '-calc-rsi', '-verbose', '-prediction-mode=index', '-interval-list=30m', '-range-min-rsi=28', '-range-max-rsi=80', '-range-p-ema=50,250', '-target-margin-list=1.0,1.5,2.0,2.5,3.0,3.5,4.0,4.5,5.0', '-log-level=WARNING']
2023-11-26 20:00:51;UNIUSDT;30m;2.0;175;30;72;100.0;3;103.44;['-batch-training', '-calc-rsi', '-verbose', '-prediction-mode=index', '-interval-list=30m', '-range-min-rsi=28', '-range-max-rsi=80', '-range-p-ema=50,250', '-target-margin-list=1.0,1.5,2.0,2.5,3.0,3.5,4.0,4.5,5.0', '-log-level=WARNING']
2023-11-26 20:23:56;UNIUSDT;30m;2.0;225;34;74;100.0;3;103.44;['-batch-training', '-calc-rsi', '-verbose', '-prediction-mode=index', '-interval-list=30m', '-range-min-rsi=28', '-range-max-rsi=80', '-range-p-ema=50,250', '-target-margin-list=1.0,1.5,2.0,2.5,3.0,3.5,4.0,4.5,5.0', '-log-level=WARNING']
2023-11-26 20:11:05;UNIUSDT;30m;2.0;200;30;72;100.0;3;103.44;['-batch-training', '-calc-rsi', '-verbose', '-prediction-mode=index', '-interval-list=30m', '-range-min-rsi=28', '-range-max-rsi=80', '-range-p-ema=50,250', '-target-margin-list=1.0,1.5,2.0,2.5,3.0,3.5,4.0,4.5,5.0', '-log-level=WARNING']
2023-11-26 19:28:17;UNIUSDT;30m;2.0;100;36;78;100.0;2;103.45;['-batch-training', '-calc-rsi', '-verbose', '-prediction-mode=index', '-interval-list=30m', '-range-min-rsi=28', '-range-max-rsi=80', '-range-p-ema=50,250', '-target-margin-list=1.0,1.5,2.0,2.5,3.0,3.5,4.0,4.5,5.0', '-log-level=WARNING']
2023-11-26 19:39:47;UNIUSDT;30m;2.0;125;36;78;100.0;2;103.45;['-batch-training', '-calc-rsi', '-verbose', '-prediction-mode=index', '-interval-list=30m', '-range-min-rsi=28', '-range-max-rsi=80', '-range-p-ema=50,250', '-target-margin-list=1.0,1.5,2.0,2.5,3.0,3.5,4.0,4.5,5.0', '-log-level=WARNING']
2023-11-26 20:37:04;UNIUSDT;30m;2.0;250;32;74;100.0;6;103.46;['-batch-training', '-calc-rsi', '-verbose', '-prediction-mode=index', '-interval-list=30m', '-range-min-rsi=28', '-range-max-rsi=80', '-range-p-ema=50,250', '-target-margin-list=1.0,1.5,2.0,2.5,3.0,3.5,4.0,4.5,5.0', '-log-level=WARNING']
2023-11-26 20:34:08;UNIUSDT;30m;1.0;250;34;74;100.0;2;103.47;['-batch-training', '-calc-rsi', '-verbose', '-prediction-mode=index', '-interval-list=30m', '-range-min-rsi=28', '-range-max-rsi=80', '-range-p-ema=50,250', '-target-margin-list=1.0,1.5,2.0,2.5,3.0,3.5,4.0,4.5,5.0', '-log-level=WARNING']
2023-11-26 20:12:03;UNIUSDT;30m;2.0;200;36;78;100.0;6;103.49;['-batch-training', '-calc-rsi', '-verbose', '-prediction-mode=index', '-interval-list=30m', '-range-min-rsi=28', '-range-max-rsi=80', '-range-p-ema=50,250', '-target-margin-list=1.0,1.5,2.0,2.5,3.0,3.5,4.0,4.5,5.0', '-log-level=WARNING']
2023-11-26 20:50:13;UNIUSDT;30m;1.5;50;36;78;100.0;3;103.49;['-batch-training', '-calc-rsi', '-verbose', '-prediction-mode=index', '-interval-list=30m', '-range-min-rsi=28', '-range-max-rsi=80', '-range-p-ema=50,250', '-target-margin-list=1.0,1.5,2.0,2.5,3.0,3.5,4.0,4.5,5.0', '-log-level=WARNING']
2023-11-26 21:05:19;UNIUSDT;30m;1.5;75;36;78;100.0;3;103.49;['-batch-training', '-calc-rsi', '-verbose', '-prediction-mode=index', '-interval-list=30m', '-range-min-rsi=28', '-range-max-rsi=80', '-range-p-ema=50,250', '-target-margin-list=1.0,1.5,2.0,2.5,3.0,3.5,4.0,4.5,5.0', '-log-level=WARNING']
2023-11-26 19:49:55;UNIUSDT;30m;1.5;150;32;78;100.0;2;103.49;['-batch-training', '-calc-rsi', '-verbose', '-prediction-mode=index', '-interval-list=30m', '-range-min-rsi=28', '-range-max-rsi=80', '-range-p-ema=50,250', '-target-margin-list=1.0,1.5,2.0,2.5,3.0,3.5,4.0,4.5,5.0', '-log-level=WARNING']
2023-11-26 19:31:06;UNIUSDT;30m;3.0;100;36;80;100.0;5;103.5;['-batch-training', '-calc-rsi', '-verbose', '-prediction-mode=index', '-interval-list=30m', '-range-min-rsi=28', '-range-max-rsi=80', '-range-p-ema=50,250', '-target-margin-list=1.0,1.5,2.0,2.5,3.0,3.5,4.0,4.5,5.0', '-log-level=WARNING']
2023-11-26 20:37:44;UNIUSDT;30m;2.0;250;34;78;100.0;2;103.5;['-batch-training', '-calc-rsi', '-verbose', '-prediction-mode=index', '-interval-list=30m', '-range-min-rsi=28', '-range-max-rsi=80', '-range-p-ema=50,250', '-target-margin-list=1.0,1.5,2.0,2.5,3.0,3.5,4.0,4.5,5.0', '-log-level=WARNING']
2023-11-26 20:55:29;UNIUSDT;30m;3.0;50;36;80;100.0;5;103.5;['-batch-training', '-calc-rsi', '-verbose', '-prediction-mode=index', '-interval-list=30m', '-range-min-rsi=28', '-range-max-rsi=80', '-range-p-ema=50,250', '-target-margin-list=1.0,1.5,2.0,2.5,3.0,3.5,4.0,4.5,5.0', '-log-level=WARNING']
2023-11-26 19:42:36;UNIUSDT;30m;3.0;125;36;80;100.0;5;103.5;['-batch-training', '-calc-rsi', '-verbose', '-prediction-mode=index', '-interval-list=30m', '-range-min-rsi=28', '-range-max-rsi=80', '-range-p-ema=50,250', '-target-margin-list=1.0,1.5,2.0,2.5,3.0,3.5,4.0,4.5,5.0', '-log-level=WARNING']
2023-11-26 20:20:37;UNIUSDT;30m;1.0;225;30;72;100.0;6;103.5;['-batch-training', '-calc-rsi', '-verbose', '-prediction-mode=index', '-interval-list=30m', '-range-min-rsi=28', '-range-max-rsi=80', '-range-p-ema=50,250', '-target-margin-list=1.0,1.5,2.0,2.5,3.0,3.5,4.0,4.5,5.0', '-log-level=WARNING']
2023-11-26 21:11:04;UNIUSDT;30m;3.0;75;36;80;100.0;5;103.5;['-batch-training', '-calc-rsi', '-verbose', '-prediction-mode=index', '-interval-list=30m', '-range-min-rsi=28', '-range-max-rsi=80', '-range-p-ema=50,250', '-target-margin-list=1.0,1.5,2.0,2.5,3.0,3.5,4.0,4.5,5.0', '-log-level=WARNING']
2023-11-26 21:03:14;UNIUSDT;30m;1.0;75;28;78;100.0;3;103.53;['-batch-training', '-calc-rsi', '-verbose', '-prediction-mode=index', '-interval-list=30m', '-range-min-rsi=28', '-range-max-rsi=80', '-range-p-ema=50,250', '-target-margin-list=1.0,1.5,2.0,2.5,3.0,3.5,4.0,4.5,5.0', '-log-level=WARNING']
2023-11-26 21:02:25;UNIUSDT;30m;1.0;75;34;72;100.0;2;103.53;['-batch-training', '-calc-rsi', '-verbose', '-prediction-mode=index', '-interval-list=30m', '-range-min-rsi=28', '-range-max-rsi=80', '-range-p-ema=50,250', '-target-margin-list=1.0,1.5,2.0,2.5,3.0,3.5,4.0,4.5,5.0', '-log-level=WARNING']
2023-11-26 19:59:12;UNIUSDT;30m;1.0;175;28;78;100.0;3;103.53;['-batch-training', '-calc-rsi', '-verbose', '-prediction-mode=index', '-interval-list=30m', '-range-min-rsi=28', '-range-max-rsi=80', '-range-p-ema=50,250', '-target-margin-list=1.0,1.5,2.0,2.5,3.0,3.5,4.0,4.5,5.0', '-log-level=WARNING']
2023-11-26 20:47:37;UNIUSDT;30m;1.0;50;34;72;100.0;2;103.53;['-batch-training', '-calc-rsi', '-verbose', '-prediction-mode=index', '-interval-list=30m', '-range-min-rsi=28', '-range-max-rsi=80', '-range-p-ema=50,250', '-target-margin-list=1.0,1.5,2.0,2.5,3.0,3.5,4.0,4.5,5.0', '-log-level=WARNING']
2023-11-26 19:36:57;UNIUSDT;30m;1.0;125;28;78;100.0;3;103.53;['-batch-training', '-calc-rsi', '-verbose', '-prediction-mode=index', '-interval-list=30m', '-range-min-rsi=28', '-range-max-rsi=80', '-range-p-ema=50,250', '-target-margin-list=1.0,1.5,2.0,2.5,3.0,3.5,4.0,4.5,5.0', '-log-level=WARNING']
2023-11-26 20:48:22;UNIUSDT;30m;1.0;50;28;78;100.0;3;103.53;['-batch-training', '-calc-rsi', '-verbose', '-prediction-mode=index', '-interval-list=30m', '-range-min-rsi=28', '-range-max-rsi=80', '-range-p-ema=50,250', '-target-margin-list=1.0,1.5,2.0,2.5,3.0,3.5,4.0,4.5,5.0', '-log-level=WARNING']
2023-11-26 19:48:30;UNIUSDT;30m;1.0;150;28;78;100.0;3;103.53;['-batch-training', '-calc-rsi', '-verbose', '-prediction-mode=index', '-interval-list=30m', '-range-min-rsi=28', '-range-max-rsi=80', '-range-p-ema=50,250', '-target-margin-list=1.0,1.5,2.0,2.5,3.0,3.5,4.0,4.5,5.0', '-log-level=WARNING']
2023-11-26 20:09:15;UNIUSDT;30m;1.0;200;28;78;100.0;3;103.53;['-batch-training', '-calc-rsi', '-verbose', '-prediction-mode=index', '-interval-list=30m', '-range-min-rsi=28', '-range-max-rsi=80', '-range-p-ema=50,250', '-target-margin-list=1.0,1.5,2.0,2.5,3.0,3.5,4.0,4.5,5.0', '-log-level=WARNING']
2023-11-26 19:36:18;UNIUSDT;30m;1.0;125;34;72;100.0;2;103.53;['-batch-training', '-calc-rsi', '-verbose', '-prediction-mode=index', '-interval-list=30m', '-range-min-rsi=28', '-range-max-rsi=80', '-range-p-ema=50,250', '-target-margin-list=1.0,1.5,2.0,2.5,3.0,3.5,4.0,4.5,5.0', '-log-level=WARNING']
2023-11-26 19:25:29;UNIUSDT;30m;1.0;100;28;78;100.0;3;103.53;['-batch-training', '-calc-rsi', '-verbose', '-prediction-mode=index', '-interval-list=30m', '-range-min-rsi=28', '-range-max-rsi=80', '-range-p-ema=50,250', '-target-margin-list=1.0,1.5,2.0,2.5,3.0,3.5,4.0,4.5,5.0', '-log-level=WARNING']
2023-11-26 20:21:26;UNIUSDT;30m;1.0;225;28;78;100.0;3;103.53;['-batch-training', '-calc-rsi', '-verbose', '-prediction-mode=index', '-interval-list=30m', '-range-min-rsi=28', '-range-max-rsi=80', '-range-p-ema=50,250', '-target-margin-list=1.0,1.5,2.0,2.5,3.0,3.5,4.0,4.5,5.0', '-log-level=WARNING']
2023-11-26 19:24:51;UNIUSDT;30m;1.0;100;34;72;100.0;2;103.53;['-batch-training', '-calc-rsi', '-verbose', '-prediction-mode=index', '-interval-list=30m', '-range-min-rsi=28', '-range-max-rsi=80', '-range-p-ema=50,250', '-target-margin-list=1.0,1.5,2.0,2.5,3.0,3.5,4.0,4.5,5.0', '-log-level=WARNING']
2023-11-26 19:52:32;UNIUSDT;30m;2.5;150;34;78;100.0;6;103.54;['-batch-training', '-calc-rsi', '-verbose', '-prediction-mode=index', '-interval-list=30m', '-range-min-rsi=28', '-range-max-rsi=80', '-range-p-ema=50,250', '-target-margin-list=1.0,1.5,2.0,2.5,3.0,3.5,4.0,4.5,5.0', '-log-level=WARNING']
2023-11-26 20:25:56;UNIUSDT;30m;2.5;225;34;78;100.0;6;103.54;['-batch-training', '-calc-rsi', '-verbose', '-prediction-mode=index', '-interval-list=30m', '-range-min-rsi=28', '-range-max-rsi=80', '-range-p-ema=50,250', '-target-margin-list=1.0,1.5,2.0,2.5,3.0,3.5,4.0,4.5,5.0', '-log-level=WARNING']
2023-11-26 20:13:19;UNIUSDT;30m;2.5;200;34;78;100.0;6;103.54;['-batch-training', '-calc-rsi', '-verbose', '-prediction-mode=index', '-interval-list=30m', '-range-min-rsi=28', '-range-max-rsi=80', '-range-p-ema=50,250', '-target-margin-list=1.0,1.5,2.0,2.5,3.0,3.5,4.0,4.5,5.0', '-log-level=WARNING']
2023-11-26 20:02:44;UNIUSDT;30m;2.5;175;34;78;100.0;6;103.54;['-batch-training', '-calc-rsi', '-verbose', '-prediction-mode=index', '-interval-list=30m', '-range-min-rsi=28', '-range-max-rsi=80', '-range-p-ema=50,250', '-target-margin-list=1.0,1.5,2.0,2.5,3.0,3.5,4.0,4.5,5.0', '-log-level=WARNING']
2023-11-26 19:29:50;UNIUSDT;30m;2.5;100;36;80;100.0;6;103.55;['-batch-training', '-calc-rsi', '-verbose', '-prediction-mode=index', '-interval-list=30m', '-range-min-rsi=28', '-range-max-rsi=80', '-range-p-ema=50,250', '-target-margin-list=1.0,1.5,2.0,2.5,3.0,3.5,4.0,4.5,5.0', '-log-level=WARNING']
2023-11-26 20:53:51;UNIUSDT;30m;2.5;50;36;80;100.0;6;103.55;['-batch-training', '-calc-rsi', '-verbose', '-prediction-mode=index', '-interval-list=30m', '-range-min-rsi=28', '-range-max-rsi=80', '-range-p-ema=50,250', '-target-margin-list=1.0,1.5,2.0,2.5,3.0,3.5,4.0,4.5,5.0', '-log-level=WARNING']
2023-11-26 19:41:19;UNIUSDT;30m;2.5;125;36;80;100.0;6;103.55;['-batch-training', '-calc-rsi', '-verbose', '-prediction-mode=index', '-interval-list=30m', '-range-min-rsi=28', '-range-max-rsi=80', '-range-p-ema=50,250', '-target-margin-list=1.0,1.5,2.0,2.5,3.0,3.5,4.0,4.5,5.0', '-log-level=WARNING']
2023-11-26 21:09:17;UNIUSDT;30m;2.5;75;36;80;100.0;6;103.55;['-batch-training', '-calc-rsi', '-verbose', '-prediction-mode=index', '-interval-list=30m', '-range-min-rsi=28', '-range-max-rsi=80', '-range-p-ema=50,250', '-target-margin-list=1.0,1.5,2.0,2.5,3.0,3.5,4.0,4.5,5.0', '-log-level=WARNING']
2023-11-26 19:47:50;UNIUSDT;30m;1.0;150;32;72;100.0;2;103.56;['-batch-training', '-calc-rsi', '-verbose', '-prediction-mode=index', '-interval-list=30m', '-range-min-rsi=28', '-range-max-rsi=80', '-range-p-ema=50,250', '-target-margin-list=1.0,1.5,2.0,2.5,3.0,3.5,4.0,4.5,5.0', '-log-level=WARNING']
2023-11-26 20:44:52;UNIUSDT;30m;4.5;250;36;74;100.0;3;103.57;['-batch-training', '-calc-rsi', '-verbose', '-prediction-mode=index', '-interval-list=30m', '-range-min-rsi=28', '-range-max-rsi=80', '-range-p-ema=50,250', '-target-margin-list=1.0,1.5,2.0,2.5,3.0,3.5,4.0,4.5,5.0', '-log-level=WARNING']
2023-11-26 20:31:14;UNIUSDT;30m;4.5;225;36;74;100.0;3;103.57;['-batch-training', '-calc-rsi', '-verbose', '-prediction-mode=index', '-interval-list=30m', '-range-min-rsi=28', '-range-max-rsi=80', '-range-p-ema=50,250', '-target-margin-list=1.0,1.5,2.0,2.5,3.0,3.5,4.0,4.5,5.0', '-log-level=WARNING']
2023-11-26 20:52:11;UNIUSDT;30m;2.0;50;36;80;100.0;2;103.59;['-batch-training', '-calc-rsi', '-verbose', '-prediction-mode=index', '-interval-list=30m', '-range-min-rsi=28', '-range-max-rsi=80', '-range-p-ema=50,250', '-target-margin-list=1.0,1.5,2.0,2.5,3.0,3.5,4.0,4.5,5.0', '-log-level=WARNING']
2023-11-26 19:49:45;UNIUSDT;30m;1.5;150;36;76;100.0;2;103.59;['-batch-training', '-calc-rsi', '-verbose', '-prediction-mode=index', '-interval-list=30m', '-range-min-rsi=28', '-range-max-rsi=80', '-range-p-ema=50,250', '-target-margin-list=1.0,1.5,2.0,2.5,3.0,3.5,4.0,4.5,5.0', '-log-level=WARNING']
2023-11-26 20:39:33;UNIUSDT;30m;2.5;250;34;80;100.0;6;103.59;['-batch-training', '-calc-rsi', '-verbose', '-prediction-mode=index', '-interval-list=30m', '-range-min-rsi=28', '-range-max-rsi=80', '-range-p-ema=50,250', '-target-margin-list=1.0,1.5,2.0,2.5,3.0,3.5,4.0,4.5,5.0', '-log-level=WARNING']
2023-11-26 21:07:29;UNIUSDT;30m;2.0;75;36;80;100.0;2;103.59;['-batch-training', '-calc-rsi', '-verbose', '-prediction-mode=index', '-interval-list=30m', '-range-min-rsi=28', '-range-max-rsi=80', '-range-p-ema=50,250', '-target-margin-list=1.0,1.5,2.0,2.5,3.0,3.5,4.0,4.5,5.0', '-log-level=WARNING']
2023-11-26 20:23:42;UNIUSDT;30m;2.0;225;36;72;100.0;3;103.6;['-batch-training', '-calc-rsi', '-verbose', '-prediction-mode=index', '-interval-list=30m', '-range-min-rsi=28', '-range-max-rsi=80', '-range-p-ema=50,250', '-target-margin-list=1.0,1.5,2.0,2.5,3.0,3.5,4.0,4.5,5.0', '-log-level=WARNING']
2023-11-26 19:59:03;UNIUSDT;30m;1.0;175;32;76;100.0;7;103.6;['-batch-training', '-calc-rsi', '-verbose', '-prediction-mode=index', '-interval-list=30m', '-range-min-rsi=28', '-range-max-rsi=80', '-range-p-ema=50,250', '-target-margin-list=1.0,1.5,2.0,2.5,3.0,3.5,4.0,4.5,5.0', '-log-level=WARNING']
2023-11-26 20:35:06;UNIUSDT;30m;1.0;250;36;80;100.0;4;103.6;['-batch-training', '-calc-rsi', '-verbose', '-prediction-mode=index', '-interval-list=30m', '-range-min-rsi=28', '-range-max-rsi=80', '-range-p-ema=50,250', '-target-margin-list=1.0,1.5,2.0,2.5,3.0,3.5,4.0,4.5,5.0', '-log-level=WARNING']
2023-11-26 20:22:33;UNIUSDT;30m;1.5;225;36;74;100.0;3;103.6;['-batch-training', '-calc-rsi', '-verbose', '-prediction-mode=index', '-interval-list=30m', '-range-min-rsi=28', '-range-max-rsi=80', '-range-p-ema=50,250', '-target-margin-list=1.0,1.5,2.0,2.5,3.0,3.5,4.0,4.5,5.0', '-log-level=WARNING']
2023-11-26 19:59:17;UNIUSDT;30m;1.0;175;32;78;100.0;4;103.6;['-batch-training', '-calc-rsi', '-verbose', '-prediction-mode=index', '-interval-list=30m', '-range-min-rsi=28', '-range-max-rsi=80', '-range-p-ema=50,250', '-target-margin-list=1.0,1.5,2.0,2.5,3.0,3.5,4.0,4.5,5.0', '-log-level=WARNING']
2023-11-26 20:10:40;UNIUSDT;30m;1.5;200;34;78;100.0;6;103.61;['-batch-training', '-calc-rsi', '-verbose', '-prediction-mode=index', '-interval-list=30m', '-range-min-rsi=28', '-range-max-rsi=80', '-range-p-ema=50,250', '-target-margin-list=1.0,1.5,2.0,2.5,3.0,3.5,4.0,4.5,5.0', '-log-level=WARNING']
2023-11-26 20:21:16;UNIUSDT;30m;1.0;225;32;76;100.0;7;103.62;['-batch-training', '-calc-rsi', '-verbose', '-prediction-mode=index', '-interval-list=30m', '-range-min-rsi=28', '-range-max-rsi=80', '-range-p-ema=50,250', '-target-margin-list=1.0,1.5,2.0,2.5,3.0,3.5,4.0,4.5,5.0', '-log-level=WARNING']
2023-11-26 20:09:22;UNIUSDT;30m;1.0;200;32;78;100.0;4;103.62;['-batch-training', '-calc-rsi', '-verbose', '-prediction-mode=index', '-interval-list=30m', '-range-min-rsi=28', '-range-max-rsi=80', '-range-p-ema=50,250', '-target-margin-list=1.0,1.5,2.0,2.5,3.0,3.5,4.0,4.5,5.0', '-log-level=WARNING']
2023-11-26 20:21:33;UNIUSDT;30m;1.0;225;32;78;100.0;4;103.62;['-batch-training', '-calc-rsi', '-verbose', '-prediction-mode=index', '-interval-list=30m', '-range-min-rsi=28', '-range-max-rsi=80', '-range-p-ema=50,250', '-target-margin-list=1.0,1.5,2.0,2.5,3.0,3.5,4.0,4.5,5.0', '-log-level=WARNING']
2023-11-26 20:09:07;UNIUSDT;30m;1.0;200;32;76;100.0;7;103.62;['-batch-training', '-calc-rsi', '-verbose', '-prediction-mode=index', '-interval-list=30m', '-range-min-rsi=28', '-range-max-rsi=80', '-range-p-ema=50,250', '-target-margin-list=1.0,1.5,2.0,2.5,3.0,3.5,4.0,4.5,5.0', '-log-level=WARNING']
2023-11-26 20:39:37;UNIUSDT;30m;2.5;250;36;80;100.0;5;103.64;['-batch-training', '-calc-rsi', '-verbose', '-prediction-mode=index', '-interval-list=30m', '-range-min-rsi=28', '-range-max-rsi=80', '-range-p-ema=50,250', '-target-margin-list=1.0,1.5,2.0,2.5,3.0,3.5,4.0,4.5,5.0', '-log-level=WARNING']
2023-11-26 20:51:43;UNIUSDT;30m;2.0;50;32;78;100.0;5;103.65;['-batch-training', '-calc-rsi', '-verbose', '-prediction-mode=index', '-interval-list=30m', '-range-min-rsi=28', '-range-max-rsi=80', '-range-p-ema=50,250', '-target-margin-list=1.0,1.5,2.0,2.5,3.0,3.5,4.0,4.5,5.0', '-log-level=WARNING']
2023-11-26 20:21:54;UNIUSDT;30m;1.0;225;34;80;100.0;4;103.65;['-batch-training', '-calc-rsi', '-verbose', '-prediction-mode=index', '-interval-list=30m', '-range-min-rsi=28', '-range-max-rsi=80', '-range-p-ema=50,250', '-target-margin-list=1.0,1.5,2.0,2.5,3.0,3.5,4.0,4.5,5.0', '-log-level=WARNING']
2023-11-26 19:39:41;UNIUSDT;30m;2.0;125;32;78;100.0;5;103.65;['-batch-training', '-calc-rsi', '-verbose', '-prediction-mode=index', '-interval-list=30m', '-range-min-rsi=28', '-range-max-rsi=80', '-range-p-ema=50,250', '-target-margin-list=1.0,1.5,2.0,2.5,3.0,3.5,4.0,4.5,5.0', '-log-level=WARNING']
2023-11-26 19:28:11;UNIUSDT;30m;2.0;100;32;78;100.0;5;103.65;['-batch-training', '-calc-rsi', '-verbose', '-prediction-mode=index', '-interval-list=30m', '-range-min-rsi=28', '-range-max-rsi=80', '-range-p-ema=50,250', '-target-margin-list=1.0,1.5,2.0,2.5,3.0,3.5,4.0,4.5,5.0', '-log-level=WARNING']
2023-11-26 21:06:58;UNIUSDT;30m;2.0;75;32;78;100.0;5;103.65;['-batch-training', '-calc-rsi', '-verbose', '-prediction-mode=index', '-interval-list=30m', '-range-min-rsi=28', '-range-max-rsi=80', '-range-p-ema=50,250', '-target-margin-list=1.0,1.5,2.0,2.5,3.0,3.5,4.0,4.5,5.0', '-log-level=WARNING']
2023-11-26 20:03:50;UNIUSDT;30m;3.0;175;34;78;100.0;5;103.66;['-batch-training', '-calc-rsi', '-verbose', '-prediction-mode=index', '-interval-list=30m', '-range-min-rsi=28', '-range-max-rsi=80', '-range-p-ema=50,250', '-target-margin-list=1.0,1.5,2.0,2.5,3.0,3.5,4.0,4.5,5.0', '-log-level=WARNING']
2023-11-26 19:50:50;UNIUSDT;30m;2.0;150;28;76;100.0;2;103.66;['-batch-training', '-calc-rsi', '-verbose', '-prediction-mode=index', '-interval-list=30m', '-range-min-rsi=28', '-range-max-rsi=80', '-range-p-ema=50,250', '-target-margin-list=1.0,1.5,2.0,2.5,3.0,3.5,4.0,4.5,5.0', '-log-level=WARNING']
2023-11-26 19:27:50;UNIUSDT;30m;2.0;100;28;76;100.0;2;103.66;['-batch-training', '-calc-rsi', '-verbose', '-prediction-mode=index', '-interval-list=30m', '-range-min-rsi=28', '-range-max-rsi=80', '-range-p-ema=50,250', '-target-margin-list=1.0,1.5,2.0,2.5,3.0,3.5,4.0,4.5,5.0', '-log-level=WARNING']
2023-11-26 21:06:28;UNIUSDT;30m;2.0;75;28;76;100.0;2;103.66;['-batch-training', '-calc-rsi', '-verbose', '-prediction-mode=index', '-interval-list=30m', '-range-min-rsi=28', '-range-max-rsi=80', '-range-p-ema=50,250', '-target-margin-list=1.0,1.5,2.0,2.5,3.0,3.5,4.0,4.5,5.0', '-log-level=WARNING']
2023-11-26 20:51:16;UNIUSDT;30m;2.0;50;28;76;100.0;2;103.66;['-batch-training', '-calc-rsi', '-verbose', '-prediction-mode=index', '-interval-list=30m', '-range-min-rsi=28', '-range-max-rsi=80', '-range-p-ema=50,250', '-target-margin-list=1.0,1.5,2.0,2.5,3.0,3.5,4.0,4.5,5.0', '-log-level=WARNING']
2023-11-26 19:53:40;UNIUSDT;30m;3.0;150;34;78;100.0;5;103.66;['-batch-training', '-calc-rsi', '-verbose', '-prediction-mode=index', '-interval-list=30m', '-range-min-rsi=28', '-range-max-rsi=80', '-range-p-ema=50,250', '-target-margin-list=1.0,1.5,2.0,2.5,3.0,3.5,4.0,4.5,5.0', '-log-level=WARNING']
2023-11-26 20:27:24;UNIUSDT;30m;3.0;225;34;78;100.0;5;103.66;['-batch-training', '-calc-rsi', '-verbose', '-prediction-mode=index', '-interval-list=30m', '-range-min-rsi=28', '-range-max-rsi=80', '-range-p-ema=50,250', '-target-margin-list=1.0,1.5,2.0,2.5,3.0,3.5,4.0,4.5,5.0', '-log-level=WARNING']
2023-11-26 20:24:03;UNIUSDT;30m;2.0;225;28;76;100.0;2;103.66;['-batch-training', '-calc-rsi', '-verbose', '-prediction-mode=index', '-interval-list=30m', '-range-min-rsi=28', '-range-max-rsi=80', '-range-p-ema=50,250', '-target-margin-list=1.0,1.5,2.0,2.5,3.0,3.5,4.0,4.5,5.0', '-log-level=WARNING']
2023-11-26 20:11:34;UNIUSDT;30m;2.0;200;28;76;100.0;2;103.66;['-batch-training', '-calc-rsi', '-verbose', '-prediction-mode=index', '-interval-list=30m', '-range-min-rsi=28', '-range-max-rsi=80', '-range-p-ema=50,250', '-target-margin-list=1.0,1.5,2.0,2.5,3.0,3.5,4.0,4.5,5.0', '-log-level=WARNING']
2023-11-26 20:14:40;UNIUSDT;30m;3.0;200;34;78;100.0;5;103.66;['-batch-training', '-calc-rsi', '-verbose', '-prediction-mode=index', '-interval-list=30m', '-range-min-rsi=28', '-range-max-rsi=80', '-range-p-ema=50,250', '-target-margin-list=1.0,1.5,2.0,2.5,3.0,3.5,4.0,4.5,5.0', '-log-level=WARNING']
2023-11-26 19:39:19;UNIUSDT;30m;2.0;125;28;76;100.0;2;103.66;['-batch-training', '-calc-rsi', '-verbose', '-prediction-mode=index', '-interval-list=30m', '-range-min-rsi=28', '-range-max-rsi=80', '-range-p-ema=50,250', '-target-margin-list=1.0,1.5,2.0,2.5,3.0,3.5,4.0,4.5,5.0', '-log-level=WARNING']
2023-11-26 20:01:15;UNIUSDT;30m;2.0;175;28;76;100.0;2;103.66;['-batch-training', '-calc-rsi', '-verbose', '-prediction-mode=index', '-interval-list=30m', '-range-min-rsi=28', '-range-max-rsi=80', '-range-p-ema=50,250', '-target-margin-list=1.0,1.5,2.0,2.5,3.0,3.5,4.0,4.5,5.0', '-log-level=WARNING']
2023-11-26 20:34:41;UNIUSDT;30m;1.0;250;32;78;100.0;5;103.67;['-batch-training', '-calc-rsi', '-verbose', '-prediction-mode=index', '-interval-list=30m', '-range-min-rsi=28', '-range-max-rsi=80', '-range-p-ema=50,250', '-target-margin-list=1.0,1.5,2.0,2.5,3.0,3.5,4.0,4.5,5.0', '-log-level=WARNING']
2023-11-26 20:34:34;UNIUSDT;30m;1.0;250;28;78;100.0;5;103.68;['-batch-training', '-calc-rsi', '-verbose', '-prediction-mode=index', '-interval-list=30m', '-range-min-rsi=28', '-range-max-rsi=80', '-range-p-ema=50,250', '-target-margin-list=1.0,1.5,2.0,2.5,3.0,3.5,4.0,4.5,5.0', '-log-level=WARNING']
2023-11-26 20:00:24;UNIUSDT;30m;1.5;175;30;78;100.0;4;103.7;['-batch-training', '-calc-rsi', '-verbose', '-prediction-mode=index', '-interval-list=30m', '-range-min-rsi=28', '-range-max-rsi=80', '-range-p-ema=50,250', '-target-margin-list=1.0,1.5,2.0,2.5,3.0,3.5,4.0,4.5,5.0', '-log-level=WARNING']
2023-11-26 20:10:34;UNIUSDT;30m;1.5;200;30;78;100.0;4;103.7;['-batch-training', '-calc-rsi', '-verbose', '-prediction-mode=index', '-interval-list=30m', '-range-min-rsi=28', '-range-max-rsi=80', '-range-p-ema=50,250', '-target-margin-list=1.0,1.5,2.0,2.5,3.0,3.5,4.0,4.5,5.0', '-log-level=WARNING']
2023-11-26 20:22:57;UNIUSDT;30m;1.5;225;30;78;100.0;4;103.7;['-batch-training', '-calc-rsi', '-verbose', '-prediction-mode=index', '-interval-list=30m', '-range-min-rsi=28', '-range-max-rsi=80', '-range-p-ema=50,250', '-target-margin-list=1.0,1.5,2.0,2.5,3.0,3.5,4.0,4.5,5.0', '-log-level=WARNING']
2023-11-26 20:34:41;UNIUSDT;30m;1.0;250;32;78;100.0;3;103.73;['-batch-training', '-calc-rsi', '-verbose', '-prediction-mode=index', '-interval-list=30m', '-range-min-rsi=28', '-range-max-rsi=80', '-range-p-ema=50,250', '-target-margin-list=1.0,1.5,2.0,2.5,3.0,3.5,4.0,4.5,5.0', '-log-level=WARNING']
2023-11-26 19:27:10;UNIUSDT;30m;1.5;100;32;80;100.0;4;103.73;['-batch-training', '-calc-rsi', '-verbose', '-prediction-mode=index', '-interval-list=30m', '-range-min-rsi=28', '-range-max-rsi=80', '-range-p-ema=50,250', '-target-margin-list=1.0,1.5,2.0,2.5,3.0,3.5,4.0,4.5,5.0', '-log-level=WARNING']
2023-11-26 20:50:26;UNIUSDT;30m;1.5;50;32;80;100.0;4;103.73;['-batch-training', '-calc-rsi', '-verbose', '-prediction-mode=index', '-interval-list=30m', '-range-min-rsi=28', '-range-max-rsi=80', '-range-p-ema=50,250', '-target-margin-list=1.0,1.5,2.0,2.5,3.0,3.5,4.0,4.5,5.0', '-log-level=WARNING']
2023-11-26 19:59:58;UNIUSDT;30m;1.5;175;32;74;100.0;4;103.73;['-batch-training', '-calc-rsi', '-verbose', '-prediction-mode=index', '-interval-list=30m', '-range-min-rsi=28', '-range-max-rsi=80', '-range-p-ema=50,250', '-target-margin-list=1.0,1.5,2.0,2.5,3.0,3.5,4.0,4.5,5.0', '-log-level=WARNING']
2023-11-26 20:44:48;UNIUSDT;30m;4.5;250;34;74;100.0;3;103.73;['-batch-training', '-calc-rsi', '-verbose', '-prediction-mode=index', '-interval-list=30m', '-range-min-rsi=28', '-range-max-rsi=80', '-range-p-ema=50,250', '-target-margin-list=1.0,1.5,2.0,2.5,3.0,3.5,4.0,4.5,5.0', '-log-level=WARNING']
2023-11-26 20:31:10;UNIUSDT;30m;4.5;225;34;74;100.0;3;103.73;['-batch-training', '-calc-rsi', '-verbose', '-prediction-mode=index', '-interval-list=30m', '-range-min-rsi=28', '-range-max-rsi=80', '-range-p-ema=50,250', '-target-margin-list=1.0,1.5,2.0,2.5,3.0,3.5,4.0,4.5,5.0', '-log-level=WARNING']
2023-11-26 21:05:31;UNIUSDT;30m;1.5;75;32;80;100.0;4;103.73;['-batch-training', '-calc-rsi', '-verbose', '-prediction-mode=index', '-interval-list=30m', '-range-min-rsi=28', '-range-max-rsi=80', '-range-p-ema=50,250', '-target-margin-list=1.0,1.5,2.0,2.5,3.0,3.5,4.0,4.5,5.0', '-log-level=WARNING']
2023-11-26 19:38:39;UNIUSDT;30m;1.5;125;32;80;100.0;4;103.73;['-batch-training', '-calc-rsi', '-verbose', '-prediction-mode=index', '-interval-list=30m', '-range-min-rsi=28', '-range-max-rsi=80', '-range-p-ema=50,250', '-target-margin-list=1.0,1.5,2.0,2.5,3.0,3.5,4.0,4.5,5.0', '-log-level=WARNING']
2023-11-26 20:36:10;UNIUSDT;30m;1.5;250;32;78;100.0;6;103.74;['-batch-training', '-calc-rsi', '-verbose', '-prediction-mode=index', '-interval-list=30m', '-range-min-rsi=28', '-range-max-rsi=80', '-range-p-ema=50,250', '-target-margin-list=1.0,1.5,2.0,2.5,3.0,3.5,4.0,4.5,5.0', '-log-level=WARNING']
2023-11-26 20:40:03;UNIUSDT;30m;3.0;250;30;74;100.0;2;103.74;['-batch-training', '-calc-rsi', '-verbose', '-prediction-mode=index', '-interval-list=30m', '-range-min-rsi=28', '-range-max-rsi=80', '-range-p-ema=50,250', '-target-margin-list=1.0,1.5,2.0,2.5,3.0,3.5,4.0,4.5,5.0', '-log-level=WARNING']
2023-11-26 19:39:47;UNIUSDT;30m;2.0;125;36;78;100.0;6;103.75;['-batch-training', '-calc-rsi', '-verbose', '-prediction-mode=index', '-interval-list=30m', '-range-min-rsi=28', '-range-max-rsi=80', '-range-p-ema=50,250', '-target-margin-list=1.0,1.5,2.0,2.5,3.0,3.5,4.0,4.5,5.0', '-log-level=WARNING']
2023-11-26 20:10:05;UNIUSDT;30m;1.5;200;32;74;100.0;4;103.75;['-batch-training', '-calc-rsi', '-verbose', '-prediction-mode=index', '-interval-list=30m', '-range-min-rsi=28', '-range-max-rsi=80', '-range-p-ema=50,250', '-target-margin-list=1.0,1.5,2.0,2.5,3.0,3.5,4.0,4.5,5.0', '-log-level=WARNING']
2023-11-26 20:22:25;UNIUSDT;30m;1.5;225;32;74;100.0;4;103.75;['-batch-training', '-calc-rsi', '-verbose', '-prediction-mode=index', '-interval-list=30m', '-range-min-rsi=28', '-range-max-rsi=80', '-range-p-ema=50,250', '-target-margin-list=1.0,1.5,2.0,2.5,3.0,3.5,4.0,4.5,5.0', '-log-level=WARNING']
2023-11-26 19:28:18;UNIUSDT;30m;2.0;100;36;78;100.0;6;103.75;['-batch-training', '-calc-rsi', '-verbose', '-prediction-mode=index', '-interval-list=30m', '-range-min-rsi=28', '-range-max-rsi=80', '-range-p-ema=50,250', '-target-margin-list=1.0,1.5,2.0,2.5,3.0,3.5,4.0,4.5,5.0', '-log-level=WARNING']
2023-11-26 21:03:32;UNIUSDT;30m;1.0;75;36;78;100.0;4;103.77;['-batch-training', '-calc-rsi', '-verbose', '-prediction-mode=index', '-interval-list=30m', '-range-min-rsi=28', '-range-max-rsi=80', '-range-p-ema=50,250', '-target-margin-list=1.0,1.5,2.0,2.5,3.0,3.5,4.0,4.5,5.0', '-log-level=WARNING']
2023-11-26 20:48:38;UNIUSDT;30m;1.0;50;36;78;100.0;4;103.77;['-batch-training', '-calc-rsi', '-verbose', '-prediction-mode=index', '-interval-list=30m', '-range-min-rsi=28', '-range-max-rsi=80', '-range-p-ema=50,250', '-target-margin-list=1.0,1.5,2.0,2.5,3.0,3.5,4.0,4.5,5.0', '-log-level=WARNING']
2023-11-26 20:31:04;UNIUSDT;30m;4.5;225;30;74;100.0;4;103.78;['-batch-training', '-calc-rsi', '-verbose', '-prediction-mode=index', '-interval-list=30m', '-range-min-rsi=28', '-range-max-rsi=80', '-range-p-ema=50,250', '-target-margin-list=1.0,1.5,2.0,2.5,3.0,3.5,4.0,4.5,5.0', '-log-level=WARNING']
2023-11-26 19:56:46;UNIUSDT;30m;4.5;150;30;76;100.0;4;103.78;['-batch-training', '-calc-rsi', '-verbose', '-prediction-mode=index', '-interval-list=30m', '-range-min-rsi=28', '-range-max-rsi=80', '-range-p-ema=50,250', '-target-margin-list=1.0,1.5,2.0,2.5,3.0,3.5,4.0,4.5,5.0', '-log-level=WARNING']
2023-11-26 20:18:39;UNIUSDT;30m;4.5;200;30;78;100.0;4;103.78;['-batch-training', '-calc-rsi', '-verbose', '-prediction-mode=index', '-interval-list=30m', '-range-min-rsi=28', '-range-max-rsi=80', '-range-p-ema=50,250', '-target-margin-list=1.0,1.5,2.0,2.5,3.0,3.5,4.0,4.5,5.0', '-log-level=WARNING']
2023-11-26 20:45:18;UNIUSDT;30m;4.5;250;30;78;100.0;4;103.78;['-batch-training', '-calc-rsi', '-verbose', '-prediction-mode=index', '-interval-list=30m', '-range-min-rsi=28', '-range-max-rsi=80', '-range-p-ema=50,250', '-target-margin-list=1.0,1.5,2.0,2.5,3.0,3.5,4.0,4.5,5.0', '-log-level=WARNING']
2023-11-26 19:56:32;UNIUSDT;30m;4.5;150;30;74;100.0;4;103.78;['-batch-training', '-calc-rsi', '-verbose', '-prediction-mode=index', '-interval-list=30m', '-range-min-rsi=28', '-range-max-rsi=80', '-range-p-ema=50,250', '-target-margin-list=1.0,1.5,2.0,2.5,3.0,3.5,4.0,4.5,5.0', '-log-level=WARNING']
2023-11-26 20:59:14;UNIUSDT;30m;4.5;50;30;74;100.0;4;103.78;['-batch-training', '-calc-rsi', '-verbose', '-prediction-mode=index', '-interval-list=30m', '-range-min-rsi=28', '-range-max-rsi=80', '-range-p-ema=50,250', '-target-margin-list=1.0,1.5,2.0,2.5,3.0,3.5,4.0,4.5,5.0', '-log-level=WARNING']
2023-11-26 20:44:41;UNIUSDT;30m;4.5;250;30;74;100.0;4;103.78;['-batch-training', '-calc-rsi', '-verbose', '-prediction-mode=index', '-interval-list=30m', '-range-min-rsi=28', '-range-max-rsi=80', '-range-p-ema=50,250', '-target-margin-list=1.0,1.5,2.0,2.5,3.0,3.5,4.0,4.5,5.0', '-log-level=WARNING']
2023-11-26 20:59:56;UNIUSDT;30m;4.5;50;30;78;100.0;4;103.78;['-batch-training', '-calc-rsi', '-verbose', '-prediction-mode=index', '-interval-list=30m', '-range-min-rsi=28', '-range-max-rsi=80', '-range-p-ema=50,250', '-target-margin-list=1.0,1.5,2.0,2.5,3.0,3.5,4.0,4.5,5.0', '-log-level=WARNING']
2023-11-26 21:14:51;UNIUSDT;30m;4.5;75;30;74;100.0;4;103.78;['-batch-training', '-calc-rsi', '-verbose', '-prediction-mode=index', '-interval-list=30m', '-range-min-rsi=28', '-range-max-rsi=80', '-range-p-ema=50,250', '-target-margin-list=1.0,1.5,2.0,2.5,3.0,3.5,4.0,4.5,5.0', '-log-level=WARNING']
2023-11-26 19:45:43;UNIUSDT;30m;4.5;125;30;76;100.0;4;103.78;['-batch-training', '-calc-rsi', '-verbose', '-prediction-mode=index', '-interval-list=30m', '-range-min-rsi=28', '-range-max-rsi=80', '-range-p-ema=50,250', '-target-margin-list=1.0,1.5,2.0,2.5,3.0,3.5,4.0,4.5,5.0', '-log-level=WARNING']
2023-11-26 20:18:06;UNIUSDT;30m;4.5;200;30;74;100.0;4;103.78;['-batch-training', '-calc-rsi', '-verbose', '-prediction-mode=index', '-interval-list=30m', '-range-min-rsi=28', '-range-max-rsi=80', '-range-p-ema=50,250', '-target-margin-list=1.0,1.5,2.0,2.5,3.0,3.5,4.0,4.5,5.0', '-log-level=WARNING']
2023-11-26 20:06:50;UNIUSDT;30m;4.5;175;30;76;100.0;4;103.78;['-batch-training', '-calc-rsi', '-verbose', '-prediction-mode=index', '-interval-list=30m', '-range-min-rsi=28', '-range-max-rsi=80', '-range-p-ema=50,250', '-target-margin-list=1.0,1.5,2.0,2.5,3.0,3.5,4.0,4.5,5.0', '-log-level=WARNING']
2023-11-26 20:31:21;UNIUSDT;30m;4.5;225;30;76;100.0;4;103.78;['-batch-training', '-calc-rsi', '-verbose', '-prediction-mode=index', '-interval-list=30m', '-range-min-rsi=28', '-range-max-rsi=80', '-range-p-ema=50,250', '-target-margin-list=1.0,1.5,2.0,2.5,3.0,3.5,4.0,4.5,5.0', '-log-level=WARNING']
2023-11-26 19:33:55;UNIUSDT;30m;4.5;100;30;74;100.0;4;103.78;['-batch-training', '-calc-rsi', '-verbose', '-prediction-mode=index', '-interval-list=30m', '-range-min-rsi=28', '-range-max-rsi=80', '-range-p-ema=50,250', '-target-margin-list=1.0,1.5,2.0,2.5,3.0,3.5,4.0,4.5,5.0', '-log-level=WARNING']
2023-11-26 20:44:59;UNIUSDT;30m;4.5;250;30;76;100.0;4;103.78;['-batch-training', '-calc-rsi', '-verbose', '-prediction-mode=index', '-interval-list=30m', '-range-min-rsi=28', '-range-max-rsi=80', '-range-p-ema=50,250', '-target-margin-list=1.0,1.5,2.0,2.5,3.0,3.5,4.0,4.5,5.0', '-log-level=WARNING']
2023-11-26 20:59:35;UNIUSDT;30m;4.5;50;30;76;100.0;4;103.78;['-batch-training', '-calc-rsi', '-verbose', '-prediction-mode=index', '-interval-list=30m', '-range-min-rsi=28', '-range-max-rsi=80', '-range-p-ema=50,250', '-target-margin-list=1.0,1.5,2.0,2.5,3.0,3.5,4.0,4.5,5.0', '-log-level=WARNING']
2023-11-26 20:07:03;UNIUSDT;30m;4.5;175;30;78;100.0;4;103.78;['-batch-training', '-calc-rsi', '-verbose', '-prediction-mode=index', '-interval-list=30m', '-range-min-rsi=28', '-range-max-rsi=80', '-range-p-ema=50,250', '-target-margin-list=1.0,1.5,2.0,2.5,3.0,3.5,4.0,4.5,5.0', '-log-level=WARNING']
2023-11-26 20:18:23;UNIUSDT;30m;4.5;200;30;76;100.0;4;103.78;['-batch-training', '-calc-rsi', '-verbose', '-prediction-mode=index', '-interval-list=30m', '-range-min-rsi=28', '-range-max-rsi=80', '-range-p-ema=50,250', '-target-margin-list=1.0,1.5,2.0,2.5,3.0,3.5,4.0,4.5,5.0', '-log-level=WARNING']
2023-11-26 19:34:24;UNIUSDT;30m;4.5;100;30;78;100.0;4;103.78;['-batch-training', '-calc-rsi', '-verbose', '-prediction-mode=index', '-interval-list=30m', '-range-min-rsi=28', '-range-max-rsi=80', '-range-p-ema=50,250', '-target-margin-list=1.0,1.5,2.0,2.5,3.0,3.5,4.0,4.5,5.0', '-log-level=WARNING']
2023-11-26 20:31:38;UNIUSDT;30m;4.5;225;30;78;100.0;4;103.78;['-batch-training', '-calc-rsi', '-verbose', '-prediction-mode=index', '-interval-list=30m', '-range-min-rsi=28', '-range-max-rsi=80', '-range-p-ema=50,250', '-target-margin-list=1.0,1.5,2.0,2.5,3.0,3.5,4.0,4.5,5.0', '-log-level=WARNING']
2023-11-26 20:06:37;UNIUSDT;30m;4.5;175;30;74;100.0;4;103.78;['-batch-training', '-calc-rsi', '-verbose', '-prediction-mode=index', '-interval-list=30m', '-range-min-rsi=28', '-range-max-rsi=80', '-range-p-ema=50,250', '-target-margin-list=1.0,1.5,2.0,2.5,3.0,3.5,4.0,4.5,5.0', '-log-level=WARNING']
2023-11-26 19:34:09;UNIUSDT;30m;4.5;100;30;76;100.0;4;103.78;['-batch-training', '-calc-rsi', '-verbose', '-prediction-mode=index', '-interval-list=30m', '-range-min-rsi=28', '-range-max-rsi=80', '-range-p-ema=50,250', '-target-margin-list=1.0,1.5,2.0,2.5,3.0,3.5,4.0,4.5,5.0', '-log-level=WARNING']
2023-11-26 21:15:09;UNIUSDT;30m;4.5;75;30;76;100.0;4;103.78;['-batch-training', '-calc-rsi', '-verbose', '-prediction-mode=index', '-interval-list=30m', '-range-min-rsi=28', '-range-max-rsi=80', '-range-p-ema=50,250', '-target-margin-list=1.0,1.5,2.0,2.5,3.0,3.5,4.0,4.5,5.0', '-log-level=WARNING']
2023-11-26 19:45:28;UNIUSDT;30m;4.5;125;30;74;100.0;4;103.78;['-batch-training', '-calc-rsi', '-verbose', '-prediction-mode=index', '-interval-list=30m', '-range-min-rsi=28', '-range-max-rsi=80', '-range-p-ema=50,250', '-target-margin-list=1.0,1.5,2.0,2.5,3.0,3.5,4.0,4.5,5.0', '-log-level=WARNING']
2023-11-26 19:46:00;UNIUSDT;30m;4.5;125;30;78;100.0;4;103.78;['-batch-training', '-calc-rsi', '-verbose', '-prediction-mode=index', '-interval-list=30m', '-range-min-rsi=28', '-range-max-rsi=80', '-range-p-ema=50,250', '-target-margin-list=1.0,1.5,2.0,2.5,3.0,3.5,4.0,4.5,5.0', '-log-level=WARNING']
2023-11-26 19:56:59;UNIUSDT;30m;4.5;150;30;78;100.0;4;103.78;['-batch-training', '-calc-rsi', '-verbose', '-prediction-mode=index', '-interval-list=30m', '-range-min-rsi=28', '-range-max-rsi=80', '-range-p-ema=50,250', '-target-margin-list=1.0,1.5,2.0,2.5,3.0,3.5,4.0,4.5,5.0', '-log-level=WARNING']
2023-11-26 21:15:25;UNIUSDT;30m;4.5;75;30;78;100.0;4;103.78;['-batch-training', '-calc-rsi', '-verbose', '-prediction-mode=index', '-interval-list=30m', '-range-min-rsi=28', '-range-max-rsi=80', '-range-p-ema=50,250', '-target-margin-list=1.0,1.5,2.0,2.5,3.0,3.5,4.0,4.5,5.0', '-log-level=WARNING']
2023-11-26 19:43:24;UNIUSDT;30m;3.5;125;28;78;100.0;3;103.79;['-batch-training', '-calc-rsi', '-verbose', '-prediction-mode=index', '-interval-list=30m', '-range-min-rsi=28', '-range-max-rsi=80', '-range-p-ema=50,250', '-target-margin-list=1.0,1.5,2.0,2.5,3.0,3.5,4.0,4.5,5.0', '-log-level=WARNING']
2023-11-26 21:12:13;UNIUSDT;30m;3.5;75;28;78;100.0;3;103.79;['-batch-training', '-calc-rsi', '-verbose', '-prediction-mode=index', '-interval-list=30m', '-range-min-rsi=28', '-range-max-rsi=80', '-range-p-ema=50,250', '-target-margin-list=1.0,1.5,2.0,2.5,3.0,3.5,4.0,4.5,5.0', '-log-level=WARNING']
2023-11-26 20:20:58;UNIUSDT;30m;1.0;225;32;74;100.0;2;103.79;['-batch-training', '-calc-rsi', '-verbose', '-prediction-mode=index', '-interval-list=30m', '-range-min-rsi=28', '-range-max-rsi=80', '-range-p-ema=50,250', '-target-margin-list=1.0,1.5,2.0,2.5,3.0,3.5,4.0,4.5,5.0', '-log-level=WARNING']
2023-11-26 20:11:25;UNIUSDT;30m;2.0;200;32;74;100.0;6;103.79;['-batch-training', '-calc-rsi', '-verbose', '-prediction-mode=index', '-interval-list=30m', '-range-min-rsi=28', '-range-max-rsi=80', '-range-p-ema=50,250', '-target-margin-list=1.0,1.5,2.0,2.5,3.0,3.5,4.0,4.5,5.0', '-log-level=WARNING']
2023-11-26 19:31:54;UNIUSDT;30m;3.5;100;28;78;100.0;3;103.79;['-batch-training', '-calc-rsi', '-verbose', '-prediction-mode=index', '-interval-list=30m', '-range-min-rsi=28', '-range-max-rsi=80', '-range-p-ema=50,250', '-target-margin-list=1.0,1.5,2.0,2.5,3.0,3.5,4.0,4.5,5.0', '-log-level=WARNING']
2023-11-26 20:04:48;UNIUSDT;30m;3.5;175;28;78;100.0;3;103.79;['-batch-training', '-calc-rsi', '-verbose', '-prediction-mode=index', '-interval-list=30m', '-range-min-rsi=28', '-range-max-rsi=80', '-range-p-ema=50,250', '-target-margin-list=1.0,1.5,2.0,2.5,3.0,3.5,4.0,4.5,5.0', '-log-level=WARNING']
2023-11-26 20:56:32;UNIUSDT;30m;3.5;50;28;78;100.0;3;103.79;['-batch-training', '-calc-rsi', '-verbose', '-prediction-mode=index', '-interval-list=30m', '-range-min-rsi=28', '-range-max-rsi=80', '-range-p-ema=50,250', '-target-margin-list=1.0,1.5,2.0,2.5,3.0,3.5,4.0,4.5,5.0', '-log-level=WARNING']
2023-11-26 20:23:53;UNIUSDT;30m;2.0;225;32;74;100.0;6;103.79;['-batch-training', '-calc-rsi', '-verbose', '-prediction-mode=index', '-interval-list=30m', '-range-min-rsi=28', '-range-max-rsi=80', '-range-p-ema=50,250', '-target-margin-list=1.0,1.5,2.0,2.5,3.0,3.5,4.0,4.5,5.0', '-log-level=WARNING']
2023-11-26 19:54:40;UNIUSDT;30m;3.5;150;28;78;100.0;3;103.79;['-batch-training', '-calc-rsi', '-verbose', '-prediction-mode=index', '-interval-list=30m', '-range-min-rsi=28', '-range-max-rsi=80', '-range-p-ema=50,250', '-target-margin-list=1.0,1.5,2.0,2.5,3.0,3.5,4.0,4.5,5.0', '-log-level=WARNING']
2023-11-26 20:08:52;UNIUSDT;30m;1.0;200;32;74;100.0;2;103.79;['-batch-training', '-calc-rsi', '-verbose', '-prediction-mode=index', '-interval-list=30m', '-range-min-rsi=28', '-range-max-rsi=80', '-range-p-ema=50,250', '-target-margin-list=1.0,1.5,2.0,2.5,3.0,3.5,4.0,4.5,5.0', '-log-level=WARNING']
2023-11-26 20:15:51;UNIUSDT;30m;3.5;200;28;78;100.0;3;103.79;['-batch-training', '-calc-rsi', '-verbose', '-prediction-mode=index', '-interval-list=30m', '-range-min-rsi=28', '-range-max-rsi=80', '-range-p-ema=50,250', '-target-margin-list=1.0,1.5,2.0,2.5,3.0,3.5,4.0,4.5,5.0', '-log-level=WARNING']
2023-11-26 20:28:41;UNIUSDT;30m;3.5;225;28;78;100.0;3;103.79;['-batch-training', '-calc-rsi', '-verbose', '-prediction-mode=index', '-interval-list=30m', '-range-min-rsi=28', '-range-max-rsi=80', '-range-p-ema=50,250', '-target-margin-list=1.0,1.5,2.0,2.5,3.0,3.5,4.0,4.5,5.0', '-log-level=WARNING']
2023-11-26 21:02:41;UNIUSDT;30m;1.0;75;32;74;100.0;7;103.81;['-batch-training', '-calc-rsi', '-verbose', '-prediction-mode=index', '-interval-list=30m', '-range-min-rsi=28', '-range-max-rsi=80', '-range-p-ema=50,250', '-target-margin-list=1.0,1.5,2.0,2.5,3.0,3.5,4.0,4.5,5.0', '-log-level=WARNING']
2023-11-26 19:36:32;UNIUSDT;30m;1.0;125;32;74;100.0;7;103.81;['-batch-training', '-calc-rsi', '-verbose', '-prediction-mode=index', '-interval-list=30m', '-range-min-rsi=28', '-range-max-rsi=80', '-range-p-ema=50,250', '-target-margin-list=1.0,1.5,2.0,2.5,3.0,3.5,4.0,4.5,5.0', '-log-level=WARNING']
2023-11-26 20:47:52;UNIUSDT;30m;1.0;50;32;74;100.0;7;103.81;['-batch-training', '-calc-rsi', '-verbose', '-prediction-mode=index', '-interval-list=30m', '-range-min-rsi=28', '-range-max-rsi=80', '-range-p-ema=50,250', '-target-margin-list=1.0,1.5,2.0,2.5,3.0,3.5,4.0,4.5,5.0', '-log-level=WARNING']
2023-11-26 20:38:27;UNIUSDT;30m;2.5;250;28;74;100.0;2;103.81;['-batch-training', '-calc-rsi', '-verbose', '-prediction-mode=index', '-interval-list=30m', '-range-min-rsi=28', '-range-max-rsi=80', '-range-p-ema=50,250', '-target-margin-list=1.0,1.5,2.0,2.5,3.0,3.5,4.0,4.5,5.0', '-log-level=WARNING']
2023-11-26 19:25:04;UNIUSDT;30m;1.0;100;32;74;100.0;7;103.81;['-batch-training', '-calc-rsi', '-verbose', '-prediction-mode=index', '-interval-list=30m', '-range-min-rsi=28', '-range-max-rsi=80', '-range-p-ema=50,250', '-target-margin-list=1.0,1.5,2.0,2.5,3.0,3.5,4.0,4.5,5.0', '-log-level=WARNING']
2023-11-26 20:50:29;UNIUSDT;30m;1.5;50;34;80;100.0;2;103.82;['-batch-training', '-calc-rsi', '-verbose', '-prediction-mode=index', '-interval-list=30m', '-range-min-rsi=28', '-range-max-rsi=80', '-range-p-ema=50,250', '-target-margin-list=1.0,1.5,2.0,2.5,3.0,3.5,4.0,4.5,5.0', '-log-level=WARNING']
2023-11-26 21:05:37;UNIUSDT;30m;1.5;75;34;80;100.0;2;103.82;['-batch-training', '-calc-rsi', '-verbose', '-prediction-mode=index', '-interval-list=30m', '-range-min-rsi=28', '-range-max-rsi=80', '-range-p-ema=50,250', '-target-margin-list=1.0,1.5,2.0,2.5,3.0,3.5,4.0,4.5,5.0', '-log-level=WARNING']
2023-11-26 19:27:13;UNIUSDT;30m;1.5;100;34;80;100.0;2;103.82;['-batch-training', '-calc-rsi', '-verbose', '-prediction-mode=index', '-interval-list=30m', '-range-min-rsi=28', '-range-max-rsi=80', '-range-p-ema=50,250', '-target-margin-list=1.0,1.5,2.0,2.5,3.0,3.5,4.0,4.5,5.0', '-log-level=WARNING']
2023-11-26 19:38:42;UNIUSDT;30m;1.5;125;34;80;100.0;2;103.82;['-batch-training', '-calc-rsi', '-verbose', '-prediction-mode=index', '-interval-list=30m', '-range-min-rsi=28', '-range-max-rsi=80', '-range-p-ema=50,250', '-target-margin-list=1.0,1.5,2.0,2.5,3.0,3.5,4.0,4.5,5.0', '-log-level=WARNING']
2023-11-26 21:05:58;UNIUSDT;30m;2.0;75;34;72;100.0;7;103.84;['-batch-training', '-calc-rsi', '-verbose', '-prediction-mode=index', '-interval-list=30m', '-range-min-rsi=28', '-range-max-rsi=80', '-range-p-ema=50,250', '-target-margin-list=1.0,1.5,2.0,2.5,3.0,3.5,4.0,4.5,5.0', '-log-level=WARNING']
2023-11-26 19:27:28;UNIUSDT;30m;2.0;100;34;72;100.0;7;103.84;['-batch-training', '-calc-rsi', '-verbose', '-prediction-mode=index', '-interval-list=30m', '-range-min-rsi=28', '-range-max-rsi=80', '-range-p-ema=50,250', '-target-margin-list=1.0,1.5,2.0,2.5,3.0,3.5,4.0,4.5,5.0', '-log-level=WARNING']
2023-11-26 20:50:49;UNIUSDT;30m;2.0;50;34;72;100.0;7;103.84;['-batch-training', '-calc-rsi', '-verbose', '-prediction-mode=index', '-interval-list=30m', '-range-min-rsi=28', '-range-max-rsi=80', '-range-p-ema=50,250', '-target-margin-list=1.0,1.5,2.0,2.5,3.0,3.5,4.0,4.5,5.0', '-log-level=WARNING']
2023-11-26 19:38:58;UNIUSDT;30m;2.0;125;34;72;100.0;7;103.84;['-batch-training', '-calc-rsi', '-verbose', '-prediction-mode=index', '-interval-list=30m', '-range-min-rsi=28', '-range-max-rsi=80', '-range-p-ema=50,250', '-target-margin-list=1.0,1.5,2.0,2.5,3.0,3.5,4.0,4.5,5.0', '-log-level=WARNING']
2023-11-26 20:47:44;UNIUSDT;30m;1.0;50;28;74;100.0;4;103.85;['-batch-training', '-calc-rsi', '-verbose', '-prediction-mode=index', '-interval-list=30m', '-range-min-rsi=28', '-range-max-rsi=80', '-range-p-ema=50,250', '-target-margin-list=1.0,1.5,2.0,2.5,3.0,3.5,4.0,4.5,5.0', '-log-level=WARNING']
2023-11-26 19:36:25;UNIUSDT;30m;1.0;125;28;74;100.0;4;103.85;['-batch-training', '-calc-rsi', '-verbose', '-prediction-mode=index', '-interval-list=30m', '-range-min-rsi=28', '-range-max-rsi=80', '-range-p-ema=50,250', '-target-margin-list=1.0,1.5,2.0,2.5,3.0,3.5,4.0,4.5,5.0', '-log-level=WARNING']
2023-11-26 21:02:33;UNIUSDT;30m;1.0;75;28;74;100.0;4;103.85;['-batch-training', '-calc-rsi', '-verbose', '-prediction-mode=index', '-interval-list=30m', '-range-min-rsi=28', '-range-max-rsi=80', '-range-p-ema=50,250', '-target-margin-list=1.0,1.5,2.0,2.5,3.0,3.5,4.0,4.5,5.0', '-log-level=WARNING']
2023-11-26 20:08:47;UNIUSDT;30m;1.0;200;28;74;100.0;4;103.85;['-batch-training', '-calc-rsi', '-verbose', '-prediction-mode=index', '-interval-list=30m', '-range-min-rsi=28', '-range-max-rsi=80', '-range-p-ema=50,250', '-target-margin-list=1.0,1.5,2.0,2.5,3.0,3.5,4.0,4.5,5.0', '-log-level=WARNING']
2023-11-26 20:20:51;UNIUSDT;30m;1.0;225;28;74;100.0;4;103.85;['-batch-training', '-calc-rsi', '-verbose', '-prediction-mode=index', '-interval-list=30m', '-range-min-rsi=28', '-range-max-rsi=80', '-range-p-ema=50,250', '-target-margin-list=1.0,1.5,2.0,2.5,3.0,3.5,4.0,4.5,5.0', '-log-level=WARNING']
2023-11-26 19:24:58;UNIUSDT;30m;1.0;100;28;74;100.0;4;103.85;['-batch-training', '-calc-rsi', '-verbose', '-prediction-mode=index', '-interval-list=30m', '-range-min-rsi=28', '-range-max-rsi=80', '-range-p-ema=50,250', '-target-margin-list=1.0,1.5,2.0,2.5,3.0,3.5,4.0,4.5,5.0', '-log-level=WARNING']
2023-11-26 19:47:59;UNIUSDT;30m;1.0;150;28;74;100.0;4;103.85;['-batch-training', '-calc-rsi', '-verbose', '-prediction-mode=index', '-interval-list=30m', '-range-min-rsi=28', '-range-max-rsi=80', '-range-p-ema=50,250', '-target-margin-list=1.0,1.5,2.0,2.5,3.0,3.5,4.0,4.5,5.0', '-log-level=WARNING']
2023-11-26 19:58:44;UNIUSDT;30m;1.0;175;28;74;100.0;4;103.85;['-batch-training', '-calc-rsi', '-verbose', '-prediction-mode=index', '-interval-list=30m', '-range-min-rsi=28', '-range-max-rsi=80', '-range-p-ema=50,250', '-target-margin-list=1.0,1.5,2.0,2.5,3.0,3.5,4.0,4.5,5.0', '-log-level=WARNING']
2023-11-26 20:17:39;UNIUSDT;30m;4.0;200;34;80;100.0;4;103.86;['-batch-training', '-calc-rsi', '-verbose', '-prediction-mode=index', '-interval-list=30m', '-range-min-rsi=28', '-range-max-rsi=80', '-range-p-ema=50,250', '-target-margin-list=1.0,1.5,2.0,2.5,3.0,3.5,4.0,4.5,5.0', '-log-level=WARNING']
2023-11-26 20:06:16;UNIUSDT;30m;4.0;175;34;80;100.0;4;103.86;['-batch-training', '-calc-rsi', '-verbose', '-prediction-mode=index', '-interval-list=30m', '-range-min-rsi=28', '-range-max-rsi=80', '-range-p-ema=50,250', '-target-margin-list=1.0,1.5,2.0,2.5,3.0,3.5,4.0,4.5,5.0', '-log-level=WARNING']
2023-11-26 20:12:50;UNIUSDT;30m;2.5;200;36;74;100.0;2;103.86;['-batch-training', '-calc-rsi', '-verbose', '-prediction-mode=index', '-interval-list=30m', '-range-min-rsi=28', '-range-max-rsi=80', '-range-p-ema=50,250', '-target-margin-list=1.0,1.5,2.0,2.5,3.0,3.5,4.0,4.5,5.0', '-log-level=WARNING']
2023-11-26 19:56:10;UNIUSDT;30m;4.0;150;34;80;100.0;4;103.86;['-batch-training', '-calc-rsi', '-verbose', '-prediction-mode=index', '-interval-list=30m', '-range-min-rsi=28', '-range-max-rsi=80', '-range-p-ema=50,250', '-target-margin-list=1.0,1.5,2.0,2.5,3.0,3.5,4.0,4.5,5.0', '-log-level=WARNING']
2023-11-26 21:16:23;UNIUSDT;30m;5.0;75;34;74;100.0;3;103.87;['-batch-training', '-calc-rsi', '-verbose', '-prediction-mode=index', '-interval-list=30m', '-range-min-rsi=28', '-range-max-rsi=80', '-range-p-ema=50,250', '-target-margin-list=1.0,1.5,2.0,2.5,3.0,3.5,4.0,4.5,5.0', '-log-level=WARNING']
2023-11-26 19:46:51;UNIUSDT;30m;5.0;125;34;74;100.0;3;103.87;['-batch-training', '-calc-rsi', '-verbose', '-prediction-mode=index', '-interval-list=30m', '-range-min-rsi=28', '-range-max-rsi=80', '-range-p-ema=50,250', '-target-margin-list=1.0,1.5,2.0,2.5,3.0,3.5,4.0,4.5,5.0', '-log-level=WARNING']
2023-11-26 19:59:32;UNIUSDT;30m;1.0;175;32;80;100.0;4;103.87;['-batch-training', '-calc-rsi', '-verbose', '-prediction-mode=index', '-interval-list=30m', '-range-min-rsi=28', '-range-max-rsi=80', '-range-p-ema=50,250', '-target-margin-list=1.0,1.5,2.0,2.5,3.0,3.5,4.0,4.5,5.0', '-log-level=WARNING']
2023-11-26 21:01:04;UNIUSDT;30m;5.0;50;34;74;100.0;3;103.87;['-batch-training', '-calc-rsi', '-verbose', '-prediction-mode=index', '-interval-list=30m', '-range-min-rsi=28', '-range-max-rsi=80', '-range-p-ema=50,250', '-target-margin-list=1.0,1.5,2.0,2.5,3.0,3.5,4.0,4.5,5.0', '-log-level=WARNING']
2023-11-26 19:35:16;UNIUSDT;30m;5.0;100;34;74;100.0;3;103.87;['-batch-training', '-calc-rsi', '-verbose', '-prediction-mode=index', '-interval-list=30m', '-range-min-rsi=28', '-range-max-rsi=80', '-range-p-ema=50,250', '-target-margin-list=1.0,1.5,2.0,2.5,3.0,3.5,4.0,4.5,5.0', '-log-level=WARNING']
2023-11-26 20:34:45;UNIUSDT;30m;1.0;250;34;78;100.0;4;103.87;['-batch-training', '-calc-rsi', '-verbose', '-prediction-mode=index', '-interval-list=30m', '-range-min-rsi=28', '-range-max-rsi=80', '-range-p-ema=50,250', '-target-margin-list=1.0,1.5,2.0,2.5,3.0,3.5,4.0,4.5,5.0', '-log-level=WARNING']
2023-11-26 20:26:14;UNIUSDT;30m;2.5;225;34;80;100.0;6;103.88;['-batch-training', '-calc-rsi', '-verbose', '-prediction-mode=index', '-interval-list=30m', '-range-min-rsi=28', '-range-max-rsi=80', '-range-p-ema=50,250', '-target-margin-list=1.0,1.5,2.0,2.5,3.0,3.5,4.0,4.5,5.0', '-log-level=WARNING']
2023-11-26 20:09:35;UNIUSDT;30m;1.0;200;32;80;100.0;4;103.88;['-batch-training', '-calc-rsi', '-verbose', '-prediction-mode=index', '-interval-list=30m', '-range-min-rsi=28', '-range-max-rsi=80', '-range-p-ema=50,250', '-target-margin-list=1.0,1.5,2.0,2.5,3.0,3.5,4.0,4.5,5.0', '-log-level=WARNING']
2023-11-26 20:21:50;UNIUSDT;30m;1.0;225;32;80;100.0;4;103.88;['-batch-training', '-calc-rsi', '-verbose', '-prediction-mode=index', '-interval-list=30m', '-range-min-rsi=28', '-range-max-rsi=80', '-range-p-ema=50,250', '-target-margin-list=1.0,1.5,2.0,2.5,3.0,3.5,4.0,4.5,5.0', '-log-level=WARNING']
2023-11-26 20:00:59;UNIUSDT;30m;2.0;175;36;72;100.0;7;103.88;['-batch-training', '-calc-rsi', '-verbose', '-prediction-mode=index', '-interval-list=30m', '-range-min-rsi=28', '-range-max-rsi=80', '-range-p-ema=50,250', '-target-margin-list=1.0,1.5,2.0,2.5,3.0,3.5,4.0,4.5,5.0', '-log-level=WARNING']
2023-11-26 20:33:39;UNIUSDT;30m;1.0;250;28;72;100.0;2;103.88;['-batch-training', '-calc-rsi', '-verbose', '-prediction-mode=index', '-interval-list=30m', '-range-min-rsi=28', '-range-max-rsi=80', '-range-p-ema=50,250', '-target-margin-list=1.0,1.5,2.0,2.5,3.0,3.5,4.0,4.5,5.0', '-log-level=WARNING']
2023-11-26 20:39:22;UNIUSDT;30m;2.5;250;28;80;100.0;3;103.89;['-batch-training', '-calc-rsi', '-verbose', '-prediction-mode=index', '-interval-list=30m', '-range-min-rsi=28', '-range-max-rsi=80', '-range-p-ema=50,250', '-target-margin-list=1.0,1.5,2.0,2.5,3.0,3.5,4.0,4.5,5.0', '-log-level=WARNING']
2023-11-26 20:37:08;UNIUSDT;30m;2.0;250;34;74;100.0;3;103.89;['-batch-training', '-calc-rsi', '-verbose', '-prediction-mode=index', '-interval-list=30m', '-range-min-rsi=28', '-range-max-rsi=80', '-range-p-ema=50,250', '-target-margin-list=1.0,1.5,2.0,2.5,3.0,3.5,4.0,4.5,5.0', '-log-level=WARNING']
2023-11-26 20:26:17;UNIUSDT;30m;2.5;225;36;80;100.0;5;103.92;['-batch-training', '-calc-rsi', '-verbose', '-prediction-mode=index', '-interval-list=30m', '-range-min-rsi=28', '-range-max-rsi=80', '-range-p-ema=50,250', '-target-margin-list=1.0,1.5,2.0,2.5,3.0,3.5,4.0,4.5,5.0', '-log-level=WARNING']
2023-11-26 19:52:34;UNIUSDT;30m;2.5;150;36;78;100.0;2;103.94;['-batch-training', '-calc-rsi', '-verbose', '-prediction-mode=index', '-interval-list=30m', '-range-min-rsi=28', '-range-max-rsi=80', '-range-p-ema=50,250', '-target-margin-list=1.0,1.5,2.0,2.5,3.0,3.5,4.0,4.5,5.0', '-log-level=WARNING']
2023-11-26 19:48:52;UNIUSDT;30m;1.0;150;32;80;100.0;3;103.97;['-batch-training', '-calc-rsi', '-verbose', '-prediction-mode=index', '-interval-list=30m', '-range-min-rsi=28', '-range-max-rsi=80', '-range-p-ema=50,250', '-target-margin-list=1.0,1.5,2.0,2.5,3.0,3.5,4.0,4.5,5.0', '-log-level=WARNING']
2023-11-26 20:30:11;UNIUSDT;30m;4.0;225;30;78;100.0;4;103.98;['-batch-training', '-calc-rsi', '-verbose', '-prediction-mode=index', '-interval-list=30m', '-range-min-rsi=28', '-range-max-rsi=80', '-range-p-ema=50,250', '-target-margin-list=1.0,1.5,2.0,2.5,3.0,3.5,4.0,4.5,5.0', '-log-level=WARNING']
2023-11-26 19:33:11;UNIUSDT;30m;4.0;100;30;78;100.0;4;103.98;['-batch-training', '-calc-rsi', '-verbose', '-prediction-mode=index', '-interval-list=30m', '-range-min-rsi=28', '-range-max-rsi=80', '-range-p-ema=50,250', '-target-margin-list=1.0,1.5,2.0,2.5,3.0,3.5,4.0,4.5,5.0', '-log-level=WARNING']
2023-11-26 20:05:57;UNIUSDT;30m;4.0;175;30;78;100.0;4;103.98;['-batch-training', '-calc-rsi', '-verbose', '-prediction-mode=index', '-interval-list=30m', '-range-min-rsi=28', '-range-max-rsi=80', '-range-p-ema=50,250', '-target-margin-list=1.0,1.5,2.0,2.5,3.0,3.5,4.0,4.5,5.0', '-log-level=WARNING']
2023-11-26 20:17:16;UNIUSDT;30m;4.0;200;30;78;100.0;4;103.98;['-batch-training', '-calc-rsi', '-verbose', '-prediction-mode=index', '-interval-list=30m', '-range-min-rsi=28', '-range-max-rsi=80', '-range-p-ema=50,250', '-target-margin-list=1.0,1.5,2.0,2.5,3.0,3.5,4.0,4.5,5.0', '-log-level=WARNING']
2023-11-26 21:14:00;UNIUSDT;30m;4.0;75;30;78;100.0;4;103.98;['-batch-training', '-calc-rsi', '-verbose', '-prediction-mode=index', '-interval-list=30m', '-range-min-rsi=28', '-range-max-rsi=80', '-range-p-ema=50,250', '-target-margin-list=1.0,1.5,2.0,2.5,3.0,3.5,4.0,4.5,5.0', '-log-level=WARNING']
2023-11-26 20:43:45;UNIUSDT;30m;4.0;250;30;78;100.0;4;103.98;['-batch-training', '-calc-rsi', '-verbose', '-prediction-mode=index', '-interval-list=30m', '-range-min-rsi=28', '-range-max-rsi=80', '-range-p-ema=50,250', '-target-margin-list=1.0,1.5,2.0,2.5,3.0,3.5,4.0,4.5,5.0', '-log-level=WARNING']
2023-11-26 20:58:14;UNIUSDT;30m;4.0;50;30;78;100.0;4;103.98;['-batch-training', '-calc-rsi', '-verbose', '-prediction-mode=index', '-interval-list=30m', '-range-min-rsi=28', '-range-max-rsi=80', '-range-p-ema=50,250', '-target-margin-list=1.0,1.5,2.0,2.5,3.0,3.5,4.0,4.5,5.0', '-log-level=WARNING']
2023-11-26 19:55:51;UNIUSDT;30m;4.0;150;30;78;100.0;4;103.98;['-batch-training', '-calc-rsi', '-verbose', '-prediction-mode=index', '-interval-list=30m', '-range-min-rsi=28', '-range-max-rsi=80', '-range-p-ema=50,250', '-target-margin-list=1.0,1.5,2.0,2.5,3.0,3.5,4.0,4.5,5.0', '-log-level=WARNING']
2023-11-26 19:44:42;UNIUSDT;30m;4.0;125;30;78;100.0;4;103.98;['-batch-training', '-calc-rsi', '-verbose', '-prediction-mode=index', '-interval-list=30m', '-range-min-rsi=28', '-range-max-rsi=80', '-range-p-ema=50,250', '-target-margin-list=1.0,1.5,2.0,2.5,3.0,3.5,4.0,4.5,5.0', '-log-level=WARNING']
2023-11-26 20:26:24;UNIUSDT;30m;3.0;225;30;72;100.0;2;104.0;['-batch-training', '-calc-rsi', '-verbose', '-prediction-mode=index', '-interval-list=30m', '-range-min-rsi=28', '-range-max-rsi=80', '-range-p-ema=50,250', '-target-margin-list=1.0,1.5,2.0,2.5,3.0,3.5,4.0,4.5,5.0', '-log-level=WARNING']
2023-11-26 20:38:36;UNIUSDT;30m;2.5;250;32;74;100.0;5;104.02;['-batch-training', '-calc-rsi', '-verbose', '-prediction-mode=index', '-interval-list=30m', '-range-min-rsi=28', '-range-max-rsi=80', '-range-p-ema=50,250', '-target-margin-list=1.0,1.5,2.0,2.5,3.0,3.5,4.0,4.5,5.0', '-log-level=WARNING']
2023-11-26 21:03:52;UNIUSDT;30m;1.0;75;36;80;100.0;4;104.03;['-batch-training', '-calc-rsi', '-verbose', '-prediction-mode=index', '-interval-list=30m', '-range-min-rsi=28', '-range-max-rsi=80', '-range-p-ema=50,250', '-target-margin-list=1.0,1.5,2.0,2.5,3.0,3.5,4.0,4.5,5.0', '-log-level=WARNING']
2023-11-26 20:48:57;UNIUSDT;30m;1.0;50;36;80;100.0;4;104.03;['-batch-training', '-calc-rsi', '-verbose', '-prediction-mode=index', '-interval-list=30m', '-range-min-rsi=28', '-range-max-rsi=80', '-range-p-ema=50,250', '-target-margin-list=1.0,1.5,2.0,2.5,3.0,3.5,4.0,4.5,5.0', '-log-level=WARNING']
2023-11-26 21:02:37;UNIUSDT;30m;1.0;75;30;74;100.0;6;104.04;['-batch-training', '-calc-rsi', '-verbose', '-prediction-mode=index', '-interval-list=30m', '-range-min-rsi=28', '-range-max-rsi=80', '-range-p-ema=50,250', '-target-margin-list=1.0,1.5,2.0,2.5,3.0,3.5,4.0,4.5,5.0', '-log-level=WARNING']
2023-11-26 19:25:01;UNIUSDT;30m;1.0;100;30;74;100.0;6;104.04;['-batch-training', '-calc-rsi', '-verbose', '-prediction-mode=index', '-interval-list=30m', '-range-min-rsi=28', '-range-max-rsi=80', '-range-p-ema=50,250', '-target-margin-list=1.0,1.5,2.0,2.5,3.0,3.5,4.0,4.5,5.0', '-log-level=WARNING']
2023-11-26 19:36:28;UNIUSDT;30m;1.0;125;30;74;100.0;6;104.04;['-batch-training', '-calc-rsi', '-verbose', '-prediction-mode=index', '-interval-list=30m', '-range-min-rsi=28', '-range-max-rsi=80', '-range-p-ema=50,250', '-target-margin-list=1.0,1.5,2.0,2.5,3.0,3.5,4.0,4.5,5.0', '-log-level=WARNING']
2023-11-26 19:48:02;UNIUSDT;30m;1.0;150;30;74;100.0;6;104.04;['-batch-training', '-calc-rsi', '-verbose', '-prediction-mode=index', '-interval-list=30m', '-range-min-rsi=28', '-range-max-rsi=80', '-range-p-ema=50,250', '-target-margin-list=1.0,1.5,2.0,2.5,3.0,3.5,4.0,4.5,5.0', '-log-level=WARNING']
2023-11-26 20:33:46;UNIUSDT;30m;1.0;250;32;72;100.0;3;104.04;['-batch-training', '-calc-rsi', '-verbose', '-prediction-mode=index', '-interval-list=30m', '-range-min-rsi=28', '-range-max-rsi=80', '-range-p-ema=50,250', '-target-margin-list=1.0,1.5,2.0,2.5,3.0,3.5,4.0,4.5,5.0', '-log-level=WARNING']
2023-11-26 20:23:59;UNIUSDT;30m;2.0;225;36;74;100.0;3;104.04;['-batch-training', '-calc-rsi', '-verbose', '-prediction-mode=index', '-interval-list=30m', '-range-min-rsi=28', '-range-max-rsi=80', '-range-p-ema=50,250', '-target-margin-list=1.0,1.5,2.0,2.5,3.0,3.5,4.0,4.5,5.0', '-log-level=WARNING']
2023-11-26 20:47:48;UNIUSDT;30m;1.0;50;30;74;100.0;6;104.04;['-batch-training', '-calc-rsi', '-verbose', '-prediction-mode=index', '-interval-list=30m', '-range-min-rsi=28', '-range-max-rsi=80', '-range-p-ema=50,250', '-target-margin-list=1.0,1.5,2.0,2.5,3.0,3.5,4.0,4.5,5.0', '-log-level=WARNING']
2023-11-26 20:36:54;UNIUSDT;30m;2.0;250;36;72;100.0;3;104.05;['-batch-training', '-calc-rsi', '-verbose', '-prediction-mode=index', '-interval-list=30m', '-range-min-rsi=28', '-range-max-rsi=80', '-range-p-ema=50,250', '-target-margin-list=1.0,1.5,2.0,2.5,3.0,3.5,4.0,4.5,5.0', '-log-level=WARNING']
2023-11-26 19:48:36;UNIUSDT;30m;1.0;150;32;78;100.0;4;104.08;['-batch-training', '-calc-rsi', '-verbose', '-prediction-mode=index', '-interval-list=30m', '-range-min-rsi=28', '-range-max-rsi=80', '-range-p-ema=50,250', '-target-margin-list=1.0,1.5,2.0,2.5,3.0,3.5,4.0,4.5,5.0', '-log-level=WARNING']
2023-11-26 20:00:26;UNIUSDT;30m;1.5;175;32;78;100.0;5;104.11;['-batch-training', '-calc-rsi', '-verbose', '-prediction-mode=index', '-interval-list=30m', '-range-min-rsi=28', '-range-max-rsi=80', '-range-p-ema=50,250', '-target-margin-list=1.0,1.5,2.0,2.5,3.0,3.5,4.0,4.5,5.0', '-log-level=WARNING']
2023-11-26 20:33:46;UNIUSDT;30m;1.0;250;32;72;100.0;5;104.12;['-batch-training', '-calc-rsi', '-verbose', '-prediction-mode=index', '-interval-list=30m', '-range-min-rsi=28', '-range-max-rsi=80', '-range-p-ema=50,250', '-target-margin-list=1.0,1.5,2.0,2.5,3.0,3.5,4.0,4.5,5.0', '-log-level=WARNING']
2023-11-26 20:35:03;UNIUSDT;30m;1.0;250;34;80;100.0;4;104.13;['-batch-training', '-calc-rsi', '-verbose', '-prediction-mode=index', '-interval-list=30m', '-range-min-rsi=28', '-range-max-rsi=80', '-range-p-ema=50,250', '-target-margin-list=1.0,1.5,2.0,2.5,3.0,3.5,4.0,4.5,5.0', '-log-level=WARNING']
2023-11-26 20:23:01;UNIUSDT;30m;1.5;225;32;78;100.0;5;104.13;['-batch-training', '-calc-rsi', '-verbose', '-prediction-mode=index', '-interval-list=30m', '-range-min-rsi=28', '-range-max-rsi=80', '-range-p-ema=50,250', '-target-margin-list=1.0,1.5,2.0,2.5,3.0,3.5,4.0,4.5,5.0', '-log-level=WARNING']
2023-11-26 20:10:37;UNIUSDT;30m;1.5;200;32;78;100.0;5;104.13;['-batch-training', '-calc-rsi', '-verbose', '-prediction-mode=index', '-interval-list=30m', '-range-min-rsi=28', '-range-max-rsi=80', '-range-p-ema=50,250', '-target-margin-list=1.0,1.5,2.0,2.5,3.0,3.5,4.0,4.5,5.0', '-log-level=WARNING']
2023-11-26 20:18:09;UNIUSDT;30m;4.5;200;32;74;100.0;3;104.14;['-batch-training', '-calc-rsi', '-verbose', '-prediction-mode=index', '-interval-list=30m', '-range-min-rsi=28', '-range-max-rsi=80', '-range-p-ema=50,250', '-target-margin-list=1.0,1.5,2.0,2.5,3.0,3.5,4.0,4.5,5.0', '-log-level=WARNING']
2023-11-26 20:31:07;UNIUSDT;30m;4.5;225;32;74;100.0;3;104.14;['-batch-training', '-calc-rsi', '-verbose', '-prediction-mode=index', '-interval-list=30m', '-range-min-rsi=28', '-range-max-rsi=80', '-range-p-ema=50,250', '-target-margin-list=1.0,1.5,2.0,2.5,3.0,3.5,4.0,4.5,5.0', '-log-level=WARNING']
2023-11-26 20:44:45;UNIUSDT;30m;4.5;250;32;74;100.0;3;104.14;['-batch-training', '-calc-rsi', '-verbose', '-prediction-mode=index', '-interval-list=30m', '-range-min-rsi=28', '-range-max-rsi=80', '-range-p-ema=50,250', '-target-margin-list=1.0,1.5,2.0,2.5,3.0,3.5,4.0,4.5,5.0', '-log-level=WARNING']
2023-11-26 20:06:40;UNIUSDT;30m;4.5;175;32;74;100.0;3;104.14;['-batch-training', '-calc-rsi', '-verbose', '-prediction-mode=index', '-interval-list=30m', '-range-min-rsi=28', '-range-max-rsi=80', '-range-p-ema=50,250', '-target-margin-list=1.0,1.5,2.0,2.5,3.0,3.5,4.0,4.5,5.0', '-log-level=WARNING']
2023-11-26 19:56:35;UNIUSDT;30m;4.5;150;32;74;100.0;3;104.14;['-batch-training', '-calc-rsi', '-verbose', '-prediction-mode=index', '-interval-list=30m', '-range-min-rsi=28', '-range-max-rsi=80', '-range-p-ema=50,250', '-target-margin-list=1.0,1.5,2.0,2.5,3.0,3.5,4.0,4.5,5.0', '-log-level=WARNING']
2023-11-26 21:03:18;UNIUSDT;30m;1.0;75;30;78;100.0;4;104.15;['-batch-training', '-calc-rsi', '-verbose', '-prediction-mode=index', '-interval-list=30m', '-range-min-rsi=28', '-range-max-rsi=80', '-range-p-ema=50,250', '-target-margin-list=1.0,1.5,2.0,2.5,3.0,3.5,4.0,4.5,5.0', '-log-level=WARNING']
2023-11-26 19:48:33;UNIUSDT;30m;1.0;150;30;78;100.0;4;104.15;['-batch-training', '-calc-rsi', '-verbose', '-prediction-mode=index', '-interval-list=30m', '-range-min-rsi=28', '-range-max-rsi=80', '-range-p-ema=50,250', '-target-margin-list=1.0,1.5,2.0,2.5,3.0,3.5,4.0,4.5,5.0', '-log-level=WARNING']
2023-11-26 19:25:33;UNIUSDT;30m;1.0;100;30;78;100.0;4;104.15;['-batch-training', '-calc-rsi', '-verbose', '-prediction-mode=index', '-interval-list=30m', '-range-min-rsi=28', '-range-max-rsi=80', '-range-p-ema=50,250', '-target-margin-list=1.0,1.5,2.0,2.5,3.0,3.5,4.0,4.5,5.0', '-log-level=WARNING']
2023-11-26 20:48:27;UNIUSDT;30m;1.0;50;30;78;100.0;4;104.15;['-batch-training', '-calc-rsi', '-verbose', '-prediction-mode=index', '-interval-list=30m', '-range-min-rsi=28', '-range-max-rsi=80', '-range-p-ema=50,250', '-target-margin-list=1.0,1.5,2.0,2.5,3.0,3.5,4.0,4.5,5.0', '-log-level=WARNING']
2023-11-26 19:37:01;UNIUSDT;30m;1.0;125;30;78;100.0;4;104.15;['-batch-training', '-calc-rsi', '-verbose', '-prediction-mode=index', '-interval-list=30m', '-range-min-rsi=28', '-range-max-rsi=80', '-range-p-ema=50,250', '-target-margin-list=1.0,1.5,2.0,2.5,3.0,3.5,4.0,4.5,5.0', '-log-level=WARNING']
2023-11-26 19:49:55;UNIUSDT;30m;1.5;150;32;78;100.0;6;104.17;['-batch-training', '-calc-rsi', '-verbose', '-prediction-mode=index', '-interval-list=30m', '-range-min-rsi=28', '-range-max-rsi=80', '-range-p-ema=50,250', '-target-margin-list=1.0,1.5,2.0,2.5,3.0,3.5,4.0,4.5,5.0', '-log-level=WARNING']
2023-11-26 20:27:52;UNIUSDT;30m;3.5;225;30;72;100.0;2;104.17;['-batch-training', '-calc-rsi', '-verbose', '-prediction-mode=index', '-interval-list=30m', '-range-min-rsi=28', '-range-max-rsi=80', '-range-p-ema=50,250', '-target-margin-list=1.0,1.5,2.0,2.5,3.0,3.5,4.0,4.5,5.0', '-log-level=WARNING']
2023-11-26 20:39:12;UNIUSDT;30m;2.5;250;32;78;100.0;6;104.2;['-batch-training', '-calc-rsi', '-verbose', '-prediction-mode=index', '-interval-list=30m', '-range-min-rsi=28', '-range-max-rsi=80', '-range-p-ema=50,250', '-target-margin-list=1.0,1.5,2.0,2.5,3.0,3.5,4.0,4.5,5.0', '-log-level=WARNING']
2023-11-26 20:27:41;UNIUSDT;30m;3.0;225;34;80;100.0;5;104.2;['-batch-training', '-calc-rsi', '-verbose', '-prediction-mode=index', '-interval-list=30m', '-range-min-rsi=28', '-range-max-rsi=80', '-range-p-ema=50,250', '-target-margin-list=1.0,1.5,2.0,2.5,3.0,3.5,4.0,4.5,5.0', '-log-level=WARNING']
2023-11-26 19:52:29;UNIUSDT;30m;2.5;150;32;78;100.0;6;104.2;['-batch-training', '-calc-rsi', '-verbose', '-prediction-mode=index', '-interval-list=30m', '-range-min-rsi=28', '-range-max-rsi=80', '-range-p-ema=50,250', '-target-margin-list=1.0,1.5,2.0,2.5,3.0,3.5,4.0,4.5,5.0', '-log-level=WARNING']
2023-11-26 20:13:16;UNIUSDT;30m;2.5;200;32;78;100.0;6;104.2;['-batch-training', '-calc-rsi', '-verbose', '-prediction-mode=index', '-interval-list=30m', '-range-min-rsi=28', '-range-max-rsi=80', '-range-p-ema=50,250', '-target-margin-list=1.0,1.5,2.0,2.5,3.0,3.5,4.0,4.5,5.0', '-log-level=WARNING']
2023-11-26 20:29:47;UNIUSDT;30m;4.0;225;36;74;100.0;3;104.2;['-batch-training', '-calc-rsi', '-verbose', '-prediction-mode=index', '-interval-list=30m', '-range-min-rsi=28', '-range-max-rsi=80', '-range-p-ema=50,250', '-target-margin-list=1.0,1.5,2.0,2.5,3.0,3.5,4.0,4.5,5.0', '-log-level=WARNING']
2023-11-26 20:02:41;UNIUSDT;30m;2.5;175;32;78;100.0;6;104.2;['-batch-training', '-calc-rsi', '-verbose', '-prediction-mode=index', '-interval-list=30m', '-range-min-rsi=28', '-range-max-rsi=80', '-range-p-ema=50,250', '-target-margin-list=1.0,1.5,2.0,2.5,3.0,3.5,4.0,4.5,5.0', '-log-level=WARNING']
2023-11-26 20:25:53;UNIUSDT;30m;2.5;225;32;78;100.0;6;104.2;['-batch-training', '-calc-rsi', '-verbose', '-prediction-mode=index', '-interval-list=30m', '-range-min-rsi=28', '-range-max-rsi=80', '-range-p-ema=50,250', '-target-margin-list=1.0,1.5,2.0,2.5,3.0,3.5,4.0,4.5,5.0', '-log-level=WARNING']
2023-11-26 20:43:19;UNIUSDT;30m;4.0;250;36;74;100.0;3;104.2;['-batch-training', '-calc-rsi', '-verbose', '-prediction-mode=index', '-interval-list=30m', '-range-min-rsi=28', '-range-max-rsi=80', '-range-p-ema=50,250', '-target-margin-list=1.0,1.5,2.0,2.5,3.0,3.5,4.0,4.5,5.0', '-log-level=WARNING']
2023-11-26 19:59:17;UNIUSDT;30m;1.0;175;32;78;100.0;5;104.21;['-batch-training', '-calc-rsi', '-verbose', '-prediction-mode=index', '-interval-list=30m', '-range-min-rsi=28', '-range-max-rsi=80', '-range-p-ema=50,250', '-target-margin-list=1.0,1.5,2.0,2.5,3.0,3.5,4.0,4.5,5.0', '-log-level=WARNING']
2023-11-26 20:09:21;UNIUSDT;30m;1.0;200;32;78;100.0;5;104.23;['-batch-training', '-calc-rsi', '-verbose', '-prediction-mode=index', '-interval-list=30m', '-range-min-rsi=28', '-range-max-rsi=80', '-range-p-ema=50,250', '-target-margin-list=1.0,1.5,2.0,2.5,3.0,3.5,4.0,4.5,5.0', '-log-level=WARNING']
2023-11-26 20:21:33;UNIUSDT;30m;1.0;225;32;78;100.0;5;104.23;['-batch-training', '-calc-rsi', '-verbose', '-prediction-mode=index', '-interval-list=30m', '-range-min-rsi=28', '-range-max-rsi=80', '-range-p-ema=50,250', '-target-margin-list=1.0,1.5,2.0,2.5,3.0,3.5,4.0,4.5,5.0', '-log-level=WARNING']
2023-11-26 19:25:29;UNIUSDT;30m;1.0;100;28;78;100.0;5;104.24;['-batch-training', '-calc-rsi', '-verbose', '-prediction-mode=index', '-interval-list=30m', '-range-min-rsi=28', '-range-max-rsi=80', '-range-p-ema=50,250', '-target-margin-list=1.0,1.5,2.0,2.5,3.0,3.5,4.0,4.5,5.0', '-log-level=WARNING']
2023-11-26 20:09:15;UNIUSDT;30m;1.0;200;28;78;100.0;5;104.24;['-batch-training', '-calc-rsi', '-verbose', '-prediction-mode=index', '-interval-list=30m', '-range-min-rsi=28', '-range-max-rsi=80', '-range-p-ema=50,250', '-target-margin-list=1.0,1.5,2.0,2.5,3.0,3.5,4.0,4.5,5.0', '-log-level=WARNING']
2023-11-26 20:21:26;UNIUSDT;30m;1.0;225;28;78;100.0;5;104.24;['-batch-training', '-calc-rsi', '-verbose', '-prediction-mode=index', '-interval-list=30m', '-range-min-rsi=28', '-range-max-rsi=80', '-range-p-ema=50,250', '-target-margin-list=1.0,1.5,2.0,2.5,3.0,3.5,4.0,4.5,5.0', '-log-level=WARNING']
2023-11-26 19:59:12;UNIUSDT;30m;1.0;175;28;78;100.0;5;104.24;['-batch-training', '-calc-rsi', '-verbose', '-prediction-mode=index', '-interval-list=30m', '-range-min-rsi=28', '-range-max-rsi=80', '-range-p-ema=50,250', '-target-margin-list=1.0,1.5,2.0,2.5,3.0,3.5,4.0,4.5,5.0', '-log-level=WARNING']
2023-11-26 19:48:30;UNIUSDT;30m;1.0;150;28;78;100.0;5;104.24;['-batch-training', '-calc-rsi', '-verbose', '-prediction-mode=index', '-interval-list=30m', '-range-min-rsi=28', '-range-max-rsi=80', '-range-p-ema=50,250', '-target-margin-list=1.0,1.5,2.0,2.5,3.0,3.5,4.0,4.5,5.0', '-log-level=WARNING']
2023-11-26 21:03:14;UNIUSDT;30m;1.0;75;28;78;100.0;5;104.24;['-batch-training', '-calc-rsi', '-verbose', '-prediction-mode=index', '-interval-list=30m', '-range-min-rsi=28', '-range-max-rsi=80', '-range-p-ema=50,250', '-target-margin-list=1.0,1.5,2.0,2.5,3.0,3.5,4.0,4.5,5.0', '-log-level=WARNING']
2023-11-26 20:48:22;UNIUSDT;30m;1.0;50;28;78;100.0;5;104.24;['-batch-training', '-calc-rsi', '-verbose', '-prediction-mode=index', '-interval-list=30m', '-range-min-rsi=28', '-range-max-rsi=80', '-range-p-ema=50,250', '-target-margin-list=1.0,1.5,2.0,2.5,3.0,3.5,4.0,4.5,5.0', '-log-level=WARNING']
2023-11-26 19:36:58;UNIUSDT;30m;1.0;125;28;78;100.0;5;104.24;['-batch-training', '-calc-rsi', '-verbose', '-prediction-mode=index', '-interval-list=30m', '-range-min-rsi=28', '-range-max-rsi=80', '-range-p-ema=50,250', '-target-margin-list=1.0,1.5,2.0,2.5,3.0,3.5,4.0,4.5,5.0', '-log-level=WARNING']
2023-11-26 20:41:13;UNIUSDT;30m;3.5;250;28;72;100.0;2;104.25;['-batch-training', '-calc-rsi', '-verbose', '-prediction-mode=index', '-interval-list=30m', '-range-min-rsi=28', '-range-max-rsi=80', '-range-p-ema=50,250', '-target-margin-list=1.0,1.5,2.0,2.5,3.0,3.5,4.0,4.5,5.0', '-log-level=WARNING']
2023-11-26 19:48:59;UNIUSDT;30m;1.0;150;36;80;100.0;2;104.25;['-batch-training', '-calc-rsi', '-verbose', '-prediction-mode=index', '-interval-list=30m', '-range-min-rsi=28', '-range-max-rsi=80', '-range-p-ema=50,250', '-target-margin-list=1.0,1.5,2.0,2.5,3.0,3.5,4.0,4.5,5.0', '-log-level=WARNING']
2023-11-26 20:00:18;UNIUSDT;30m;1.5;175;36;76;100.0;2;104.26;['-batch-training', '-calc-rsi', '-verbose', '-prediction-mode=index', '-interval-list=30m', '-range-min-rsi=28', '-range-max-rsi=80', '-range-p-ema=50,250', '-target-margin-list=1.0,1.5,2.0,2.5,3.0,3.5,4.0,4.5,5.0', '-log-level=WARNING']
2023-11-26 19:51:03;UNIUSDT;30m;2.0;150;36;76;100.0;6;104.26;['-batch-training', '-calc-rsi', '-verbose', '-prediction-mode=index', '-interval-list=30m', '-range-min-rsi=28', '-range-max-rsi=80', '-range-p-ema=50,250', '-target-margin-list=1.0,1.5,2.0,2.5,3.0,3.5,4.0,4.5,5.0', '-log-level=WARNING']
2023-11-26 19:59:18;UNIUSDT;30m;1.0;175;32;78;100.0;3;104.27;['-batch-training', '-calc-rsi', '-verbose', '-prediction-mode=index', '-interval-list=30m', '-range-min-rsi=28', '-range-max-rsi=80', '-range-p-ema=50,250', '-target-margin-list=1.0,1.5,2.0,2.5,3.0,3.5,4.0,4.5,5.0', '-log-level=WARNING']
2023-11-26 20:09:21;UNIUSDT;30m;1.0;200;32;78;100.0;3;104.28;['-batch-training', '-calc-rsi', '-verbose', '-prediction-mode=index', '-interval-list=30m', '-range-min-rsi=28', '-range-max-rsi=80', '-range-p-ema=50,250', '-target-margin-list=1.0,1.5,2.0,2.5,3.0,3.5,4.0,4.5,5.0', '-log-level=WARNING']
2023-11-26 20:21:33;UNIUSDT;30m;1.0;225;32;78;100.0;3;104.28;['-batch-training', '-calc-rsi', '-verbose', '-prediction-mode=index', '-interval-list=30m', '-range-min-rsi=28', '-range-max-rsi=80', '-range-p-ema=50,250', '-target-margin-list=1.0,1.5,2.0,2.5,3.0,3.5,4.0,4.5,5.0', '-log-level=WARNING']
2023-11-26 20:44:03;UNIUSDT;30m;4.0;250;30;80;100.0;4;104.29;['-batch-training', '-calc-rsi', '-verbose', '-prediction-mode=index', '-interval-list=30m', '-range-min-rsi=28', '-range-max-rsi=80', '-range-p-ema=50,250', '-target-margin-list=1.0,1.5,2.0,2.5,3.0,3.5,4.0,4.5,5.0', '-log-level=WARNING']
2023-11-26 20:17:33;UNIUSDT;30m;4.0;200;30;80;100.0;4;104.29;['-batch-training', '-calc-rsi', '-verbose', '-prediction-mode=index', '-interval-list=30m', '-range-min-rsi=28', '-range-max-rsi=80', '-range-p-ema=50,250', '-target-margin-list=1.0,1.5,2.0,2.5,3.0,3.5,4.0,4.5,5.0', '-log-level=WARNING']
2023-11-26 19:33:25;UNIUSDT;30m;4.0;100;30;80;100.0;4;104.29;['-batch-training', '-calc-rsi', '-verbose', '-prediction-mode=index', '-interval-list=30m', '-range-min-rsi=28', '-range-max-rsi=80', '-range-p-ema=50,250', '-target-margin-list=1.0,1.5,2.0,2.5,3.0,3.5,4.0,4.5,5.0', '-log-level=WARNING']
2023-11-26 20:06:10;UNIUSDT;30m;4.0;175;30;80;100.0;4;104.29;['-batch-training', '-calc-rsi', '-verbose', '-prediction-mode=index', '-interval-list=30m', '-range-min-rsi=28', '-range-max-rsi=80', '-range-p-ema=50,250', '-target-margin-list=1.0,1.5,2.0,2.5,3.0,3.5,4.0,4.5,5.0', '-log-level=WARNING']
2023-11-26 19:44:58;UNIUSDT;30m;4.0;125;30;80;100.0;4;104.29;['-batch-training', '-calc-rsi', '-verbose', '-prediction-mode=index', '-interval-list=30m', '-range-min-rsi=28', '-range-max-rsi=80', '-range-p-ema=50,250', '-target-margin-list=1.0,1.5,2.0,2.5,3.0,3.5,4.0,4.5,5.0', '-log-level=WARNING']
2023-11-26 19:56:05;UNIUSDT;30m;4.0;150;30;80;100.0;4;104.29;['-batch-training', '-calc-rsi', '-verbose', '-prediction-mode=index', '-interval-list=30m', '-range-min-rsi=28', '-range-max-rsi=80', '-range-p-ema=50,250', '-target-margin-list=1.0,1.5,2.0,2.5,3.0,3.5,4.0,4.5,5.0', '-log-level=WARNING']
2023-11-26 20:30:29;UNIUSDT;30m;4.0;225;30;80;100.0;4;104.29;['-batch-training', '-calc-rsi', '-verbose', '-prediction-mode=index', '-interval-list=30m', '-range-min-rsi=28', '-range-max-rsi=80', '-range-p-ema=50,250', '-target-margin-list=1.0,1.5,2.0,2.5,3.0,3.5,4.0,4.5,5.0', '-log-level=WARNING']
2023-11-26 20:58:35;UNIUSDT;30m;4.0;50;30;80;100.0;4;104.29;['-batch-training', '-calc-rsi', '-verbose', '-prediction-mode=index', '-interval-list=30m', '-range-min-rsi=28', '-range-max-rsi=80', '-range-p-ema=50,250', '-target-margin-list=1.0,1.5,2.0,2.5,3.0,3.5,4.0,4.5,5.0', '-log-level=WARNING']
2023-11-26 21:14:17;UNIUSDT;30m;4.0;75;30;80;100.0;4;104.29;['-batch-training', '-calc-rsi', '-verbose', '-prediction-mode=index', '-interval-list=30m', '-range-min-rsi=28', '-range-max-rsi=80', '-range-p-ema=50,250', '-target-margin-list=1.0,1.5,2.0,2.5,3.0,3.5,4.0,4.5,5.0', '-log-level=WARNING']
2023-11-26 19:29:41;UNIUSDT;30m;2.5;100;30;80;100.0;5;104.3;['-batch-training', '-calc-rsi', '-verbose', '-prediction-mode=index', '-interval-list=30m', '-range-min-rsi=28', '-range-max-rsi=80', '-range-p-ema=50,250', '-target-margin-list=1.0,1.5,2.0,2.5,3.0,3.5,4.0,4.5,5.0', '-log-level=WARNING']
2023-11-26 20:13:29;UNIUSDT;30m;2.5;200;30;80;100.0;5;104.3;['-batch-training', '-calc-rsi', '-verbose', '-prediction-mode=index', '-interval-list=30m', '-range-min-rsi=28', '-range-max-rsi=80', '-range-p-ema=50,250', '-target-margin-list=1.0,1.5,2.0,2.5,3.0,3.5,4.0,4.5,5.0', '-log-level=WARNING']
2023-11-26 20:02:52;UNIUSDT;30m;2.5;175;30;80;100.0;5;104.3;['-batch-training', '-calc-rsi', '-verbose', '-prediction-mode=index', '-interval-list=30m', '-range-min-rsi=28', '-range-max-rsi=80', '-range-p-ema=50,250', '-target-margin-list=1.0,1.5,2.0,2.5,3.0,3.5,4.0,4.5,5.0', '-log-level=WARNING']
2023-11-26 20:39:25;UNIUSDT;30m;2.5;250;30;80;100.0;5;104.3;['-batch-training', '-calc-rsi', '-verbose', '-prediction-mode=index', '-interval-list=30m', '-range-min-rsi=28', '-range-max-rsi=80', '-range-p-ema=50,250', '-target-margin-list=1.0,1.5,2.0,2.5,3.0,3.5,4.0,4.5,5.0', '-log-level=WARNING']
2023-11-26 20:26:07;UNIUSDT;30m;2.5;225;30;80;100.0;5;104.3;['-batch-training', '-calc-rsi', '-verbose', '-prediction-mode=index', '-interval-list=30m', '-range-min-rsi=28', '-range-max-rsi=80', '-range-p-ema=50,250', '-target-margin-list=1.0,1.5,2.0,2.5,3.0,3.5,4.0,4.5,5.0', '-log-level=WARNING']
2023-11-26 19:52:40;UNIUSDT;30m;2.5;150;30;80;100.0;5;104.3;['-batch-training', '-calc-rsi', '-verbose', '-prediction-mode=index', '-interval-list=30m', '-range-min-rsi=28', '-range-max-rsi=80', '-range-p-ema=50,250', '-target-margin-list=1.0,1.5,2.0,2.5,3.0,3.5,4.0,4.5,5.0', '-log-level=WARNING']
2023-11-26 20:53:38;UNIUSDT;30m;2.5;50;30;80;100.0;5;104.3;['-batch-training', '-calc-rsi', '-verbose', '-prediction-mode=index', '-interval-list=30m', '-range-min-rsi=28', '-range-max-rsi=80', '-range-p-ema=50,250', '-target-margin-list=1.0,1.5,2.0,2.5,3.0,3.5,4.0,4.5,5.0', '-log-level=WARNING']
2023-11-26 19:48:36;UNIUSDT;30m;1.0;150;32;78;100.0;2;104.3;['-batch-training', '-calc-rsi', '-verbose', '-prediction-mode=index', '-interval-list=30m', '-range-min-rsi=28', '-range-max-rsi=80', '-range-p-ema=50,250', '-target-margin-list=1.0,1.5,2.0,2.5,3.0,3.5,4.0,4.5,5.0', '-log-level=WARNING']
2023-11-26 21:09:05;UNIUSDT;30m;2.5;75;30;80;100.0;5;104.3;['-batch-training', '-calc-rsi', '-verbose', '-prediction-mode=index', '-interval-list=30m', '-range-min-rsi=28', '-range-max-rsi=80', '-range-p-ema=50,250', '-target-margin-list=1.0,1.5,2.0,2.5,3.0,3.5,4.0,4.5,5.0', '-log-level=WARNING']
2023-11-26 19:41:10;UNIUSDT;30m;2.5;125;30;80;100.0;5;104.3;['-batch-training', '-calc-rsi', '-verbose', '-prediction-mode=index', '-interval-list=30m', '-range-min-rsi=28', '-range-max-rsi=80', '-range-p-ema=50,250', '-target-margin-list=1.0,1.5,2.0,2.5,3.0,3.5,4.0,4.5,5.0', '-log-level=WARNING']
2023-11-26 21:03:28;UNIUSDT;30m;1.0;75;34;78;100.0;6;104.33;['-batch-training', '-calc-rsi', '-verbose', '-prediction-mode=index', '-interval-list=30m', '-range-min-rsi=28', '-range-max-rsi=80', '-range-p-ema=50,250', '-target-margin-list=1.0,1.5,2.0,2.5,3.0,3.5,4.0,4.5,5.0', '-log-level=WARNING']
2023-11-26 19:37:07;UNIUSDT;30m;1.0;125;34;78;100.0;6;104.33;['-batch-training', '-calc-rsi', '-verbose', '-prediction-mode=index', '-interval-list=30m', '-range-min-rsi=28', '-range-max-rsi=80', '-range-p-ema=50,250', '-target-margin-list=1.0,1.5,2.0,2.5,3.0,3.5,4.0,4.5,5.0', '-log-level=WARNING']
2023-11-26 19:25:39;UNIUSDT;30m;1.0;100;34;78;100.0;6;104.33;['-batch-training', '-calc-rsi', '-verbose', '-prediction-mode=index', '-interval-list=30m', '-range-min-rsi=28', '-range-max-rsi=80', '-range-p-ema=50,250', '-target-margin-list=1.0,1.5,2.0,2.5,3.0,3.5,4.0,4.5,5.0', '-log-level=WARNING']
2023-11-26 20:36:07;UNIUSDT;30m;1.5;250;30;78;100.0;4;104.33;['-batch-training', '-calc-rsi', '-verbose', '-prediction-mode=index', '-interval-list=30m', '-range-min-rsi=28', '-range-max-rsi=80', '-range-p-ema=50,250', '-target-margin-list=1.0,1.5,2.0,2.5,3.0,3.5,4.0,4.5,5.0', '-log-level=WARNING']
2023-11-26 20:48:34;UNIUSDT;30m;1.0;50;34;78;100.0;6;104.33;['-batch-training', '-calc-rsi', '-verbose', '-prediction-mode=index', '-interval-list=30m', '-range-min-rsi=28', '-range-max-rsi=80', '-range-p-ema=50,250', '-target-margin-list=1.0,1.5,2.0,2.5,3.0,3.5,4.0,4.5,5.0', '-log-level=WARNING']
2023-11-26 19:50:57;UNIUSDT;30m;2.0;150;32;76;100.0;4;104.34;['-batch-training', '-calc-rsi', '-verbose', '-prediction-mode=index', '-interval-list=30m', '-range-min-rsi=28', '-range-max-rsi=80', '-range-p-ema=50,250', '-target-margin-list=1.0,1.5,2.0,2.5,3.0,3.5,4.0,4.5,5.0', '-log-level=WARNING']
2023-11-26 20:01:20;UNIUSDT;30m;2.0;175;32;76;100.0;4;104.34;['-batch-training', '-calc-rsi', '-verbose', '-prediction-mode=index', '-interval-list=30m', '-range-min-rsi=28', '-range-max-rsi=80', '-range-p-ema=50,250', '-target-margin-list=1.0,1.5,2.0,2.5,3.0,3.5,4.0,4.5,5.0', '-log-level=WARNING']
2023-11-26 20:34:38;UNIUSDT;30m;1.0;250;30;78;100.0;7;104.34;['-batch-training', '-calc-rsi', '-verbose', '-prediction-mode=index', '-interval-list=30m', '-range-min-rsi=28', '-range-max-rsi=80', '-range-p-ema=50,250', '-target-margin-list=1.0,1.5,2.0,2.5,3.0,3.5,4.0,4.5,5.0', '-log-level=WARNING']
2023-11-26 19:48:52;UNIUSDT;30m;1.0;150;32;80;100.0;4;104.35;['-batch-training', '-calc-rsi', '-verbose', '-prediction-mode=index', '-interval-list=30m', '-range-min-rsi=28', '-range-max-rsi=80', '-range-p-ema=50,250', '-target-margin-list=1.0,1.5,2.0,2.5,3.0,3.5,4.0,4.5,5.0', '-log-level=WARNING']
2023-11-26 20:52:42;UNIUSDT;30m;2.5;50;32;74;100.0;5;104.38;['-batch-training', '-calc-rsi', '-verbose', '-prediction-mode=index', '-interval-list=30m', '-range-min-rsi=28', '-range-max-rsi=80', '-range-p-ema=50,250', '-target-margin-list=1.0,1.5,2.0,2.5,3.0,3.5,4.0,4.5,5.0', '-log-level=WARNING']
2023-11-26 19:28:59;UNIUSDT;30m;2.5;100;32;74;100.0;5;104.38;['-batch-training', '-calc-rsi', '-verbose', '-prediction-mode=index', '-interval-list=30m', '-range-min-rsi=28', '-range-max-rsi=80', '-range-p-ema=50,250', '-target-margin-list=1.0,1.5,2.0,2.5,3.0,3.5,4.0,4.5,5.0', '-log-level=WARNING']
2023-11-26 21:08:05;UNIUSDT;30m;2.5;75;32;74;100.0;5;104.38;['-batch-training', '-calc-rsi', '-verbose', '-prediction-mode=index', '-interval-list=30m', '-range-min-rsi=28', '-range-max-rsi=80', '-range-p-ema=50,250', '-target-margin-list=1.0,1.5,2.0,2.5,3.0,3.5,4.0,4.5,5.0', '-log-level=WARNING']
2023-11-26 19:40:27;UNIUSDT;30m;2.5;125;32;74;100.0;5;104.38;['-batch-training', '-calc-rsi', '-verbose', '-prediction-mode=index', '-interval-list=30m', '-range-min-rsi=28', '-range-max-rsi=80', '-range-p-ema=50,250', '-target-margin-list=1.0,1.5,2.0,2.5,3.0,3.5,4.0,4.5,5.0', '-log-level=WARNING']
2023-11-26 20:35:35;UNIUSDT;30m;1.5;250;32;74;100.0;4;104.38;['-batch-training', '-calc-rsi', '-verbose', '-prediction-mode=index', '-interval-list=30m', '-range-min-rsi=28', '-range-max-rsi=80', '-range-p-ema=50,250', '-target-margin-list=1.0,1.5,2.0,2.5,3.0,3.5,4.0,4.5,5.0', '-log-level=WARNING']
2023-11-26 20:09:27;UNIUSDT;30m;1.0;200;36;78;100.0;4;104.4;['-batch-training', '-calc-rsi', '-verbose', '-prediction-mode=index', '-interval-list=30m', '-range-min-rsi=28', '-range-max-rsi=80', '-range-p-ema=50,250', '-target-margin-list=1.0,1.5,2.0,2.5,3.0,3.5,4.0,4.5,5.0', '-log-level=WARNING']
2023-11-26 19:50:17;UNIUSDT;30m;1.5;150;36;80;100.0;3;104.41;['-batch-training', '-calc-rsi', '-verbose', '-prediction-mode=index', '-interval-list=30m', '-range-min-rsi=28', '-range-max-rsi=80', '-range-p-ema=50,250', '-target-margin-list=1.0,1.5,2.0,2.5,3.0,3.5,4.0,4.5,5.0', '-log-level=WARNING']
2023-11-26 19:37:17;UNIUSDT;30m;1.0;125;30;80;100.0;4;104.42;['-batch-training', '-calc-rsi', '-verbose', '-prediction-mode=index', '-interval-list=30m', '-range-min-rsi=28', '-range-max-rsi=80', '-range-p-ema=50,250', '-target-margin-list=1.0,1.5,2.0,2.5,3.0,3.5,4.0,4.5,5.0', '-log-level=WARNING']
2023-11-26 20:22:28;UNIUSDT;30m;1.5;225;34;74;100.0;2;104.42;['-batch-training', '-calc-rsi', '-verbose', '-prediction-mode=index', '-interval-list=30m', '-range-min-rsi=28', '-range-max-rsi=80', '-range-p-ema=50,250', '-target-margin-list=1.0,1.5,2.0,2.5,3.0,3.5,4.0,4.5,5.0', '-log-level=WARNING']
2023-11-26 20:35:17;UNIUSDT;30m;1.5;250;32;72;100.0;7;104.42;['-batch-training', '-calc-rsi', '-verbose', '-prediction-mode=index', '-interval-list=30m', '-range-min-rsi=28', '-range-max-rsi=80', '-range-p-ema=50,250', '-target-margin-list=1.0,1.5,2.0,2.5,3.0,3.5,4.0,4.5,5.0', '-log-level=WARNING']
2023-11-26 20:11:15;UNIUSDT;30m;2.0;200;36;72;100.0;7;104.42;['-batch-training', '-calc-rsi', '-verbose', '-prediction-mode=index', '-interval-list=30m', '-range-min-rsi=28', '-range-max-rsi=80', '-range-p-ema=50,250', '-target-margin-list=1.0,1.5,2.0,2.5,3.0,3.5,4.0,4.5,5.0', '-log-level=WARNING']
2023-11-26 20:48:45;UNIUSDT;30m;1.0;50;30;80;100.0;4;104.42;['-batch-training', '-calc-rsi', '-verbose', '-prediction-mode=index', '-interval-list=30m', '-range-min-rsi=28', '-range-max-rsi=80', '-range-p-ema=50,250', '-target-margin-list=1.0,1.5,2.0,2.5,3.0,3.5,4.0,4.5,5.0', '-log-level=WARNING']
2023-11-26 19:48:49;UNIUSDT;30m;1.0;150;30;80;100.0;4;104.42;['-batch-training', '-calc-rsi', '-verbose', '-prediction-mode=index', '-interval-list=30m', '-range-min-rsi=28', '-range-max-rsi=80', '-range-p-ema=50,250', '-target-margin-list=1.0,1.5,2.0,2.5,3.0,3.5,4.0,4.5,5.0', '-log-level=WARNING']
2023-11-26 19:25:48;UNIUSDT;30m;1.0;100;30;80;100.0;4;104.42;['-batch-training', '-calc-rsi', '-verbose', '-prediction-mode=index', '-interval-list=30m', '-range-min-rsi=28', '-range-max-rsi=80', '-range-p-ema=50,250', '-target-margin-list=1.0,1.5,2.0,2.5,3.0,3.5,4.0,4.5,5.0', '-log-level=WARNING']
2023-11-26 21:03:40;UNIUSDT;30m;1.0;75;30;80;100.0;4;104.42;['-batch-training', '-calc-rsi', '-verbose', '-prediction-mode=index', '-interval-list=30m', '-range-min-rsi=28', '-range-max-rsi=80', '-range-p-ema=50,250', '-target-margin-list=1.0,1.5,2.0,2.5,3.0,3.5,4.0,4.5,5.0', '-log-level=WARNING']
2023-11-26 20:20:34;UNIUSDT;30m;1.0;225;28;72;100.0;2;104.44;['-batch-training', '-calc-rsi', '-verbose', '-prediction-mode=index', '-interval-list=30m', '-range-min-rsi=28', '-range-max-rsi=80', '-range-p-ema=50,250', '-target-margin-list=1.0,1.5,2.0,2.5,3.0,3.5,4.0,4.5,5.0', '-log-level=WARNING']
2023-11-26 19:48:40;UNIUSDT;30m;1.0;150;34;78;100.0;2;104.45;['-batch-training', '-calc-rsi', '-verbose', '-prediction-mode=index', '-interval-list=30m', '-range-min-rsi=28', '-range-max-rsi=80', '-range-p-ema=50,250', '-target-margin-list=1.0,1.5,2.0,2.5,3.0,3.5,4.0,4.5,5.0', '-log-level=WARNING']
2023-11-26 20:34:01;UNIUSDT;30m;1.0;250;30;74;100.0;2;104.45;['-batch-training', '-calc-rsi', '-verbose', '-prediction-mode=index', '-interval-list=30m', '-range-min-rsi=28', '-range-max-rsi=80', '-range-p-ema=50,250', '-target-margin-list=1.0,1.5,2.0,2.5,3.0,3.5,4.0,4.5,5.0', '-log-level=WARNING']
2023-11-26 20:13:35;UNIUSDT;30m;2.5;200;34;80;100.0;6;104.46;['-batch-training', '-calc-rsi', '-verbose', '-prediction-mode=index', '-interval-list=30m', '-range-min-rsi=28', '-range-max-rsi=80', '-range-p-ema=50,250', '-target-margin-list=1.0,1.5,2.0,2.5,3.0,3.5,4.0,4.5,5.0', '-log-level=WARNING']
2023-11-26 19:52:46;UNIUSDT;30m;2.5;150;34;80;100.0;6;104.46;['-batch-training', '-calc-rsi', '-verbose', '-prediction-mode=index', '-interval-list=30m', '-range-min-rsi=28', '-range-max-rsi=80', '-range-p-ema=50,250', '-target-margin-list=1.0,1.5,2.0,2.5,3.0,3.5,4.0,4.5,5.0', '-log-level=WARNING']
2023-11-26 20:02:57;UNIUSDT;30m;2.5;175;34;80;100.0;6;104.46;['-batch-training', '-calc-rsi', '-verbose', '-prediction-mode=index', '-interval-list=30m', '-range-min-rsi=28', '-range-max-rsi=80', '-range-p-ema=50,250', '-target-margin-list=1.0,1.5,2.0,2.5,3.0,3.5,4.0,4.5,5.0', '-log-level=WARNING']
2023-11-26 20:00:56;UNIUSDT;30m;2.0;175;34;72;100.0;7;104.47;['-batch-training', '-calc-rsi', '-verbose', '-prediction-mode=index', '-interval-list=30m', '-range-min-rsi=28', '-range-max-rsi=80', '-range-p-ema=50,250', '-target-margin-list=1.0,1.5,2.0,2.5,3.0,3.5,4.0,4.5,5.0', '-log-level=WARNING']
2023-11-26 21:10:42;UNIUSDT;30m;3.0;75;36;78;100.0;5;104.48;['-batch-training', '-calc-rsi', '-verbose', '-prediction-mode=index', '-interval-list=30m', '-range-min-rsi=28', '-range-max-rsi=80', '-range-p-ema=50,250', '-target-margin-list=1.0,1.5,2.0,2.5,3.0,3.5,4.0,4.5,5.0', '-log-level=WARNING']
2023-11-26 19:30:51;UNIUSDT;30m;3.0;100;36;78;100.0;5;104.48;['-batch-training', '-calc-rsi', '-verbose', '-prediction-mode=index', '-interval-list=30m', '-range-min-rsi=28', '-range-max-rsi=80', '-range-p-ema=50,250', '-target-margin-list=1.0,1.5,2.0,2.5,3.0,3.5,4.0,4.5,5.0', '-log-level=WARNING']
2023-11-26 19:42:21;UNIUSDT;30m;3.0;125;36;78;100.0;5;104.48;['-batch-training', '-calc-rsi', '-verbose', '-prediction-mode=index', '-interval-list=30m', '-range-min-rsi=28', '-range-max-rsi=80', '-range-p-ema=50,250', '-target-margin-list=1.0,1.5,2.0,2.5,3.0,3.5,4.0,4.5,5.0', '-log-level=WARNING']
2023-11-26 20:55:09;UNIUSDT;30m;3.0;50;36;78;100.0;5;104.48;['-batch-training', '-calc-rsi', '-verbose', '-prediction-mode=index', '-interval-list=30m', '-range-min-rsi=28', '-range-max-rsi=80', '-range-p-ema=50,250', '-target-margin-list=1.0,1.5,2.0,2.5,3.0,3.5,4.0,4.5,5.0', '-log-level=WARNING']
2023-11-26 20:37:12;UNIUSDT;30m;2.0;250;36;74;100.0;3;104.49;['-batch-training', '-calc-rsi', '-verbose', '-prediction-mode=index', '-interval-list=30m', '-range-min-rsi=28', '-range-max-rsi=80', '-range-p-ema=50,250', '-target-margin-list=1.0,1.5,2.0,2.5,3.0,3.5,4.0,4.5,5.0', '-log-level=WARNING']
2023-11-26 19:59:37;UNIUSDT;30m;1.0;175;36;80;100.0;5;104.5;['-batch-training', '-calc-rsi', '-verbose', '-prediction-mode=index', '-interval-list=30m', '-range-min-rsi=28', '-range-max-rsi=80', '-range-p-ema=50,250', '-target-margin-list=1.0,1.5,2.0,2.5,3.0,3.5,4.0,4.5,5.0', '-log-level=WARNING']
2023-11-26 20:22:18;UNIUSDT;30m;1.5;225;28;74;100.0;7;104.51;['-batch-training', '-calc-rsi', '-verbose', '-prediction-mode=index', '-interval-list=30m', '-range-min-rsi=28', '-range-max-rsi=80', '-range-p-ema=50,250', '-target-margin-list=1.0,1.5,2.0,2.5,3.0,3.5,4.0,4.5,5.0', '-log-level=WARNING']
2023-11-26 19:49:18;UNIUSDT;30m;1.5;150;28;74;100.0;7;104.51;['-batch-training', '-calc-rsi', '-verbose', '-prediction-mode=index', '-interval-list=30m', '-range-min-rsi=28', '-range-max-rsi=80', '-range-p-ema=50,250', '-target-margin-list=1.0,1.5,2.0,2.5,3.0,3.5,4.0,4.5,5.0', '-log-level=WARNING']
2023-11-26 21:04:18;UNIUSDT;30m;1.5;75;28;74;100.0;7;104.51;['-batch-training', '-calc-rsi', '-verbose', '-prediction-mode=index', '-interval-list=30m', '-range-min-rsi=28', '-range-max-rsi=80', '-range-p-ema=50,250', '-target-margin-list=1.0,1.5,2.0,2.5,3.0,3.5,4.0,4.5,5.0', '-log-level=WARNING']
2023-11-26 19:37:45;UNIUSDT;30m;1.5;125;28;74;100.0;7;104.51;['-batch-training', '-calc-rsi', '-verbose', '-prediction-mode=index', '-interval-list=30m', '-range-min-rsi=28', '-range-max-rsi=80', '-range-p-ema=50,250', '-target-margin-list=1.0,1.5,2.0,2.5,3.0,3.5,4.0,4.5,5.0', '-log-level=WARNING']
2023-11-26 19:59:53;UNIUSDT;30m;1.5;175;28;74;100.0;7;104.51;['-batch-training', '-calc-rsi', '-verbose', '-prediction-mode=index', '-interval-list=30m', '-range-min-rsi=28', '-range-max-rsi=80', '-range-p-ema=50,250', '-target-margin-list=1.0,1.5,2.0,2.5,3.0,3.5,4.0,4.5,5.0', '-log-level=WARNING']
2023-11-26 20:09:59;UNIUSDT;30m;1.5;200;28;74;100.0;7;104.51;['-batch-training', '-calc-rsi', '-verbose', '-prediction-mode=index', '-interval-list=30m', '-range-min-rsi=28', '-range-max-rsi=80', '-range-p-ema=50,250', '-target-margin-list=1.0,1.5,2.0,2.5,3.0,3.5,4.0,4.5,5.0', '-log-level=WARNING']
2023-11-26 19:26:17;UNIUSDT;30m;1.5;100;28;74;100.0;7;104.51;['-batch-training', '-calc-rsi', '-verbose', '-prediction-mode=index', '-interval-list=30m', '-range-min-rsi=28', '-range-max-rsi=80', '-range-p-ema=50,250', '-target-margin-list=1.0,1.5,2.0,2.5,3.0,3.5,4.0,4.5,5.0', '-log-level=WARNING']
2023-11-26 20:49:19;UNIUSDT;30m;1.5;50;28;74;100.0;7;104.51;['-batch-training', '-calc-rsi', '-verbose', '-prediction-mode=index', '-interval-list=30m', '-range-min-rsi=28', '-range-max-rsi=80', '-range-p-ema=50,250', '-target-margin-list=1.0,1.5,2.0,2.5,3.0,3.5,4.0,4.5,5.0', '-log-level=WARNING']
2023-11-26 20:33:39;UNIUSDT;30m;1.0;250;28;72;100.0;3;104.55;['-batch-training', '-calc-rsi', '-verbose', '-prediction-mode=index', '-interval-list=30m', '-range-min-rsi=28', '-range-max-rsi=80', '-range-p-ema=50,250', '-target-margin-list=1.0,1.5,2.0,2.5,3.0,3.5,4.0,4.5,5.0', '-log-level=WARNING']
2023-11-26 20:37:22;UNIUSDT;30m;2.0;250;32;76;100.0;4;104.56;['-batch-training', '-calc-rsi', '-verbose', '-prediction-mode=index', '-interval-list=30m', '-range-min-rsi=28', '-range-max-rsi=80', '-range-p-ema=50,250', '-target-margin-list=1.0,1.5,2.0,2.5,3.0,3.5,4.0,4.5,5.0', '-log-level=WARNING']
2023-11-26 19:27:41;UNIUSDT;30m;2.0;100;32;74;100.0;2;104.58;['-batch-training', '-calc-rsi', '-verbose', '-prediction-mode=index', '-interval-list=30m', '-range-min-rsi=28', '-range-max-rsi=80', '-range-p-ema=50,250', '-target-margin-list=1.0,1.5,2.0,2.5,3.0,3.5,4.0,4.5,5.0', '-log-level=WARNING']
2023-11-26 19:39:10;UNIUSDT;30m;2.0;125;32;74;100.0;2;104.58;['-batch-training', '-calc-rsi', '-verbose', '-prediction-mode=index', '-interval-list=30m', '-range-min-rsi=28', '-range-max-rsi=80', '-range-p-ema=50,250', '-target-margin-list=1.0,1.5,2.0,2.5,3.0,3.5,4.0,4.5,5.0', '-log-level=WARNING']
2023-11-26 20:51:04;UNIUSDT;30m;2.0;50;32;74;100.0;2;104.58;['-batch-training', '-calc-rsi', '-verbose', '-prediction-mode=index', '-interval-list=30m', '-range-min-rsi=28', '-range-max-rsi=80', '-range-p-ema=50,250', '-target-margin-list=1.0,1.5,2.0,2.5,3.0,3.5,4.0,4.5,5.0', '-log-level=WARNING']
2023-11-26 21:06:15;UNIUSDT;30m;2.0;75;32;74;100.0;2;104.58;['-batch-training', '-calc-rsi', '-verbose', '-prediction-mode=index', '-interval-list=30m', '-range-min-rsi=28', '-range-max-rsi=80', '-range-p-ema=50,250', '-target-margin-list=1.0,1.5,2.0,2.5,3.0,3.5,4.0,4.5,5.0', '-log-level=WARNING']
2023-11-26 20:33:39;UNIUSDT;30m;1.0;250;28;72;100.0;4;104.58;['-batch-training', '-calc-rsi', '-verbose', '-prediction-mode=index', '-interval-list=30m', '-range-min-rsi=28', '-range-max-rsi=80', '-range-p-ema=50,250', '-target-margin-list=1.0,1.5,2.0,2.5,3.0,3.5,4.0,4.5,5.0', '-log-level=WARNING']
2023-11-26 20:20:40;UNIUSDT;30m;1.0;225;32;72;100.0;3;104.6;['-batch-training', '-calc-rsi', '-verbose', '-prediction-mode=index', '-interval-list=30m', '-range-min-rsi=28', '-range-max-rsi=80', '-range-p-ema=50,250', '-target-margin-list=1.0,1.5,2.0,2.5,3.0,3.5,4.0,4.5,5.0', '-log-level=WARNING']
2023-11-26 20:06:52;UNIUSDT;30m;4.5;175;32;76;100.0;3;104.61;['-batch-training', '-calc-rsi', '-verbose', '-prediction-mode=index', '-interval-list=30m', '-range-min-rsi=28', '-range-max-rsi=80', '-range-p-ema=50,250', '-target-margin-list=1.0,1.5,2.0,2.5,3.0,3.5,4.0,4.5,5.0', '-log-level=WARNING']
2023-11-26 20:35:38;UNIUSDT;30m;1.5;250;34;74;100.0;6;104.61;['-batch-training', '-calc-rsi', '-verbose', '-prediction-mode=index', '-interval-list=30m', '-range-min-rsi=28', '-range-max-rsi=80', '-range-p-ema=50,250', '-target-margin-list=1.0,1.5,2.0,2.5,3.0,3.5,4.0,4.5,5.0', '-log-level=WARNING']
2023-11-26 20:45:02;UNIUSDT;30m;4.5;250;32;76;100.0;3;104.61;['-batch-training', '-calc-rsi', '-verbose', '-prediction-mode=index', '-interval-list=30m', '-range-min-rsi=28', '-range-max-rsi=80', '-range-p-ema=50,250', '-target-margin-list=1.0,1.5,2.0,2.5,3.0,3.5,4.0,4.5,5.0', '-log-level=WARNING']
2023-11-26 20:31:24;UNIUSDT;30m;4.5;225;32;76;100.0;3;104.61;['-batch-training', '-calc-rsi', '-verbose', '-prediction-mode=index', '-interval-list=30m', '-range-min-rsi=28', '-range-max-rsi=80', '-range-p-ema=50,250', '-target-margin-list=1.0,1.5,2.0,2.5,3.0,3.5,4.0,4.5,5.0', '-log-level=WARNING']
2023-11-26 19:56:49;UNIUSDT;30m;4.5;150;32;76;100.0;3;104.61;['-batch-training', '-calc-rsi', '-verbose', '-prediction-mode=index', '-interval-list=30m', '-range-min-rsi=28', '-range-max-rsi=80', '-range-p-ema=50,250', '-target-margin-list=1.0,1.5,2.0,2.5,3.0,3.5,4.0,4.5,5.0', '-log-level=WARNING']
2023-11-26 20:18:26;UNIUSDT;30m;4.5;200;32;76;100.0;3;104.61;['-batch-training', '-calc-rsi', '-verbose', '-prediction-mode=index', '-interval-list=30m', '-range-min-rsi=28', '-range-max-rsi=80', '-range-p-ema=50,250', '-target-margin-list=1.0,1.5,2.0,2.5,3.0,3.5,4.0,4.5,5.0', '-log-level=WARNING']
2023-11-26 19:37:55;UNIUSDT;30m;1.5;125;34;74;100.0;2;104.62;['-batch-training', '-calc-rsi', '-verbose', '-prediction-mode=index', '-interval-list=30m', '-range-min-rsi=28', '-range-max-rsi=80', '-range-p-ema=50,250', '-target-margin-list=1.0,1.5,2.0,2.5,3.0,3.5,4.0,4.5,5.0', '-log-level=WARNING']
2023-11-26 19:26:26;UNIUSDT;30m;1.5;100;34;74;100.0;2;104.62;['-batch-training', '-calc-rsi', '-verbose', '-prediction-mode=index', '-interval-list=30m', '-range-min-rsi=28', '-range-max-rsi=80', '-range-p-ema=50,250', '-target-margin-list=1.0,1.5,2.0,2.5,3.0,3.5,4.0,4.5,5.0', '-log-level=WARNING']
2023-11-26 20:11:47;UNIUSDT;30m;2.0;200;36;76;100.0;3;104.62;['-batch-training', '-calc-rsi', '-verbose', '-prediction-mode=index', '-interval-list=30m', '-range-min-rsi=28', '-range-max-rsi=80', '-range-p-ema=50,250', '-target-margin-list=1.0,1.5,2.0,2.5,3.0,3.5,4.0,4.5,5.0', '-log-level=WARNING']
2023-11-26 20:49:32;UNIUSDT;30m;1.5;50;34;74;100.0;2;104.62;['-batch-training', '-calc-rsi', '-verbose', '-prediction-mode=index', '-interval-list=30m', '-range-min-rsi=28', '-range-max-rsi=80', '-range-p-ema=50,250', '-target-margin-list=1.0,1.5,2.0,2.5,3.0,3.5,4.0,4.5,5.0', '-log-level=WARNING']
2023-11-26 21:04:31;UNIUSDT;30m;1.5;75;34;74;100.0;2;104.62;['-batch-training', '-calc-rsi', '-verbose', '-prediction-mode=index', '-interval-list=30m', '-range-min-rsi=28', '-range-max-rsi=80', '-range-p-ema=50,250', '-target-margin-list=1.0,1.5,2.0,2.5,3.0,3.5,4.0,4.5,5.0', '-log-level=WARNING']
2023-11-26 20:09:42;UNIUSDT;30m;1.0;200;36;80;100.0;4;104.67;['-batch-training', '-calc-rsi', '-verbose', '-prediction-mode=index', '-interval-list=30m', '-range-min-rsi=28', '-range-max-rsi=80', '-range-p-ema=50,250', '-target-margin-list=1.0,1.5,2.0,2.5,3.0,3.5,4.0,4.5,5.0', '-log-level=WARNING']
2023-11-26 20:20:40;UNIUSDT;30m;1.0;225;32;72;100.0;5;104.68;['-batch-training', '-calc-rsi', '-verbose', '-prediction-mode=index', '-interval-list=30m', '-range-min-rsi=28', '-range-max-rsi=80', '-range-p-ema=50,250', '-target-margin-list=1.0,1.5,2.0,2.5,3.0,3.5,4.0,4.5,5.0', '-log-level=WARNING']
2023-11-26 20:23:21;UNIUSDT;30m;1.5;225;34;80;100.0;2;104.69;['-batch-training', '-calc-rsi', '-verbose', '-prediction-mode=index', '-interval-list=30m', '-range-min-rsi=28', '-range-max-rsi=80', '-range-p-ema=50,250', '-target-margin-list=1.0,1.5,2.0,2.5,3.0,3.5,4.0,4.5,5.0', '-log-level=WARNING']
2023-11-26 19:58:33;UNIUSDT;30m;1.0;175;30;72;100.0;6;104.71;['-batch-training', '-calc-rsi', '-verbose', '-prediction-mode=index', '-interval-list=30m', '-range-min-rsi=28', '-range-max-rsi=80', '-range-p-ema=50,250', '-target-margin-list=1.0,1.5,2.0,2.5,3.0,3.5,4.0,4.5,5.0', '-log-level=WARNING']
2023-11-26 20:00:54;UNIUSDT;30m;2.0;175;32;72;100.0;3;104.71;['-batch-training', '-calc-rsi', '-verbose', '-prediction-mode=index', '-interval-list=30m', '-range-min-rsi=28', '-range-max-rsi=80', '-range-p-ema=50,250', '-target-margin-list=1.0,1.5,2.0,2.5,3.0,3.5,4.0,4.5,5.0', '-log-level=WARNING']
2023-11-26 20:08:36;UNIUSDT;30m;1.0;200;30;72;100.0;6;104.71;['-batch-training', '-calc-rsi', '-verbose', '-prediction-mode=index', '-interval-list=30m', '-range-min-rsi=28', '-range-max-rsi=80', '-range-p-ema=50,250', '-target-margin-list=1.0,1.5,2.0,2.5,3.0,3.5,4.0,4.5,5.0', '-log-level=WARNING']
2023-11-26 20:40:47;UNIUSDT;30m;3.0;250;34;78;100.0;5;104.72;['-batch-training', '-calc-rsi', '-verbose', '-prediction-mode=index', '-interval-list=30m', '-range-min-rsi=28', '-range-max-rsi=80', '-range-p-ema=50,250', '-target-margin-list=1.0,1.5,2.0,2.5,3.0,3.5,4.0,4.5,5.0', '-log-level=WARNING']
2023-11-26 19:58:38;UNIUSDT;30m;1.0;175;34;72;100.0;2;104.72;['-batch-training', '-calc-rsi', '-verbose', '-prediction-mode=index', '-interval-list=30m', '-range-min-rsi=28', '-range-max-rsi=80', '-range-p-ema=50,250', '-target-margin-list=1.0,1.5,2.0,2.5,3.0,3.5,4.0,4.5,5.0', '-log-level=WARNING']
2023-11-26 20:13:03;UNIUSDT;30m;2.5;200;34;76;100.0;2;104.72;['-batch-training', '-calc-rsi', '-verbose', '-prediction-mode=index', '-interval-list=30m', '-range-min-rsi=28', '-range-max-rsi=80', '-range-p-ema=50,250', '-target-margin-list=1.0,1.5,2.0,2.5,3.0,3.5,4.0,4.5,5.0', '-log-level=WARNING']
2023-11-26 20:00:29;UNIUSDT;30m;1.5;175;34;78;100.0;2;104.73;['-batch-training', '-calc-rsi', '-verbose', '-prediction-mode=index', '-interval-list=30m', '-range-min-rsi=28', '-range-max-rsi=80', '-range-p-ema=50,250', '-target-margin-list=1.0,1.5,2.0,2.5,3.0,3.5,4.0,4.5,5.0', '-log-level=WARNING']
2023-11-26 20:00:01;UNIUSDT;30m;1.5;175;34;74;100.0;6;104.74;['-batch-training', '-calc-rsi', '-verbose', '-prediction-mode=index', '-interval-list=30m', '-range-min-rsi=28', '-range-max-rsi=80', '-range-p-ema=50,250', '-target-margin-list=1.0,1.5,2.0,2.5,3.0,3.5,4.0,4.5,5.0', '-log-level=WARNING']
2023-11-26 20:10:09;UNIUSDT;30m;1.5;200;34;74;100.0;6;104.75;['-batch-training', '-calc-rsi', '-verbose', '-prediction-mode=index', '-interval-list=30m', '-range-min-rsi=28', '-range-max-rsi=80', '-range-p-ema=50,250', '-target-margin-list=1.0,1.5,2.0,2.5,3.0,3.5,4.0,4.5,5.0', '-log-level=WARNING']
2023-11-26 20:36:10;UNIUSDT;30m;1.5;250;32;78;100.0;5;104.76;['-batch-training', '-calc-rsi', '-verbose', '-prediction-mode=index', '-interval-list=30m', '-range-min-rsi=28', '-range-max-rsi=80', '-range-p-ema=50,250', '-target-margin-list=1.0,1.5,2.0,2.5,3.0,3.5,4.0,4.5,5.0', '-log-level=WARNING']
2023-11-26 20:21:36;UNIUSDT;30m;1.0;225;34;78;100.0;6;104.77;['-batch-training', '-calc-rsi', '-verbose', '-prediction-mode=index', '-interval-list=30m', '-range-min-rsi=28', '-range-max-rsi=80', '-range-p-ema=50,250', '-target-margin-list=1.0,1.5,2.0,2.5,3.0,3.5,4.0,4.5,5.0', '-log-level=WARNING']
2023-11-26 20:16:11;UNIUSDT;30m;3.5;200;30;80;100.0;4;104.79;['-batch-training', '-calc-rsi', '-verbose', '-prediction-mode=index', '-interval-list=30m', '-range-min-rsi=28', '-range-max-rsi=80', '-range-p-ema=50,250', '-target-margin-list=1.0,1.5,2.0,2.5,3.0,3.5,4.0,4.5,5.0', '-log-level=WARNING']
2023-11-26 19:32:12;UNIUSDT;30m;3.5;100;30;80;100.0;4;104.79;['-batch-training', '-calc-rsi', '-verbose', '-prediction-mode=index', '-interval-list=30m', '-range-min-rsi=28', '-range-max-rsi=80', '-range-p-ema=50,250', '-target-margin-list=1.0,1.5,2.0,2.5,3.0,3.5,4.0,4.5,5.0', '-log-level=WARNING']
2023-11-26 19:43:42;UNIUSDT;30m;3.5;125;30;80;100.0;4;104.79;['-batch-training', '-calc-rsi', '-verbose', '-prediction-mode=index', '-interval-list=30m', '-range-min-rsi=28', '-range-max-rsi=80', '-range-p-ema=50,250', '-target-margin-list=1.0,1.5,2.0,2.5,3.0,3.5,4.0,4.5,5.0', '-log-level=WARNING']
2023-11-26 19:54:56;UNIUSDT;30m;3.5;150;30;80;100.0;4;104.79;['-batch-training', '-calc-rsi', '-verbose', '-prediction-mode=index', '-interval-list=30m', '-range-min-rsi=28', '-range-max-rsi=80', '-range-p-ema=50,250', '-target-margin-list=1.0,1.5,2.0,2.5,3.0,3.5,4.0,4.5,5.0', '-log-level=WARNING']
2023-11-26 20:42:31;UNIUSDT;30m;3.5;250;30;80;100.0;4;104.79;['-batch-training', '-calc-rsi', '-verbose', '-prediction-mode=index', '-interval-list=30m', '-range-min-rsi=28', '-range-max-rsi=80', '-range-p-ema=50,250', '-target-margin-list=1.0,1.5,2.0,2.5,3.0,3.5,4.0,4.5,5.0', '-log-level=WARNING']
2023-11-26 20:05:04;UNIUSDT;30m;3.5;175;30;80;100.0;4;104.79;['-batch-training', '-calc-rsi', '-verbose', '-prediction-mode=index', '-interval-list=30m', '-range-min-rsi=28', '-range-max-rsi=80', '-range-p-ema=50,250', '-target-margin-list=1.0,1.5,2.0,2.5,3.0,3.5,4.0,4.5,5.0', '-log-level=WARNING']
2023-11-26 21:12:38;UNIUSDT;30m;3.5;75;30;80;100.0;4;104.79;['-batch-training', '-calc-rsi', '-verbose', '-prediction-mode=index', '-interval-list=30m', '-range-min-rsi=28', '-range-max-rsi=80', '-range-p-ema=50,250', '-target-margin-list=1.0,1.5,2.0,2.5,3.0,3.5,4.0,4.5,5.0', '-log-level=WARNING']
2023-11-26 20:56:56;UNIUSDT;30m;3.5;50;30;80;100.0;4;104.79;['-batch-training', '-calc-rsi', '-verbose', '-prediction-mode=index', '-interval-list=30m', '-range-min-rsi=28', '-range-max-rsi=80', '-range-p-ema=50,250', '-target-margin-list=1.0,1.5,2.0,2.5,3.0,3.5,4.0,4.5,5.0', '-log-level=WARNING']
2023-11-26 20:29:01;UNIUSDT;30m;3.5;225;30;80;100.0;4;104.79;['-batch-training', '-calc-rsi', '-verbose', '-prediction-mode=index', '-interval-list=30m', '-range-min-rsi=28', '-range-max-rsi=80', '-range-p-ema=50,250', '-target-margin-list=1.0,1.5,2.0,2.5,3.0,3.5,4.0,4.5,5.0', '-log-level=WARNING']
2023-11-26 20:20:44;UNIUSDT;30m;1.0;225;34;72;100.0;2;104.81;['-batch-training', '-calc-rsi', '-verbose', '-prediction-mode=index', '-interval-list=30m', '-range-min-rsi=28', '-range-max-rsi=80', '-range-p-ema=50,250', '-target-margin-list=1.0,1.5,2.0,2.5,3.0,3.5,4.0,4.5,5.0', '-log-level=WARNING']
2023-11-26 20:48:38;UNIUSDT;30m;1.0;50;36;78;100.0;6;104.84;['-batch-training', '-calc-rsi', '-verbose', '-prediction-mode=index', '-interval-list=30m', '-range-min-rsi=28', '-range-max-rsi=80', '-range-p-ema=50,250', '-target-margin-list=1.0,1.5,2.0,2.5,3.0,3.5,4.0,4.5,5.0', '-log-level=WARNING']
2023-11-26 20:33:39;UNIUSDT;30m;1.0;250;28;72;100.0;5;104.84;['-batch-training', '-calc-rsi', '-verbose', '-prediction-mode=index', '-interval-list=30m', '-range-min-rsi=28', '-range-max-rsi=80', '-range-p-ema=50,250', '-target-margin-list=1.0,1.5,2.0,2.5,3.0,3.5,4.0,4.5,5.0', '-log-level=WARNING']
2023-11-26 21:03:32;UNIUSDT;30m;1.0;75;36;78;100.0;6;104.84;['-batch-training', '-calc-rsi', '-verbose', '-prediction-mode=index', '-interval-list=30m', '-range-min-rsi=28', '-range-max-rsi=80', '-range-p-ema=50,250', '-target-margin-list=1.0,1.5,2.0,2.5,3.0,3.5,4.0,4.5,5.0', '-log-level=WARNING']
2023-11-26 20:34:05;UNIUSDT;30m;1.0;250;32;74;100.0;7;104.84;['-batch-training', '-calc-rsi', '-verbose', '-prediction-mode=index', '-interval-list=30m', '-range-min-rsi=28', '-range-max-rsi=80', '-range-p-ema=50,250', '-target-margin-list=1.0,1.5,2.0,2.5,3.0,3.5,4.0,4.5,5.0', '-log-level=WARNING']
2023-11-26 19:50:44;UNIUSDT;30m;2.0;150;34;74;100.0;3;104.86;['-batch-training', '-calc-rsi', '-verbose', '-prediction-mode=index', '-interval-list=30m', '-range-min-rsi=28', '-range-max-rsi=80', '-range-p-ema=50,250', '-target-margin-list=1.0,1.5,2.0,2.5,3.0,3.5,4.0,4.5,5.0', '-log-level=WARNING']
2023-11-26 20:24:52;UNIUSDT;30m;2.0;225;36;80;100.0;2;104.87;['-batch-training', '-calc-rsi', '-verbose', '-prediction-mode=index', '-interval-list=30m', '-range-min-rsi=28', '-range-max-rsi=80', '-range-p-ema=50,250', '-target-margin-list=1.0,1.5,2.0,2.5,3.0,3.5,4.0,4.5,5.0', '-log-level=WARNING']
2023-11-26 19:50:01;UNIUSDT;30m;1.5;150;36;78;100.0;3;104.88;['-batch-training', '-calc-rsi', '-verbose', '-prediction-mode=index', '-interval-list=30m', '-range-min-rsi=28', '-range-max-rsi=80', '-range-p-ema=50,250', '-target-margin-list=1.0,1.5,2.0,2.5,3.0,3.5,4.0,4.5,5.0', '-log-level=WARNING']
2023-11-26 20:47:34;UNIUSDT;30m;1.0;50;32;72;100.0;2;104.89;['-batch-training', '-calc-rsi', '-verbose', '-prediction-mode=index', '-interval-list=30m', '-range-min-rsi=28', '-range-max-rsi=80', '-range-p-ema=50,250', '-target-margin-list=1.0,1.5,2.0,2.5,3.0,3.5,4.0,4.5,5.0', '-log-level=WARNING']
2023-11-26 20:11:41;UNIUSDT;30m;2.0;200;32;76;100.0;4;104.89;['-batch-training', '-calc-rsi', '-verbose', '-prediction-mode=index', '-interval-list=30m', '-range-min-rsi=28', '-range-max-rsi=80', '-range-p-ema=50,250', '-target-margin-list=1.0,1.5,2.0,2.5,3.0,3.5,4.0,4.5,5.0', '-log-level=WARNING']
2023-11-26 19:24:48;UNIUSDT;30m;1.0;100;32;72;100.0;2;104.89;['-batch-training', '-calc-rsi', '-verbose', '-prediction-mode=index', '-interval-list=30m', '-range-min-rsi=28', '-range-max-rsi=80', '-range-p-ema=50,250', '-target-margin-list=1.0,1.5,2.0,2.5,3.0,3.5,4.0,4.5,5.0', '-log-level=WARNING']
2023-11-26 19:36:15;UNIUSDT;30m;1.0;125;32;72;100.0;2;104.89;['-batch-training', '-calc-rsi', '-verbose', '-prediction-mode=index', '-interval-list=30m', '-range-min-rsi=28', '-range-max-rsi=80', '-range-p-ema=50,250', '-target-margin-list=1.0,1.5,2.0,2.5,3.0,3.5,4.0,4.5,5.0', '-log-level=WARNING']
2023-11-26 21:02:19;UNIUSDT;30m;1.0;75;32;72;100.0;2;104.89;['-batch-training', '-calc-rsi', '-verbose', '-prediction-mode=index', '-interval-list=30m', '-range-min-rsi=28', '-range-max-rsi=80', '-range-p-ema=50,250', '-target-margin-list=1.0,1.5,2.0,2.5,3.0,3.5,4.0,4.5,5.0', '-log-level=WARNING']
2023-11-26 20:24:09;UNIUSDT;30m;2.0;225;32;76;100.0;4;104.89;['-batch-training', '-calc-rsi', '-verbose', '-prediction-mode=index', '-interval-list=30m', '-range-min-rsi=28', '-range-max-rsi=80', '-range-p-ema=50,250', '-target-margin-list=1.0,1.5,2.0,2.5,3.0,3.5,4.0,4.5,5.0', '-log-level=WARNING']
2023-11-26 19:59:15;UNIUSDT;30m;1.0;175;30;78;100.0;7;104.9;['-batch-training', '-calc-rsi', '-verbose', '-prediction-mode=index', '-interval-list=30m', '-range-min-rsi=28', '-range-max-rsi=80', '-range-p-ema=50,250', '-target-margin-list=1.0,1.5,2.0,2.5,3.0,3.5,4.0,4.5,5.0', '-log-level=WARNING']
2023-11-26 21:04:18;UNIUSDT;30m;1.5;75;28;74;100.0;2;104.9;['-batch-training', '-calc-rsi', '-verbose', '-prediction-mode=index', '-interval-list=30m', '-range-min-rsi=28', '-range-max-rsi=80', '-range-p-ema=50,250', '-target-margin-list=1.0,1.5,2.0,2.5,3.0,3.5,4.0,4.5,5.0', '-log-level=WARNING']
2023-11-26 19:49:18;UNIUSDT;30m;1.5;150;28;74;100.0;2;104.9;['-batch-training', '-calc-rsi', '-verbose', '-prediction-mode=index', '-interval-list=30m', '-range-min-rsi=28', '-range-max-rsi=80', '-range-p-ema=50,250', '-target-margin-list=1.0,1.5,2.0,2.5,3.0,3.5,4.0,4.5,5.0', '-log-level=WARNING']
2023-11-26 19:26:17;UNIUSDT;30m;1.5;100;28;74;100.0;2;104.9;['-batch-training', '-calc-rsi', '-verbose', '-prediction-mode=index', '-interval-list=30m', '-range-min-rsi=28', '-range-max-rsi=80', '-range-p-ema=50,250', '-target-margin-list=1.0,1.5,2.0,2.5,3.0,3.5,4.0,4.5,5.0', '-log-level=WARNING']
2023-11-26 20:09:59;UNIUSDT;30m;1.5;200;28;74;100.0;2;104.9;['-batch-training', '-calc-rsi', '-verbose', '-prediction-mode=index', '-interval-list=30m', '-range-min-rsi=28', '-range-max-rsi=80', '-range-p-ema=50,250', '-target-margin-list=1.0,1.5,2.0,2.5,3.0,3.5,4.0,4.5,5.0', '-log-level=WARNING']
2023-11-26 20:49:19;UNIUSDT;30m;1.5;50;28;74;100.0;2;104.9;['-batch-training', '-calc-rsi', '-verbose', '-prediction-mode=index', '-interval-list=30m', '-range-min-rsi=28', '-range-max-rsi=80', '-range-p-ema=50,250', '-target-margin-list=1.0,1.5,2.0,2.5,3.0,3.5,4.0,4.5,5.0', '-log-level=WARNING']
2023-11-26 20:09:19;UNIUSDT;30m;1.0;200;30;78;100.0;7;104.9;['-batch-training', '-calc-rsi', '-verbose', '-prediction-mode=index', '-interval-list=30m', '-range-min-rsi=28', '-range-max-rsi=80', '-range-p-ema=50,250', '-target-margin-list=1.0,1.5,2.0,2.5,3.0,3.5,4.0,4.5,5.0', '-log-level=WARNING']
2023-11-26 19:37:45;UNIUSDT;30m;1.5;125;28;74;100.0;2;104.9;['-batch-training', '-calc-rsi', '-verbose', '-prediction-mode=index', '-interval-list=30m', '-range-min-rsi=28', '-range-max-rsi=80', '-range-p-ema=50,250', '-target-margin-list=1.0,1.5,2.0,2.5,3.0,3.5,4.0,4.5,5.0', '-log-level=WARNING']
2023-11-26 20:22:18;UNIUSDT;30m;1.5;225;28;74;100.0;2;104.9;['-batch-training', '-calc-rsi', '-verbose', '-prediction-mode=index', '-interval-list=30m', '-range-min-rsi=28', '-range-max-rsi=80', '-range-p-ema=50,250', '-target-margin-list=1.0,1.5,2.0,2.5,3.0,3.5,4.0,4.5,5.0', '-log-level=WARNING']
2023-11-26 19:59:53;UNIUSDT;30m;1.5;175;28;74;100.0;2;104.9;['-batch-training', '-calc-rsi', '-verbose', '-prediction-mode=index', '-interval-list=30m', '-range-min-rsi=28', '-range-max-rsi=80', '-range-p-ema=50,250', '-target-margin-list=1.0,1.5,2.0,2.5,3.0,3.5,4.0,4.5,5.0', '-log-level=WARNING']
2023-11-26 20:21:29;UNIUSDT;30m;1.0;225;30;78;100.0;7;104.9;['-batch-training', '-calc-rsi', '-verbose', '-prediction-mode=index', '-interval-list=30m', '-range-min-rsi=28', '-range-max-rsi=80', '-range-p-ema=50,250', '-target-margin-list=1.0,1.5,2.0,2.5,3.0,3.5,4.0,4.5,5.0', '-log-level=WARNING']
2023-11-26 20:22:15;UNIUSDT;30m;1.5;225;36;72;100.0;4;104.91;['-batch-training', '-calc-rsi', '-verbose', '-prediction-mode=index', '-interval-list=30m', '-range-min-rsi=28', '-range-max-rsi=80', '-range-p-ema=50,250', '-target-margin-list=1.0,1.5,2.0,2.5,3.0,3.5,4.0,4.5,5.0', '-log-level=WARNING']
2023-11-26 20:22:46;UNIUSDT;30m;1.5;225;34;76;100.0;7;104.91;['-batch-training', '-calc-rsi', '-verbose', '-prediction-mode=index', '-interval-list=30m', '-range-min-rsi=28', '-range-max-rsi=80', '-range-p-ema=50,250', '-target-margin-list=1.0,1.5,2.0,2.5,3.0,3.5,4.0,4.5,5.0', '-log-level=WARNING']
2023-11-26 20:23:41;UNIUSDT;30m;2.0;225;36;72;100.0;2;104.93;['-batch-training', '-calc-rsi', '-verbose', '-prediction-mode=index', '-interval-list=30m', '-range-min-rsi=28', '-range-max-rsi=80', '-range-p-ema=50,250', '-target-margin-list=1.0,1.5,2.0,2.5,3.0,3.5,4.0,4.5,5.0', '-log-level=WARNING']
2023-11-26 21:03:52;UNIUSDT;30m;1.0;75;36;80;100.0;2;104.94;['-batch-training', '-calc-rsi', '-verbose', '-prediction-mode=index', '-interval-list=30m', '-range-min-rsi=28', '-range-max-rsi=80', '-range-p-ema=50,250', '-target-margin-list=1.0,1.5,2.0,2.5,3.0,3.5,4.0,4.5,5.0', '-log-level=WARNING']
2023-11-26 20:09:24;UNIUSDT;30m;1.0;200;34;78;100.0;4;104.94;['-batch-training', '-calc-rsi', '-verbose', '-prediction-mode=index', '-interval-list=30m', '-range-min-rsi=28', '-range-max-rsi=80', '-range-p-ema=50,250', '-target-margin-list=1.0,1.5,2.0,2.5,3.0,3.5,4.0,4.5,5.0', '-log-level=WARNING']
2023-11-26 20:48:57;UNIUSDT;30m;1.0;50;36;80;100.0;2;104.94;['-batch-training', '-calc-rsi', '-verbose', '-prediction-mode=index', '-interval-list=30m', '-range-min-rsi=28', '-range-max-rsi=80', '-range-p-ema=50,250', '-target-margin-list=1.0,1.5,2.0,2.5,3.0,3.5,4.0,4.5,5.0', '-log-level=WARNING']
2023-11-26 20:09:10;UNIUSDT;30m;1.0;200;34;76;100.0;3;104.97;['-batch-training', '-calc-rsi', '-verbose', '-prediction-mode=index', '-interval-list=30m', '-range-min-rsi=28', '-range-max-rsi=80', '-range-p-ema=50,250', '-target-margin-list=1.0,1.5,2.0,2.5,3.0,3.5,4.0,4.5,5.0', '-log-level=WARNING']
2023-11-26 19:51:28;UNIUSDT;30m;2.0;150;32;80;100.0;2;105.0;['-batch-training', '-calc-rsi', '-verbose', '-prediction-mode=index', '-interval-list=30m', '-range-min-rsi=28', '-range-max-rsi=80', '-range-p-ema=50,250', '-target-margin-list=1.0,1.5,2.0,2.5,3.0,3.5,4.0,4.5,5.0', '-log-level=WARNING']
2023-11-26 19:37:39;UNIUSDT;30m;1.5;125;34;72;100.0;4;105.01;['-batch-training', '-calc-rsi', '-verbose', '-prediction-mode=index', '-interval-list=30m', '-range-min-rsi=28', '-range-max-rsi=80', '-range-p-ema=50,250', '-target-margin-list=1.0,1.5,2.0,2.5,3.0,3.5,4.0,4.5,5.0', '-log-level=WARNING']
2023-11-26 21:04:09;UNIUSDT;30m;1.5;75;34;72;100.0;4;105.01;['-batch-training', '-calc-rsi', '-verbose', '-prediction-mode=index', '-interval-list=30m', '-range-min-rsi=28', '-range-max-rsi=80', '-range-p-ema=50,250', '-target-margin-list=1.0,1.5,2.0,2.5,3.0,3.5,4.0,4.5,5.0', '-log-level=WARNING']
2023-11-26 20:49:12;UNIUSDT;30m;1.5;50;34;72;100.0;4;105.01;['-batch-training', '-calc-rsi', '-verbose', '-prediction-mode=index', '-interval-list=30m', '-range-min-rsi=28', '-range-max-rsi=80', '-range-p-ema=50,250', '-target-margin-list=1.0,1.5,2.0,2.5,3.0,3.5,4.0,4.5,5.0', '-log-level=WARNING']
2023-11-26 19:26:10;UNIUSDT;30m;1.5;100;34;72;100.0;4;105.01;['-batch-training', '-calc-rsi', '-verbose', '-prediction-mode=index', '-interval-list=30m', '-range-min-rsi=28', '-range-max-rsi=80', '-range-p-ema=50,250', '-target-margin-list=1.0,1.5,2.0,2.5,3.0,3.5,4.0,4.5,5.0', '-log-level=WARNING']
2023-11-26 20:35:42;UNIUSDT;30m;1.5;250;36;74;100.0;3;105.01;['-batch-training', '-calc-rsi', '-verbose', '-prediction-mode=index', '-interval-list=30m', '-range-min-rsi=28', '-range-max-rsi=80', '-range-p-ema=50,250', '-target-margin-list=1.0,1.5,2.0,2.5,3.0,3.5,4.0,4.5,5.0', '-log-level=WARNING']
2023-11-26 20:11:12;UNIUSDT;30m;2.0;200;34;72;100.0;7;105.02;['-batch-training', '-calc-rsi', '-verbose', '-prediction-mode=index', '-interval-list=30m', '-range-min-rsi=28', '-range-max-rsi=80', '-range-p-ema=50,250', '-target-margin-list=1.0,1.5,2.0,2.5,3.0,3.5,4.0,4.5,5.0', '-log-level=WARNING']
2023-11-26 20:20:54;UNIUSDT;30m;1.0;225;30;74;100.0;2;105.02;['-batch-training', '-calc-rsi', '-verbose', '-prediction-mode=index', '-interval-list=30m', '-range-min-rsi=28', '-range-max-rsi=80', '-range-p-ema=50,250', '-target-margin-list=1.0,1.5,2.0,2.5,3.0,3.5,4.0,4.5,5.0', '-log-level=WARNING']
2023-11-26 19:37:01;UNIUSDT;30m;1.0;125;30;78;100.0;3;105.02;['-batch-training', '-calc-rsi', '-verbose', '-prediction-mode=index', '-interval-list=30m', '-range-min-rsi=28', '-range-max-rsi=80', '-range-p-ema=50,250', '-target-margin-list=1.0,1.5,2.0,2.5,3.0,3.5,4.0,4.5,5.0', '-log-level=WARNING']
2023-11-26 19:58:48;UNIUSDT;30m;1.0;175;30;74;100.0;2;105.02;['-batch-training', '-calc-rsi', '-verbose', '-prediction-mode=index', '-interval-list=30m', '-range-min-rsi=28', '-range-max-rsi=80', '-range-p-ema=50,250', '-target-margin-list=1.0,1.5,2.0,2.5,3.0,3.5,4.0,4.5,5.0', '-log-level=WARNING']
2023-11-26 19:25:33;UNIUSDT;30m;1.0;100;30;78;100.0;3;105.02;['-batch-training', '-calc-rsi', '-verbose', '-prediction-mode=index', '-interval-list=30m', '-range-min-rsi=28', '-range-max-rsi=80', '-range-p-ema=50,250', '-target-margin-list=1.0,1.5,2.0,2.5,3.0,3.5,4.0,4.5,5.0', '-log-level=WARNING']
2023-11-26 20:48:27;UNIUSDT;30m;1.0;50;30;78;100.0;3;105.02;['-batch-training', '-calc-rsi', '-verbose', '-prediction-mode=index', '-interval-list=30m', '-range-min-rsi=28', '-range-max-rsi=80', '-range-p-ema=50,250', '-target-margin-list=1.0,1.5,2.0,2.5,3.0,3.5,4.0,4.5,5.0', '-log-level=WARNING']
2023-11-26 20:08:49;UNIUSDT;30m;1.0;200;30;74;100.0;2;105.02;['-batch-training', '-calc-rsi', '-verbose', '-prediction-mode=index', '-interval-list=30m', '-range-min-rsi=28', '-range-max-rsi=80', '-range-p-ema=50,250', '-target-margin-list=1.0,1.5,2.0,2.5,3.0,3.5,4.0,4.5,5.0', '-log-level=WARNING']
2023-11-26 19:48:33;UNIUSDT;30m;1.0;150;30;78;100.0;3;105.02;['-batch-training', '-calc-rsi', '-verbose', '-prediction-mode=index', '-interval-list=30m', '-range-min-rsi=28', '-range-max-rsi=80', '-range-p-ema=50,250', '-target-margin-list=1.0,1.5,2.0,2.5,3.0,3.5,4.0,4.5,5.0', '-log-level=WARNING']
2023-11-26 21:03:18;UNIUSDT;30m;1.0;75;30;78;100.0;3;105.02;['-batch-training', '-calc-rsi', '-verbose', '-prediction-mode=index', '-interval-list=30m', '-range-min-rsi=28', '-range-max-rsi=80', '-range-p-ema=50,250', '-target-margin-list=1.0,1.5,2.0,2.5,3.0,3.5,4.0,4.5,5.0', '-log-level=WARNING']
2023-11-26 20:37:55;UNIUSDT;30m;2.0;250;30;80;100.0;6;105.03;['-batch-training', '-calc-rsi', '-verbose', '-prediction-mode=index', '-interval-list=30m', '-range-min-rsi=28', '-range-max-rsi=80', '-range-p-ema=50,250', '-target-margin-list=1.0,1.5,2.0,2.5,3.0,3.5,4.0,4.5,5.0', '-log-level=WARNING']
2023-11-26 20:24:40;UNIUSDT;30m;2.0;225;30;80;100.0;6;105.03;['-batch-training', '-calc-rsi', '-verbose', '-prediction-mode=index', '-interval-list=30m', '-range-min-rsi=28', '-range-max-rsi=80', '-range-p-ema=50,250', '-target-margin-list=1.0,1.5,2.0,2.5,3.0,3.5,4.0,4.5,5.0', '-log-level=WARNING']
2023-11-26 21:07:17;UNIUSDT;30m;2.0;75;30;80;100.0;6;105.03;['-batch-training', '-calc-rsi', '-verbose', '-prediction-mode=index', '-interval-list=30m', '-range-min-rsi=28', '-range-max-rsi=80', '-range-p-ema=50,250', '-target-margin-list=1.0,1.5,2.0,2.5,3.0,3.5,4.0,4.5,5.0', '-log-level=WARNING']
2023-11-26 19:51:25;UNIUSDT;30m;2.0;150;30;80;100.0;6;105.03;['-batch-training', '-calc-rsi', '-verbose', '-prediction-mode=index', '-interval-list=30m', '-range-min-rsi=28', '-range-max-rsi=80', '-range-p-ema=50,250', '-target-margin-list=1.0,1.5,2.0,2.5,3.0,3.5,4.0,4.5,5.0', '-log-level=WARNING']
2023-11-26 20:51:59;UNIUSDT;30m;2.0;50;30;80;100.0;6;105.03;['-batch-training', '-calc-rsi', '-verbose', '-prediction-mode=index', '-interval-list=30m', '-range-min-rsi=28', '-range-max-rsi=80', '-range-p-ema=50,250', '-target-margin-list=1.0,1.5,2.0,2.5,3.0,3.5,4.0,4.5,5.0', '-log-level=WARNING']
2023-11-26 19:28:24;UNIUSDT;30m;2.0;100;30;80;100.0;6;105.03;['-batch-training', '-calc-rsi', '-verbose', '-prediction-mode=index', '-interval-list=30m', '-range-min-rsi=28', '-range-max-rsi=80', '-range-p-ema=50,250', '-target-margin-list=1.0,1.5,2.0,2.5,3.0,3.5,4.0,4.5,5.0', '-log-level=WARNING']
2023-11-26 19:39:53;UNIUSDT;30m;2.0;125;30;80;100.0;6;105.03;['-batch-training', '-calc-rsi', '-verbose', '-prediction-mode=index', '-interval-list=30m', '-range-min-rsi=28', '-range-max-rsi=80', '-range-p-ema=50,250', '-target-margin-list=1.0,1.5,2.0,2.5,3.0,3.5,4.0,4.5,5.0', '-log-level=WARNING']
2023-11-26 20:12:09;UNIUSDT;30m;2.0;200;30;80;100.0;6;105.03;['-batch-training', '-calc-rsi', '-verbose', '-prediction-mode=index', '-interval-list=30m', '-range-min-rsi=28', '-range-max-rsi=80', '-range-p-ema=50,250', '-target-margin-list=1.0,1.5,2.0,2.5,3.0,3.5,4.0,4.5,5.0', '-log-level=WARNING']
2023-11-26 20:01:45;UNIUSDT;30m;2.0;175;30;80;100.0;6;105.03;['-batch-training', '-calc-rsi', '-verbose', '-prediction-mode=index', '-interval-list=30m', '-range-min-rsi=28', '-range-max-rsi=80', '-range-p-ema=50,250', '-target-margin-list=1.0,1.5,2.0,2.5,3.0,3.5,4.0,4.5,5.0', '-log-level=WARNING']
2023-11-26 20:43:56;UNIUSDT;30m;4.0;250;36;78;100.0;3;105.04;['-batch-training', '-calc-rsi', '-verbose', '-prediction-mode=index', '-interval-list=30m', '-range-min-rsi=28', '-range-max-rsi=80', '-range-p-ema=50,250', '-target-margin-list=1.0,1.5,2.0,2.5,3.0,3.5,4.0,4.5,5.0', '-log-level=WARNING']
2023-11-26 20:30:21;UNIUSDT;30m;4.0;225;36;78;100.0;3;105.04;['-batch-training', '-calc-rsi', '-verbose', '-prediction-mode=index', '-interval-list=30m', '-range-min-rsi=28', '-range-max-rsi=80', '-range-p-ema=50,250', '-target-margin-list=1.0,1.5,2.0,2.5,3.0,3.5,4.0,4.5,5.0', '-log-level=WARNING']
2023-11-26 20:01:39;UNIUSDT;30m;2.0;175;36;78;100.0;6;105.05;['-batch-training', '-calc-rsi', '-verbose', '-prediction-mode=index', '-interval-list=30m', '-range-min-rsi=28', '-range-max-rsi=80', '-range-p-ema=50,250', '-target-margin-list=1.0,1.5,2.0,2.5,3.0,3.5,4.0,4.5,5.0', '-log-level=WARNING']
2023-11-26 19:48:36;UNIUSDT;30m;1.0;150;32;78;100.0;5;105.08;['-batch-training', '-calc-rsi', '-verbose', '-prediction-mode=index', '-interval-list=30m', '-range-min-rsi=28', '-range-max-rsi=80', '-range-p-ema=50,250', '-target-margin-list=1.0,1.5,2.0,2.5,3.0,3.5,4.0,4.5,5.0', '-log-level=WARNING']
2023-11-26 19:28:11;UNIUSDT;30m;2.0;100;32;78;100.0;7;105.1;['-batch-training', '-calc-rsi', '-verbose', '-prediction-mode=index', '-interval-list=30m', '-range-min-rsi=28', '-range-max-rsi=80', '-range-p-ema=50,250', '-target-margin-list=1.0,1.5,2.0,2.5,3.0,3.5,4.0,4.5,5.0', '-log-level=WARNING']
2023-11-26 19:39:41;UNIUSDT;30m;2.0;125;32;78;100.0;7;105.1;['-batch-training', '-calc-rsi', '-verbose', '-prediction-mode=index', '-interval-list=30m', '-range-min-rsi=28', '-range-max-rsi=80', '-range-p-ema=50,250', '-target-margin-list=1.0,1.5,2.0,2.5,3.0,3.5,4.0,4.5,5.0', '-log-level=WARNING']
2023-11-26 20:51:43;UNIUSDT;30m;2.0;50;32;78;100.0;7;105.1;['-batch-training', '-calc-rsi', '-verbose', '-prediction-mode=index', '-interval-list=30m', '-range-min-rsi=28', '-range-max-rsi=80', '-range-p-ema=50,250', '-target-margin-list=1.0,1.5,2.0,2.5,3.0,3.5,4.0,4.5,5.0', '-log-level=WARNING']
2023-11-26 20:47:18;UNIUSDT;30m;5.0;250;34;80;100.0;3;105.1;['-batch-training', '-calc-rsi', '-verbose', '-prediction-mode=index', '-interval-list=30m', '-range-min-rsi=28', '-range-max-rsi=80', '-range-p-ema=50,250', '-target-margin-list=1.0,1.5,2.0,2.5,3.0,3.5,4.0,4.5,5.0', '-log-level=WARNING']
2023-11-26 20:33:32;UNIUSDT;30m;5.0;225;34;80;100.0;3;105.1;['-batch-training', '-calc-rsi', '-verbose', '-prediction-mode=index', '-interval-list=30m', '-range-min-rsi=28', '-range-max-rsi=80', '-range-p-ema=50,250', '-target-margin-list=1.0,1.5,2.0,2.5,3.0,3.5,4.0,4.5,5.0', '-log-level=WARNING']
2023-11-26 21:06:58;UNIUSDT;30m;2.0;75;32;78;100.0;7;105.1;['-batch-training', '-calc-rsi', '-verbose', '-prediction-mode=index', '-interval-list=30m', '-range-min-rsi=28', '-range-max-rsi=80', '-range-p-ema=50,250', '-target-margin-list=1.0,1.5,2.0,2.5,3.0,3.5,4.0,4.5,5.0', '-log-level=WARNING']
2023-11-26 20:20:33;UNIUSDT;30m;1.0;225;28;72;100.0;3;105.11;['-batch-training', '-calc-rsi', '-verbose', '-prediction-mode=index', '-interval-list=30m', '-range-min-rsi=28', '-range-max-rsi=80', '-range-p-ema=50,250', '-target-margin-list=1.0,1.5,2.0,2.5,3.0,3.5,4.0,4.5,5.0', '-log-level=WARNING']
2023-11-26 21:01:24;UNIUSDT;30m;5.0;50;34;76;100.0;3;105.13;['-batch-training', '-calc-rsi', '-verbose', '-prediction-mode=index', '-interval-list=30m', '-range-min-rsi=28', '-range-max-rsi=80', '-range-p-ema=50,250', '-target-margin-list=1.0,1.5,2.0,2.5,3.0,3.5,4.0,4.5,5.0', '-log-level=WARNING']
2023-11-26 19:47:07;UNIUSDT;30m;5.0;125;34;76;100.0;3;105.13;['-batch-training', '-calc-rsi', '-verbose', '-prediction-mode=index', '-interval-list=30m', '-range-min-rsi=28', '-range-max-rsi=80', '-range-p-ema=50,250', '-target-margin-list=1.0,1.5,2.0,2.5,3.0,3.5,4.0,4.5,5.0', '-log-level=WARNING']
2023-11-26 21:16:40;UNIUSDT;30m;5.0;75;34;76;100.0;3;105.13;['-batch-training', '-calc-rsi', '-verbose', '-prediction-mode=index', '-interval-list=30m', '-range-min-rsi=28', '-range-max-rsi=80', '-range-p-ema=50,250', '-target-margin-list=1.0,1.5,2.0,2.5,3.0,3.5,4.0,4.5,5.0', '-log-level=WARNING']
2023-11-26 19:35:32;UNIUSDT;30m;5.0;100;34;76;100.0;3;105.13;['-batch-training', '-calc-rsi', '-verbose', '-prediction-mode=index', '-interval-list=30m', '-range-min-rsi=28', '-range-max-rsi=80', '-range-p-ema=50,250', '-target-margin-list=1.0,1.5,2.0,2.5,3.0,3.5,4.0,4.5,5.0', '-log-level=WARNING']
2023-11-26 19:48:37;UNIUSDT;30m;1.0;150;32;78;100.0;6;105.13;['-batch-training', '-calc-rsi', '-verbose', '-prediction-mode=index', '-interval-list=30m', '-range-min-rsi=28', '-range-max-rsi=80', '-range-p-ema=50,250', '-target-margin-list=1.0,1.5,2.0,2.5,3.0,3.5,4.0,4.5,5.0', '-log-level=WARNING']
2023-11-26 20:10:49;UNIUSDT;30m;1.5;200;30;80;100.0;4;105.14;['-batch-training', '-calc-rsi', '-verbose', '-prediction-mode=index', '-interval-list=30m', '-range-min-rsi=28', '-range-max-rsi=80', '-range-p-ema=50,250', '-target-margin-list=1.0,1.5,2.0,2.5,3.0,3.5,4.0,4.5,5.0', '-log-level=WARNING']
2023-11-26 20:20:34;UNIUSDT;30m;1.0;225;28;72;100.0;4;105.14;['-batch-training', '-calc-rsi', '-verbose', '-prediction-mode=index', '-interval-list=30m', '-range-min-rsi=28', '-range-max-rsi=80', '-range-p-ema=50,250', '-target-margin-list=1.0,1.5,2.0,2.5,3.0,3.5,4.0,4.5,5.0', '-log-level=WARNING']
2023-11-26 20:23:14;UNIUSDT;30m;1.5;225;30;80;100.0;4;105.14;['-batch-training', '-calc-rsi', '-verbose', '-prediction-mode=index', '-interval-list=30m', '-range-min-rsi=28', '-range-max-rsi=80', '-range-p-ema=50,250', '-target-margin-list=1.0,1.5,2.0,2.5,3.0,3.5,4.0,4.5,5.0', '-log-level=WARNING']
2023-11-26 20:35:28;UNIUSDT;30m;1.5;250;28;74;100.0;7;105.14;['-batch-training', '-calc-rsi', '-verbose', '-prediction-mode=index', '-interval-list=30m', '-range-min-rsi=28', '-range-max-rsi=80', '-range-p-ema=50,250', '-target-margin-list=1.0,1.5,2.0,2.5,3.0,3.5,4.0,4.5,5.0', '-log-level=WARNING']
2023-11-26 20:00:04;UNIUSDT;30m;1.5;175;36;74;100.0;3;105.14;['-batch-training', '-calc-rsi', '-verbose', '-prediction-mode=index', '-interval-list=30m', '-range-min-rsi=28', '-range-max-rsi=80', '-range-p-ema=50,250', '-target-margin-list=1.0,1.5,2.0,2.5,3.0,3.5,4.0,4.5,5.0', '-log-level=WARNING']
2023-11-26 20:00:37;UNIUSDT;30m;1.5;175;30;80;100.0;4;105.14;['-batch-training', '-calc-rsi', '-verbose', '-prediction-mode=index', '-interval-list=30m', '-range-min-rsi=28', '-range-max-rsi=80', '-range-p-ema=50,250', '-target-margin-list=1.0,1.5,2.0,2.5,3.0,3.5,4.0,4.5,5.0', '-log-level=WARNING']
2023-11-26 20:49:55;UNIUSDT;30m;1.5;50;36;76;100.0;2;105.15;['-batch-training', '-calc-rsi', '-verbose', '-prediction-mode=index', '-interval-list=30m', '-range-min-rsi=28', '-range-max-rsi=80', '-range-p-ema=50,250', '-target-margin-list=1.0,1.5,2.0,2.5,3.0,3.5,4.0,4.5,5.0', '-log-level=WARNING']
2023-11-26 19:26:45;UNIUSDT;30m;1.5;100;36;76;100.0;2;105.15;['-batch-training', '-calc-rsi', '-verbose', '-prediction-mode=index', '-interval-list=30m', '-range-min-rsi=28', '-range-max-rsi=80', '-range-p-ema=50,250', '-target-margin-list=1.0,1.5,2.0,2.5,3.0,3.5,4.0,4.5,5.0', '-log-level=WARNING']
2023-11-26 21:04:56;UNIUSDT;30m;1.5;75;36;76;100.0;2;105.15;['-batch-training', '-calc-rsi', '-verbose', '-prediction-mode=index', '-interval-list=30m', '-range-min-rsi=28', '-range-max-rsi=80', '-range-p-ema=50,250', '-target-margin-list=1.0,1.5,2.0,2.5,3.0,3.5,4.0,4.5,5.0', '-log-level=WARNING']
2023-11-26 19:48:55;UNIUSDT;30m;1.0;150;34;80;100.0;6;105.15;['-batch-training', '-calc-rsi', '-verbose', '-prediction-mode=index', '-interval-list=30m', '-range-min-rsi=28', '-range-max-rsi=80', '-range-p-ema=50,250', '-target-margin-list=1.0,1.5,2.0,2.5,3.0,3.5,4.0,4.5,5.0', '-log-level=WARNING']
2023-11-26 19:38:14;UNIUSDT;30m;1.5;125;36;76;100.0;2;105.15;['-batch-training', '-calc-rsi', '-verbose', '-prediction-mode=index', '-interval-list=30m', '-range-min-rsi=28', '-range-max-rsi=80', '-range-p-ema=50,250', '-target-margin-list=1.0,1.5,2.0,2.5,3.0,3.5,4.0,4.5,5.0', '-log-level=WARNING']
2023-11-26 20:10:12;UNIUSDT;30m;1.5;200;36;74;100.0;3;105.15;['-batch-training', '-calc-rsi', '-verbose', '-prediction-mode=index', '-interval-list=30m', '-range-min-rsi=28', '-range-max-rsi=80', '-range-p-ema=50,250', '-target-margin-list=1.0,1.5,2.0,2.5,3.0,3.5,4.0,4.5,5.0', '-log-level=WARNING']
2023-11-26 19:49:27;UNIUSDT;30m;1.5;150;34;74;100.0;3;105.19;['-batch-training', '-calc-rsi', '-verbose', '-prediction-mode=index', '-interval-list=30m', '-range-min-rsi=28', '-range-max-rsi=80', '-range-p-ema=50,250', '-target-margin-list=1.0,1.5,2.0,2.5,3.0,3.5,4.0,4.5,5.0', '-log-level=WARNING']
2023-11-26 20:45:11;UNIUSDT;30m;4.5;250;36;76;100.0;3;105.19;['-batch-training', '-calc-rsi', '-verbose', '-prediction-mode=index', '-interval-list=30m', '-range-min-rsi=28', '-range-max-rsi=80', '-range-p-ema=50,250', '-target-margin-list=1.0,1.5,2.0,2.5,3.0,3.5,4.0,4.5,5.0', '-log-level=WARNING']
2023-11-26 20:31:31;UNIUSDT;30m;4.5;225;36;76;100.0;3;105.19;['-batch-training', '-calc-rsi', '-verbose', '-prediction-mode=index', '-interval-list=30m', '-range-min-rsi=28', '-range-max-rsi=80', '-range-p-ema=50,250', '-target-margin-list=1.0,1.5,2.0,2.5,3.0,3.5,4.0,4.5,5.0', '-log-level=WARNING']
2023-11-26 20:09:38;UNIUSDT;30m;1.0;200;34;80;100.0;4;105.2;['-batch-training', '-calc-rsi', '-verbose', '-prediction-mode=index', '-interval-list=30m', '-range-min-rsi=28', '-range-max-rsi=80', '-range-p-ema=50,250', '-target-margin-list=1.0,1.5,2.0,2.5,3.0,3.5,4.0,4.5,5.0', '-log-level=WARNING']
2023-11-26 19:50:23;UNIUSDT;30m;2.0;150;30;72;100.0;3;105.21;['-batch-training', '-calc-rsi', '-verbose', '-prediction-mode=index', '-interval-list=30m', '-range-min-rsi=28', '-range-max-rsi=80', '-range-p-ema=50,250', '-target-margin-list=1.0,1.5,2.0,2.5,3.0,3.5,4.0,4.5,5.0', '-log-level=WARNING']
2023-11-26 19:38:51;UNIUSDT;30m;2.0;125;30;72;100.0;3;105.21;['-batch-training', '-calc-rsi', '-verbose', '-prediction-mode=index', '-interval-list=30m', '-range-min-rsi=28', '-range-max-rsi=80', '-range-p-ema=50,250', '-target-margin-list=1.0,1.5,2.0,2.5,3.0,3.5,4.0,4.5,5.0', '-log-level=WARNING']
2023-11-26 20:50:41;UNIUSDT;30m;2.0;50;30;72;100.0;3;105.21;['-batch-training', '-calc-rsi', '-verbose', '-prediction-mode=index', '-interval-list=30m', '-range-min-rsi=28', '-range-max-rsi=80', '-range-p-ema=50,250', '-target-margin-list=1.0,1.5,2.0,2.5,3.0,3.5,4.0,4.5,5.0', '-log-level=WARNING']
2023-11-26 21:05:49;UNIUSDT;30m;2.0;75;30;72;100.0;3;105.21;['-batch-training', '-calc-rsi', '-verbose', '-prediction-mode=index', '-interval-list=30m', '-range-min-rsi=28', '-range-max-rsi=80', '-range-p-ema=50,250', '-target-margin-list=1.0,1.5,2.0,2.5,3.0,3.5,4.0,4.5,5.0', '-log-level=WARNING']
2023-11-26 19:27:22;UNIUSDT;30m;2.0;100;30;72;100.0;3;105.21;['-batch-training', '-calc-rsi', '-verbose', '-prediction-mode=index', '-interval-list=30m', '-range-min-rsi=28', '-range-max-rsi=80', '-range-p-ema=50,250', '-target-margin-list=1.0,1.5,2.0,2.5,3.0,3.5,4.0,4.5,5.0', '-log-level=WARNING']
2023-11-26 19:58:41;UNIUSDT;30m;1.0;175;36;72;100.0;7;105.21;['-batch-training', '-calc-rsi', '-verbose', '-prediction-mode=index', '-interval-list=30m', '-range-min-rsi=28', '-range-max-rsi=80', '-range-p-ema=50,250', '-target-margin-list=1.0,1.5,2.0,2.5,3.0,3.5,4.0,4.5,5.0', '-log-level=WARNING']
2023-11-26 20:08:44;UNIUSDT;30m;1.0;200;36;72;100.0;7;105.23;['-batch-training', '-calc-rsi', '-verbose', '-prediction-mode=index', '-interval-list=30m', '-range-min-rsi=28', '-range-max-rsi=80', '-range-p-ema=50,250', '-target-margin-list=1.0,1.5,2.0,2.5,3.0,3.5,4.0,4.5,5.0', '-log-level=WARNING']
2023-11-26 20:34:45;UNIUSDT;30m;1.0;250;34;78;100.0;6;105.25;['-batch-training', '-calc-rsi', '-verbose', '-prediction-mode=index', '-interval-list=30m', '-range-min-rsi=28', '-range-max-rsi=80', '-range-p-ema=50,250', '-target-margin-list=1.0,1.5,2.0,2.5,3.0,3.5,4.0,4.5,5.0', '-log-level=WARNING']
2023-11-26 20:21:40;UNIUSDT;30m;1.0;225;36;78;100.0;6;105.25;['-batch-training', '-calc-rsi', '-verbose', '-prediction-mode=index', '-interval-list=30m', '-range-min-rsi=28', '-range-max-rsi=80', '-range-p-ema=50,250', '-target-margin-list=1.0,1.5,2.0,2.5,3.0,3.5,4.0,4.5,5.0', '-log-level=WARNING']
2023-11-26 20:11:08;UNIUSDT;30m;2.0;200;32;72;100.0;3;105.26;['-batch-training', '-calc-rsi', '-verbose', '-prediction-mode=index', '-interval-list=30m', '-range-min-rsi=28', '-range-max-rsi=80', '-range-p-ema=50,250', '-target-margin-list=1.0,1.5,2.0,2.5,3.0,3.5,4.0,4.5,5.0', '-log-level=WARNING']
2023-11-26 20:41:06;UNIUSDT;30m;3.0;250;34;80;100.0;5;105.26;['-batch-training', '-calc-rsi', '-verbose', '-prediction-mode=index', '-interval-list=30m', '-range-min-rsi=28', '-range-max-rsi=80', '-range-p-ema=50,250', '-target-margin-list=1.0,1.5,2.0,2.5,3.0,3.5,4.0,4.5,5.0', '-log-level=WARNING']
2023-11-26 20:42:05;UNIUSDT;30m;3.5;250;36;76;100.0;4;105.27;['-batch-training', '-calc-rsi', '-verbose', '-prediction-mode=index', '-interval-list=30m', '-range-min-rsi=28', '-range-max-rsi=80', '-range-p-ema=50,250', '-target-margin-list=1.0,1.5,2.0,2.5,3.0,3.5,4.0,4.5,5.0', '-log-level=WARNING']
2023-11-26 20:00:29;UNIUSDT;30m;1.5;175;34;78;100.0;6;105.28;['-batch-training', '-calc-rsi', '-verbose', '-prediction-mode=index', '-interval-list=30m', '-range-min-rsi=28', '-range-max-rsi=80', '-range-p-ema=50,250', '-target-margin-list=1.0,1.5,2.0,2.5,3.0,3.5,4.0,4.5,5.0', '-log-level=WARNING']
2023-11-26 19:39:10;UNIUSDT;30m;2.0;125;32;74;100.0;6;105.32;['-batch-training', '-calc-rsi', '-verbose', '-prediction-mode=index', '-interval-list=30m', '-range-min-rsi=28', '-range-max-rsi=80', '-range-p-ema=50,250', '-target-margin-list=1.0,1.5,2.0,2.5,3.0,3.5,4.0,4.5,5.0', '-log-level=WARNING']
2023-11-26 19:27:41;UNIUSDT;30m;2.0;100;32;74;100.0;6;105.32;['-batch-training', '-calc-rsi', '-verbose', '-prediction-mode=index', '-interval-list=30m', '-range-min-rsi=28', '-range-max-rsi=80', '-range-p-ema=50,250', '-target-margin-list=1.0,1.5,2.0,2.5,3.0,3.5,4.0,4.5,5.0', '-log-level=WARNING']
2023-11-26 20:51:04;UNIUSDT;30m;2.0;50;32;74;100.0;6;105.32;['-batch-training', '-calc-rsi', '-verbose', '-prediction-mode=index', '-interval-list=30m', '-range-min-rsi=28', '-range-max-rsi=80', '-range-p-ema=50,250', '-target-margin-list=1.0,1.5,2.0,2.5,3.0,3.5,4.0,4.5,5.0', '-log-level=WARNING']
2023-11-26 21:06:15;UNIUSDT;30m;2.0;75;32;74;100.0;6;105.32;['-batch-training', '-calc-rsi', '-verbose', '-prediction-mode=index', '-interval-list=30m', '-range-min-rsi=28', '-range-max-rsi=80', '-range-p-ema=50,250', '-target-margin-list=1.0,1.5,2.0,2.5,3.0,3.5,4.0,4.5,5.0', '-log-level=WARNING']
2023-11-26 20:38:07;UNIUSDT;30m;2.0;250;36;80;100.0;2;105.33;['-batch-training', '-calc-rsi', '-verbose', '-prediction-mode=index', '-interval-list=30m', '-range-min-rsi=28', '-range-max-rsi=80', '-range-p-ema=50,250', '-target-margin-list=1.0,1.5,2.0,2.5,3.0,3.5,4.0,4.5,5.0', '-log-level=WARNING']
2023-11-26 19:52:05;UNIUSDT;30m;2.5;150;36;74;100.0;2;105.33;['-batch-training', '-calc-rsi', '-verbose', '-prediction-mode=index', '-interval-list=30m', '-range-min-rsi=28', '-range-max-rsi=80', '-range-p-ema=50,250', '-target-margin-list=1.0,1.5,2.0,2.5,3.0,3.5,4.0,4.5,5.0', '-log-level=WARNING']
2023-11-26 20:31:28;UNIUSDT;30m;4.5;225;34;76;100.0;3;105.34;['-batch-training', '-calc-rsi', '-verbose', '-prediction-mode=index', '-interval-list=30m', '-range-min-rsi=28', '-range-max-rsi=80', '-range-p-ema=50,250', '-target-margin-list=1.0,1.5,2.0,2.5,3.0,3.5,4.0,4.5,5.0', '-log-level=WARNING']
2023-11-26 20:45:07;UNIUSDT;30m;4.5;250;34;76;100.0;3;105.34;['-batch-training', '-calc-rsi', '-verbose', '-prediction-mode=index', '-interval-list=30m', '-range-min-rsi=28', '-range-max-rsi=80', '-range-p-ema=50,250', '-target-margin-list=1.0,1.5,2.0,2.5,3.0,3.5,4.0,4.5,5.0', '-log-level=WARNING']
2023-11-26 20:22:49;UNIUSDT;30m;1.5;225;36;76;100.0;7;105.36;['-batch-training', '-calc-rsi', '-verbose', '-prediction-mode=index', '-interval-list=30m', '-range-min-rsi=28', '-range-max-rsi=80', '-range-p-ema=50,250', '-target-margin-list=1.0,1.5,2.0,2.5,3.0,3.5,4.0,4.5,5.0', '-log-level=WARNING']
2023-11-26 20:36:54;UNIUSDT;30m;2.0;250;36;72;100.0;2;105.38;['-batch-training', '-calc-rsi', '-verbose', '-prediction-mode=index', '-interval-list=30m', '-range-min-rsi=28', '-range-max-rsi=80', '-range-p-ema=50,250', '-target-margin-list=1.0,1.5,2.0,2.5,3.0,3.5,4.0,4.5,5.0', '-log-level=WARNING']
2023-11-26 19:58:50;UNIUSDT;30m;1.0;175;32;74;100.0;7;105.39;['-batch-training', '-calc-rsi', '-verbose', '-prediction-mode=index', '-interval-list=30m', '-range-min-rsi=28', '-range-max-rsi=80', '-range-p-ema=50,250', '-target-margin-list=1.0,1.5,2.0,2.5,3.0,3.5,4.0,4.5,5.0', '-log-level=WARNING']
2023-11-26 20:08:32;UNIUSDT;30m;1.0;200;28;72;100.0;5;105.4;['-batch-training', '-calc-rsi', '-verbose', '-prediction-mode=index', '-interval-list=30m', '-range-min-rsi=28', '-range-max-rsi=80', '-range-p-ema=50,250', '-target-margin-list=1.0,1.5,2.0,2.5,3.0,3.5,4.0,4.5,5.0', '-log-level=WARNING']
2023-11-26 20:08:52;UNIUSDT;30m;1.0;200;32;74;100.0;7;105.4;['-batch-training', '-calc-rsi', '-verbose', '-prediction-mode=index', '-interval-list=30m', '-range-min-rsi=28', '-range-max-rsi=80', '-range-p-ema=50,250', '-target-margin-list=1.0,1.5,2.0,2.5,3.0,3.5,4.0,4.5,5.0', '-log-level=WARNING']
2023-11-26 21:02:12;UNIUSDT;30m;1.0;75;28;72;100.0;5;105.4;['-batch-training', '-calc-rsi', '-verbose', '-prediction-mode=index', '-interval-list=30m', '-range-min-rsi=28', '-range-max-rsi=80', '-range-p-ema=50,250', '-target-margin-list=1.0,1.5,2.0,2.5,3.0,3.5,4.0,4.5,5.0', '-log-level=WARNING']
2023-11-26 20:20:58;UNIUSDT;30m;1.0;225;32;74;100.0;7;105.4;['-batch-training', '-calc-rsi', '-verbose', '-prediction-mode=index', '-interval-list=30m', '-range-min-rsi=28', '-range-max-rsi=80', '-range-p-ema=50,250', '-target-margin-list=1.0,1.5,2.0,2.5,3.0,3.5,4.0,4.5,5.0', '-log-level=WARNING']
2023-11-26 19:36:09;UNIUSDT;30m;1.0;125;28;72;100.0;5;105.4;['-batch-training', '-calc-rsi', '-verbose', '-prediction-mode=index', '-interval-list=30m', '-range-min-rsi=28', '-range-max-rsi=80', '-range-p-ema=50,250', '-target-margin-list=1.0,1.5,2.0,2.5,3.0,3.5,4.0,4.5,5.0', '-log-level=WARNING']
2023-11-26 20:20:34;UNIUSDT;30m;1.0;225;28;72;100.0;5;105.4;['-batch-training', '-calc-rsi', '-verbose', '-prediction-mode=index', '-interval-list=30m', '-range-min-rsi=28', '-range-max-rsi=80', '-range-p-ema=50,250', '-target-margin-list=1.0,1.5,2.0,2.5,3.0,3.5,4.0,4.5,5.0', '-log-level=WARNING']
2023-11-26 19:58:30;UNIUSDT;30m;1.0;175;28;72;100.0;5;105.4;['-batch-training', '-calc-rsi', '-verbose', '-prediction-mode=index', '-interval-list=30m', '-range-min-rsi=28', '-range-max-rsi=80', '-range-p-ema=50,250', '-target-margin-list=1.0,1.5,2.0,2.5,3.0,3.5,4.0,4.5,5.0', '-log-level=WARNING']
2023-11-26 19:24:42;UNIUSDT;30m;1.0;100;28;72;100.0;5;105.4;['-batch-training', '-calc-rsi', '-verbose', '-prediction-mode=index', '-interval-list=30m', '-range-min-rsi=28', '-range-max-rsi=80', '-range-p-ema=50,250', '-target-margin-list=1.0,1.5,2.0,2.5,3.0,3.5,4.0,4.5,5.0', '-log-level=WARNING']
2023-11-26 19:47:43;UNIUSDT;30m;1.0;150;28;72;100.0;5;105.4;['-batch-training', '-calc-rsi', '-verbose', '-prediction-mode=index', '-interval-list=30m', '-range-min-rsi=28', '-range-max-rsi=80', '-range-p-ema=50,250', '-target-margin-list=1.0,1.5,2.0,2.5,3.0,3.5,4.0,4.5,5.0', '-log-level=WARNING']
2023-11-26 20:47:26;UNIUSDT;30m;1.0;50;28;72;100.0;5;105.4;['-batch-training', '-calc-rsi', '-verbose', '-prediction-mode=index', '-interval-list=30m', '-range-min-rsi=28', '-range-max-rsi=80', '-range-p-ema=50,250', '-target-margin-list=1.0,1.5,2.0,2.5,3.0,3.5,4.0,4.5,5.0', '-log-level=WARNING']
2023-11-26 19:48:27;UNIUSDT;30m;1.0;150;36;76;100.0;2;105.41;['-batch-training', '-calc-rsi', '-verbose', '-prediction-mode=index', '-interval-list=30m', '-range-min-rsi=28', '-range-max-rsi=80', '-range-p-ema=50,250', '-target-margin-list=1.0,1.5,2.0,2.5,3.0,3.5,4.0,4.5,5.0', '-log-level=WARNING']
2023-11-26 20:33:53;UNIUSDT;30m;1.0;250;36;72;100.0;2;105.41;['-batch-training', '-calc-rsi', '-verbose', '-prediction-mode=index', '-interval-list=30m', '-range-min-rsi=28', '-range-max-rsi=80', '-range-p-ema=50,250', '-target-margin-list=1.0,1.5,2.0,2.5,3.0,3.5,4.0,4.5,5.0', '-log-level=WARNING']
2023-11-26 20:11:47;UNIUSDT;30m;2.0;200;36;76;100.0;6;105.42;['-batch-training', '-calc-rsi', '-verbose', '-prediction-mode=index', '-interval-list=30m', '-range-min-rsi=28', '-range-max-rsi=80', '-range-p-ema=50,250', '-target-margin-list=1.0,1.5,2.0,2.5,3.0,3.5,4.0,4.5,5.0', '-log-level=WARNING']
2023-11-26 20:22:12;UNIUSDT;30m;1.5;225;34;72;100.0;4;105.43;['-batch-training', '-calc-rsi', '-verbose', '-prediction-mode=index', '-interval-list=30m', '-range-min-rsi=28', '-range-max-rsi=80', '-range-p-ema=50,250', '-target-margin-list=1.0,1.5,2.0,2.5,3.0,3.5,4.0,4.5,5.0', '-log-level=WARNING']
2023-11-26 20:50:06;UNIUSDT;30m;1.5;50;32;78;100.0;5;105.44;['-batch-training', '-calc-rsi', '-verbose', '-prediction-mode=index', '-interval-list=30m', '-range-min-rsi=28', '-range-max-rsi=80', '-range-p-ema=50,250', '-target-margin-list=1.0,1.5,2.0,2.5,3.0,3.5,4.0,4.5,5.0', '-log-level=WARNING']
2023-11-26 21:05:11;UNIUSDT;30m;1.5;75;32;78;100.0;5;105.44;['-batch-training', '-calc-rsi', '-verbose', '-prediction-mode=index', '-interval-list=30m', '-range-min-rsi=28', '-range-max-rsi=80', '-range-p-ema=50,250', '-target-margin-list=1.0,1.5,2.0,2.5,3.0,3.5,4.0,4.5,5.0', '-log-level=WARNING']
2023-11-26 19:26:54;UNIUSDT;30m;1.5;100;32;78;100.0;5;105.44;['-batch-training', '-calc-rsi', '-verbose', '-prediction-mode=index', '-interval-list=30m', '-range-min-rsi=28', '-range-max-rsi=80', '-range-p-ema=50,250', '-target-margin-list=1.0,1.5,2.0,2.5,3.0,3.5,4.0,4.5,5.0', '-log-level=WARNING']
2023-11-26 19:38:23;UNIUSDT;30m;1.5;125;32;78;100.0;5;105.44;['-batch-training', '-calc-rsi', '-verbose', '-prediction-mode=index', '-interval-list=30m', '-range-min-rsi=28', '-range-max-rsi=80', '-range-p-ema=50,250', '-target-margin-list=1.0,1.5,2.0,2.5,3.0,3.5,4.0,4.5,5.0', '-log-level=WARNING']
2023-11-26 20:41:02;UNIUSDT;30m;3.0;250;32;80;100.0;5;105.46;['-batch-training', '-calc-rsi', '-verbose', '-prediction-mode=index', '-interval-list=30m', '-range-min-rsi=28', '-range-max-rsi=80', '-range-p-ema=50,250', '-target-margin-list=1.0,1.5,2.0,2.5,3.0,3.5,4.0,4.5,5.0', '-log-level=WARNING']
2023-11-26 20:14:53;UNIUSDT;30m;3.0;200;32;80;100.0;5;105.46;['-batch-training', '-calc-rsi', '-verbose', '-prediction-mode=index', '-interval-list=30m', '-range-min-rsi=28', '-range-max-rsi=80', '-range-p-ema=50,250', '-target-margin-list=1.0,1.5,2.0,2.5,3.0,3.5,4.0,4.5,5.0', '-log-level=WARNING']
2023-11-26 19:53:51;UNIUSDT;30m;3.0;150;32;80;100.0;5;105.46;['-batch-training', '-calc-rsi', '-verbose', '-prediction-mode=index', '-interval-list=30m', '-range-min-rsi=28', '-range-max-rsi=80', '-range-p-ema=50,250', '-target-margin-list=1.0,1.5,2.0,2.5,3.0,3.5,4.0,4.5,5.0', '-log-level=WARNING']
2023-11-26 20:27:37;UNIUSDT;30m;3.0;225;32;80;100.0;5;105.46;['-batch-training', '-calc-rsi', '-verbose', '-prediction-mode=index', '-interval-list=30m', '-range-min-rsi=28', '-range-max-rsi=80', '-range-p-ema=50,250', '-target-margin-list=1.0,1.5,2.0,2.5,3.0,3.5,4.0,4.5,5.0', '-log-level=WARNING']
2023-11-26 20:04:01;UNIUSDT;30m;3.0;175;32;80;100.0;5;105.46;['-batch-training', '-calc-rsi', '-verbose', '-prediction-mode=index', '-interval-list=30m', '-range-min-rsi=28', '-range-max-rsi=80', '-range-p-ema=50,250', '-target-margin-list=1.0,1.5,2.0,2.5,3.0,3.5,4.0,4.5,5.0', '-log-level=WARNING']
2023-11-26 19:48:43;UNIUSDT;30m;1.0;150;36;78;100.0;6;105.48;['-batch-training', '-calc-rsi', '-verbose', '-prediction-mode=index', '-interval-list=30m', '-range-min-rsi=28', '-range-max-rsi=80', '-range-p-ema=50,250', '-target-margin-list=1.0,1.5,2.0,2.5,3.0,3.5,4.0,4.5,5.0', '-log-level=WARNING']
2023-11-26 20:17:16;UNIUSDT;30m;4.0;200;30;78;100.0;3;105.51;['-batch-training', '-calc-rsi', '-verbose', '-prediction-mode=index', '-interval-list=30m', '-range-min-rsi=28', '-range-max-rsi=80', '-range-p-ema=50,250', '-target-margin-list=1.0,1.5,2.0,2.5,3.0,3.5,4.0,4.5,5.0', '-log-level=WARNING']
2023-11-26 21:03:44;UNIUSDT;30m;1.0;75;32;80;100.0;3;105.51;['-batch-training', '-calc-rsi', '-verbose', '-prediction-mode=index', '-interval-list=30m', '-range-min-rsi=28', '-range-max-rsi=80', '-range-p-ema=50,250', '-target-margin-list=1.0,1.5,2.0,2.5,3.0,3.5,4.0,4.5,5.0', '-log-level=WARNING']
2023-11-26 19:55:51;UNIUSDT;30m;4.0;150;30;78;100.0;3;105.51;['-batch-training', '-calc-rsi', '-verbose', '-prediction-mode=index', '-interval-list=30m', '-range-min-rsi=28', '-range-max-rsi=80', '-range-p-ema=50,250', '-target-margin-list=1.0,1.5,2.0,2.5,3.0,3.5,4.0,4.5,5.0', '-log-level=WARNING']
2023-11-26 21:14:00;UNIUSDT;30m;4.0;75;30;78;100.0;3;105.51;['-batch-training', '-calc-rsi', '-verbose', '-prediction-mode=index', '-interval-list=30m', '-range-min-rsi=28', '-range-max-rsi=80', '-range-p-ema=50,250', '-target-margin-list=1.0,1.5,2.0,2.5,3.0,3.5,4.0,4.5,5.0', '-log-level=WARNING']
2023-11-26 20:48:49;UNIUSDT;30m;1.0;50;32;80;100.0;3;105.51;['-batch-training', '-calc-rsi', '-verbose', '-prediction-mode=index', '-interval-list=30m', '-range-min-rsi=28', '-range-max-rsi=80', '-range-p-ema=50,250', '-target-margin-list=1.0,1.5,2.0,2.5,3.0,3.5,4.0,4.5,5.0', '-log-level=WARNING']
2023-11-26 19:44:42;UNIUSDT;30m;4.0;125;30;78;100.0;3;105.51;['-batch-training', '-calc-rsi', '-verbose', '-prediction-mode=index', '-interval-list=30m', '-range-min-rsi=28', '-range-max-rsi=80', '-range-p-ema=50,250', '-target-margin-list=1.0,1.5,2.0,2.5,3.0,3.5,4.0,4.5,5.0', '-log-level=WARNING']
2023-11-26 19:33:11;UNIUSDT;30m;4.0;100;30;78;100.0;3;105.51;['-batch-training', '-calc-rsi', '-verbose', '-prediction-mode=index', '-interval-list=30m', '-range-min-rsi=28', '-range-max-rsi=80', '-range-p-ema=50,250', '-target-margin-list=1.0,1.5,2.0,2.5,3.0,3.5,4.0,4.5,5.0', '-log-level=WARNING']
2023-11-26 20:30:11;UNIUSDT;30m;4.0;225;30;78;100.0;3;105.51;['-batch-training', '-calc-rsi', '-verbose', '-prediction-mode=index', '-interval-list=30m', '-range-min-rsi=28', '-range-max-rsi=80', '-range-p-ema=50,250', '-target-margin-list=1.0,1.5,2.0,2.5,3.0,3.5,4.0,4.5,5.0', '-log-level=WARNING']
2023-11-26 20:58:14;UNIUSDT;30m;4.0;50;30;78;100.0;3;105.51;['-batch-training', '-calc-rsi', '-verbose', '-prediction-mode=index', '-interval-list=30m', '-range-min-rsi=28', '-range-max-rsi=80', '-range-p-ema=50,250', '-target-margin-list=1.0,1.5,2.0,2.5,3.0,3.5,4.0,4.5,5.0', '-log-level=WARNING']
2023-11-26 20:05:57;UNIUSDT;30m;4.0;175;30;78;100.0;3;105.51;['-batch-training', '-calc-rsi', '-verbose', '-prediction-mode=index', '-interval-list=30m', '-range-min-rsi=28', '-range-max-rsi=80', '-range-p-ema=50,250', '-target-margin-list=1.0,1.5,2.0,2.5,3.0,3.5,4.0,4.5,5.0', '-log-level=WARNING']
2023-11-26 19:37:20;UNIUSDT;30m;1.0;125;32;80;100.0;3;105.51;['-batch-training', '-calc-rsi', '-verbose', '-prediction-mode=index', '-interval-list=30m', '-range-min-rsi=28', '-range-max-rsi=80', '-range-p-ema=50,250', '-target-margin-list=1.0,1.5,2.0,2.5,3.0,3.5,4.0,4.5,5.0', '-log-level=WARNING']
2023-11-26 20:43:45;UNIUSDT;30m;4.0;250;30;78;100.0;3;105.51;['-batch-training', '-calc-rsi', '-verbose', '-prediction-mode=index', '-interval-list=30m', '-range-min-rsi=28', '-range-max-rsi=80', '-range-p-ema=50,250', '-target-margin-list=1.0,1.5,2.0,2.5,3.0,3.5,4.0,4.5,5.0', '-log-level=WARNING']
2023-11-26 19:25:52;UNIUSDT;30m;1.0;100;32;80;100.0;3;105.51;['-batch-training', '-calc-rsi', '-verbose', '-prediction-mode=index', '-interval-list=30m', '-range-min-rsi=28', '-range-max-rsi=80', '-range-p-ema=50,250', '-target-margin-list=1.0,1.5,2.0,2.5,3.0,3.5,4.0,4.5,5.0', '-log-level=WARNING']
2023-11-26 19:48:40;UNIUSDT;30m;1.0;150;34;78;100.0;5;105.53;['-batch-training', '-calc-rsi', '-verbose', '-prediction-mode=index', '-interval-list=30m', '-range-min-rsi=28', '-range-max-rsi=80', '-range-p-ema=50,250', '-target-margin-list=1.0,1.5,2.0,2.5,3.0,3.5,4.0,4.5,5.0', '-log-level=WARNING']
2023-11-26 20:07:37;UNIUSDT;30m;5.0;175;36;72;100.0;7;105.54;['-batch-training', '-calc-rsi', '-verbose', '-prediction-mode=index', '-interval-list=30m', '-range-min-rsi=28', '-range-max-rsi=80', '-range-p-ema=50,250', '-target-margin-list=1.0,1.5,2.0,2.5,3.0,3.5,4.0,4.5,5.0', '-log-level=WARNING']
2023-11-26 20:32:24;UNIUSDT;30m;5.0;225;36;72;100.0;7;105.54;['-batch-training', '-calc-rsi', '-verbose', '-prediction-mode=index', '-interval-list=30m', '-range-min-rsi=28', '-range-max-rsi=80', '-range-p-ema=50,250', '-target-margin-list=1.0,1.5,2.0,2.5,3.0,3.5,4.0,4.5,5.0', '-log-level=WARNING']
2023-11-26 20:35:28;UNIUSDT;30m;1.5;250;28;74;100.0;2;105.54;['-batch-training', '-calc-rsi', '-verbose', '-prediction-mode=index', '-interval-list=30m', '-range-min-rsi=28', '-range-max-rsi=80', '-range-p-ema=50,250', '-target-margin-list=1.0,1.5,2.0,2.5,3.0,3.5,4.0,4.5,5.0', '-log-level=WARNING']
2023-11-26 20:46:07;UNIUSDT;30m;5.0;250;36;72;100.0;7;105.54;['-batch-training', '-calc-rsi', '-verbose', '-prediction-mode=index', '-interval-list=30m', '-range-min-rsi=28', '-range-max-rsi=80', '-range-p-ema=50,250', '-target-margin-list=1.0,1.5,2.0,2.5,3.0,3.5,4.0,4.5,5.0', '-log-level=WARNING']
2023-11-26 20:19:23;UNIUSDT;30m;5.0;200;36;72;100.0;7;105.54;['-batch-training', '-calc-rsi', '-verbose', '-prediction-mode=index', '-interval-list=30m', '-range-min-rsi=28', '-range-max-rsi=80', '-range-p-ema=50,250', '-target-margin-list=1.0,1.5,2.0,2.5,3.0,3.5,4.0,4.5,5.0', '-log-level=WARNING']
2023-11-26 19:59:23;UNIUSDT;30m;1.0;175;36;78;100.0;4;105.56;['-batch-training', '-calc-rsi', '-verbose', '-prediction-mode=index', '-interval-list=30m', '-range-min-rsi=28', '-range-max-rsi=80', '-range-p-ema=50,250', '-target-margin-list=1.0,1.5,2.0,2.5,3.0,3.5,4.0,4.5,5.0', '-log-level=WARNING']
2023-11-26 20:50:06;UNIUSDT;30m;1.5;50;32;78;100.0;2;105.57;['-batch-training', '-calc-rsi', '-verbose', '-prediction-mode=index', '-interval-list=30m', '-range-min-rsi=28', '-range-max-rsi=80', '-range-p-ema=50,250', '-target-margin-list=1.0,1.5,2.0,2.5,3.0,3.5,4.0,4.5,5.0', '-log-level=WARNING']
2023-11-26 19:26:54;UNIUSDT;30m;1.5;100;32;78;100.0;2;105.57;['-batch-training', '-calc-rsi', '-verbose', '-prediction-mode=index', '-interval-list=30m', '-range-min-rsi=28', '-range-max-rsi=80', '-range-p-ema=50,250', '-target-margin-list=1.0,1.5,2.0,2.5,3.0,3.5,4.0,4.5,5.0', '-log-level=WARNING']
2023-11-26 21:05:10;UNIUSDT;30m;1.5;75;32;78;100.0;2;105.57;['-batch-training', '-calc-rsi', '-verbose', '-prediction-mode=index', '-interval-list=30m', '-range-min-rsi=28', '-range-max-rsi=80', '-range-p-ema=50,250', '-target-margin-list=1.0,1.5,2.0,2.5,3.0,3.5,4.0,4.5,5.0', '-log-level=WARNING']
2023-11-26 19:38:23;UNIUSDT;30m;1.5;125;32;78;100.0;2;105.57;['-batch-training', '-calc-rsi', '-verbose', '-prediction-mode=index', '-interval-list=30m', '-range-min-rsi=28', '-range-max-rsi=80', '-range-p-ema=50,250', '-target-margin-list=1.0,1.5,2.0,2.5,3.0,3.5,4.0,4.5,5.0', '-log-level=WARNING']
2023-11-26 19:37:04;UNIUSDT;30m;1.0;125;32;78;100.0;4;105.63;['-batch-training', '-calc-rsi', '-verbose', '-prediction-mode=index', '-interval-list=30m', '-range-min-rsi=28', '-range-max-rsi=80', '-range-p-ema=50,250', '-target-margin-list=1.0,1.5,2.0,2.5,3.0,3.5,4.0,4.5,5.0', '-log-level=WARNING']
2023-11-26 21:03:23;UNIUSDT;30m;1.0;75;32;78;100.0;4;105.63;['-batch-training', '-calc-rsi', '-verbose', '-prediction-mode=index', '-interval-list=30m', '-range-min-rsi=28', '-range-max-rsi=80', '-range-p-ema=50,250', '-target-margin-list=1.0,1.5,2.0,2.5,3.0,3.5,4.0,4.5,5.0', '-log-level=WARNING']
2023-11-26 20:54:58;UNIUSDT;30m;3.0;50;30;78;100.0;4;105.63;['-batch-training', '-calc-rsi', '-verbose', '-prediction-mode=index', '-interval-list=30m', '-range-min-rsi=28', '-range-max-rsi=80', '-range-p-ema=50,250', '-target-margin-list=1.0,1.5,2.0,2.5,3.0,3.5,4.0,4.5,5.0', '-log-level=WARNING']
2023-11-26 19:51:16;UNIUSDT;30m;2.0;150;34;78;100.0;2;105.63;['-batch-training', '-calc-rsi', '-verbose', '-prediction-mode=index', '-interval-list=30m', '-range-min-rsi=28', '-range-max-rsi=80', '-range-p-ema=50,250', '-target-margin-list=1.0,1.5,2.0,2.5,3.0,3.5,4.0,4.5,5.0', '-log-level=WARNING']
2023-11-26 19:30:41;UNIUSDT;30m;3.0;100;30;78;100.0;4;105.63;['-batch-training', '-calc-rsi', '-verbose', '-prediction-mode=index', '-interval-list=30m', '-range-min-rsi=28', '-range-max-rsi=80', '-range-p-ema=50,250', '-target-margin-list=1.0,1.5,2.0,2.5,3.0,3.5,4.0,4.5,5.0', '-log-level=WARNING']
2023-11-26 20:14:33;UNIUSDT;30m;3.0;200;30;78;100.0;4;105.63;['-batch-training', '-calc-rsi', '-verbose', '-prediction-mode=index', '-interval-list=30m', '-range-min-rsi=28', '-range-max-rsi=80', '-range-p-ema=50,250', '-target-margin-list=1.0,1.5,2.0,2.5,3.0,3.5,4.0,4.5,5.0', '-log-level=WARNING']
2023-11-26 19:25:36;UNIUSDT;30m;1.0;100;32;78;100.0;4;105.63;['-batch-training', '-calc-rsi', '-verbose', '-prediction-mode=index', '-interval-list=30m', '-range-min-rsi=28', '-range-max-rsi=80', '-range-p-ema=50,250', '-target-margin-list=1.0,1.5,2.0,2.5,3.0,3.5,4.0,4.5,5.0', '-log-level=WARNING']
2023-11-26 20:01:48;UNIUSDT;30m;2.0;175;32;80;100.0;2;105.63;['-batch-training', '-calc-rsi', '-verbose', '-prediction-mode=index', '-interval-list=30m', '-range-min-rsi=28', '-range-max-rsi=80', '-range-p-ema=50,250', '-target-margin-list=1.0,1.5,2.0,2.5,3.0,3.5,4.0,4.5,5.0', '-log-level=WARNING']
2023-11-26 21:10:30;UNIUSDT;30m;3.0;75;30;78;100.0;4;105.63;['-batch-training', '-calc-rsi', '-verbose', '-prediction-mode=index', '-interval-list=30m', '-range-min-rsi=28', '-range-max-rsi=80', '-range-p-ema=50,250', '-target-margin-list=1.0,1.5,2.0,2.5,3.0,3.5,4.0,4.5,5.0', '-log-level=WARNING']
2023-11-26 19:42:12;UNIUSDT;30m;3.0;125;30;78;100.0;4;105.63;['-batch-training', '-calc-rsi', '-verbose', '-prediction-mode=index', '-interval-list=30m', '-range-min-rsi=28', '-range-max-rsi=80', '-range-p-ema=50,250', '-target-margin-list=1.0,1.5,2.0,2.5,3.0,3.5,4.0,4.5,5.0', '-log-level=WARNING']
2023-11-26 20:27:16;UNIUSDT;30m;3.0;225;30;78;100.0;4;105.63;['-batch-training', '-calc-rsi', '-verbose', '-prediction-mode=index', '-interval-list=30m', '-range-min-rsi=28', '-range-max-rsi=80', '-range-p-ema=50,250', '-target-margin-list=1.0,1.5,2.0,2.5,3.0,3.5,4.0,4.5,5.0', '-log-level=WARNING']
2023-11-26 19:53:34;UNIUSDT;30m;3.0;150;30;78;100.0;4;105.63;['-batch-training', '-calc-rsi', '-verbose', '-prediction-mode=index', '-interval-list=30m', '-range-min-rsi=28', '-range-max-rsi=80', '-range-p-ema=50,250', '-target-margin-list=1.0,1.5,2.0,2.5,3.0,3.5,4.0,4.5,5.0', '-log-level=WARNING']
2023-11-26 20:48:30;UNIUSDT;30m;1.0;50;32;78;100.0;4;105.63;['-batch-training', '-calc-rsi', '-verbose', '-prediction-mode=index', '-interval-list=30m', '-range-min-rsi=28', '-range-max-rsi=80', '-range-p-ema=50,250', '-target-margin-list=1.0,1.5,2.0,2.5,3.0,3.5,4.0,4.5,5.0', '-log-level=WARNING']
2023-11-26 20:03:45;UNIUSDT;30m;3.0;175;30;78;100.0;4;105.63;['-batch-training', '-calc-rsi', '-verbose', '-prediction-mode=index', '-interval-list=30m', '-range-min-rsi=28', '-range-max-rsi=80', '-range-p-ema=50,250', '-target-margin-list=1.0,1.5,2.0,2.5,3.0,3.5,4.0,4.5,5.0', '-log-level=WARNING']
2023-11-26 20:04:45;UNIUSDT;30m;3.5;175;36;76;100.0;4;105.64;['-batch-training', '-calc-rsi', '-verbose', '-prediction-mode=index', '-interval-list=30m', '-range-min-rsi=28', '-range-max-rsi=80', '-range-p-ema=50,250', '-target-margin-list=1.0,1.5,2.0,2.5,3.0,3.5,4.0,4.5,5.0', '-log-level=WARNING']
2023-11-26 20:15:48;UNIUSDT;30m;3.5;200;36;76;100.0;4;105.64;['-batch-training', '-calc-rsi', '-verbose', '-prediction-mode=index', '-interval-list=30m', '-range-min-rsi=28', '-range-max-rsi=80', '-range-p-ema=50,250', '-target-margin-list=1.0,1.5,2.0,2.5,3.0,3.5,4.0,4.5,5.0', '-log-level=WARNING']
2023-11-26 20:48:34;UNIUSDT;30m;1.0;50;34;78;100.0;2;105.65;['-batch-training', '-calc-rsi', '-verbose', '-prediction-mode=index', '-interval-list=30m', '-range-min-rsi=28', '-range-max-rsi=80', '-range-p-ema=50,250', '-target-margin-list=1.0,1.5,2.0,2.5,3.0,3.5,4.0,4.5,5.0', '-log-level=WARNING']
2023-11-26 19:37:07;UNIUSDT;30m;1.0;125;34;78;100.0;2;105.65;['-batch-training', '-calc-rsi', '-verbose', '-prediction-mode=index', '-interval-list=30m', '-range-min-rsi=28', '-range-max-rsi=80', '-range-p-ema=50,250', '-target-margin-list=1.0,1.5,2.0,2.5,3.0,3.5,4.0,4.5,5.0', '-log-level=WARNING']
2023-11-26 21:03:28;UNIUSDT;30m;1.0;75;34;78;100.0;2;105.65;['-batch-training', '-calc-rsi', '-verbose', '-prediction-mode=index', '-interval-list=30m', '-range-min-rsi=28', '-range-max-rsi=80', '-range-p-ema=50,250', '-target-margin-list=1.0,1.5,2.0,2.5,3.0,3.5,4.0,4.5,5.0', '-log-level=WARNING']
2023-11-26 19:25:39;UNIUSDT;30m;1.0;100;34;78;100.0;2;105.65;['-batch-training', '-calc-rsi', '-verbose', '-prediction-mode=index', '-interval-list=30m', '-range-min-rsi=28', '-range-max-rsi=80', '-range-p-ema=50,250', '-target-margin-list=1.0,1.5,2.0,2.5,3.0,3.5,4.0,4.5,5.0', '-log-level=WARNING']
2023-11-26 20:47:26;UNIUSDT;30m;1.0;50;28;72;100.0;2;105.66;['-batch-training', '-calc-rsi', '-verbose', '-prediction-mode=index', '-interval-list=30m', '-range-min-rsi=28', '-range-max-rsi=80', '-range-p-ema=50,250', '-target-margin-list=1.0,1.5,2.0,2.5,3.0,3.5,4.0,4.5,5.0', '-log-level=WARNING']
2023-11-26 20:08:32;UNIUSDT;30m;1.0;200;28;72;100.0;2;105.66;['-batch-training', '-calc-rsi', '-verbose', '-prediction-mode=index', '-interval-list=30m', '-range-min-rsi=28', '-range-max-rsi=80', '-range-p-ema=50,250', '-target-margin-list=1.0,1.5,2.0,2.5,3.0,3.5,4.0,4.5,5.0', '-log-level=WARNING']
2023-11-26 20:22:49;UNIUSDT;30m;1.5;225;36;76;100.0;4;105.66;['-batch-training', '-calc-rsi', '-verbose', '-prediction-mode=index', '-interval-list=30m', '-range-min-rsi=28', '-range-max-rsi=80', '-range-p-ema=50,250', '-target-margin-list=1.0,1.5,2.0,2.5,3.0,3.5,4.0,4.5,5.0', '-log-level=WARNING']
2023-11-26 21:02:12;UNIUSDT;30m;1.0;75;28;72;100.0;2;105.66;['-batch-training', '-calc-rsi', '-verbose', '-prediction-mode=index', '-interval-list=30m', '-range-min-rsi=28', '-range-max-rsi=80', '-range-p-ema=50,250', '-target-margin-list=1.0,1.5,2.0,2.5,3.0,3.5,4.0,4.5,5.0', '-log-level=WARNING']
2023-11-26 19:47:43;UNIUSDT;30m;1.0;150;28;72;100.0;2;105.66;['-batch-training', '-calc-rsi', '-verbose', '-prediction-mode=index', '-interval-list=30m', '-range-min-rsi=28', '-range-max-rsi=80', '-range-p-ema=50,250', '-target-margin-list=1.0,1.5,2.0,2.5,3.0,3.5,4.0,4.5,5.0', '-log-level=WARNING']
2023-11-26 19:24:42;UNIUSDT;30m;1.0;100;28;72;100.0;2;105.66;['-batch-training', '-calc-rsi', '-verbose', '-prediction-mode=index', '-interval-list=30m', '-range-min-rsi=28', '-range-max-rsi=80', '-range-p-ema=50,250', '-target-margin-list=1.0,1.5,2.0,2.5,3.0,3.5,4.0,4.5,5.0', '-log-level=WARNING']
2023-11-26 19:58:30;UNIUSDT;30m;1.0;175;28;72;100.0;2;105.66;['-batch-training', '-calc-rsi', '-verbose', '-prediction-mode=index', '-interval-list=30m', '-range-min-rsi=28', '-range-max-rsi=80', '-range-p-ema=50,250', '-target-margin-list=1.0,1.5,2.0,2.5,3.0,3.5,4.0,4.5,5.0', '-log-level=WARNING']
2023-11-26 19:36:09;UNIUSDT;30m;1.0;125;28;72;100.0;2;105.66;['-batch-training', '-calc-rsi', '-verbose', '-prediction-mode=index', '-interval-list=30m', '-range-min-rsi=28', '-range-max-rsi=80', '-range-p-ema=50,250', '-target-margin-list=1.0,1.5,2.0,2.5,3.0,3.5,4.0,4.5,5.0', '-log-level=WARNING']
2023-11-26 19:46:39;UNIUSDT;30m;5.0;125;36;72;100.0;2;105.68;['-batch-training', '-calc-rsi', '-verbose', '-prediction-mode=index', '-interval-list=30m', '-range-min-rsi=28', '-range-max-rsi=80', '-range-p-ema=50,250', '-target-margin-list=1.0,1.5,2.0,2.5,3.0,3.5,4.0,4.5,5.0', '-log-level=WARNING']
2023-11-26 21:16:09;UNIUSDT;30m;5.0;75;36;72;100.0;2;105.68;['-batch-training', '-calc-rsi', '-verbose', '-prediction-mode=index', '-interval-list=30m', '-range-min-rsi=28', '-range-max-rsi=80', '-range-p-ema=50,250', '-target-margin-list=1.0,1.5,2.0,2.5,3.0,3.5,4.0,4.5,5.0', '-log-level=WARNING']
2023-11-26 21:00:47;UNIUSDT;30m;5.0;50;36;72;100.0;2;105.68;['-batch-training', '-calc-rsi', '-verbose', '-prediction-mode=index', '-interval-list=30m', '-range-min-rsi=28', '-range-max-rsi=80', '-range-p-ema=50,250', '-target-margin-list=1.0,1.5,2.0,2.5,3.0,3.5,4.0,4.5,5.0', '-log-level=WARNING']
2023-11-26 19:35:04;UNIUSDT;30m;5.0;100;36;72;100.0;2;105.68;['-batch-training', '-calc-rsi', '-verbose', '-prediction-mode=index', '-interval-list=30m', '-range-min-rsi=28', '-range-max-rsi=80', '-range-p-ema=50,250', '-target-margin-list=1.0,1.5,2.0,2.5,3.0,3.5,4.0,4.5,5.0', '-log-level=WARNING']
2023-11-26 20:35:10;UNIUSDT;30m;1.5;250;28;72;100.0;2;105.72;['-batch-training', '-calc-rsi', '-verbose', '-prediction-mode=index', '-interval-list=30m', '-range-min-rsi=28', '-range-max-rsi=80', '-range-p-ema=50,250', '-target-margin-list=1.0,1.5,2.0,2.5,3.0,3.5,4.0,4.5,5.0', '-log-level=WARNING']
2023-11-26 20:34:48;UNIUSDT;30m;1.0;250;36;78;100.0;6;105.74;['-batch-training', '-calc-rsi', '-verbose', '-prediction-mode=index', '-interval-list=30m', '-range-min-rsi=28', '-range-max-rsi=80', '-range-p-ema=50,250', '-target-margin-list=1.0,1.5,2.0,2.5,3.0,3.5,4.0,4.5,5.0', '-log-level=WARNING']
2023-11-26 20:40:03;UNIUSDT;30m;3.0;250;30;74;100.0;4;105.74;['-batch-training', '-calc-rsi', '-verbose', '-prediction-mode=index', '-interval-list=30m', '-range-min-rsi=28', '-range-max-rsi=80', '-range-p-ema=50,250', '-target-margin-list=1.0,1.5,2.0,2.5,3.0,3.5,4.0,4.5,5.0', '-log-level=WARNING']
2023-11-26 21:02:04;UNIUSDT;30m;5.0;50;34;80;100.0;3;105.76;['-batch-training', '-calc-rsi', '-verbose', '-prediction-mode=index', '-interval-list=30m', '-range-min-rsi=28', '-range-max-rsi=80', '-range-p-ema=50,250', '-target-margin-list=1.0,1.5,2.0,2.5,3.0,3.5,4.0,4.5,5.0', '-log-level=WARNING']
2023-11-26 21:17:15;UNIUSDT;30m;5.0;75;34;80;100.0;3;105.76;['-batch-training', '-calc-rsi', '-verbose', '-prediction-mode=index', '-interval-list=30m', '-range-min-rsi=28', '-range-max-rsi=80', '-range-p-ema=50,250', '-target-margin-list=1.0,1.5,2.0,2.5,3.0,3.5,4.0,4.5,5.0', '-log-level=WARNING']
2023-11-26 19:36:02;UNIUSDT;30m;5.0;100;34;80;100.0;3;105.76;['-batch-training', '-calc-rsi', '-verbose', '-prediction-mode=index', '-interval-list=30m', '-range-min-rsi=28', '-range-max-rsi=80', '-range-p-ema=50,250', '-target-margin-list=1.0,1.5,2.0,2.5,3.0,3.5,4.0,4.5,5.0', '-log-level=WARNING']
2023-11-26 19:47:37;UNIUSDT;30m;5.0;125;34;80;100.0;3;105.76;['-batch-training', '-calc-rsi', '-verbose', '-prediction-mode=index', '-interval-list=30m', '-range-min-rsi=28', '-range-max-rsi=80', '-range-p-ema=50,250', '-target-margin-list=1.0,1.5,2.0,2.5,3.0,3.5,4.0,4.5,5.0', '-log-level=WARNING']
2023-11-26 20:36:25;UNIUSDT;30m;1.5;250;30;80;100.0;4;105.78;['-batch-training', '-calc-rsi', '-verbose', '-prediction-mode=index', '-interval-list=30m', '-range-min-rsi=28', '-range-max-rsi=80', '-range-p-ema=50,250', '-target-margin-list=1.0,1.5,2.0,2.5,3.0,3.5,4.0,4.5,5.0', '-log-level=WARNING']
2023-11-26 20:13:38;UNIUSDT;30m;2.5;200;36;80;100.0;2;105.79;['-batch-training', '-calc-rsi', '-verbose', '-prediction-mode=index', '-interval-list=30m', '-range-min-rsi=28', '-range-max-rsi=80', '-range-p-ema=50,250', '-target-margin-list=1.0,1.5,2.0,2.5,3.0,3.5,4.0,4.5,5.0', '-log-level=WARNING']
2023-11-26 20:00:37;UNIUSDT;30m;1.5;175;30;80;100.0;3;105.8;['-batch-training', '-calc-rsi', '-verbose', '-prediction-mode=index', '-interval-list=30m', '-range-min-rsi=28', '-range-max-rsi=80', '-range-p-ema=50,250', '-target-margin-list=1.0,1.5,2.0,2.5,3.0,3.5,4.0,4.5,5.0', '-log-level=WARNING']
2023-11-26 20:10:49;UNIUSDT;30m;1.5;200;30;80;100.0;3;105.8;['-batch-training', '-calc-rsi', '-verbose', '-prediction-mode=index', '-interval-list=30m', '-range-min-rsi=28', '-range-max-rsi=80', '-range-p-ema=50,250', '-target-margin-list=1.0,1.5,2.0,2.5,3.0,3.5,4.0,4.5,5.0', '-log-level=WARNING']
2023-11-26 20:23:14;UNIUSDT;30m;1.5;225;30;80;100.0;3;105.8;['-batch-training', '-calc-rsi', '-verbose', '-prediction-mode=index', '-interval-list=30m', '-range-min-rsi=28', '-range-max-rsi=80', '-range-p-ema=50,250', '-target-margin-list=1.0,1.5,2.0,2.5,3.0,3.5,4.0,4.5,5.0', '-log-level=WARNING']
2023-11-26 19:58:35;UNIUSDT;30m;1.0;175;32;72;100.0;3;105.81;['-batch-training', '-calc-rsi', '-verbose', '-prediction-mode=index', '-interval-list=30m', '-range-min-rsi=28', '-range-max-rsi=80', '-range-p-ema=50,250', '-target-margin-list=1.0,1.5,2.0,2.5,3.0,3.5,4.0,4.5,5.0', '-log-level=WARNING']
2023-11-26 20:08:38;UNIUSDT;30m;1.0;200;32;72;100.0;3;105.82;['-batch-training', '-calc-rsi', '-verbose', '-prediction-mode=index', '-interval-list=30m', '-range-min-rsi=28', '-range-max-rsi=80', '-range-p-ema=50,250', '-target-margin-list=1.0,1.5,2.0,2.5,3.0,3.5,4.0,4.5,5.0', '-log-level=WARNING']
2023-11-26 19:59:37;UNIUSDT;30m;1.0;175;36;80;100.0;4;105.83;['-batch-training', '-calc-rsi', '-verbose', '-prediction-mode=index', '-interval-list=30m', '-range-min-rsi=28', '-range-max-rsi=80', '-range-p-ema=50,250', '-target-margin-list=1.0,1.5,2.0,2.5,3.0,3.5,4.0,4.5,5.0', '-log-level=WARNING']
2023-11-26 19:49:39;UNIUSDT;30m;1.5;150;32;76;100.0;7;105.83;['-batch-training', '-calc-rsi', '-verbose', '-prediction-mode=index', '-interval-list=30m', '-range-min-rsi=28', '-range-max-rsi=80', '-range-p-ema=50,250', '-target-margin-list=1.0,1.5,2.0,2.5,3.0,3.5,4.0,4.5,5.0', '-log-level=WARNING']
2023-11-26 19:48:40;UNIUSDT;30m;1.0;150;34;78;100.0;7;105.83;['-batch-training', '-calc-rsi', '-verbose', '-prediction-mode=index', '-interval-list=30m', '-range-min-rsi=28', '-range-max-rsi=80', '-range-p-ema=50,250', '-target-margin-list=1.0,1.5,2.0,2.5,3.0,3.5,4.0,4.5,5.0', '-log-level=WARNING']
2023-11-26 20:00:13;UNIUSDT;30m;1.5;175;32;76;100.0;7;105.83;['-batch-training', '-calc-rsi', '-verbose', '-prediction-mode=index', '-interval-list=30m', '-range-min-rsi=28', '-range-max-rsi=80', '-range-p-ema=50,250', '-target-margin-list=1.0,1.5,2.0,2.5,3.0,3.5,4.0,4.5,5.0', '-log-level=WARNING']
2023-11-26 20:35:38;UNIUSDT;30m;1.5;250;34;74;100.0;2;105.83;['-batch-training', '-calc-rsi', '-verbose', '-prediction-mode=index', '-interval-list=30m', '-range-min-rsi=28', '-range-max-rsi=80', '-range-p-ema=50,250', '-target-margin-list=1.0,1.5,2.0,2.5,3.0,3.5,4.0,4.5,5.0', '-log-level=WARNING']
2023-11-26 20:03:00;UNIUSDT;30m;2.5;175;36;80;100.0;2;105.84;['-batch-training', '-calc-rsi', '-verbose', '-prediction-mode=index', '-interval-list=30m', '-range-min-rsi=28', '-range-max-rsi=80', '-range-p-ema=50,250', '-target-margin-list=1.0,1.5,2.0,2.5,3.0,3.5,4.0,4.5,5.0', '-log-level=WARNING']
2023-11-26 19:48:05;UNIUSDT;30m;1.0;150;32;74;100.0;3;105.84;['-batch-training', '-calc-rsi', '-verbose', '-prediction-mode=index', '-interval-list=30m', '-range-min-rsi=28', '-range-max-rsi=80', '-range-p-ema=50,250', '-target-margin-list=1.0,1.5,2.0,2.5,3.0,3.5,4.0,4.5,5.0', '-log-level=WARNING']
2023-11-26 20:37:58;UNIUSDT;30m;2.0;250;32;80;100.0;2;105.85;['-batch-training', '-calc-rsi', '-verbose', '-prediction-mode=index', '-interval-list=30m', '-range-min-rsi=28', '-range-max-rsi=80', '-range-p-ema=50,250', '-target-margin-list=1.0,1.5,2.0,2.5,3.0,3.5,4.0,4.5,5.0', '-log-level=WARNING']
2023-11-26 19:25:36;UNIUSDT;30m;1.0;100;32;78;100.0;2;105.85;['-batch-training', '-calc-rsi', '-verbose', '-prediction-mode=index', '-interval-list=30m', '-range-min-rsi=28', '-range-max-rsi=80', '-range-p-ema=50,250', '-target-margin-list=1.0,1.5,2.0,2.5,3.0,3.5,4.0,4.5,5.0', '-log-level=WARNING']
2023-11-26 21:03:23;UNIUSDT;30m;1.0;75;32;78;100.0;2;105.85;['-batch-training', '-calc-rsi', '-verbose', '-prediction-mode=index', '-interval-list=30m', '-range-min-rsi=28', '-range-max-rsi=80', '-range-p-ema=50,250', '-target-margin-list=1.0,1.5,2.0,2.5,3.0,3.5,4.0,4.5,5.0', '-log-level=WARNING']
2023-11-26 20:48:30;UNIUSDT;30m;1.0;50;32;78;100.0;2;105.85;['-batch-training', '-calc-rsi', '-verbose', '-prediction-mode=index', '-interval-list=30m', '-range-min-rsi=28', '-range-max-rsi=80', '-range-p-ema=50,250', '-target-margin-list=1.0,1.5,2.0,2.5,3.0,3.5,4.0,4.5,5.0', '-log-level=WARNING']
2023-11-26 20:10:21;UNIUSDT;30m;1.5;200;32;76;100.0;7;105.85;['-batch-training', '-calc-rsi', '-verbose', '-prediction-mode=index', '-interval-list=30m', '-range-min-rsi=28', '-range-max-rsi=80', '-range-p-ema=50,250', '-target-margin-list=1.0,1.5,2.0,2.5,3.0,3.5,4.0,4.5,5.0', '-log-level=WARNING']
2023-11-26 19:37:04;UNIUSDT;30m;1.0;125;32;78;100.0;2;105.85;['-batch-training', '-calc-rsi', '-verbose', '-prediction-mode=index', '-interval-list=30m', '-range-min-rsi=28', '-range-max-rsi=80', '-range-p-ema=50,250', '-target-margin-list=1.0,1.5,2.0,2.5,3.0,3.5,4.0,4.5,5.0', '-log-level=WARNING']
2023-11-26 20:22:43;UNIUSDT;30m;1.5;225;32;76;100.0;7;105.85;['-batch-training', '-calc-rsi', '-verbose', '-prediction-mode=index', '-interval-list=30m', '-range-min-rsi=28', '-range-max-rsi=80', '-range-p-ema=50,250', '-target-margin-list=1.0,1.5,2.0,2.5,3.0,3.5,4.0,4.5,5.0', '-log-level=WARNING']
2023-11-26 19:51:03;UNIUSDT;30m;2.0;150;36;76;100.0;3;105.87;['-batch-training', '-calc-rsi', '-verbose', '-prediction-mode=index', '-interval-list=30m', '-range-min-rsi=28', '-range-max-rsi=80', '-range-p-ema=50,250', '-target-margin-list=1.0,1.5,2.0,2.5,3.0,3.5,4.0,4.5,5.0', '-log-level=WARNING']
2023-11-26 20:11:47;UNIUSDT;30m;2.0;200;36;76;100.0;2;105.88;['-batch-training', '-calc-rsi', '-verbose', '-prediction-mode=index', '-interval-list=30m', '-range-min-rsi=28', '-range-max-rsi=80', '-range-p-ema=50,250', '-target-margin-list=1.0,1.5,2.0,2.5,3.0,3.5,4.0,4.5,5.0', '-log-level=WARNING']
2023-11-26 19:37:20;UNIUSDT;30m;1.0;125;32;80;100.0;4;105.89;['-batch-training', '-calc-rsi', '-verbose', '-prediction-mode=index', '-interval-list=30m', '-range-min-rsi=28', '-range-max-rsi=80', '-range-p-ema=50,250', '-target-margin-list=1.0,1.5,2.0,2.5,3.0,3.5,4.0,4.5,5.0', '-log-level=WARNING']
2023-11-26 19:25:52;UNIUSDT;30m;1.0;100;32;80;100.0;4;105.89;['-batch-training', '-calc-rsi', '-verbose', '-prediction-mode=index', '-interval-list=30m', '-range-min-rsi=28', '-range-max-rsi=80', '-range-p-ema=50,250', '-target-margin-list=1.0,1.5,2.0,2.5,3.0,3.5,4.0,4.5,5.0', '-log-level=WARNING']
2023-11-26 19:58:35;UNIUSDT;30m;1.0;175;32;72;100.0;5;105.89;['-batch-training', '-calc-rsi', '-verbose', '-prediction-mode=index', '-interval-list=30m', '-range-min-rsi=28', '-range-max-rsi=80', '-range-p-ema=50,250', '-target-margin-list=1.0,1.5,2.0,2.5,3.0,3.5,4.0,4.5,5.0', '-log-level=WARNING']
2023-11-26 20:48:49;UNIUSDT;30m;1.0;50;32;80;100.0;4;105.89;['-batch-training', '-calc-rsi', '-verbose', '-prediction-mode=index', '-interval-list=30m', '-range-min-rsi=28', '-range-max-rsi=80', '-range-p-ema=50,250', '-target-margin-list=1.0,1.5,2.0,2.5,3.0,3.5,4.0,4.5,5.0', '-log-level=WARNING']
2023-11-26 21:03:44;UNIUSDT;30m;1.0;75;32;80;100.0;4;105.89;['-batch-training', '-calc-rsi', '-verbose', '-prediction-mode=index', '-interval-list=30m', '-range-min-rsi=28', '-range-max-rsi=80', '-range-p-ema=50,250', '-target-margin-list=1.0,1.5,2.0,2.5,3.0,3.5,4.0,4.5,5.0', '-log-level=WARNING']
2023-11-26 19:48:08;UNIUSDT;30m;1.0;150;34;74;100.0;6;105.9;['-batch-training', '-calc-rsi', '-verbose', '-prediction-mode=index', '-interval-list=30m', '-range-min-rsi=28', '-range-max-rsi=80', '-range-p-ema=50,250', '-target-margin-list=1.0,1.5,2.0,2.5,3.0,3.5,4.0,4.5,5.0', '-log-level=WARNING']
2023-11-26 20:08:39;UNIUSDT;30m;1.0;200;32;72;100.0;5;105.91;['-batch-training', '-calc-rsi', '-verbose', '-prediction-mode=index', '-interval-list=30m', '-range-min-rsi=28', '-range-max-rsi=80', '-range-p-ema=50,250', '-target-margin-list=1.0,1.5,2.0,2.5,3.0,3.5,4.0,4.5,5.0', '-log-level=WARNING']
2023-11-26 20:01:37;UNIUSDT;30m;2.0;175;34;78;100.0;2;105.93;['-batch-training', '-calc-rsi', '-verbose', '-prediction-mode=index', '-interval-list=30m', '-range-min-rsi=28', '-range-max-rsi=80', '-range-p-ema=50,250', '-target-margin-list=1.0,1.5,2.0,2.5,3.0,3.5,4.0,4.5,5.0', '-log-level=WARNING']
2023-11-26 20:34:34;UNIUSDT;30m;1.0;250;28;78;100.0;2;105.95;['-batch-training', '-calc-rsi', '-verbose', '-prediction-mode=index', '-interval-list=30m', '-range-min-rsi=28', '-range-max-rsi=80', '-range-p-ema=50,250', '-target-margin-list=1.0,1.5,2.0,2.5,3.0,3.5,4.0,4.5,5.0', '-log-level=WARNING']
2023-11-26 20:00:01;UNIUSDT;30m;1.5;175;34;74;100.0;2;105.96;['-batch-training', '-calc-rsi', '-verbose', '-prediction-mode=index', '-interval-list=30m', '-range-min-rsi=28', '-range-max-rsi=80', '-range-p-ema=50,250', '-target-margin-list=1.0,1.5,2.0,2.5,3.0,3.5,4.0,4.5,5.0', '-log-level=WARNING']
2023-11-26 19:38:45;UNIUSDT;30m;1.5;125;36;80;100.0;3;105.98;['-batch-training', '-calc-rsi', '-verbose', '-prediction-mode=index', '-interval-list=30m', '-range-min-rsi=28', '-range-max-rsi=80', '-range-p-ema=50,250', '-target-margin-list=1.0,1.5,2.0,2.5,3.0,3.5,4.0,4.5,5.0', '-log-level=WARNING']
2023-11-26 20:10:09;UNIUSDT;30m;1.5;200;34;74;100.0;2;105.98;['-batch-training', '-calc-rsi', '-verbose', '-prediction-mode=index', '-interval-list=30m', '-range-min-rsi=28', '-range-max-rsi=80', '-range-p-ema=50,250', '-target-margin-list=1.0,1.5,2.0,2.5,3.0,3.5,4.0,4.5,5.0', '-log-level=WARNING']
2023-11-26 19:27:16;UNIUSDT;30m;1.5;100;36;80;100.0;3;105.98;['-batch-training', '-calc-rsi', '-verbose', '-prediction-mode=index', '-interval-list=30m', '-range-min-rsi=28', '-range-max-rsi=80', '-range-p-ema=50,250', '-target-margin-list=1.0,1.5,2.0,2.5,3.0,3.5,4.0,4.5,5.0', '-log-level=WARNING']
2023-11-26 20:25:09;UNIUSDT;30m;2.5;225;36;72;100.0;2;105.99;['-batch-training', '-calc-rsi', '-verbose', '-prediction-mode=index', '-interval-list=30m', '-range-min-rsi=28', '-range-max-rsi=80', '-range-p-ema=50,250', '-target-margin-list=1.0,1.5,2.0,2.5,3.0,3.5,4.0,4.5,5.0', '-log-level=WARNING']
2023-11-26 20:53:03;UNIUSDT;30m;2.5;50;32;76;100.0;4;106.04;['-batch-training', '-calc-rsi', '-verbose', '-prediction-mode=index', '-interval-list=30m', '-range-min-rsi=28', '-range-max-rsi=80', '-range-p-ema=50,250', '-target-margin-list=1.0,1.5,2.0,2.5,3.0,3.5,4.0,4.5,5.0', '-log-level=WARNING']
2023-11-26 19:40:43;UNIUSDT;30m;2.5;125;32;76;100.0;4;106.04;['-batch-training', '-calc-rsi', '-verbose', '-prediction-mode=index', '-interval-list=30m', '-range-min-rsi=28', '-range-max-rsi=80', '-range-p-ema=50,250', '-target-margin-list=1.0,1.5,2.0,2.5,3.0,3.5,4.0,4.5,5.0', '-log-level=WARNING']
2023-11-26 21:05:41;UNIUSDT;30m;1.5;75;36;80;100.0;5;106.04;['-batch-training', '-calc-rsi', '-verbose', '-prediction-mode=index', '-interval-list=30m', '-range-min-rsi=28', '-range-max-rsi=80', '-range-p-ema=50,250', '-target-margin-list=1.0,1.5,2.0,2.5,3.0,3.5,4.0,4.5,5.0', '-log-level=WARNING']
2023-11-26 20:50:33;UNIUSDT;30m;1.5;50;36;80;100.0;5;106.04;['-batch-training', '-calc-rsi', '-verbose', '-prediction-mode=index', '-interval-list=30m', '-range-min-rsi=28', '-range-max-rsi=80', '-range-p-ema=50,250', '-target-margin-list=1.0,1.5,2.0,2.5,3.0,3.5,4.0,4.5,5.0', '-log-level=WARNING']
2023-11-26 20:00:13;UNIUSDT;30m;1.5;175;32;76;100.0;4;106.04;['-batch-training', '-calc-rsi', '-verbose', '-prediction-mode=index', '-interval-list=30m', '-range-min-rsi=28', '-range-max-rsi=80', '-range-p-ema=50,250', '-target-margin-list=1.0,1.5,2.0,2.5,3.0,3.5,4.0,4.5,5.0', '-log-level=WARNING']
2023-11-26 19:29:14;UNIUSDT;30m;2.5;100;32;76;100.0;4;106.04;['-batch-training', '-calc-rsi', '-verbose', '-prediction-mode=index', '-interval-list=30m', '-range-min-rsi=28', '-range-max-rsi=80', '-range-p-ema=50,250', '-target-margin-list=1.0,1.5,2.0,2.5,3.0,3.5,4.0,4.5,5.0', '-log-level=WARNING']
2023-11-26 19:49:39;UNIUSDT;30m;1.5;150;32;76;100.0;4;106.04;['-batch-training', '-calc-rsi', '-verbose', '-prediction-mode=index', '-interval-list=30m', '-range-min-rsi=28', '-range-max-rsi=80', '-range-p-ema=50,250', '-target-margin-list=1.0,1.5,2.0,2.5,3.0,3.5,4.0,4.5,5.0', '-log-level=WARNING']
2023-11-26 21:08:27;UNIUSDT;30m;2.5;75;32;76;100.0;4;106.04;['-batch-training', '-calc-rsi', '-verbose', '-prediction-mode=index', '-interval-list=30m', '-range-min-rsi=28', '-range-max-rsi=80', '-range-p-ema=50,250', '-target-margin-list=1.0,1.5,2.0,2.5,3.0,3.5,4.0,4.5,5.0', '-log-level=WARNING']
2023-11-26 20:10:21;UNIUSDT;30m;1.5;200;32;76;100.0;4;106.06;['-batch-training', '-calc-rsi', '-verbose', '-prediction-mode=index', '-interval-list=30m', '-range-min-rsi=28', '-range-max-rsi=80', '-range-p-ema=50,250', '-target-margin-list=1.0,1.5,2.0,2.5,3.0,3.5,4.0,4.5,5.0', '-log-level=WARNING']
2023-11-26 20:22:43;UNIUSDT;30m;1.5;225;32;76;100.0;4;106.06;['-batch-training', '-calc-rsi', '-verbose', '-prediction-mode=index', '-interval-list=30m', '-range-min-rsi=28', '-range-max-rsi=80', '-range-p-ema=50,250', '-target-margin-list=1.0,1.5,2.0,2.5,3.0,3.5,4.0,4.5,5.0', '-log-level=WARNING']
2023-11-26 19:32:56;UNIUSDT;30m;4.0;100;30;76;100.0;2;106.07;['-batch-training', '-calc-rsi', '-verbose', '-prediction-mode=index', '-interval-list=30m', '-range-min-rsi=28', '-range-max-rsi=80', '-range-p-ema=50,250', '-target-margin-list=1.0,1.5,2.0,2.5,3.0,3.5,4.0,4.5,5.0', '-log-level=WARNING']
2023-11-26 20:57:55;UNIUSDT;30m;4.0;50;30;76;100.0;2;106.07;['-batch-training', '-calc-rsi', '-verbose', '-prediction-mode=index', '-interval-list=30m', '-range-min-rsi=28', '-range-max-rsi=80', '-range-p-ema=50,250', '-target-margin-list=1.0,1.5,2.0,2.5,3.0,3.5,4.0,4.5,5.0', '-log-level=WARNING']
2023-11-26 20:43:26;UNIUSDT;30m;4.0;250;30;76;100.0;2;106.07;['-batch-training', '-calc-rsi', '-verbose', '-prediction-mode=index', '-interval-list=30m', '-range-min-rsi=28', '-range-max-rsi=80', '-range-p-ema=50,250', '-target-margin-list=1.0,1.5,2.0,2.5,3.0,3.5,4.0,4.5,5.0', '-log-level=WARNING']
2023-11-26 19:44:27;UNIUSDT;30m;4.0;125;30;76;100.0;2;106.07;['-batch-training', '-calc-rsi', '-verbose', '-prediction-mode=index', '-interval-list=30m', '-range-min-rsi=28', '-range-max-rsi=80', '-range-p-ema=50,250', '-target-margin-list=1.0,1.5,2.0,2.5,3.0,3.5,4.0,4.5,5.0', '-log-level=WARNING']
2023-11-26 20:05:43;UNIUSDT;30m;4.0;175;30;76;100.0;2;106.07;['-batch-training', '-calc-rsi', '-verbose', '-prediction-mode=index', '-interval-list=30m', '-range-min-rsi=28', '-range-max-rsi=80', '-range-p-ema=50,250', '-target-margin-list=1.0,1.5,2.0,2.5,3.0,3.5,4.0,4.5,5.0', '-log-level=WARNING']
2023-11-26 20:17:01;UNIUSDT;30m;4.0;200;30;76;100.0;2;106.07;['-batch-training', '-calc-rsi', '-verbose', '-prediction-mode=index', '-interval-list=30m', '-range-min-rsi=28', '-range-max-rsi=80', '-range-p-ema=50,250', '-target-margin-list=1.0,1.5,2.0,2.5,3.0,3.5,4.0,4.5,5.0', '-log-level=WARNING']
2023-11-26 19:55:37;UNIUSDT;30m;4.0;150;30;76;100.0;2;106.07;['-batch-training', '-calc-rsi', '-verbose', '-prediction-mode=index', '-interval-list=30m', '-range-min-rsi=28', '-range-max-rsi=80', '-range-p-ema=50,250', '-target-margin-list=1.0,1.5,2.0,2.5,3.0,3.5,4.0,4.5,5.0', '-log-level=WARNING']
2023-11-26 21:13:42;UNIUSDT;30m;4.0;75;30;76;100.0;2;106.07;['-batch-training', '-calc-rsi', '-verbose', '-prediction-mode=index', '-interval-list=30m', '-range-min-rsi=28', '-range-max-rsi=80', '-range-p-ema=50,250', '-target-margin-list=1.0,1.5,2.0,2.5,3.0,3.5,4.0,4.5,5.0', '-log-level=WARNING']
2023-11-26 20:29:53;UNIUSDT;30m;4.0;225;30;76;100.0;2;106.07;['-batch-training', '-calc-rsi', '-verbose', '-prediction-mode=index', '-interval-list=30m', '-range-min-rsi=28', '-range-max-rsi=80', '-range-p-ema=50,250', '-target-margin-list=1.0,1.5,2.0,2.5,3.0,3.5,4.0,4.5,5.0', '-log-level=WARNING']
2023-11-26 19:53:29;UNIUSDT;30m;3.0;150;36;76;100.0;4;106.08;['-batch-training', '-calc-rsi', '-verbose', '-prediction-mode=index', '-interval-list=30m', '-range-min-rsi=28', '-range-max-rsi=80', '-range-p-ema=50,250', '-target-margin-list=1.0,1.5,2.0,2.5,3.0,3.5,4.0,4.5,5.0', '-log-level=WARNING']
2023-11-26 19:59:20;UNIUSDT;30m;1.0;175;34;78;100.0;4;106.1;['-batch-training', '-calc-rsi', '-verbose', '-prediction-mode=index', '-interval-list=30m', '-range-min-rsi=28', '-range-max-rsi=80', '-range-p-ema=50,250', '-target-margin-list=1.0,1.5,2.0,2.5,3.0,3.5,4.0,4.5,5.0', '-log-level=WARNING']
2023-11-26 20:51:52;UNIUSDT;30m;2.0;50;36;78;100.0;6;106.1;['-batch-training', '-calc-rsi', '-verbose', '-prediction-mode=index', '-interval-list=30m', '-range-min-rsi=28', '-range-max-rsi=80', '-range-p-ema=50,250', '-target-margin-list=1.0,1.5,2.0,2.5,3.0,3.5,4.0,4.5,5.0', '-log-level=WARNING']
2023-11-26 21:07:06;UNIUSDT;30m;2.0;75;36;78;100.0;6;106.1;['-batch-training', '-calc-rsi', '-verbose', '-prediction-mode=index', '-interval-list=30m', '-range-min-rsi=28', '-range-max-rsi=80', '-range-p-ema=50,250', '-target-margin-list=1.0,1.5,2.0,2.5,3.0,3.5,4.0,4.5,5.0', '-log-level=WARNING']
2023-11-26 20:14:26;UNIUSDT;30m;3.0;200;36;76;100.0;4;106.1;['-batch-training', '-calc-rsi', '-verbose', '-prediction-mode=index', '-interval-list=30m', '-range-min-rsi=28', '-range-max-rsi=80', '-range-p-ema=50,250', '-target-margin-list=1.0,1.5,2.0,2.5,3.0,3.5,4.0,4.5,5.0', '-log-level=WARNING']
2023-11-26 20:03:40;UNIUSDT;30m;3.0;175;36;76;100.0;4;106.1;['-batch-training', '-calc-rsi', '-verbose', '-prediction-mode=index', '-interval-list=30m', '-range-min-rsi=28', '-range-max-rsi=80', '-range-p-ema=50,250', '-target-margin-list=1.0,1.5,2.0,2.5,3.0,3.5,4.0,4.5,5.0', '-log-level=WARNING']
2023-11-26 20:36:32;UNIUSDT;30m;1.5;250;34;80;100.0;2;106.11;['-batch-training', '-calc-rsi', '-verbose', '-prediction-mode=index', '-interval-list=30m', '-range-min-rsi=28', '-range-max-rsi=80', '-range-p-ema=50,250', '-target-margin-list=1.0,1.5,2.0,2.5,3.0,3.5,4.0,4.5,5.0', '-log-level=WARNING']
2023-11-26 20:48:18;UNIUSDT;30m;1.0;50;36;76;100.0;2;106.11;['-batch-training', '-calc-rsi', '-verbose', '-prediction-mode=index', '-interval-list=30m', '-range-min-rsi=28', '-range-max-rsi=80', '-range-p-ema=50,250', '-target-margin-list=1.0,1.5,2.0,2.5,3.0,3.5,4.0,4.5,5.0', '-log-level=WARNING']
2023-11-26 19:25:58;UNIUSDT;30m;1.0;100;36;80;100.0;2;106.11;['-batch-training', '-calc-rsi', '-verbose', '-prediction-mode=index', '-interval-list=30m', '-range-min-rsi=28', '-range-max-rsi=80', '-range-p-ema=50,250', '-target-margin-list=1.0,1.5,2.0,2.5,3.0,3.5,4.0,4.5,5.0', '-log-level=WARNING']
2023-11-26 21:03:10;UNIUSDT;30m;1.0;75;36;76;100.0;2;106.11;['-batch-training', '-calc-rsi', '-verbose', '-prediction-mode=index', '-interval-list=30m', '-range-min-rsi=28', '-range-max-rsi=80', '-range-p-ema=50,250', '-target-margin-list=1.0,1.5,2.0,2.5,3.0,3.5,4.0,4.5,5.0', '-log-level=WARNING']
2023-11-26 19:37:26;UNIUSDT;30m;1.0;125;36;80;100.0;2;106.11;['-batch-training', '-calc-rsi', '-verbose', '-prediction-mode=index', '-interval-list=30m', '-range-min-rsi=28', '-range-max-rsi=80', '-range-p-ema=50,250', '-target-margin-list=1.0,1.5,2.0,2.5,3.0,3.5,4.0,4.5,5.0', '-log-level=WARNING']
2023-11-26 19:59:06;UNIUSDT;30m;1.0;175;34;76;100.0;3;106.13;['-batch-training', '-calc-rsi', '-verbose', '-prediction-mode=index', '-interval-list=30m', '-range-min-rsi=28', '-range-max-rsi=80', '-range-p-ema=50,250', '-target-margin-list=1.0,1.5,2.0,2.5,3.0,3.5,4.0,4.5,5.0', '-log-level=WARNING']
2023-11-26 20:14:17;UNIUSDT;30m;3.0;200;30;76;100.0;4;106.14;['-batch-training', '-calc-rsi', '-verbose', '-prediction-mode=index', '-interval-list=30m', '-range-min-rsi=28', '-range-max-rsi=80', '-range-p-ema=50,250', '-target-margin-list=1.0,1.5,2.0,2.5,3.0,3.5,4.0,4.5,5.0', '-log-level=WARNING']
2023-11-26 19:53:21;UNIUSDT;30m;3.0;150;30;76;100.0;4;106.14;['-batch-training', '-calc-rsi', '-verbose', '-prediction-mode=index', '-interval-list=30m', '-range-min-rsi=28', '-range-max-rsi=80', '-range-p-ema=50,250', '-target-margin-list=1.0,1.5,2.0,2.5,3.0,3.5,4.0,4.5,5.0', '-log-level=WARNING']
2023-11-26 21:10:08;UNIUSDT;30m;3.0;75;30;76;100.0;4;106.14;['-batch-training', '-calc-rsi', '-verbose', '-prediction-mode=index', '-interval-list=30m', '-range-min-rsi=28', '-range-max-rsi=80', '-range-p-ema=50,250', '-target-margin-list=1.0,1.5,2.0,2.5,3.0,3.5,4.0,4.5,5.0', '-log-level=WARNING']
2023-11-26 19:30:26;UNIUSDT;30m;3.0;100;30;76;100.0;4;106.14;['-batch-training', '-calc-rsi', '-verbose', '-prediction-mode=index', '-interval-list=30m', '-range-min-rsi=28', '-range-max-rsi=80', '-range-p-ema=50,250', '-target-margin-list=1.0,1.5,2.0,2.5,3.0,3.5,4.0,4.5,5.0', '-log-level=WARNING']
2023-11-26 19:41:56;UNIUSDT;30m;3.0;125;30;76;100.0;4;106.14;['-batch-training', '-calc-rsi', '-verbose', '-prediction-mode=index', '-interval-list=30m', '-range-min-rsi=28', '-range-max-rsi=80', '-range-p-ema=50,250', '-target-margin-list=1.0,1.5,2.0,2.5,3.0,3.5,4.0,4.5,5.0', '-log-level=WARNING']
2023-11-26 20:54:38;UNIUSDT;30m;3.0;50;30;76;100.0;4;106.14;['-batch-training', '-calc-rsi', '-verbose', '-prediction-mode=index', '-interval-list=30m', '-range-min-rsi=28', '-range-max-rsi=80', '-range-p-ema=50,250', '-target-margin-list=1.0,1.5,2.0,2.5,3.0,3.5,4.0,4.5,5.0', '-log-level=WARNING']
2023-11-26 20:03:32;UNIUSDT;30m;3.0;175;30;76;100.0;4;106.14;['-batch-training', '-calc-rsi', '-verbose', '-prediction-mode=index', '-interval-list=30m', '-range-min-rsi=28', '-range-max-rsi=80', '-range-p-ema=50,250', '-target-margin-list=1.0,1.5,2.0,2.5,3.0,3.5,4.0,4.5,5.0', '-log-level=WARNING']
2023-11-26 20:26:59;UNIUSDT;30m;3.0;225;30;76;100.0;4;106.14;['-batch-training', '-calc-rsi', '-verbose', '-prediction-mode=index', '-interval-list=30m', '-range-min-rsi=28', '-range-max-rsi=80', '-range-p-ema=50,250', '-target-margin-list=1.0,1.5,2.0,2.5,3.0,3.5,4.0,4.5,5.0', '-log-level=WARNING']
2023-11-26 20:23:04;UNIUSDT;30m;1.5;225;34;78;100.0;5;106.16;['-batch-training', '-calc-rsi', '-verbose', '-prediction-mode=index', '-interval-list=30m', '-range-min-rsi=28', '-range-max-rsi=80', '-range-p-ema=50,250', '-target-margin-list=1.0,1.5,2.0,2.5,3.0,3.5,4.0,4.5,5.0', '-log-level=WARNING']
2023-11-26 20:24:45;UNIUSDT;30m;2.0;225;32;80;100.0;2;106.18;['-batch-training', '-calc-rsi', '-verbose', '-prediction-mode=index', '-interval-list=30m', '-range-min-rsi=28', '-range-max-rsi=80', '-range-p-ema=50,250', '-target-margin-list=1.0,1.5,2.0,2.5,3.0,3.5,4.0,4.5,5.0', '-log-level=WARNING']
2023-11-26 20:12:12;UNIUSDT;30m;2.0;200;32;80;100.0;2;106.18;['-batch-training', '-calc-rsi', '-verbose', '-prediction-mode=index', '-interval-list=30m', '-range-min-rsi=28', '-range-max-rsi=80', '-range-p-ema=50,250', '-target-margin-list=1.0,1.5,2.0,2.5,3.0,3.5,4.0,4.5,5.0', '-log-level=WARNING']
2023-11-26 20:36:44;UNIUSDT;30m;2.0;250;30;72;100.0;6;106.18;['-batch-training', '-calc-rsi', '-verbose', '-prediction-mode=index', '-interval-list=30m', '-range-min-rsi=28', '-range-max-rsi=80', '-range-p-ema=50,250', '-target-margin-list=1.0,1.5,2.0,2.5,3.0,3.5,4.0,4.5,5.0', '-log-level=WARNING']
2023-11-26 20:01:25;UNIUSDT;30m;2.0;175;36;76;100.0;3;106.2;['-batch-training', '-calc-rsi', '-verbose', '-prediction-mode=index', '-interval-list=30m', '-range-min-rsi=28', '-range-max-rsi=80', '-range-p-ema=50,250', '-target-margin-list=1.0,1.5,2.0,2.5,3.0,3.5,4.0,4.5,5.0', '-log-level=WARNING']
2023-11-26 19:48:44;UNIUSDT;30m;1.0;150;36;78;100.0;5;106.2;['-batch-training', '-calc-rsi', '-verbose', '-prediction-mode=index', '-interval-list=30m', '-range-min-rsi=28', '-range-max-rsi=80', '-range-p-ema=50,250', '-target-margin-list=1.0,1.5,2.0,2.5,3.0,3.5,4.0,4.5,5.0', '-log-level=WARNING']
2023-11-26 20:34:59;UNIUSDT;30m;1.0;250;32;80;100.0;5;106.2;['-batch-training', '-calc-rsi', '-verbose', '-prediction-mode=index', '-interval-list=30m', '-range-min-rsi=28', '-range-max-rsi=80', '-range-p-ema=50,250', '-target-margin-list=1.0,1.5,2.0,2.5,3.0,3.5,4.0,4.5,5.0', '-log-level=WARNING']
2023-11-26 20:34:51;UNIUSDT;30m;1.0;250;28;80;100.0;5;106.21;['-batch-training', '-calc-rsi', '-verbose', '-prediction-mode=index', '-interval-list=30m', '-range-min-rsi=28', '-range-max-rsi=80', '-range-p-ema=50,250', '-target-margin-list=1.0,1.5,2.0,2.5,3.0,3.5,4.0,4.5,5.0', '-log-level=WARNING']
2023-11-26 20:02:06;UNIUSDT;30m;2.5;175;36;72;100.0;2;106.21;['-batch-training', '-calc-rsi', '-verbose', '-prediction-mode=index', '-interval-list=30m', '-range-min-rsi=28', '-range-max-rsi=80', '-range-p-ema=50,250', '-target-margin-list=1.0,1.5,2.0,2.5,3.0,3.5,4.0,4.5,5.0', '-log-level=WARNING']
2023-11-26 20:00:26;UNIUSDT;30m;1.5;175;32;78;100.0;2;106.23;['-batch-training', '-calc-rsi', '-verbose', '-prediction-mode=index', '-interval-list=30m', '-range-min-rsi=28', '-range-max-rsi=80', '-range-p-ema=50,250', '-target-margin-list=1.0,1.5,2.0,2.5,3.0,3.5,4.0,4.5,5.0', '-log-level=WARNING']
2023-11-26 20:23:56;UNIUSDT;30m;2.0;225;34;74;100.0;2;106.23;['-batch-training', '-calc-rsi', '-verbose', '-prediction-mode=index', '-interval-list=30m', '-range-min-rsi=28', '-range-max-rsi=80', '-range-p-ema=50,250', '-target-margin-list=1.0,1.5,2.0,2.5,3.0,3.5,4.0,4.5,5.0', '-log-level=WARNING']
2023-11-26 19:25:17;UNIUSDT;30m;1.0;100;30;76;100.0;6;106.24;['-batch-training', '-calc-rsi', '-verbose', '-prediction-mode=index', '-interval-list=30m', '-range-min-rsi=28', '-range-max-rsi=80', '-range-p-ema=50,250', '-target-margin-list=1.0,1.5,2.0,2.5,3.0,3.5,4.0,4.5,5.0', '-log-level=WARNING']
2023-11-26 20:23:00;UNIUSDT;30m;1.5;225;32;78;100.0;2;106.24;['-batch-training', '-calc-rsi', '-verbose', '-prediction-mode=index', '-interval-list=30m', '-range-min-rsi=28', '-range-max-rsi=80', '-range-p-ema=50,250', '-target-margin-list=1.0,1.5,2.0,2.5,3.0,3.5,4.0,4.5,5.0', '-log-level=WARNING']
2023-11-26 20:48:07;UNIUSDT;30m;1.0;50;30;76;100.0;6;106.24;['-batch-training', '-calc-rsi', '-verbose', '-prediction-mode=index', '-interval-list=30m', '-range-min-rsi=28', '-range-max-rsi=80', '-range-p-ema=50,250', '-target-margin-list=1.0,1.5,2.0,2.5,3.0,3.5,4.0,4.5,5.0', '-log-level=WARNING']
2023-11-26 19:48:18;UNIUSDT;30m;1.0;150;30;76;100.0;6;106.24;['-batch-training', '-calc-rsi', '-verbose', '-prediction-mode=index', '-interval-list=30m', '-range-min-rsi=28', '-range-max-rsi=80', '-range-p-ema=50,250', '-target-margin-list=1.0,1.5,2.0,2.5,3.0,3.5,4.0,4.5,5.0', '-log-level=WARNING']
2023-11-26 19:36:45;UNIUSDT;30m;1.0;125;30;76;100.0;6;106.24;['-batch-training', '-calc-rsi', '-verbose', '-prediction-mode=index', '-interval-list=30m', '-range-min-rsi=28', '-range-max-rsi=80', '-range-p-ema=50,250', '-target-margin-list=1.0,1.5,2.0,2.5,3.0,3.5,4.0,4.5,5.0', '-log-level=WARNING']
2023-11-26 20:10:37;UNIUSDT;30m;1.5;200;32;78;100.0;2;106.24;['-batch-training', '-calc-rsi', '-verbose', '-prediction-mode=index', '-interval-list=30m', '-range-min-rsi=28', '-range-max-rsi=80', '-range-p-ema=50,250', '-target-margin-list=1.0,1.5,2.0,2.5,3.0,3.5,4.0,4.5,5.0', '-log-level=WARNING']
2023-11-26 21:02:57;UNIUSDT;30m;1.0;75;30;76;100.0;6;106.24;['-batch-training', '-calc-rsi', '-verbose', '-prediction-mode=index', '-interval-list=30m', '-range-min-rsi=28', '-range-max-rsi=80', '-range-p-ema=50,250', '-target-margin-list=1.0,1.5,2.0,2.5,3.0,3.5,4.0,4.5,5.0', '-log-level=WARNING']
2023-11-26 21:08:56;UNIUSDT;30m;2.5;75;36;78;100.0;6;106.26;['-batch-training', '-calc-rsi', '-verbose', '-prediction-mode=index', '-interval-list=30m', '-range-min-rsi=28', '-range-max-rsi=80', '-range-p-ema=50,250', '-target-margin-list=1.0,1.5,2.0,2.5,3.0,3.5,4.0,4.5,5.0', '-log-level=WARNING']
2023-11-26 19:41:04;UNIUSDT;30m;2.5;125;36;78;100.0;6;106.26;['-batch-training', '-calc-rsi', '-verbose', '-prediction-mode=index', '-interval-list=30m', '-range-min-rsi=28', '-range-max-rsi=80', '-range-p-ema=50,250', '-target-margin-list=1.0,1.5,2.0,2.5,3.0,3.5,4.0,4.5,5.0', '-log-level=WARNING']
2023-11-26 20:10:56;UNIUSDT;30m;1.5;200;34;80;100.0;2;106.26;['-batch-training', '-calc-rsi', '-verbose', '-prediction-mode=index', '-interval-list=30m', '-range-min-rsi=28', '-range-max-rsi=80', '-range-p-ema=50,250', '-target-margin-list=1.0,1.5,2.0,2.5,3.0,3.5,4.0,4.5,5.0', '-log-level=WARNING']
2023-11-26 19:29:35;UNIUSDT;30m;2.5;100;36;78;100.0;6;106.26;['-batch-training', '-calc-rsi', '-verbose', '-prediction-mode=index', '-interval-list=30m', '-range-min-rsi=28', '-range-max-rsi=80', '-range-p-ema=50,250', '-target-margin-list=1.0,1.5,2.0,2.5,3.0,3.5,4.0,4.5,5.0', '-log-level=WARNING']
2023-11-26 20:53:30;UNIUSDT;30m;2.5;50;36;78;100.0;6;106.26;['-batch-training', '-calc-rsi', '-verbose', '-prediction-mode=index', '-interval-list=30m', '-range-min-rsi=28', '-range-max-rsi=80', '-range-p-ema=50,250', '-target-margin-list=1.0,1.5,2.0,2.5,3.0,3.5,4.0,4.5,5.0', '-log-level=WARNING']
2023-11-26 20:50:06;UNIUSDT;30m;1.5;50;32;78;100.0;6;106.27;['-batch-training', '-calc-rsi', '-verbose', '-prediction-mode=index', '-interval-list=30m', '-range-min-rsi=28', '-range-max-rsi=80', '-range-p-ema=50,250', '-target-margin-list=1.0,1.5,2.0,2.5,3.0,3.5,4.0,4.5,5.0', '-log-level=WARNING']
2023-11-26 19:26:54;UNIUSDT;30m;1.5;100;32;78;100.0;6;106.27;['-batch-training', '-calc-rsi', '-verbose', '-prediction-mode=index', '-interval-list=30m', '-range-min-rsi=28', '-range-max-rsi=80', '-range-p-ema=50,250', '-target-margin-list=1.0,1.5,2.0,2.5,3.0,3.5,4.0,4.5,5.0', '-log-level=WARNING']
2023-11-26 21:05:11;UNIUSDT;30m;1.5;75;32;78;100.0;6;106.27;['-batch-training', '-calc-rsi', '-verbose', '-prediction-mode=index', '-interval-list=30m', '-range-min-rsi=28', '-range-max-rsi=80', '-range-p-ema=50,250', '-target-margin-list=1.0,1.5,2.0,2.5,3.0,3.5,4.0,4.5,5.0', '-log-level=WARNING']
2023-11-26 19:38:23;UNIUSDT;30m;1.5;125;32;78;100.0;6;106.27;['-batch-training', '-calc-rsi', '-verbose', '-prediction-mode=index', '-interval-list=30m', '-range-min-rsi=28', '-range-max-rsi=80', '-range-p-ema=50,250', '-target-margin-list=1.0,1.5,2.0,2.5,3.0,3.5,4.0,4.5,5.0', '-log-level=WARNING']
2023-11-26 20:01:48;UNIUSDT;30m;2.0;175;32;80;100.0;4;106.28;['-batch-training', '-calc-rsi', '-verbose', '-prediction-mode=index', '-interval-list=30m', '-range-min-rsi=28', '-range-max-rsi=80', '-range-p-ema=50,250', '-target-margin-list=1.0,1.5,2.0,2.5,3.0,3.5,4.0,4.5,5.0', '-log-level=WARNING']
2023-11-26 19:51:28;UNIUSDT;30m;2.0;150;32;80;100.0;4;106.28;['-batch-training', '-calc-rsi', '-verbose', '-prediction-mode=index', '-interval-list=30m', '-range-min-rsi=28', '-range-max-rsi=80', '-range-p-ema=50,250', '-target-margin-list=1.0,1.5,2.0,2.5,3.0,3.5,4.0,4.5,5.0', '-log-level=WARNING']
2023-11-26 19:54:37;UNIUSDT;30m;3.5;150;36;76;100.0;4;106.29;['-batch-training', '-calc-rsi', '-verbose', '-prediction-mode=index', '-interval-list=30m', '-range-min-rsi=28', '-range-max-rsi=80', '-range-p-ema=50,250', '-target-margin-list=1.0,1.5,2.0,2.5,3.0,3.5,4.0,4.5,5.0', '-log-level=WARNING']
2023-11-26 20:24:58;UNIUSDT;30m;2.5;225;30;72;100.0;5;106.31;['-batch-training', '-calc-rsi', '-verbose', '-prediction-mode=index', '-interval-list=30m', '-range-min-rsi=28', '-range-max-rsi=80', '-range-p-ema=50,250', '-target-margin-list=1.0,1.5,2.0,2.5,3.0,3.5,4.0,4.5,5.0', '-log-level=WARNING']
2023-11-26 19:51:41;UNIUSDT;30m;2.5;150;30;72;100.0;5;106.31;['-batch-training', '-calc-rsi', '-verbose', '-prediction-mode=index', '-interval-list=30m', '-range-min-rsi=28', '-range-max-rsi=80', '-range-p-ema=50,250', '-target-margin-list=1.0,1.5,2.0,2.5,3.0,3.5,4.0,4.5,5.0', '-log-level=WARNING']
2023-11-26 19:40:09;UNIUSDT;30m;2.5;125;30;72;100.0;5;106.31;['-batch-training', '-calc-rsi', '-verbose', '-prediction-mode=index', '-interval-list=30m', '-range-min-rsi=28', '-range-max-rsi=80', '-range-p-ema=50,250', '-target-margin-list=1.0,1.5,2.0,2.5,3.0,3.5,4.0,4.5,5.0', '-log-level=WARNING']
2023-11-26 21:07:38;UNIUSDT;30m;2.5;75;30;72;100.0;5;106.31;['-batch-training', '-calc-rsi', '-verbose', '-prediction-mode=index', '-interval-list=30m', '-range-min-rsi=28', '-range-max-rsi=80', '-range-p-ema=50,250', '-target-margin-list=1.0,1.5,2.0,2.5,3.0,3.5,4.0,4.5,5.0', '-log-level=WARNING']
2023-11-26 20:52:19;UNIUSDT;30m;2.5;50;30;72;100.0;5;106.31;['-batch-training', '-calc-rsi', '-verbose', '-prediction-mode=index', '-interval-list=30m', '-range-min-rsi=28', '-range-max-rsi=80', '-range-p-ema=50,250', '-target-margin-list=1.0,1.5,2.0,2.5,3.0,3.5,4.0,4.5,5.0', '-log-level=WARNING']
2023-11-26 19:28:41;UNIUSDT;30m;2.5;100;30;72;100.0;5;106.31;['-batch-training', '-calc-rsi', '-verbose', '-prediction-mode=index', '-interval-list=30m', '-range-min-rsi=28', '-range-max-rsi=80', '-range-p-ema=50,250', '-target-margin-list=1.0,1.5,2.0,2.5,3.0,3.5,4.0,4.5,5.0', '-log-level=WARNING']
2023-11-26 20:21:36;UNIUSDT;30m;1.0;225;34;78;100.0;7;106.31;['-batch-training', '-calc-rsi', '-verbose', '-prediction-mode=index', '-interval-list=30m', '-range-min-rsi=28', '-range-max-rsi=80', '-range-p-ema=50,250', '-target-margin-list=1.0,1.5,2.0,2.5,3.0,3.5,4.0,4.5,5.0', '-log-level=WARNING']
2023-11-26 20:12:24;UNIUSDT;30m;2.5;200;30;72;100.0;5;106.31;['-batch-training', '-calc-rsi', '-verbose', '-prediction-mode=index', '-interval-list=30m', '-range-min-rsi=28', '-range-max-rsi=80', '-range-p-ema=50,250', '-target-margin-list=1.0,1.5,2.0,2.5,3.0,3.5,4.0,4.5,5.0', '-log-level=WARNING']
2023-11-26 20:01:59;UNIUSDT;30m;2.5;175;30;72;100.0;5;106.31;['-batch-training', '-calc-rsi', '-verbose', '-prediction-mode=index', '-interval-list=30m', '-range-min-rsi=28', '-range-max-rsi=80', '-range-p-ema=50,250', '-target-margin-list=1.0,1.5,2.0,2.5,3.0,3.5,4.0,4.5,5.0', '-log-level=WARNING']
2023-11-26 20:01:09;UNIUSDT;30m;2.0;175;34;74;100.0;3;106.32;['-batch-training', '-calc-rsi', '-verbose', '-prediction-mode=index', '-interval-list=30m', '-range-min-rsi=28', '-range-max-rsi=80', '-range-p-ema=50,250', '-target-margin-list=1.0,1.5,2.0,2.5,3.0,3.5,4.0,4.5,5.0', '-log-level=WARNING']
2023-11-26 19:39:13;UNIUSDT;30m;2.0;125;34;74;100.0;3;106.32;['-batch-training', '-calc-rsi', '-verbose', '-prediction-mode=index', '-interval-list=30m', '-range-min-rsi=28', '-range-max-rsi=80', '-range-p-ema=50,250', '-target-margin-list=1.0,1.5,2.0,2.5,3.0,3.5,4.0,4.5,5.0', '-log-level=WARNING']
2023-11-26 19:27:44;UNIUSDT;30m;2.0;100;34;74;100.0;3;106.32;['-batch-training', '-calc-rsi', '-verbose', '-prediction-mode=index', '-interval-list=30m', '-range-min-rsi=28', '-range-max-rsi=80', '-range-p-ema=50,250', '-target-margin-list=1.0,1.5,2.0,2.5,3.0,3.5,4.0,4.5,5.0', '-log-level=WARNING']
2023-11-26 21:06:19;UNIUSDT;30m;2.0;75;34;74;100.0;3;106.32;['-batch-training', '-calc-rsi', '-verbose', '-prediction-mode=index', '-interval-list=30m', '-range-min-rsi=28', '-range-max-rsi=80', '-range-p-ema=50,250', '-target-margin-list=1.0,1.5,2.0,2.5,3.0,3.5,4.0,4.5,5.0', '-log-level=WARNING']
2023-11-26 20:51:08;UNIUSDT;30m;2.0;50;34;74;100.0;3;106.32;['-batch-training', '-calc-rsi', '-verbose', '-prediction-mode=index', '-interval-list=30m', '-range-min-rsi=28', '-range-max-rsi=80', '-range-p-ema=50,250', '-target-margin-list=1.0,1.5,2.0,2.5,3.0,3.5,4.0,4.5,5.0', '-log-level=WARNING']
2023-11-26 20:09:24;UNIUSDT;30m;1.0;200;34;78;100.0;6;106.33;['-batch-training', '-calc-rsi', '-verbose', '-prediction-mode=index', '-interval-list=30m', '-range-min-rsi=28', '-range-max-rsi=80', '-range-p-ema=50,250', '-target-margin-list=1.0,1.5,2.0,2.5,3.0,3.5,4.0,4.5,5.0', '-log-level=WARNING']
2023-11-26 20:35:25;UNIUSDT;30m;1.5;250;36;72;100.0;4;106.33;['-batch-training', '-calc-rsi', '-verbose', '-prediction-mode=index', '-interval-list=30m', '-range-min-rsi=28', '-range-max-rsi=80', '-range-p-ema=50,250', '-target-margin-list=1.0,1.5,2.0,2.5,3.0,3.5,4.0,4.5,5.0', '-log-level=WARNING']
2023-11-26 20:08:32;UNIUSDT;30m;1.0;200;28;72;100.0;3;106.34;['-batch-training', '-calc-rsi', '-verbose', '-prediction-mode=index', '-interval-list=30m', '-range-min-rsi=28', '-range-max-rsi=80', '-range-p-ema=50,250', '-target-margin-list=1.0,1.5,2.0,2.5,3.0,3.5,4.0,4.5,5.0', '-log-level=WARNING']
2023-11-26 19:24:42;UNIUSDT;30m;1.0;100;28;72;100.0;3;106.34;['-batch-training', '-calc-rsi', '-verbose', '-prediction-mode=index', '-interval-list=30m', '-range-min-rsi=28', '-range-max-rsi=80', '-range-p-ema=50,250', '-target-margin-list=1.0,1.5,2.0,2.5,3.0,3.5,4.0,4.5,5.0', '-log-level=WARNING']
2023-11-26 20:35:56;UNIUSDT;30m;1.5;250;34;76;100.0;7;106.34;['-batch-training', '-calc-rsi', '-verbose', '-prediction-mode=index', '-interval-list=30m', '-range-min-rsi=28', '-range-max-rsi=80', '-range-p-ema=50,250', '-target-margin-list=1.0,1.5,2.0,2.5,3.0,3.5,4.0,4.5,5.0', '-log-level=WARNING']
2023-11-26 21:02:12;UNIUSDT;30m;1.0;75;28;72;100.0;3;106.34;['-batch-training', '-calc-rsi', '-verbose', '-prediction-mode=index', '-interval-list=30m', '-range-min-rsi=28', '-range-max-rsi=80', '-range-p-ema=50,250', '-target-margin-list=1.0,1.5,2.0,2.5,3.0,3.5,4.0,4.5,5.0', '-log-level=WARNING']
2023-11-26 19:58:30;UNIUSDT;30m;1.0;175;28;72;100.0;3;106.34;['-batch-training', '-calc-rsi', '-verbose', '-prediction-mode=index', '-interval-list=30m', '-range-min-rsi=28', '-range-max-rsi=80', '-range-p-ema=50,250', '-target-margin-list=1.0,1.5,2.0,2.5,3.0,3.5,4.0,4.5,5.0', '-log-level=WARNING']
2023-11-26 20:38:24;UNIUSDT;30m;2.5;250;36;72;100.0;2;106.34;['-batch-training', '-calc-rsi', '-verbose', '-prediction-mode=index', '-interval-list=30m', '-range-min-rsi=28', '-range-max-rsi=80', '-range-p-ema=50,250', '-target-margin-list=1.0,1.5,2.0,2.5,3.0,3.5,4.0,4.5,5.0', '-log-level=WARNING']
2023-11-26 19:47:43;UNIUSDT;30m;1.0;150;28;72;100.0;3;106.34;['-batch-training', '-calc-rsi', '-verbose', '-prediction-mode=index', '-interval-list=30m', '-range-min-rsi=28', '-range-max-rsi=80', '-range-p-ema=50,250', '-target-margin-list=1.0,1.5,2.0,2.5,3.0,3.5,4.0,4.5,5.0', '-log-level=WARNING']
2023-11-26 19:36:08;UNIUSDT;30m;1.0;125;28;72;100.0;3;106.34;['-batch-training', '-calc-rsi', '-verbose', '-prediction-mode=index', '-interval-list=30m', '-range-min-rsi=28', '-range-max-rsi=80', '-range-p-ema=50,250', '-target-margin-list=1.0,1.5,2.0,2.5,3.0,3.5,4.0,4.5,5.0', '-log-level=WARNING']
2023-11-26 20:47:26;UNIUSDT;30m;1.0;50;28;72;100.0;3;106.34;['-batch-training', '-calc-rsi', '-verbose', '-prediction-mode=index', '-interval-list=30m', '-range-min-rsi=28', '-range-max-rsi=80', '-range-p-ema=50,250', '-target-margin-list=1.0,1.5,2.0,2.5,3.0,3.5,4.0,4.5,5.0', '-log-level=WARNING']
2023-11-26 21:03:48;UNIUSDT;30m;1.0;75;34;80;100.0;6;106.36;['-batch-training', '-calc-rsi', '-verbose', '-prediction-mode=index', '-interval-list=30m', '-range-min-rsi=28', '-range-max-rsi=80', '-range-p-ema=50,250', '-target-margin-list=1.0,1.5,2.0,2.5,3.0,3.5,4.0,4.5,5.0', '-log-level=WARNING']
2023-11-26 19:25:55;UNIUSDT;30m;1.0;100;34;80;100.0;6;106.36;['-batch-training', '-calc-rsi', '-verbose', '-prediction-mode=index', '-interval-list=30m', '-range-min-rsi=28', '-range-max-rsi=80', '-range-p-ema=50,250', '-target-margin-list=1.0,1.5,2.0,2.5,3.0,3.5,4.0,4.5,5.0', '-log-level=WARNING']
2023-11-26 19:37:23;UNIUSDT;30m;1.0;125;34;80;100.0;6;106.36;['-batch-training', '-calc-rsi', '-verbose', '-prediction-mode=index', '-interval-list=30m', '-range-min-rsi=28', '-range-max-rsi=80', '-range-p-ema=50,250', '-target-margin-list=1.0,1.5,2.0,2.5,3.0,3.5,4.0,4.5,5.0', '-log-level=WARNING']
2023-11-26 19:28:02;UNIUSDT;30m;2.0;100;36;76;100.0;6;106.36;['-batch-training', '-calc-rsi', '-verbose', '-prediction-mode=index', '-interval-list=30m', '-range-min-rsi=28', '-range-max-rsi=80', '-range-p-ema=50,250', '-target-margin-list=1.0,1.5,2.0,2.5,3.0,3.5,4.0,4.5,5.0', '-log-level=WARNING']
2023-11-26 21:06:46;UNIUSDT;30m;2.0;75;36;76;100.0;6;106.36;['-batch-training', '-calc-rsi', '-verbose', '-prediction-mode=index', '-interval-list=30m', '-range-min-rsi=28', '-range-max-rsi=80', '-range-p-ema=50,250', '-target-margin-list=1.0,1.5,2.0,2.5,3.0,3.5,4.0,4.5,5.0', '-log-level=WARNING']
2023-11-26 19:52:20;UNIUSDT;30m;2.5;150;36;76;100.0;2;106.36;['-batch-training', '-calc-rsi', '-verbose', '-prediction-mode=index', '-interval-list=30m', '-range-min-rsi=28', '-range-max-rsi=80', '-range-p-ema=50,250', '-target-margin-list=1.0,1.5,2.0,2.5,3.0,3.5,4.0,4.5,5.0', '-log-level=WARNING']
2023-11-26 20:48:54;UNIUSDT;30m;1.0;50;34;80;100.0;6;106.36;['-batch-training', '-calc-rsi', '-verbose', '-prediction-mode=index', '-interval-list=30m', '-range-min-rsi=28', '-range-max-rsi=80', '-range-p-ema=50,250', '-target-margin-list=1.0,1.5,2.0,2.5,3.0,3.5,4.0,4.5,5.0', '-log-level=WARNING']
2023-11-26 19:39:31;UNIUSDT;30m;2.0;125;36;76;100.0;6;106.36;['-batch-training', '-calc-rsi', '-verbose', '-prediction-mode=index', '-interval-list=30m', '-range-min-rsi=28', '-range-max-rsi=80', '-range-p-ema=50,250', '-target-margin-list=1.0,1.5,2.0,2.5,3.0,3.5,4.0,4.5,5.0', '-log-level=WARNING']
2023-11-26 20:51:32;UNIUSDT;30m;2.0;50;36;76;100.0;6;106.36;['-batch-training', '-calc-rsi', '-verbose', '-prediction-mode=index', '-interval-list=30m', '-range-min-rsi=28', '-range-max-rsi=80', '-range-p-ema=50,250', '-target-margin-list=1.0,1.5,2.0,2.5,3.0,3.5,4.0,4.5,5.0', '-log-level=WARNING']
2023-11-26 19:58:30;UNIUSDT;30m;1.0;175;28;72;100.0;4;106.37;['-batch-training', '-calc-rsi', '-verbose', '-prediction-mode=index', '-interval-list=30m', '-range-min-rsi=28', '-range-max-rsi=80', '-range-p-ema=50,250', '-target-margin-list=1.0,1.5,2.0,2.5,3.0,3.5,4.0,4.5,5.0', '-log-level=WARNING']
2023-11-26 21:02:12;UNIUSDT;30m;1.0;75;28;72;100.0;4;106.37;['-batch-training', '-calc-rsi', '-verbose', '-prediction-mode=index', '-interval-list=30m', '-range-min-rsi=28', '-range-max-rsi=80', '-range-p-ema=50,250', '-target-margin-list=1.0,1.5,2.0,2.5,3.0,3.5,4.0,4.5,5.0', '-log-level=WARNING']
2023-11-26 20:08:32;UNIUSDT;30m;1.0;200;28;72;100.0;4;106.37;['-batch-training', '-calc-rsi', '-verbose', '-prediction-mode=index', '-interval-list=30m', '-range-min-rsi=28', '-range-max-rsi=80', '-range-p-ema=50,250', '-target-margin-list=1.0,1.5,2.0,2.5,3.0,3.5,4.0,4.5,5.0', '-log-level=WARNING']
2023-11-26 19:47:43;UNIUSDT;30m;1.0;150;28;72;100.0;4;106.37;['-batch-training', '-calc-rsi', '-verbose', '-prediction-mode=index', '-interval-list=30m', '-range-min-rsi=28', '-range-max-rsi=80', '-range-p-ema=50,250', '-target-margin-list=1.0,1.5,2.0,2.5,3.0,3.5,4.0,4.5,5.0', '-log-level=WARNING']
2023-11-26 20:47:26;UNIUSDT;30m;1.0;50;28;72;100.0;4;106.37;['-batch-training', '-calc-rsi', '-verbose', '-prediction-mode=index', '-interval-list=30m', '-range-min-rsi=28', '-range-max-rsi=80', '-range-p-ema=50,250', '-target-margin-list=1.0,1.5,2.0,2.5,3.0,3.5,4.0,4.5,5.0', '-log-level=WARNING']
2023-11-26 19:24:42;UNIUSDT;30m;1.0;100;28;72;100.0;4;106.37;['-batch-training', '-calc-rsi', '-verbose', '-prediction-mode=index', '-interval-list=30m', '-range-min-rsi=28', '-range-max-rsi=80', '-range-p-ema=50,250', '-target-margin-list=1.0,1.5,2.0,2.5,3.0,3.5,4.0,4.5,5.0', '-log-level=WARNING']
2023-11-26 19:59:34;UNIUSDT;30m;1.0;175;34;80;100.0;4;106.37;['-batch-training', '-calc-rsi', '-verbose', '-prediction-mode=index', '-interval-list=30m', '-range-min-rsi=28', '-range-max-rsi=80', '-range-p-ema=50,250', '-target-margin-list=1.0,1.5,2.0,2.5,3.0,3.5,4.0,4.5,5.0', '-log-level=WARNING']
2023-11-26 19:36:08;UNIUSDT;30m;1.0;125;28;72;100.0;4;106.37;['-batch-training', '-calc-rsi', '-verbose', '-prediction-mode=index', '-interval-list=30m', '-range-min-rsi=28', '-range-max-rsi=80', '-range-p-ema=50,250', '-target-margin-list=1.0,1.5,2.0,2.5,3.0,3.5,4.0,4.5,5.0', '-log-level=WARNING']
2023-11-26 20:35:21;UNIUSDT;30m;1.5;250;34;72;100.0;7;106.4;['-batch-training', '-calc-rsi', '-verbose', '-prediction-mode=index', '-interval-list=30m', '-range-min-rsi=28', '-range-max-rsi=80', '-range-p-ema=50,250', '-target-margin-list=1.0,1.5,2.0,2.5,3.0,3.5,4.0,4.5,5.0', '-log-level=WARNING']
2023-11-26 19:49:58;UNIUSDT;30m;1.5;150;34;78;100.0;6;106.4;['-batch-training', '-calc-rsi', '-verbose', '-prediction-mode=index', '-interval-list=30m', '-range-min-rsi=28', '-range-max-rsi=80', '-range-p-ema=50,250', '-target-margin-list=1.0,1.5,2.0,2.5,3.0,3.5,4.0,4.5,5.0', '-log-level=WARNING']
2023-11-26 19:49:27;UNIUSDT;30m;1.5;150;34;74;100.0;6;106.41;['-batch-training', '-calc-rsi', '-verbose', '-prediction-mode=index', '-interval-list=30m', '-range-min-rsi=28', '-range-max-rsi=80', '-range-p-ema=50,250', '-target-margin-list=1.0,1.5,2.0,2.5,3.0,3.5,4.0,4.5,5.0', '-log-level=WARNING']
2023-11-26 20:34:38;UNIUSDT;30m;1.0;250;30;78;100.0;5;106.42;['-batch-training', '-calc-rsi', '-verbose', '-prediction-mode=index', '-interval-list=30m', '-range-min-rsi=28', '-range-max-rsi=80', '-range-p-ema=50,250', '-target-margin-list=1.0,1.5,2.0,2.5,3.0,3.5,4.0,4.5,5.0', '-log-level=WARNING']
2023-11-26 21:06:36;UNIUSDT;30m;2.0;75;32;76;100.0;4;106.44;['-batch-training', '-calc-rsi', '-verbose', '-prediction-mode=index', '-interval-list=30m', '-range-min-rsi=28', '-range-max-rsi=80', '-range-p-ema=50,250', '-target-margin-list=1.0,1.5,2.0,2.5,3.0,3.5,4.0,4.5,5.0', '-log-level=WARNING']
2023-11-26 20:36:25;UNIUSDT;30m;1.5;250;30;80;100.0;3;106.44;['-batch-training', '-calc-rsi', '-verbose', '-prediction-mode=index', '-interval-list=30m', '-range-min-rsi=28', '-range-max-rsi=80', '-range-p-ema=50,250', '-target-margin-list=1.0,1.5,2.0,2.5,3.0,3.5,4.0,4.5,5.0', '-log-level=WARNING']
2023-11-26 20:51:24;UNIUSDT;30m;2.0;50;32;76;100.0;4;106.44;['-batch-training', '-calc-rsi', '-verbose', '-prediction-mode=index', '-interval-list=30m', '-range-min-rsi=28', '-range-max-rsi=80', '-range-p-ema=50,250', '-target-margin-list=1.0,1.5,2.0,2.5,3.0,3.5,4.0,4.5,5.0', '-log-level=WARNING']
2023-11-26 19:27:56;UNIUSDT;30m;2.0;100;32;76;100.0;4;106.44;['-batch-training', '-calc-rsi', '-verbose', '-prediction-mode=index', '-interval-list=30m', '-range-min-rsi=28', '-range-max-rsi=80', '-range-p-ema=50,250', '-target-margin-list=1.0,1.5,2.0,2.5,3.0,3.5,4.0,4.5,5.0', '-log-level=WARNING']
2023-11-26 19:39:26;UNIUSDT;30m;2.0;125;32;76;100.0;4;106.44;['-batch-training', '-calc-rsi', '-verbose', '-prediction-mode=index', '-interval-list=30m', '-range-min-rsi=28', '-range-max-rsi=80', '-range-p-ema=50,250', '-target-margin-list=1.0,1.5,2.0,2.5,3.0,3.5,4.0,4.5,5.0', '-log-level=WARNING']
2023-11-26 19:50:14;UNIUSDT;30m;1.5;150;34;80;100.0;3;106.45;['-batch-training', '-calc-rsi', '-verbose', '-prediction-mode=index', '-interval-list=30m', '-range-min-rsi=28', '-range-max-rsi=80', '-range-p-ema=50,250', '-target-margin-list=1.0,1.5,2.0,2.5,3.0,3.5,4.0,4.5,5.0', '-log-level=WARNING']
2023-11-26 19:27:00;UNIUSDT;30m;1.5;100;36;78;100.0;3;106.46;['-batch-training', '-calc-rsi', '-verbose', '-prediction-mode=index', '-interval-list=30m', '-range-min-rsi=28', '-range-max-rsi=80', '-range-p-ema=50,250', '-target-margin-list=1.0,1.5,2.0,2.5,3.0,3.5,4.0,4.5,5.0', '-log-level=WARNING']
2023-11-26 19:59:51;UNIUSDT;30m;1.5;175;36;72;100.0;4;106.46;['-batch-training', '-calc-rsi', '-verbose', '-prediction-mode=index', '-interval-list=30m', '-range-min-rsi=28', '-range-max-rsi=80', '-range-p-ema=50,250', '-target-margin-list=1.0,1.5,2.0,2.5,3.0,3.5,4.0,4.5,5.0', '-log-level=WARNING']
2023-11-26 19:38:29;UNIUSDT;30m;1.5;125;36;78;100.0;3;106.46;['-batch-training', '-calc-rsi', '-verbose', '-prediction-mode=index', '-interval-list=30m', '-range-min-rsi=28', '-range-max-rsi=80', '-range-p-ema=50,250', '-target-margin-list=1.0,1.5,2.0,2.5,3.0,3.5,4.0,4.5,5.0', '-log-level=WARNING']
2023-11-26 20:09:56;UNIUSDT;30m;1.5;200;36;72;100.0;4;106.48;['-batch-training', '-calc-rsi', '-verbose', '-prediction-mode=index', '-interval-list=30m', '-range-min-rsi=28', '-range-max-rsi=80', '-range-p-ema=50,250', '-target-margin-list=1.0,1.5,2.0,2.5,3.0,3.5,4.0,4.5,5.0', '-log-level=WARNING']
2023-11-26 20:00:59;UNIUSDT;30m;2.0;175;36;72;100.0;3;106.48;['-batch-training', '-calc-rsi', '-verbose', '-prediction-mode=index', '-interval-list=30m', '-range-min-rsi=28', '-range-max-rsi=80', '-range-p-ema=50,250', '-target-margin-list=1.0,1.5,2.0,2.5,3.0,3.5,4.0,4.5,5.0', '-log-level=WARNING']
2023-11-26 20:11:59;UNIUSDT;30m;2.0;200;34;78;100.0;2;106.49;['-batch-training', '-calc-rsi', '-verbose', '-prediction-mode=index', '-interval-list=30m', '-range-min-rsi=28', '-range-max-rsi=80', '-range-p-ema=50,250', '-target-margin-list=1.0,1.5,2.0,2.5,3.0,3.5,4.0,4.5,5.0', '-log-level=WARNING']
2023-11-26 20:35:53;UNIUSDT;30m;1.5;250;32;76;100.0;7;106.49;['-batch-training', '-calc-rsi', '-verbose', '-prediction-mode=index', '-interval-list=30m', '-range-min-rsi=28', '-range-max-rsi=80', '-range-p-ema=50,250', '-target-margin-list=1.0,1.5,2.0,2.5,3.0,3.5,4.0,4.5,5.0', '-log-level=WARNING']
2023-11-26 20:37:58;UNIUSDT;30m;2.0;250;32;80;100.0;4;106.5;['-batch-training', '-calc-rsi', '-verbose', '-prediction-mode=index', '-interval-list=30m', '-range-min-rsi=28', '-range-max-rsi=80', '-range-p-ema=50,250', '-target-margin-list=1.0,1.5,2.0,2.5,3.0,3.5,4.0,4.5,5.0', '-log-level=WARNING']
2023-11-26 19:53:34;UNIUSDT;30m;3.0;150;30;78;100.0;5;106.5;['-batch-training', '-calc-rsi', '-verbose', '-prediction-mode=index', '-interval-list=30m', '-range-min-rsi=28', '-range-max-rsi=80', '-range-p-ema=50,250', '-target-margin-list=1.0,1.5,2.0,2.5,3.0,3.5,4.0,4.5,5.0', '-log-level=WARNING']
2023-11-26 20:14:33;UNIUSDT;30m;3.0;200;30;78;100.0;5;106.5;['-batch-training', '-calc-rsi', '-verbose', '-prediction-mode=index', '-interval-list=30m', '-range-min-rsi=28', '-range-max-rsi=80', '-range-p-ema=50,250', '-target-margin-list=1.0,1.5,2.0,2.5,3.0,3.5,4.0,4.5,5.0', '-log-level=WARNING']
2023-11-26 20:40:40;UNIUSDT;30m;3.0;250;30;78;100.0;5;106.5;['-batch-training', '-calc-rsi', '-verbose', '-prediction-mode=index', '-interval-list=30m', '-range-min-rsi=28', '-range-max-rsi=80', '-range-p-ema=50,250', '-target-margin-list=1.0,1.5,2.0,2.5,3.0,3.5,4.0,4.5,5.0', '-log-level=WARNING']
2023-11-26 20:00:23;UNIUSDT;30m;1.5;175;30;78;100.0;3;106.5;['-batch-training', '-calc-rsi', '-verbose', '-prediction-mode=index', '-interval-list=30m', '-range-min-rsi=28', '-range-max-rsi=80', '-range-p-ema=50,250', '-target-margin-list=1.0,1.5,2.0,2.5,3.0,3.5,4.0,4.5,5.0', '-log-level=WARNING']
2023-11-26 20:54:58;UNIUSDT;30m;3.0;50;30;78;100.0;5;106.5;['-batch-training', '-calc-rsi', '-verbose', '-prediction-mode=index', '-interval-list=30m', '-range-min-rsi=28', '-range-max-rsi=80', '-range-p-ema=50,250', '-target-margin-list=1.0,1.5,2.0,2.5,3.0,3.5,4.0,4.5,5.0', '-log-level=WARNING']
2023-11-26 19:30:41;UNIUSDT;30m;3.0;100;30;78;100.0;5;106.5;['-batch-training', '-calc-rsi', '-verbose', '-prediction-mode=index', '-interval-list=30m', '-range-min-rsi=28', '-range-max-rsi=80', '-range-p-ema=50,250', '-target-margin-list=1.0,1.5,2.0,2.5,3.0,3.5,4.0,4.5,5.0', '-log-level=WARNING']
2023-11-26 20:03:45;UNIUSDT;30m;3.0;175;30;78;100.0;5;106.5;['-batch-training', '-calc-rsi', '-verbose', '-prediction-mode=index', '-interval-list=30m', '-range-min-rsi=28', '-range-max-rsi=80', '-range-p-ema=50,250', '-target-margin-list=1.0,1.5,2.0,2.5,3.0,3.5,4.0,4.5,5.0', '-log-level=WARNING']
2023-11-26 20:22:57;UNIUSDT;30m;1.5;225;30;78;100.0;3;106.5;['-batch-training', '-calc-rsi', '-verbose', '-prediction-mode=index', '-interval-list=30m', '-range-min-rsi=28', '-range-max-rsi=80', '-range-p-ema=50,250', '-target-margin-list=1.0,1.5,2.0,2.5,3.0,3.5,4.0,4.5,5.0', '-log-level=WARNING']
2023-11-26 20:27:16;UNIUSDT;30m;3.0;225;30;78;100.0;5;106.5;['-batch-training', '-calc-rsi', '-verbose', '-prediction-mode=index', '-interval-list=30m', '-range-min-rsi=28', '-range-max-rsi=80', '-range-p-ema=50,250', '-target-margin-list=1.0,1.5,2.0,2.5,3.0,3.5,4.0,4.5,5.0', '-log-level=WARNING']
2023-11-26 21:10:30;UNIUSDT;30m;3.0;75;30;78;100.0;5;106.5;['-batch-training', '-calc-rsi', '-verbose', '-prediction-mode=index', '-interval-list=30m', '-range-min-rsi=28', '-range-max-rsi=80', '-range-p-ema=50,250', '-target-margin-list=1.0,1.5,2.0,2.5,3.0,3.5,4.0,4.5,5.0', '-log-level=WARNING']
2023-11-26 20:10:34;UNIUSDT;30m;1.5;200;30;78;100.0;3;106.5;['-batch-training', '-calc-rsi', '-verbose', '-prediction-mode=index', '-interval-list=30m', '-range-min-rsi=28', '-range-max-rsi=80', '-range-p-ema=50,250', '-target-margin-list=1.0,1.5,2.0,2.5,3.0,3.5,4.0,4.5,5.0', '-log-level=WARNING']
2023-11-26 19:50:26;UNIUSDT;30m;2.0;150;32;72;100.0;3;106.5;['-batch-training', '-calc-rsi', '-verbose', '-prediction-mode=index', '-interval-list=30m', '-range-min-rsi=28', '-range-max-rsi=80', '-range-p-ema=50,250', '-target-margin-list=1.0,1.5,2.0,2.5,3.0,3.5,4.0,4.5,5.0', '-log-level=WARNING']
2023-11-26 19:42:12;UNIUSDT;30m;3.0;125;30;78;100.0;5;106.5;['-batch-training', '-calc-rsi', '-verbose', '-prediction-mode=index', '-interval-list=30m', '-range-min-rsi=28', '-range-max-rsi=80', '-range-p-ema=50,250', '-target-margin-list=1.0,1.5,2.0,2.5,3.0,3.5,4.0,4.5,5.0', '-log-level=WARNING']
2023-11-26 20:00:51;UNIUSDT;30m;2.0;175;30;72;100.0;6;106.51;['-batch-training', '-calc-rsi', '-verbose', '-prediction-mode=index', '-interval-list=30m', '-range-min-rsi=28', '-range-max-rsi=80', '-range-p-ema=50,250', '-target-margin-list=1.0,1.5,2.0,2.5,3.0,3.5,4.0,4.5,5.0', '-log-level=WARNING']
2023-11-26 20:50:41;UNIUSDT;30m;2.0;50;30;72;100.0;6;106.51;['-batch-training', '-calc-rsi', '-verbose', '-prediction-mode=index', '-interval-list=30m', '-range-min-rsi=28', '-range-max-rsi=80', '-range-p-ema=50,250', '-target-margin-list=1.0,1.5,2.0,2.5,3.0,3.5,4.0,4.5,5.0', '-log-level=WARNING']
2023-11-26 19:50:23;UNIUSDT;30m;2.0;150;30;72;100.0;6;106.51;['-batch-training', '-calc-rsi', '-verbose', '-prediction-mode=index', '-interval-list=30m', '-range-min-rsi=28', '-range-max-rsi=80', '-range-p-ema=50,250', '-target-margin-list=1.0,1.5,2.0,2.5,3.0,3.5,4.0,4.5,5.0', '-log-level=WARNING']
2023-11-26 20:11:05;UNIUSDT;30m;2.0;200;30;72;100.0;6;106.51;['-batch-training', '-calc-rsi', '-verbose', '-prediction-mode=index', '-interval-list=30m', '-range-min-rsi=28', '-range-max-rsi=80', '-range-p-ema=50,250', '-target-margin-list=1.0,1.5,2.0,2.5,3.0,3.5,4.0,4.5,5.0', '-log-level=WARNING']
2023-11-26 19:38:51;UNIUSDT;30m;2.0;125;30;72;100.0;6;106.51;['-batch-training', '-calc-rsi', '-verbose', '-prediction-mode=index', '-interval-list=30m', '-range-min-rsi=28', '-range-max-rsi=80', '-range-p-ema=50,250', '-target-margin-list=1.0,1.5,2.0,2.5,3.0,3.5,4.0,4.5,5.0', '-log-level=WARNING']
2023-11-26 21:05:49;UNIUSDT;30m;2.0;75;30;72;100.0;6;106.51;['-batch-training', '-calc-rsi', '-verbose', '-prediction-mode=index', '-interval-list=30m', '-range-min-rsi=28', '-range-max-rsi=80', '-range-p-ema=50,250', '-target-margin-list=1.0,1.5,2.0,2.5,3.0,3.5,4.0,4.5,5.0', '-log-level=WARNING']
2023-11-26 20:23:32;UNIUSDT;30m;2.0;225;30;72;100.0;6;106.51;['-batch-training', '-calc-rsi', '-verbose', '-prediction-mode=index', '-interval-list=30m', '-range-min-rsi=28', '-range-max-rsi=80', '-range-p-ema=50,250', '-target-margin-list=1.0,1.5,2.0,2.5,3.0,3.5,4.0,4.5,5.0', '-log-level=WARNING']
2023-11-26 19:27:22;UNIUSDT;30m;2.0;100;30;72;100.0;6;106.51;['-batch-training', '-calc-rsi', '-verbose', '-prediction-mode=index', '-interval-list=30m', '-range-min-rsi=28', '-range-max-rsi=80', '-range-p-ema=50,250', '-target-margin-list=1.0,1.5,2.0,2.5,3.0,3.5,4.0,4.5,5.0', '-log-level=WARNING']
2023-11-26 21:03:14;UNIUSDT;30m;1.0;75;28;78;100.0;2;106.52;['-batch-training', '-calc-rsi', '-verbose', '-prediction-mode=index', '-interval-list=30m', '-range-min-rsi=28', '-range-max-rsi=80', '-range-p-ema=50,250', '-target-margin-list=1.0,1.5,2.0,2.5,3.0,3.5,4.0,4.5,5.0', '-log-level=WARNING']
2023-11-26 19:25:29;UNIUSDT;30m;1.0;100;28;78;100.0;2;106.52;['-batch-training', '-calc-rsi', '-verbose', '-prediction-mode=index', '-interval-list=30m', '-range-min-rsi=28', '-range-max-rsi=80', '-range-p-ema=50,250', '-target-margin-list=1.0,1.5,2.0,2.5,3.0,3.5,4.0,4.5,5.0', '-log-level=WARNING']
2023-11-26 20:09:15;UNIUSDT;30m;1.0;200;28;78;100.0;2;106.52;['-batch-training', '-calc-rsi', '-verbose', '-prediction-mode=index', '-interval-list=30m', '-range-min-rsi=28', '-range-max-rsi=80', '-range-p-ema=50,250', '-target-margin-list=1.0,1.5,2.0,2.5,3.0,3.5,4.0,4.5,5.0', '-log-level=WARNING']
2023-11-26 19:36:57;UNIUSDT;30m;1.0;125;28;78;100.0;2;106.52;['-batch-training', '-calc-rsi', '-verbose', '-prediction-mode=index', '-interval-list=30m', '-range-min-rsi=28', '-range-max-rsi=80', '-range-p-ema=50,250', '-target-margin-list=1.0,1.5,2.0,2.5,3.0,3.5,4.0,4.5,5.0', '-log-level=WARNING']
2023-11-26 20:48:22;UNIUSDT;30m;1.0;50;28;78;100.0;2;106.52;['-batch-training', '-calc-rsi', '-verbose', '-prediction-mode=index', '-interval-list=30m', '-range-min-rsi=28', '-range-max-rsi=80', '-range-p-ema=50,250', '-target-margin-list=1.0,1.5,2.0,2.5,3.0,3.5,4.0,4.5,5.0', '-log-level=WARNING']
2023-11-26 19:59:12;UNIUSDT;30m;1.0;175;28;78;100.0;2;106.52;['-batch-training', '-calc-rsi', '-verbose', '-prediction-mode=index', '-interval-list=30m', '-range-min-rsi=28', '-range-max-rsi=80', '-range-p-ema=50,250', '-target-margin-list=1.0,1.5,2.0,2.5,3.0,3.5,4.0,4.5,5.0', '-log-level=WARNING']
2023-11-26 20:21:26;UNIUSDT;30m;1.0;225;28;78;100.0;2;106.52;['-batch-training', '-calc-rsi', '-verbose', '-prediction-mode=index', '-interval-list=30m', '-range-min-rsi=28', '-range-max-rsi=80', '-range-p-ema=50,250', '-target-margin-list=1.0,1.5,2.0,2.5,3.0,3.5,4.0,4.5,5.0', '-log-level=WARNING']
2023-11-26 19:48:30;UNIUSDT;30m;1.0;150;28;78;100.0;2;106.52;['-batch-training', '-calc-rsi', '-verbose', '-prediction-mode=index', '-interval-list=30m', '-range-min-rsi=28', '-range-max-rsi=80', '-range-p-ema=50,250', '-target-margin-list=1.0,1.5,2.0,2.5,3.0,3.5,4.0,4.5,5.0', '-log-level=WARNING']
2023-11-26 20:21:22;UNIUSDT;30m;1.0;225;36;76;100.0;5;106.54;['-batch-training', '-calc-rsi', '-verbose', '-prediction-mode=index', '-interval-list=30m', '-range-min-rsi=28', '-range-max-rsi=80', '-range-p-ema=50,250', '-target-margin-list=1.0,1.5,2.0,2.5,3.0,3.5,4.0,4.5,5.0', '-log-level=WARNING']
2023-11-26 20:40:17;UNIUSDT;30m;3.0;250;28;76;100.0;2;106.61;['-batch-training', '-calc-rsi', '-verbose', '-prediction-mode=index', '-interval-list=30m', '-range-min-rsi=28', '-range-max-rsi=80', '-range-p-ema=50,250', '-target-margin-list=1.0,1.5,2.0,2.5,3.0,3.5,4.0,4.5,5.0', '-log-level=WARNING']
2023-11-26 20:10:49;UNIUSDT;30m;1.5;200;30;80;100.0;6;106.64;['-batch-training', '-calc-rsi', '-verbose', '-prediction-mode=index', '-interval-list=30m', '-range-min-rsi=28', '-range-max-rsi=80', '-range-p-ema=50,250', '-target-margin-list=1.0,1.5,2.0,2.5,3.0,3.5,4.0,4.5,5.0', '-log-level=WARNING']
2023-11-26 20:23:14;UNIUSDT;30m;1.5;225;30;80;100.0;6;106.64;['-batch-training', '-calc-rsi', '-verbose', '-prediction-mode=index', '-interval-list=30m', '-range-min-rsi=28', '-range-max-rsi=80', '-range-p-ema=50,250', '-target-margin-list=1.0,1.5,2.0,2.5,3.0,3.5,4.0,4.5,5.0', '-log-level=WARNING']
2023-11-26 20:36:25;UNIUSDT;30m;1.5;250;30;80;100.0;6;106.64;['-batch-training', '-calc-rsi', '-verbose', '-prediction-mode=index', '-interval-list=30m', '-range-min-rsi=28', '-range-max-rsi=80', '-range-p-ema=50,250', '-target-margin-list=1.0,1.5,2.0,2.5,3.0,3.5,4.0,4.5,5.0', '-log-level=WARNING']
2023-11-26 20:00:37;UNIUSDT;30m;1.5;175;30;80;100.0;6;106.64;['-batch-training', '-calc-rsi', '-verbose', '-prediction-mode=index', '-interval-list=30m', '-range-min-rsi=28', '-range-max-rsi=80', '-range-p-ema=50,250', '-target-margin-list=1.0,1.5,2.0,2.5,3.0,3.5,4.0,4.5,5.0', '-log-level=WARNING']
2023-11-26 21:03:23;UNIUSDT;30m;1.0;75;32;78;100.0;5;106.64;['-batch-training', '-calc-rsi', '-verbose', '-prediction-mode=index', '-interval-list=30m', '-range-min-rsi=28', '-range-max-rsi=80', '-range-p-ema=50,250', '-target-margin-list=1.0,1.5,2.0,2.5,3.0,3.5,4.0,4.5,5.0', '-log-level=WARNING']
2023-11-26 19:37:04;UNIUSDT;30m;1.0;125;32;78;100.0;5;106.64;['-batch-training', '-calc-rsi', '-verbose', '-prediction-mode=index', '-interval-list=30m', '-range-min-rsi=28', '-range-max-rsi=80', '-range-p-ema=50,250', '-target-margin-list=1.0,1.5,2.0,2.5,3.0,3.5,4.0,4.5,5.0', '-log-level=WARNING']
2023-11-26 20:23:07;UNIUSDT;30m;1.5;225;36;78;100.0;5;106.64;['-batch-training', '-calc-rsi', '-verbose', '-prediction-mode=index', '-interval-list=30m', '-range-min-rsi=28', '-range-max-rsi=80', '-range-p-ema=50,250', '-target-margin-list=1.0,1.5,2.0,2.5,3.0,3.5,4.0,4.5,5.0', '-log-level=WARNING']
2023-11-26 20:48:31;UNIUSDT;30m;1.0;50;32;78;100.0;5;106.64;['-batch-training', '-calc-rsi', '-verbose', '-prediction-mode=index', '-interval-list=30m', '-range-min-rsi=28', '-range-max-rsi=80', '-range-p-ema=50,250', '-target-margin-list=1.0,1.5,2.0,2.5,3.0,3.5,4.0,4.5,5.0', '-log-level=WARNING']
2023-11-26 19:25:36;UNIUSDT;30m;1.0;100;32;78;100.0;5;106.64;['-batch-training', '-calc-rsi', '-verbose', '-prediction-mode=index', '-interval-list=30m', '-range-min-rsi=28', '-range-max-rsi=80', '-range-p-ema=50,250', '-target-margin-list=1.0,1.5,2.0,2.5,3.0,3.5,4.0,4.5,5.0', '-log-level=WARNING']
2023-11-26 20:00:54;UNIUSDT;30m;2.0;175;32;72;100.0;4;106.66;['-batch-training', '-calc-rsi', '-verbose', '-prediction-mode=index', '-interval-list=30m', '-range-min-rsi=28', '-range-max-rsi=80', '-range-p-ema=50,250', '-target-margin-list=1.0,1.5,2.0,2.5,3.0,3.5,4.0,4.5,5.0', '-log-level=WARNING']
2023-11-26 19:50:26;UNIUSDT;30m;2.0;150;32;72;100.0;4;106.66;['-batch-training', '-calc-rsi', '-verbose', '-prediction-mode=index', '-interval-list=30m', '-range-min-rsi=28', '-range-max-rsi=80', '-range-p-ema=50,250', '-target-margin-list=1.0,1.5,2.0,2.5,3.0,3.5,4.0,4.5,5.0', '-log-level=WARNING']
2023-11-26 19:59:20;UNIUSDT;30m;1.0;175;34;78;100.0;2;106.66;['-batch-training', '-calc-rsi', '-verbose', '-prediction-mode=index', '-interval-list=30m', '-range-min-rsi=28', '-range-max-rsi=80', '-range-p-ema=50,250', '-target-margin-list=1.0,1.5,2.0,2.5,3.0,3.5,4.0,4.5,5.0', '-log-level=WARNING']
2023-11-26 20:10:24;UNIUSDT;30m;1.5;200;34;76;100.0;7;106.68;['-batch-training', '-calc-rsi', '-verbose', '-prediction-mode=index', '-interval-list=30m', '-range-min-rsi=28', '-range-max-rsi=80', '-range-p-ema=50,250', '-target-margin-list=1.0,1.5,2.0,2.5,3.0,3.5,4.0,4.5,5.0', '-log-level=WARNING']
2023-11-26 19:37:04;UNIUSDT;30m;1.0;125;32;78;100.0;6;106.69;['-batch-training', '-calc-rsi', '-verbose', '-prediction-mode=index', '-interval-list=30m', '-range-min-rsi=28', '-range-max-rsi=80', '-range-p-ema=50,250', '-target-margin-list=1.0,1.5,2.0,2.5,3.0,3.5,4.0,4.5,5.0', '-log-level=WARNING']
2023-11-26 20:37:08;UNIUSDT;30m;2.0;250;34;74;100.0;2;106.69;['-batch-training', '-calc-rsi', '-verbose', '-prediction-mode=index', '-interval-list=30m', '-range-min-rsi=28', '-range-max-rsi=80', '-range-p-ema=50,250', '-target-margin-list=1.0,1.5,2.0,2.5,3.0,3.5,4.0,4.5,5.0', '-log-level=WARNING']
2023-11-26 20:48:30;UNIUSDT;30m;1.0;50;32;78;100.0;6;106.69;['-batch-training', '-calc-rsi', '-verbose', '-prediction-mode=index', '-interval-list=30m', '-range-min-rsi=28', '-range-max-rsi=80', '-range-p-ema=50,250', '-target-margin-list=1.0,1.5,2.0,2.5,3.0,3.5,4.0,4.5,5.0', '-log-level=WARNING']
2023-11-26 21:03:23;UNIUSDT;30m;1.0;75;32;78;100.0;6;106.69;['-batch-training', '-calc-rsi', '-verbose', '-prediction-mode=index', '-interval-list=30m', '-range-min-rsi=28', '-range-max-rsi=80', '-range-p-ema=50,250', '-target-margin-list=1.0,1.5,2.0,2.5,3.0,3.5,4.0,4.5,5.0', '-log-level=WARNING']
2023-11-26 19:25:36;UNIUSDT;30m;1.0;100;32;78;100.0;6;106.69;['-batch-training', '-calc-rsi', '-verbose', '-prediction-mode=index', '-interval-list=30m', '-range-min-rsi=28', '-range-max-rsi=80', '-range-p-ema=50,250', '-target-margin-list=1.0,1.5,2.0,2.5,3.0,3.5,4.0,4.5,5.0', '-log-level=WARNING']
2023-11-26 19:50:10;UNIUSDT;30m;1.5;150;32;80;100.0;2;106.7;['-batch-training', '-calc-rsi', '-verbose', '-prediction-mode=index', '-interval-list=30m', '-range-min-rsi=28', '-range-max-rsi=80', '-range-p-ema=50,250', '-target-margin-list=1.0,1.5,2.0,2.5,3.0,3.5,4.0,4.5,5.0', '-log-level=WARNING']
2023-11-26 20:35:53;UNIUSDT;30m;1.5;250;32;76;100.0;4;106.7;['-batch-training', '-calc-rsi', '-verbose', '-prediction-mode=index', '-interval-list=30m', '-range-min-rsi=28', '-range-max-rsi=80', '-range-p-ema=50,250', '-target-margin-list=1.0,1.5,2.0,2.5,3.0,3.5,4.0,4.5,5.0', '-log-level=WARNING']
2023-11-26 19:59:37;UNIUSDT;30m;1.0;175;36;80;100.0;2;106.71;['-batch-training', '-calc-rsi', '-verbose', '-prediction-mode=index', '-interval-list=30m', '-range-min-rsi=28', '-range-max-rsi=80', '-range-p-ema=50,250', '-target-margin-list=1.0,1.5,2.0,2.5,3.0,3.5,4.0,4.5,5.0', '-log-level=WARNING']
2023-11-26 20:33:46;UNIUSDT;30m;1.0;250;32;72;100.0;2;106.72;['-batch-training', '-calc-rsi', '-verbose', '-prediction-mode=index', '-interval-list=30m', '-range-min-rsi=28', '-range-max-rsi=80', '-range-p-ema=50,250', '-target-margin-list=1.0,1.5,2.0,2.5,3.0,3.5,4.0,4.5,5.0', '-log-level=WARNING']
2023-11-26 19:37:07;UNIUSDT;30m;1.0;125;34;78;100.0;5;106.75;['-batch-training', '-calc-rsi', '-verbose', '-prediction-mode=index', '-interval-list=30m', '-range-min-rsi=28', '-range-max-rsi=80', '-range-p-ema=50,250', '-target-margin-list=1.0,1.5,2.0,2.5,3.0,3.5,4.0,4.5,5.0', '-log-level=WARNING']
2023-11-26 19:25:39;UNIUSDT;30m;1.0;100;34;78;100.0;5;106.75;['-batch-training', '-calc-rsi', '-verbose', '-prediction-mode=index', '-interval-list=30m', '-range-min-rsi=28', '-range-max-rsi=80', '-range-p-ema=50,250', '-target-margin-list=1.0,1.5,2.0,2.5,3.0,3.5,4.0,4.5,5.0', '-log-level=WARNING']
2023-11-26 20:34:51;UNIUSDT;30m;1.0;250;28;80;100.0;3;106.75;['-batch-training', '-calc-rsi', '-verbose', '-prediction-mode=index', '-interval-list=30m', '-range-min-rsi=28', '-range-max-rsi=80', '-range-p-ema=50,250', '-target-margin-list=1.0,1.5,2.0,2.5,3.0,3.5,4.0,4.5,5.0', '-log-level=WARNING']
2023-11-26 20:48:34;UNIUSDT;30m;1.0;50;34;78;100.0;5;106.75;['-batch-training', '-calc-rsi', '-verbose', '-prediction-mode=index', '-interval-list=30m', '-range-min-rsi=28', '-range-max-rsi=80', '-range-p-ema=50,250', '-target-margin-list=1.0,1.5,2.0,2.5,3.0,3.5,4.0,4.5,5.0', '-log-level=WARNING']
2023-11-26 21:03:28;UNIUSDT;30m;1.0;75;34;78;100.0;5;106.75;['-batch-training', '-calc-rsi', '-verbose', '-prediction-mode=index', '-interval-list=30m', '-range-min-rsi=28', '-range-max-rsi=80', '-range-p-ema=50,250', '-target-margin-list=1.0,1.5,2.0,2.5,3.0,3.5,4.0,4.5,5.0', '-log-level=WARNING']
2023-11-26 19:59:32;UNIUSDT;30m;1.0;175;32;80;100.0;5;106.76;['-batch-training', '-calc-rsi', '-verbose', '-prediction-mode=index', '-interval-list=30m', '-range-min-rsi=28', '-range-max-rsi=80', '-range-p-ema=50,250', '-target-margin-list=1.0,1.5,2.0,2.5,3.0,3.5,4.0,4.5,5.0', '-log-level=WARNING']
2023-11-26 20:21:50;UNIUSDT;30m;1.0;225;32;80;100.0;5;106.77;['-batch-training', '-calc-rsi', '-verbose', '-prediction-mode=index', '-interval-list=30m', '-range-min-rsi=28', '-range-max-rsi=80', '-range-p-ema=50,250', '-target-margin-list=1.0,1.5,2.0,2.5,3.0,3.5,4.0,4.5,5.0', '-log-level=WARNING']
2023-11-26 20:09:36;UNIUSDT;30m;1.0;200;32;80;100.0;5;106.77;['-batch-training', '-calc-rsi', '-verbose', '-prediction-mode=index', '-interval-list=30m', '-range-min-rsi=28', '-range-max-rsi=80', '-range-p-ema=50,250', '-target-margin-list=1.0,1.5,2.0,2.5,3.0,3.5,4.0,4.5,5.0', '-log-level=WARNING']
2023-11-26 19:25:45;UNIUSDT;30m;1.0;100;28;80;100.0;5;106.78;['-batch-training', '-calc-rsi', '-verbose', '-prediction-mode=index', '-interval-list=30m', '-range-min-rsi=28', '-range-max-rsi=80', '-range-p-ema=50,250', '-target-margin-list=1.0,1.5,2.0,2.5,3.0,3.5,4.0,4.5,5.0', '-log-level=WARNING']
2023-11-26 20:48:41;UNIUSDT;30m;1.0;50;28;80;100.0;5;106.78;['-batch-training', '-calc-rsi', '-verbose', '-prediction-mode=index', '-interval-list=30m', '-range-min-rsi=28', '-range-max-rsi=80', '-range-p-ema=50,250', '-target-margin-list=1.0,1.5,2.0,2.5,3.0,3.5,4.0,4.5,5.0', '-log-level=WARNING']
2023-11-26 19:59:25;UNIUSDT;30m;1.0;175;28;80;100.0;5;106.78;['-batch-training', '-calc-rsi', '-verbose', '-prediction-mode=index', '-interval-list=30m', '-range-min-rsi=28', '-range-max-rsi=80', '-range-p-ema=50,250', '-target-margin-list=1.0,1.5,2.0,2.5,3.0,3.5,4.0,4.5,5.0', '-log-level=WARNING']
2023-11-26 20:21:44;UNIUSDT;30m;1.0;225;28;80;100.0;5;106.78;['-batch-training', '-calc-rsi', '-verbose', '-prediction-mode=index', '-interval-list=30m', '-range-min-rsi=28', '-range-max-rsi=80', '-range-p-ema=50,250', '-target-margin-list=1.0,1.5,2.0,2.5,3.0,3.5,4.0,4.5,5.0', '-log-level=WARNING']
2023-11-26 19:37:14;UNIUSDT;30m;1.0;125;28;80;100.0;5;106.78;['-batch-training', '-calc-rsi', '-verbose', '-prediction-mode=index', '-interval-list=30m', '-range-min-rsi=28', '-range-max-rsi=80', '-range-p-ema=50,250', '-target-margin-list=1.0,1.5,2.0,2.5,3.0,3.5,4.0,4.5,5.0', '-log-level=WARNING']
2023-11-26 19:48:46;UNIUSDT;30m;1.0;150;28;80;100.0;5;106.78;['-batch-training', '-calc-rsi', '-verbose', '-prediction-mode=index', '-interval-list=30m', '-range-min-rsi=28', '-range-max-rsi=80', '-range-p-ema=50,250', '-target-margin-list=1.0,1.5,2.0,2.5,3.0,3.5,4.0,4.5,5.0', '-log-level=WARNING']
2023-11-26 20:09:30;UNIUSDT;30m;1.0;200;28;80;100.0;5;106.78;['-batch-training', '-calc-rsi', '-verbose', '-prediction-mode=index', '-interval-list=30m', '-range-min-rsi=28', '-range-max-rsi=80', '-range-p-ema=50,250', '-target-margin-list=1.0,1.5,2.0,2.5,3.0,3.5,4.0,4.5,5.0', '-log-level=WARNING']
2023-11-26 21:03:36;UNIUSDT;30m;1.0;75;28;80;100.0;5;106.78;['-batch-training', '-calc-rsi', '-verbose', '-prediction-mode=index', '-interval-list=30m', '-range-min-rsi=28', '-range-max-rsi=80', '-range-p-ema=50,250', '-target-margin-list=1.0,1.5,2.0,2.5,3.0,3.5,4.0,4.5,5.0', '-log-level=WARNING']
2023-11-26 20:36:00;UNIUSDT;30m;1.5;250;36;76;100.0;7;106.79;['-batch-training', '-calc-rsi', '-verbose', '-prediction-mode=index', '-interval-list=30m', '-range-min-rsi=28', '-range-max-rsi=80', '-range-p-ema=50,250', '-target-margin-list=1.0,1.5,2.0,2.5,3.0,3.5,4.0,4.5,5.0', '-log-level=WARNING']
2023-11-26 20:05:25;UNIUSDT;30m;4.0;175;36;72;100.0;2;106.79;['-batch-training', '-calc-rsi', '-verbose', '-prediction-mode=index', '-interval-list=30m', '-range-min-rsi=28', '-range-max-rsi=80', '-range-p-ema=50,250', '-target-margin-list=1.0,1.5,2.0,2.5,3.0,3.5,4.0,4.5,5.0', '-log-level=WARNING']
2023-11-26 20:16:37;UNIUSDT;30m;4.0;200;36;72;100.0;2;106.79;['-batch-training', '-calc-rsi', '-verbose', '-prediction-mode=index', '-interval-list=30m', '-range-min-rsi=28', '-range-max-rsi=80', '-range-p-ema=50,250', '-target-margin-list=1.0,1.5,2.0,2.5,3.0,3.5,4.0,4.5,5.0', '-log-level=WARNING']
2023-11-26 19:42:33;UNIUSDT;30m;3.0;125;34;80;100.0;5;106.8;['-batch-training', '-calc-rsi', '-verbose', '-prediction-mode=index', '-interval-list=30m', '-range-min-rsi=28', '-range-max-rsi=80', '-range-p-ema=50,250', '-target-margin-list=1.0,1.5,2.0,2.5,3.0,3.5,4.0,4.5,5.0', '-log-level=WARNING']
2023-11-26 20:34:45;UNIUSDT;30m;1.0;250;34;78;100.0;7;106.8;['-batch-training', '-calc-rsi', '-verbose', '-prediction-mode=index', '-interval-list=30m', '-range-min-rsi=28', '-range-max-rsi=80', '-range-p-ema=50,250', '-target-margin-list=1.0,1.5,2.0,2.5,3.0,3.5,4.0,4.5,5.0', '-log-level=WARNING']
2023-11-26 21:10:59;UNIUSDT;30m;3.0;75;34;80;100.0;5;106.8;['-batch-training', '-calc-rsi', '-verbose', '-prediction-mode=index', '-interval-list=30m', '-range-min-rsi=28', '-range-max-rsi=80', '-range-p-ema=50,250', '-target-margin-list=1.0,1.5,2.0,2.5,3.0,3.5,4.0,4.5,5.0', '-log-level=WARNING']
2023-11-26 19:31:03;UNIUSDT;30m;3.0;100;34;80;100.0;5;106.8;['-batch-training', '-calc-rsi', '-verbose', '-prediction-mode=index', '-interval-list=30m', '-range-min-rsi=28', '-range-max-rsi=80', '-range-p-ema=50,250', '-target-margin-list=1.0,1.5,2.0,2.5,3.0,3.5,4.0,4.5,5.0', '-log-level=WARNING']
2023-11-26 20:21:36;UNIUSDT;30m;1.0;225;34;78;100.0;2;106.8;['-batch-training', '-calc-rsi', '-verbose', '-prediction-mode=index', '-interval-list=30m', '-range-min-rsi=28', '-range-max-rsi=80', '-range-p-ema=50,250', '-target-margin-list=1.0,1.5,2.0,2.5,3.0,3.5,4.0,4.5,5.0', '-log-level=WARNING']
2023-11-26 20:55:25;UNIUSDT;30m;3.0;50;34;80;100.0;5;106.8;['-batch-training', '-calc-rsi', '-verbose', '-prediction-mode=index', '-interval-list=30m', '-range-min-rsi=28', '-range-max-rsi=80', '-range-p-ema=50,250', '-target-margin-list=1.0,1.5,2.0,2.5,3.0,3.5,4.0,4.5,5.0', '-log-level=WARNING']
2023-11-26 20:21:54;UNIUSDT;30m;1.0;225;34;80;100.0;6;106.81;['-batch-training', '-calc-rsi', '-verbose', '-prediction-mode=index', '-interval-list=30m', '-range-min-rsi=28', '-range-max-rsi=80', '-range-p-ema=50,250', '-target-margin-list=1.0,1.5,2.0,2.5,3.0,3.5,4.0,4.5,5.0', '-log-level=WARNING']
2023-11-26 20:24:55;UNIUSDT;30m;2.5;225;28;72;100.0;2;106.83;['-batch-training', '-calc-rsi', '-verbose', '-prediction-mode=index', '-interval-list=30m', '-range-min-rsi=28', '-range-max-rsi=80', '-range-p-ema=50,250', '-target-margin-list=1.0,1.5,2.0,2.5,3.0,3.5,4.0,4.5,5.0', '-log-level=WARNING']
2023-11-26 20:52:14;UNIUSDT;30m;2.5;50;28;72;100.0;2;106.83;['-batch-training', '-calc-rsi', '-verbose', '-prediction-mode=index', '-interval-list=30m', '-range-min-rsi=28', '-range-max-rsi=80', '-range-p-ema=50,250', '-target-margin-list=1.0,1.5,2.0,2.5,3.0,3.5,4.0,4.5,5.0', '-log-level=WARNING']
2023-11-26 20:12:21;UNIUSDT;30m;2.5;200;28;72;100.0;2;106.83;['-batch-training', '-calc-rsi', '-verbose', '-prediction-mode=index', '-interval-list=30m', '-range-min-rsi=28', '-range-max-rsi=80', '-range-p-ema=50,250', '-target-margin-list=1.0,1.5,2.0,2.5,3.0,3.5,4.0,4.5,5.0', '-log-level=WARNING']
2023-11-26 19:51:37;UNIUSDT;30m;2.5;150;28;72;100.0;2;106.83;['-batch-training', '-calc-rsi', '-verbose', '-prediction-mode=index', '-interval-list=30m', '-range-min-rsi=28', '-range-max-rsi=80', '-range-p-ema=50,250', '-target-margin-list=1.0,1.5,2.0,2.5,3.0,3.5,4.0,4.5,5.0', '-log-level=WARNING']
2023-11-26 19:51:34;UNIUSDT;30m;2.0;150;36;80;100.0;2;106.83;['-batch-training', '-calc-rsi', '-verbose', '-prediction-mode=index', '-interval-list=30m', '-range-min-rsi=28', '-range-max-rsi=80', '-range-p-ema=50,250', '-target-margin-list=1.0,1.5,2.0,2.5,3.0,3.5,4.0,4.5,5.0', '-log-level=WARNING']
2023-11-26 19:28:38;UNIUSDT;30m;2.5;100;28;72;100.0;2;106.83;['-batch-training', '-calc-rsi', '-verbose', '-prediction-mode=index', '-interval-list=30m', '-range-min-rsi=28', '-range-max-rsi=80', '-range-p-ema=50,250', '-target-margin-list=1.0,1.5,2.0,2.5,3.0,3.5,4.0,4.5,5.0', '-log-level=WARNING']
2023-11-26 19:40:06;UNIUSDT;30m;2.5;125;28;72;100.0;2;106.83;['-batch-training', '-calc-rsi', '-verbose', '-prediction-mode=index', '-interval-list=30m', '-range-min-rsi=28', '-range-max-rsi=80', '-range-p-ema=50,250', '-target-margin-list=1.0,1.5,2.0,2.5,3.0,3.5,4.0,4.5,5.0', '-log-level=WARNING']
2023-11-26 20:09:27;UNIUSDT;30m;1.0;200;36;78;100.0;6;106.83;['-batch-training', '-calc-rsi', '-verbose', '-prediction-mode=index', '-interval-list=30m', '-range-min-rsi=28', '-range-max-rsi=80', '-range-p-ema=50,250', '-target-margin-list=1.0,1.5,2.0,2.5,3.0,3.5,4.0,4.5,5.0', '-log-level=WARNING']
2023-11-26 21:07:34;UNIUSDT;30m;2.5;75;28;72;100.0;2;106.83;['-batch-training', '-calc-rsi', '-verbose', '-prediction-mode=index', '-interval-list=30m', '-range-min-rsi=28', '-range-max-rsi=80', '-range-p-ema=50,250', '-target-margin-list=1.0,1.5,2.0,2.5,3.0,3.5,4.0,4.5,5.0', '-log-level=WARNING']
2023-11-26 20:01:56;UNIUSDT;30m;2.5;175;28;72;100.0;2;106.83;['-batch-training', '-calc-rsi', '-verbose', '-prediction-mode=index', '-interval-list=30m', '-range-min-rsi=28', '-range-max-rsi=80', '-range-p-ema=50,250', '-target-margin-list=1.0,1.5,2.0,2.5,3.0,3.5,4.0,4.5,5.0', '-log-level=WARNING']
2023-11-26 20:12:12;UNIUSDT;30m;2.0;200;32;80;100.0;4;106.84;['-batch-training', '-calc-rsi', '-verbose', '-prediction-mode=index', '-interval-list=30m', '-range-min-rsi=28', '-range-max-rsi=80', '-range-p-ema=50,250', '-target-margin-list=1.0,1.5,2.0,2.5,3.0,3.5,4.0,4.5,5.0', '-log-level=WARNING']
2023-11-26 20:24:45;UNIUSDT;30m;2.0;225;32;80;100.0;4;106.84;['-batch-training', '-calc-rsi', '-verbose', '-prediction-mode=index', '-interval-list=30m', '-range-min-rsi=28', '-range-max-rsi=80', '-range-p-ema=50,250', '-target-margin-list=1.0,1.5,2.0,2.5,3.0,3.5,4.0,4.5,5.0', '-log-level=WARNING']
2023-11-26 20:21:57;UNIUSDT;30m;1.0;225;36;80;100.0;2;106.85;['-batch-training', '-calc-rsi', '-verbose', '-prediction-mode=index', '-interval-list=30m', '-range-min-rsi=28', '-range-max-rsi=80', '-range-p-ema=50,250', '-target-margin-list=1.0,1.5,2.0,2.5,3.0,3.5,4.0,4.5,5.0', '-log-level=WARNING']
2023-11-26 20:35:20;UNIUSDT;30m;1.5;250;34;72;100.0;4;106.86;['-batch-training', '-calc-rsi', '-verbose', '-prediction-mode=index', '-interval-list=30m', '-range-min-rsi=28', '-range-max-rsi=80', '-range-p-ema=50,250', '-target-margin-list=1.0,1.5,2.0,2.5,3.0,3.5,4.0,4.5,5.0', '-log-level=WARNING']
2023-11-26 20:36:47;UNIUSDT;30m;2.0;250;32;72;100.0;4;106.88;['-batch-training', '-calc-rsi', '-verbose', '-prediction-mode=index', '-interval-list=30m', '-range-min-rsi=28', '-range-max-rsi=80', '-range-p-ema=50,250', '-target-margin-list=1.0,1.5,2.0,2.5,3.0,3.5,4.0,4.5,5.0', '-log-level=WARNING']
2023-11-26 20:11:28;UNIUSDT;30m;2.0;200;34;74;100.0;3;106.88;['-batch-training', '-calc-rsi', '-verbose', '-prediction-mode=index', '-interval-list=30m', '-range-min-rsi=28', '-range-max-rsi=80', '-range-p-ema=50,250', '-target-margin-list=1.0,1.5,2.0,2.5,3.0,3.5,4.0,4.5,5.0', '-log-level=WARNING']
2023-11-26 21:03:52;UNIUSDT;30m;1.0;75;36;80;100.0;6;106.89;['-batch-training', '-calc-rsi', '-verbose', '-prediction-mode=index', '-interval-list=30m', '-range-min-rsi=28', '-range-max-rsi=80', '-range-p-ema=50,250', '-target-margin-list=1.0,1.5,2.0,2.5,3.0,3.5,4.0,4.5,5.0', '-log-level=WARNING']
2023-11-26 20:48:58;UNIUSDT;30m;1.0;50;36;80;100.0;6;106.89;['-batch-training', '-calc-rsi', '-verbose', '-prediction-mode=index', '-interval-list=30m', '-range-min-rsi=28', '-range-max-rsi=80', '-range-p-ema=50,250', '-target-margin-list=1.0,1.5,2.0,2.5,3.0,3.5,4.0,4.5,5.0', '-log-level=WARNING']
2023-11-26 20:36:10;UNIUSDT;30m;1.5;250;32;78;100.0;2;106.89;['-batch-training', '-calc-rsi', '-verbose', '-prediction-mode=index', '-interval-list=30m', '-range-min-rsi=28', '-range-max-rsi=80', '-range-p-ema=50,250', '-target-margin-list=1.0,1.5,2.0,2.5,3.0,3.5,4.0,4.5,5.0', '-log-level=WARNING']
2023-11-26 20:13:12;UNIUSDT;30m;2.5;200;30;78;100.0;3;106.9;['-batch-training', '-calc-rsi', '-verbose', '-prediction-mode=index', '-interval-list=30m', '-range-min-rsi=28', '-range-max-rsi=80', '-range-p-ema=50,250', '-target-margin-list=1.0,1.5,2.0,2.5,3.0,3.5,4.0,4.5,5.0', '-log-level=WARNING']
2023-11-26 20:22:28;UNIUSDT;30m;1.5;225;34;74;100.0;4;106.9;['-batch-training', '-calc-rsi', '-verbose', '-prediction-mode=index', '-interval-list=30m', '-range-min-rsi=28', '-range-max-rsi=80', '-range-p-ema=50,250', '-target-margin-list=1.0,1.5,2.0,2.5,3.0,3.5,4.0,4.5,5.0', '-log-level=WARNING']
2023-11-26 20:25:49;UNIUSDT;30m;2.5;225;30;78;100.0;3;106.9;['-batch-training', '-calc-rsi', '-verbose', '-prediction-mode=index', '-interval-list=30m', '-range-min-rsi=28', '-range-max-rsi=80', '-range-p-ema=50,250', '-target-margin-list=1.0,1.5,2.0,2.5,3.0,3.5,4.0,4.5,5.0', '-log-level=WARNING']
2023-11-26 19:40:55;UNIUSDT;30m;2.5;125;30;78;100.0;3;106.9;['-batch-training', '-calc-rsi', '-verbose', '-prediction-mode=index', '-interval-list=30m', '-range-min-rsi=28', '-range-max-rsi=80', '-range-p-ema=50,250', '-target-margin-list=1.0,1.5,2.0,2.5,3.0,3.5,4.0,4.5,5.0', '-log-level=WARNING']
2023-11-26 19:29:26;UNIUSDT;30m;2.5;100;30;78;100.0;3;106.9;['-batch-training', '-calc-rsi', '-verbose', '-prediction-mode=index', '-interval-list=30m', '-range-min-rsi=28', '-range-max-rsi=80', '-range-p-ema=50,250', '-target-margin-list=1.0,1.5,2.0,2.5,3.0,3.5,4.0,4.5,5.0', '-log-level=WARNING']
2023-11-26 19:52:26;UNIUSDT;30m;2.5;150;30;78;100.0;3;106.9;['-batch-training', '-calc-rsi', '-verbose', '-prediction-mode=index', '-interval-list=30m', '-range-min-rsi=28', '-range-max-rsi=80', '-range-p-ema=50,250', '-target-margin-list=1.0,1.5,2.0,2.5,3.0,3.5,4.0,4.5,5.0', '-log-level=WARNING']
2023-11-26 20:53:19;UNIUSDT;30m;2.5;50;30;78;100.0;3;106.9;['-batch-training', '-calc-rsi', '-verbose', '-prediction-mode=index', '-interval-list=30m', '-range-min-rsi=28', '-range-max-rsi=80', '-range-p-ema=50,250', '-target-margin-list=1.0,1.5,2.0,2.5,3.0,3.5,4.0,4.5,5.0', '-log-level=WARNING']
2023-11-26 20:02:38;UNIUSDT;30m;2.5;175;30;78;100.0;3;106.9;['-batch-training', '-calc-rsi', '-verbose', '-prediction-mode=index', '-interval-list=30m', '-range-min-rsi=28', '-range-max-rsi=80', '-range-p-ema=50,250', '-target-margin-list=1.0,1.5,2.0,2.5,3.0,3.5,4.0,4.5,5.0', '-log-level=WARNING']
2023-11-26 21:08:43;UNIUSDT;30m;2.5;75;30;78;100.0;3;106.9;['-batch-training', '-calc-rsi', '-verbose', '-prediction-mode=index', '-interval-list=30m', '-range-min-rsi=28', '-range-max-rsi=80', '-range-p-ema=50,250', '-target-margin-list=1.0,1.5,2.0,2.5,3.0,3.5,4.0,4.5,5.0', '-log-level=WARNING']
2023-11-26 20:22:00;UNIUSDT;30m;1.5;225;28;72;100.0;2;106.91;['-batch-training', '-calc-rsi', '-verbose', '-prediction-mode=index', '-interval-list=30m', '-range-min-rsi=28', '-range-max-rsi=80', '-range-p-ema=50,250', '-target-margin-list=1.0,1.5,2.0,2.5,3.0,3.5,4.0,4.5,5.0', '-log-level=WARNING']
2023-11-26 20:34:56;UNIUSDT;30m;1.0;250;30;80;100.0;7;106.93;['-batch-training', '-calc-rsi', '-verbose', '-prediction-mode=index', '-interval-list=30m', '-range-min-rsi=28', '-range-max-rsi=80', '-range-p-ema=50,250', '-target-margin-list=1.0,1.5,2.0,2.5,3.0,3.5,4.0,4.5,5.0', '-log-level=WARNING']
2023-11-26 19:50:01;UNIUSDT;30m;1.5;150;36;78;100.0;4;106.95;['-batch-training', '-calc-rsi', '-verbose', '-prediction-mode=index', '-interval-list=30m', '-range-min-rsi=28', '-range-max-rsi=80', '-range-p-ema=50,250', '-target-margin-list=1.0,1.5,2.0,2.5,3.0,3.5,4.0,4.5,5.0', '-log-level=WARNING']
2023-11-26 20:37:55;UNIUSDT;30m;2.0;250;30;80;100.0;2;106.95;['-batch-training', '-calc-rsi', '-verbose', '-prediction-mode=index', '-interval-list=30m', '-range-min-rsi=28', '-range-max-rsi=80', '-range-p-ema=50,250', '-target-margin-list=1.0,1.5,2.0,2.5,3.0,3.5,4.0,4.5,5.0', '-log-level=WARNING']
2023-11-26 20:00:40;UNIUSDT;30m;1.5;175;32;80;100.0;3;106.95;['-batch-training', '-calc-rsi', '-verbose', '-prediction-mode=index', '-interval-list=30m', '-range-min-rsi=28', '-range-max-rsi=80', '-range-p-ema=50,250', '-target-margin-list=1.0,1.5,2.0,2.5,3.0,3.5,4.0,4.5,5.0', '-log-level=WARNING']
2023-11-26 20:38:14;UNIUSDT;30m;2.5;250;30;72;100.0;5;106.95;['-batch-training', '-calc-rsi', '-verbose', '-prediction-mode=index', '-interval-list=30m', '-range-min-rsi=28', '-range-max-rsi=80', '-range-p-ema=50,250', '-target-margin-list=1.0,1.5,2.0,2.5,3.0,3.5,4.0,4.5,5.0', '-log-level=WARNING']
2023-11-26 20:33:50;UNIUSDT;30m;1.0;250;34;72;100.0;2;106.96;['-batch-training', '-calc-rsi', '-verbose', '-prediction-mode=index', '-interval-list=30m', '-range-min-rsi=28', '-range-max-rsi=80', '-range-p-ema=50,250', '-target-margin-list=1.0,1.5,2.0,2.5,3.0,3.5,4.0,4.5,5.0', '-log-level=WARNING']
2023-11-26 20:23:17;UNIUSDT;30m;1.5;225;32;80;100.0;3;106.96;['-batch-training', '-calc-rsi', '-verbose', '-prediction-mode=index', '-interval-list=30m', '-range-min-rsi=28', '-range-max-rsi=80', '-range-p-ema=50,250', '-target-margin-list=1.0,1.5,2.0,2.5,3.0,3.5,4.0,4.5,5.0', '-log-level=WARNING']
2023-11-26 20:10:53;UNIUSDT;30m;1.5;200;32;80;100.0;3;106.96;['-batch-training', '-calc-rsi', '-verbose', '-prediction-mode=index', '-interval-list=30m', '-range-min-rsi=28', '-range-max-rsi=80', '-range-p-ema=50,250', '-target-margin-list=1.0,1.5,2.0,2.5,3.0,3.5,4.0,4.5,5.0', '-log-level=WARNING']
2023-11-26 19:59:48;UNIUSDT;30m;1.5;175;34;72;100.0;4;106.99;['-batch-training', '-calc-rsi', '-verbose', '-prediction-mode=index', '-interval-list=30m', '-range-min-rsi=28', '-range-max-rsi=80', '-range-p-ema=50,250', '-target-margin-list=1.0,1.5,2.0,2.5,3.0,3.5,4.0,4.5,5.0', '-log-level=WARNING']
2023-11-26 20:02:41;UNIUSDT;30m;2.5;175;32;78;100.0;4;107.0;['-batch-training', '-calc-rsi', '-verbose', '-prediction-mode=index', '-interval-list=30m', '-range-min-rsi=28', '-range-max-rsi=80', '-range-p-ema=50,250', '-target-margin-list=1.0,1.5,2.0,2.5,3.0,3.5,4.0,4.5,5.0', '-log-level=WARNING']
2023-11-26 19:52:29;UNIUSDT;30m;2.5;150;32;78;100.0;4;107.0;['-batch-training', '-calc-rsi', '-verbose', '-prediction-mode=index', '-interval-list=30m', '-range-min-rsi=28', '-range-max-rsi=80', '-range-p-ema=50,250', '-target-margin-list=1.0,1.5,2.0,2.5,3.0,3.5,4.0,4.5,5.0', '-log-level=WARNING']
2023-11-26 19:59:15;UNIUSDT;30m;1.0;175;30;78;100.0;5;107.0;['-batch-training', '-calc-rsi', '-verbose', '-prediction-mode=index', '-interval-list=30m', '-range-min-rsi=28', '-range-max-rsi=80', '-range-p-ema=50,250', '-target-margin-list=1.0,1.5,2.0,2.5,3.0,3.5,4.0,4.5,5.0', '-log-level=WARNING']
2023-11-26 20:21:29;UNIUSDT;30m;1.0;225;30;78;100.0;5;107.0;['-batch-training', '-calc-rsi', '-verbose', '-prediction-mode=index', '-interval-list=30m', '-range-min-rsi=28', '-range-max-rsi=80', '-range-p-ema=50,250', '-target-margin-list=1.0,1.5,2.0,2.5,3.0,3.5,4.0,4.5,5.0', '-log-level=WARNING']
2023-11-26 20:09:19;UNIUSDT;30m;1.0;200;30;78;100.0;5;107.0;['-batch-training', '-calc-rsi', '-verbose', '-prediction-mode=index', '-interval-list=30m', '-range-min-rsi=28', '-range-max-rsi=80', '-range-p-ema=50,250', '-target-margin-list=1.0,1.5,2.0,2.5,3.0,3.5,4.0,4.5,5.0', '-log-level=WARNING']
2023-11-26 20:09:53;UNIUSDT;30m;1.5;200;34;72;100.0;4;107.0;['-batch-training', '-calc-rsi', '-verbose', '-prediction-mode=index', '-interval-list=30m', '-range-min-rsi=28', '-range-max-rsi=80', '-range-p-ema=50,250', '-target-margin-list=1.0,1.5,2.0,2.5,3.0,3.5,4.0,4.5,5.0', '-log-level=WARNING']
2023-11-26 19:47:53;UNIUSDT;30m;1.0;150;34;72;100.0;5;107.01;['-batch-training', '-calc-rsi', '-verbose', '-prediction-mode=index', '-interval-list=30m', '-range-min-rsi=28', '-range-max-rsi=80', '-range-p-ema=50,250', '-target-margin-list=1.0,1.5,2.0,2.5,3.0,3.5,4.0,4.5,5.0', '-log-level=WARNING']
2023-11-26 20:01:25;UNIUSDT;30m;2.0;175;36;76;100.0;6;107.01;['-batch-training', '-calc-rsi', '-verbose', '-prediction-mode=index', '-interval-list=30m', '-range-min-rsi=28', '-range-max-rsi=80', '-range-p-ema=50,250', '-target-margin-list=1.0,1.5,2.0,2.5,3.0,3.5,4.0,4.5,5.0', '-log-level=WARNING']
2023-11-26 19:58:35;UNIUSDT;30m;1.0;175;32;72;100.0;2;107.02;['-batch-training', '-calc-rsi', '-verbose', '-prediction-mode=index', '-interval-list=30m', '-range-min-rsi=28', '-range-max-rsi=80', '-range-p-ema=50,250', '-target-margin-list=1.0,1.5,2.0,2.5,3.0,3.5,4.0,4.5,5.0', '-log-level=WARNING']
2023-11-26 20:34:31;UNIUSDT;30m;1.0;250;36;76;100.0;5;107.04;['-batch-training', '-calc-rsi', '-verbose', '-prediction-mode=index', '-interval-list=30m', '-range-min-rsi=28', '-range-max-rsi=80', '-range-p-ema=50,250', '-target-margin-list=1.0,1.5,2.0,2.5,3.0,3.5,4.0,4.5,5.0', '-log-level=WARNING']
2023-11-26 21:03:28;UNIUSDT;30m;1.0;75;34;78;100.0;7;107.05;['-batch-training', '-calc-rsi', '-verbose', '-prediction-mode=index', '-interval-list=30m', '-range-min-rsi=28', '-range-max-rsi=80', '-range-p-ema=50,250', '-target-margin-list=1.0,1.5,2.0,2.5,3.0,3.5,4.0,4.5,5.0', '-log-level=WARNING']
2023-11-26 20:11:15;UNIUSDT;30m;2.0;200;36;72;100.0;3;107.05;['-batch-training', '-calc-rsi', '-verbose', '-prediction-mode=index', '-interval-list=30m', '-range-min-rsi=28', '-range-max-rsi=80', '-range-p-ema=50,250', '-target-margin-list=1.0,1.5,2.0,2.5,3.0,3.5,4.0,4.5,5.0', '-log-level=WARNING']
2023-11-26 19:37:08;UNIUSDT;30m;1.0;125;34;78;100.0;7;107.05;['-batch-training', '-calc-rsi', '-verbose', '-prediction-mode=index', '-interval-list=30m', '-range-min-rsi=28', '-range-max-rsi=80', '-range-p-ema=50,250', '-target-margin-list=1.0,1.5,2.0,2.5,3.0,3.5,4.0,4.5,5.0', '-log-level=WARNING']
2023-11-26 20:48:34;UNIUSDT;30m;1.0;50;34;78;100.0;7;107.05;['-batch-training', '-calc-rsi', '-verbose', '-prediction-mode=index', '-interval-list=30m', '-range-min-rsi=28', '-range-max-rsi=80', '-range-p-ema=50,250', '-target-margin-list=1.0,1.5,2.0,2.5,3.0,3.5,4.0,4.5,5.0', '-log-level=WARNING']
2023-11-26 19:25:39;UNIUSDT;30m;1.0;100;34;78;100.0;7;107.05;['-batch-training', '-calc-rsi', '-verbose', '-prediction-mode=index', '-interval-list=30m', '-range-min-rsi=28', '-range-max-rsi=80', '-range-p-ema=50,250', '-target-margin-list=1.0,1.5,2.0,2.5,3.0,3.5,4.0,4.5,5.0', '-log-level=WARNING']
2023-11-26 20:36:00;UNIUSDT;30m;1.5;250;36;76;100.0;4;107.1;['-batch-training', '-calc-rsi', '-verbose', '-prediction-mode=index', '-interval-list=30m', '-range-min-rsi=28', '-range-max-rsi=80', '-range-p-ema=50,250', '-target-margin-list=1.0,1.5,2.0,2.5,3.0,3.5,4.0,4.5,5.0', '-log-level=WARNING']
2023-11-26 21:07:02;UNIUSDT;30m;2.0;75;34;78;100.0;2;107.1;['-batch-training', '-calc-rsi', '-verbose', '-prediction-mode=index', '-interval-list=30m', '-range-min-rsi=28', '-range-max-rsi=80', '-range-p-ema=50,250', '-target-margin-list=1.0,1.5,2.0,2.5,3.0,3.5,4.0,4.5,5.0', '-log-level=WARNING']
2023-11-26 19:48:05;UNIUSDT;30m;1.0;150;32;74;100.0;6;107.1;['-batch-training', '-calc-rsi', '-verbose', '-prediction-mode=index', '-interval-list=30m', '-range-min-rsi=28', '-range-max-rsi=80', '-range-p-ema=50,250', '-target-margin-list=1.0,1.5,2.0,2.5,3.0,3.5,4.0,4.5,5.0', '-log-level=WARNING']
2023-11-26 20:51:47;UNIUSDT;30m;2.0;50;34;78;100.0;2;107.1;['-batch-training', '-calc-rsi', '-verbose', '-prediction-mode=index', '-interval-list=30m', '-range-min-rsi=28', '-range-max-rsi=80', '-range-p-ema=50,250', '-target-margin-list=1.0,1.5,2.0,2.5,3.0,3.5,4.0,4.5,5.0', '-log-level=WARNING']
2023-11-26 19:39:44;UNIUSDT;30m;2.0;125;34;78;100.0;2;107.1;['-batch-training', '-calc-rsi', '-verbose', '-prediction-mode=index', '-interval-list=30m', '-range-min-rsi=28', '-range-max-rsi=80', '-range-p-ema=50,250', '-target-margin-list=1.0,1.5,2.0,2.5,3.0,3.5,4.0,4.5,5.0', '-log-level=WARNING']
2023-11-26 19:28:14;UNIUSDT;30m;2.0;100;34;78;100.0;2;107.1;['-batch-training', '-calc-rsi', '-verbose', '-prediction-mode=index', '-interval-list=30m', '-range-min-rsi=28', '-range-max-rsi=80', '-range-p-ema=50,250', '-target-margin-list=1.0,1.5,2.0,2.5,3.0,3.5,4.0,4.5,5.0', '-log-level=WARNING']
2023-11-26 20:52:03;UNIUSDT;30m;2.0;50;32;80;100.0;2;107.11;['-batch-training', '-calc-rsi', '-verbose', '-prediction-mode=index', '-interval-list=30m', '-range-min-rsi=28', '-range-max-rsi=80', '-range-p-ema=50,250', '-target-margin-list=1.0,1.5,2.0,2.5,3.0,3.5,4.0,4.5,5.0', '-log-level=WARNING']
2023-11-26 19:28:27;UNIUSDT;30m;2.0;100;32;80;100.0;2;107.11;['-batch-training', '-calc-rsi', '-verbose', '-prediction-mode=index', '-interval-list=30m', '-range-min-rsi=28', '-range-max-rsi=80', '-range-p-ema=50,250', '-target-margin-list=1.0,1.5,2.0,2.5,3.0,3.5,4.0,4.5,5.0', '-log-level=WARNING']
2023-11-26 21:07:21;UNIUSDT;30m;2.0;75;32;80;100.0;2;107.11;['-batch-training', '-calc-rsi', '-verbose', '-prediction-mode=index', '-interval-list=30m', '-range-min-rsi=28', '-range-max-rsi=80', '-range-p-ema=50,250', '-target-margin-list=1.0,1.5,2.0,2.5,3.0,3.5,4.0,4.5,5.0', '-log-level=WARNING']
2023-11-26 19:39:56;UNIUSDT;30m;2.0;125;32;80;100.0;2;107.11;['-batch-training', '-calc-rsi', '-verbose', '-prediction-mode=index', '-interval-list=30m', '-range-min-rsi=28', '-range-max-rsi=80', '-range-p-ema=50,250', '-target-margin-list=1.0,1.5,2.0,2.5,3.0,3.5,4.0,4.5,5.0', '-log-level=WARNING']
2023-11-26 19:36:35;UNIUSDT;30m;1.0;125;34;74;100.0;6;107.12;['-batch-training', '-calc-rsi', '-verbose', '-prediction-mode=index', '-interval-list=30m', '-range-min-rsi=28', '-range-max-rsi=80', '-range-p-ema=50,250', '-target-margin-list=1.0,1.5,2.0,2.5,3.0,3.5,4.0,4.5,5.0', '-log-level=WARNING']
2023-11-26 21:02:44;UNIUSDT;30m;1.0;75;34;74;100.0;6;107.12;['-batch-training', '-calc-rsi', '-verbose', '-prediction-mode=index', '-interval-list=30m', '-range-min-rsi=28', '-range-max-rsi=80', '-range-p-ema=50,250', '-target-margin-list=1.0,1.5,2.0,2.5,3.0,3.5,4.0,4.5,5.0', '-log-level=WARNING']
2023-11-26 20:00:18;UNIUSDT;30m;1.5;175;36;76;100.0;7;107.12;['-batch-training', '-calc-rsi', '-verbose', '-prediction-mode=index', '-interval-list=30m', '-range-min-rsi=28', '-range-max-rsi=80', '-range-p-ema=50,250', '-target-margin-list=1.0,1.5,2.0,2.5,3.0,3.5,4.0,4.5,5.0', '-log-level=WARNING']
2023-11-26 19:25:07;UNIUSDT;30m;1.0;100;34;74;100.0;6;107.12;['-batch-training', '-calc-rsi', '-verbose', '-prediction-mode=index', '-interval-list=30m', '-range-min-rsi=28', '-range-max-rsi=80', '-range-p-ema=50,250', '-target-margin-list=1.0,1.5,2.0,2.5,3.0,3.5,4.0,4.5,5.0', '-log-level=WARNING']
2023-11-26 20:47:57;UNIUSDT;30m;1.0;50;34;74;100.0;6;107.12;['-batch-training', '-calc-rsi', '-verbose', '-prediction-mode=index', '-interval-list=30m', '-range-min-rsi=28', '-range-max-rsi=80', '-range-p-ema=50,250', '-target-margin-list=1.0,1.5,2.0,2.5,3.0,3.5,4.0,4.5,5.0', '-log-level=WARNING']
2023-11-26 19:25:01;UNIUSDT;30m;1.0;100;30;74;100.0;5;107.13;['-batch-training', '-calc-rsi', '-verbose', '-prediction-mode=index', '-interval-list=30m', '-range-min-rsi=28', '-range-max-rsi=80', '-range-p-ema=50,250', '-target-margin-list=1.0,1.5,2.0,2.5,3.0,3.5,4.0,4.5,5.0', '-log-level=WARNING']
2023-11-26 20:10:28;UNIUSDT;30m;1.5;200;36;76;100.0;7;107.13;['-batch-training', '-calc-rsi', '-verbose', '-prediction-mode=index', '-interval-list=30m', '-range-min-rsi=28', '-range-max-rsi=80', '-range-p-ema=50,250', '-target-margin-list=1.0,1.5,2.0,2.5,3.0,3.5,4.0,4.5,5.0', '-log-level=WARNING']
2023-11-26 19:48:02;UNIUSDT;30m;1.0;150;30;74;100.0;5;107.13;['-batch-training', '-calc-rsi', '-verbose', '-prediction-mode=index', '-interval-list=30m', '-range-min-rsi=28', '-range-max-rsi=80', '-range-p-ema=50,250', '-target-margin-list=1.0,1.5,2.0,2.5,3.0,3.5,4.0,4.5,5.0', '-log-level=WARNING']
2023-11-26 20:47:48;UNIUSDT;30m;1.0;50;30;74;100.0;5;107.13;['-batch-training', '-calc-rsi', '-verbose', '-prediction-mode=index', '-interval-list=30m', '-range-min-rsi=28', '-range-max-rsi=80', '-range-p-ema=50,250', '-target-margin-list=1.0,1.5,2.0,2.5,3.0,3.5,4.0,4.5,5.0', '-log-level=WARNING']
2023-11-26 19:36:28;UNIUSDT;30m;1.0;125;30;74;100.0;5;107.13;['-batch-training', '-calc-rsi', '-verbose', '-prediction-mode=index', '-interval-list=30m', '-range-min-rsi=28', '-range-max-rsi=80', '-range-p-ema=50,250', '-target-margin-list=1.0,1.5,2.0,2.5,3.0,3.5,4.0,4.5,5.0', '-log-level=WARNING']
2023-11-26 21:02:37;UNIUSDT;30m;1.0;75;30;74;100.0;5;107.13;['-batch-training', '-calc-rsi', '-verbose', '-prediction-mode=index', '-interval-list=30m', '-range-min-rsi=28', '-range-max-rsi=80', '-range-p-ema=50,250', '-target-margin-list=1.0,1.5,2.0,2.5,3.0,3.5,4.0,4.5,5.0', '-log-level=WARNING']
2023-11-26 19:51:03;UNIUSDT;30m;2.0;150;36;76;100.0;2;107.15;['-batch-training', '-calc-rsi', '-verbose', '-prediction-mode=index', '-interval-list=30m', '-range-min-rsi=28', '-range-max-rsi=80', '-range-p-ema=50,250', '-target-margin-list=1.0,1.5,2.0,2.5,3.0,3.5,4.0,4.5,5.0', '-log-level=WARNING']
2023-11-26 20:36:07;UNIUSDT;30m;1.5;250;30;78;100.0;3;107.15;['-batch-training', '-calc-rsi', '-verbose', '-prediction-mode=index', '-interval-list=30m', '-range-min-rsi=28', '-range-max-rsi=80', '-range-p-ema=50,250', '-target-margin-list=1.0,1.5,2.0,2.5,3.0,3.5,4.0,4.5,5.0', '-log-level=WARNING']
2023-11-26 19:49:58;UNIUSDT;30m;1.5;150;34;78;100.0;3;107.16;['-batch-training', '-calc-rsi', '-verbose', '-prediction-mode=index', '-interval-list=30m', '-range-min-rsi=28', '-range-max-rsi=80', '-range-p-ema=50,250', '-target-margin-list=1.0,1.5,2.0,2.5,3.0,3.5,4.0,4.5,5.0', '-log-level=WARNING']
2023-11-26 19:29:32;UNIUSDT;30m;2.5;100;34;78;100.0;6;107.17;['-batch-training', '-calc-rsi', '-verbose', '-prediction-mode=index', '-interval-list=30m', '-range-min-rsi=28', '-range-max-rsi=80', '-range-p-ema=50,250', '-target-margin-list=1.0,1.5,2.0,2.5,3.0,3.5,4.0,4.5,5.0', '-log-level=WARNING']
2023-11-26 20:53:27;UNIUSDT;30m;2.5;50;34;78;100.0;6;107.17;['-batch-training', '-calc-rsi', '-verbose', '-prediction-mode=index', '-interval-list=30m', '-range-min-rsi=28', '-range-max-rsi=80', '-range-p-ema=50,250', '-target-margin-list=1.0,1.5,2.0,2.5,3.0,3.5,4.0,4.5,5.0', '-log-level=WARNING']
2023-11-26 21:08:51;UNIUSDT;30m;2.5;75;34;78;100.0;6;107.17;['-batch-training', '-calc-rsi', '-verbose', '-prediction-mode=index', '-interval-list=30m', '-range-min-rsi=28', '-range-max-rsi=80', '-range-p-ema=50,250', '-target-margin-list=1.0,1.5,2.0,2.5,3.0,3.5,4.0,4.5,5.0', '-log-level=WARNING']
2023-11-26 19:41:01;UNIUSDT;30m;2.5;125;34;78;100.0;6;107.17;['-batch-training', '-calc-rsi', '-verbose', '-prediction-mode=index', '-interval-list=30m', '-range-min-rsi=28', '-range-max-rsi=80', '-range-p-ema=50,250', '-target-margin-list=1.0,1.5,2.0,2.5,3.0,3.5,4.0,4.5,5.0', '-log-level=WARNING']
2023-11-26 19:48:52;UNIUSDT;30m;1.0;150;32;80;100.0;6;107.18;['-batch-training', '-calc-rsi', '-verbose', '-prediction-mode=index', '-interval-list=30m', '-range-min-rsi=28', '-range-max-rsi=80', '-range-p-ema=50,250', '-target-margin-list=1.0,1.5,2.0,2.5,3.0,3.5,4.0,4.5,5.0', '-log-level=WARNING']
2023-11-26 19:49:11;UNIUSDT;30m;1.5;150;34;72;100.0;2;107.2;['-batch-training', '-calc-rsi', '-verbose', '-prediction-mode=index', '-interval-list=30m', '-range-min-rsi=28', '-range-max-rsi=80', '-range-p-ema=50,250', '-target-margin-list=1.0,1.5,2.0,2.5,3.0,3.5,4.0,4.5,5.0', '-log-level=WARNING']
2023-11-26 20:23:35;UNIUSDT;30m;2.0;225;32;72;100.0;4;107.22;['-batch-training', '-calc-rsi', '-verbose', '-prediction-mode=index', '-interval-list=30m', '-range-min-rsi=28', '-range-max-rsi=80', '-range-p-ema=50,250', '-target-margin-list=1.0,1.5,2.0,2.5,3.0,3.5,4.0,4.5,5.0', '-log-level=WARNING']
2023-11-26 20:11:08;UNIUSDT;30m;2.0;200;32;72;100.0;4;107.22;['-batch-training', '-calc-rsi', '-verbose', '-prediction-mode=index', '-interval-list=30m', '-range-min-rsi=28', '-range-max-rsi=80', '-range-p-ema=50,250', '-target-margin-list=1.0,1.5,2.0,2.5,3.0,3.5,4.0,4.5,5.0', '-log-level=WARNING']
2023-11-26 20:00:18;UNIUSDT;30m;1.5;175;36;76;100.0;4;107.23;['-batch-training', '-calc-rsi', '-verbose', '-prediction-mode=index', '-interval-list=30m', '-range-min-rsi=28', '-range-max-rsi=80', '-range-p-ema=50,250', '-target-margin-list=1.0,1.5,2.0,2.5,3.0,3.5,4.0,4.5,5.0', '-log-level=WARNING']
2023-11-26 20:49:32;UNIUSDT;30m;1.5;50;34;74;100.0;3;107.24;['-batch-training', '-calc-rsi', '-verbose', '-prediction-mode=index', '-interval-list=30m', '-range-min-rsi=28', '-range-max-rsi=80', '-range-p-ema=50,250', '-target-margin-list=1.0,1.5,2.0,2.5,3.0,3.5,4.0,4.5,5.0', '-log-level=WARNING']
2023-11-26 21:04:31;UNIUSDT;30m;1.5;75;34;74;100.0;3;107.24;['-batch-training', '-calc-rsi', '-verbose', '-prediction-mode=index', '-interval-list=30m', '-range-min-rsi=28', '-range-max-rsi=80', '-range-p-ema=50,250', '-target-margin-list=1.0,1.5,2.0,2.5,3.0,3.5,4.0,4.5,5.0', '-log-level=WARNING']
2023-11-26 19:26:26;UNIUSDT;30m;1.5;100;34;74;100.0;3;107.24;['-batch-training', '-calc-rsi', '-verbose', '-prediction-mode=index', '-interval-list=30m', '-range-min-rsi=28', '-range-max-rsi=80', '-range-p-ema=50,250', '-target-margin-list=1.0,1.5,2.0,2.5,3.0,3.5,4.0,4.5,5.0', '-log-level=WARNING']
2023-11-26 19:37:55;UNIUSDT;30m;1.5;125;34;74;100.0;3;107.24;['-batch-training', '-calc-rsi', '-verbose', '-prediction-mode=index', '-interval-list=30m', '-range-min-rsi=28', '-range-max-rsi=80', '-range-p-ema=50,250', '-target-margin-list=1.0,1.5,2.0,2.5,3.0,3.5,4.0,4.5,5.0', '-log-level=WARNING']
2023-11-26 20:10:28;UNIUSDT;30m;1.5;200;36;76;100.0;4;107.24;['-batch-training', '-calc-rsi', '-verbose', '-prediction-mode=index', '-interval-list=30m', '-range-min-rsi=28', '-range-max-rsi=80', '-range-p-ema=50,250', '-target-margin-list=1.0,1.5,2.0,2.5,3.0,3.5,4.0,4.5,5.0', '-log-level=WARNING']
2023-11-26 19:49:30;UNIUSDT;30m;1.5;150;36;74;100.0;3;107.25;['-batch-training', '-calc-rsi', '-verbose', '-prediction-mode=index', '-interval-list=30m', '-range-min-rsi=28', '-range-max-rsi=80', '-range-p-ema=50,250', '-target-margin-list=1.0,1.5,2.0,2.5,3.0,3.5,4.0,4.5,5.0', '-log-level=WARNING']
2023-11-26 20:39:44;UNIUSDT;30m;3.0;250;30;72;100.0;2;107.28;['-batch-training', '-calc-rsi', '-verbose', '-prediction-mode=index', '-interval-list=30m', '-range-min-rsi=28', '-range-max-rsi=80', '-range-p-ema=50,250', '-target-margin-list=1.0,1.5,2.0,2.5,3.0,3.5,4.0,4.5,5.0', '-log-level=WARNING']
2023-11-26 20:01:45;UNIUSDT;30m;2.0;175;30;80;100.0;2;107.29;['-batch-training', '-calc-rsi', '-verbose', '-prediction-mode=index', '-interval-list=30m', '-range-min-rsi=28', '-range-max-rsi=80', '-range-p-ema=50,250', '-target-margin-list=1.0,1.5,2.0,2.5,3.0,3.5,4.0,4.5,5.0', '-log-level=WARNING']
2023-11-26 20:26:10;UNIUSDT;30m;2.5;225;32;80;100.0;5;107.29;['-batch-training', '-calc-rsi', '-verbose', '-prediction-mode=index', '-interval-list=30m', '-range-min-rsi=28', '-range-max-rsi=80', '-range-p-ema=50,250', '-target-margin-list=1.0,1.5,2.0,2.5,3.0,3.5,4.0,4.5,5.0', '-log-level=WARNING']
2023-11-26 19:36:55;UNIUSDT;30m;1.0;125;36;76;100.0;2;107.29;['-batch-training', '-calc-rsi', '-verbose', '-prediction-mode=index', '-interval-list=30m', '-range-min-rsi=28', '-range-max-rsi=80', '-range-p-ema=50,250', '-target-margin-list=1.0,1.5,2.0,2.5,3.0,3.5,4.0,4.5,5.0', '-log-level=WARNING']
2023-11-26 19:25:26;UNIUSDT;30m;1.0;100;36;76;100.0;2;107.29;['-batch-training', '-calc-rsi', '-verbose', '-prediction-mode=index', '-interval-list=30m', '-range-min-rsi=28', '-range-max-rsi=80', '-range-p-ema=50,250', '-target-margin-list=1.0,1.5,2.0,2.5,3.0,3.5,4.0,4.5,5.0', '-log-level=WARNING']
2023-11-26 19:52:43;UNIUSDT;30m;2.5;150;32;80;100.0;5;107.29;['-batch-training', '-calc-rsi', '-verbose', '-prediction-mode=index', '-interval-list=30m', '-range-min-rsi=28', '-range-max-rsi=80', '-range-p-ema=50,250', '-target-margin-list=1.0,1.5,2.0,2.5,3.0,3.5,4.0,4.5,5.0', '-log-level=WARNING']
2023-11-26 20:12:09;UNIUSDT;30m;2.0;200;30;80;100.0;2;107.29;['-batch-training', '-calc-rsi', '-verbose', '-prediction-mode=index', '-interval-list=30m', '-range-min-rsi=28', '-range-max-rsi=80', '-range-p-ema=50,250', '-target-margin-list=1.0,1.5,2.0,2.5,3.0,3.5,4.0,4.5,5.0', '-log-level=WARNING']
2023-11-26 20:13:32;UNIUSDT;30m;2.5;200;32;80;100.0;5;107.29;['-batch-training', '-calc-rsi', '-verbose', '-prediction-mode=index', '-interval-list=30m', '-range-min-rsi=28', '-range-max-rsi=80', '-range-p-ema=50,250', '-target-margin-list=1.0,1.5,2.0,2.5,3.0,3.5,4.0,4.5,5.0', '-log-level=WARNING']
2023-11-26 20:22:33;UNIUSDT;30m;1.5;225;36;74;100.0;4;107.29;['-batch-training', '-calc-rsi', '-verbose', '-prediction-mode=index', '-interval-list=30m', '-range-min-rsi=28', '-range-max-rsi=80', '-range-p-ema=50,250', '-target-margin-list=1.0,1.5,2.0,2.5,3.0,3.5,4.0,4.5,5.0', '-log-level=WARNING']
2023-11-26 20:21:19;UNIUSDT;30m;1.0;225;34;76;100.0;5;107.29;['-batch-training', '-calc-rsi', '-verbose', '-prediction-mode=index', '-interval-list=30m', '-range-min-rsi=28', '-range-max-rsi=80', '-range-p-ema=50,250', '-target-margin-list=1.0,1.5,2.0,2.5,3.0,3.5,4.0,4.5,5.0', '-log-level=WARNING']
2023-11-26 20:39:30;UNIUSDT;30m;2.5;250;32;80;100.0;5;107.29;['-batch-training', '-calc-rsi', '-verbose', '-prediction-mode=index', '-interval-list=30m', '-range-min-rsi=28', '-range-max-rsi=80', '-range-p-ema=50,250', '-target-margin-list=1.0,1.5,2.0,2.5,3.0,3.5,4.0,4.5,5.0', '-log-level=WARNING']
2023-11-26 20:24:40;UNIUSDT;30m;2.0;225;30;80;100.0;2;107.29;['-batch-training', '-calc-rsi', '-verbose', '-prediction-mode=index', '-interval-list=30m', '-range-min-rsi=28', '-range-max-rsi=80', '-range-p-ema=50,250', '-target-margin-list=1.0,1.5,2.0,2.5,3.0,3.5,4.0,4.5,5.0', '-log-level=WARNING']
2023-11-26 20:02:55;UNIUSDT;30m;2.5;175;32;80;100.0;5;107.29;['-batch-training', '-calc-rsi', '-verbose', '-prediction-mode=index', '-interval-list=30m', '-range-min-rsi=28', '-range-max-rsi=80', '-range-p-ema=50,250', '-target-margin-list=1.0,1.5,2.0,2.5,3.0,3.5,4.0,4.5,5.0', '-log-level=WARNING']
2023-11-26 21:10:38;UNIUSDT;30m;3.0;75;34;78;100.0;5;107.3;['-batch-training', '-calc-rsi', '-verbose', '-prediction-mode=index', '-interval-list=30m', '-range-min-rsi=28', '-range-max-rsi=80', '-range-p-ema=50,250', '-target-margin-list=1.0,1.5,2.0,2.5,3.0,3.5,4.0,4.5,5.0', '-log-level=WARNING']
2023-11-26 19:30:47;UNIUSDT;30m;3.0;100;34;78;100.0;5;107.3;['-batch-training', '-calc-rsi', '-verbose', '-prediction-mode=index', '-interval-list=30m', '-range-min-rsi=28', '-range-max-rsi=80', '-range-p-ema=50,250', '-target-margin-list=1.0,1.5,2.0,2.5,3.0,3.5,4.0,4.5,5.0', '-log-level=WARNING']
2023-11-26 20:36:57;UNIUSDT;30m;2.0;250;28;74;100.0;2;107.3;['-batch-training', '-calc-rsi', '-verbose', '-prediction-mode=index', '-interval-list=30m', '-range-min-rsi=28', '-range-max-rsi=80', '-range-p-ema=50,250', '-target-margin-list=1.0,1.5,2.0,2.5,3.0,3.5,4.0,4.5,5.0', '-log-level=WARNING']
2023-11-26 19:42:18;UNIUSDT;30m;3.0;125;34;78;100.0;5;107.3;['-batch-training', '-calc-rsi', '-verbose', '-prediction-mode=index', '-interval-list=30m', '-range-min-rsi=28', '-range-max-rsi=80', '-range-p-ema=50,250', '-target-margin-list=1.0,1.5,2.0,2.5,3.0,3.5,4.0,4.5,5.0', '-log-level=WARNING']
2023-11-26 21:08:56;UNIUSDT;30m;2.5;75;36;78;100.0;2;107.3;['-batch-training', '-calc-rsi', '-verbose', '-prediction-mode=index', '-interval-list=30m', '-range-min-rsi=28', '-range-max-rsi=80', '-range-p-ema=50,250', '-target-margin-list=1.0,1.5,2.0,2.5,3.0,3.5,4.0,4.5,5.0', '-log-level=WARNING']
2023-11-26 20:55:05;UNIUSDT;30m;3.0;50;34;78;100.0;5;107.3;['-batch-training', '-calc-rsi', '-verbose', '-prediction-mode=index', '-interval-list=30m', '-range-min-rsi=28', '-range-max-rsi=80', '-range-p-ema=50,250', '-target-margin-list=1.0,1.5,2.0,2.5,3.0,3.5,4.0,4.5,5.0', '-log-level=WARNING']
2023-11-26 20:53:30;UNIUSDT;30m;2.5;50;36;78;100.0;2;107.3;['-batch-training', '-calc-rsi', '-verbose', '-prediction-mode=index', '-interval-list=30m', '-range-min-rsi=28', '-range-max-rsi=80', '-range-p-ema=50,250', '-target-margin-list=1.0,1.5,2.0,2.5,3.0,3.5,4.0,4.5,5.0', '-log-level=WARNING']
2023-11-26 20:35:03;UNIUSDT;30m;1.0;250;34;80;100.0;6;107.31;['-batch-training', '-calc-rsi', '-verbose', '-prediction-mode=index', '-interval-list=30m', '-range-min-rsi=28', '-range-max-rsi=80', '-range-p-ema=50,250', '-target-margin-list=1.0,1.5,2.0,2.5,3.0,3.5,4.0,4.5,5.0', '-log-level=WARNING']
2023-11-26 20:21:57;UNIUSDT;30m;1.0;225;36;80;100.0;6;107.31;['-batch-training', '-calc-rsi', '-verbose', '-prediction-mode=index', '-interval-list=30m', '-range-min-rsi=28', '-range-max-rsi=80', '-range-p-ema=50,250', '-target-margin-list=1.0,1.5,2.0,2.5,3.0,3.5,4.0,4.5,5.0', '-log-level=WARNING']
2023-11-26 20:40:33;UNIUSDT;30m;3.0;250;36;76;100.0;4;107.32;['-batch-training', '-calc-rsi', '-verbose', '-prediction-mode=index', '-interval-list=30m', '-range-min-rsi=28', '-range-max-rsi=80', '-range-p-ema=50,250', '-target-margin-list=1.0,1.5,2.0,2.5,3.0,3.5,4.0,4.5,5.0', '-log-level=WARNING']
2023-11-26 19:48:46;UNIUSDT;30m;1.0;150;28;80;100.0;3;107.33;['-batch-training', '-calc-rsi', '-verbose', '-prediction-mode=index', '-interval-list=30m', '-range-min-rsi=28', '-range-max-rsi=80', '-range-p-ema=50,250', '-target-margin-list=1.0,1.5,2.0,2.5,3.0,3.5,4.0,4.5,5.0', '-log-level=WARNING']
2023-11-26 20:48:41;UNIUSDT;30m;1.0;50;28;80;100.0;3;107.33;['-batch-training', '-calc-rsi', '-verbose', '-prediction-mode=index', '-interval-list=30m', '-range-min-rsi=28', '-range-max-rsi=80', '-range-p-ema=50,250', '-target-margin-list=1.0,1.5,2.0,2.5,3.0,3.5,4.0,4.5,5.0', '-log-level=WARNING']
2023-11-26 20:09:30;UNIUSDT;30m;1.0;200;28;80;100.0;3;107.33;['-batch-training', '-calc-rsi', '-verbose', '-prediction-mode=index', '-interval-list=30m', '-range-min-rsi=28', '-range-max-rsi=80', '-range-p-ema=50,250', '-target-margin-list=1.0,1.5,2.0,2.5,3.0,3.5,4.0,4.5,5.0', '-log-level=WARNING']
2023-11-26 21:03:36;UNIUSDT;30m;1.0;75;28;80;100.0;3;107.33;['-batch-training', '-calc-rsi', '-verbose', '-prediction-mode=index', '-interval-list=30m', '-range-min-rsi=28', '-range-max-rsi=80', '-range-p-ema=50,250', '-target-margin-list=1.0,1.5,2.0,2.5,3.0,3.5,4.0,4.5,5.0', '-log-level=WARNING']
2023-11-26 20:21:44;UNIUSDT;30m;1.0;225;28;80;100.0;3;107.33;['-batch-training', '-calc-rsi', '-verbose', '-prediction-mode=index', '-interval-list=30m', '-range-min-rsi=28', '-range-max-rsi=80', '-range-p-ema=50,250', '-target-margin-list=1.0,1.5,2.0,2.5,3.0,3.5,4.0,4.5,5.0', '-log-level=WARNING']
2023-11-26 19:59:25;UNIUSDT;30m;1.0;175;28;80;100.0;3;107.33;['-batch-training', '-calc-rsi', '-verbose', '-prediction-mode=index', '-interval-list=30m', '-range-min-rsi=28', '-range-max-rsi=80', '-range-p-ema=50,250', '-target-margin-list=1.0,1.5,2.0,2.5,3.0,3.5,4.0,4.5,5.0', '-log-level=WARNING']
2023-11-26 19:25:45;UNIUSDT;30m;1.0;100;28;80;100.0;3;107.33;['-batch-training', '-calc-rsi', '-verbose', '-prediction-mode=index', '-interval-list=30m', '-range-min-rsi=28', '-range-max-rsi=80', '-range-p-ema=50,250', '-target-margin-list=1.0,1.5,2.0,2.5,3.0,3.5,4.0,4.5,5.0', '-log-level=WARNING']
2023-11-26 19:37:14;UNIUSDT;30m;1.0;125;28;80;100.0;3;107.33;['-batch-training', '-calc-rsi', '-verbose', '-prediction-mode=index', '-interval-list=30m', '-range-min-rsi=28', '-range-max-rsi=80', '-range-p-ema=50,250', '-target-margin-list=1.0,1.5,2.0,2.5,3.0,3.5,4.0,4.5,5.0', '-log-level=WARNING']
2023-11-26 21:05:27;UNIUSDT;30m;1.5;75;30;80;100.0;5;107.34;['-batch-training', '-calc-rsi', '-verbose', '-prediction-mode=index', '-interval-list=30m', '-range-min-rsi=28', '-range-max-rsi=80', '-range-p-ema=50,250', '-target-margin-list=1.0,1.5,2.0,2.5,3.0,3.5,4.0,4.5,5.0', '-log-level=WARNING']
2023-11-26 19:38:36;UNIUSDT;30m;1.5;125;30;80;100.0;5;107.34;['-batch-training', '-calc-rsi', '-verbose', '-prediction-mode=index', '-interval-list=30m', '-range-min-rsi=28', '-range-max-rsi=80', '-range-p-ema=50,250', '-target-margin-list=1.0,1.5,2.0,2.5,3.0,3.5,4.0,4.5,5.0', '-log-level=WARNING']
2023-11-26 20:50:22;UNIUSDT;30m;1.5;50;30;80;100.0;5;107.34;['-batch-training', '-calc-rsi', '-verbose', '-prediction-mode=index', '-interval-list=30m', '-range-min-rsi=28', '-range-max-rsi=80', '-range-p-ema=50,250', '-target-margin-list=1.0,1.5,2.0,2.5,3.0,3.5,4.0,4.5,5.0', '-log-level=WARNING']
2023-11-26 19:50:07;UNIUSDT;30m;1.5;150;30;80;100.0;5;107.34;['-batch-training', '-calc-rsi', '-verbose', '-prediction-mode=index', '-interval-list=30m', '-range-min-rsi=28', '-range-max-rsi=80', '-range-p-ema=50,250', '-target-margin-list=1.0,1.5,2.0,2.5,3.0,3.5,4.0,4.5,5.0', '-log-level=WARNING']
2023-11-26 19:27:07;UNIUSDT;30m;1.5;100;30;80;100.0;5;107.34;['-batch-training', '-calc-rsi', '-verbose', '-prediction-mode=index', '-interval-list=30m', '-range-min-rsi=28', '-range-max-rsi=80', '-range-p-ema=50,250', '-target-margin-list=1.0,1.5,2.0,2.5,3.0,3.5,4.0,4.5,5.0', '-log-level=WARNING']
2023-11-26 19:37:11;UNIUSDT;30m;1.0;125;36;78;100.0;6;107.36;['-batch-training', '-calc-rsi', '-verbose', '-prediction-mode=index', '-interval-list=30m', '-range-min-rsi=28', '-range-max-rsi=80', '-range-p-ema=50,250', '-target-margin-list=1.0,1.5,2.0,2.5,3.0,3.5,4.0,4.5,5.0', '-log-level=WARNING']
2023-11-26 19:25:42;UNIUSDT;30m;1.0;100;36;78;100.0;6;107.36;['-batch-training', '-calc-rsi', '-verbose', '-prediction-mode=index', '-interval-list=30m', '-range-min-rsi=28', '-range-max-rsi=80', '-range-p-ema=50,250', '-target-margin-list=1.0,1.5,2.0,2.5,3.0,3.5,4.0,4.5,5.0', '-log-level=WARNING']
2023-11-26 19:29:35;UNIUSDT;30m;2.5;100;36;78;100.0;2;107.37;['-batch-training', '-calc-rsi', '-verbose', '-prediction-mode=index', '-interval-list=30m', '-range-min-rsi=28', '-range-max-rsi=80', '-range-p-ema=50,250', '-target-margin-list=1.0,1.5,2.0,2.5,3.0,3.5,4.0,4.5,5.0', '-log-level=WARNING']
2023-11-26 19:41:04;UNIUSDT;30m;2.5;125;36;78;100.0;2;107.37;['-batch-training', '-calc-rsi', '-verbose', '-prediction-mode=index', '-interval-list=30m', '-range-min-rsi=28', '-range-max-rsi=80', '-range-p-ema=50,250', '-target-margin-list=1.0,1.5,2.0,2.5,3.0,3.5,4.0,4.5,5.0', '-log-level=WARNING']
2023-11-26 20:13:38;UNIUSDT;30m;2.5;200;36;80;100.0;5;107.38;['-batch-training', '-calc-rsi', '-verbose', '-prediction-mode=index', '-interval-list=30m', '-range-min-rsi=28', '-range-max-rsi=80', '-range-p-ema=50,250', '-target-margin-list=1.0,1.5,2.0,2.5,3.0,3.5,4.0,4.5,5.0', '-log-level=WARNING']
2023-11-26 20:47:52;UNIUSDT;30m;1.0;50;32;74;100.0;3;107.41;['-batch-training', '-calc-rsi', '-verbose', '-prediction-mode=index', '-interval-list=30m', '-range-min-rsi=28', '-range-max-rsi=80', '-range-p-ema=50,250', '-target-margin-list=1.0,1.5,2.0,2.5,3.0,3.5,4.0,4.5,5.0', '-log-level=WARNING']
2023-11-26 19:25:04;UNIUSDT;30m;1.0;100;32;74;100.0;3;107.41;['-batch-training', '-calc-rsi', '-verbose', '-prediction-mode=index', '-interval-list=30m', '-range-min-rsi=28', '-range-max-rsi=80', '-range-p-ema=50,250', '-target-margin-list=1.0,1.5,2.0,2.5,3.0,3.5,4.0,4.5,5.0', '-log-level=WARNING']
2023-11-26 19:36:32;UNIUSDT;30m;1.0;125;32;74;100.0;3;107.41;['-batch-training', '-calc-rsi', '-verbose', '-prediction-mode=index', '-interval-list=30m', '-range-min-rsi=28', '-range-max-rsi=80', '-range-p-ema=50,250', '-target-margin-list=1.0,1.5,2.0,2.5,3.0,3.5,4.0,4.5,5.0', '-log-level=WARNING']
2023-11-26 21:02:41;UNIUSDT;30m;1.0;75;32;74;100.0;3;107.41;['-batch-training', '-calc-rsi', '-verbose', '-prediction-mode=index', '-interval-list=30m', '-range-min-rsi=28', '-range-max-rsi=80', '-range-p-ema=50,250', '-target-margin-list=1.0,1.5,2.0,2.5,3.0,3.5,4.0,4.5,5.0', '-log-level=WARNING']
2023-11-26 20:01:06;UNIUSDT;30m;2.0;175;32;74;100.0;4;107.46;['-batch-training', '-calc-rsi', '-verbose', '-prediction-mode=index', '-interval-list=30m', '-range-min-rsi=28', '-range-max-rsi=80', '-range-p-ema=50,250', '-target-margin-list=1.0,1.5,2.0,2.5,3.0,3.5,4.0,4.5,5.0', '-log-level=WARNING']
2023-11-26 19:50:42;UNIUSDT;30m;2.0;150;32;74;100.0;4;107.46;['-batch-training', '-calc-rsi', '-verbose', '-prediction-mode=index', '-interval-list=30m', '-range-min-rsi=28', '-range-max-rsi=80', '-range-p-ema=50,250', '-target-margin-list=1.0,1.5,2.0,2.5,3.0,3.5,4.0,4.5,5.0', '-log-level=WARNING']
2023-11-26 20:38:10;UNIUSDT;30m;2.5;250;28;72;100.0;2;107.47;['-batch-training', '-calc-rsi', '-verbose', '-prediction-mode=index', '-interval-list=30m', '-range-min-rsi=28', '-range-max-rsi=80', '-range-p-ema=50,250', '-target-margin-list=1.0,1.5,2.0,2.5,3.0,3.5,4.0,4.5,5.0', '-log-level=WARNING']
2023-11-26 20:02:55;UNIUSDT;30m;2.5;175;32;80;100.0;2;107.47;['-batch-training', '-calc-rsi', '-verbose', '-prediction-mode=index', '-interval-list=30m', '-range-min-rsi=28', '-range-max-rsi=80', '-range-p-ema=50,250', '-target-margin-list=1.0,1.5,2.0,2.5,3.0,3.5,4.0,4.5,5.0', '-log-level=WARNING']
2023-11-26 19:52:46;UNIUSDT;30m;2.5;150;34;80;100.0;2;107.48;['-batch-training', '-calc-rsi', '-verbose', '-prediction-mode=index', '-interval-list=30m', '-range-min-rsi=28', '-range-max-rsi=80', '-range-p-ema=50,250', '-target-margin-list=1.0,1.5,2.0,2.5,3.0,3.5,4.0,4.5,5.0', '-log-level=WARNING']
2023-11-26 20:01:25;UNIUSDT;30m;2.0;175;36;76;100.0;2;107.48;['-batch-training', '-calc-rsi', '-verbose', '-prediction-mode=index', '-interval-list=30m', '-range-min-rsi=28', '-range-max-rsi=80', '-range-p-ema=50,250', '-target-margin-list=1.0,1.5,2.0,2.5,3.0,3.5,4.0,4.5,5.0', '-log-level=WARNING']
2023-11-26 19:59:28;UNIUSDT;30m;1.0;175;30;80;100.0;7;107.5;['-batch-training', '-calc-rsi', '-verbose', '-prediction-mode=index', '-interval-list=30m', '-range-min-rsi=28', '-range-max-rsi=80', '-range-p-ema=50,250', '-target-margin-list=1.0,1.5,2.0,2.5,3.0,3.5,4.0,4.5,5.0', '-log-level=WARNING']
2023-11-26 20:09:33;UNIUSDT;30m;1.0;200;30;80;100.0;7;107.5;['-batch-training', '-calc-rsi', '-verbose', '-prediction-mode=index', '-interval-list=30m', '-range-min-rsi=28', '-range-max-rsi=80', '-range-p-ema=50,250', '-target-margin-list=1.0,1.5,2.0,2.5,3.0,3.5,4.0,4.5,5.0', '-log-level=WARNING']
2023-11-26 20:11:31;UNIUSDT;30m;2.0;200;36;74;100.0;3;107.5;['-batch-training', '-calc-rsi', '-verbose', '-prediction-mode=index', '-interval-list=30m', '-range-min-rsi=28', '-range-max-rsi=80', '-range-p-ema=50,250', '-target-margin-list=1.0,1.5,2.0,2.5,3.0,3.5,4.0,4.5,5.0', '-log-level=WARNING']
2023-11-26 20:21:47;UNIUSDT;30m;1.0;225;30;80;100.0;7;107.5;['-batch-training', '-calc-rsi', '-verbose', '-prediction-mode=index', '-interval-list=30m', '-range-min-rsi=28', '-range-max-rsi=80', '-range-p-ema=50,250', '-target-margin-list=1.0,1.5,2.0,2.5,3.0,3.5,4.0,4.5,5.0', '-log-level=WARNING']
2023-11-26 21:11:47;UNIUSDT;30m;3.5;75;36;74;100.0;5;107.51;['-batch-training', '-calc-rsi', '-verbose', '-prediction-mode=index', '-interval-list=30m', '-range-min-rsi=28', '-range-max-rsi=80', '-range-p-ema=50,250', '-target-margin-list=1.0,1.5,2.0,2.5,3.0,3.5,4.0,4.5,5.0', '-log-level=WARNING']
2023-11-26 19:31:51;UNIUSDT;30m;3.5;100;36;76;100.0;5;107.51;['-batch-training', '-calc-rsi', '-verbose', '-prediction-mode=index', '-interval-list=30m', '-range-min-rsi=28', '-range-max-rsi=80', '-range-p-ema=50,250', '-target-margin-list=1.0,1.5,2.0,2.5,3.0,3.5,4.0,4.5,5.0', '-log-level=WARNING']
2023-11-26 21:12:08;UNIUSDT;30m;3.5;75;36;76;100.0;5;107.51;['-batch-training', '-calc-rsi', '-verbose', '-prediction-mode=index', '-interval-list=30m', '-range-min-rsi=28', '-range-max-rsi=80', '-range-p-ema=50,250', '-target-margin-list=1.0,1.5,2.0,2.5,3.0,3.5,4.0,4.5,5.0', '-log-level=WARNING']
2023-11-26 19:43:21;UNIUSDT;30m;3.5;125;36;76;100.0;5;107.51;['-batch-training', '-calc-rsi', '-verbose', '-prediction-mode=index', '-interval-list=30m', '-range-min-rsi=28', '-range-max-rsi=80', '-range-p-ema=50,250', '-target-margin-list=1.0,1.5,2.0,2.5,3.0,3.5,4.0,4.5,5.0', '-log-level=WARNING']
2023-11-26 19:31:36;UNIUSDT;30m;3.5;100;36;74;100.0;5;107.51;['-batch-training', '-calc-rsi', '-verbose', '-prediction-mode=index', '-interval-list=30m', '-range-min-rsi=28', '-range-max-rsi=80', '-range-p-ema=50,250', '-target-margin-list=1.0,1.5,2.0,2.5,3.0,3.5,4.0,4.5,5.0', '-log-level=WARNING']
2023-11-26 19:59:20;UNIUSDT;30m;1.0;175;34;78;100.0;6;107.51;['-batch-training', '-calc-rsi', '-verbose', '-prediction-mode=index', '-interval-list=30m', '-range-min-rsi=28', '-range-max-rsi=80', '-range-p-ema=50,250', '-target-margin-list=1.0,1.5,2.0,2.5,3.0,3.5,4.0,4.5,5.0', '-log-level=WARNING']
2023-11-26 19:43:06;UNIUSDT;30m;3.5;125;36;74;100.0;5;107.51;['-batch-training', '-calc-rsi', '-verbose', '-prediction-mode=index', '-interval-list=30m', '-range-min-rsi=28', '-range-max-rsi=80', '-range-p-ema=50,250', '-target-margin-list=1.0,1.5,2.0,2.5,3.0,3.5,4.0,4.5,5.0', '-log-level=WARNING']
2023-11-26 20:56:08;UNIUSDT;30m;3.5;50;36;74;100.0;5;107.51;['-batch-training', '-calc-rsi', '-verbose', '-prediction-mode=index', '-interval-list=30m', '-range-min-rsi=28', '-range-max-rsi=80', '-range-p-ema=50,250', '-target-margin-list=1.0,1.5,2.0,2.5,3.0,3.5,4.0,4.5,5.0', '-log-level=WARNING']
2023-11-26 20:42:08;UNIUSDT;30m;3.5;250;28;78;100.0;3;107.51;['-batch-training', '-calc-rsi', '-verbose', '-prediction-mode=index', '-interval-list=30m', '-range-min-rsi=28', '-range-max-rsi=80', '-range-p-ema=50,250', '-target-margin-list=1.0,1.5,2.0,2.5,3.0,3.5,4.0,4.5,5.0', '-log-level=WARNING']
2023-11-26 20:56:28;UNIUSDT;30m;3.5;50;36;76;100.0;5;107.51;['-batch-training', '-calc-rsi', '-verbose', '-prediction-mode=index', '-interval-list=30m', '-range-min-rsi=28', '-range-max-rsi=80', '-range-p-ema=50,250', '-target-margin-list=1.0,1.5,2.0,2.5,3.0,3.5,4.0,4.5,5.0', '-log-level=WARNING']
2023-11-26 19:50:32;UNIUSDT;30m;2.0;150;36;72;100.0;2;107.52;['-batch-training', '-calc-rsi', '-verbose', '-prediction-mode=index', '-interval-list=30m', '-range-min-rsi=28', '-range-max-rsi=80', '-range-p-ema=50,250', '-target-margin-list=1.0,1.5,2.0,2.5,3.0,3.5,4.0,4.5,5.0', '-log-level=WARNING']
2023-11-26 20:34:59;UNIUSDT;30m;1.0;250;32;80;100.0;3;107.54;['-batch-training', '-calc-rsi', '-verbose', '-prediction-mode=index', '-interval-list=30m', '-range-min-rsi=28', '-range-max-rsi=80', '-range-p-ema=50,250', '-target-margin-list=1.0,1.5,2.0,2.5,3.0,3.5,4.0,4.5,5.0', '-log-level=WARNING']
2023-11-26 19:48:59;UNIUSDT;30m;1.0;150;36;80;100.0;6;107.54;['-batch-training', '-calc-rsi', '-verbose', '-prediction-mode=index', '-interval-list=30m', '-range-min-rsi=28', '-range-max-rsi=80', '-range-p-ema=50,250', '-target-margin-list=1.0,1.5,2.0,2.5,3.0,3.5,4.0,4.5,5.0', '-log-level=WARNING']
2023-11-26 20:39:08;UNIUSDT;30m;2.5;250;30;78;100.0;3;107.55;['-batch-training', '-calc-rsi', '-verbose', '-prediction-mode=index', '-interval-list=30m', '-range-min-rsi=28', '-range-max-rsi=80', '-range-p-ema=50,250', '-target-margin-list=1.0,1.5,2.0,2.5,3.0,3.5,4.0,4.5,5.0', '-log-level=WARNING']
2023-11-26 20:05:23;UNIUSDT;30m;4.0;175;34;72;100.0;2;107.56;['-batch-training', '-calc-rsi', '-verbose', '-prediction-mode=index', '-interval-list=30m', '-range-min-rsi=28', '-range-max-rsi=80', '-range-p-ema=50,250', '-target-margin-list=1.0,1.5,2.0,2.5,3.0,3.5,4.0,4.5,5.0', '-log-level=WARNING']
2023-11-26 20:16:34;UNIUSDT;30m;4.0;200;34;72;100.0;2;107.56;['-batch-training', '-calc-rsi', '-verbose', '-prediction-mode=index', '-interval-list=30m', '-range-min-rsi=28', '-range-max-rsi=80', '-range-p-ema=50,250', '-target-margin-list=1.0,1.5,2.0,2.5,3.0,3.5,4.0,4.5,5.0', '-log-level=WARNING']
2023-11-26 20:47:30;UNIUSDT;30m;1.0;50;30;72;100.0;2;107.58;['-batch-training', '-calc-rsi', '-verbose', '-prediction-mode=index', '-interval-list=30m', '-range-min-rsi=28', '-range-max-rsi=80', '-range-p-ema=50,250', '-target-margin-list=1.0,1.5,2.0,2.5,3.0,3.5,4.0,4.5,5.0', '-log-level=WARNING']
2023-11-26 19:47:46;UNIUSDT;30m;1.0;150;30;72;100.0;2;107.58;['-batch-training', '-calc-rsi', '-verbose', '-prediction-mode=index', '-interval-list=30m', '-range-min-rsi=28', '-range-max-rsi=80', '-range-p-ema=50,250', '-target-margin-list=1.0,1.5,2.0,2.5,3.0,3.5,4.0,4.5,5.0', '-log-level=WARNING']
2023-11-26 20:53:30;UNIUSDT;30m;2.5;50;36;78;100.0;5;107.58;['-batch-training', '-calc-rsi', '-verbose', '-prediction-mode=index', '-interval-list=30m', '-range-min-rsi=28', '-range-max-rsi=80', '-range-p-ema=50,250', '-target-margin-list=1.0,1.5,2.0,2.5,3.0,3.5,4.0,4.5,5.0', '-log-level=WARNING']
2023-11-26 21:08:56;UNIUSDT;30m;2.5;75;36;78;100.0;5;107.58;['-batch-training', '-calc-rsi', '-verbose', '-prediction-mode=index', '-interval-list=30m', '-range-min-rsi=28', '-range-max-rsi=80', '-range-p-ema=50,250', '-target-margin-list=1.0,1.5,2.0,2.5,3.0,3.5,4.0,4.5,5.0', '-log-level=WARNING']
2023-11-26 19:24:45;UNIUSDT;30m;1.0;100;30;72;100.0;2;107.58;['-batch-training', '-calc-rsi', '-verbose', '-prediction-mode=index', '-interval-list=30m', '-range-min-rsi=28', '-range-max-rsi=80', '-range-p-ema=50,250', '-target-margin-list=1.0,1.5,2.0,2.5,3.0,3.5,4.0,4.5,5.0', '-log-level=WARNING']
2023-11-26 21:02:16;UNIUSDT;30m;1.0;75;30;72;100.0;2;107.58;['-batch-training', '-calc-rsi', '-verbose', '-prediction-mode=index', '-interval-list=30m', '-range-min-rsi=28', '-range-max-rsi=80', '-range-p-ema=50,250', '-target-margin-list=1.0,1.5,2.0,2.5,3.0,3.5,4.0,4.5,5.0', '-log-level=WARNING']
2023-11-26 19:36:12;UNIUSDT;30m;1.0;125;30;72;100.0;2;107.58;['-batch-training', '-calc-rsi', '-verbose', '-prediction-mode=index', '-interval-list=30m', '-range-min-rsi=28', '-range-max-rsi=80', '-range-p-ema=50,250', '-target-margin-list=1.0,1.5,2.0,2.5,3.0,3.5,4.0,4.5,5.0', '-log-level=WARNING']
2023-11-26 20:36:14;UNIUSDT;30m;1.5;250;34;78;100.0;5;107.6;['-batch-training', '-calc-rsi', '-verbose', '-prediction-mode=index', '-interval-list=30m', '-range-min-rsi=28', '-range-max-rsi=80', '-range-p-ema=50,250', '-target-margin-list=1.0,1.5,2.0,2.5,3.0,3.5,4.0,4.5,5.0', '-log-level=WARNING']
2023-11-26 20:33:43;UNIUSDT;30m;1.0;250;30;72;100.0;5;107.61;['-batch-training', '-calc-rsi', '-verbose', '-prediction-mode=index', '-interval-list=30m', '-range-min-rsi=28', '-range-max-rsi=80', '-range-p-ema=50,250', '-target-margin-list=1.0,1.5,2.0,2.5,3.0,3.5,4.0,4.5,5.0', '-log-level=WARNING']
2023-11-26 20:36:29;UNIUSDT;30m;1.5;250;32;80;100.0;3;107.61;['-batch-training', '-calc-rsi', '-verbose', '-prediction-mode=index', '-interval-list=30m', '-range-min-rsi=28', '-range-max-rsi=80', '-range-p-ema=50,250', '-target-margin-list=1.0,1.5,2.0,2.5,3.0,3.5,4.0,4.5,5.0', '-log-level=WARNING']
2023-11-26 20:08:42;UNIUSDT;30m;1.0;200;34;72;100.0;2;107.62;['-batch-training', '-calc-rsi', '-verbose', '-prediction-mode=index', '-interval-list=30m', '-range-min-rsi=28', '-range-max-rsi=80', '-range-p-ema=50,250', '-target-margin-list=1.0,1.5,2.0,2.5,3.0,3.5,4.0,4.5,5.0', '-log-level=WARNING']
2023-11-26 20:28:16;UNIUSDT;30m;3.5;225;34;74;100.0;4;107.62;['-batch-training', '-calc-rsi', '-verbose', '-prediction-mode=index', '-interval-list=30m', '-range-min-rsi=28', '-range-max-rsi=80', '-range-p-ema=50,250', '-target-margin-list=1.0,1.5,2.0,2.5,3.0,3.5,4.0,4.5,5.0', '-log-level=WARNING']
2023-11-26 20:43:56;UNIUSDT;30m;4.0;250;36;78;100.0;4;107.62;['-batch-training', '-calc-rsi', '-verbose', '-prediction-mode=index', '-interval-list=30m', '-range-min-rsi=28', '-range-max-rsi=80', '-range-p-ema=50,250', '-target-margin-list=1.0,1.5,2.0,2.5,3.0,3.5,4.0,4.5,5.0', '-log-level=WARNING']
2023-11-26 19:27:34;UNIUSDT;30m;2.0;100;28;74;100.0;2;107.63;['-batch-training', '-calc-rsi', '-verbose', '-prediction-mode=index', '-interval-list=30m', '-range-min-rsi=28', '-range-max-rsi=80', '-range-p-ema=50,250', '-target-margin-list=1.0,1.5,2.0,2.5,3.0,3.5,4.0,4.5,5.0', '-log-level=WARNING']
2023-11-26 20:23:45;UNIUSDT;30m;2.0;225;28;74;100.0;2;107.63;['-batch-training', '-calc-rsi', '-verbose', '-prediction-mode=index', '-interval-list=30m', '-range-min-rsi=28', '-range-max-rsi=80', '-range-p-ema=50,250', '-target-margin-list=1.0,1.5,2.0,2.5,3.0,3.5,4.0,4.5,5.0', '-log-level=WARNING']
2023-11-26 20:11:18;UNIUSDT;30m;2.0;200;28;74;100.0;2;107.63;['-batch-training', '-calc-rsi', '-verbose', '-prediction-mode=index', '-interval-list=30m', '-range-min-rsi=28', '-range-max-rsi=80', '-range-p-ema=50,250', '-target-margin-list=1.0,1.5,2.0,2.5,3.0,3.5,4.0,4.5,5.0', '-log-level=WARNING']
2023-11-26 21:06:06;UNIUSDT;30m;2.0;75;28;74;100.0;2;107.63;['-batch-training', '-calc-rsi', '-verbose', '-prediction-mode=index', '-interval-list=30m', '-range-min-rsi=28', '-range-max-rsi=80', '-range-p-ema=50,250', '-target-margin-list=1.0,1.5,2.0,2.5,3.0,3.5,4.0,4.5,5.0', '-log-level=WARNING']
2023-11-26 19:50:35;UNIUSDT;30m;2.0;150;28;74;100.0;2;107.63;['-batch-training', '-calc-rsi', '-verbose', '-prediction-mode=index', '-interval-list=30m', '-range-min-rsi=28', '-range-max-rsi=80', '-range-p-ema=50,250', '-target-margin-list=1.0,1.5,2.0,2.5,3.0,3.5,4.0,4.5,5.0', '-log-level=WARNING']
2023-11-26 19:39:04;UNIUSDT;30m;2.0;125;28;74;100.0;2;107.63;['-batch-training', '-calc-rsi', '-verbose', '-prediction-mode=index', '-interval-list=30m', '-range-min-rsi=28', '-range-max-rsi=80', '-range-p-ema=50,250', '-target-margin-list=1.0,1.5,2.0,2.5,3.0,3.5,4.0,4.5,5.0', '-log-level=WARNING']
2023-11-26 20:50:57;UNIUSDT;30m;2.0;50;28;74;100.0;2;107.63;['-batch-training', '-calc-rsi', '-verbose', '-prediction-mode=index', '-interval-list=30m', '-range-min-rsi=28', '-range-max-rsi=80', '-range-p-ema=50,250', '-target-margin-list=1.0,1.5,2.0,2.5,3.0,3.5,4.0,4.5,5.0', '-log-level=WARNING']
2023-11-26 20:01:01;UNIUSDT;30m;2.0;175;28;74;100.0;2;107.63;['-batch-training', '-calc-rsi', '-verbose', '-prediction-mode=index', '-interval-list=30m', '-range-min-rsi=28', '-range-max-rsi=80', '-range-p-ema=50,250', '-target-margin-list=1.0,1.5,2.0,2.5,3.0,3.5,4.0,4.5,5.0', '-log-level=WARNING']
2023-11-26 19:48:52;UNIUSDT;30m;1.0;150;32;80;100.0;5;107.64;['-batch-training', '-calc-rsi', '-verbose', '-prediction-mode=index', '-interval-list=30m', '-range-min-rsi=28', '-range-max-rsi=80', '-range-p-ema=50,250', '-target-margin-list=1.0,1.5,2.0,2.5,3.0,3.5,4.0,4.5,5.0', '-log-level=WARNING']
2023-11-26 20:28:20;UNIUSDT;30m;3.5;225;36;74;100.0;4;107.65;['-batch-training', '-calc-rsi', '-verbose', '-prediction-mode=index', '-interval-list=30m', '-range-min-rsi=28', '-range-max-rsi=80', '-range-p-ema=50,250', '-target-margin-list=1.0,1.5,2.0,2.5,3.0,3.5,4.0,4.5,5.0', '-log-level=WARNING']
2023-11-26 20:00:26;UNIUSDT;30m;1.5;175;32;78;100.0;3;107.66;['-batch-training', '-calc-rsi', '-verbose', '-prediction-mode=index', '-interval-list=30m', '-range-min-rsi=28', '-range-max-rsi=80', '-range-p-ema=50,250', '-target-margin-list=1.0,1.5,2.0,2.5,3.0,3.5,4.0,4.5,5.0', '-log-level=WARNING']
2023-11-26 20:10:37;UNIUSDT;30m;1.5;200;32;78;100.0;3;107.68;['-batch-training', '-calc-rsi', '-verbose', '-prediction-mode=index', '-interval-list=30m', '-range-min-rsi=28', '-range-max-rsi=80', '-range-p-ema=50,250', '-target-margin-list=1.0,1.5,2.0,2.5,3.0,3.5,4.0,4.5,5.0', '-log-level=WARNING']
2023-11-26 20:23:01;UNIUSDT;30m;1.5;225;32;78;100.0;3;107.68;['-batch-training', '-calc-rsi', '-verbose', '-prediction-mode=index', '-interval-list=30m', '-range-min-rsi=28', '-range-max-rsi=80', '-range-p-ema=50,250', '-target-margin-list=1.0,1.5,2.0,2.5,3.0,3.5,4.0,4.5,5.0', '-log-level=WARNING']
2023-11-26 20:37:04;UNIUSDT;30m;2.0;250;32;74;100.0;4;107.69;['-batch-training', '-calc-rsi', '-verbose', '-prediction-mode=index', '-interval-list=30m', '-range-min-rsi=28', '-range-max-rsi=80', '-range-p-ema=50,250', '-target-margin-list=1.0,1.5,2.0,2.5,3.0,3.5,4.0,4.5,5.0', '-log-level=WARNING']
2023-11-26 20:34:34;UNIUSDT;30m;1.0;250;28;78;100.0;7;107.71;['-batch-training', '-calc-rsi', '-verbose', '-prediction-mode=index', '-interval-list=30m', '-range-min-rsi=28', '-range-max-rsi=80', '-range-p-ema=50,250', '-target-margin-list=1.0,1.5,2.0,2.5,3.0,3.5,4.0,4.5,5.0', '-log-level=WARNING']
2023-11-26 20:14:46;UNIUSDT;30m;3.0;200;28;80;100.0;2;107.72;['-batch-training', '-calc-rsi', '-verbose', '-prediction-mode=index', '-interval-list=30m', '-range-min-rsi=28', '-range-max-rsi=80', '-range-p-ema=50,250', '-target-margin-list=1.0,1.5,2.0,2.5,3.0,3.5,4.0,4.5,5.0', '-log-level=WARNING']
2023-11-26 20:55:13;UNIUSDT;30m;3.0;50;28;80;100.0;2;107.72;['-batch-training', '-calc-rsi', '-verbose', '-prediction-mode=index', '-interval-list=30m', '-range-min-rsi=28', '-range-max-rsi=80', '-range-p-ema=50,250', '-target-margin-list=1.0,1.5,2.0,2.5,3.0,3.5,4.0,4.5,5.0', '-log-level=WARNING']
2023-11-26 21:10:46;UNIUSDT;30m;3.0;75;28;80;100.0;2;107.72;['-batch-training', '-calc-rsi', '-verbose', '-prediction-mode=index', '-interval-list=30m', '-range-min-rsi=28', '-range-max-rsi=80', '-range-p-ema=50,250', '-target-margin-list=1.0,1.5,2.0,2.5,3.0,3.5,4.0,4.5,5.0', '-log-level=WARNING']
2023-11-26 19:53:46;UNIUSDT;30m;3.0;150;28;80;100.0;2;107.72;['-batch-training', '-calc-rsi', '-verbose', '-prediction-mode=index', '-interval-list=30m', '-range-min-rsi=28', '-range-max-rsi=80', '-range-p-ema=50,250', '-target-margin-list=1.0,1.5,2.0,2.5,3.0,3.5,4.0,4.5,5.0', '-log-level=WARNING']
2023-11-26 19:30:54;UNIUSDT;30m;3.0;100;28;80;100.0;2;107.72;['-batch-training', '-calc-rsi', '-verbose', '-prediction-mode=index', '-interval-list=30m', '-range-min-rsi=28', '-range-max-rsi=80', '-range-p-ema=50,250', '-target-margin-list=1.0,1.5,2.0,2.5,3.0,3.5,4.0,4.5,5.0', '-log-level=WARNING']
2023-11-26 20:27:30;UNIUSDT;30m;3.0;225;28;80;100.0;2;107.72;['-batch-training', '-calc-rsi', '-verbose', '-prediction-mode=index', '-interval-list=30m', '-range-min-rsi=28', '-range-max-rsi=80', '-range-p-ema=50,250', '-target-margin-list=1.0,1.5,2.0,2.5,3.0,3.5,4.0,4.5,5.0', '-log-level=WARNING']
2023-11-26 19:42:24;UNIUSDT;30m;3.0;125;28;80;100.0;2;107.72;['-batch-training', '-calc-rsi', '-verbose', '-prediction-mode=index', '-interval-list=30m', '-range-min-rsi=28', '-range-max-rsi=80', '-range-p-ema=50,250', '-target-margin-list=1.0,1.5,2.0,2.5,3.0,3.5,4.0,4.5,5.0', '-log-level=WARNING']
2023-11-26 20:03:55;UNIUSDT;30m;3.0;175;28;80;100.0;2;107.72;['-batch-training', '-calc-rsi', '-verbose', '-prediction-mode=index', '-interval-list=30m', '-range-min-rsi=28', '-range-max-rsi=80', '-range-p-ema=50,250', '-target-margin-list=1.0,1.5,2.0,2.5,3.0,3.5,4.0,4.5,5.0', '-log-level=WARNING']
2023-11-26 19:49:58;UNIUSDT;30m;1.5;150;34;78;100.0;4;107.75;['-batch-training', '-calc-rsi', '-verbose', '-prediction-mode=index', '-interval-list=30m', '-range-min-rsi=28', '-range-max-rsi=80', '-range-p-ema=50,250', '-target-margin-list=1.0,1.5,2.0,2.5,3.0,3.5,4.0,4.5,5.0', '-log-level=WARNING']
2023-11-26 19:38:36;UNIUSDT;30m;1.5;125;30;80;100.0;6;107.75;['-batch-training', '-calc-rsi', '-verbose', '-prediction-mode=index', '-interval-list=30m', '-range-min-rsi=28', '-range-max-rsi=80', '-range-p-ema=50,250', '-target-margin-list=1.0,1.5,2.0,2.5,3.0,3.5,4.0,4.5,5.0', '-log-level=WARNING']
2023-11-26 20:50:22;UNIUSDT;30m;1.5;50;30;80;100.0;6;107.75;['-batch-training', '-calc-rsi', '-verbose', '-prediction-mode=index', '-interval-list=30m', '-range-min-rsi=28', '-range-max-rsi=80', '-range-p-ema=50,250', '-target-margin-list=1.0,1.5,2.0,2.5,3.0,3.5,4.0,4.5,5.0', '-log-level=WARNING']
2023-11-26 19:27:07;UNIUSDT;30m;1.5;100;30;80;100.0;6;107.75;['-batch-training', '-calc-rsi', '-verbose', '-prediction-mode=index', '-interval-list=30m', '-range-min-rsi=28', '-range-max-rsi=80', '-range-p-ema=50,250', '-target-margin-list=1.0,1.5,2.0,2.5,3.0,3.5,4.0,4.5,5.0', '-log-level=WARNING']
2023-11-26 20:10:40;UNIUSDT;30m;1.5;200;34;78;100.0;5;107.75;['-batch-training', '-calc-rsi', '-verbose', '-prediction-mode=index', '-interval-list=30m', '-range-min-rsi=28', '-range-max-rsi=80', '-range-p-ema=50,250', '-target-margin-list=1.0,1.5,2.0,2.5,3.0,3.5,4.0,4.5,5.0', '-log-level=WARNING']
2023-11-26 21:05:27;UNIUSDT;30m;1.5;75;30;80;100.0;6;107.75;['-batch-training', '-calc-rsi', '-verbose', '-prediction-mode=index', '-interval-list=30m', '-range-min-rsi=28', '-range-max-rsi=80', '-range-p-ema=50,250', '-target-margin-list=1.0,1.5,2.0,2.5,3.0,3.5,4.0,4.5,5.0', '-log-level=WARNING']
2023-11-26 19:50:07;UNIUSDT;30m;1.5;150;30;80;100.0;6;107.75;['-batch-training', '-calc-rsi', '-verbose', '-prediction-mode=index', '-interval-list=30m', '-range-min-rsi=28', '-range-max-rsi=80', '-range-p-ema=50,250', '-target-margin-list=1.0,1.5,2.0,2.5,3.0,3.5,4.0,4.5,5.0', '-log-level=WARNING']
2023-11-26 19:42:12;UNIUSDT;30m;3.0;125;30;78;100.0;3;107.76;['-batch-training', '-calc-rsi', '-verbose', '-prediction-mode=index', '-interval-list=30m', '-range-min-rsi=28', '-range-max-rsi=80', '-range-p-ema=50,250', '-target-margin-list=1.0,1.5,2.0,2.5,3.0,3.5,4.0,4.5,5.0', '-log-level=WARNING']
2023-11-26 19:53:34;UNIUSDT;30m;3.0;150;30;78;100.0;3;107.76;['-batch-training', '-calc-rsi', '-verbose', '-prediction-mode=index', '-interval-list=30m', '-range-min-rsi=28', '-range-max-rsi=80', '-range-p-ema=50,250', '-target-margin-list=1.0,1.5,2.0,2.5,3.0,3.5,4.0,4.5,5.0', '-log-level=WARNING']
2023-11-26 20:54:58;UNIUSDT;30m;3.0;50;30;78;100.0;3;107.76;['-batch-training', '-calc-rsi', '-verbose', '-prediction-mode=index', '-interval-list=30m', '-range-min-rsi=28', '-range-max-rsi=80', '-range-p-ema=50,250', '-target-margin-list=1.0,1.5,2.0,2.5,3.0,3.5,4.0,4.5,5.0', '-log-level=WARNING']
2023-11-26 21:03:32;UNIUSDT;30m;1.0;75;36;78;100.0;5;107.76;['-batch-training', '-calc-rsi', '-verbose', '-prediction-mode=index', '-interval-list=30m', '-range-min-rsi=28', '-range-max-rsi=80', '-range-p-ema=50,250', '-target-margin-list=1.0,1.5,2.0,2.5,3.0,3.5,4.0,4.5,5.0', '-log-level=WARNING']
2023-11-26 20:14:33;UNIUSDT;30m;3.0;200;30;78;100.0;3;107.76;['-batch-training', '-calc-rsi', '-verbose', '-prediction-mode=index', '-interval-list=30m', '-range-min-rsi=28', '-range-max-rsi=80', '-range-p-ema=50,250', '-target-margin-list=1.0,1.5,2.0,2.5,3.0,3.5,4.0,4.5,5.0', '-log-level=WARNING']
2023-11-26 19:30:41;UNIUSDT;30m;3.0;100;30;78;100.0;3;107.76;['-batch-training', '-calc-rsi', '-verbose', '-prediction-mode=index', '-interval-list=30m', '-range-min-rsi=28', '-range-max-rsi=80', '-range-p-ema=50,250', '-target-margin-list=1.0,1.5,2.0,2.5,3.0,3.5,4.0,4.5,5.0', '-log-level=WARNING']
2023-11-26 20:48:38;UNIUSDT;30m;1.0;50;36;78;100.0;5;107.76;['-batch-training', '-calc-rsi', '-verbose', '-prediction-mode=index', '-interval-list=30m', '-range-min-rsi=28', '-range-max-rsi=80', '-range-p-ema=50,250', '-target-margin-list=1.0,1.5,2.0,2.5,3.0,3.5,4.0,4.5,5.0', '-log-level=WARNING']
2023-11-26 21:10:30;UNIUSDT;30m;3.0;75;30;78;100.0;3;107.76;['-batch-training', '-calc-rsi', '-verbose', '-prediction-mode=index', '-interval-list=30m', '-range-min-rsi=28', '-range-max-rsi=80', '-range-p-ema=50,250', '-target-margin-list=1.0,1.5,2.0,2.5,3.0,3.5,4.0,4.5,5.0', '-log-level=WARNING']
2023-11-26 19:47:57;UNIUSDT;30m;1.0;150;36;72;100.0;5;107.76;['-batch-training', '-calc-rsi', '-verbose', '-prediction-mode=index', '-interval-list=30m', '-range-min-rsi=28', '-range-max-rsi=80', '-range-p-ema=50,250', '-target-margin-list=1.0,1.5,2.0,2.5,3.0,3.5,4.0,4.5,5.0', '-log-level=WARNING']
2023-11-26 20:03:45;UNIUSDT;30m;3.0;175;30;78;100.0;3;107.76;['-batch-training', '-calc-rsi', '-verbose', '-prediction-mode=index', '-interval-list=30m', '-range-min-rsi=28', '-range-max-rsi=80', '-range-p-ema=50,250', '-target-margin-list=1.0,1.5,2.0,2.5,3.0,3.5,4.0,4.5,5.0', '-log-level=WARNING']
2023-11-26 20:27:16;UNIUSDT;30m;3.0;225;30;78;100.0;3;107.76;['-batch-training', '-calc-rsi', '-verbose', '-prediction-mode=index', '-interval-list=30m', '-range-min-rsi=28', '-range-max-rsi=80', '-range-p-ema=50,250', '-target-margin-list=1.0,1.5,2.0,2.5,3.0,3.5,4.0,4.5,5.0', '-log-level=WARNING']
2023-11-26 20:34:27;UNIUSDT;30m;1.0;250;34;76;100.0;5;107.79;['-batch-training', '-calc-rsi', '-verbose', '-prediction-mode=index', '-interval-list=30m', '-range-min-rsi=28', '-range-max-rsi=80', '-range-p-ema=50,250', '-target-margin-list=1.0,1.5,2.0,2.5,3.0,3.5,4.0,4.5,5.0', '-log-level=WARNING']
2023-11-26 19:59:17;UNIUSDT;30m;1.0;175;32;78;100.0;2;107.79;['-batch-training', '-calc-rsi', '-verbose', '-prediction-mode=index', '-interval-list=30m', '-range-min-rsi=28', '-range-max-rsi=80', '-range-p-ema=50,250', '-target-margin-list=1.0,1.5,2.0,2.5,3.0,3.5,4.0,4.5,5.0', '-log-level=WARNING']
2023-11-26 20:01:53;UNIUSDT;30m;2.0;175;36;80;100.0;2;107.8;['-batch-training', '-calc-rsi', '-verbose', '-prediction-mode=index', '-interval-list=30m', '-range-min-rsi=28', '-range-max-rsi=80', '-range-p-ema=50,250', '-target-margin-list=1.0,1.5,2.0,2.5,3.0,3.5,4.0,4.5,5.0', '-log-level=WARNING']
2023-11-26 20:35:06;UNIUSDT;30m;1.0;250;36;80;100.0;6;107.8;['-batch-training', '-calc-rsi', '-verbose', '-prediction-mode=index', '-interval-list=30m', '-range-min-rsi=28', '-range-max-rsi=80', '-range-p-ema=50,250', '-target-margin-list=1.0,1.5,2.0,2.5,3.0,3.5,4.0,4.5,5.0', '-log-level=WARNING']
2023-11-26 20:53:23;UNIUSDT;30m;2.5;50;32;78;100.0;6;107.86;['-batch-training', '-calc-rsi', '-verbose', '-prediction-mode=index', '-interval-list=30m', '-range-min-rsi=28', '-range-max-rsi=80', '-range-p-ema=50,250', '-target-margin-list=1.0,1.5,2.0,2.5,3.0,3.5,4.0,4.5,5.0', '-log-level=WARNING']
2023-11-26 19:36:44;UNIUSDT;30m;1.0;125;30;76;100.0;5;107.86;['-batch-training', '-calc-rsi', '-verbose', '-prediction-mode=index', '-interval-list=30m', '-range-min-rsi=28', '-range-max-rsi=80', '-range-p-ema=50,250', '-target-margin-list=1.0,1.5,2.0,2.5,3.0,3.5,4.0,4.5,5.0', '-log-level=WARNING']
2023-11-26 21:02:57;UNIUSDT;30m;1.0;75;30;76;100.0;5;107.86;['-batch-training', '-calc-rsi', '-verbose', '-prediction-mode=index', '-interval-list=30m', '-range-min-rsi=28', '-range-max-rsi=80', '-range-p-ema=50,250', '-target-margin-list=1.0,1.5,2.0,2.5,3.0,3.5,4.0,4.5,5.0', '-log-level=WARNING']
2023-11-26 20:00:59;UNIUSDT;30m;2.0;175;36;72;100.0;2;107.86;['-batch-training', '-calc-rsi', '-verbose', '-prediction-mode=index', '-interval-list=30m', '-range-min-rsi=28', '-range-max-rsi=80', '-range-p-ema=50,250', '-target-margin-list=1.0,1.5,2.0,2.5,3.0,3.5,4.0,4.5,5.0', '-log-level=WARNING']
2023-11-26 19:48:18;UNIUSDT;30m;1.0;150;30;76;100.0;5;107.86;['-batch-training', '-calc-rsi', '-verbose', '-prediction-mode=index', '-interval-list=30m', '-range-min-rsi=28', '-range-max-rsi=80', '-range-p-ema=50,250', '-target-margin-list=1.0,1.5,2.0,2.5,3.0,3.5,4.0,4.5,5.0', '-log-level=WARNING']
2023-11-26 19:25:17;UNIUSDT;30m;1.0;100;30;76;100.0;5;107.86;['-batch-training', '-calc-rsi', '-verbose', '-prediction-mode=index', '-interval-list=30m', '-range-min-rsi=28', '-range-max-rsi=80', '-range-p-ema=50,250', '-target-margin-list=1.0,1.5,2.0,2.5,3.0,3.5,4.0,4.5,5.0', '-log-level=WARNING']
2023-11-26 19:29:29;UNIUSDT;30m;2.5;100;32;78;100.0;6;107.86;['-batch-training', '-calc-rsi', '-verbose', '-prediction-mode=index', '-interval-list=30m', '-range-min-rsi=28', '-range-max-rsi=80', '-range-p-ema=50,250', '-target-margin-list=1.0,1.5,2.0,2.5,3.0,3.5,4.0,4.5,5.0', '-log-level=WARNING']
2023-11-26 21:08:47;UNIUSDT;30m;2.5;75;32;78;100.0;6;107.86;['-batch-training', '-calc-rsi', '-verbose', '-prediction-mode=index', '-interval-list=30m', '-range-min-rsi=28', '-range-max-rsi=80', '-range-p-ema=50,250', '-target-margin-list=1.0,1.5,2.0,2.5,3.0,3.5,4.0,4.5,5.0', '-log-level=WARNING']
2023-11-26 20:48:07;UNIUSDT;30m;1.0;50;30;76;100.0;5;107.86;['-batch-training', '-calc-rsi', '-verbose', '-prediction-mode=index', '-interval-list=30m', '-range-min-rsi=28', '-range-max-rsi=80', '-range-p-ema=50,250', '-target-margin-list=1.0,1.5,2.0,2.5,3.0,3.5,4.0,4.5,5.0', '-log-level=WARNING']
2023-11-26 20:42:05;UNIUSDT;30m;3.5;250;36;76;100.0;3;107.86;['-batch-training', '-calc-rsi', '-verbose', '-prediction-mode=index', '-interval-list=30m', '-range-min-rsi=28', '-range-max-rsi=80', '-range-p-ema=50,250', '-target-margin-list=1.0,1.5,2.0,2.5,3.0,3.5,4.0,4.5,5.0', '-log-level=WARNING']
2023-11-26 19:40:58;UNIUSDT;30m;2.5;125;32;78;100.0;6;107.86;['-batch-training', '-calc-rsi', '-verbose', '-prediction-mode=index', '-interval-list=30m', '-range-min-rsi=28', '-range-max-rsi=80', '-range-p-ema=50,250', '-target-margin-list=1.0,1.5,2.0,2.5,3.0,3.5,4.0,4.5,5.0', '-log-level=WARNING']
2023-11-26 20:43:49;UNIUSDT;30m;4.0;250;32;78;100.0;4;107.87;['-batch-training', '-calc-rsi', '-verbose', '-prediction-mode=index', '-interval-list=30m', '-range-min-rsi=28', '-range-max-rsi=80', '-range-p-ema=50,250', '-target-margin-list=1.0,1.5,2.0,2.5,3.0,3.5,4.0,4.5,5.0', '-log-level=WARNING']
2023-11-26 19:55:54;UNIUSDT;30m;4.0;150;32;78;100.0;4;107.87;['-batch-training', '-calc-rsi', '-verbose', '-prediction-mode=index', '-interval-list=30m', '-range-min-rsi=28', '-range-max-rsi=80', '-range-p-ema=50,250', '-target-margin-list=1.0,1.5,2.0,2.5,3.0,3.5,4.0,4.5,5.0', '-log-level=WARNING']
2023-11-26 20:17:19;UNIUSDT;30m;4.0;200;32;78;100.0;4;107.87;['-batch-training', '-calc-rsi', '-verbose', '-prediction-mode=index', '-interval-list=30m', '-range-min-rsi=28', '-range-max-rsi=80', '-range-p-ema=50,250', '-target-margin-list=1.0,1.5,2.0,2.5,3.0,3.5,4.0,4.5,5.0', '-log-level=WARNING']
2023-11-26 20:06:00;UNIUSDT;30m;4.0;175;32;78;100.0;4;107.87;['-batch-training', '-calc-rsi', '-verbose', '-prediction-mode=index', '-interval-list=30m', '-range-min-rsi=28', '-range-max-rsi=80', '-range-p-ema=50,250', '-target-margin-list=1.0,1.5,2.0,2.5,3.0,3.5,4.0,4.5,5.0', '-log-level=WARNING']
2023-11-26 20:30:14;UNIUSDT;30m;4.0;225;32;78;100.0;4;107.87;['-batch-training', '-calc-rsi', '-verbose', '-prediction-mode=index', '-interval-list=30m', '-range-min-rsi=28', '-range-max-rsi=80', '-range-p-ema=50,250', '-target-margin-list=1.0,1.5,2.0,2.5,3.0,3.5,4.0,4.5,5.0', '-log-level=WARNING']
2023-11-26 20:47:30;UNIUSDT;30m;1.0;50;30;72;100.0;3;107.88;['-batch-training', '-calc-rsi', '-verbose', '-prediction-mode=index', '-interval-list=30m', '-range-min-rsi=28', '-range-max-rsi=80', '-range-p-ema=50,250', '-target-margin-list=1.0,1.5,2.0,2.5,3.0,3.5,4.0,4.5,5.0', '-log-level=WARNING']
2023-11-26 21:02:16;UNIUSDT;30m;1.0;75;30;72;100.0;3;107.88;['-batch-training', '-calc-rsi', '-verbose', '-prediction-mode=index', '-interval-list=30m', '-range-min-rsi=28', '-range-max-rsi=80', '-range-p-ema=50,250', '-target-margin-list=1.0,1.5,2.0,2.5,3.0,3.5,4.0,4.5,5.0', '-log-level=WARNING']
2023-11-26 19:36:12;UNIUSDT;30m;1.0;125;30;72;100.0;3;107.88;['-batch-training', '-calc-rsi', '-verbose', '-prediction-mode=index', '-interval-list=30m', '-range-min-rsi=28', '-range-max-rsi=80', '-range-p-ema=50,250', '-target-margin-list=1.0,1.5,2.0,2.5,3.0,3.5,4.0,4.5,5.0', '-log-level=WARNING']
2023-11-26 19:47:46;UNIUSDT;30m;1.0;150;30;72;100.0;3;107.88;['-batch-training', '-calc-rsi', '-verbose', '-prediction-mode=index', '-interval-list=30m', '-range-min-rsi=28', '-range-max-rsi=80', '-range-p-ema=50,250', '-target-margin-list=1.0,1.5,2.0,2.5,3.0,3.5,4.0,4.5,5.0', '-log-level=WARNING']
2023-11-26 19:24:45;UNIUSDT;30m;1.0;100;30;72;100.0;3;107.88;['-batch-training', '-calc-rsi', '-verbose', '-prediction-mode=index', '-interval-list=30m', '-range-min-rsi=28', '-range-max-rsi=80', '-range-p-ema=50,250', '-target-margin-list=1.0,1.5,2.0,2.5,3.0,3.5,4.0,4.5,5.0', '-log-level=WARNING']
2023-11-26 20:24:13;UNIUSDT;30m;2.0;225;34;76;100.0;5;107.89;['-batch-training', '-calc-rsi', '-verbose', '-prediction-mode=index', '-interval-list=30m', '-range-min-rsi=28', '-range-max-rsi=80', '-range-p-ema=50,250', '-target-margin-list=1.0,1.5,2.0,2.5,3.0,3.5,4.0,4.5,5.0', '-log-level=WARNING']
2023-11-26 19:59:09;UNIUSDT;30m;1.0;175;36;76;100.0;2;107.9;['-batch-training', '-calc-rsi', '-verbose', '-prediction-mode=index', '-interval-list=30m', '-range-min-rsi=28', '-range-max-rsi=80', '-range-p-ema=50,250', '-target-margin-list=1.0,1.5,2.0,2.5,3.0,3.5,4.0,4.5,5.0', '-log-level=WARNING']
2023-11-26 20:09:24;UNIUSDT;30m;1.0;200;34;78;100.0;7;107.9;['-batch-training', '-calc-rsi', '-verbose', '-prediction-mode=index', '-interval-list=30m', '-range-min-rsi=28', '-range-max-rsi=80', '-range-p-ema=50,250', '-target-margin-list=1.0,1.5,2.0,2.5,3.0,3.5,4.0,4.5,5.0', '-log-level=WARNING']
2023-11-26 20:24:34;UNIUSDT;30m;2.0;225;36;78;100.0;5;107.9;['-batch-training', '-calc-rsi', '-verbose', '-prediction-mode=index', '-interval-list=30m', '-range-min-rsi=28', '-range-max-rsi=80', '-range-p-ema=50,250', '-target-margin-list=1.0,1.5,2.0,2.5,3.0,3.5,4.0,4.5,5.0', '-log-level=WARNING']
2023-11-26 20:41:17;UNIUSDT;30m;3.5;250;30;72;100.0;2;107.9;['-batch-training', '-calc-rsi', '-verbose', '-prediction-mode=index', '-interval-list=30m', '-range-min-rsi=28', '-range-max-rsi=80', '-range-p-ema=50,250', '-target-margin-list=1.0,1.5,2.0,2.5,3.0,3.5,4.0,4.5,5.0', '-log-level=WARNING']
2023-11-26 20:48:18;UNIUSDT;30m;1.0;50;36;76;100.0;6;107.93;['-batch-training', '-calc-rsi', '-verbose', '-prediction-mode=index', '-interval-list=30m', '-range-min-rsi=28', '-range-max-rsi=80', '-range-p-ema=50,250', '-target-margin-list=1.0,1.5,2.0,2.5,3.0,3.5,4.0,4.5,5.0', '-log-level=WARNING']
2023-11-26 21:03:10;UNIUSDT;30m;1.0;75;36;76;100.0;6;107.93;['-batch-training', '-calc-rsi', '-verbose', '-prediction-mode=index', '-interval-list=30m', '-range-min-rsi=28', '-range-max-rsi=80', '-range-p-ema=50,250', '-target-margin-list=1.0,1.5,2.0,2.5,3.0,3.5,4.0,4.5,5.0', '-log-level=WARNING']
2023-11-26 20:21:01;UNIUSDT;30m;1.0;225;34;74;100.0;5;107.95;['-batch-training', '-calc-rsi', '-verbose', '-prediction-mode=index', '-interval-list=30m', '-range-min-rsi=28', '-range-max-rsi=80', '-range-p-ema=50,250', '-target-margin-list=1.0,1.5,2.0,2.5,3.0,3.5,4.0,4.5,5.0', '-log-level=WARNING']
2023-11-26 21:04:47;UNIUSDT;30m;1.5;75;32;76;100.0;7;107.96;['-batch-training', '-calc-rsi', '-verbose', '-prediction-mode=index', '-interval-list=30m', '-range-min-rsi=28', '-range-max-rsi=80', '-range-p-ema=50,250', '-target-margin-list=1.0,1.5,2.0,2.5,3.0,3.5,4.0,4.5,5.0', '-log-level=WARNING']
2023-11-26 20:49:46;UNIUSDT;30m;1.5;50;32;76;100.0;7;107.96;['-batch-training', '-calc-rsi', '-verbose', '-prediction-mode=index', '-interval-list=30m', '-range-min-rsi=28', '-range-max-rsi=80', '-range-p-ema=50,250', '-target-margin-list=1.0,1.5,2.0,2.5,3.0,3.5,4.0,4.5,5.0', '-log-level=WARNING']
2023-11-26 19:38:08;UNIUSDT;30m;1.5;125;32;76;100.0;7;107.96;['-batch-training', '-calc-rsi', '-verbose', '-prediction-mode=index', '-interval-list=30m', '-range-min-rsi=28', '-range-max-rsi=80', '-range-p-ema=50,250', '-target-margin-list=1.0,1.5,2.0,2.5,3.0,3.5,4.0,4.5,5.0', '-log-level=WARNING']
2023-11-26 19:26:39;UNIUSDT;30m;1.5;100;32;76;100.0;7;107.96;['-batch-training', '-calc-rsi', '-verbose', '-prediction-mode=index', '-interval-list=30m', '-range-min-rsi=28', '-range-max-rsi=80', '-range-p-ema=50,250', '-target-margin-list=1.0,1.5,2.0,2.5,3.0,3.5,4.0,4.5,5.0', '-log-level=WARNING']
2023-11-26 19:50:32;UNIUSDT;30m;2.0;150;36;72;100.0;3;107.97;['-batch-training', '-calc-rsi', '-verbose', '-prediction-mode=index', '-interval-list=30m', '-range-min-rsi=28', '-range-max-rsi=80', '-range-p-ema=50,250', '-target-margin-list=1.0,1.5,2.0,2.5,3.0,3.5,4.0,4.5,5.0', '-log-level=WARNING']
2023-11-26 20:00:43;UNIUSDT;30m;1.5;175;34;80;100.0;2;107.98;['-batch-training', '-calc-rsi', '-verbose', '-prediction-mode=index', '-interval-list=30m', '-range-min-rsi=28', '-range-max-rsi=80', '-range-p-ema=50,250', '-target-margin-list=1.0,1.5,2.0,2.5,3.0,3.5,4.0,4.5,5.0', '-log-level=WARNING']
2023-11-26 20:20:00;UNIUSDT;30m;5.0;200;28;78;100.0;2;107.99;['-batch-training', '-calc-rsi', '-verbose', '-prediction-mode=index', '-interval-list=30m', '-range-min-rsi=28', '-range-max-rsi=80', '-range-p-ema=50,250', '-target-margin-list=1.0,1.5,2.0,2.5,3.0,3.5,4.0,4.5,5.0', '-log-level=WARNING']
2023-11-26 20:46:47;UNIUSDT;30m;5.0;250;28;78;100.0;2;107.99;['-batch-training', '-calc-rsi', '-verbose', '-prediction-mode=index', '-interval-list=30m', '-range-min-rsi=28', '-range-max-rsi=80', '-range-p-ema=50,250', '-target-margin-list=1.0,1.5,2.0,2.5,3.0,3.5,4.0,4.5,5.0', '-log-level=WARNING']
2023-11-26 19:35:37;UNIUSDT;30m;5.0;100;28;78;100.0;2;107.99;['-batch-training', '-calc-rsi', '-verbose', '-prediction-mode=index', '-interval-list=30m', '-range-min-rsi=28', '-range-max-rsi=80', '-range-p-ema=50,250', '-target-margin-list=1.0,1.5,2.0,2.5,3.0,3.5,4.0,4.5,5.0', '-log-level=WARNING']
2023-11-26 19:58:04;UNIUSDT;30m;5.0;150;28;78;100.0;2;107.99;['-batch-training', '-calc-rsi', '-verbose', '-prediction-mode=index', '-interval-list=30m', '-range-min-rsi=28', '-range-max-rsi=80', '-range-p-ema=50,250', '-target-margin-list=1.0,1.5,2.0,2.5,3.0,3.5,4.0,4.5,5.0', '-log-level=WARNING']
2023-11-26 21:16:47;UNIUSDT;30m;5.0;75;28;78;100.0;2;107.99;['-batch-training', '-calc-rsi', '-verbose', '-prediction-mode=index', '-interval-list=30m', '-range-min-rsi=28', '-range-max-rsi=80', '-range-p-ema=50,250', '-target-margin-list=1.0,1.5,2.0,2.5,3.0,3.5,4.0,4.5,5.0', '-log-level=WARNING']
2023-11-26 21:01:32;UNIUSDT;30m;5.0;50;28;78;100.0;2;107.99;['-batch-training', '-calc-rsi', '-verbose', '-prediction-mode=index', '-interval-list=30m', '-range-min-rsi=28', '-range-max-rsi=80', '-range-p-ema=50,250', '-target-margin-list=1.0,1.5,2.0,2.5,3.0,3.5,4.0,4.5,5.0', '-log-level=WARNING']
2023-11-26 19:47:13;UNIUSDT;30m;5.0;125;28;78;100.0;2;107.99;['-batch-training', '-calc-rsi', '-verbose', '-prediction-mode=index', '-interval-list=30m', '-range-min-rsi=28', '-range-max-rsi=80', '-range-p-ema=50,250', '-target-margin-list=1.0,1.5,2.0,2.5,3.0,3.5,4.0,4.5,5.0', '-log-level=WARNING']
2023-11-26 20:33:03;UNIUSDT;30m;5.0;225;28;78;100.0;2;107.99;['-batch-training', '-calc-rsi', '-verbose', '-prediction-mode=index', '-interval-list=30m', '-range-min-rsi=28', '-range-max-rsi=80', '-range-p-ema=50,250', '-target-margin-list=1.0,1.5,2.0,2.5,3.0,3.5,4.0,4.5,5.0', '-log-level=WARNING']
2023-11-26 20:08:06;UNIUSDT;30m;5.0;175;28;78;100.0;2;107.99;['-batch-training', '-calc-rsi', '-verbose', '-prediction-mode=index', '-interval-list=30m', '-range-min-rsi=28', '-range-max-rsi=80', '-range-p-ema=50,250', '-target-margin-list=1.0,1.5,2.0,2.5,3.0,3.5,4.0,4.5,5.0', '-log-level=WARNING']
2023-11-26 19:59:23;UNIUSDT;30m;1.0;175;36;78;100.0;6;108.01;['-batch-training', '-calc-rsi', '-verbose', '-prediction-mode=index', '-interval-list=30m', '-range-min-rsi=28', '-range-max-rsi=80', '-range-p-ema=50,250', '-target-margin-list=1.0,1.5,2.0,2.5,3.0,3.5,4.0,4.5,5.0', '-log-level=WARNING']
2023-11-26 20:51:32;UNIUSDT;30m;2.0;50;36;76;100.0;3;108.01;['-batch-training', '-calc-rsi', '-verbose', '-prediction-mode=index', '-interval-list=30m', '-range-min-rsi=28', '-range-max-rsi=80', '-range-p-ema=50,250', '-target-margin-list=1.0,1.5,2.0,2.5,3.0,3.5,4.0,4.5,5.0', '-log-level=WARNING']
2023-11-26 19:39:31;UNIUSDT;30m;2.0;125;36;76;100.0;3;108.01;['-batch-training', '-calc-rsi', '-verbose', '-prediction-mode=index', '-interval-list=30m', '-range-min-rsi=28', '-range-max-rsi=80', '-range-p-ema=50,250', '-target-margin-list=1.0,1.5,2.0,2.5,3.0,3.5,4.0,4.5,5.0', '-log-level=WARNING']
2023-11-26 21:06:46;UNIUSDT;30m;2.0;75;36;76;100.0;3;108.01;['-batch-training', '-calc-rsi', '-verbose', '-prediction-mode=index', '-interval-list=30m', '-range-min-rsi=28', '-range-max-rsi=80', '-range-p-ema=50,250', '-target-margin-list=1.0,1.5,2.0,2.5,3.0,3.5,4.0,4.5,5.0', '-log-level=WARNING']
2023-11-26 19:28:02;UNIUSDT;30m;2.0;100;36;76;100.0;3;108.01;['-batch-training', '-calc-rsi', '-verbose', '-prediction-mode=index', '-interval-list=30m', '-range-min-rsi=28', '-range-max-rsi=80', '-range-p-ema=50,250', '-target-margin-list=1.0,1.5,2.0,2.5,3.0,3.5,4.0,4.5,5.0', '-log-level=WARNING']
2023-11-26 19:56:00;UNIUSDT;30m;4.0;150;36;78;100.0;4;108.03;['-batch-training', '-calc-rsi', '-verbose', '-prediction-mode=index', '-interval-list=30m', '-range-min-rsi=28', '-range-max-rsi=80', '-range-p-ema=50,250', '-target-margin-list=1.0,1.5,2.0,2.5,3.0,3.5,4.0,4.5,5.0', '-log-level=WARNING']
2023-11-26 20:17:27;UNIUSDT;30m;4.0;200;36;78;100.0;4;108.03;['-batch-training', '-calc-rsi', '-verbose', '-prediction-mode=index', '-interval-list=30m', '-range-min-rsi=28', '-range-max-rsi=80', '-range-p-ema=50,250', '-target-margin-list=1.0,1.5,2.0,2.5,3.0,3.5,4.0,4.5,5.0', '-log-level=WARNING']
2023-11-26 20:30:21;UNIUSDT;30m;4.0;225;36;78;100.0;4;108.03;['-batch-training', '-calc-rsi', '-verbose', '-prediction-mode=index', '-interval-list=30m', '-range-min-rsi=28', '-range-max-rsi=80', '-range-p-ema=50,250', '-target-margin-list=1.0,1.5,2.0,2.5,3.0,3.5,4.0,4.5,5.0', '-log-level=WARNING']
2023-11-26 20:06:05;UNIUSDT;30m;4.0;175;36;78;100.0;4;108.03;['-batch-training', '-calc-rsi', '-verbose', '-prediction-mode=index', '-interval-list=30m', '-range-min-rsi=28', '-range-max-rsi=80', '-range-p-ema=50,250', '-target-margin-list=1.0,1.5,2.0,2.5,3.0,3.5,4.0,4.5,5.0', '-log-level=WARNING']
2023-11-26 20:01:48;UNIUSDT;30m;2.0;175;32;80;100.0;6;108.03;['-batch-training', '-calc-rsi', '-verbose', '-prediction-mode=index', '-interval-list=30m', '-range-min-rsi=28', '-range-max-rsi=80', '-range-p-ema=50,250', '-target-margin-list=1.0,1.5,2.0,2.5,3.0,3.5,4.0,4.5,5.0', '-log-level=WARNING']
2023-11-26 20:12:12;UNIUSDT;30m;2.0;200;32;80;100.0;6;108.03;['-batch-training', '-calc-rsi', '-verbose', '-prediction-mode=index', '-interval-list=30m', '-range-min-rsi=28', '-range-max-rsi=80', '-range-p-ema=50,250', '-target-margin-list=1.0,1.5,2.0,2.5,3.0,3.5,4.0,4.5,5.0', '-log-level=WARNING']
2023-11-26 20:11:25;UNIUSDT;30m;2.0;200;32;74;100.0;4;108.03;['-batch-training', '-calc-rsi', '-verbose', '-prediction-mode=index', '-interval-list=30m', '-range-min-rsi=28', '-range-max-rsi=80', '-range-p-ema=50,250', '-target-margin-list=1.0,1.5,2.0,2.5,3.0,3.5,4.0,4.5,5.0', '-log-level=WARNING']
2023-11-26 20:24:45;UNIUSDT;30m;2.0;225;32;80;100.0;6;108.03;['-batch-training', '-calc-rsi', '-verbose', '-prediction-mode=index', '-interval-list=30m', '-range-min-rsi=28', '-range-max-rsi=80', '-range-p-ema=50,250', '-target-margin-list=1.0,1.5,2.0,2.5,3.0,3.5,4.0,4.5,5.0', '-log-level=WARNING']
2023-11-26 20:23:53;UNIUSDT;30m;2.0;225;32;74;100.0;4;108.03;['-batch-training', '-calc-rsi', '-verbose', '-prediction-mode=index', '-interval-list=30m', '-range-min-rsi=28', '-range-max-rsi=80', '-range-p-ema=50,250', '-target-margin-list=1.0,1.5,2.0,2.5,3.0,3.5,4.0,4.5,5.0', '-log-level=WARNING']
2023-11-26 19:51:28;UNIUSDT;30m;2.0;150;32;80;100.0;6;108.03;['-batch-training', '-calc-rsi', '-verbose', '-prediction-mode=index', '-interval-list=30m', '-range-min-rsi=28', '-range-max-rsi=80', '-range-p-ema=50,250', '-target-margin-list=1.0,1.5,2.0,2.5,3.0,3.5,4.0,4.5,5.0', '-log-level=WARNING']
2023-11-26 20:37:58;UNIUSDT;30m;2.0;250;32;80;100.0;6;108.03;['-batch-training', '-calc-rsi', '-verbose', '-prediction-mode=index', '-interval-list=30m', '-range-min-rsi=28', '-range-max-rsi=80', '-range-p-ema=50,250', '-target-margin-list=1.0,1.5,2.0,2.5,3.0,3.5,4.0,4.5,5.0', '-log-level=WARNING']
2023-11-26 20:21:22;UNIUSDT;30m;1.0;225;36;76;100.0;2;108.04;['-batch-training', '-calc-rsi', '-verbose', '-prediction-mode=index', '-interval-list=30m', '-range-min-rsi=28', '-range-max-rsi=80', '-range-p-ema=50,250', '-target-margin-list=1.0,1.5,2.0,2.5,3.0,3.5,4.0,4.5,5.0', '-log-level=WARNING']
2023-11-26 20:36:18;UNIUSDT;30m;1.5;250;36;78;100.0;5;108.08;['-batch-training', '-calc-rsi', '-verbose', '-prediction-mode=index', '-interval-list=30m', '-range-min-rsi=28', '-range-max-rsi=80', '-range-p-ema=50,250', '-target-margin-list=1.0,1.5,2.0,2.5,3.0,3.5,4.0,4.5,5.0', '-log-level=WARNING']
2023-11-26 19:37:10;UNIUSDT;30m;1.0;125;36;78;100.0;5;108.09;['-batch-training', '-calc-rsi', '-verbose', '-prediction-mode=index', '-interval-list=30m', '-range-min-rsi=28', '-range-max-rsi=80', '-range-p-ema=50,250', '-target-margin-list=1.0,1.5,2.0,2.5,3.0,3.5,4.0,4.5,5.0', '-log-level=WARNING']
2023-11-26 19:25:42;UNIUSDT;30m;1.0;100;36;78;100.0;5;108.09;['-batch-training', '-calc-rsi', '-verbose', '-prediction-mode=index', '-interval-list=30m', '-range-min-rsi=28', '-range-max-rsi=80', '-range-p-ema=50,250', '-target-margin-list=1.0,1.5,2.0,2.5,3.0,3.5,4.0,4.5,5.0', '-log-level=WARNING']
2023-11-26 19:59:32;UNIUSDT;30m;1.0;175;32;80;100.0;3;108.1;['-batch-training', '-calc-rsi', '-verbose', '-prediction-mode=index', '-interval-list=30m', '-range-min-rsi=28', '-range-max-rsi=80', '-range-p-ema=50,250', '-target-margin-list=1.0,1.5,2.0,2.5,3.0,3.5,4.0,4.5,5.0', '-log-level=WARNING']
2023-11-26 19:48:56;UNIUSDT;30m;1.0;150;34;80;100.0;5;108.11;['-batch-training', '-calc-rsi', '-verbose', '-prediction-mode=index', '-interval-list=30m', '-range-min-rsi=28', '-range-max-rsi=80', '-range-p-ema=50,250', '-target-margin-list=1.0,1.5,2.0,2.5,3.0,3.5,4.0,4.5,5.0', '-log-level=WARNING']
2023-11-26 20:21:50;UNIUSDT;30m;1.0;225;32;80;100.0;3;108.12;['-batch-training', '-calc-rsi', '-verbose', '-prediction-mode=index', '-interval-list=30m', '-range-min-rsi=28', '-range-max-rsi=80', '-range-p-ema=50,250', '-target-margin-list=1.0,1.5,2.0,2.5,3.0,3.5,4.0,4.5,5.0', '-log-level=WARNING']
2023-11-26 20:09:36;UNIUSDT;30m;1.0;200;32;80;100.0;3;108.12;['-batch-training', '-calc-rsi', '-verbose', '-prediction-mode=index', '-interval-list=30m', '-range-min-rsi=28', '-range-max-rsi=80', '-range-p-ema=50,250', '-target-margin-list=1.0,1.5,2.0,2.5,3.0,3.5,4.0,4.5,5.0', '-log-level=WARNING']
2023-11-26 19:48:44;UNIUSDT;30m;1.0;150;36;78;100.0;7;108.12;['-batch-training', '-calc-rsi', '-verbose', '-prediction-mode=index', '-interval-list=30m', '-range-min-rsi=28', '-range-max-rsi=80', '-range-p-ema=50,250', '-target-margin-list=1.0,1.5,2.0,2.5,3.0,3.5,4.0,4.5,5.0', '-log-level=WARNING']
2023-11-26 19:29:47;UNIUSDT;30m;2.5;100;34;80;100.0;6;108.13;['-batch-training', '-calc-rsi', '-verbose', '-prediction-mode=index', '-interval-list=30m', '-range-min-rsi=28', '-range-max-rsi=80', '-range-p-ema=50,250', '-target-margin-list=1.0,1.5,2.0,2.5,3.0,3.5,4.0,4.5,5.0', '-log-level=WARNING']
2023-11-26 20:23:14;UNIUSDT;30m;1.5;225;30;80;100.0;5;108.13;['-batch-training', '-calc-rsi', '-verbose', '-prediction-mode=index', '-interval-list=30m', '-range-min-rsi=28', '-range-max-rsi=80', '-range-p-ema=50,250', '-target-margin-list=1.0,1.5,2.0,2.5,3.0,3.5,4.0,4.5,5.0', '-log-level=WARNING']
2023-11-26 20:10:49;UNIUSDT;30m;1.5;200;30;80;100.0;5;108.13;['-batch-training', '-calc-rsi', '-verbose', '-prediction-mode=index', '-interval-list=30m', '-range-min-rsi=28', '-range-max-rsi=80', '-range-p-ema=50,250', '-target-margin-list=1.0,1.5,2.0,2.5,3.0,3.5,4.0,4.5,5.0', '-log-level=WARNING']
2023-11-26 20:53:46;UNIUSDT;30m;2.5;50;34;80;100.0;6;108.13;['-batch-training', '-calc-rsi', '-verbose', '-prediction-mode=index', '-interval-list=30m', '-range-min-rsi=28', '-range-max-rsi=80', '-range-p-ema=50,250', '-target-margin-list=1.0,1.5,2.0,2.5,3.0,3.5,4.0,4.5,5.0', '-log-level=WARNING']
2023-11-26 19:41:16;UNIUSDT;30m;2.5;125;34;80;100.0;6;108.13;['-batch-training', '-calc-rsi', '-verbose', '-prediction-mode=index', '-interval-list=30m', '-range-min-rsi=28', '-range-max-rsi=80', '-range-p-ema=50,250', '-target-margin-list=1.0,1.5,2.0,2.5,3.0,3.5,4.0,4.5,5.0', '-log-level=WARNING']
2023-11-26 21:09:13;UNIUSDT;30m;2.5;75;34;80;100.0;6;108.13;['-batch-training', '-calc-rsi', '-verbose', '-prediction-mode=index', '-interval-list=30m', '-range-min-rsi=28', '-range-max-rsi=80', '-range-p-ema=50,250', '-target-margin-list=1.0,1.5,2.0,2.5,3.0,3.5,4.0,4.5,5.0', '-log-level=WARNING']
2023-11-26 20:00:37;UNIUSDT;30m;1.5;175;30;80;100.0;5;108.13;['-batch-training', '-calc-rsi', '-verbose', '-prediction-mode=index', '-interval-list=30m', '-range-min-rsi=28', '-range-max-rsi=80', '-range-p-ema=50,250', '-target-margin-list=1.0,1.5,2.0,2.5,3.0,3.5,4.0,4.5,5.0', '-log-level=WARNING']
2023-11-26 19:48:24;UNIUSDT;30m;1.0;150;34;76;100.0;6;108.13;['-batch-training', '-calc-rsi', '-verbose', '-prediction-mode=index', '-interval-list=30m', '-range-min-rsi=28', '-range-max-rsi=80', '-range-p-ema=50,250', '-target-margin-list=1.0,1.5,2.0,2.5,3.0,3.5,4.0,4.5,5.0', '-log-level=WARNING']
2023-11-26 20:09:13;UNIUSDT;30m;1.0;200;36;76;100.0;5;108.14;['-batch-training', '-calc-rsi', '-verbose', '-prediction-mode=index', '-interval-list=30m', '-range-min-rsi=28', '-range-max-rsi=80', '-range-p-ema=50,250', '-target-margin-list=1.0,1.5,2.0,2.5,3.0,3.5,4.0,4.5,5.0', '-log-level=WARNING']
2023-11-26 20:52:11;UNIUSDT;30m;2.0;50;36;80;100.0;4;108.14;['-batch-training', '-calc-rsi', '-verbose', '-prediction-mode=index', '-interval-list=30m', '-range-min-rsi=28', '-range-max-rsi=80', '-range-p-ema=50,250', '-target-margin-list=1.0,1.5,2.0,2.5,3.0,3.5,4.0,4.5,5.0', '-log-level=WARNING']
2023-11-26 21:07:30;UNIUSDT;30m;2.0;75;36;80;100.0;4;108.14;['-batch-training', '-calc-rsi', '-verbose', '-prediction-mode=index', '-interval-list=30m', '-range-min-rsi=28', '-range-max-rsi=80', '-range-p-ema=50,250', '-target-margin-list=1.0,1.5,2.0,2.5,3.0,3.5,4.0,4.5,5.0', '-log-level=WARNING']
2023-11-26 20:43:53;UNIUSDT;30m;4.0;250;34;78;100.0;4;108.15;['-batch-training', '-calc-rsi', '-verbose', '-prediction-mode=index', '-interval-list=30m', '-range-min-rsi=28', '-range-max-rsi=80', '-range-p-ema=50,250', '-target-margin-list=1.0,1.5,2.0,2.5,3.0,3.5,4.0,4.5,5.0', '-log-level=WARNING']
2023-11-26 20:49:46;UNIUSDT;30m;1.5;50;32;76;100.0;4;108.18;['-batch-training', '-calc-rsi', '-verbose', '-prediction-mode=index', '-interval-list=30m', '-range-min-rsi=28', '-range-max-rsi=80', '-range-p-ema=50,250', '-target-margin-list=1.0,1.5,2.0,2.5,3.0,3.5,4.0,4.5,5.0', '-log-level=WARNING']
2023-11-26 21:04:47;UNIUSDT;30m;1.5;75;32;76;100.0;4;108.18;['-batch-training', '-calc-rsi', '-verbose', '-prediction-mode=index', '-interval-list=30m', '-range-min-rsi=28', '-range-max-rsi=80', '-range-p-ema=50,250', '-target-margin-list=1.0,1.5,2.0,2.5,3.0,3.5,4.0,4.5,5.0', '-log-level=WARNING']
2023-11-26 19:38:08;UNIUSDT;30m;1.5;125;32;76;100.0;4;108.18;['-batch-training', '-calc-rsi', '-verbose', '-prediction-mode=index', '-interval-list=30m', '-range-min-rsi=28', '-range-max-rsi=80', '-range-p-ema=50,250', '-target-margin-list=1.0,1.5,2.0,2.5,3.0,3.5,4.0,4.5,5.0', '-log-level=WARNING']
2023-11-26 19:26:39;UNIUSDT;30m;1.5;100;32;76;100.0;4;108.18;['-batch-training', '-calc-rsi', '-verbose', '-prediction-mode=index', '-interval-list=30m', '-range-min-rsi=28', '-range-max-rsi=80', '-range-p-ema=50,250', '-target-margin-list=1.0,1.5,2.0,2.5,3.0,3.5,4.0,4.5,5.0', '-log-level=WARNING']
2023-11-26 20:20:37;UNIUSDT;30m;1.0;225;30;72;100.0;5;108.19;['-batch-training', '-calc-rsi', '-verbose', '-prediction-mode=index', '-interval-list=30m', '-range-min-rsi=28', '-range-max-rsi=80', '-range-p-ema=50,250', '-target-margin-list=1.0,1.5,2.0,2.5,3.0,3.5,4.0,4.5,5.0', '-log-level=WARNING']
2023-11-26 19:56:08;UNIUSDT;30m;4.0;150;32;80;100.0;4;108.19;['-batch-training', '-calc-rsi', '-verbose', '-prediction-mode=index', '-interval-list=30m', '-range-min-rsi=28', '-range-max-rsi=80', '-range-p-ema=50,250', '-target-margin-list=1.0,1.5,2.0,2.5,3.0,3.5,4.0,4.5,5.0', '-log-level=WARNING']
2023-11-26 19:47:50;UNIUSDT;30m;1.0;150;32;72;100.0;5;108.19;['-batch-training', '-calc-rsi', '-verbose', '-prediction-mode=index', '-interval-list=30m', '-range-min-rsi=28', '-range-max-rsi=80', '-range-p-ema=50,250', '-target-margin-list=1.0,1.5,2.0,2.5,3.0,3.5,4.0,4.5,5.0', '-log-level=WARNING']
2023-11-26 20:06:13;UNIUSDT;30m;4.0;175;32;80;100.0;4;108.19;['-batch-training', '-calc-rsi', '-verbose', '-prediction-mode=index', '-interval-list=30m', '-range-min-rsi=28', '-range-max-rsi=80', '-range-p-ema=50,250', '-target-margin-list=1.0,1.5,2.0,2.5,3.0,3.5,4.0,4.5,5.0', '-log-level=WARNING']
2023-11-26 20:44:08;UNIUSDT;30m;4.0;250;32;80;100.0;4;108.19;['-batch-training', '-calc-rsi', '-verbose', '-prediction-mode=index', '-interval-list=30m', '-range-min-rsi=28', '-range-max-rsi=80', '-range-p-ema=50,250', '-target-margin-list=1.0,1.5,2.0,2.5,3.0,3.5,4.0,4.5,5.0', '-log-level=WARNING']
2023-11-26 20:30:32;UNIUSDT;30m;4.0;225;32;80;100.0;4;108.19;['-batch-training', '-calc-rsi', '-verbose', '-prediction-mode=index', '-interval-list=30m', '-range-min-rsi=28', '-range-max-rsi=80', '-range-p-ema=50,250', '-target-margin-list=1.0,1.5,2.0,2.5,3.0,3.5,4.0,4.5,5.0', '-log-level=WARNING']
2023-11-26 20:20:48;UNIUSDT;30m;1.0;225;36;72;100.0;4;108.19;['-batch-training', '-calc-rsi', '-verbose', '-prediction-mode=index', '-interval-list=30m', '-range-min-rsi=28', '-range-max-rsi=80', '-range-p-ema=50,250', '-target-margin-list=1.0,1.5,2.0,2.5,3.0,3.5,4.0,4.5,5.0', '-log-level=WARNING']
2023-11-26 20:17:36;UNIUSDT;30m;4.0;200;32;80;100.0;4;108.19;['-batch-training', '-calc-rsi', '-verbose', '-prediction-mode=index', '-interval-list=30m', '-range-min-rsi=28', '-range-max-rsi=80', '-range-p-ema=50,250', '-target-margin-list=1.0,1.5,2.0,2.5,3.0,3.5,4.0,4.5,5.0', '-log-level=WARNING']
2023-11-26 20:00:32;UNIUSDT;30m;1.5;175;36;78;100.0;5;108.22;['-batch-training', '-calc-rsi', '-verbose', '-prediction-mode=index', '-interval-list=30m', '-range-min-rsi=28', '-range-max-rsi=80', '-range-p-ema=50,250', '-target-margin-list=1.0,1.5,2.0,2.5,3.0,3.5,4.0,4.5,5.0', '-log-level=WARNING']
2023-11-26 20:10:43;UNIUSDT;30m;1.5;200;36;78;100.0;5;108.23;['-batch-training', '-calc-rsi', '-verbose', '-prediction-mode=index', '-interval-list=30m', '-range-min-rsi=28', '-range-max-rsi=80', '-range-p-ema=50,250', '-target-margin-list=1.0,1.5,2.0,2.5,3.0,3.5,4.0,4.5,5.0', '-log-level=WARNING']
2023-11-26 19:36:18;UNIUSDT;30m;1.0;125;34;72;100.0;5;108.24;['-batch-training', '-calc-rsi', '-verbose', '-prediction-mode=index', '-interval-list=30m', '-range-min-rsi=28', '-range-max-rsi=80', '-range-p-ema=50,250', '-target-margin-list=1.0,1.5,2.0,2.5,3.0,3.5,4.0,4.5,5.0', '-log-level=WARNING']
2023-11-26 20:47:37;UNIUSDT;30m;1.0;50;34;72;100.0;5;108.24;['-batch-training', '-calc-rsi', '-verbose', '-prediction-mode=index', '-interval-list=30m', '-range-min-rsi=28', '-range-max-rsi=80', '-range-p-ema=50,250', '-target-margin-list=1.0,1.5,2.0,2.5,3.0,3.5,4.0,4.5,5.0', '-log-level=WARNING']
2023-11-26 19:24:51;UNIUSDT;30m;1.0;100;34;72;100.0;5;108.24;['-batch-training', '-calc-rsi', '-verbose', '-prediction-mode=index', '-interval-list=30m', '-range-min-rsi=28', '-range-max-rsi=80', '-range-p-ema=50,250', '-target-margin-list=1.0,1.5,2.0,2.5,3.0,3.5,4.0,4.5,5.0', '-log-level=WARNING']
2023-11-26 21:02:25;UNIUSDT;30m;1.0;75;34;72;100.0;5;108.24;['-batch-training', '-calc-rsi', '-verbose', '-prediction-mode=index', '-interval-list=30m', '-range-min-rsi=28', '-range-max-rsi=80', '-range-p-ema=50,250', '-target-margin-list=1.0,1.5,2.0,2.5,3.0,3.5,4.0,4.5,5.0', '-log-level=WARNING']
2023-11-26 20:37:37;UNIUSDT;30m;2.0;250;30;78;100.0;3;108.25;['-batch-training', '-calc-rsi', '-verbose', '-prediction-mode=index', '-interval-list=30m', '-range-min-rsi=28', '-range-max-rsi=80', '-range-p-ema=50,250', '-target-margin-list=1.0,1.5,2.0,2.5,3.0,3.5,4.0,4.5,5.0', '-log-level=WARNING']
2023-11-26 20:22:15;UNIUSDT;30m;1.5;225;36;72;100.0;5;108.26;['-batch-training', '-calc-rsi', '-verbose', '-prediction-mode=index', '-interval-list=30m', '-range-min-rsi=28', '-range-max-rsi=80', '-range-p-ema=50,250', '-target-margin-list=1.0,1.5,2.0,2.5,3.0,3.5,4.0,4.5,5.0', '-log-level=WARNING']
2023-11-26 20:44:15;UNIUSDT;30m;4.0;250;36;80;100.0;4;108.27;['-batch-training', '-calc-rsi', '-verbose', '-prediction-mode=index', '-interval-list=30m', '-range-min-rsi=28', '-range-max-rsi=80', '-range-p-ema=50,250', '-target-margin-list=1.0,1.5,2.0,2.5,3.0,3.5,4.0,4.5,5.0', '-log-level=WARNING']
2023-11-26 20:28:37;UNIUSDT;30m;3.5;225;36;76;100.0;3;108.27;['-batch-training', '-calc-rsi', '-verbose', '-prediction-mode=index', '-interval-list=30m', '-range-min-rsi=28', '-range-max-rsi=80', '-range-p-ema=50,250', '-target-margin-list=1.0,1.5,2.0,2.5,3.0,3.5,4.0,4.5,5.0', '-log-level=WARNING']
2023-11-26 20:24:52;UNIUSDT;30m;2.0;225;36;80;100.0;7;108.28;['-batch-training', '-calc-rsi', '-verbose', '-prediction-mode=index', '-interval-list=30m', '-range-min-rsi=28', '-range-max-rsi=80', '-range-p-ema=50,250', '-target-margin-list=1.0,1.5,2.0,2.5,3.0,3.5,4.0,4.5,5.0', '-log-level=WARNING']
2023-11-26 20:21:26;UNIUSDT;30m;1.0;225;28;78;100.0;7;108.29;['-batch-training', '-calc-rsi', '-verbose', '-prediction-mode=index', '-interval-list=30m', '-range-min-rsi=28', '-range-max-rsi=80', '-range-p-ema=50,250', '-target-margin-list=1.0,1.5,2.0,2.5,3.0,3.5,4.0,4.5,5.0', '-log-level=WARNING']
2023-11-26 20:34:05;UNIUSDT;30m;1.0;250;32;74;100.0;4;108.29;['-batch-training', '-calc-rsi', '-verbose', '-prediction-mode=index', '-interval-list=30m', '-range-min-rsi=28', '-range-max-rsi=80', '-range-p-ema=50,250', '-target-margin-list=1.0,1.5,2.0,2.5,3.0,3.5,4.0,4.5,5.0', '-log-level=WARNING']
2023-11-26 20:48:22;UNIUSDT;30m;1.0;50;28;78;100.0;7;108.29;['-batch-training', '-calc-rsi', '-verbose', '-prediction-mode=index', '-interval-list=30m', '-range-min-rsi=28', '-range-max-rsi=80', '-range-p-ema=50,250', '-target-margin-list=1.0,1.5,2.0,2.5,3.0,3.5,4.0,4.5,5.0', '-log-level=WARNING']
2023-11-26 20:09:15;UNIUSDT;30m;1.0;200;28;78;100.0;7;108.29;['-batch-training', '-calc-rsi', '-verbose', '-prediction-mode=index', '-interval-list=30m', '-range-min-rsi=28', '-range-max-rsi=80', '-range-p-ema=50,250', '-target-margin-list=1.0,1.5,2.0,2.5,3.0,3.5,4.0,4.5,5.0', '-log-level=WARNING']
2023-11-26 19:48:30;UNIUSDT;30m;1.0;150;28;78;100.0;7;108.29;['-batch-training', '-calc-rsi', '-verbose', '-prediction-mode=index', '-interval-list=30m', '-range-min-rsi=28', '-range-max-rsi=80', '-range-p-ema=50,250', '-target-margin-list=1.0,1.5,2.0,2.5,3.0,3.5,4.0,4.5,5.0', '-log-level=WARNING']
2023-11-26 19:36:58;UNIUSDT;30m;1.0;125;28;78;100.0;7;108.29;['-batch-training', '-calc-rsi', '-verbose', '-prediction-mode=index', '-interval-list=30m', '-range-min-rsi=28', '-range-max-rsi=80', '-range-p-ema=50,250', '-target-margin-list=1.0,1.5,2.0,2.5,3.0,3.5,4.0,4.5,5.0', '-log-level=WARNING']
2023-11-26 21:03:14;UNIUSDT;30m;1.0;75;28;78;100.0;7;108.29;['-batch-training', '-calc-rsi', '-verbose', '-prediction-mode=index', '-interval-list=30m', '-range-min-rsi=28', '-range-max-rsi=80', '-range-p-ema=50,250', '-target-margin-list=1.0,1.5,2.0,2.5,3.0,3.5,4.0,4.5,5.0', '-log-level=WARNING']
2023-11-26 19:25:30;UNIUSDT;30m;1.0;100;28;78;100.0;7;108.29;['-batch-training', '-calc-rsi', '-verbose', '-prediction-mode=index', '-interval-list=30m', '-range-min-rsi=28', '-range-max-rsi=80', '-range-p-ema=50,250', '-target-margin-list=1.0,1.5,2.0,2.5,3.0,3.5,4.0,4.5,5.0', '-log-level=WARNING']
2023-11-26 19:59:12;UNIUSDT;30m;1.0;175;28;78;100.0;7;108.29;['-batch-training', '-calc-rsi', '-verbose', '-prediction-mode=index', '-interval-list=30m', '-range-min-rsi=28', '-range-max-rsi=80', '-range-p-ema=50,250', '-target-margin-list=1.0,1.5,2.0,2.5,3.0,3.5,4.0,4.5,5.0', '-log-level=WARNING']
2023-11-26 20:33:46;UNIUSDT;30m;1.0;250;32;72;100.0;4;108.31;['-batch-training', '-calc-rsi', '-verbose', '-prediction-mode=index', '-interval-list=30m', '-range-min-rsi=28', '-range-max-rsi=80', '-range-p-ema=50,250', '-target-margin-list=1.0,1.5,2.0,2.5,3.0,3.5,4.0,4.5,5.0', '-log-level=WARNING']
2023-11-26 19:45:07;UNIUSDT;30m;4.0;125;36;80;100.0;4;108.33;['-batch-training', '-calc-rsi', '-verbose', '-prediction-mode=index', '-interval-list=30m', '-range-min-rsi=28', '-range-max-rsi=80', '-range-p-ema=50,250', '-target-margin-list=1.0,1.5,2.0,2.5,3.0,3.5,4.0,4.5,5.0', '-log-level=WARNING']
2023-11-26 20:58:46;UNIUSDT;30m;4.0;50;36;80;100.0;4;108.33;['-batch-training', '-calc-rsi', '-verbose', '-prediction-mode=index', '-interval-list=30m', '-range-min-rsi=28', '-range-max-rsi=80', '-range-p-ema=50,250', '-target-margin-list=1.0,1.5,2.0,2.5,3.0,3.5,4.0,4.5,5.0', '-log-level=WARNING']
2023-11-26 20:36:10;UNIUSDT;30m;1.5;250;32;78;100.0;3;108.33;['-batch-training', '-calc-rsi', '-verbose', '-prediction-mode=index', '-interval-list=30m', '-range-min-rsi=28', '-range-max-rsi=80', '-range-p-ema=50,250', '-target-margin-list=1.0,1.5,2.0,2.5,3.0,3.5,4.0,4.5,5.0', '-log-level=WARNING']
2023-11-26 19:33:34;UNIUSDT;30m;4.0;100;36;80;100.0;4;108.33;['-batch-training', '-calc-rsi', '-verbose', '-prediction-mode=index', '-interval-list=30m', '-range-min-rsi=28', '-range-max-rsi=80', '-range-p-ema=50,250', '-target-margin-list=1.0,1.5,2.0,2.5,3.0,3.5,4.0,4.5,5.0', '-log-level=WARNING']
2023-11-26 21:14:27;UNIUSDT;30m;4.0;75;36;80;100.0;4;108.33;['-batch-training', '-calc-rsi', '-verbose', '-prediction-mode=index', '-interval-list=30m', '-range-min-rsi=28', '-range-max-rsi=80', '-range-p-ema=50,250', '-target-margin-list=1.0,1.5,2.0,2.5,3.0,3.5,4.0,4.5,5.0', '-log-level=WARNING']
2023-11-26 20:21:23;UNIUSDT;30m;1.0;225;36;76;100.0;6;108.35;['-batch-training', '-calc-rsi', '-verbose', '-prediction-mode=index', '-interval-list=30m', '-range-min-rsi=28', '-range-max-rsi=80', '-range-p-ema=50,250', '-target-margin-list=1.0,1.5,2.0,2.5,3.0,3.5,4.0,4.5,5.0', '-log-level=WARNING']
2023-11-26 19:50:11;UNIUSDT;30m;1.5;150;32;80;100.0;7;108.35;['-batch-training', '-calc-rsi', '-verbose', '-prediction-mode=index', '-interval-list=30m', '-range-min-rsi=28', '-range-max-rsi=80', '-range-p-ema=50,250', '-target-margin-list=1.0,1.5,2.0,2.5,3.0,3.5,4.0,4.5,5.0', '-log-level=WARNING']
2023-11-26 20:35:38;UNIUSDT;30m;1.5;250;34;74;100.0;4;108.35;['-batch-training', '-calc-rsi', '-verbose', '-prediction-mode=index', '-interval-list=30m', '-range-min-rsi=28', '-range-max-rsi=80', '-range-p-ema=50,250', '-target-margin-list=1.0,1.5,2.0,2.5,3.0,3.5,4.0,4.5,5.0', '-log-level=WARNING']
2023-11-26 20:12:18;UNIUSDT;30m;2.0;200;36;80;100.0;2;108.36;['-batch-training', '-calc-rsi', '-verbose', '-prediction-mode=index', '-interval-list=30m', '-range-min-rsi=28', '-range-max-rsi=80', '-range-p-ema=50,250', '-target-margin-list=1.0,1.5,2.0,2.5,3.0,3.5,4.0,4.5,5.0', '-log-level=WARNING']
2023-11-26 20:37:26;UNIUSDT;30m;2.0;250;34;76;100.0;5;108.36;['-batch-training', '-calc-rsi', '-verbose', '-prediction-mode=index', '-interval-list=30m', '-range-min-rsi=28', '-range-max-rsi=80', '-range-p-ema=50,250', '-target-margin-list=1.0,1.5,2.0,2.5,3.0,3.5,4.0,4.5,5.0', '-log-level=WARNING']
2023-11-26 20:37:48;UNIUSDT;30m;2.0;250;36;78;100.0;5;108.37;['-batch-training', '-calc-rsi', '-verbose', '-prediction-mode=index', '-interval-list=30m', '-range-min-rsi=28', '-range-max-rsi=80', '-range-p-ema=50,250', '-target-margin-list=1.0,1.5,2.0,2.5,3.0,3.5,4.0,4.5,5.0', '-log-level=WARNING']
2023-11-26 20:09:24;UNIUSDT;30m;1.0;200;34;78;100.0;2;108.39;['-batch-training', '-calc-rsi', '-verbose', '-prediction-mode=index', '-interval-list=30m', '-range-min-rsi=28', '-range-max-rsi=80', '-range-p-ema=50,250', '-target-margin-list=1.0,1.5,2.0,2.5,3.0,3.5,4.0,4.5,5.0', '-log-level=WARNING']
2023-11-26 19:56:00;UNIUSDT;30m;4.0;150;36;78;100.0;3;108.4;['-batch-training', '-calc-rsi', '-verbose', '-prediction-mode=index', '-interval-list=30m', '-range-min-rsi=28', '-range-max-rsi=80', '-range-p-ema=50,250', '-target-margin-list=1.0,1.5,2.0,2.5,3.0,3.5,4.0,4.5,5.0', '-log-level=WARNING']
2023-11-26 20:00:15;UNIUSDT;30m;1.5;175;34;76;100.0;7;108.4;['-batch-training', '-calc-rsi', '-verbose', '-prediction-mode=index', '-interval-list=30m', '-range-min-rsi=28', '-range-max-rsi=80', '-range-p-ema=50,250', '-target-margin-list=1.0,1.5,2.0,2.5,3.0,3.5,4.0,4.5,5.0', '-log-level=WARNING']
2023-11-26 19:49:36;UNIUSDT;30m;1.5;150;30;76;100.0;4;108.41;['-batch-training', '-calc-rsi', '-verbose', '-prediction-mode=index', '-interval-list=30m', '-range-min-rsi=28', '-range-max-rsi=80', '-range-p-ema=50,250', '-target-margin-list=1.0,1.5,2.0,2.5,3.0,3.5,4.0,4.5,5.0', '-log-level=WARNING']
2023-11-26 20:22:40;UNIUSDT;30m;1.5;225;30;76;100.0;4;108.41;['-batch-training', '-calc-rsi', '-verbose', '-prediction-mode=index', '-interval-list=30m', '-range-min-rsi=28', '-range-max-rsi=80', '-range-p-ema=50,250', '-target-margin-list=1.0,1.5,2.0,2.5,3.0,3.5,4.0,4.5,5.0', '-log-level=WARNING']
2023-11-26 19:38:04;UNIUSDT;30m;1.5;125;30;76;100.0;4;108.41;['-batch-training', '-calc-rsi', '-verbose', '-prediction-mode=index', '-interval-list=30m', '-range-min-rsi=28', '-range-max-rsi=80', '-range-p-ema=50,250', '-target-margin-list=1.0,1.5,2.0,2.5,3.0,3.5,4.0,4.5,5.0', '-log-level=WARNING']
2023-11-26 20:00:09;UNIUSDT;30m;1.5;175;30;76;100.0;4;108.41;['-batch-training', '-calc-rsi', '-verbose', '-prediction-mode=index', '-interval-list=30m', '-range-min-rsi=28', '-range-max-rsi=80', '-range-p-ema=50,250', '-target-margin-list=1.0,1.5,2.0,2.5,3.0,3.5,4.0,4.5,5.0', '-log-level=WARNING']
2023-11-26 20:10:18;UNIUSDT;30m;1.5;200;30;76;100.0;4;108.41;['-batch-training', '-calc-rsi', '-verbose', '-prediction-mode=index', '-interval-list=30m', '-range-min-rsi=28', '-range-max-rsi=80', '-range-p-ema=50,250', '-target-margin-list=1.0,1.5,2.0,2.5,3.0,3.5,4.0,4.5,5.0', '-log-level=WARNING']
2023-11-26 20:49:43;UNIUSDT;30m;1.5;50;30;76;100.0;4;108.41;['-batch-training', '-calc-rsi', '-verbose', '-prediction-mode=index', '-interval-list=30m', '-range-min-rsi=28', '-range-max-rsi=80', '-range-p-ema=50,250', '-target-margin-list=1.0,1.5,2.0,2.5,3.0,3.5,4.0,4.5,5.0', '-log-level=WARNING']
2023-11-26 19:26:35;UNIUSDT;30m;1.5;100;30;76;100.0;4;108.41;['-batch-training', '-calc-rsi', '-verbose', '-prediction-mode=index', '-interval-list=30m', '-range-min-rsi=28', '-range-max-rsi=80', '-range-p-ema=50,250', '-target-margin-list=1.0,1.5,2.0,2.5,3.0,3.5,4.0,4.5,5.0', '-log-level=WARNING']
2023-11-26 21:04:43;UNIUSDT;30m;1.5;75;30;76;100.0;4;108.41;['-batch-training', '-calc-rsi', '-verbose', '-prediction-mode=index', '-interval-list=30m', '-range-min-rsi=28', '-range-max-rsi=80', '-range-p-ema=50,250', '-target-margin-list=1.0,1.5,2.0,2.5,3.0,3.5,4.0,4.5,5.0', '-log-level=WARNING']
2023-11-26 20:09:39;UNIUSDT;30m;1.0;200;34;80;100.0;6;108.41;['-batch-training', '-calc-rsi', '-verbose', '-prediction-mode=index', '-interval-list=30m', '-range-min-rsi=28', '-range-max-rsi=80', '-range-p-ema=50,250', '-target-margin-list=1.0,1.5,2.0,2.5,3.0,3.5,4.0,4.5,5.0', '-log-level=WARNING']
2023-11-26 19:39:57;UNIUSDT;30m;2.0;125;32;80;100.0;4;108.42;['-batch-training', '-calc-rsi', '-verbose', '-prediction-mode=index', '-interval-list=30m', '-range-min-rsi=28', '-range-max-rsi=80', '-range-p-ema=50,250', '-target-margin-list=1.0,1.5,2.0,2.5,3.0,3.5,4.0,4.5,5.0', '-log-level=WARNING']
2023-11-26 19:28:27;UNIUSDT;30m;2.0;100;32;80;100.0;4;108.42;['-batch-training', '-calc-rsi', '-verbose', '-prediction-mode=index', '-interval-list=30m', '-range-min-rsi=28', '-range-max-rsi=80', '-range-p-ema=50,250', '-target-margin-list=1.0,1.5,2.0,2.5,3.0,3.5,4.0,4.5,5.0', '-log-level=WARNING']
2023-11-26 20:11:15;UNIUSDT;30m;2.0;200;36;72;100.0;2;108.42;['-batch-training', '-calc-rsi', '-verbose', '-prediction-mode=index', '-interval-list=30m', '-range-min-rsi=28', '-range-max-rsi=80', '-range-p-ema=50,250', '-target-margin-list=1.0,1.5,2.0,2.5,3.0,3.5,4.0,4.5,5.0', '-log-level=WARNING']
2023-11-26 20:52:03;UNIUSDT;30m;2.0;50;32;80;100.0;4;108.42;['-batch-training', '-calc-rsi', '-verbose', '-prediction-mode=index', '-interval-list=30m', '-range-min-rsi=28', '-range-max-rsi=80', '-range-p-ema=50,250', '-target-margin-list=1.0,1.5,2.0,2.5,3.0,3.5,4.0,4.5,5.0', '-log-level=WARNING']
2023-11-26 21:07:21;UNIUSDT;30m;2.0;75;32;80;100.0;4;108.42;['-batch-training', '-calc-rsi', '-verbose', '-prediction-mode=index', '-interval-list=30m', '-range-min-rsi=28', '-range-max-rsi=80', '-range-p-ema=50,250', '-target-margin-list=1.0,1.5,2.0,2.5,3.0,3.5,4.0,4.5,5.0', '-log-level=WARNING']
2023-11-26 20:34:41;UNIUSDT;30m;1.0;250;32;78;100.0;6;108.44;['-batch-training', '-calc-rsi', '-verbose', '-prediction-mode=index', '-interval-list=30m', '-range-min-rsi=28', '-range-max-rsi=80', '-range-p-ema=50,250', '-target-margin-list=1.0,1.5,2.0,2.5,3.0,3.5,4.0,4.5,5.0', '-log-level=WARNING']
2023-11-26 20:34:08;UNIUSDT;30m;1.0;250;34;74;100.0;5;108.45;['-batch-training', '-calc-rsi', '-verbose', '-prediction-mode=index', '-interval-list=30m', '-range-min-rsi=28', '-range-max-rsi=80', '-range-p-ema=50,250', '-target-margin-list=1.0,1.5,2.0,2.5,3.0,3.5,4.0,4.5,5.0', '-log-level=WARNING']
2023-11-26 20:09:42;UNIUSDT;30m;1.0;200;36;80;100.0;2;108.45;['-batch-training', '-calc-rsi', '-verbose', '-prediction-mode=index', '-interval-list=30m', '-range-min-rsi=28', '-range-max-rsi=80', '-range-p-ema=50,250', '-target-margin-list=1.0,1.5,2.0,2.5,3.0,3.5,4.0,4.5,5.0', '-log-level=WARNING']
2023-11-26 20:21:05;UNIUSDT;30m;1.0;225;36;74;100.0;6;108.45;['-batch-training', '-calc-rsi', '-verbose', '-prediction-mode=index', '-interval-list=30m', '-range-min-rsi=28', '-range-max-rsi=80', '-range-p-ema=50,250', '-target-margin-list=1.0,1.5,2.0,2.5,3.0,3.5,4.0,4.5,5.0', '-log-level=WARNING']
2023-11-26 19:48:33;UNIUSDT;30m;1.0;150;30;78;100.0;2;108.46;['-batch-training', '-calc-rsi', '-verbose', '-prediction-mode=index', '-interval-list=30m', '-range-min-rsi=28', '-range-max-rsi=80', '-range-p-ema=50,250', '-target-margin-list=1.0,1.5,2.0,2.5,3.0,3.5,4.0,4.5,5.0', '-log-level=WARNING']
2023-11-26 20:48:27;UNIUSDT;30m;1.0;50;30;78;100.0;2;108.46;['-batch-training', '-calc-rsi', '-verbose', '-prediction-mode=index', '-interval-list=30m', '-range-min-rsi=28', '-range-max-rsi=80', '-range-p-ema=50,250', '-target-margin-list=1.0,1.5,2.0,2.5,3.0,3.5,4.0,4.5,5.0', '-log-level=WARNING']
2023-11-26 19:25:33;UNIUSDT;30m;1.0;100;30;78;100.0;2;108.46;['-batch-training', '-calc-rsi', '-verbose', '-prediction-mode=index', '-interval-list=30m', '-range-min-rsi=28', '-range-max-rsi=80', '-range-p-ema=50,250', '-target-margin-list=1.0,1.5,2.0,2.5,3.0,3.5,4.0,4.5,5.0', '-log-level=WARNING']
2023-11-26 19:37:01;UNIUSDT;30m;1.0;125;30;78;100.0;2;108.46;['-batch-training', '-calc-rsi', '-verbose', '-prediction-mode=index', '-interval-list=30m', '-range-min-rsi=28', '-range-max-rsi=80', '-range-p-ema=50,250', '-target-margin-list=1.0,1.5,2.0,2.5,3.0,3.5,4.0,4.5,5.0', '-log-level=WARNING']
2023-11-26 21:03:18;UNIUSDT;30m;1.0;75;30;78;100.0;2;108.46;['-batch-training', '-calc-rsi', '-verbose', '-prediction-mode=index', '-interval-list=30m', '-range-min-rsi=28', '-range-max-rsi=80', '-range-p-ema=50,250', '-target-margin-list=1.0,1.5,2.0,2.5,3.0,3.5,4.0,4.5,5.0', '-log-level=WARNING']
2023-11-26 19:48:56;UNIUSDT;30m;1.0;150;34;80;100.0;7;108.46;['-batch-training', '-calc-rsi', '-verbose', '-prediction-mode=index', '-interval-list=30m', '-range-min-rsi=28', '-range-max-rsi=80', '-range-p-ema=50,250', '-target-margin-list=1.0,1.5,2.0,2.5,3.0,3.5,4.0,4.5,5.0', '-log-level=WARNING']
2023-11-26 19:26:57;UNIUSDT;30m;1.5;100;34;78;100.0;6;108.47;['-batch-training', '-calc-rsi', '-verbose', '-prediction-mode=index', '-interval-list=30m', '-range-min-rsi=28', '-range-max-rsi=80', '-range-p-ema=50,250', '-target-margin-list=1.0,1.5,2.0,2.5,3.0,3.5,4.0,4.5,5.0', '-log-level=WARNING']
2023-11-26 21:05:15;UNIUSDT;30m;1.5;75;34;78;100.0;6;108.47;['-batch-training', '-calc-rsi', '-verbose', '-prediction-mode=index', '-interval-list=30m', '-range-min-rsi=28', '-range-max-rsi=80', '-range-p-ema=50,250', '-target-margin-list=1.0,1.5,2.0,2.5,3.0,3.5,4.0,4.5,5.0', '-log-level=WARNING']
2023-11-26 20:21:05;UNIUSDT;30m;1.0;225;36;74;100.0;4;108.47;['-batch-training', '-calc-rsi', '-verbose', '-prediction-mode=index', '-interval-list=30m', '-range-min-rsi=28', '-range-max-rsi=80', '-range-p-ema=50,250', '-target-margin-list=1.0,1.5,2.0,2.5,3.0,3.5,4.0,4.5,5.0', '-log-level=WARNING']
2023-11-26 20:50:10;UNIUSDT;30m;1.5;50;34;78;100.0;6;108.47;['-batch-training', '-calc-rsi', '-verbose', '-prediction-mode=index', '-interval-list=30m', '-range-min-rsi=28', '-range-max-rsi=80', '-range-p-ema=50,250', '-target-margin-list=1.0,1.5,2.0,2.5,3.0,3.5,4.0,4.5,5.0', '-log-level=WARNING']
2023-11-26 19:38:26;UNIUSDT;30m;1.5;125;34;78;100.0;6;108.47;['-batch-training', '-calc-rsi', '-verbose', '-prediction-mode=index', '-interval-list=30m', '-range-min-rsi=28', '-range-max-rsi=80', '-range-p-ema=50,250', '-target-margin-list=1.0,1.5,2.0,2.5,3.0,3.5,4.0,4.5,5.0', '-log-level=WARNING']
2023-11-26 20:49:32;UNIUSDT;30m;1.5;50;34;74;100.0;6;108.48;['-batch-training', '-calc-rsi', '-verbose', '-prediction-mode=index', '-interval-list=30m', '-range-min-rsi=28', '-range-max-rsi=80', '-range-p-ema=50,250', '-target-margin-list=1.0,1.5,2.0,2.5,3.0,3.5,4.0,4.5,5.0', '-log-level=WARNING']
2023-11-26 19:37:55;UNIUSDT;30m;1.5;125;34;74;100.0;6;108.48;['-batch-training', '-calc-rsi', '-verbose', '-prediction-mode=index', '-interval-list=30m', '-range-min-rsi=28', '-range-max-rsi=80', '-range-p-ema=50,250', '-target-margin-list=1.0,1.5,2.0,2.5,3.0,3.5,4.0,4.5,5.0', '-log-level=WARNING']
2023-11-26 21:04:31;UNIUSDT;30m;1.5;75;34;74;100.0;6;108.48;['-batch-training', '-calc-rsi', '-verbose', '-prediction-mode=index', '-interval-list=30m', '-range-min-rsi=28', '-range-max-rsi=80', '-range-p-ema=50,250', '-target-margin-list=1.0,1.5,2.0,2.5,3.0,3.5,4.0,4.5,5.0', '-log-level=WARNING']
2023-11-26 20:00:01;UNIUSDT;30m;1.5;175;34;74;100.0;4;108.48;['-batch-training', '-calc-rsi', '-verbose', '-prediction-mode=index', '-interval-list=30m', '-range-min-rsi=28', '-range-max-rsi=80', '-range-p-ema=50,250', '-target-margin-list=1.0,1.5,2.0,2.5,3.0,3.5,4.0,4.5,5.0', '-log-level=WARNING']
2023-11-26 19:26:26;UNIUSDT;30m;1.5;100;34;74;100.0;6;108.48;['-batch-training', '-calc-rsi', '-verbose', '-prediction-mode=index', '-interval-list=30m', '-range-min-rsi=28', '-range-max-rsi=80', '-range-p-ema=50,250', '-target-margin-list=1.0,1.5,2.0,2.5,3.0,3.5,4.0,4.5,5.0', '-log-level=WARNING']
2023-11-26 20:10:09;UNIUSDT;30m;1.5;200;34;74;100.0;4;108.49;['-batch-training', '-calc-rsi', '-verbose', '-prediction-mode=index', '-interval-list=30m', '-range-min-rsi=28', '-range-max-rsi=80', '-range-p-ema=50,250', '-target-margin-list=1.0,1.5,2.0,2.5,3.0,3.5,4.0,4.5,5.0', '-log-level=WARNING']
2023-11-26 20:05:38;UNIUSDT;30m;4.0;175;36;74;100.0;3;108.5;['-batch-training', '-calc-rsi', '-verbose', '-prediction-mode=index', '-interval-list=30m', '-range-min-rsi=28', '-range-max-rsi=80', '-range-p-ema=50,250', '-target-margin-list=1.0,1.5,2.0,2.5,3.0,3.5,4.0,4.5,5.0', '-log-level=WARNING']
2023-11-26 20:16:53;UNIUSDT;30m;4.0;200;36;74;100.0;3;108.5;['-batch-training', '-calc-rsi', '-verbose', '-prediction-mode=index', '-interval-list=30m', '-range-min-rsi=28', '-range-max-rsi=80', '-range-p-ema=50,250', '-target-margin-list=1.0,1.5,2.0,2.5,3.0,3.5,4.0,4.5,5.0', '-log-level=WARNING']
2023-11-26 19:38:42;UNIUSDT;30m;1.5;125;34;80;100.0;3;108.52;['-batch-training', '-calc-rsi', '-verbose', '-prediction-mode=index', '-interval-list=30m', '-range-min-rsi=28', '-range-max-rsi=80', '-range-p-ema=50,250', '-target-margin-list=1.0,1.5,2.0,2.5,3.0,3.5,4.0,4.5,5.0', '-log-level=WARNING']
2023-11-26 20:50:30;UNIUSDT;30m;1.5;50;34;80;100.0;3;108.52;['-batch-training', '-calc-rsi', '-verbose', '-prediction-mode=index', '-interval-list=30m', '-range-min-rsi=28', '-range-max-rsi=80', '-range-p-ema=50,250', '-target-margin-list=1.0,1.5,2.0,2.5,3.0,3.5,4.0,4.5,5.0', '-log-level=WARNING']
2023-11-26 19:27:13;UNIUSDT;30m;1.5;100;34;80;100.0;3;108.52;['-batch-training', '-calc-rsi', '-verbose', '-prediction-mode=index', '-interval-list=30m', '-range-min-rsi=28', '-range-max-rsi=80', '-range-p-ema=50,250', '-target-margin-list=1.0,1.5,2.0,2.5,3.0,3.5,4.0,4.5,5.0', '-log-level=WARNING']
2023-11-26 21:05:37;UNIUSDT;30m;1.5;75;34;80;100.0;3;108.52;['-batch-training', '-calc-rsi', '-verbose', '-prediction-mode=index', '-interval-list=30m', '-range-min-rsi=28', '-range-max-rsi=80', '-range-p-ema=50,250', '-target-margin-list=1.0,1.5,2.0,2.5,3.0,3.5,4.0,4.5,5.0', '-log-level=WARNING']
2023-11-26 20:36:29;UNIUSDT;30m;1.5;250;32;80;100.0;7;108.55;['-batch-training', '-calc-rsi', '-verbose', '-prediction-mode=index', '-interval-list=30m', '-range-min-rsi=28', '-range-max-rsi=80', '-range-p-ema=50,250', '-target-margin-list=1.0,1.5,2.0,2.5,3.0,3.5,4.0,4.5,5.0', '-log-level=WARNING']
2023-11-26 20:23:17;UNIUSDT;30m;1.5;225;32;80;100.0;7;108.55;['-batch-training', '-calc-rsi', '-verbose', '-prediction-mode=index', '-interval-list=30m', '-range-min-rsi=28', '-range-max-rsi=80', '-range-p-ema=50,250', '-target-margin-list=1.0,1.5,2.0,2.5,3.0,3.5,4.0,4.5,5.0', '-log-level=WARNING']
2023-11-26 21:05:06;UNIUSDT;30m;1.5;75;30;78;100.0;2;108.55;['-batch-training', '-calc-rsi', '-verbose', '-prediction-mode=index', '-interval-list=30m', '-range-min-rsi=28', '-range-max-rsi=80', '-range-p-ema=50,250', '-target-margin-list=1.0,1.5,2.0,2.5,3.0,3.5,4.0,4.5,5.0', '-log-level=WARNING']
2023-11-26 20:10:53;UNIUSDT;30m;1.5;200;32;80;100.0;7;108.55;['-batch-training', '-calc-rsi', '-verbose', '-prediction-mode=index', '-interval-list=30m', '-range-min-rsi=28', '-range-max-rsi=80', '-range-p-ema=50,250', '-target-margin-list=1.0,1.5,2.0,2.5,3.0,3.5,4.0,4.5,5.0', '-log-level=WARNING']
2023-11-26 19:38:20;UNIUSDT;30m;1.5;125;30;78;100.0;2;108.55;['-batch-training', '-calc-rsi', '-verbose', '-prediction-mode=index', '-interval-list=30m', '-range-min-rsi=28', '-range-max-rsi=80', '-range-p-ema=50,250', '-target-margin-list=1.0,1.5,2.0,2.5,3.0,3.5,4.0,4.5,5.0', '-log-level=WARNING']
2023-11-26 19:49:52;UNIUSDT;30m;1.5;150;30;78;100.0;2;108.55;['-batch-training', '-calc-rsi', '-verbose', '-prediction-mode=index', '-interval-list=30m', '-range-min-rsi=28', '-range-max-rsi=80', '-range-p-ema=50,250', '-target-margin-list=1.0,1.5,2.0,2.5,3.0,3.5,4.0,4.5,5.0', '-log-level=WARNING']
2023-11-26 20:00:40;UNIUSDT;30m;1.5;175;32;80;100.0;7;108.55;['-batch-training', '-calc-rsi', '-verbose', '-prediction-mode=index', '-interval-list=30m', '-range-min-rsi=28', '-range-max-rsi=80', '-range-p-ema=50,250', '-target-margin-list=1.0,1.5,2.0,2.5,3.0,3.5,4.0,4.5,5.0', '-log-level=WARNING']
2023-11-26 20:50:02;UNIUSDT;30m;1.5;50;30;78;100.0;2;108.55;['-batch-training', '-calc-rsi', '-verbose', '-prediction-mode=index', '-interval-list=30m', '-range-min-rsi=28', '-range-max-rsi=80', '-range-p-ema=50,250', '-target-margin-list=1.0,1.5,2.0,2.5,3.0,3.5,4.0,4.5,5.0', '-log-level=WARNING']
2023-11-26 19:26:51;UNIUSDT;30m;1.5;100;30;78;100.0;2;108.55;['-batch-training', '-calc-rsi', '-verbose', '-prediction-mode=index', '-interval-list=30m', '-range-min-rsi=28', '-range-max-rsi=80', '-range-p-ema=50,250', '-target-margin-list=1.0,1.5,2.0,2.5,3.0,3.5,4.0,4.5,5.0', '-log-level=WARNING']
2023-11-26 19:38:29;UNIUSDT;30m;1.5;125;36;78;100.0;4;108.56;['-batch-training', '-calc-rsi', '-verbose', '-prediction-mode=index', '-interval-list=30m', '-range-min-rsi=28', '-range-max-rsi=80', '-range-p-ema=50,250', '-target-margin-list=1.0,1.5,2.0,2.5,3.0,3.5,4.0,4.5,5.0', '-log-level=WARNING']
2023-11-26 19:27:00;UNIUSDT;30m;1.5;100;36;78;100.0;4;108.56;['-batch-training', '-calc-rsi', '-verbose', '-prediction-mode=index', '-interval-list=30m', '-range-min-rsi=28', '-range-max-rsi=80', '-range-p-ema=50,250', '-target-margin-list=1.0,1.5,2.0,2.5,3.0,3.5,4.0,4.5,5.0', '-log-level=WARNING']
2023-11-26 19:55:57;UNIUSDT;30m;4.0;150;34;78;100.0;4;108.57;['-batch-training', '-calc-rsi', '-verbose', '-prediction-mode=index', '-interval-list=30m', '-range-min-rsi=28', '-range-max-rsi=80', '-range-p-ema=50,250', '-target-margin-list=1.0,1.5,2.0,2.5,3.0,3.5,4.0,4.5,5.0', '-log-level=WARNING']
2023-11-26 20:17:23;UNIUSDT;30m;4.0;200;34;78;100.0;4;108.57;['-batch-training', '-calc-rsi', '-verbose', '-prediction-mode=index', '-interval-list=30m', '-range-min-rsi=28', '-range-max-rsi=80', '-range-p-ema=50,250', '-target-margin-list=1.0,1.5,2.0,2.5,3.0,3.5,4.0,4.5,5.0', '-log-level=WARNING']
2023-11-26 20:06:02;UNIUSDT;30m;4.0;175;34;78;100.0;4;108.57;['-batch-training', '-calc-rsi', '-verbose', '-prediction-mode=index', '-interval-list=30m', '-range-min-rsi=28', '-range-max-rsi=80', '-range-p-ema=50,250', '-target-margin-list=1.0,1.5,2.0,2.5,3.0,3.5,4.0,4.5,5.0', '-log-level=WARNING']
2023-11-26 20:30:18;UNIUSDT;30m;4.0;225;34;78;100.0;4;108.57;['-batch-training', '-calc-rsi', '-verbose', '-prediction-mode=index', '-interval-list=30m', '-range-min-rsi=28', '-range-max-rsi=80', '-range-p-ema=50,250', '-target-margin-list=1.0,1.5,2.0,2.5,3.0,3.5,4.0,4.5,5.0', '-log-level=WARNING']
2023-11-26 20:18:16;UNIUSDT;30m;4.5;200;36;74;100.0;3;108.58;['-batch-training', '-calc-rsi', '-verbose', '-prediction-mode=index', '-interval-list=30m', '-range-min-rsi=28', '-range-max-rsi=80', '-range-p-ema=50,250', '-target-margin-list=1.0,1.5,2.0,2.5,3.0,3.5,4.0,4.5,5.0', '-log-level=WARNING']
2023-11-26 20:06:45;UNIUSDT;30m;4.5;175;36;74;100.0;3;108.58;['-batch-training', '-calc-rsi', '-verbose', '-prediction-mode=index', '-interval-list=30m', '-range-min-rsi=28', '-range-max-rsi=80', '-range-p-ema=50,250', '-target-margin-list=1.0,1.5,2.0,2.5,3.0,3.5,4.0,4.5,5.0', '-log-level=WARNING']
2023-11-26 19:28:08;UNIUSDT;30m;2.0;100;30;78;100.0;3;108.59;['-batch-training', '-calc-rsi', '-verbose', '-prediction-mode=index', '-interval-list=30m', '-range-min-rsi=28', '-range-max-rsi=80', '-range-p-ema=50,250', '-target-margin-list=1.0,1.5,2.0,2.5,3.0,3.5,4.0,4.5,5.0', '-log-level=WARNING']
2023-11-26 20:11:53;UNIUSDT;30m;2.0;200;30;78;100.0;3;108.59;['-batch-training', '-calc-rsi', '-verbose', '-prediction-mode=index', '-interval-list=30m', '-range-min-rsi=28', '-range-max-rsi=80', '-range-p-ema=50,250', '-target-margin-list=1.0,1.5,2.0,2.5,3.0,3.5,4.0,4.5,5.0', '-log-level=WARNING']
2023-11-26 19:48:27;UNIUSDT;30m;1.0;150;36;76;100.0;6;108.59;['-batch-training', '-calc-rsi', '-verbose', '-prediction-mode=index', '-interval-list=30m', '-range-min-rsi=28', '-range-max-rsi=80', '-range-p-ema=50,250', '-target-margin-list=1.0,1.5,2.0,2.5,3.0,3.5,4.0,4.5,5.0', '-log-level=WARNING']
2023-11-26 20:24:24;UNIUSDT;30m;2.0;225;30;78;100.0;3;108.59;['-batch-training', '-calc-rsi', '-verbose', '-prediction-mode=index', '-interval-list=30m', '-range-min-rsi=28', '-range-max-rsi=80', '-range-p-ema=50,250', '-target-margin-list=1.0,1.5,2.0,2.5,3.0,3.5,4.0,4.5,5.0', '-log-level=WARNING']
2023-11-26 21:06:54;UNIUSDT;30m;2.0;75;30;78;100.0;3;108.59;['-batch-training', '-calc-rsi', '-verbose', '-prediction-mode=index', '-interval-list=30m', '-range-min-rsi=28', '-range-max-rsi=80', '-range-p-ema=50,250', '-target-margin-list=1.0,1.5,2.0,2.5,3.0,3.5,4.0,4.5,5.0', '-log-level=WARNING']
2023-11-26 20:51:39;UNIUSDT;30m;2.0;50;30;78;100.0;3;108.59;['-batch-training', '-calc-rsi', '-verbose', '-prediction-mode=index', '-interval-list=30m', '-range-min-rsi=28', '-range-max-rsi=80', '-range-p-ema=50,250', '-target-margin-list=1.0,1.5,2.0,2.5,3.0,3.5,4.0,4.5,5.0', '-log-level=WARNING']
2023-11-26 19:39:38;UNIUSDT;30m;2.0;125;30;78;100.0;3;108.59;['-batch-training', '-calc-rsi', '-verbose', '-prediction-mode=index', '-interval-list=30m', '-range-min-rsi=28', '-range-max-rsi=80', '-range-p-ema=50,250', '-target-margin-list=1.0,1.5,2.0,2.5,3.0,3.5,4.0,4.5,5.0', '-log-level=WARNING']
2023-11-26 19:51:09;UNIUSDT;30m;2.0;150;30;78;100.0;3;108.59;['-batch-training', '-calc-rsi', '-verbose', '-prediction-mode=index', '-interval-list=30m', '-range-min-rsi=28', '-range-max-rsi=80', '-range-p-ema=50,250', '-target-margin-list=1.0,1.5,2.0,2.5,3.0,3.5,4.0,4.5,5.0', '-log-level=WARNING']
2023-11-26 20:01:31;UNIUSDT;30m;2.0;175;30;78;100.0;3;108.59;['-batch-training', '-calc-rsi', '-verbose', '-prediction-mode=index', '-interval-list=30m', '-range-min-rsi=28', '-range-max-rsi=80', '-range-p-ema=50,250', '-target-margin-list=1.0,1.5,2.0,2.5,3.0,3.5,4.0,4.5,5.0', '-log-level=WARNING']
2023-11-26 19:49:14;UNIUSDT;30m;1.5;150;36;72;100.0;4;108.6;['-batch-training', '-calc-rsi', '-verbose', '-prediction-mode=index', '-interval-list=30m', '-range-min-rsi=28', '-range-max-rsi=80', '-range-p-ema=50,250', '-target-margin-list=1.0,1.5,2.0,2.5,3.0,3.5,4.0,4.5,5.0', '-log-level=WARNING']
2023-11-26 20:27:44;UNIUSDT;30m;3.0;225;36;80;100.0;2;108.61;['-batch-training', '-calc-rsi', '-verbose', '-prediction-mode=index', '-interval-list=30m', '-range-min-rsi=28', '-range-max-rsi=80', '-range-p-ema=50,250', '-target-margin-list=1.0,1.5,2.0,2.5,3.0,3.5,4.0,4.5,5.0', '-log-level=WARNING']
2023-11-26 21:05:53;UNIUSDT;30m;2.0;75;32;72;100.0;3;108.64;['-batch-training', '-calc-rsi', '-verbose', '-prediction-mode=index', '-interval-list=30m', '-range-min-rsi=28', '-range-max-rsi=80', '-range-p-ema=50,250', '-target-margin-list=1.0,1.5,2.0,2.5,3.0,3.5,4.0,4.5,5.0', '-log-level=WARNING']
2023-11-26 19:38:54;UNIUSDT;30m;2.0;125;32;72;100.0;3;108.64;['-batch-training', '-calc-rsi', '-verbose', '-prediction-mode=index', '-interval-list=30m', '-range-min-rsi=28', '-range-max-rsi=80', '-range-p-ema=50,250', '-target-margin-list=1.0,1.5,2.0,2.5,3.0,3.5,4.0,4.5,5.0', '-log-level=WARNING']
2023-11-26 19:27:25;UNIUSDT;30m;2.0;100;32;72;100.0;3;108.64;['-batch-training', '-calc-rsi', '-verbose', '-prediction-mode=index', '-interval-list=30m', '-range-min-rsi=28', '-range-max-rsi=80', '-range-p-ema=50,250', '-target-margin-list=1.0,1.5,2.0,2.5,3.0,3.5,4.0,4.5,5.0', '-log-level=WARNING']
2023-11-26 20:50:44;UNIUSDT;30m;2.0;50;32;72;100.0;3;108.64;['-batch-training', '-calc-rsi', '-verbose', '-prediction-mode=index', '-interval-list=30m', '-range-min-rsi=28', '-range-max-rsi=80', '-range-p-ema=50,250', '-target-margin-list=1.0,1.5,2.0,2.5,3.0,3.5,4.0,4.5,5.0', '-log-level=WARNING']
2023-11-26 20:21:01;UNIUSDT;30m;1.0;225;34;74;100.0;4;108.64;['-batch-training', '-calc-rsi', '-verbose', '-prediction-mode=index', '-interval-list=30m', '-range-min-rsi=28', '-range-max-rsi=80', '-range-p-ema=50,250', '-target-margin-list=1.0,1.5,2.0,2.5,3.0,3.5,4.0,4.5,5.0', '-log-level=WARNING']
2023-11-26 20:20:44;UNIUSDT;30m;1.0;225;34;72;100.0;4;108.66;['-batch-training', '-calc-rsi', '-verbose', '-prediction-mode=index', '-interval-list=30m', '-range-min-rsi=28', '-range-max-rsi=80', '-range-p-ema=50,250', '-target-margin-list=1.0,1.5,2.0,2.5,3.0,3.5,4.0,4.5,5.0', '-log-level=WARNING']
2023-11-26 19:50:17;UNIUSDT;30m;1.5;150;36;80;100.0;4;108.67;['-batch-training', '-calc-rsi', '-verbose', '-prediction-mode=index', '-interval-list=30m', '-range-min-rsi=28', '-range-max-rsi=80', '-range-p-ema=50,250', '-target-margin-list=1.0,1.5,2.0,2.5,3.0,3.5,4.0,4.5,5.0', '-log-level=WARNING']
2023-11-26 20:12:12;UNIUSDT;30m;2.0;200;32;80;100.0;5;108.67;['-batch-training', '-calc-rsi', '-verbose', '-prediction-mode=index', '-interval-list=30m', '-range-min-rsi=28', '-range-max-rsi=80', '-range-p-ema=50,250', '-target-margin-list=1.0,1.5,2.0,2.5,3.0,3.5,4.0,4.5,5.0', '-log-level=WARNING']
2023-11-26 20:37:58;UNIUSDT;30m;2.0;250;32;80;100.0;5;108.67;['-batch-training', '-calc-rsi', '-verbose', '-prediction-mode=index', '-interval-list=30m', '-range-min-rsi=28', '-range-max-rsi=80', '-range-p-ema=50,250', '-target-margin-list=1.0,1.5,2.0,2.5,3.0,3.5,4.0,4.5,5.0', '-log-level=WARNING']
2023-11-26 20:24:45;UNIUSDT;30m;2.0;225;32;80;100.0;5;108.67;['-batch-training', '-calc-rsi', '-verbose', '-prediction-mode=index', '-interval-list=30m', '-range-min-rsi=28', '-range-max-rsi=80', '-range-p-ema=50,250', '-target-margin-list=1.0,1.5,2.0,2.5,3.0,3.5,4.0,4.5,5.0', '-log-level=WARNING']
2023-11-26 20:01:48;UNIUSDT;30m;2.0;175;32;80;100.0;5;108.67;['-batch-training', '-calc-rsi', '-verbose', '-prediction-mode=index', '-interval-list=30m', '-range-min-rsi=28', '-range-max-rsi=80', '-range-p-ema=50,250', '-target-margin-list=1.0,1.5,2.0,2.5,3.0,3.5,4.0,4.5,5.0', '-log-level=WARNING']
2023-11-26 19:51:28;UNIUSDT;30m;2.0;150;32;80;100.0;5;108.67;['-batch-training', '-calc-rsi', '-verbose', '-prediction-mode=index', '-interval-list=30m', '-range-min-rsi=28', '-range-max-rsi=80', '-range-p-ema=50,250', '-target-margin-list=1.0,1.5,2.0,2.5,3.0,3.5,4.0,4.5,5.0', '-log-level=WARNING']
2023-11-26 20:10:34;UNIUSDT;30m;1.5;200;30;78;100.0;2;108.68;['-batch-training', '-calc-rsi', '-verbose', '-prediction-mode=index', '-interval-list=30m', '-range-min-rsi=28', '-range-max-rsi=80', '-range-p-ema=50,250', '-target-margin-list=1.0,1.5,2.0,2.5,3.0,3.5,4.0,4.5,5.0', '-log-level=WARNING']
2023-11-26 20:00:23;UNIUSDT;30m;1.5;175;30;78;100.0;2;108.68;['-batch-training', '-calc-rsi', '-verbose', '-prediction-mode=index', '-interval-list=30m', '-range-min-rsi=28', '-range-max-rsi=80', '-range-p-ema=50,250', '-target-margin-list=1.0,1.5,2.0,2.5,3.0,3.5,4.0,4.5,5.0', '-log-level=WARNING']
2023-11-26 20:22:57;UNIUSDT;30m;1.5;225;30;78;100.0;2;108.68;['-batch-training', '-calc-rsi', '-verbose', '-prediction-mode=index', '-interval-list=30m', '-range-min-rsi=28', '-range-max-rsi=80', '-range-p-ema=50,250', '-target-margin-list=1.0,1.5,2.0,2.5,3.0,3.5,4.0,4.5,5.0', '-log-level=WARNING']
2023-11-26 19:48:12;UNIUSDT;30m;1.0;150;36;74;100.0;6;108.68;['-batch-training', '-calc-rsi', '-verbose', '-prediction-mode=index', '-interval-list=30m', '-range-min-rsi=28', '-range-max-rsi=80', '-range-p-ema=50,250', '-target-margin-list=1.0,1.5,2.0,2.5,3.0,3.5,4.0,4.5,5.0', '-log-level=WARNING']
2023-11-26 20:33:57;UNIUSDT;30m;1.0;250;28;74;100.0;3;108.68;['-batch-training', '-calc-rsi', '-verbose', '-prediction-mode=index', '-interval-list=30m', '-range-min-rsi=28', '-range-max-rsi=80', '-range-p-ema=50,250', '-target-margin-list=1.0,1.5,2.0,2.5,3.0,3.5,4.0,4.5,5.0', '-log-level=WARNING']
2023-11-26 20:30:39;UNIUSDT;30m;4.0;225;36;80;100.0;4;108.69;['-batch-training', '-calc-rsi', '-verbose', '-prediction-mode=index', '-interval-list=30m', '-range-min-rsi=28', '-range-max-rsi=80', '-range-p-ema=50,250', '-target-margin-list=1.0,1.5,2.0,2.5,3.0,3.5,4.0,4.5,5.0', '-log-level=WARNING']
2023-11-26 20:47:52;UNIUSDT;30m;1.0;50;32;74;100.0;6;108.69;['-batch-training', '-calc-rsi', '-verbose', '-prediction-mode=index', '-interval-list=30m', '-range-min-rsi=28', '-range-max-rsi=80', '-range-p-ema=50,250', '-target-margin-list=1.0,1.5,2.0,2.5,3.0,3.5,4.0,4.5,5.0', '-log-level=WARNING']
2023-11-26 21:02:41;UNIUSDT;30m;1.0;75;32;74;100.0;6;108.69;['-batch-training', '-calc-rsi', '-verbose', '-prediction-mode=index', '-interval-list=30m', '-range-min-rsi=28', '-range-max-rsi=80', '-range-p-ema=50,250', '-target-margin-list=1.0,1.5,2.0,2.5,3.0,3.5,4.0,4.5,5.0', '-log-level=WARNING']
2023-11-26 19:36:32;UNIUSDT;30m;1.0;125;32;74;100.0;6;108.69;['-batch-training', '-calc-rsi', '-verbose', '-prediction-mode=index', '-interval-list=30m', '-range-min-rsi=28', '-range-max-rsi=80', '-range-p-ema=50,250', '-target-margin-list=1.0,1.5,2.0,2.5,3.0,3.5,4.0,4.5,5.0', '-log-level=WARNING']
2023-11-26 20:33:53;UNIUSDT;30m;1.0;250;36;72;100.0;4;108.69;['-batch-training', '-calc-rsi', '-verbose', '-prediction-mode=index', '-interval-list=30m', '-range-min-rsi=28', '-range-max-rsi=80', '-range-p-ema=50,250', '-target-margin-list=1.0,1.5,2.0,2.5,3.0,3.5,4.0,4.5,5.0', '-log-level=WARNING']
2023-11-26 19:25:04;UNIUSDT;30m;1.0;100;32;74;100.0;6;108.69;['-batch-training', '-calc-rsi', '-verbose', '-prediction-mode=index', '-interval-list=30m', '-range-min-rsi=28', '-range-max-rsi=80', '-range-p-ema=50,250', '-target-margin-list=1.0,1.5,2.0,2.5,3.0,3.5,4.0,4.5,5.0', '-log-level=WARNING']
2023-11-26 20:22:46;UNIUSDT;30m;1.5;225;34;76;100.0;4;108.72;['-batch-training', '-calc-rsi', '-verbose', '-prediction-mode=index', '-interval-list=30m', '-range-min-rsi=28', '-range-max-rsi=80', '-range-p-ema=50,250', '-target-margin-list=1.0,1.5,2.0,2.5,3.0,3.5,4.0,4.5,5.0', '-log-level=WARNING']
2023-11-26 20:20:40;UNIUSDT;30m;1.0;225;32;72;100.0;2;108.72;['-batch-training', '-calc-rsi', '-verbose', '-prediction-mode=index', '-interval-list=30m', '-range-min-rsi=28', '-range-max-rsi=80', '-range-p-ema=50,250', '-target-margin-list=1.0,1.5,2.0,2.5,3.0,3.5,4.0,4.5,5.0', '-log-level=WARNING']
2023-11-26 20:06:42;UNIUSDT;30m;4.5;175;34;74;100.0;3;108.74;['-batch-training', '-calc-rsi', '-verbose', '-prediction-mode=index', '-interval-list=30m', '-range-min-rsi=28', '-range-max-rsi=80', '-range-p-ema=50,250', '-target-margin-list=1.0,1.5,2.0,2.5,3.0,3.5,4.0,4.5,5.0', '-log-level=WARNING']
2023-11-26 20:18:13;UNIUSDT;30m;4.5;200;34;74;100.0;3;108.74;['-batch-training', '-calc-rsi', '-verbose', '-prediction-mode=index', '-interval-list=30m', '-range-min-rsi=28', '-range-max-rsi=80', '-range-p-ema=50,250', '-target-margin-list=1.0,1.5,2.0,2.5,3.0,3.5,4.0,4.5,5.0', '-log-level=WARNING']
2023-11-26 19:56:37;UNIUSDT;30m;4.5;150;34;74;100.0;3;108.74;['-batch-training', '-calc-rsi', '-verbose', '-prediction-mode=index', '-interval-list=30m', '-range-min-rsi=28', '-range-max-rsi=80', '-range-p-ema=50,250', '-target-margin-list=1.0,1.5,2.0,2.5,3.0,3.5,4.0,4.5,5.0', '-log-level=WARNING']
2023-11-26 20:00:54;UNIUSDT;30m;2.0;175;32;72;100.0;6;108.75;['-batch-training', '-calc-rsi', '-verbose', '-prediction-mode=index', '-interval-list=30m', '-range-min-rsi=28', '-range-max-rsi=80', '-range-p-ema=50,250', '-target-margin-list=1.0,1.5,2.0,2.5,3.0,3.5,4.0,4.5,5.0', '-log-level=WARNING']
2023-11-26 19:50:26;UNIUSDT;30m;2.0;150;32;72;100.0;6;108.75;['-batch-training', '-calc-rsi', '-verbose', '-prediction-mode=index', '-interval-list=30m', '-range-min-rsi=28', '-range-max-rsi=80', '-range-p-ema=50,250', '-target-margin-list=1.0,1.5,2.0,2.5,3.0,3.5,4.0,4.5,5.0', '-log-level=WARNING']
2023-11-26 20:35:42;UNIUSDT;30m;1.5;250;36;74;100.0;4;108.75;['-batch-training', '-calc-rsi', '-verbose', '-prediction-mode=index', '-interval-list=30m', '-range-min-rsi=28', '-range-max-rsi=80', '-range-p-ema=50,250', '-target-margin-list=1.0,1.5,2.0,2.5,3.0,3.5,4.0,4.5,5.0', '-log-level=WARNING']
2023-11-26 19:37:20;UNIUSDT;30m;1.0;125;32;80;100.0;6;108.77;['-batch-training', '-calc-rsi', '-verbose', '-prediction-mode=index', '-interval-list=30m', '-range-min-rsi=28', '-range-max-rsi=80', '-range-p-ema=50,250', '-target-margin-list=1.0,1.5,2.0,2.5,3.0,3.5,4.0,4.5,5.0', '-log-level=WARNING']
2023-11-26 21:03:44;UNIUSDT;30m;1.0;75;32;80;100.0;6;108.77;['-batch-training', '-calc-rsi', '-verbose', '-prediction-mode=index', '-interval-list=30m', '-range-min-rsi=28', '-range-max-rsi=80', '-range-p-ema=50,250', '-target-margin-list=1.0,1.5,2.0,2.5,3.0,3.5,4.0,4.5,5.0', '-log-level=WARNING']
2023-11-26 19:25:52;UNIUSDT;30m;1.0;100;32;80;100.0;6;108.77;['-batch-training', '-calc-rsi', '-verbose', '-prediction-mode=index', '-interval-list=30m', '-range-min-rsi=28', '-range-max-rsi=80', '-range-p-ema=50,250', '-target-margin-list=1.0,1.5,2.0,2.5,3.0,3.5,4.0,4.5,5.0', '-log-level=WARNING']
2023-11-26 20:48:49;UNIUSDT;30m;1.0;50;32;80;100.0;6;108.77;['-batch-training', '-calc-rsi', '-verbose', '-prediction-mode=index', '-interval-list=30m', '-range-min-rsi=28', '-range-max-rsi=80', '-range-p-ema=50,250', '-target-margin-list=1.0,1.5,2.0,2.5,3.0,3.5,4.0,4.5,5.0', '-log-level=WARNING']
2023-11-26 20:36:25;UNIUSDT;30m;1.5;250;30;80;100.0;5;108.78;['-batch-training', '-calc-rsi', '-verbose', '-prediction-mode=index', '-interval-list=30m', '-range-min-rsi=28', '-range-max-rsi=80', '-range-p-ema=50,250', '-target-margin-list=1.0,1.5,2.0,2.5,3.0,3.5,4.0,4.5,5.0', '-log-level=WARNING']
2023-11-26 19:26:01;UNIUSDT;30m;1.5;100;28;72;100.0;2;108.79;['-batch-training', '-calc-rsi', '-verbose', '-prediction-mode=index', '-interval-list=30m', '-range-min-rsi=28', '-range-max-rsi=80', '-range-p-ema=50,250', '-target-margin-list=1.0,1.5,2.0,2.5,3.0,3.5,4.0,4.5,5.0', '-log-level=WARNING']
2023-11-26 20:49:01;UNIUSDT;30m;1.5;50;28;72;100.0;2;108.79;['-batch-training', '-calc-rsi', '-verbose', '-prediction-mode=index', '-interval-list=30m', '-range-min-rsi=28', '-range-max-rsi=80', '-range-p-ema=50,250', '-target-margin-list=1.0,1.5,2.0,2.5,3.0,3.5,4.0,4.5,5.0', '-log-level=WARNING']
2023-11-26 19:59:40;UNIUSDT;30m;1.5;175;28;72;100.0;2;108.79;['-batch-training', '-calc-rsi', '-verbose', '-prediction-mode=index', '-interval-list=30m', '-range-min-rsi=28', '-range-max-rsi=80', '-range-p-ema=50,250', '-target-margin-list=1.0,1.5,2.0,2.5,3.0,3.5,4.0,4.5,5.0', '-log-level=WARNING']
2023-11-26 19:50:47;UNIUSDT;30m;2.0;150;36;74;100.0;3;108.79;['-batch-training', '-calc-rsi', '-verbose', '-prediction-mode=index', '-interval-list=30m', '-range-min-rsi=28', '-range-max-rsi=80', '-range-p-ema=50,250', '-target-margin-list=1.0,1.5,2.0,2.5,3.0,3.5,4.0,4.5,5.0', '-log-level=WARNING']
2023-11-26 21:03:57;UNIUSDT;30m;1.5;75;28;72;100.0;2;108.79;['-batch-training', '-calc-rsi', '-verbose', '-prediction-mode=index', '-interval-list=30m', '-range-min-rsi=28', '-range-max-rsi=80', '-range-p-ema=50,250', '-target-margin-list=1.0,1.5,2.0,2.5,3.0,3.5,4.0,4.5,5.0', '-log-level=WARNING']
2023-11-26 19:48:59;UNIUSDT;30m;1.0;150;36;80;100.0;5;108.79;['-batch-training', '-calc-rsi', '-verbose', '-prediction-mode=index', '-interval-list=30m', '-range-min-rsi=28', '-range-max-rsi=80', '-range-p-ema=50,250', '-target-margin-list=1.0,1.5,2.0,2.5,3.0,3.5,4.0,4.5,5.0', '-log-level=WARNING']
2023-11-26 20:37:55;UNIUSDT;30m;2.0;250;30;80;100.0;3;108.79;['-batch-training', '-calc-rsi', '-verbose', '-prediction-mode=index', '-interval-list=30m', '-range-min-rsi=28', '-range-max-rsi=80', '-range-p-ema=50,250', '-target-margin-list=1.0,1.5,2.0,2.5,3.0,3.5,4.0,4.5,5.0', '-log-level=WARNING']
2023-11-26 20:09:45;UNIUSDT;30m;1.5;200;28;72;100.0;2;108.79;['-batch-training', '-calc-rsi', '-verbose', '-prediction-mode=index', '-interval-list=30m', '-range-min-rsi=28', '-range-max-rsi=80', '-range-p-ema=50,250', '-target-margin-list=1.0,1.5,2.0,2.5,3.0,3.5,4.0,4.5,5.0', '-log-level=WARNING']
2023-11-26 19:37:30;UNIUSDT;30m;1.5;125;28;72;100.0;2;108.79;['-batch-training', '-calc-rsi', '-verbose', '-prediction-mode=index', '-interval-list=30m', '-range-min-rsi=28', '-range-max-rsi=80', '-range-p-ema=50,250', '-target-margin-list=1.0,1.5,2.0,2.5,3.0,3.5,4.0,4.5,5.0', '-log-level=WARNING']
2023-11-26 19:49:02;UNIUSDT;30m;1.5;150;28;72;100.0;2;108.79;['-batch-training', '-calc-rsi', '-verbose', '-prediction-mode=index', '-interval-list=30m', '-range-min-rsi=28', '-range-max-rsi=80', '-range-p-ema=50,250', '-target-margin-list=1.0,1.5,2.0,2.5,3.0,3.5,4.0,4.5,5.0', '-log-level=WARNING']
2023-11-26 21:05:53;UNIUSDT;30m;2.0;75;32;72;100.0;4;108.8;['-batch-training', '-calc-rsi', '-verbose', '-prediction-mode=index', '-interval-list=30m', '-range-min-rsi=28', '-range-max-rsi=80', '-range-p-ema=50,250', '-target-margin-list=1.0,1.5,2.0,2.5,3.0,3.5,4.0,4.5,5.0', '-log-level=WARNING']
2023-11-26 19:27:25;UNIUSDT;30m;2.0;100;32;72;100.0;4;108.8;['-batch-training', '-calc-rsi', '-verbose', '-prediction-mode=index', '-interval-list=30m', '-range-min-rsi=28', '-range-max-rsi=80', '-range-p-ema=50,250', '-target-margin-list=1.0,1.5,2.0,2.5,3.0,3.5,4.0,4.5,5.0', '-log-level=WARNING']
2023-11-26 20:50:44;UNIUSDT;30m;2.0;50;32;72;100.0;4;108.8;['-batch-training', '-calc-rsi', '-verbose', '-prediction-mode=index', '-interval-list=30m', '-range-min-rsi=28', '-range-max-rsi=80', '-range-p-ema=50,250', '-target-margin-list=1.0,1.5,2.0,2.5,3.0,3.5,4.0,4.5,5.0', '-log-level=WARNING']
2023-11-26 19:38:54;UNIUSDT;30m;2.0;125;32;72;100.0;4;108.8;['-batch-training', '-calc-rsi', '-verbose', '-prediction-mode=index', '-interval-list=30m', '-range-min-rsi=28', '-range-max-rsi=80', '-range-p-ema=50,250', '-target-margin-list=1.0,1.5,2.0,2.5,3.0,3.5,4.0,4.5,5.0', '-log-level=WARNING']
2023-11-26 20:34:48;UNIUSDT;30m;1.0;250;36;78;100.0;2;108.84;['-batch-training', '-calc-rsi', '-verbose', '-prediction-mode=index', '-interval-list=30m', '-range-min-rsi=28', '-range-max-rsi=80', '-range-p-ema=50,250', '-target-margin-list=1.0,1.5,2.0,2.5,3.0,3.5,4.0,4.5,5.0', '-log-level=WARNING']
2023-11-26 21:07:17;UNIUSDT;30m;2.0;75;30;80;100.0;2;108.84;['-batch-training', '-calc-rsi', '-verbose', '-prediction-mode=index', '-interval-list=30m', '-range-min-rsi=28', '-range-max-rsi=80', '-range-p-ema=50,250', '-target-margin-list=1.0,1.5,2.0,2.5,3.0,3.5,4.0,4.5,5.0', '-log-level=WARNING']
2023-11-26 20:51:59;UNIUSDT;30m;2.0;50;30;80;100.0;2;108.84;['-batch-training', '-calc-rsi', '-verbose', '-prediction-mode=index', '-interval-list=30m', '-range-min-rsi=28', '-range-max-rsi=80', '-range-p-ema=50,250', '-target-margin-list=1.0,1.5,2.0,2.5,3.0,3.5,4.0,4.5,5.0', '-log-level=WARNING']
2023-11-26 19:39:53;UNIUSDT;30m;2.0;125;30;80;100.0;2;108.84;['-batch-training', '-calc-rsi', '-verbose', '-prediction-mode=index', '-interval-list=30m', '-range-min-rsi=28', '-range-max-rsi=80', '-range-p-ema=50,250', '-target-margin-list=1.0,1.5,2.0,2.5,3.0,3.5,4.0,4.5,5.0', '-log-level=WARNING']
2023-11-26 19:28:23;UNIUSDT;30m;2.0;100;30;80;100.0;2;108.84;['-batch-training', '-calc-rsi', '-verbose', '-prediction-mode=index', '-interval-list=30m', '-range-min-rsi=28', '-range-max-rsi=80', '-range-p-ema=50,250', '-target-margin-list=1.0,1.5,2.0,2.5,3.0,3.5,4.0,4.5,5.0', '-log-level=WARNING']
2023-11-26 19:51:25;UNIUSDT;30m;2.0;150;30;80;100.0;2;108.84;['-batch-training', '-calc-rsi', '-verbose', '-prediction-mode=index', '-interval-list=30m', '-range-min-rsi=28', '-range-max-rsi=80', '-range-p-ema=50,250', '-target-margin-list=1.0,1.5,2.0,2.5,3.0,3.5,4.0,4.5,5.0', '-log-level=WARNING']
2023-11-26 20:34:31;UNIUSDT;30m;1.0;250;36;76;100.0;6;108.85;['-batch-training', '-calc-rsi', '-verbose', '-prediction-mode=index', '-interval-list=30m', '-range-min-rsi=28', '-range-max-rsi=80', '-range-p-ema=50,250', '-target-margin-list=1.0,1.5,2.0,2.5,3.0,3.5,4.0,4.5,5.0', '-log-level=WARNING']
2023-11-26 21:05:31;UNIUSDT;30m;1.5;75;32;80;100.0;2;108.85;['-batch-training', '-calc-rsi', '-verbose', '-prediction-mode=index', '-interval-list=30m', '-range-min-rsi=28', '-range-max-rsi=80', '-range-p-ema=50,250', '-target-margin-list=1.0,1.5,2.0,2.5,3.0,3.5,4.0,4.5,5.0', '-log-level=WARNING']
2023-11-26 19:38:39;UNIUSDT;30m;1.5;125;32;80;100.0;2;108.85;['-batch-training', '-calc-rsi', '-verbose', '-prediction-mode=index', '-interval-list=30m', '-range-min-rsi=28', '-range-max-rsi=80', '-range-p-ema=50,250', '-target-margin-list=1.0,1.5,2.0,2.5,3.0,3.5,4.0,4.5,5.0', '-log-level=WARNING']
2023-11-26 20:23:07;UNIUSDT;30m;1.5;225;36;78;100.0;6;108.85;['-batch-training', '-calc-rsi', '-verbose', '-prediction-mode=index', '-interval-list=30m', '-range-min-rsi=28', '-range-max-rsi=80', '-range-p-ema=50,250', '-target-margin-list=1.0,1.5,2.0,2.5,3.0,3.5,4.0,4.5,5.0', '-log-level=WARNING']
2023-11-26 19:27:10;UNIUSDT;30m;1.5;100;32;80;100.0;2;108.85;['-batch-training', '-calc-rsi', '-verbose', '-prediction-mode=index', '-interval-list=30m', '-range-min-rsi=28', '-range-max-rsi=80', '-range-p-ema=50,250', '-target-margin-list=1.0,1.5,2.0,2.5,3.0,3.5,4.0,4.5,5.0', '-log-level=WARNING']
2023-11-26 20:50:26;UNIUSDT;30m;1.5;50;32;80;100.0;2;108.85;['-batch-training', '-calc-rsi', '-verbose', '-prediction-mode=index', '-interval-list=30m', '-range-min-rsi=28', '-range-max-rsi=80', '-range-p-ema=50,250', '-target-margin-list=1.0,1.5,2.0,2.5,3.0,3.5,4.0,4.5,5.0', '-log-level=WARNING']
2023-11-26 20:02:41;UNIUSDT;30m;2.5;175;32;78;100.0;2;108.86;['-batch-training', '-calc-rsi', '-verbose', '-prediction-mode=index', '-interval-list=30m', '-range-min-rsi=28', '-range-max-rsi=80', '-range-p-ema=50,250', '-target-margin-list=1.0,1.5,2.0,2.5,3.0,3.5,4.0,4.5,5.0', '-log-level=WARNING']
2023-11-26 20:49:35;UNIUSDT;30m;1.5;50;36;74;100.0;3;108.86;['-batch-training', '-calc-rsi', '-verbose', '-prediction-mode=index', '-interval-list=30m', '-range-min-rsi=28', '-range-max-rsi=80', '-range-p-ema=50,250', '-target-margin-list=1.0,1.5,2.0,2.5,3.0,3.5,4.0,4.5,5.0', '-log-level=WARNING']
2023-11-26 21:04:35;UNIUSDT;30m;1.5;75;36;74;100.0;3;108.86;['-batch-training', '-calc-rsi', '-verbose', '-prediction-mode=index', '-interval-list=30m', '-range-min-rsi=28', '-range-max-rsi=80', '-range-p-ema=50,250', '-target-margin-list=1.0,1.5,2.0,2.5,3.0,3.5,4.0,4.5,5.0', '-log-level=WARNING']
2023-11-26 19:58:50;UNIUSDT;30m;1.0;175;32;74;100.0;4;108.86;['-batch-training', '-calc-rsi', '-verbose', '-prediction-mode=index', '-interval-list=30m', '-range-min-rsi=28', '-range-max-rsi=80', '-range-p-ema=50,250', '-target-margin-list=1.0,1.5,2.0,2.5,3.0,3.5,4.0,4.5,5.0', '-log-level=WARNING']
2023-11-26 19:26:29;UNIUSDT;30m;1.5;100;36;74;100.0;3;108.86;['-batch-training', '-calc-rsi', '-verbose', '-prediction-mode=index', '-interval-list=30m', '-range-min-rsi=28', '-range-max-rsi=80', '-range-p-ema=50,250', '-target-margin-list=1.0,1.5,2.0,2.5,3.0,3.5,4.0,4.5,5.0', '-log-level=WARNING']
2023-11-26 19:37:58;UNIUSDT;30m;1.5;125;36;74;100.0;3;108.86;['-batch-training', '-calc-rsi', '-verbose', '-prediction-mode=index', '-interval-list=30m', '-range-min-rsi=28', '-range-max-rsi=80', '-range-p-ema=50,250', '-target-margin-list=1.0,1.5,2.0,2.5,3.0,3.5,4.0,4.5,5.0', '-log-level=WARNING']
2023-11-26 19:50:56;UNIUSDT;30m;2.0;150;32;76;100.0;2;108.87;['-batch-training', '-calc-rsi', '-verbose', '-prediction-mode=index', '-interval-list=30m', '-range-min-rsi=28', '-range-max-rsi=80', '-range-p-ema=50,250', '-target-margin-list=1.0,1.5,2.0,2.5,3.0,3.5,4.0,4.5,5.0', '-log-level=WARNING']
2023-11-26 20:20:58;UNIUSDT;30m;1.0;225;32;74;100.0;4;108.87;['-batch-training', '-calc-rsi', '-verbose', '-prediction-mode=index', '-interval-list=30m', '-range-min-rsi=28', '-range-max-rsi=80', '-range-p-ema=50,250', '-target-margin-list=1.0,1.5,2.0,2.5,3.0,3.5,4.0,4.5,5.0', '-log-level=WARNING']
2023-11-26 20:08:52;UNIUSDT;30m;1.0;200;32;74;100.0;4;108.87;['-batch-training', '-calc-rsi', '-verbose', '-prediction-mode=index', '-interval-list=30m', '-range-min-rsi=28', '-range-max-rsi=80', '-range-p-ema=50,250', '-target-margin-list=1.0,1.5,2.0,2.5,3.0,3.5,4.0,4.5,5.0', '-log-level=WARNING']
2023-11-26 19:45:04;UNIUSDT;30m;4.0;125;34;80;100.0;4;108.87;['-batch-training', '-calc-rsi', '-verbose', '-prediction-mode=index', '-interval-list=30m', '-range-min-rsi=28', '-range-max-rsi=80', '-range-p-ema=50,250', '-target-margin-list=1.0,1.5,2.0,2.5,3.0,3.5,4.0,4.5,5.0', '-log-level=WARNING']
2023-11-26 20:58:42;UNIUSDT;30m;4.0;50;34;80;100.0;4;108.87;['-batch-training', '-calc-rsi', '-verbose', '-prediction-mode=index', '-interval-list=30m', '-range-min-rsi=28', '-range-max-rsi=80', '-range-p-ema=50,250', '-target-margin-list=1.0,1.5,2.0,2.5,3.0,3.5,4.0,4.5,5.0', '-log-level=WARNING']
2023-11-26 21:14:24;UNIUSDT;30m;4.0;75;34;80;100.0;4;108.87;['-batch-training', '-calc-rsi', '-verbose', '-prediction-mode=index', '-interval-list=30m', '-range-min-rsi=28', '-range-max-rsi=80', '-range-p-ema=50,250', '-target-margin-list=1.0,1.5,2.0,2.5,3.0,3.5,4.0,4.5,5.0', '-log-level=WARNING']
2023-11-26 19:33:31;UNIUSDT;30m;4.0;100;34;80;100.0;4;108.87;['-batch-training', '-calc-rsi', '-verbose', '-prediction-mode=index', '-interval-list=30m', '-range-min-rsi=28', '-range-max-rsi=80', '-range-p-ema=50,250', '-target-margin-list=1.0,1.5,2.0,2.5,3.0,3.5,4.0,4.5,5.0', '-log-level=WARNING']
2023-11-26 19:25:48;UNIUSDT;30m;1.0;100;30;80;100.0;3;108.88;['-batch-training', '-calc-rsi', '-verbose', '-prediction-mode=index', '-interval-list=30m', '-range-min-rsi=28', '-range-max-rsi=80', '-range-p-ema=50,250', '-target-margin-list=1.0,1.5,2.0,2.5,3.0,3.5,4.0,4.5,5.0', '-log-level=WARNING']
2023-11-26 19:37:17;UNIUSDT;30m;1.0;125;30;80;100.0;3;108.88;['-batch-training', '-calc-rsi', '-verbose', '-prediction-mode=index', '-interval-list=30m', '-range-min-rsi=28', '-range-max-rsi=80', '-range-p-ema=50,250', '-target-margin-list=1.0,1.5,2.0,2.5,3.0,3.5,4.0,4.5,5.0', '-log-level=WARNING']
2023-11-26 20:00:04;UNIUSDT;30m;1.5;175;36;74;100.0;4;108.88;['-batch-training', '-calc-rsi', '-verbose', '-prediction-mode=index', '-interval-list=30m', '-range-min-rsi=28', '-range-max-rsi=80', '-range-p-ema=50,250', '-target-margin-list=1.0,1.5,2.0,2.5,3.0,3.5,4.0,4.5,5.0', '-log-level=WARNING']
2023-11-26 19:48:49;UNIUSDT;30m;1.0;150;30;80;100.0;3;108.88;['-batch-training', '-calc-rsi', '-verbose', '-prediction-mode=index', '-interval-list=30m', '-range-min-rsi=28', '-range-max-rsi=80', '-range-p-ema=50,250', '-target-margin-list=1.0,1.5,2.0,2.5,3.0,3.5,4.0,4.5,5.0', '-log-level=WARNING']
2023-11-26 21:03:40;UNIUSDT;30m;1.0;75;30;80;100.0;3;108.88;['-batch-training', '-calc-rsi', '-verbose', '-prediction-mode=index', '-interval-list=30m', '-range-min-rsi=28', '-range-max-rsi=80', '-range-p-ema=50,250', '-target-margin-list=1.0,1.5,2.0,2.5,3.0,3.5,4.0,4.5,5.0', '-log-level=WARNING']
2023-11-26 20:48:45;UNIUSDT;30m;1.0;50;30;80;100.0;3;108.88;['-batch-training', '-calc-rsi', '-verbose', '-prediction-mode=index', '-interval-list=30m', '-range-min-rsi=28', '-range-max-rsi=80', '-range-p-ema=50,250', '-target-margin-list=1.0,1.5,2.0,2.5,3.0,3.5,4.0,4.5,5.0', '-log-level=WARNING']
2023-11-26 20:09:10;UNIUSDT;30m;1.0;200;34;76;100.0;5;108.89;['-batch-training', '-calc-rsi', '-verbose', '-prediction-mode=index', '-interval-list=30m', '-range-min-rsi=28', '-range-max-rsi=80', '-range-p-ema=50,250', '-target-margin-list=1.0,1.5,2.0,2.5,3.0,3.5,4.0,4.5,5.0', '-log-level=WARNING']
2023-11-26 20:10:12;UNIUSDT;30m;1.5;200;36;74;100.0;4;108.9;['-batch-training', '-calc-rsi', '-verbose', '-prediction-mode=index', '-interval-list=30m', '-range-min-rsi=28', '-range-max-rsi=80', '-range-p-ema=50,250', '-target-margin-list=1.0,1.5,2.0,2.5,3.0,3.5,4.0,4.5,5.0', '-log-level=WARNING']
2023-11-26 20:20:40;UNIUSDT;30m;1.0;225;32;72;100.0;4;108.9;['-batch-training', '-calc-rsi', '-verbose', '-prediction-mode=index', '-interval-list=30m', '-range-min-rsi=28', '-range-max-rsi=80', '-range-p-ema=50,250', '-target-margin-list=1.0,1.5,2.0,2.5,3.0,3.5,4.0,4.5,5.0', '-log-level=WARNING']
2023-11-26 20:09:42;UNIUSDT;30m;1.0;200;36;80;100.0;6;108.91;['-batch-training', '-calc-rsi', '-verbose', '-prediction-mode=index', '-interval-list=30m', '-range-min-rsi=28', '-range-max-rsi=80', '-range-p-ema=50,250', '-target-margin-list=1.0,1.5,2.0,2.5,3.0,3.5,4.0,4.5,5.0', '-log-level=WARNING']
2023-11-26 20:12:35;UNIUSDT;30m;2.5;200;36;72;100.0;2;108.91;['-batch-training', '-calc-rsi', '-verbose', '-prediction-mode=index', '-interval-list=30m', '-range-min-rsi=28', '-range-max-rsi=80', '-range-p-ema=50,250', '-target-margin-list=1.0,1.5,2.0,2.5,3.0,3.5,4.0,4.5,5.0', '-log-level=WARNING']
2023-11-26 20:34:12;UNIUSDT;30m;1.0;250;36;74;100.0;6;108.95;['-batch-training', '-calc-rsi', '-verbose', '-prediction-mode=index', '-interval-list=30m', '-range-min-rsi=28', '-range-max-rsi=80', '-range-p-ema=50,250', '-target-margin-list=1.0,1.5,2.0,2.5,3.0,3.5,4.0,4.5,5.0', '-log-level=WARNING']
2023-11-26 20:21:54;UNIUSDT;30m;1.0;225;34;80;100.0;7;108.95;['-batch-training', '-calc-rsi', '-verbose', '-prediction-mode=index', '-interval-list=30m', '-range-min-rsi=28', '-range-max-rsi=80', '-range-p-ema=50,250', '-target-margin-list=1.0,1.5,2.0,2.5,3.0,3.5,4.0,4.5,5.0', '-log-level=WARNING']
2023-11-26 19:52:34;UNIUSDT;30m;2.5;150;36;78;100.0;3;108.95;['-batch-training', '-calc-rsi', '-verbose', '-prediction-mode=index', '-interval-list=30m', '-range-min-rsi=28', '-range-max-rsi=80', '-range-p-ema=50,250', '-target-margin-list=1.0,1.5,2.0,2.5,3.0,3.5,4.0,4.5,5.0', '-log-level=WARNING']
2023-11-26 20:34:12;UNIUSDT;30m;1.0;250;36;74;100.0;4;108.97;['-batch-training', '-calc-rsi', '-verbose', '-prediction-mode=index', '-interval-list=30m', '-range-min-rsi=28', '-range-max-rsi=80', '-range-p-ema=50,250', '-target-margin-list=1.0,1.5,2.0,2.5,3.0,3.5,4.0,4.5,5.0', '-log-level=WARNING']
2023-11-26 19:52:17;UNIUSDT;30m;2.5;150;34;76;100.0;2;108.97;['-batch-training', '-calc-rsi', '-verbose', '-prediction-mode=index', '-interval-list=30m', '-range-min-rsi=28', '-range-max-rsi=80', '-range-p-ema=50,250', '-target-margin-list=1.0,1.5,2.0,2.5,3.0,3.5,4.0,4.5,5.0', '-log-level=WARNING']
2023-11-26 20:40:40;UNIUSDT;30m;3.0;250;30;78;100.0;4;108.97;['-batch-training', '-calc-rsi', '-verbose', '-prediction-mode=index', '-interval-list=30m', '-range-min-rsi=28', '-range-max-rsi=80', '-range-p-ema=50,250', '-target-margin-list=1.0,1.5,2.0,2.5,3.0,3.5,4.0,4.5,5.0', '-log-level=WARNING']
2023-11-26 20:21:01;UNIUSDT;30m;1.0;225;34;74;100.0;6;108.97;['-batch-training', '-calc-rsi', '-verbose', '-prediction-mode=index', '-interval-list=30m', '-range-min-rsi=28', '-range-max-rsi=80', '-range-p-ema=50,250', '-target-margin-list=1.0,1.5,2.0,2.5,3.0,3.5,4.0,4.5,5.0', '-log-level=WARNING']
2023-11-26 19:40:02;UNIUSDT;30m;2.0;125;36;80;100.0;2;108.98;['-batch-training', '-calc-rsi', '-verbose', '-prediction-mode=index', '-interval-list=30m', '-range-min-rsi=28', '-range-max-rsi=80', '-range-p-ema=50,250', '-target-margin-list=1.0,1.5,2.0,2.5,3.0,3.5,4.0,4.5,5.0', '-log-level=WARNING']
2023-11-26 20:48:38;UNIUSDT;30m;1.0;50;36;78;100.0;7;108.98;['-batch-training', '-calc-rsi', '-verbose', '-prediction-mode=index', '-interval-list=30m', '-range-min-rsi=28', '-range-max-rsi=80', '-range-p-ema=50,250', '-target-margin-list=1.0,1.5,2.0,2.5,3.0,3.5,4.0,4.5,5.0', '-log-level=WARNING']
2023-11-26 19:28:34;UNIUSDT;30m;2.0;100;36;80;100.0;2;108.98;['-batch-training', '-calc-rsi', '-verbose', '-prediction-mode=index', '-interval-list=30m', '-range-min-rsi=28', '-range-max-rsi=80', '-range-p-ema=50,250', '-target-margin-list=1.0,1.5,2.0,2.5,3.0,3.5,4.0,4.5,5.0', '-log-level=WARNING']
2023-11-26 20:36:47;UNIUSDT;30m;2.0;250;32;72;100.0;6;108.98;['-batch-training', '-calc-rsi', '-verbose', '-prediction-mode=index', '-interval-list=30m', '-range-min-rsi=28', '-range-max-rsi=80', '-range-p-ema=50,250', '-target-margin-list=1.0,1.5,2.0,2.5,3.0,3.5,4.0,4.5,5.0', '-log-level=WARNING']
2023-11-26 21:03:32;UNIUSDT;30m;1.0;75;36;78;100.0;7;108.98;['-batch-training', '-calc-rsi', '-verbose', '-prediction-mode=index', '-interval-list=30m', '-range-min-rsi=28', '-range-max-rsi=80', '-range-p-ema=50,250', '-target-margin-list=1.0,1.5,2.0,2.5,3.0,3.5,4.0,4.5,5.0', '-log-level=WARNING']
2023-11-26 19:59:17;UNIUSDT;30m;1.0;175;32;78;100.0;6;109.01;['-batch-training', '-calc-rsi', '-verbose', '-prediction-mode=index', '-interval-list=30m', '-range-min-rsi=28', '-range-max-rsi=80', '-range-p-ema=50,250', '-target-margin-list=1.0,1.5,2.0,2.5,3.0,3.5,4.0,4.5,5.0', '-log-level=WARNING']
2023-11-26 20:34:38;UNIUSDT;30m;1.0;250;30;78;100.0;3;109.01;['-batch-training', '-calc-rsi', '-verbose', '-prediction-mode=index', '-interval-list=30m', '-range-min-rsi=28', '-range-max-rsi=80', '-range-p-ema=50,250', '-target-margin-list=1.0,1.5,2.0,2.5,3.0,3.5,4.0,4.5,5.0', '-log-level=WARNING']
2023-11-26 20:34:56;UNIUSDT;30m;1.0;250;30;80;100.0;5;109.02;['-batch-training', '-calc-rsi', '-verbose', '-prediction-mode=index', '-interval-list=30m', '-range-min-rsi=28', '-range-max-rsi=80', '-range-p-ema=50,250', '-target-margin-list=1.0,1.5,2.0,2.5,3.0,3.5,4.0,4.5,5.0', '-log-level=WARNING']
2023-11-26 20:21:33;UNIUSDT;30m;1.0;225;32;78;100.0;6;109.03;['-batch-training', '-calc-rsi', '-verbose', '-prediction-mode=index', '-interval-list=30m', '-range-min-rsi=28', '-range-max-rsi=80', '-range-p-ema=50,250', '-target-margin-list=1.0,1.5,2.0,2.5,3.0,3.5,4.0,4.5,5.0', '-log-level=WARNING']
2023-11-26 20:09:21;UNIUSDT;30m;1.0;200;32;78;100.0;6;109.03;['-batch-training', '-calc-rsi', '-verbose', '-prediction-mode=index', '-interval-list=30m', '-range-min-rsi=28', '-range-max-rsi=80', '-range-p-ema=50,250', '-target-margin-list=1.0,1.5,2.0,2.5,3.0,3.5,4.0,4.5,5.0', '-log-level=WARNING']
2023-11-26 20:23:25;UNIUSDT;30m;1.5;225;36;80;100.0;7;109.04;['-batch-training', '-calc-rsi', '-verbose', '-prediction-mode=index', '-interval-list=30m', '-range-min-rsi=28', '-range-max-rsi=80', '-range-p-ema=50,250', '-target-margin-list=1.0,1.5,2.0,2.5,3.0,3.5,4.0,4.5,5.0', '-log-level=WARNING']
2023-11-26 20:34:27;UNIUSDT;30m;1.0;250;34;76;100.0;3;109.06;['-batch-training', '-calc-rsi', '-verbose', '-prediction-mode=index', '-interval-list=30m', '-range-min-rsi=28', '-range-max-rsi=80', '-range-p-ema=50,250', '-target-margin-list=1.0,1.5,2.0,2.5,3.0,3.5,4.0,4.5,5.0', '-log-level=WARNING']
2023-11-26 20:35:50;UNIUSDT;30m;1.5;250;30;76;100.0;4;109.07;['-batch-training', '-calc-rsi', '-verbose', '-prediction-mode=index', '-interval-list=30m', '-range-min-rsi=28', '-range-max-rsi=80', '-range-p-ema=50,250', '-target-margin-list=1.0,1.5,2.0,2.5,3.0,3.5,4.0,4.5,5.0', '-log-level=WARNING']
2023-11-26 20:38:07;UNIUSDT;30m;2.0;250;36;80;100.0;7;109.08;['-batch-training', '-calc-rsi', '-verbose', '-prediction-mode=index', '-interval-list=30m', '-range-min-rsi=28', '-range-max-rsi=80', '-range-p-ema=50,250', '-target-margin-list=1.0,1.5,2.0,2.5,3.0,3.5,4.0,4.5,5.0', '-log-level=WARNING']
2023-11-26 20:26:00;UNIUSDT;30m;2.5;225;36;78;100.0;4;109.08;['-batch-training', '-calc-rsi', '-verbose', '-prediction-mode=index', '-interval-list=30m', '-range-min-rsi=28', '-range-max-rsi=80', '-range-p-ema=50,250', '-target-margin-list=1.0,1.5,2.0,2.5,3.0,3.5,4.0,4.5,5.0', '-log-level=WARNING']
2023-11-26 21:12:17;UNIUSDT;30m;3.5;75;30;78;100.0;4;109.1;['-batch-training', '-calc-rsi', '-verbose', '-prediction-mode=index', '-interval-list=30m', '-range-min-rsi=28', '-range-max-rsi=80', '-range-p-ema=50,250', '-target-margin-list=1.0,1.5,2.0,2.5,3.0,3.5,4.0,4.5,5.0', '-log-level=WARNING']
2023-11-26 20:15:54;UNIUSDT;30m;3.5;200;30;78;100.0;4;109.1;['-batch-training', '-calc-rsi', '-verbose', '-prediction-mode=index', '-interval-list=30m', '-range-min-rsi=28', '-range-max-rsi=80', '-range-p-ema=50,250', '-target-margin-list=1.0,1.5,2.0,2.5,3.0,3.5,4.0,4.5,5.0', '-log-level=WARNING']
2023-11-26 20:00:54;UNIUSDT;30m;2.0;175;32;72;100.0;5;109.1;['-batch-training', '-calc-rsi', '-verbose', '-prediction-mode=index', '-interval-list=30m', '-range-min-rsi=28', '-range-max-rsi=80', '-range-p-ema=50,250', '-target-margin-list=1.0,1.5,2.0,2.5,3.0,3.5,4.0,4.5,5.0', '-log-level=WARNING']
2023-11-26 20:28:45;UNIUSDT;30m;3.5;225;30;78;100.0;4;109.1;['-batch-training', '-calc-rsi', '-verbose', '-prediction-mode=index', '-interval-list=30m', '-range-min-rsi=28', '-range-max-rsi=80', '-range-p-ema=50,250', '-target-margin-list=1.0,1.5,2.0,2.5,3.0,3.5,4.0,4.5,5.0', '-log-level=WARNING']
2023-11-26 19:50:26;UNIUSDT;30m;2.0;150;32;72;100.0;5;109.1;['-batch-training', '-calc-rsi', '-verbose', '-prediction-mode=index', '-interval-list=30m', '-range-min-rsi=28', '-range-max-rsi=80', '-range-p-ema=50,250', '-target-margin-list=1.0,1.5,2.0,2.5,3.0,3.5,4.0,4.5,5.0', '-log-level=WARNING']
2023-11-26 20:56:36;UNIUSDT;30m;3.5;50;30;78;100.0;4;109.1;['-batch-training', '-calc-rsi', '-verbose', '-prediction-mode=index', '-interval-list=30m', '-range-min-rsi=28', '-range-max-rsi=80', '-range-p-ema=50,250', '-target-margin-list=1.0,1.5,2.0,2.5,3.0,3.5,4.0,4.5,5.0', '-log-level=WARNING']
2023-11-26 19:43:27;UNIUSDT;30m;3.5;125;30;78;100.0;4;109.1;['-batch-training', '-calc-rsi', '-verbose', '-prediction-mode=index', '-interval-list=30m', '-range-min-rsi=28', '-range-max-rsi=80', '-range-p-ema=50,250', '-target-margin-list=1.0,1.5,2.0,2.5,3.0,3.5,4.0,4.5,5.0', '-log-level=WARNING']
2023-11-26 20:04:50;UNIUSDT;30m;3.5;175;30;78;100.0;4;109.1;['-batch-training', '-calc-rsi', '-verbose', '-prediction-mode=index', '-interval-list=30m', '-range-min-rsi=28', '-range-max-rsi=80', '-range-p-ema=50,250', '-target-margin-list=1.0,1.5,2.0,2.5,3.0,3.5,4.0,4.5,5.0', '-log-level=WARNING']
2023-11-26 19:59:20;UNIUSDT;30m;1.0;175;34;78;100.0;7;109.1;['-batch-training', '-calc-rsi', '-verbose', '-prediction-mode=index', '-interval-list=30m', '-range-min-rsi=28', '-range-max-rsi=80', '-range-p-ema=50,250', '-target-margin-list=1.0,1.5,2.0,2.5,3.0,3.5,4.0,4.5,5.0', '-log-level=WARNING']
2023-11-26 19:31:57;UNIUSDT;30m;3.5;100;30;78;100.0;4;109.1;['-batch-training', '-calc-rsi', '-verbose', '-prediction-mode=index', '-interval-list=30m', '-range-min-rsi=28', '-range-max-rsi=80', '-range-p-ema=50,250', '-target-margin-list=1.0,1.5,2.0,2.5,3.0,3.5,4.0,4.5,5.0', '-log-level=WARNING']
2023-11-26 19:54:43;UNIUSDT;30m;3.5;150;30;78;100.0;4;109.1;['-batch-training', '-calc-rsi', '-verbose', '-prediction-mode=index', '-interval-list=30m', '-range-min-rsi=28', '-range-max-rsi=80', '-range-p-ema=50,250', '-target-margin-list=1.0,1.5,2.0,2.5,3.0,3.5,4.0,4.5,5.0', '-log-level=WARNING']
2023-11-26 20:42:12;UNIUSDT;30m;3.5;250;30;78;100.0;4;109.1;['-batch-training', '-calc-rsi', '-verbose', '-prediction-mode=index', '-interval-list=30m', '-range-min-rsi=28', '-range-max-rsi=80', '-range-p-ema=50,250', '-target-margin-list=1.0,1.5,2.0,2.5,3.0,3.5,4.0,4.5,5.0', '-log-level=WARNING']
2023-11-26 20:49:12;UNIUSDT;30m;1.5;50;34;72;100.0;2;109.12;['-batch-training', '-calc-rsi', '-verbose', '-prediction-mode=index', '-interval-list=30m', '-range-min-rsi=28', '-range-max-rsi=80', '-range-p-ema=50,250', '-target-margin-list=1.0,1.5,2.0,2.5,3.0,3.5,4.0,4.5,5.0', '-log-level=WARNING']
2023-11-26 19:37:39;UNIUSDT;30m;1.5;125;34;72;100.0;2;109.12;['-batch-training', '-calc-rsi', '-verbose', '-prediction-mode=index', '-interval-list=30m', '-range-min-rsi=28', '-range-max-rsi=80', '-range-p-ema=50,250', '-target-margin-list=1.0,1.5,2.0,2.5,3.0,3.5,4.0,4.5,5.0', '-log-level=WARNING']
2023-11-26 21:04:09;UNIUSDT;30m;1.5;75;34;72;100.0;2;109.12;['-batch-training', '-calc-rsi', '-verbose', '-prediction-mode=index', '-interval-list=30m', '-range-min-rsi=28', '-range-max-rsi=80', '-range-p-ema=50,250', '-target-margin-list=1.0,1.5,2.0,2.5,3.0,3.5,4.0,4.5,5.0', '-log-level=WARNING']
2023-11-26 19:26:10;UNIUSDT;30m;1.5;100;34;72;100.0;2;109.12;['-batch-training', '-calc-rsi', '-verbose', '-prediction-mode=index', '-interval-list=30m', '-range-min-rsi=28', '-range-max-rsi=80', '-range-p-ema=50,250', '-target-margin-list=1.0,1.5,2.0,2.5,3.0,3.5,4.0,4.5,5.0', '-log-level=WARNING']
2023-11-26 19:51:25;UNIUSDT;30m;2.0;150;30;80;100.0;3;109.13;['-batch-training', '-calc-rsi', '-verbose', '-prediction-mode=index', '-interval-list=30m', '-range-min-rsi=28', '-range-max-rsi=80', '-range-p-ema=50,250', '-target-margin-list=1.0,1.5,2.0,2.5,3.0,3.5,4.0,4.5,5.0', '-log-level=WARNING']
2023-11-26 20:01:12;UNIUSDT;30m;2.0;175;36;74;100.0;3;109.13;['-batch-training', '-calc-rsi', '-verbose', '-prediction-mode=index', '-interval-list=30m', '-range-min-rsi=28', '-range-max-rsi=80', '-range-p-ema=50,250', '-target-margin-list=1.0,1.5,2.0,2.5,3.0,3.5,4.0,4.5,5.0', '-log-level=WARNING']
2023-11-26 20:12:09;UNIUSDT;30m;2.0;200;30;80;100.0;3;109.13;['-batch-training', '-calc-rsi', '-verbose', '-prediction-mode=index', '-interval-list=30m', '-range-min-rsi=28', '-range-max-rsi=80', '-range-p-ema=50,250', '-target-margin-list=1.0,1.5,2.0,2.5,3.0,3.5,4.0,4.5,5.0', '-log-level=WARNING']
2023-11-26 19:39:53;UNIUSDT;30m;2.0;125;30;80;100.0;3;109.13;['-batch-training', '-calc-rsi', '-verbose', '-prediction-mode=index', '-interval-list=30m', '-range-min-rsi=28', '-range-max-rsi=80', '-range-p-ema=50,250', '-target-margin-list=1.0,1.5,2.0,2.5,3.0,3.5,4.0,4.5,5.0', '-log-level=WARNING']
2023-11-26 20:51:59;UNIUSDT;30m;2.0;50;30;80;100.0;3;109.13;['-batch-training', '-calc-rsi', '-verbose', '-prediction-mode=index', '-interval-list=30m', '-range-min-rsi=28', '-range-max-rsi=80', '-range-p-ema=50,250', '-target-margin-list=1.0,1.5,2.0,2.5,3.0,3.5,4.0,4.5,5.0', '-log-level=WARNING']
2023-11-26 20:01:45;UNIUSDT;30m;2.0;175;30;80;100.0;3;109.13;['-batch-training', '-calc-rsi', '-verbose', '-prediction-mode=index', '-interval-list=30m', '-range-min-rsi=28', '-range-max-rsi=80', '-range-p-ema=50,250', '-target-margin-list=1.0,1.5,2.0,2.5,3.0,3.5,4.0,4.5,5.0', '-log-level=WARNING']
2023-11-26 20:24:40;UNIUSDT;30m;2.0;225;30;80;100.0;3;109.13;['-batch-training', '-calc-rsi', '-verbose', '-prediction-mode=index', '-interval-list=30m', '-range-min-rsi=28', '-range-max-rsi=80', '-range-p-ema=50,250', '-target-margin-list=1.0,1.5,2.0,2.5,3.0,3.5,4.0,4.5,5.0', '-log-level=WARNING']
2023-11-26 21:07:17;UNIUSDT;30m;2.0;75;30;80;100.0;3;109.13;['-batch-training', '-calc-rsi', '-verbose', '-prediction-mode=index', '-interval-list=30m', '-range-min-rsi=28', '-range-max-rsi=80', '-range-p-ema=50,250', '-target-margin-list=1.0,1.5,2.0,2.5,3.0,3.5,4.0,4.5,5.0', '-log-level=WARNING']
2023-11-26 19:28:24;UNIUSDT;30m;2.0;100;30;80;100.0;3;109.13;['-batch-training', '-calc-rsi', '-verbose', '-prediction-mode=index', '-interval-list=30m', '-range-min-rsi=28', '-range-max-rsi=80', '-range-p-ema=50,250', '-target-margin-list=1.0,1.5,2.0,2.5,3.0,3.5,4.0,4.5,5.0', '-log-level=WARNING']
2023-11-26 20:34:08;UNIUSDT;30m;1.0;250;34;74;100.0;4;109.14;['-batch-training', '-calc-rsi', '-verbose', '-prediction-mode=index', '-interval-list=30m', '-range-min-rsi=28', '-range-max-rsi=80', '-range-p-ema=50,250', '-target-margin-list=1.0,1.5,2.0,2.5,3.0,3.5,4.0,4.5,5.0', '-log-level=WARNING']
2023-11-26 20:32:31;UNIUSDT;30m;5.0;225;30;74;100.0;2;109.15;['-batch-training', '-calc-rsi', '-verbose', '-prediction-mode=index', '-interval-list=30m', '-range-min-rsi=28', '-range-max-rsi=80', '-range-p-ema=50,250', '-target-margin-list=1.0,1.5,2.0,2.5,3.0,3.5,4.0,4.5,5.0', '-log-level=WARNING']
2023-11-26 19:46:45;UNIUSDT;30m;5.0;125;30;74;100.0;2;109.15;['-batch-training', '-calc-rsi', '-verbose', '-prediction-mode=index', '-interval-list=30m', '-range-min-rsi=28', '-range-max-rsi=80', '-range-p-ema=50,250', '-target-margin-list=1.0,1.5,2.0,2.5,3.0,3.5,4.0,4.5,5.0', '-log-level=WARNING']
2023-11-26 21:00:56;UNIUSDT;30m;5.0;50;30;74;100.0;2;109.15;['-batch-training', '-calc-rsi', '-verbose', '-prediction-mode=index', '-interval-list=30m', '-range-min-rsi=28', '-range-max-rsi=80', '-range-p-ema=50,250', '-target-margin-list=1.0,1.5,2.0,2.5,3.0,3.5,4.0,4.5,5.0', '-log-level=WARNING']
2023-11-26 20:46:14;UNIUSDT;30m;5.0;250;30;74;100.0;2;109.15;['-batch-training', '-calc-rsi', '-verbose', '-prediction-mode=index', '-interval-list=30m', '-range-min-rsi=28', '-range-max-rsi=80', '-range-p-ema=50,250', '-target-margin-list=1.0,1.5,2.0,2.5,3.0,3.5,4.0,4.5,5.0', '-log-level=WARNING']
2023-11-26 20:19:30;UNIUSDT;30m;5.0;200;30;74;100.0;2;109.15;['-batch-training', '-calc-rsi', '-verbose', '-prediction-mode=index', '-interval-list=30m', '-range-min-rsi=28', '-range-max-rsi=80', '-range-p-ema=50,250', '-target-margin-list=1.0,1.5,2.0,2.5,3.0,3.5,4.0,4.5,5.0', '-log-level=WARNING']
2023-11-26 20:07:43;UNIUSDT;30m;5.0;175;30;74;100.0;2;109.15;['-batch-training', '-calc-rsi', '-verbose', '-prediction-mode=index', '-interval-list=30m', '-range-min-rsi=28', '-range-max-rsi=80', '-range-p-ema=50,250', '-target-margin-list=1.0,1.5,2.0,2.5,3.0,3.5,4.0,4.5,5.0', '-log-level=WARNING']
2023-11-26 19:35:10;UNIUSDT;30m;5.0;100;30;74;100.0;2;109.15;['-batch-training', '-calc-rsi', '-verbose', '-prediction-mode=index', '-interval-list=30m', '-range-min-rsi=28', '-range-max-rsi=80', '-range-p-ema=50,250', '-target-margin-list=1.0,1.5,2.0,2.5,3.0,3.5,4.0,4.5,5.0', '-log-level=WARNING']
2023-11-26 21:16:16;UNIUSDT;30m;5.0;75;30;74;100.0;2;109.15;['-batch-training', '-calc-rsi', '-verbose', '-prediction-mode=index', '-interval-list=30m', '-range-min-rsi=28', '-range-max-rsi=80', '-range-p-ema=50,250', '-target-margin-list=1.0,1.5,2.0,2.5,3.0,3.5,4.0,4.5,5.0', '-log-level=WARNING']
2023-11-26 19:57:40;UNIUSDT;30m;5.0;150;30;74;100.0;2;109.15;['-batch-training', '-calc-rsi', '-verbose', '-prediction-mode=index', '-interval-list=30m', '-range-min-rsi=28', '-range-max-rsi=80', '-range-p-ema=50,250', '-target-margin-list=1.0,1.5,2.0,2.5,3.0,3.5,4.0,4.5,5.0', '-log-level=WARNING']
2023-11-26 19:47:31;UNIUSDT;30m;5.0;125;30;80;100.0;3;109.16;['-batch-training', '-calc-rsi', '-verbose', '-prediction-mode=index', '-interval-list=30m', '-range-min-rsi=28', '-range-max-rsi=80', '-range-p-ema=50,250', '-target-margin-list=1.0,1.5,2.0,2.5,3.0,3.5,4.0,4.5,5.0', '-log-level=WARNING']
2023-11-26 20:47:10;UNIUSDT;30m;5.0;250;30;80;100.0;3;109.16;['-batch-training', '-calc-rsi', '-verbose', '-prediction-mode=index', '-interval-list=30m', '-range-min-rsi=28', '-range-max-rsi=80', '-range-p-ema=50,250', '-target-margin-list=1.0,1.5,2.0,2.5,3.0,3.5,4.0,4.5,5.0', '-log-level=WARNING']
2023-11-26 21:17:07;UNIUSDT;30m;5.0;75;30;80;100.0;3;109.16;['-batch-training', '-calc-rsi', '-verbose', '-prediction-mode=index', '-interval-list=30m', '-range-min-rsi=28', '-range-max-rsi=80', '-range-p-ema=50,250', '-target-margin-list=1.0,1.5,2.0,2.5,3.0,3.5,4.0,4.5,5.0', '-log-level=WARNING']
2023-11-26 20:20:21;UNIUSDT;30m;5.0;200;30;80;100.0;3;109.16;['-batch-training', '-calc-rsi', '-verbose', '-prediction-mode=index', '-interval-list=30m', '-range-min-rsi=28', '-range-max-rsi=80', '-range-p-ema=50,250', '-target-margin-list=1.0,1.5,2.0,2.5,3.0,3.5,4.0,4.5,5.0', '-log-level=WARNING']
2023-11-26 20:33:24;UNIUSDT;30m;5.0;225;30;80;100.0;3;109.16;['-batch-training', '-calc-rsi', '-verbose', '-prediction-mode=index', '-interval-list=30m', '-range-min-rsi=28', '-range-max-rsi=80', '-range-p-ema=50,250', '-target-margin-list=1.0,1.5,2.0,2.5,3.0,3.5,4.0,4.5,5.0', '-log-level=WARNING']
2023-11-26 20:33:50;UNIUSDT;30m;1.0;250;34;72;100.0;4;109.16;['-batch-training', '-calc-rsi', '-verbose', '-prediction-mode=index', '-interval-list=30m', '-range-min-rsi=28', '-range-max-rsi=80', '-range-p-ema=50,250', '-target-margin-list=1.0,1.5,2.0,2.5,3.0,3.5,4.0,4.5,5.0', '-log-level=WARNING']
2023-11-26 21:01:56;UNIUSDT;30m;5.0;50;30;80;100.0;3;109.16;['-batch-training', '-calc-rsi', '-verbose', '-prediction-mode=index', '-interval-list=30m', '-range-min-rsi=28', '-range-max-rsi=80', '-range-p-ema=50,250', '-target-margin-list=1.0,1.5,2.0,2.5,3.0,3.5,4.0,4.5,5.0', '-log-level=WARNING']
2023-11-26 19:35:56;UNIUSDT;30m;5.0;100;30;80;100.0;3;109.16;['-batch-training', '-calc-rsi', '-verbose', '-prediction-mode=index', '-interval-list=30m', '-range-min-rsi=28', '-range-max-rsi=80', '-range-p-ema=50,250', '-target-margin-list=1.0,1.5,2.0,2.5,3.0,3.5,4.0,4.5,5.0', '-log-level=WARNING']
2023-11-26 19:58:20;UNIUSDT;30m;5.0;150;30;80;100.0;3;109.16;['-batch-training', '-calc-rsi', '-verbose', '-prediction-mode=index', '-interval-list=30m', '-range-min-rsi=28', '-range-max-rsi=80', '-range-p-ema=50,250', '-target-margin-list=1.0,1.5,2.0,2.5,3.0,3.5,4.0,4.5,5.0', '-log-level=WARNING']
2023-11-26 20:08:22;UNIUSDT;30m;5.0;175;30;80;100.0;3;109.16;['-batch-training', '-calc-rsi', '-verbose', '-prediction-mode=index', '-interval-list=30m', '-range-min-rsi=28', '-range-max-rsi=80', '-range-p-ema=50,250', '-target-margin-list=1.0,1.5,2.0,2.5,3.0,3.5,4.0,4.5,5.0', '-log-level=WARNING']
2023-11-26 20:55:22;UNIUSDT;30m;3.0;50;32;80;100.0;5;109.17;['-batch-training', '-calc-rsi', '-verbose', '-prediction-mode=index', '-interval-list=30m', '-range-min-rsi=28', '-range-max-rsi=80', '-range-p-ema=50,250', '-target-margin-list=1.0,1.5,2.0,2.5,3.0,3.5,4.0,4.5,5.0', '-log-level=WARNING']
2023-11-26 19:45:31;UNIUSDT;30m;4.5;125;32;74;100.0;3;109.17;['-batch-training', '-calc-rsi', '-verbose', '-prediction-mode=index', '-interval-list=30m', '-range-min-rsi=28', '-range-max-rsi=80', '-range-p-ema=50,250', '-target-margin-list=1.0,1.5,2.0,2.5,3.0,3.5,4.0,4.5,5.0', '-log-level=WARNING']
2023-11-26 20:59:19;UNIUSDT;30m;4.5;50;32;74;100.0;3;109.17;['-batch-training', '-calc-rsi', '-verbose', '-prediction-mode=index', '-interval-list=30m', '-range-min-rsi=28', '-range-max-rsi=80', '-range-p-ema=50,250', '-target-margin-list=1.0,1.5,2.0,2.5,3.0,3.5,4.0,4.5,5.0', '-log-level=WARNING']
2023-11-26 19:31:00;UNIUSDT;30m;3.0;100;32;80;100.0;5;109.17;['-batch-training', '-calc-rsi', '-verbose', '-prediction-mode=index', '-interval-list=30m', '-range-min-rsi=28', '-range-max-rsi=80', '-range-p-ema=50,250', '-target-margin-list=1.0,1.5,2.0,2.5,3.0,3.5,4.0,4.5,5.0', '-log-level=WARNING']
2023-11-26 21:10:55;UNIUSDT;30m;3.0;75;32;80;100.0;5;109.17;['-batch-training', '-calc-rsi', '-verbose', '-prediction-mode=index', '-interval-list=30m', '-range-min-rsi=28', '-range-max-rsi=80', '-range-p-ema=50,250', '-target-margin-list=1.0,1.5,2.0,2.5,3.0,3.5,4.0,4.5,5.0', '-log-level=WARNING']
2023-11-26 19:42:30;UNIUSDT;30m;3.0;125;32;80;100.0;5;109.17;['-batch-training', '-calc-rsi', '-verbose', '-prediction-mode=index', '-interval-list=30m', '-range-min-rsi=28', '-range-max-rsi=80', '-range-p-ema=50,250', '-target-margin-list=1.0,1.5,2.0,2.5,3.0,3.5,4.0,4.5,5.0', '-log-level=WARNING']
2023-11-26 19:33:58;UNIUSDT;30m;4.5;100;32;74;100.0;3;109.17;['-batch-training', '-calc-rsi', '-verbose', '-prediction-mode=index', '-interval-list=30m', '-range-min-rsi=28', '-range-max-rsi=80', '-range-p-ema=50,250', '-target-margin-list=1.0,1.5,2.0,2.5,3.0,3.5,4.0,4.5,5.0', '-log-level=WARNING']
2023-11-26 21:14:55;UNIUSDT;30m;4.5;75;32;74;100.0;3;109.17;['-batch-training', '-calc-rsi', '-verbose', '-prediction-mode=index', '-interval-list=30m', '-range-min-rsi=28', '-range-max-rsi=80', '-range-p-ema=50,250', '-target-margin-list=1.0,1.5,2.0,2.5,3.0,3.5,4.0,4.5,5.0', '-log-level=WARNING']
2023-11-26 20:42:54;UNIUSDT;30m;4.0;250;32;72;100.0;2;109.19;['-batch-training', '-calc-rsi', '-verbose', '-prediction-mode=index', '-interval-list=30m', '-range-min-rsi=28', '-range-max-rsi=80', '-range-p-ema=50,250', '-target-margin-list=1.0,1.5,2.0,2.5,3.0,3.5,4.0,4.5,5.0', '-log-level=WARNING']
2023-11-26 20:05:20;UNIUSDT;30m;4.0;175;32;72;100.0;2;109.19;['-batch-training', '-calc-rsi', '-verbose', '-prediction-mode=index', '-interval-list=30m', '-range-min-rsi=28', '-range-max-rsi=80', '-range-p-ema=50,250', '-target-margin-list=1.0,1.5,2.0,2.5,3.0,3.5,4.0,4.5,5.0', '-log-level=WARNING']
2023-11-26 20:16:30;UNIUSDT;30m;4.0;200;32;72;100.0;2;109.19;['-batch-training', '-calc-rsi', '-verbose', '-prediction-mode=index', '-interval-list=30m', '-range-min-rsi=28', '-range-max-rsi=80', '-range-p-ema=50,250', '-target-margin-list=1.0,1.5,2.0,2.5,3.0,3.5,4.0,4.5,5.0', '-log-level=WARNING']
2023-11-26 19:55:13;UNIUSDT;30m;4.0;150;32;72;100.0;2;109.19;['-batch-training', '-calc-rsi', '-verbose', '-prediction-mode=index', '-interval-list=30m', '-range-min-rsi=28', '-range-max-rsi=80', '-range-p-ema=50,250', '-target-margin-list=1.0,1.5,2.0,2.5,3.0,3.5,4.0,4.5,5.0', '-log-level=WARNING']
2023-11-26 20:29:22;UNIUSDT;30m;4.0;225;32;72;100.0;2;109.19;['-batch-training', '-calc-rsi', '-verbose', '-prediction-mode=index', '-interval-list=30m', '-range-min-rsi=28', '-range-max-rsi=80', '-range-p-ema=50,250', '-target-margin-list=1.0,1.5,2.0,2.5,3.0,3.5,4.0,4.5,5.0', '-log-level=WARNING']
2023-11-26 20:01:09;UNIUSDT;30m;2.0;175;34;74;100.0;2;109.19;['-batch-training', '-calc-rsi', '-verbose', '-prediction-mode=index', '-interval-list=30m', '-range-min-rsi=28', '-range-max-rsi=80', '-range-p-ema=50,250', '-target-margin-list=1.0,1.5,2.0,2.5,3.0,3.5,4.0,4.5,5.0', '-log-level=WARNING']
2023-11-26 21:03:44;UNIUSDT;30m;1.0;75;32;80;100.0;5;109.24;['-batch-training', '-calc-rsi', '-verbose', '-prediction-mode=index', '-interval-list=30m', '-range-min-rsi=28', '-range-max-rsi=80', '-range-p-ema=50,250', '-target-margin-list=1.0,1.5,2.0,2.5,3.0,3.5,4.0,4.5,5.0', '-log-level=WARNING']
2023-11-26 19:50:14;UNIUSDT;30m;1.5;150;34;80;100.0;4;109.24;['-batch-training', '-calc-rsi', '-verbose', '-prediction-mode=index', '-interval-list=30m', '-range-min-rsi=28', '-range-max-rsi=80', '-range-p-ema=50,250', '-target-margin-list=1.0,1.5,2.0,2.5,3.0,3.5,4.0,4.5,5.0', '-log-level=WARNING']
2023-11-26 19:25:52;UNIUSDT;30m;1.0;100;32;80;100.0;5;109.24;['-batch-training', '-calc-rsi', '-verbose', '-prediction-mode=index', '-interval-list=30m', '-range-min-rsi=28', '-range-max-rsi=80', '-range-p-ema=50,250', '-target-margin-list=1.0,1.5,2.0,2.5,3.0,3.5,4.0,4.5,5.0', '-log-level=WARNING']
2023-11-26 19:59:59;UNIUSDT;30m;1.5;175;32;74;100.0;2;109.24;['-batch-training', '-calc-rsi', '-verbose', '-prediction-mode=index', '-interval-list=30m', '-range-min-rsi=28', '-range-max-rsi=80', '-range-p-ema=50,250', '-target-margin-list=1.0,1.5,2.0,2.5,3.0,3.5,4.0,4.5,5.0', '-log-level=WARNING']
2023-11-26 20:48:49;UNIUSDT;30m;1.0;50;32;80;100.0;5;109.24;['-batch-training', '-calc-rsi', '-verbose', '-prediction-mode=index', '-interval-list=30m', '-range-min-rsi=28', '-range-max-rsi=80', '-range-p-ema=50,250', '-target-margin-list=1.0,1.5,2.0,2.5,3.0,3.5,4.0,4.5,5.0', '-log-level=WARNING']
2023-11-26 19:49:24;UNIUSDT;30m;1.5;150;32;74;100.0;2;109.24;['-batch-training', '-calc-rsi', '-verbose', '-prediction-mode=index', '-interval-list=30m', '-range-min-rsi=28', '-range-max-rsi=80', '-range-p-ema=50,250', '-target-margin-list=1.0,1.5,2.0,2.5,3.0,3.5,4.0,4.5,5.0', '-log-level=WARNING']
2023-11-26 19:37:20;UNIUSDT;30m;1.0;125;32;80;100.0;5;109.24;['-batch-training', '-calc-rsi', '-verbose', '-prediction-mode=index', '-interval-list=30m', '-range-min-rsi=28', '-range-max-rsi=80', '-range-p-ema=50,250', '-target-margin-list=1.0,1.5,2.0,2.5,3.0,3.5,4.0,4.5,5.0', '-log-level=WARNING']
2023-11-26 20:22:25;UNIUSDT;30m;1.5;225;32;74;100.0;2;109.25;['-batch-training', '-calc-rsi', '-verbose', '-prediction-mode=index', '-interval-list=30m', '-range-min-rsi=28', '-range-max-rsi=80', '-range-p-ema=50,250', '-target-margin-list=1.0,1.5,2.0,2.5,3.0,3.5,4.0,4.5,5.0', '-log-level=WARNING']
2023-11-26 20:50:10;UNIUSDT;30m;1.5;50;34;78;100.0;3;109.25;['-batch-training', '-calc-rsi', '-verbose', '-prediction-mode=index', '-interval-list=30m', '-range-min-rsi=28', '-range-max-rsi=80', '-range-p-ema=50,250', '-target-margin-list=1.0,1.5,2.0,2.5,3.0,3.5,4.0,4.5,5.0', '-log-level=WARNING']
2023-11-26 19:26:57;UNIUSDT;30m;1.5;100;34;78;100.0;3;109.25;['-batch-training', '-calc-rsi', '-verbose', '-prediction-mode=index', '-interval-list=30m', '-range-min-rsi=28', '-range-max-rsi=80', '-range-p-ema=50,250', '-target-margin-list=1.0,1.5,2.0,2.5,3.0,3.5,4.0,4.5,5.0', '-log-level=WARNING']
2023-11-26 21:05:15;UNIUSDT;30m;1.5;75;34;78;100.0;3;109.25;['-batch-training', '-calc-rsi', '-verbose', '-prediction-mode=index', '-interval-list=30m', '-range-min-rsi=28', '-range-max-rsi=80', '-range-p-ema=50,250', '-target-margin-list=1.0,1.5,2.0,2.5,3.0,3.5,4.0,4.5,5.0', '-log-level=WARNING']
2023-11-26 20:10:05;UNIUSDT;30m;1.5;200;32;74;100.0;2;109.25;['-batch-training', '-calc-rsi', '-verbose', '-prediction-mode=index', '-interval-list=30m', '-range-min-rsi=28', '-range-max-rsi=80', '-range-p-ema=50,250', '-target-margin-list=1.0,1.5,2.0,2.5,3.0,3.5,4.0,4.5,5.0', '-log-level=WARNING']
2023-11-26 19:38:26;UNIUSDT;30m;1.5;125;34;78;100.0;3;109.25;['-batch-training', '-calc-rsi', '-verbose', '-prediction-mode=index', '-interval-list=30m', '-range-min-rsi=28', '-range-max-rsi=80', '-range-p-ema=50,250', '-target-margin-list=1.0,1.5,2.0,2.5,3.0,3.5,4.0,4.5,5.0', '-log-level=WARNING']
2023-11-26 20:08:47;UNIUSDT;30m;1.0;200;28;74;100.0;3;109.26;['-batch-training', '-calc-rsi', '-verbose', '-prediction-mode=index', '-interval-list=30m', '-range-min-rsi=28', '-range-max-rsi=80', '-range-p-ema=50,250', '-target-margin-list=1.0,1.5,2.0,2.5,3.0,3.5,4.0,4.5,5.0', '-log-level=WARNING']
2023-11-26 20:20:51;UNIUSDT;30m;1.0;225;28;74;100.0;3;109.26;['-batch-training', '-calc-rsi', '-verbose', '-prediction-mode=index', '-interval-list=30m', '-range-min-rsi=28', '-range-max-rsi=80', '-range-p-ema=50,250', '-target-margin-list=1.0,1.5,2.0,2.5,3.0,3.5,4.0,4.5,5.0', '-log-level=WARNING']
2023-11-26 19:47:59;UNIUSDT;30m;1.0;150;28;74;100.0;3;109.26;['-batch-training', '-calc-rsi', '-verbose', '-prediction-mode=index', '-interval-list=30m', '-range-min-rsi=28', '-range-max-rsi=80', '-range-p-ema=50,250', '-target-margin-list=1.0,1.5,2.0,2.5,3.0,3.5,4.0,4.5,5.0', '-log-level=WARNING']
2023-11-26 20:47:44;UNIUSDT;30m;1.0;50;28;74;100.0;3;109.26;['-batch-training', '-calc-rsi', '-verbose', '-prediction-mode=index', '-interval-list=30m', '-range-min-rsi=28', '-range-max-rsi=80', '-range-p-ema=50,250', '-target-margin-list=1.0,1.5,2.0,2.5,3.0,3.5,4.0,4.5,5.0', '-log-level=WARNING']
2023-11-26 21:02:33;UNIUSDT;30m;1.0;75;28;74;100.0;3;109.26;['-batch-training', '-calc-rsi', '-verbose', '-prediction-mode=index', '-interval-list=30m', '-range-min-rsi=28', '-range-max-rsi=80', '-range-p-ema=50,250', '-target-margin-list=1.0,1.5,2.0,2.5,3.0,3.5,4.0,4.5,5.0', '-log-level=WARNING']
2023-11-26 19:24:58;UNIUSDT;30m;1.0;100;28;74;100.0;3;109.26;['-batch-training', '-calc-rsi', '-verbose', '-prediction-mode=index', '-interval-list=30m', '-range-min-rsi=28', '-range-max-rsi=80', '-range-p-ema=50,250', '-target-margin-list=1.0,1.5,2.0,2.5,3.0,3.5,4.0,4.5,5.0', '-log-level=WARNING']
2023-11-26 19:58:44;UNIUSDT;30m;1.0;175;28;74;100.0;3;109.26;['-batch-training', '-calc-rsi', '-verbose', '-prediction-mode=index', '-interval-list=30m', '-range-min-rsi=28', '-range-max-rsi=80', '-range-p-ema=50,250', '-target-margin-list=1.0,1.5,2.0,2.5,3.0,3.5,4.0,4.5,5.0', '-log-level=WARNING']
2023-11-26 19:36:25;UNIUSDT;30m;1.0;125;28;74;100.0;3;109.26;['-batch-training', '-calc-rsi', '-verbose', '-prediction-mode=index', '-interval-list=30m', '-range-min-rsi=28', '-range-max-rsi=80', '-range-p-ema=50,250', '-target-margin-list=1.0,1.5,2.0,2.5,3.0,3.5,4.0,4.5,5.0', '-log-level=WARNING']
2023-11-26 19:49:45;UNIUSDT;30m;1.5;150;36;76;100.0;7;109.27;['-batch-training', '-calc-rsi', '-verbose', '-prediction-mode=index', '-interval-list=30m', '-range-min-rsi=28', '-range-max-rsi=80', '-range-p-ema=50,250', '-target-margin-list=1.0,1.5,2.0,2.5,3.0,3.5,4.0,4.5,5.0', '-log-level=WARNING']
2023-11-26 20:25:26;UNIUSDT;30m;2.5;225;36;74;100.0;4;109.27;['-batch-training', '-calc-rsi', '-verbose', '-prediction-mode=index', '-interval-list=30m', '-range-min-rsi=28', '-range-max-rsi=80', '-range-p-ema=50,250', '-target-margin-list=1.0,1.5,2.0,2.5,3.0,3.5,4.0,4.5,5.0', '-log-level=WARNING']
2023-11-26 19:56:40;UNIUSDT;30m;4.5;150;36;74;100.0;3;109.28;['-batch-training', '-calc-rsi', '-verbose', '-prediction-mode=index', '-interval-list=30m', '-range-min-rsi=28', '-range-max-rsi=80', '-range-p-ema=50,250', '-target-margin-list=1.0,1.5,2.0,2.5,3.0,3.5,4.0,4.5,5.0', '-log-level=WARNING']
2023-11-26 20:33:43;UNIUSDT;30m;1.0;250;30;72;100.0;2;109.3;['-batch-training', '-calc-rsi', '-verbose', '-prediction-mode=index', '-interval-list=30m', '-range-min-rsi=28', '-range-max-rsi=80', '-range-p-ema=50,250', '-target-margin-list=1.0,1.5,2.0,2.5,3.0,3.5,4.0,4.5,5.0', '-log-level=WARNING']
2023-11-26 20:51:32;UNIUSDT;30m;2.0;50;36;76;100.0;2;109.31;['-batch-training', '-calc-rsi', '-verbose', '-prediction-mode=index', '-interval-list=30m', '-range-min-rsi=28', '-range-max-rsi=80', '-range-p-ema=50,250', '-target-margin-list=1.0,1.5,2.0,2.5,3.0,3.5,4.0,4.5,5.0', '-log-level=WARNING']
2023-11-26 19:39:31;UNIUSDT;30m;2.0;125;36;76;100.0;2;109.31;['-batch-training', '-calc-rsi', '-verbose', '-prediction-mode=index', '-interval-list=30m', '-range-min-rsi=28', '-range-max-rsi=80', '-range-p-ema=50,250', '-target-margin-list=1.0,1.5,2.0,2.5,3.0,3.5,4.0,4.5,5.0', '-log-level=WARNING']
2023-11-26 19:28:02;UNIUSDT;30m;2.0;100;36;76;100.0;2;109.31;['-batch-training', '-calc-rsi', '-verbose', '-prediction-mode=index', '-interval-list=30m', '-range-min-rsi=28', '-range-max-rsi=80', '-range-p-ema=50,250', '-target-margin-list=1.0,1.5,2.0,2.5,3.0,3.5,4.0,4.5,5.0', '-log-level=WARNING']
2023-11-26 21:06:45;UNIUSDT;30m;2.0;75;36;76;100.0;2;109.31;['-batch-training', '-calc-rsi', '-verbose', '-prediction-mode=index', '-interval-list=30m', '-range-min-rsi=28', '-range-max-rsi=80', '-range-p-ema=50,250', '-target-margin-list=1.0,1.5,2.0,2.5,3.0,3.5,4.0,4.5,5.0', '-log-level=WARNING']
2023-11-26 20:36:47;UNIUSDT;30m;2.0;250;32;72;100.0;5;109.33;['-batch-training', '-calc-rsi', '-verbose', '-prediction-mode=index', '-interval-list=30m', '-range-min-rsi=28', '-range-max-rsi=80', '-range-p-ema=50,250', '-target-margin-list=1.0,1.5,2.0,2.5,3.0,3.5,4.0,4.5,5.0', '-log-level=WARNING']
2023-11-26 20:11:08;UNIUSDT;30m;2.0;200;32;72;100.0;6;109.33;['-batch-training', '-calc-rsi', '-verbose', '-prediction-mode=index', '-interval-list=30m', '-range-min-rsi=28', '-range-max-rsi=80', '-range-p-ema=50,250', '-target-margin-list=1.0,1.5,2.0,2.5,3.0,3.5,4.0,4.5,5.0', '-log-level=WARNING']
2023-11-26 20:23:35;UNIUSDT;30m;2.0;225;32;72;100.0;6;109.33;['-batch-training', '-calc-rsi', '-verbose', '-prediction-mode=index', '-interval-list=30m', '-range-min-rsi=28', '-range-max-rsi=80', '-range-p-ema=50,250', '-target-margin-list=1.0,1.5,2.0,2.5,3.0,3.5,4.0,4.5,5.0', '-log-level=WARNING']
2023-11-26 20:02:14;UNIUSDT;30m;2.5;175;32;74;100.0;4;109.34;['-batch-training', '-calc-rsi', '-verbose', '-prediction-mode=index', '-interval-list=30m', '-range-min-rsi=28', '-range-max-rsi=80', '-range-p-ema=50,250', '-target-margin-list=1.0,1.5,2.0,2.5,3.0,3.5,4.0,4.5,5.0', '-log-level=WARNING']
2023-11-26 19:29:05;UNIUSDT;30m;2.5;100;36;74;100.0;2;109.34;['-batch-training', '-calc-rsi', '-verbose', '-prediction-mode=index', '-interval-list=30m', '-range-min-rsi=28', '-range-max-rsi=80', '-range-p-ema=50,250', '-target-margin-list=1.0,1.5,2.0,2.5,3.0,3.5,4.0,4.5,5.0', '-log-level=WARNING']
2023-11-26 20:36:07;UNIUSDT;30m;1.5;250;30;78;100.0;2;109.34;['-batch-training', '-calc-rsi', '-verbose', '-prediction-mode=index', '-interval-list=30m', '-range-min-rsi=28', '-range-max-rsi=80', '-range-p-ema=50,250', '-target-margin-list=1.0,1.5,2.0,2.5,3.0,3.5,4.0,4.5,5.0', '-log-level=WARNING']
2023-11-26 19:59:09;UNIUSDT;30m;1.0;175;36;76;100.0;5;109.34;['-batch-training', '-calc-rsi', '-verbose', '-prediction-mode=index', '-interval-list=30m', '-range-min-rsi=28', '-range-max-rsi=80', '-range-p-ema=50,250', '-target-margin-list=1.0,1.5,2.0,2.5,3.0,3.5,4.0,4.5,5.0', '-log-level=WARNING']
2023-11-26 19:40:33;UNIUSDT;30m;2.5;125;36;74;100.0;2;109.34;['-batch-training', '-calc-rsi', '-verbose', '-prediction-mode=index', '-interval-list=30m', '-range-min-rsi=28', '-range-max-rsi=80', '-range-p-ema=50,250', '-target-margin-list=1.0,1.5,2.0,2.5,3.0,3.5,4.0,4.5,5.0', '-log-level=WARNING']
2023-11-26 19:51:59;UNIUSDT;30m;2.5;150;32;74;100.0;4;109.34;['-batch-training', '-calc-rsi', '-verbose', '-prediction-mode=index', '-interval-list=30m', '-range-min-rsi=28', '-range-max-rsi=80', '-range-p-ema=50,250', '-target-margin-list=1.0,1.5,2.0,2.5,3.0,3.5,4.0,4.5,5.0', '-log-level=WARNING']
2023-11-26 20:52:51;UNIUSDT;30m;2.5;50;36;74;100.0;2;109.34;['-batch-training', '-calc-rsi', '-verbose', '-prediction-mode=index', '-interval-list=30m', '-range-min-rsi=28', '-range-max-rsi=80', '-range-p-ema=50,250', '-target-margin-list=1.0,1.5,2.0,2.5,3.0,3.5,4.0,4.5,5.0', '-log-level=WARNING']
2023-11-26 20:23:59;UNIUSDT;30m;2.0;225;36;74;100.0;6;109.34;['-batch-training', '-calc-rsi', '-verbose', '-prediction-mode=index', '-interval-list=30m', '-range-min-rsi=28', '-range-max-rsi=80', '-range-p-ema=50,250', '-target-margin-list=1.0,1.5,2.0,2.5,3.0,3.5,4.0,4.5,5.0', '-log-level=WARNING']
2023-11-26 20:25:19;UNIUSDT;30m;2.5;225;32;74;100.0;4;109.34;['-batch-training', '-calc-rsi', '-verbose', '-prediction-mode=index', '-interval-list=30m', '-range-min-rsi=28', '-range-max-rsi=80', '-range-p-ema=50,250', '-target-margin-list=1.0,1.5,2.0,2.5,3.0,3.5,4.0,4.5,5.0', '-log-level=WARNING']
2023-11-26 21:08:13;UNIUSDT;30m;2.5;75;36;74;100.0;2;109.34;['-batch-training', '-calc-rsi', '-verbose', '-prediction-mode=index', '-interval-list=30m', '-range-min-rsi=28', '-range-max-rsi=80', '-range-p-ema=50,250', '-target-margin-list=1.0,1.5,2.0,2.5,3.0,3.5,4.0,4.5,5.0', '-log-level=WARNING']
2023-11-26 20:12:43;UNIUSDT;30m;2.5;200;32;74;100.0;4;109.34;['-batch-training', '-calc-rsi', '-verbose', '-prediction-mode=index', '-interval-list=30m', '-range-min-rsi=28', '-range-max-rsi=80', '-range-p-ema=50,250', '-target-margin-list=1.0,1.5,2.0,2.5,3.0,3.5,4.0,4.5,5.0', '-log-level=WARNING']
2023-11-26 20:48:54;UNIUSDT;30m;1.0;50;34;80;100.0;5;109.35;['-batch-training', '-calc-rsi', '-verbose', '-prediction-mode=index', '-interval-list=30m', '-range-min-rsi=28', '-range-max-rsi=80', '-range-p-ema=50,250', '-target-margin-list=1.0,1.5,2.0,2.5,3.0,3.5,4.0,4.5,5.0', '-log-level=WARNING']
2023-11-26 19:25:55;UNIUSDT;30m;1.0;100;34;80;100.0;5;109.35;['-batch-training', '-calc-rsi', '-verbose', '-prediction-mode=index', '-interval-list=30m', '-range-min-rsi=28', '-range-max-rsi=80', '-range-p-ema=50,250', '-target-margin-list=1.0,1.5,2.0,2.5,3.0,3.5,4.0,4.5,5.0', '-log-level=WARNING']
2023-11-26 21:03:48;UNIUSDT;30m;1.0;75;34;80;100.0;5;109.35;['-batch-training', '-calc-rsi', '-verbose', '-prediction-mode=index', '-interval-list=30m', '-range-min-rsi=28', '-range-max-rsi=80', '-range-p-ema=50,250', '-target-margin-list=1.0,1.5,2.0,2.5,3.0,3.5,4.0,4.5,5.0', '-log-level=WARNING']
2023-11-26 19:37:23;UNIUSDT;30m;1.0;125;34;80;100.0;5;109.35;['-batch-training', '-calc-rsi', '-verbose', '-prediction-mode=index', '-interval-list=30m', '-range-min-rsi=28', '-range-max-rsi=80', '-range-p-ema=50,250', '-target-margin-list=1.0,1.5,2.0,2.5,3.0,3.5,4.0,4.5,5.0', '-log-level=WARNING']
2023-11-26 20:55:09;UNIUSDT;30m;3.0;50;36;78;100.0;4;109.36;['-batch-training', '-calc-rsi', '-verbose', '-prediction-mode=index', '-interval-list=30m', '-range-min-rsi=28', '-range-max-rsi=80', '-range-p-ema=50,250', '-target-margin-list=1.0,1.5,2.0,2.5,3.0,3.5,4.0,4.5,5.0', '-log-level=WARNING']
2023-11-26 19:48:05;UNIUSDT;30m;1.0;150;32;74;100.0;4;109.36;['-batch-training', '-calc-rsi', '-verbose', '-prediction-mode=index', '-interval-list=30m', '-range-min-rsi=28', '-range-max-rsi=80', '-range-p-ema=50,250', '-target-margin-list=1.0,1.5,2.0,2.5,3.0,3.5,4.0,4.5,5.0', '-log-level=WARNING']
2023-11-26 20:06:31;UNIUSDT;30m;4.5;175;36;72;100.0;2;109.36;['-batch-training', '-calc-rsi', '-verbose', '-prediction-mode=index', '-interval-list=30m', '-range-min-rsi=28', '-range-max-rsi=80', '-range-p-ema=50,250', '-target-margin-list=1.0,1.5,2.0,2.5,3.0,3.5,4.0,4.5,5.0', '-log-level=WARNING']
2023-11-26 21:10:42;UNIUSDT;30m;3.0;75;36;78;100.0;4;109.36;['-batch-training', '-calc-rsi', '-verbose', '-prediction-mode=index', '-interval-list=30m', '-range-min-rsi=28', '-range-max-rsi=80', '-range-p-ema=50,250', '-target-margin-list=1.0,1.5,2.0,2.5,3.0,3.5,4.0,4.5,5.0', '-log-level=WARNING']
2023-11-26 19:48:21;UNIUSDT;30m;1.0;150;32;76;100.0;6;109.36;['-batch-training', '-calc-rsi', '-verbose', '-prediction-mode=index', '-interval-list=30m', '-range-min-rsi=28', '-range-max-rsi=80', '-range-p-ema=50,250', '-target-margin-list=1.0,1.5,2.0,2.5,3.0,3.5,4.0,4.5,5.0', '-log-level=WARNING']
2023-11-26 20:30:57;UNIUSDT;30m;4.5;225;36;72;100.0;2;109.36;['-batch-training', '-calc-rsi', '-verbose', '-prediction-mode=index', '-interval-list=30m', '-range-min-rsi=28', '-range-max-rsi=80', '-range-p-ema=50,250', '-target-margin-list=1.0,1.5,2.0,2.5,3.0,3.5,4.0,4.5,5.0', '-log-level=WARNING']
2023-11-26 20:17:59;UNIUSDT;30m;4.5;200;36;72;100.0;2;109.36;['-batch-training', '-calc-rsi', '-verbose', '-prediction-mode=index', '-interval-list=30m', '-range-min-rsi=28', '-range-max-rsi=80', '-range-p-ema=50,250', '-target-margin-list=1.0,1.5,2.0,2.5,3.0,3.5,4.0,4.5,5.0', '-log-level=WARNING']
2023-11-26 20:44:33;UNIUSDT;30m;4.5;250;36;72;100.0;2;109.36;['-batch-training', '-calc-rsi', '-verbose', '-prediction-mode=index', '-interval-list=30m', '-range-min-rsi=28', '-range-max-rsi=80', '-range-p-ema=50,250', '-target-margin-list=1.0,1.5,2.0,2.5,3.0,3.5,4.0,4.5,5.0', '-log-level=WARNING']
2023-11-26 20:17:27;UNIUSDT;30m;4.0;200;36;78;100.0;3;109.38;['-batch-training', '-calc-rsi', '-verbose', '-prediction-mode=index', '-interval-list=30m', '-range-min-rsi=28', '-range-max-rsi=80', '-range-p-ema=50,250', '-target-margin-list=1.0,1.5,2.0,2.5,3.0,3.5,4.0,4.5,5.0', '-log-level=WARNING']
2023-11-26 20:48:15;UNIUSDT;30m;1.0;50;34;76;100.0;6;109.38;['-batch-training', '-calc-rsi', '-verbose', '-prediction-mode=index', '-interval-list=30m', '-range-min-rsi=28', '-range-max-rsi=80', '-range-p-ema=50,250', '-target-margin-list=1.0,1.5,2.0,2.5,3.0,3.5,4.0,4.5,5.0', '-log-level=WARNING']
2023-11-26 20:06:05;UNIUSDT;30m;4.0;175;36;78;100.0;3;109.38;['-batch-training', '-calc-rsi', '-verbose', '-prediction-mode=index', '-interval-list=30m', '-range-min-rsi=28', '-range-max-rsi=80', '-range-p-ema=50,250', '-target-margin-list=1.0,1.5,2.0,2.5,3.0,3.5,4.0,4.5,5.0', '-log-level=WARNING']
2023-11-26 19:25:23;UNIUSDT;30m;1.0;100;34;76;100.0;6;109.38;['-batch-training', '-calc-rsi', '-verbose', '-prediction-mode=index', '-interval-list=30m', '-range-min-rsi=28', '-range-max-rsi=80', '-range-p-ema=50,250', '-target-margin-list=1.0,1.5,2.0,2.5,3.0,3.5,4.0,4.5,5.0', '-log-level=WARNING']
2023-11-26 19:49:45;UNIUSDT;30m;1.5;150;36;76;100.0;4;109.38;['-batch-training', '-calc-rsi', '-verbose', '-prediction-mode=index', '-interval-list=30m', '-range-min-rsi=28', '-range-max-rsi=80', '-range-p-ema=50,250', '-target-margin-list=1.0,1.5,2.0,2.5,3.0,3.5,4.0,4.5,5.0', '-log-level=WARNING']
2023-11-26 21:03:06;UNIUSDT;30m;1.0;75;34;76;100.0;6;109.38;['-batch-training', '-calc-rsi', '-verbose', '-prediction-mode=index', '-interval-list=30m', '-range-min-rsi=28', '-range-max-rsi=80', '-range-p-ema=50,250', '-target-margin-list=1.0,1.5,2.0,2.5,3.0,3.5,4.0,4.5,5.0', '-log-level=WARNING']
2023-11-26 19:36:51;UNIUSDT;30m;1.0;125;34;76;100.0;6;109.38;['-batch-training', '-calc-rsi', '-verbose', '-prediction-mode=index', '-interval-list=30m', '-range-min-rsi=28', '-range-max-rsi=80', '-range-p-ema=50,250', '-target-margin-list=1.0,1.5,2.0,2.5,3.0,3.5,4.0,4.5,5.0', '-log-level=WARNING']
2023-11-26 20:48:00;UNIUSDT;30m;1.0;50;36;74;100.0;4;109.42;['-batch-training', '-calc-rsi', '-verbose', '-prediction-mode=index', '-interval-list=30m', '-range-min-rsi=28', '-range-max-rsi=80', '-range-p-ema=50,250', '-target-margin-list=1.0,1.5,2.0,2.5,3.0,3.5,4.0,4.5,5.0', '-log-level=WARNING']
2023-11-26 21:02:48;UNIUSDT;30m;1.0;75;36;74;100.0;4;109.42;['-batch-training', '-calc-rsi', '-verbose', '-prediction-mode=index', '-interval-list=30m', '-range-min-rsi=28', '-range-max-rsi=80', '-range-p-ema=50,250', '-target-margin-list=1.0,1.5,2.0,2.5,3.0,3.5,4.0,4.5,5.0', '-log-level=WARNING']
2023-11-26 19:51:50;UNIUSDT;30m;2.5;150;36;72;100.0;2;109.43;['-batch-training', '-calc-rsi', '-verbose', '-prediction-mode=index', '-interval-list=30m', '-range-min-rsi=28', '-range-max-rsi=80', '-range-p-ema=50,250', '-target-margin-list=1.0,1.5,2.0,2.5,3.0,3.5,4.0,4.5,5.0', '-log-level=WARNING']
2023-11-26 19:48:02;UNIUSDT;30m;1.0;150;30;74;100.0;4;109.43;['-batch-training', '-calc-rsi', '-verbose', '-prediction-mode=index', '-interval-list=30m', '-range-min-rsi=28', '-range-max-rsi=80', '-range-p-ema=50,250', '-target-margin-list=1.0,1.5,2.0,2.5,3.0,3.5,4.0,4.5,5.0', '-log-level=WARNING']
2023-11-26 20:47:48;UNIUSDT;30m;1.0;50;30;74;100.0;4;109.43;['-batch-training', '-calc-rsi', '-verbose', '-prediction-mode=index', '-interval-list=30m', '-range-min-rsi=28', '-range-max-rsi=80', '-range-p-ema=50,250', '-target-margin-list=1.0,1.5,2.0,2.5,3.0,3.5,4.0,4.5,5.0', '-log-level=WARNING']
2023-11-26 21:02:37;UNIUSDT;30m;1.0;75;30;74;100.0;4;109.43;['-batch-training', '-calc-rsi', '-verbose', '-prediction-mode=index', '-interval-list=30m', '-range-min-rsi=28', '-range-max-rsi=80', '-range-p-ema=50,250', '-target-margin-list=1.0,1.5,2.0,2.5,3.0,3.5,4.0,4.5,5.0', '-log-level=WARNING']
2023-11-26 19:36:28;UNIUSDT;30m;1.0;125;30;74;100.0;4;109.43;['-batch-training', '-calc-rsi', '-verbose', '-prediction-mode=index', '-interval-list=30m', '-range-min-rsi=28', '-range-max-rsi=80', '-range-p-ema=50,250', '-target-margin-list=1.0,1.5,2.0,2.5,3.0,3.5,4.0,4.5,5.0', '-log-level=WARNING']
2023-11-26 19:25:01;UNIUSDT;30m;1.0;100;30;74;100.0;4;109.43;['-batch-training', '-calc-rsi', '-verbose', '-prediction-mode=index', '-interval-list=30m', '-range-min-rsi=28', '-range-max-rsi=80', '-range-p-ema=50,250', '-target-margin-list=1.0,1.5,2.0,2.5,3.0,3.5,4.0,4.5,5.0', '-log-level=WARNING']
2023-11-26 21:02:48;UNIUSDT;30m;1.0;75;36;74;100.0;6;109.44;['-batch-training', '-calc-rsi', '-verbose', '-prediction-mode=index', '-interval-list=30m', '-range-min-rsi=28', '-range-max-rsi=80', '-range-p-ema=50,250', '-target-margin-list=1.0,1.5,2.0,2.5,3.0,3.5,4.0,4.5,5.0', '-log-level=WARNING']
2023-11-26 20:48:00;UNIUSDT;30m;1.0;50;36;74;100.0;6;109.44;['-batch-training', '-calc-rsi', '-verbose', '-prediction-mode=index', '-interval-list=30m', '-range-min-rsi=28', '-range-max-rsi=80', '-range-p-ema=50,250', '-target-margin-list=1.0,1.5,2.0,2.5,3.0,3.5,4.0,4.5,5.0', '-log-level=WARNING']
2023-11-26 20:39:18;UNIUSDT;30m;2.5;250;36;78;100.0;4;109.44;['-batch-training', '-calc-rsi', '-verbose', '-prediction-mode=index', '-interval-list=30m', '-range-min-rsi=28', '-range-max-rsi=80', '-range-p-ema=50,250', '-target-margin-list=1.0,1.5,2.0,2.5,3.0,3.5,4.0,4.5,5.0', '-log-level=WARNING']
2023-11-26 20:24:48;UNIUSDT;30m;2.0;225;34;80;100.0;2;109.45;['-batch-training', '-calc-rsi', '-verbose', '-prediction-mode=index', '-interval-list=30m', '-range-min-rsi=28', '-range-max-rsi=80', '-range-p-ema=50,250', '-target-margin-list=1.0,1.5,2.0,2.5,3.0,3.5,4.0,4.5,5.0', '-log-level=WARNING']
2023-11-26 19:25:58;UNIUSDT;30m;1.0;100;36;80;100.0;6;109.45;['-batch-training', '-calc-rsi', '-verbose', '-prediction-mode=index', '-interval-list=30m', '-range-min-rsi=28', '-range-max-rsi=80', '-range-p-ema=50,250', '-target-margin-list=1.0,1.5,2.0,2.5,3.0,3.5,4.0,4.5,5.0', '-log-level=WARNING']
2023-11-26 19:37:27;UNIUSDT;30m;1.0;125;36;80;100.0;6;109.45;['-batch-training', '-calc-rsi', '-verbose', '-prediction-mode=index', '-interval-list=30m', '-range-min-rsi=28', '-range-max-rsi=80', '-range-p-ema=50,250', '-target-margin-list=1.0,1.5,2.0,2.5,3.0,3.5,4.0,4.5,5.0', '-log-level=WARNING']
2023-11-26 20:35:03;UNIUSDT;30m;1.0;250;34;80;100.0;7;109.45;['-batch-training', '-calc-rsi', '-verbose', '-prediction-mode=index', '-interval-list=30m', '-range-min-rsi=28', '-range-max-rsi=80', '-range-p-ema=50,250', '-target-margin-list=1.0,1.5,2.0,2.5,3.0,3.5,4.0,4.5,5.0', '-log-level=WARNING']
2023-11-26 19:58:33;UNIUSDT;30m;1.0;175;30;72;100.0;5;109.46;['-batch-training', '-calc-rsi', '-verbose', '-prediction-mode=index', '-interval-list=30m', '-range-min-rsi=28', '-range-max-rsi=80', '-range-p-ema=50,250', '-target-margin-list=1.0,1.5,2.0,2.5,3.0,3.5,4.0,4.5,5.0', '-log-level=WARNING']
2023-11-26 20:08:36;UNIUSDT;30m;1.0;200;30;72;100.0;5;109.46;['-batch-training', '-calc-rsi', '-verbose', '-prediction-mode=index', '-interval-list=30m', '-range-min-rsi=28', '-range-max-rsi=80', '-range-p-ema=50,250', '-target-margin-list=1.0,1.5,2.0,2.5,3.0,3.5,4.0,4.5,5.0', '-log-level=WARNING']
2023-11-26 20:23:21;UNIUSDT;30m;1.5;225;34;80;100.0;7;109.47;['-batch-training', '-calc-rsi', '-verbose', '-prediction-mode=index', '-interval-list=30m', '-range-min-rsi=28', '-range-max-rsi=80', '-range-p-ema=50,250', '-target-margin-list=1.0,1.5,2.0,2.5,3.0,3.5,4.0,4.5,5.0', '-log-level=WARNING']
2023-11-26 20:34:05;UNIUSDT;30m;1.0;250;32;74;100.0;3;109.47;['-batch-training', '-calc-rsi', '-verbose', '-prediction-mode=index', '-interval-list=30m', '-range-min-rsi=28', '-range-max-rsi=80', '-range-p-ema=50,250', '-target-margin-list=1.0,1.5,2.0,2.5,3.0,3.5,4.0,4.5,5.0', '-log-level=WARNING']
2023-11-26 20:34:08;UNIUSDT;30m;1.0;250;34;74;100.0;6;109.48;['-batch-training', '-calc-rsi', '-verbose', '-prediction-mode=index', '-interval-list=30m', '-range-min-rsi=28', '-range-max-rsi=80', '-range-p-ema=50,250', '-target-margin-list=1.0,1.5,2.0,2.5,3.0,3.5,4.0,4.5,5.0', '-log-level=WARNING']
2023-11-26 19:53:37;UNIUSDT;30m;3.0;150;32;78;100.0;5;109.49;['-batch-training', '-calc-rsi', '-verbose', '-prediction-mode=index', '-interval-list=30m', '-range-min-rsi=28', '-range-max-rsi=80', '-range-p-ema=50,250', '-target-margin-list=1.0,1.5,2.0,2.5,3.0,3.5,4.0,4.5,5.0', '-log-level=WARNING']
2023-11-26 20:27:20;UNIUSDT;30m;3.0;225;32;78;100.0;5;109.49;['-batch-training', '-calc-rsi', '-verbose', '-prediction-mode=index', '-interval-list=30m', '-range-min-rsi=28', '-range-max-rsi=80', '-range-p-ema=50,250', '-target-margin-list=1.0,1.5,2.0,2.5,3.0,3.5,4.0,4.5,5.0', '-log-level=WARNING']
2023-11-26 20:14:37;UNIUSDT;30m;3.0;200;32;78;100.0;5;109.49;['-batch-training', '-calc-rsi', '-verbose', '-prediction-mode=index', '-interval-list=30m', '-range-min-rsi=28', '-range-max-rsi=80', '-range-p-ema=50,250', '-target-margin-list=1.0,1.5,2.0,2.5,3.0,3.5,4.0,4.5,5.0', '-log-level=WARNING']
2023-11-26 20:00:29;UNIUSDT;30m;1.5;175;34;78;100.0;5;109.49;['-batch-training', '-calc-rsi', '-verbose', '-prediction-mode=index', '-interval-list=30m', '-range-min-rsi=28', '-range-max-rsi=80', '-range-p-ema=50,250', '-target-margin-list=1.0,1.5,2.0,2.5,3.0,3.5,4.0,4.5,5.0', '-log-level=WARNING']
2023-11-26 20:40:43;UNIUSDT;30m;3.0;250;32;78;100.0;5;109.49;['-batch-training', '-calc-rsi', '-verbose', '-prediction-mode=index', '-interval-list=30m', '-range-min-rsi=28', '-range-max-rsi=80', '-range-p-ema=50,250', '-target-margin-list=1.0,1.5,2.0,2.5,3.0,3.5,4.0,4.5,5.0', '-log-level=WARNING']
2023-11-26 20:03:47;UNIUSDT;30m;3.0;175;32;78;100.0;5;109.49;['-batch-training', '-calc-rsi', '-verbose', '-prediction-mode=index', '-interval-list=30m', '-range-min-rsi=28', '-range-max-rsi=80', '-range-p-ema=50,250', '-target-margin-list=1.0,1.5,2.0,2.5,3.0,3.5,4.0,4.5,5.0', '-log-level=WARNING']
2023-11-26 20:40:21;UNIUSDT;30m;3.0;250;30;76;100.0;4;109.49;['-batch-training', '-calc-rsi', '-verbose', '-prediction-mode=index', '-interval-list=30m', '-range-min-rsi=28', '-range-max-rsi=80', '-range-p-ema=50,250', '-target-margin-list=1.0,1.5,2.0,2.5,3.0,3.5,4.0,4.5,5.0', '-log-level=WARNING']
2023-11-26 20:01:20;UNIUSDT;30m;2.0;175;32;76;100.0;2;109.52;['-batch-training', '-calc-rsi', '-verbose', '-prediction-mode=index', '-interval-list=30m', '-range-min-rsi=28', '-range-max-rsi=80', '-range-p-ema=50,250', '-target-margin-list=1.0,1.5,2.0,2.5,3.0,3.5,4.0,4.5,5.0', '-log-level=WARNING']
2023-11-26 20:00:40;UNIUSDT;30m;1.5;175;32;80;100.0;2;109.52;['-batch-training', '-calc-rsi', '-verbose', '-prediction-mode=index', '-interval-list=30m', '-range-min-rsi=28', '-range-max-rsi=80', '-range-p-ema=50,250', '-target-margin-list=1.0,1.5,2.0,2.5,3.0,3.5,4.0,4.5,5.0', '-log-level=WARNING']
2023-11-26 19:50:44;UNIUSDT;30m;2.0;150;34;74;100.0;2;109.53;['-batch-training', '-calc-rsi', '-verbose', '-prediction-mode=index', '-interval-list=30m', '-range-min-rsi=28', '-range-max-rsi=80', '-range-p-ema=50,250', '-target-margin-list=1.0,1.5,2.0,2.5,3.0,3.5,4.0,4.5,5.0', '-log-level=WARNING']
2023-11-26 20:10:53;UNIUSDT;30m;1.5;200;32;80;100.0;2;109.54;['-batch-training', '-calc-rsi', '-verbose', '-prediction-mode=index', '-interval-list=30m', '-range-min-rsi=28', '-range-max-rsi=80', '-range-p-ema=50,250', '-target-margin-list=1.0,1.5,2.0,2.5,3.0,3.5,4.0,4.5,5.0', '-log-level=WARNING']
2023-11-26 20:23:17;UNIUSDT;30m;1.5;225;32;80;100.0;2;109.54;['-batch-training', '-calc-rsi', '-verbose', '-prediction-mode=index', '-interval-list=30m', '-range-min-rsi=28', '-range-max-rsi=80', '-range-p-ema=50,250', '-target-margin-list=1.0,1.5,2.0,2.5,3.0,3.5,4.0,4.5,5.0', '-log-level=WARNING']
2023-11-26 20:21:05;UNIUSDT;30m;1.0;225;36;74;100.0;5;109.56;['-batch-training', '-calc-rsi', '-verbose', '-prediction-mode=index', '-interval-list=30m', '-range-min-rsi=28', '-range-max-rsi=80', '-range-p-ema=50,250', '-target-margin-list=1.0,1.5,2.0,2.5,3.0,3.5,4.0,4.5,5.0', '-log-level=WARNING']
2023-11-26 20:08:55;UNIUSDT;30m;1.0;200;34;74;100.0;5;109.56;['-batch-training', '-calc-rsi', '-verbose', '-prediction-mode=index', '-interval-list=30m', '-range-min-rsi=28', '-range-max-rsi=80', '-range-p-ema=50,250', '-target-margin-list=1.0,1.5,2.0,2.5,3.0,3.5,4.0,4.5,5.0', '-log-level=WARNING']
2023-11-26 19:48:52;UNIUSDT;30m;1.0;150;32;80;100.0;2;109.56;['-batch-training', '-calc-rsi', '-verbose', '-prediction-mode=index', '-interval-list=30m', '-range-min-rsi=28', '-range-max-rsi=80', '-range-p-ema=50,250', '-target-margin-list=1.0,1.5,2.0,2.5,3.0,3.5,4.0,4.5,5.0', '-log-level=WARNING']
2023-11-26 20:17:30;UNIUSDT;30m;4.0;200;28;80;100.0;2;109.58;['-batch-training', '-calc-rsi', '-verbose', '-prediction-mode=index', '-interval-list=30m', '-range-min-rsi=28', '-range-max-rsi=80', '-range-p-ema=50,250', '-target-margin-list=1.0,1.5,2.0,2.5,3.0,3.5,4.0,4.5,5.0', '-log-level=WARNING']
2023-11-26 20:44:00;UNIUSDT;30m;4.0;250;28;80;100.0;2;109.58;['-batch-training', '-calc-rsi', '-verbose', '-prediction-mode=index', '-interval-list=30m', '-range-min-rsi=28', '-range-max-rsi=80', '-range-p-ema=50,250', '-target-margin-list=1.0,1.5,2.0,2.5,3.0,3.5,4.0,4.5,5.0', '-log-level=WARNING']
2023-11-26 19:44:54;UNIUSDT;30m;4.0;125;28;80;100.0;2;109.58;['-batch-training', '-calc-rsi', '-verbose', '-prediction-mode=index', '-interval-list=30m', '-range-min-rsi=28', '-range-max-rsi=80', '-range-p-ema=50,250', '-target-margin-list=1.0,1.5,2.0,2.5,3.0,3.5,4.0,4.5,5.0', '-log-level=WARNING']
2023-11-26 20:58:31;UNIUSDT;30m;4.0;50;28;80;100.0;2;109.58;['-batch-training', '-calc-rsi', '-verbose', '-prediction-mode=index', '-interval-list=30m', '-range-min-rsi=28', '-range-max-rsi=80', '-range-p-ema=50,250', '-target-margin-list=1.0,1.5,2.0,2.5,3.0,3.5,4.0,4.5,5.0', '-log-level=WARNING']
2023-11-26 20:06:08;UNIUSDT;30m;4.0;175;28;80;100.0;2;109.58;['-batch-training', '-calc-rsi', '-verbose', '-prediction-mode=index', '-interval-list=30m', '-range-min-rsi=28', '-range-max-rsi=80', '-range-p-ema=50,250', '-target-margin-list=1.0,1.5,2.0,2.5,3.0,3.5,4.0,4.5,5.0', '-log-level=WARNING']
2023-11-26 20:30:25;UNIUSDT;30m;4.0;225;28;80;100.0;2;109.58;['-batch-training', '-calc-rsi', '-verbose', '-prediction-mode=index', '-interval-list=30m', '-range-min-rsi=28', '-range-max-rsi=80', '-range-p-ema=50,250', '-target-margin-list=1.0,1.5,2.0,2.5,3.0,3.5,4.0,4.5,5.0', '-log-level=WARNING']
2023-11-26 19:33:22;UNIUSDT;30m;4.0;100;28;80;100.0;2;109.58;['-batch-training', '-calc-rsi', '-verbose', '-prediction-mode=index', '-interval-list=30m', '-range-min-rsi=28', '-range-max-rsi=80', '-range-p-ema=50,250', '-target-margin-list=1.0,1.5,2.0,2.5,3.0,3.5,4.0,4.5,5.0', '-log-level=WARNING']
2023-11-26 19:50:01;UNIUSDT;30m;1.5;150;36;78;100.0;5;109.58;['-batch-training', '-calc-rsi', '-verbose', '-prediction-mode=index', '-interval-list=30m', '-range-min-rsi=28', '-range-max-rsi=80', '-range-p-ema=50,250', '-target-margin-list=1.0,1.5,2.0,2.5,3.0,3.5,4.0,4.5,5.0', '-log-level=WARNING']
2023-11-26 21:14:14;UNIUSDT;30m;4.0;75;28;80;100.0;2;109.58;['-batch-training', '-calc-rsi', '-verbose', '-prediction-mode=index', '-interval-list=30m', '-range-min-rsi=28', '-range-max-rsi=80', '-range-p-ema=50,250', '-target-margin-list=1.0,1.5,2.0,2.5,3.0,3.5,4.0,4.5,5.0', '-log-level=WARNING']
2023-11-26 19:56:02;UNIUSDT;30m;4.0;150;28;80;100.0;2;109.58;['-batch-training', '-calc-rsi', '-verbose', '-prediction-mode=index', '-interval-list=30m', '-range-min-rsi=28', '-range-max-rsi=80', '-range-p-ema=50,250', '-target-margin-list=1.0,1.5,2.0,2.5,3.0,3.5,4.0,4.5,5.0', '-log-level=WARNING']
2023-11-26 19:59:15;UNIUSDT;30m;1.0;175;30;78;100.0;3;109.6;['-batch-training', '-calc-rsi', '-verbose', '-prediction-mode=index', '-interval-list=30m', '-range-min-rsi=28', '-range-max-rsi=80', '-range-p-ema=50,250', '-target-margin-list=1.0,1.5,2.0,2.5,3.0,3.5,4.0,4.5,5.0', '-log-level=WARNING']
2023-11-26 20:09:19;UNIUSDT;30m;1.0;200;30;78;100.0;3;109.6;['-batch-training', '-calc-rsi', '-verbose', '-prediction-mode=index', '-interval-list=30m', '-range-min-rsi=28', '-range-max-rsi=80', '-range-p-ema=50,250', '-target-margin-list=1.0,1.5,2.0,2.5,3.0,3.5,4.0,4.5,5.0', '-log-level=WARNING']
2023-11-26 20:21:29;UNIUSDT;30m;1.0;225;30;78;100.0;3;109.6;['-batch-training', '-calc-rsi', '-verbose', '-prediction-mode=index', '-interval-list=30m', '-range-min-rsi=28', '-range-max-rsi=80', '-range-p-ema=50,250', '-target-margin-list=1.0,1.5,2.0,2.5,3.0,3.5,4.0,4.5,5.0', '-log-level=WARNING']
2023-11-26 21:00:15;UNIUSDT;30m;4.5;50;30;80;100.0;3;109.61;['-batch-training', '-calc-rsi', '-verbose', '-prediction-mode=index', '-interval-list=30m', '-range-min-rsi=28', '-range-max-rsi=80', '-range-p-ema=50,250', '-target-margin-list=1.0,1.5,2.0,2.5,3.0,3.5,4.0,4.5,5.0', '-log-level=WARNING']
2023-11-26 20:21:47;UNIUSDT;30m;1.0;225;30;80;100.0;5;109.61;['-batch-training', '-calc-rsi', '-verbose', '-prediction-mode=index', '-interval-list=30m', '-range-min-rsi=28', '-range-max-rsi=80', '-range-p-ema=50,250', '-target-margin-list=1.0,1.5,2.0,2.5,3.0,3.5,4.0,4.5,5.0', '-log-level=WARNING']
2023-11-26 20:31:56;UNIUSDT;30m;4.5;225;30;80;100.0;3;109.61;['-batch-training', '-calc-rsi', '-verbose', '-prediction-mode=index', '-interval-list=30m', '-range-min-rsi=28', '-range-max-rsi=80', '-range-p-ema=50,250', '-target-margin-list=1.0,1.5,2.0,2.5,3.0,3.5,4.0,4.5,5.0', '-log-level=WARNING']
2023-11-26 20:07:16;UNIUSDT;30m;4.5;175;30;80;100.0;3;109.61;['-batch-training', '-calc-rsi', '-verbose', '-prediction-mode=index', '-interval-list=30m', '-range-min-rsi=28', '-range-max-rsi=80', '-range-p-ema=50,250', '-target-margin-list=1.0,1.5,2.0,2.5,3.0,3.5,4.0,4.5,5.0', '-log-level=WARNING']
2023-11-26 21:15:43;UNIUSDT;30m;4.5;75;30;80;100.0;3;109.61;['-batch-training', '-calc-rsi', '-verbose', '-prediction-mode=index', '-interval-list=30m', '-range-min-rsi=28', '-range-max-rsi=80', '-range-p-ema=50,250', '-target-margin-list=1.0,1.5,2.0,2.5,3.0,3.5,4.0,4.5,5.0', '-log-level=WARNING']
2023-11-26 19:59:34;UNIUSDT;30m;1.0;175;34;80;100.0;6;109.61;['-batch-training', '-calc-rsi', '-verbose', '-prediction-mode=index', '-interval-list=30m', '-range-min-rsi=28', '-range-max-rsi=80', '-range-p-ema=50,250', '-target-margin-list=1.0,1.5,2.0,2.5,3.0,3.5,4.0,4.5,5.0', '-log-level=WARNING']
2023-11-26 20:09:33;UNIUSDT;30m;1.0;200;30;80;100.0;5;109.61;['-batch-training', '-calc-rsi', '-verbose', '-prediction-mode=index', '-interval-list=30m', '-range-min-rsi=28', '-range-max-rsi=80', '-range-p-ema=50,250', '-target-margin-list=1.0,1.5,2.0,2.5,3.0,3.5,4.0,4.5,5.0', '-log-level=WARNING']
2023-11-26 19:34:39;UNIUSDT;30m;4.5;100;30;80;100.0;3;109.61;['-batch-training', '-calc-rsi', '-verbose', '-prediction-mode=index', '-interval-list=30m', '-range-min-rsi=28', '-range-max-rsi=80', '-range-p-ema=50,250', '-target-margin-list=1.0,1.5,2.0,2.5,3.0,3.5,4.0,4.5,5.0', '-log-level=WARNING']
2023-11-26 19:59:28;UNIUSDT;30m;1.0;175;30;80;100.0;5;109.61;['-batch-training', '-calc-rsi', '-verbose', '-prediction-mode=index', '-interval-list=30m', '-range-min-rsi=28', '-range-max-rsi=80', '-range-p-ema=50,250', '-target-margin-list=1.0,1.5,2.0,2.5,3.0,3.5,4.0,4.5,5.0', '-log-level=WARNING']
2023-11-26 20:18:56;UNIUSDT;30m;4.5;200;30;80;100.0;3;109.61;['-batch-training', '-calc-rsi', '-verbose', '-prediction-mode=index', '-interval-list=30m', '-range-min-rsi=28', '-range-max-rsi=80', '-range-p-ema=50,250', '-target-margin-list=1.0,1.5,2.0,2.5,3.0,3.5,4.0,4.5,5.0', '-log-level=WARNING']
2023-11-26 20:45:37;UNIUSDT;30m;4.5;250;30;80;100.0;3;109.61;['-batch-training', '-calc-rsi', '-verbose', '-prediction-mode=index', '-interval-list=30m', '-range-min-rsi=28', '-range-max-rsi=80', '-range-p-ema=50,250', '-target-margin-list=1.0,1.5,2.0,2.5,3.0,3.5,4.0,4.5,5.0', '-log-level=WARNING']
2023-11-26 19:46:14;UNIUSDT;30m;4.5;125;30;80;100.0;3;109.61;['-batch-training', '-calc-rsi', '-verbose', '-prediction-mode=index', '-interval-list=30m', '-range-min-rsi=28', '-range-max-rsi=80', '-range-p-ema=50,250', '-target-margin-list=1.0,1.5,2.0,2.5,3.0,3.5,4.0,4.5,5.0', '-log-level=WARNING']
2023-11-26 19:57:13;UNIUSDT;30m;4.5;150;30;80;100.0;3;109.61;['-batch-training', '-calc-rsi', '-verbose', '-prediction-mode=index', '-interval-list=30m', '-range-min-rsi=28', '-range-max-rsi=80', '-range-p-ema=50,250', '-target-margin-list=1.0,1.5,2.0,2.5,3.0,3.5,4.0,4.5,5.0', '-log-level=WARNING']
2023-11-26 19:27:41;UNIUSDT;30m;2.0;100;32;74;100.0;4;109.63;['-batch-training', '-calc-rsi', '-verbose', '-prediction-mode=index', '-interval-list=30m', '-range-min-rsi=28', '-range-max-rsi=80', '-range-p-ema=50,250', '-target-margin-list=1.0,1.5,2.0,2.5,3.0,3.5,4.0,4.5,5.0', '-log-level=WARNING']
2023-11-26 20:51:04;UNIUSDT;30m;2.0;50;32;74;100.0;4;109.63;['-batch-training', '-calc-rsi', '-verbose', '-prediction-mode=index', '-interval-list=30m', '-range-min-rsi=28', '-range-max-rsi=80', '-range-p-ema=50,250', '-target-margin-list=1.0,1.5,2.0,2.5,3.0,3.5,4.0,4.5,5.0', '-log-level=WARNING']
2023-11-26 20:38:43;UNIUSDT;30m;2.5;250;36;74;100.0;4;109.63;['-batch-training', '-calc-rsi', '-verbose', '-prediction-mode=index', '-interval-list=30m', '-range-min-rsi=28', '-range-max-rsi=80', '-range-p-ema=50,250', '-target-margin-list=1.0,1.5,2.0,2.5,3.0,3.5,4.0,4.5,5.0', '-log-level=WARNING']
2023-11-26 19:39:10;UNIUSDT;30m;2.0;125;32;74;100.0;4;109.63;['-batch-training', '-calc-rsi', '-verbose', '-prediction-mode=index', '-interval-list=30m', '-range-min-rsi=28', '-range-max-rsi=80', '-range-p-ema=50,250', '-target-margin-list=1.0,1.5,2.0,2.5,3.0,3.5,4.0,4.5,5.0', '-log-level=WARNING']
2023-11-26 21:06:15;UNIUSDT;30m;2.0;75;32;74;100.0;4;109.63;['-batch-training', '-calc-rsi', '-verbose', '-prediction-mode=index', '-interval-list=30m', '-range-min-rsi=28', '-range-max-rsi=80', '-range-p-ema=50,250', '-target-margin-list=1.0,1.5,2.0,2.5,3.0,3.5,4.0,4.5,5.0', '-log-level=WARNING']
2023-11-26 19:59:58;UNIUSDT;30m;1.5;175;32;74;100.0;3;109.65;['-batch-training', '-calc-rsi', '-verbose', '-prediction-mode=index', '-interval-list=30m', '-range-min-rsi=28', '-range-max-rsi=80', '-range-p-ema=50,250', '-target-margin-list=1.0,1.5,2.0,2.5,3.0,3.5,4.0,4.5,5.0', '-log-level=WARNING']
2023-11-26 20:09:12;UNIUSDT;30m;1.0;200;36;76;100.0;2;109.65;['-batch-training', '-calc-rsi', '-verbose', '-prediction-mode=index', '-interval-list=30m', '-range-min-rsi=28', '-range-max-rsi=80', '-range-p-ema=50,250', '-target-margin-list=1.0,1.5,2.0,2.5,3.0,3.5,4.0,4.5,5.0', '-log-level=WARNING']
2023-11-26 20:22:25;UNIUSDT;30m;1.5;225;32;74;100.0;3;109.66;['-batch-training', '-calc-rsi', '-verbose', '-prediction-mode=index', '-interval-list=30m', '-range-min-rsi=28', '-range-max-rsi=80', '-range-p-ema=50,250', '-target-margin-list=1.0,1.5,2.0,2.5,3.0,3.5,4.0,4.5,5.0', '-log-level=WARNING']
2023-11-26 20:59:39;UNIUSDT;30m;4.5;50;32;76;100.0;3;109.66;['-batch-training', '-calc-rsi', '-verbose', '-prediction-mode=index', '-interval-list=30m', '-range-min-rsi=28', '-range-max-rsi=80', '-range-p-ema=50,250', '-target-margin-list=1.0,1.5,2.0,2.5,3.0,3.5,4.0,4.5,5.0', '-log-level=WARNING']
2023-11-26 20:10:05;UNIUSDT;30m;1.5;200;32;74;100.0;3;109.66;['-batch-training', '-calc-rsi', '-verbose', '-prediction-mode=index', '-interval-list=30m', '-range-min-rsi=28', '-range-max-rsi=80', '-range-p-ema=50,250', '-target-margin-list=1.0,1.5,2.0,2.5,3.0,3.5,4.0,4.5,5.0', '-log-level=WARNING']
2023-11-26 21:15:12;UNIUSDT;30m;4.5;75;32;76;100.0;3;109.66;['-batch-training', '-calc-rsi', '-verbose', '-prediction-mode=index', '-interval-list=30m', '-range-min-rsi=28', '-range-max-rsi=80', '-range-p-ema=50,250', '-target-margin-list=1.0,1.5,2.0,2.5,3.0,3.5,4.0,4.5,5.0', '-log-level=WARNING']
2023-11-26 19:45:46;UNIUSDT;30m;4.5;125;32;76;100.0;3;109.66;['-batch-training', '-calc-rsi', '-verbose', '-prediction-mode=index', '-interval-list=30m', '-range-min-rsi=28', '-range-max-rsi=80', '-range-p-ema=50,250', '-target-margin-list=1.0,1.5,2.0,2.5,3.0,3.5,4.0,4.5,5.0', '-log-level=WARNING']
2023-11-26 19:34:12;UNIUSDT;30m;4.5;100;32;76;100.0;3;109.66;['-batch-training', '-calc-rsi', '-verbose', '-prediction-mode=index', '-interval-list=30m', '-range-min-rsi=28', '-range-max-rsi=80', '-range-p-ema=50,250', '-target-margin-list=1.0,1.5,2.0,2.5,3.0,3.5,4.0,4.5,5.0', '-log-level=WARNING']
2023-11-26 20:23:35;UNIUSDT;30m;2.0;225;32;72;100.0;5;109.67;['-batch-training', '-calc-rsi', '-verbose', '-prediction-mode=index', '-interval-list=30m', '-range-min-rsi=28', '-range-max-rsi=80', '-range-p-ema=50,250', '-target-margin-list=1.0,1.5,2.0,2.5,3.0,3.5,4.0,4.5,5.0', '-log-level=WARNING']
2023-11-26 20:11:08;UNIUSDT;30m;2.0;200;32;72;100.0;5;109.67;['-batch-training', '-calc-rsi', '-verbose', '-prediction-mode=index', '-interval-list=30m', '-range-min-rsi=28', '-range-max-rsi=80', '-range-p-ema=50,250', '-target-margin-list=1.0,1.5,2.0,2.5,3.0,3.5,4.0,4.5,5.0', '-log-level=WARNING']
2023-11-26 20:47:41;UNIUSDT;30m;1.0;50;36;72;100.0;5;109.68;['-batch-training', '-calc-rsi', '-verbose', '-prediction-mode=index', '-interval-list=30m', '-range-min-rsi=28', '-range-max-rsi=80', '-range-p-ema=50,250', '-target-margin-list=1.0,1.5,2.0,2.5,3.0,3.5,4.0,4.5,5.0', '-log-level=WARNING']
2023-11-26 19:36:21;UNIUSDT;30m;1.0;125;36;72;100.0;5;109.68;['-batch-training', '-calc-rsi', '-verbose', '-prediction-mode=index', '-interval-list=30m', '-range-min-rsi=28', '-range-max-rsi=80', '-range-p-ema=50,250', '-target-margin-list=1.0,1.5,2.0,2.5,3.0,3.5,4.0,4.5,5.0', '-log-level=WARNING']
2023-11-26 19:24:55;UNIUSDT;30m;1.0;100;36;72;100.0;5;109.68;['-batch-training', '-calc-rsi', '-verbose', '-prediction-mode=index', '-interval-list=30m', '-range-min-rsi=28', '-range-max-rsi=80', '-range-p-ema=50,250', '-target-margin-list=1.0,1.5,2.0,2.5,3.0,3.5,4.0,4.5,5.0', '-log-level=WARNING']
2023-11-26 19:50:11;UNIUSDT;30m;1.5;150;32;80;100.0;5;109.68;['-batch-training', '-calc-rsi', '-verbose', '-prediction-mode=index', '-interval-list=30m', '-range-min-rsi=28', '-range-max-rsi=80', '-range-p-ema=50,250', '-target-margin-list=1.0,1.5,2.0,2.5,3.0,3.5,4.0,4.5,5.0', '-log-level=WARNING']
2023-11-26 21:02:29;UNIUSDT;30m;1.0;75;36;72;100.0;5;109.68;['-batch-training', '-calc-rsi', '-verbose', '-prediction-mode=index', '-interval-list=30m', '-range-min-rsi=28', '-range-max-rsi=80', '-range-p-ema=50,250', '-target-margin-list=1.0,1.5,2.0,2.5,3.0,3.5,4.0,4.5,5.0', '-log-level=WARNING']
2023-11-26 19:29:08;UNIUSDT;30m;2.5;100;28;76;100.0;3;109.69;['-batch-training', '-calc-rsi', '-verbose', '-prediction-mode=index', '-interval-list=30m', '-range-min-rsi=28', '-range-max-rsi=80', '-range-p-ema=50,250', '-target-margin-list=1.0,1.5,2.0,2.5,3.0,3.5,4.0,4.5,5.0', '-log-level=WARNING']
2023-11-26 19:27:31;UNIUSDT;30m;2.0;100;36;72;100.0;2;109.69;['-batch-training', '-calc-rsi', '-verbose', '-prediction-mode=index', '-interval-list=30m', '-range-min-rsi=28', '-range-max-rsi=80', '-range-p-ema=50,250', '-target-margin-list=1.0,1.5,2.0,2.5,3.0,3.5,4.0,4.5,5.0', '-log-level=WARNING']
2023-11-26 20:38:46;UNIUSDT;30m;2.5;250;28;76;100.0;3;109.69;['-batch-training', '-calc-rsi', '-verbose', '-prediction-mode=index', '-interval-list=30m', '-range-min-rsi=28', '-range-max-rsi=80', '-range-p-ema=50,250', '-target-margin-list=1.0,1.5,2.0,2.5,3.0,3.5,4.0,4.5,5.0', '-log-level=WARNING']
2023-11-26 19:39:00;UNIUSDT;30m;2.0;125;36;72;100.0;2;109.69;['-batch-training', '-calc-rsi', '-verbose', '-prediction-mode=index', '-interval-list=30m', '-range-min-rsi=28', '-range-max-rsi=80', '-range-p-ema=50,250', '-target-margin-list=1.0,1.5,2.0,2.5,3.0,3.5,4.0,4.5,5.0', '-log-level=WARNING']
2023-11-26 19:52:08;UNIUSDT;30m;2.5;150;28;76;100.0;3;109.69;['-batch-training', '-calc-rsi', '-verbose', '-prediction-mode=index', '-interval-list=30m', '-range-min-rsi=28', '-range-max-rsi=80', '-range-p-ema=50,250', '-target-margin-list=1.0,1.5,2.0,2.5,3.0,3.5,4.0,4.5,5.0', '-log-level=WARNING']
2023-11-26 21:06:02;UNIUSDT;30m;2.0;75;36;72;100.0;2;109.69;['-batch-training', '-calc-rsi', '-verbose', '-prediction-mode=index', '-interval-list=30m', '-range-min-rsi=28', '-range-max-rsi=80', '-range-p-ema=50,250', '-target-margin-list=1.0,1.5,2.0,2.5,3.0,3.5,4.0,4.5,5.0', '-log-level=WARNING']
2023-11-26 20:02:22;UNIUSDT;30m;2.5;175;28;76;100.0;3;109.69;['-batch-training', '-calc-rsi', '-verbose', '-prediction-mode=index', '-interval-list=30m', '-range-min-rsi=28', '-range-max-rsi=80', '-range-p-ema=50,250', '-target-margin-list=1.0,1.5,2.0,2.5,3.0,3.5,4.0,4.5,5.0', '-log-level=WARNING']
2023-11-26 20:52:55;UNIUSDT;30m;2.5;50;28;76;100.0;3;109.69;['-batch-training', '-calc-rsi', '-verbose', '-prediction-mode=index', '-interval-list=30m', '-range-min-rsi=28', '-range-max-rsi=80', '-range-p-ema=50,250', '-target-margin-list=1.0,1.5,2.0,2.5,3.0,3.5,4.0,4.5,5.0', '-log-level=WARNING']
2023-11-26 20:25:29;UNIUSDT;30m;2.5;225;28;76;100.0;3;109.69;['-batch-training', '-calc-rsi', '-verbose', '-prediction-mode=index', '-interval-list=30m', '-range-min-rsi=28', '-range-max-rsi=80', '-range-p-ema=50,250', '-target-margin-list=1.0,1.5,2.0,2.5,3.0,3.5,4.0,4.5,5.0', '-log-level=WARNING']
2023-11-26 21:08:17;UNIUSDT;30m;2.5;75;28;76;100.0;3;109.69;['-batch-training', '-calc-rsi', '-verbose', '-prediction-mode=index', '-interval-list=30m', '-range-min-rsi=28', '-range-max-rsi=80', '-range-p-ema=50,250', '-target-margin-list=1.0,1.5,2.0,2.5,3.0,3.5,4.0,4.5,5.0', '-log-level=WARNING']
2023-11-26 20:12:53;UNIUSDT;30m;2.5;200;28;76;100.0;3;109.69;['-batch-training', '-calc-rsi', '-verbose', '-prediction-mode=index', '-interval-list=30m', '-range-min-rsi=28', '-range-max-rsi=80', '-range-p-ema=50,250', '-target-margin-list=1.0,1.5,2.0,2.5,3.0,3.5,4.0,4.5,5.0', '-log-level=WARNING']
2023-11-26 19:40:37;UNIUSDT;30m;2.5;125;28;76;100.0;3;109.69;['-batch-training', '-calc-rsi', '-verbose', '-prediction-mode=index', '-interval-list=30m', '-range-min-rsi=28', '-range-max-rsi=80', '-range-p-ema=50,250', '-target-margin-list=1.0,1.5,2.0,2.5,3.0,3.5,4.0,4.5,5.0', '-log-level=WARNING']
2023-11-26 20:50:53;UNIUSDT;30m;2.0;50;36;72;100.0;2;109.69;['-batch-training', '-calc-rsi', '-verbose', '-prediction-mode=index', '-interval-list=30m', '-range-min-rsi=28', '-range-max-rsi=80', '-range-p-ema=50,250', '-target-margin-list=1.0,1.5,2.0,2.5,3.0,3.5,4.0,4.5,5.0', '-log-level=WARNING']
2023-11-26 20:48:54;UNIUSDT;30m;1.0;50;34;80;100.0;7;109.71;['-batch-training', '-calc-rsi', '-verbose', '-prediction-mode=index', '-interval-list=30m', '-range-min-rsi=28', '-range-max-rsi=80', '-range-p-ema=50,250', '-target-margin-list=1.0,1.5,2.0,2.5,3.0,3.5,4.0,4.5,5.0', '-log-level=WARNING']
2023-11-26 19:37:23;UNIUSDT;30m;1.0;125;34;80;100.0;7;109.71;['-batch-training', '-calc-rsi', '-verbose', '-prediction-mode=index', '-interval-list=30m', '-range-min-rsi=28', '-range-max-rsi=80', '-range-p-ema=50,250', '-target-margin-list=1.0,1.5,2.0,2.5,3.0,3.5,4.0,4.5,5.0', '-log-level=WARNING']
2023-11-26 19:25:55;UNIUSDT;30m;1.0;100;34;80;100.0;7;109.71;['-batch-training', '-calc-rsi', '-verbose', '-prediction-mode=index', '-interval-list=30m', '-range-min-rsi=28', '-range-max-rsi=80', '-range-p-ema=50,250', '-target-margin-list=1.0,1.5,2.0,2.5,3.0,3.5,4.0,4.5,5.0', '-log-level=WARNING']
2023-11-26 21:03:48;UNIUSDT;30m;1.0;75;34;80;100.0;7;109.71;['-batch-training', '-calc-rsi', '-verbose', '-prediction-mode=index', '-interval-list=30m', '-range-min-rsi=28', '-range-max-rsi=80', '-range-p-ema=50,250', '-target-margin-list=1.0,1.5,2.0,2.5,3.0,3.5,4.0,4.5,5.0', '-log-level=WARNING']
2023-11-26 20:25:53;UNIUSDT;30m;2.5;225;32;78;100.0;4;109.72;['-batch-training', '-calc-rsi', '-verbose', '-prediction-mode=index', '-interval-list=30m', '-range-min-rsi=28', '-range-max-rsi=80', '-range-p-ema=50,250', '-target-margin-list=1.0,1.5,2.0,2.5,3.0,3.5,4.0,4.5,5.0', '-log-level=WARNING']
2023-11-26 19:48:55;UNIUSDT;30m;1.0;150;34;80;100.0;2;109.72;['-batch-training', '-calc-rsi', '-verbose', '-prediction-mode=index', '-interval-list=30m', '-range-min-rsi=28', '-range-max-rsi=80', '-range-p-ema=50,250', '-target-margin-list=1.0,1.5,2.0,2.5,3.0,3.5,4.0,4.5,5.0', '-log-level=WARNING']
2023-11-26 20:13:16;UNIUSDT;30m;2.5;200;32;78;100.0;4;109.72;['-batch-training', '-calc-rsi', '-verbose', '-prediction-mode=index', '-interval-list=30m', '-range-min-rsi=28', '-range-max-rsi=80', '-range-p-ema=50,250', '-target-margin-list=1.0,1.5,2.0,2.5,3.0,3.5,4.0,4.5,5.0', '-log-level=WARNING']
2023-11-26 20:35:25;UNIUSDT;30m;1.5;250;36;72;100.0;5;109.73;['-batch-training', '-calc-rsi', '-verbose', '-prediction-mode=index', '-interval-list=30m', '-range-min-rsi=28', '-range-max-rsi=80', '-range-p-ema=50,250', '-target-margin-list=1.0,1.5,2.0,2.5,3.0,3.5,4.0,4.5,5.0', '-log-level=WARNING']
2023-11-26 20:22:49;UNIUSDT;30m;1.5;225;36;76;100.0;3;109.74;['-batch-training', '-calc-rsi', '-verbose', '-prediction-mode=index', '-interval-list=30m', '-range-min-rsi=28', '-range-max-rsi=80', '-range-p-ema=50,250', '-target-margin-list=1.0,1.5,2.0,2.5,3.0,3.5,4.0,4.5,5.0', '-log-level=WARNING']
2023-11-26 20:37:22;UNIUSDT;30m;2.0;250;32;76;100.0;2;109.75;['-batch-training', '-calc-rsi', '-verbose', '-prediction-mode=index', '-interval-list=30m', '-range-min-rsi=28', '-range-max-rsi=80', '-range-p-ema=50,250', '-target-margin-list=1.0,1.5,2.0,2.5,3.0,3.5,4.0,4.5,5.0', '-log-level=WARNING']
2023-11-26 20:11:28;UNIUSDT;30m;2.0;200;34;74;100.0;2;109.76;['-batch-training', '-calc-rsi', '-verbose', '-prediction-mode=index', '-interval-list=30m', '-range-min-rsi=28', '-range-max-rsi=80', '-range-p-ema=50,250', '-target-margin-list=1.0,1.5,2.0,2.5,3.0,3.5,4.0,4.5,5.0', '-log-level=WARNING']
2023-11-26 19:31:09;UNIUSDT;30m;3.5;100;28;72;100.0;2;109.77;['-batch-training', '-calc-rsi', '-verbose', '-prediction-mode=index', '-interval-list=30m', '-range-min-rsi=28', '-range-max-rsi=80', '-range-p-ema=50,250', '-target-margin-list=1.0,1.5,2.0,2.5,3.0,3.5,4.0,4.5,5.0', '-log-level=WARNING']
2023-11-26 21:11:08;UNIUSDT;30m;3.5;75;28;72;100.0;2;109.77;['-batch-training', '-calc-rsi', '-verbose', '-prediction-mode=index', '-interval-list=30m', '-range-min-rsi=28', '-range-max-rsi=80', '-range-p-ema=50,250', '-target-margin-list=1.0,1.5,2.0,2.5,3.0,3.5,4.0,4.5,5.0', '-log-level=WARNING']
2023-11-26 19:42:39;UNIUSDT;30m;3.5;125;28;72;100.0;2;109.77;['-batch-training', '-calc-rsi', '-verbose', '-prediction-mode=index', '-interval-list=30m', '-range-min-rsi=28', '-range-max-rsi=80', '-range-p-ema=50,250', '-target-margin-list=1.0,1.5,2.0,2.5,3.0,3.5,4.0,4.5,5.0', '-log-level=WARNING']
2023-11-26 20:27:44;UNIUSDT;30m;3.0;225;36;80;100.0;4;109.77;['-batch-training', '-calc-rsi', '-verbose', '-prediction-mode=index', '-interval-list=30m', '-range-min-rsi=28', '-range-max-rsi=80', '-range-p-ema=50,250', '-target-margin-list=1.0,1.5,2.0,2.5,3.0,3.5,4.0,4.5,5.0', '-log-level=WARNING']
2023-11-26 19:53:59;UNIUSDT;30m;3.5;150;28;72;100.0;2;109.77;['-batch-training', '-calc-rsi', '-verbose', '-prediction-mode=index', '-interval-list=30m', '-range-min-rsi=28', '-range-max-rsi=80', '-range-p-ema=50,250', '-target-margin-list=1.0,1.5,2.0,2.5,3.0,3.5,4.0,4.5,5.0', '-log-level=WARNING']
2023-11-26 20:15:02;UNIUSDT;30m;3.5;200;28;72;100.0;2;109.77;['-batch-training', '-calc-rsi', '-verbose', '-prediction-mode=index', '-interval-list=30m', '-range-min-rsi=28', '-range-max-rsi=80', '-range-p-ema=50,250', '-target-margin-list=1.0,1.5,2.0,2.5,3.0,3.5,4.0,4.5,5.0', '-log-level=WARNING']
2023-11-26 20:55:33;UNIUSDT;30m;3.5;50;28;72;100.0;2;109.77;['-batch-training', '-calc-rsi', '-verbose', '-prediction-mode=index', '-interval-list=30m', '-range-min-rsi=28', '-range-max-rsi=80', '-range-p-ema=50,250', '-target-margin-list=1.0,1.5,2.0,2.5,3.0,3.5,4.0,4.5,5.0', '-log-level=WARNING']
2023-11-26 20:04:08;UNIUSDT;30m;3.5;175;28;72;100.0;2;109.77;['-batch-training', '-calc-rsi', '-verbose', '-prediction-mode=index', '-interval-list=30m', '-range-min-rsi=28', '-range-max-rsi=80', '-range-p-ema=50,250', '-target-margin-list=1.0,1.5,2.0,2.5,3.0,3.5,4.0,4.5,5.0', '-log-level=WARNING']
2023-11-26 20:47:34;UNIUSDT;30m;1.0;50;32;72;100.0;5;109.79;['-batch-training', '-calc-rsi', '-verbose', '-prediction-mode=index', '-interval-list=30m', '-range-min-rsi=28', '-range-max-rsi=80', '-range-p-ema=50,250', '-target-margin-list=1.0,1.5,2.0,2.5,3.0,3.5,4.0,4.5,5.0', '-log-level=WARNING']
2023-11-26 19:58:41;UNIUSDT;30m;1.0;175;36;72;100.0;4;109.79;['-batch-training', '-calc-rsi', '-verbose', '-prediction-mode=index', '-interval-list=30m', '-range-min-rsi=28', '-range-max-rsi=80', '-range-p-ema=50,250', '-target-margin-list=1.0,1.5,2.0,2.5,3.0,3.5,4.0,4.5,5.0', '-log-level=WARNING']
2023-11-26 19:36:15;UNIUSDT;30m;1.0;125;32;72;100.0;5;109.79;['-batch-training', '-calc-rsi', '-verbose', '-prediction-mode=index', '-interval-list=30m', '-range-min-rsi=28', '-range-max-rsi=80', '-range-p-ema=50,250', '-target-margin-list=1.0,1.5,2.0,2.5,3.0,3.5,4.0,4.5,5.0', '-log-level=WARNING']
2023-11-26 21:02:20;UNIUSDT;30m;1.0;75;32;72;100.0;5;109.79;['-batch-training', '-calc-rsi', '-verbose', '-prediction-mode=index', '-interval-list=30m', '-range-min-rsi=28', '-range-max-rsi=80', '-range-p-ema=50,250', '-target-margin-list=1.0,1.5,2.0,2.5,3.0,3.5,4.0,4.5,5.0', '-log-level=WARNING']
2023-11-26 19:24:48;UNIUSDT;30m;1.0;100;32;72;100.0;5;109.79;['-batch-training', '-calc-rsi', '-verbose', '-prediction-mode=index', '-interval-list=30m', '-range-min-rsi=28', '-range-max-rsi=80', '-range-p-ema=50,250', '-target-margin-list=1.0,1.5,2.0,2.5,3.0,3.5,4.0,4.5,5.0', '-log-level=WARNING']
2023-11-26 20:08:44;UNIUSDT;30m;1.0;200;36;72;100.0;4;109.8;['-batch-training', '-calc-rsi', '-verbose', '-prediction-mode=index', '-interval-list=30m', '-range-min-rsi=28', '-range-max-rsi=80', '-range-p-ema=50,250', '-target-margin-list=1.0,1.5,2.0,2.5,3.0,3.5,4.0,4.5,5.0', '-log-level=WARNING']
2023-11-26 20:37:12;UNIUSDT;30m;2.0;250;36;74;100.0;6;109.81;['-batch-training', '-calc-rsi', '-verbose', '-prediction-mode=index', '-interval-list=30m', '-range-min-rsi=28', '-range-max-rsi=80', '-range-p-ema=50,250', '-target-margin-list=1.0,1.5,2.0,2.5,3.0,3.5,4.0,4.5,5.0', '-log-level=WARNING']
2023-11-26 19:26:57;UNIUSDT;30m;1.5;100;34;78;100.0;4;109.84;['-batch-training', '-calc-rsi', '-verbose', '-prediction-mode=index', '-interval-list=30m', '-range-min-rsi=28', '-range-max-rsi=80', '-range-p-ema=50,250', '-target-margin-list=1.0,1.5,2.0,2.5,3.0,3.5,4.0,4.5,5.0', '-log-level=WARNING']
2023-11-26 20:50:10;UNIUSDT;30m;1.5;50;34;78;100.0;4;109.84;['-batch-training', '-calc-rsi', '-verbose', '-prediction-mode=index', '-interval-list=30m', '-range-min-rsi=28', '-range-max-rsi=80', '-range-p-ema=50,250', '-target-margin-list=1.0,1.5,2.0,2.5,3.0,3.5,4.0,4.5,5.0', '-log-level=WARNING']
2023-11-26 19:38:26;UNIUSDT;30m;1.5;125;34;78;100.0;4;109.84;['-batch-training', '-calc-rsi', '-verbose', '-prediction-mode=index', '-interval-list=30m', '-range-min-rsi=28', '-range-max-rsi=80', '-range-p-ema=50,250', '-target-margin-list=1.0,1.5,2.0,2.5,3.0,3.5,4.0,4.5,5.0', '-log-level=WARNING']
2023-11-26 21:05:15;UNIUSDT;30m;1.5;75;34;78;100.0;4;109.84;['-batch-training', '-calc-rsi', '-verbose', '-prediction-mode=index', '-interval-list=30m', '-range-min-rsi=28', '-range-max-rsi=80', '-range-p-ema=50,250', '-target-margin-list=1.0,1.5,2.0,2.5,3.0,3.5,4.0,4.5,5.0', '-log-level=WARNING']
2023-11-26 20:21:19;UNIUSDT;30m;1.0;225;34;76;100.0;6;109.84;['-batch-training', '-calc-rsi', '-verbose', '-prediction-mode=index', '-interval-list=30m', '-range-min-rsi=28', '-range-max-rsi=80', '-range-p-ema=50,250', '-target-margin-list=1.0,1.5,2.0,2.5,3.0,3.5,4.0,4.5,5.0', '-log-level=WARNING']
2023-11-26 20:36:36;UNIUSDT;30m;1.5;250;36;80;100.0;7;109.85;['-batch-training', '-calc-rsi', '-verbose', '-prediction-mode=index', '-interval-list=30m', '-range-min-rsi=28', '-range-max-rsi=80', '-range-p-ema=50,250', '-target-margin-list=1.0,1.5,2.0,2.5,3.0,3.5,4.0,4.5,5.0', '-log-level=WARNING']
2023-11-26 20:16:14;UNIUSDT;30m;3.5;200;32;80;100.0;4;109.87;['-batch-training', '-calc-rsi', '-verbose', '-prediction-mode=index', '-interval-list=30m', '-range-min-rsi=28', '-range-max-rsi=80', '-range-p-ema=50,250', '-target-margin-list=1.0,1.5,2.0,2.5,3.0,3.5,4.0,4.5,5.0', '-log-level=WARNING']
2023-11-26 20:42:34;UNIUSDT;30m;3.5;250;32;80;100.0;4;109.87;['-batch-training', '-calc-rsi', '-verbose', '-prediction-mode=index', '-interval-list=30m', '-range-min-rsi=28', '-range-max-rsi=80', '-range-p-ema=50,250', '-target-margin-list=1.0,1.5,2.0,2.5,3.0,3.5,4.0,4.5,5.0', '-log-level=WARNING']
2023-11-26 20:29:06;UNIUSDT;30m;3.5;225;32;80;100.0;4;109.87;['-batch-training', '-calc-rsi', '-verbose', '-prediction-mode=index', '-interval-list=30m', '-range-min-rsi=28', '-range-max-rsi=80', '-range-p-ema=50,250', '-target-margin-list=1.0,1.5,2.0,2.5,3.0,3.5,4.0,4.5,5.0', '-log-level=WARNING']
2023-11-26 19:54:59;UNIUSDT;30m;3.5;150;32;80;100.0;4;109.87;['-batch-training', '-calc-rsi', '-verbose', '-prediction-mode=index', '-interval-list=30m', '-range-min-rsi=28', '-range-max-rsi=80', '-range-p-ema=50,250', '-target-margin-list=1.0,1.5,2.0,2.5,3.0,3.5,4.0,4.5,5.0', '-log-level=WARNING']
2023-11-26 20:05:07;UNIUSDT;30m;3.5;175;32;80;100.0;4;109.87;['-batch-training', '-calc-rsi', '-verbose', '-prediction-mode=index', '-interval-list=30m', '-range-min-rsi=28', '-range-max-rsi=80', '-range-p-ema=50,250', '-target-margin-list=1.0,1.5,2.0,2.5,3.0,3.5,4.0,4.5,5.0', '-log-level=WARNING']
2023-11-26 20:53:10;UNIUSDT;30m;2.5;50;36;76;100.0;2;109.88;['-batch-training', '-calc-rsi', '-verbose', '-prediction-mode=index', '-interval-list=30m', '-range-min-rsi=28', '-range-max-rsi=80', '-range-p-ema=50,250', '-target-margin-list=1.0,1.5,2.0,2.5,3.0,3.5,4.0,4.5,5.0', '-log-level=WARNING']
2023-11-26 19:29:20;UNIUSDT;30m;2.5;100;36;76;100.0;2;109.88;['-batch-training', '-calc-rsi', '-verbose', '-prediction-mode=index', '-interval-list=30m', '-range-min-rsi=28', '-range-max-rsi=80', '-range-p-ema=50,250', '-target-margin-list=1.0,1.5,2.0,2.5,3.0,3.5,4.0,4.5,5.0', '-log-level=WARNING']
2023-11-26 19:40:49;UNIUSDT;30m;2.5;125;36;76;100.0;2;109.88;['-batch-training', '-calc-rsi', '-verbose', '-prediction-mode=index', '-interval-list=30m', '-range-min-rsi=28', '-range-max-rsi=80', '-range-p-ema=50,250', '-target-margin-list=1.0,1.5,2.0,2.5,3.0,3.5,4.0,4.5,5.0', '-log-level=WARNING']
2023-11-26 21:08:35;UNIUSDT;30m;2.5;75;36;76;100.0;2;109.88;['-batch-training', '-calc-rsi', '-verbose', '-prediction-mode=index', '-interval-list=30m', '-range-min-rsi=28', '-range-max-rsi=80', '-range-p-ema=50,250', '-target-margin-list=1.0,1.5,2.0,2.5,3.0,3.5,4.0,4.5,5.0', '-log-level=WARNING']
2023-11-26 20:20:37;UNIUSDT;30m;1.0;225;30;72;100.0;2;109.89;['-batch-training', '-calc-rsi', '-verbose', '-prediction-mode=index', '-interval-list=30m', '-range-min-rsi=28', '-range-max-rsi=80', '-range-p-ema=50,250', '-target-margin-list=1.0,1.5,2.0,2.5,3.0,3.5,4.0,4.5,5.0', '-log-level=WARNING']
2023-11-26 20:23:41;UNIUSDT;30m;2.0;225;36;72;100.0;5;109.9;['-batch-training', '-calc-rsi', '-verbose', '-prediction-mode=index', '-interval-list=30m', '-range-min-rsi=28', '-range-max-rsi=80', '-range-p-ema=50,250', '-target-margin-list=1.0,1.5,2.0,2.5,3.0,3.5,4.0,4.5,5.0', '-log-level=WARNING']
2023-11-26 20:35:35;UNIUSDT;30m;1.5;250;32;74;100.0;2;109.91;['-batch-training', '-calc-rsi', '-verbose', '-prediction-mode=index', '-interval-list=30m', '-range-min-rsi=28', '-range-max-rsi=80', '-range-p-ema=50,250', '-target-margin-list=1.0,1.5,2.0,2.5,3.0,3.5,4.0,4.5,5.0', '-log-level=WARNING']
2023-11-26 20:38:02;UNIUSDT;30m;2.0;250;34;80;100.0;2;109.92;['-batch-training', '-calc-rsi', '-verbose', '-prediction-mode=index', '-interval-list=30m', '-range-min-rsi=28', '-range-max-rsi=80', '-range-p-ema=50,250', '-target-margin-list=1.0,1.5,2.0,2.5,3.0,3.5,4.0,4.5,5.0', '-log-level=WARNING']
2023-11-26 20:34:38;UNIUSDT;30m;1.0;250;30;78;100.0;4;109.94;['-batch-training', '-calc-rsi', '-verbose', '-prediction-mode=index', '-interval-list=30m', '-range-min-rsi=28', '-range-max-rsi=80', '-range-p-ema=50,250', '-target-margin-list=1.0,1.5,2.0,2.5,3.0,3.5,4.0,4.5,5.0', '-log-level=WARNING']
2023-11-26 20:09:13;UNIUSDT;30m;1.0;200;36;76;100.0;6;109.97;['-batch-training', '-calc-rsi', '-verbose', '-prediction-mode=index', '-interval-list=30m', '-range-min-rsi=28', '-range-max-rsi=80', '-range-p-ema=50,250', '-target-margin-list=1.0,1.5,2.0,2.5,3.0,3.5,4.0,4.5,5.0', '-log-level=WARNING']
2023-11-26 20:08:38;UNIUSDT;30m;1.0;200;32;72;100.0;2;109.99;['-batch-training', '-calc-rsi', '-verbose', '-prediction-mode=index', '-interval-list=30m', '-range-min-rsi=28', '-range-max-rsi=80', '-range-p-ema=50,250', '-target-margin-list=1.0,1.5,2.0,2.5,3.0,3.5,4.0,4.5,5.0', '-log-level=WARNING']
2023-11-26 20:38:35;UNIUSDT;30m;2.5;250;32;74;100.0;4;110.0;['-batch-training', '-calc-rsi', '-verbose', '-prediction-mode=index', '-interval-list=30m', '-range-min-rsi=28', '-range-max-rsi=80', '-range-p-ema=50,250', '-target-margin-list=1.0,1.5,2.0,2.5,3.0,3.5,4.0,4.5,5.0', '-log-level=WARNING']
2023-11-26 19:52:49;UNIUSDT;30m;2.5;150;36;80;100.0;5;110.02;['-batch-training', '-calc-rsi', '-verbose', '-prediction-mode=index', '-interval-list=30m', '-range-min-rsi=28', '-range-max-rsi=80', '-range-p-ema=50,250', '-target-margin-list=1.0,1.5,2.0,2.5,3.0,3.5,4.0,4.5,5.0', '-log-level=WARNING']
2023-11-26 19:50:57;UNIUSDT;30m;2.0;150;32;76;100.0;3;110.04;['-batch-training', '-calc-rsi', '-verbose', '-prediction-mode=index', '-interval-list=30m', '-range-min-rsi=28', '-range-max-rsi=80', '-range-p-ema=50,250', '-target-margin-list=1.0,1.5,2.0,2.5,3.0,3.5,4.0,4.5,5.0', '-log-level=WARNING']
2023-11-26 20:01:20;UNIUSDT;30m;2.0;175;32;76;100.0;3;110.04;['-batch-training', '-calc-rsi', '-verbose', '-prediction-mode=index', '-interval-list=30m', '-range-min-rsi=28', '-range-max-rsi=80', '-range-p-ema=50,250', '-target-margin-list=1.0,1.5,2.0,2.5,3.0,3.5,4.0,4.5,5.0', '-log-level=WARNING']
2023-11-26 19:25:42;UNIUSDT;30m;1.0;100;36;78;100.0;7;110.04;['-batch-training', '-calc-rsi', '-verbose', '-prediction-mode=index', '-interval-list=30m', '-range-min-rsi=28', '-range-max-rsi=80', '-range-p-ema=50,250', '-target-margin-list=1.0,1.5,2.0,2.5,3.0,3.5,4.0,4.5,5.0', '-log-level=WARNING']
2023-11-26 19:37:11;UNIUSDT;30m;1.0;125;36;78;100.0;7;110.04;['-batch-training', '-calc-rsi', '-verbose', '-prediction-mode=index', '-interval-list=30m', '-range-min-rsi=28', '-range-max-rsi=80', '-range-p-ema=50,250', '-target-margin-list=1.0,1.5,2.0,2.5,3.0,3.5,4.0,4.5,5.0', '-log-level=WARNING']
2023-11-26 19:58:50;UNIUSDT;30m;1.0;175;32;74;100.0;3;110.05;['-batch-training', '-calc-rsi', '-verbose', '-prediction-mode=index', '-interval-list=30m', '-range-min-rsi=28', '-range-max-rsi=80', '-range-p-ema=50,250', '-target-margin-list=1.0,1.5,2.0,2.5,3.0,3.5,4.0,4.5,5.0', '-log-level=WARNING']
2023-11-26 20:34:12;UNIUSDT;30m;1.0;250;36;74;100.0;5;110.07;['-batch-training', '-calc-rsi', '-verbose', '-prediction-mode=index', '-interval-list=30m', '-range-min-rsi=28', '-range-max-rsi=80', '-range-p-ema=50,250', '-target-margin-list=1.0,1.5,2.0,2.5,3.0,3.5,4.0,4.5,5.0', '-log-level=WARNING']
2023-11-26 20:20:58;UNIUSDT;30m;1.0;225;32;74;100.0;3;110.07;['-batch-training', '-calc-rsi', '-verbose', '-prediction-mode=index', '-interval-list=30m', '-range-min-rsi=28', '-range-max-rsi=80', '-range-p-ema=50,250', '-target-margin-list=1.0,1.5,2.0,2.5,3.0,3.5,4.0,4.5,5.0', '-log-level=WARNING']
2023-11-26 20:08:52;UNIUSDT;30m;1.0;200;32;74;100.0;3;110.07;['-batch-training', '-calc-rsi', '-verbose', '-prediction-mode=index', '-interval-list=30m', '-range-min-rsi=28', '-range-max-rsi=80', '-range-p-ema=50,250', '-target-margin-list=1.0,1.5,2.0,2.5,3.0,3.5,4.0,4.5,5.0', '-log-level=WARNING']
2023-11-26 20:08:58;UNIUSDT;30m;1.0;200;36;74;100.0;6;110.07;['-batch-training', '-calc-rsi', '-verbose', '-prediction-mode=index', '-interval-list=30m', '-range-min-rsi=28', '-range-max-rsi=80', '-range-p-ema=50,250', '-target-margin-list=1.0,1.5,2.0,2.5,3.0,3.5,4.0,4.5,5.0', '-log-level=WARNING']
2023-11-26 20:00:26;UNIUSDT;30m;1.5;175;32;78;100.0;4;110.08;['-batch-training', '-calc-rsi', '-verbose', '-prediction-mode=index', '-interval-list=30m', '-range-min-rsi=28', '-range-max-rsi=80', '-range-p-ema=50,250', '-target-margin-list=1.0,1.5,2.0,2.5,3.0,3.5,4.0,4.5,5.0', '-log-level=WARNING']
2023-11-26 20:08:58;UNIUSDT;30m;1.0;200;36;74;100.0;4;110.09;['-batch-training', '-calc-rsi', '-verbose', '-prediction-mode=index', '-interval-list=30m', '-range-min-rsi=28', '-range-max-rsi=80', '-range-p-ema=50,250', '-target-margin-list=1.0,1.5,2.0,2.5,3.0,3.5,4.0,4.5,5.0', '-log-level=WARNING']
2023-11-26 20:11:41;UNIUSDT;30m;2.0;200;32;76;100.0;2;110.1;['-batch-training', '-calc-rsi', '-verbose', '-prediction-mode=index', '-interval-list=30m', '-range-min-rsi=28', '-range-max-rsi=80', '-range-p-ema=50,250', '-target-margin-list=1.0,1.5,2.0,2.5,3.0,3.5,4.0,4.5,5.0', '-log-level=WARNING']
2023-11-26 20:10:37;UNIUSDT;30m;1.5;200;32;78;100.0;4;110.1;['-batch-training', '-calc-rsi', '-verbose', '-prediction-mode=index', '-interval-list=30m', '-range-min-rsi=28', '-range-max-rsi=80', '-range-p-ema=50,250', '-target-margin-list=1.0,1.5,2.0,2.5,3.0,3.5,4.0,4.5,5.0', '-log-level=WARNING']
2023-11-26 19:59:06;UNIUSDT;30m;1.0;175;34;76;100.0;5;110.1;['-batch-training', '-calc-rsi', '-verbose', '-prediction-mode=index', '-interval-list=30m', '-range-min-rsi=28', '-range-max-rsi=80', '-range-p-ema=50,250', '-target-margin-list=1.0,1.5,2.0,2.5,3.0,3.5,4.0,4.5,5.0', '-log-level=WARNING']
2023-11-26 20:24:09;UNIUSDT;30m;2.0;225;32;76;100.0;2;110.1;['-batch-training', '-calc-rsi', '-verbose', '-prediction-mode=index', '-interval-list=30m', '-range-min-rsi=28', '-range-max-rsi=80', '-range-p-ema=50,250', '-target-margin-list=1.0,1.5,2.0,2.5,3.0,3.5,4.0,4.5,5.0', '-log-level=WARNING']
2023-11-26 20:23:01;UNIUSDT;30m;1.5;225;32;78;100.0;4;110.1;['-batch-training', '-calc-rsi', '-verbose', '-prediction-mode=index', '-interval-list=30m', '-range-min-rsi=28', '-range-max-rsi=80', '-range-p-ema=50,250', '-target-margin-list=1.0,1.5,2.0,2.5,3.0,3.5,4.0,4.5,5.0', '-log-level=WARNING']
2023-11-26 20:28:54;UNIUSDT;30m;3.5;225;36;78;100.0;3;110.1;['-batch-training', '-calc-rsi', '-verbose', '-prediction-mode=index', '-interval-list=30m', '-range-min-rsi=28', '-range-max-rsi=80', '-range-p-ema=50,250', '-target-margin-list=1.0,1.5,2.0,2.5,3.0,3.5,4.0,4.5,5.0', '-log-level=WARNING']
2023-11-26 19:59:37;UNIUSDT;30m;1.0;175;36;80;100.0;6;110.12;['-batch-training', '-calc-rsi', '-verbose', '-prediction-mode=index', '-interval-list=30m', '-range-min-rsi=28', '-range-max-rsi=80', '-range-p-ema=50,250', '-target-margin-list=1.0,1.5,2.0,2.5,3.0,3.5,4.0,4.5,5.0', '-log-level=WARNING']
2023-11-26 19:49:42;UNIUSDT;30m;1.5;150;34;76;100.0;7;110.13;['-batch-training', '-calc-rsi', '-verbose', '-prediction-mode=index', '-interval-list=30m', '-range-min-rsi=28', '-range-max-rsi=80', '-range-p-ema=50,250', '-target-margin-list=1.0,1.5,2.0,2.5,3.0,3.5,4.0,4.5,5.0', '-log-level=WARNING']
2023-11-26 19:58:35;UNIUSDT;30m;1.0;175;32;72;100.0;4;110.15;['-batch-training', '-calc-rsi', '-verbose', '-prediction-mode=index', '-interval-list=30m', '-range-min-rsi=28', '-range-max-rsi=80', '-range-p-ema=50,250', '-target-margin-list=1.0,1.5,2.0,2.5,3.0,3.5,4.0,4.5,5.0', '-log-level=WARNING']
2023-11-26 19:27:31;UNIUSDT;30m;2.0;100;36;72;100.0;3;110.15;['-batch-training', '-calc-rsi', '-verbose', '-prediction-mode=index', '-interval-list=30m', '-range-min-rsi=28', '-range-max-rsi=80', '-range-p-ema=50,250', '-target-margin-list=1.0,1.5,2.0,2.5,3.0,3.5,4.0,4.5,5.0', '-log-level=WARNING']
2023-11-26 21:06:02;UNIUSDT;30m;2.0;75;36;72;100.0;3;110.15;['-batch-training', '-calc-rsi', '-verbose', '-prediction-mode=index', '-interval-list=30m', '-range-min-rsi=28', '-range-max-rsi=80', '-range-p-ema=50,250', '-target-margin-list=1.0,1.5,2.0,2.5,3.0,3.5,4.0,4.5,5.0', '-log-level=WARNING']
2023-11-26 19:39:01;UNIUSDT;30m;2.0;125;36;72;100.0;3;110.15;['-batch-training', '-calc-rsi', '-verbose', '-prediction-mode=index', '-interval-list=30m', '-range-min-rsi=28', '-range-max-rsi=80', '-range-p-ema=50,250', '-target-margin-list=1.0,1.5,2.0,2.5,3.0,3.5,4.0,4.5,5.0', '-log-level=WARNING']
2023-11-26 20:50:53;UNIUSDT;30m;2.0;50;36;72;100.0;3;110.15;['-batch-training', '-calc-rsi', '-verbose', '-prediction-mode=index', '-interval-list=30m', '-range-min-rsi=28', '-range-max-rsi=80', '-range-p-ema=50,250', '-target-margin-list=1.0,1.5,2.0,2.5,3.0,3.5,4.0,4.5,5.0', '-log-level=WARNING']
2023-11-26 20:08:38;UNIUSDT;30m;1.0;200;32;72;100.0;4;110.17;['-batch-training', '-calc-rsi', '-verbose', '-prediction-mode=index', '-interval-list=30m', '-range-min-rsi=28', '-range-max-rsi=80', '-range-p-ema=50,250', '-target-margin-list=1.0,1.5,2.0,2.5,3.0,3.5,4.0,4.5,5.0', '-log-level=WARNING']
2023-11-26 20:03:00;UNIUSDT;30m;2.5;175;36;80;100.0;5;110.17;['-batch-training', '-calc-rsi', '-verbose', '-prediction-mode=index', '-interval-list=30m', '-range-min-rsi=28', '-range-max-rsi=80', '-range-p-ema=50,250', '-target-margin-list=1.0,1.5,2.0,2.5,3.0,3.5,4.0,4.5,5.0', '-log-level=WARNING']
2023-11-26 20:34:41;UNIUSDT;30m;1.0;250;32;78;100.0;2;110.18;['-batch-training', '-calc-rsi', '-verbose', '-prediction-mode=index', '-interval-list=30m', '-range-min-rsi=28', '-range-max-rsi=80', '-range-p-ema=50,250', '-target-margin-list=1.0,1.5,2.0,2.5,3.0,3.5,4.0,4.5,5.0', '-log-level=WARNING']
2023-11-26 20:36:29;UNIUSDT;30m;1.5;250;32;80;100.0;2;110.2;['-batch-training', '-calc-rsi', '-verbose', '-prediction-mode=index', '-interval-list=30m', '-range-min-rsi=28', '-range-max-rsi=80', '-range-p-ema=50,250', '-target-margin-list=1.0,1.5,2.0,2.5,3.0,3.5,4.0,4.5,5.0', '-log-level=WARNING']
2023-11-26 20:26:10;UNIUSDT;30m;2.5;225;32;80;100.0;2;110.2;['-batch-training', '-calc-rsi', '-verbose', '-prediction-mode=index', '-interval-list=30m', '-range-min-rsi=28', '-range-max-rsi=80', '-range-p-ema=50,250', '-target-margin-list=1.0,1.5,2.0,2.5,3.0,3.5,4.0,4.5,5.0', '-log-level=WARNING']
2023-11-26 21:07:21;UNIUSDT;30m;2.0;75;32;80;100.0;6;110.2;['-batch-training', '-calc-rsi', '-verbose', '-prediction-mode=index', '-interval-list=30m', '-range-min-rsi=28', '-range-max-rsi=80', '-range-p-ema=50,250', '-target-margin-list=1.0,1.5,2.0,2.5,3.0,3.5,4.0,4.5,5.0', '-log-level=WARNING']
2023-11-26 20:52:03;UNIUSDT;30m;2.0;50;32;80;100.0;6;110.2;['-batch-training', '-calc-rsi', '-verbose', '-prediction-mode=index', '-interval-list=30m', '-range-min-rsi=28', '-range-max-rsi=80', '-range-p-ema=50,250', '-target-margin-list=1.0,1.5,2.0,2.5,3.0,3.5,4.0,4.5,5.0', '-log-level=WARNING']
2023-11-26 20:35:56;UNIUSDT;30m;1.5;250;34;76;100.0;4;110.2;['-batch-training', '-calc-rsi', '-verbose', '-prediction-mode=index', '-interval-list=30m', '-range-min-rsi=28', '-range-max-rsi=80', '-range-p-ema=50,250', '-target-margin-list=1.0,1.5,2.0,2.5,3.0,3.5,4.0,4.5,5.0', '-log-level=WARNING']
2023-11-26 19:39:57;UNIUSDT;30m;2.0;125;32;80;100.0;6;110.2;['-batch-training', '-calc-rsi', '-verbose', '-prediction-mode=index', '-interval-list=30m', '-range-min-rsi=28', '-range-max-rsi=80', '-range-p-ema=50,250', '-target-margin-list=1.0,1.5,2.0,2.5,3.0,3.5,4.0,4.5,5.0', '-log-level=WARNING']
2023-11-26 19:28:27;UNIUSDT;30m;2.0;100;32;80;100.0;6;110.2;['-batch-training', '-calc-rsi', '-verbose', '-prediction-mode=index', '-interval-list=30m', '-range-min-rsi=28', '-range-max-rsi=80', '-range-p-ema=50,250', '-target-margin-list=1.0,1.5,2.0,2.5,3.0,3.5,4.0,4.5,5.0', '-log-level=WARNING']
2023-11-26 20:13:32;UNIUSDT;30m;2.5;200;32;80;100.0;2;110.2;['-batch-training', '-calc-rsi', '-verbose', '-prediction-mode=index', '-interval-list=30m', '-range-min-rsi=28', '-range-max-rsi=80', '-range-p-ema=50,250', '-target-margin-list=1.0,1.5,2.0,2.5,3.0,3.5,4.0,4.5,5.0', '-log-level=WARNING']
2023-11-26 19:30:35;UNIUSDT;30m;3.0;100;36;76;100.0;4;110.21;['-batch-training', '-calc-rsi', '-verbose', '-prediction-mode=index', '-interval-list=30m', '-range-min-rsi=28', '-range-max-rsi=80', '-range-p-ema=50,250', '-target-margin-list=1.0,1.5,2.0,2.5,3.0,3.5,4.0,4.5,5.0', '-log-level=WARNING']
2023-11-26 20:54:50;UNIUSDT;30m;3.0;50;36;76;100.0;4;110.21;['-batch-training', '-calc-rsi', '-verbose', '-prediction-mode=index', '-interval-list=30m', '-range-min-rsi=28', '-range-max-rsi=80', '-range-p-ema=50,250', '-target-margin-list=1.0,1.5,2.0,2.5,3.0,3.5,4.0,4.5,5.0', '-log-level=WARNING']
2023-11-26 21:10:20;UNIUSDT;30m;3.0;75;36;76;100.0;4;110.21;['-batch-training', '-calc-rsi', '-verbose', '-prediction-mode=index', '-interval-list=30m', '-range-min-rsi=28', '-range-max-rsi=80', '-range-p-ema=50,250', '-target-margin-list=1.0,1.5,2.0,2.5,3.0,3.5,4.0,4.5,5.0', '-log-level=WARNING']
2023-11-26 19:42:05;UNIUSDT;30m;3.0;125;36;76;100.0;4;110.21;['-batch-training', '-calc-rsi', '-verbose', '-prediction-mode=index', '-interval-list=30m', '-range-min-rsi=28', '-range-max-rsi=80', '-range-p-ema=50,250', '-target-margin-list=1.0,1.5,2.0,2.5,3.0,3.5,4.0,4.5,5.0', '-log-level=WARNING']
2023-11-26 20:10:02;UNIUSDT;30m;1.5;200;30;74;100.0;3;110.22;['-batch-training', '-calc-rsi', '-verbose', '-prediction-mode=index', '-interval-list=30m', '-range-min-rsi=28', '-range-max-rsi=80', '-range-p-ema=50,250', '-target-margin-list=1.0,1.5,2.0,2.5,3.0,3.5,4.0,4.5,5.0', '-log-level=WARNING']
2023-11-26 20:34:56;UNIUSDT;30m;1.0;250;30;80;100.0;4;110.22;['-batch-training', '-calc-rsi', '-verbose', '-prediction-mode=index', '-interval-list=30m', '-range-min-rsi=28', '-range-max-rsi=80', '-range-p-ema=50,250', '-target-margin-list=1.0,1.5,2.0,2.5,3.0,3.5,4.0,4.5,5.0', '-log-level=WARNING']
2023-11-26 19:59:56;UNIUSDT;30m;1.5;175;30;74;100.0;3;110.22;['-batch-training', '-calc-rsi', '-verbose', '-prediction-mode=index', '-interval-list=30m', '-range-min-rsi=28', '-range-max-rsi=80', '-range-p-ema=50,250', '-target-margin-list=1.0,1.5,2.0,2.5,3.0,3.5,4.0,4.5,5.0', '-log-level=WARNING']
2023-11-26 20:21:40;UNIUSDT;30m;1.0;225;36;78;100.0;7;110.22;['-batch-training', '-calc-rsi', '-verbose', '-prediction-mode=index', '-interval-list=30m', '-range-min-rsi=28', '-range-max-rsi=80', '-range-p-ema=50,250', '-target-margin-list=1.0,1.5,2.0,2.5,3.0,3.5,4.0,4.5,5.0', '-log-level=WARNING']
2023-11-26 20:22:12;UNIUSDT;30m;1.5;225;34;72;100.0;3;110.22;['-batch-training', '-calc-rsi', '-verbose', '-prediction-mode=index', '-interval-list=30m', '-range-min-rsi=28', '-range-max-rsi=80', '-range-p-ema=50,250', '-target-margin-list=1.0,1.5,2.0,2.5,3.0,3.5,4.0,4.5,5.0', '-log-level=WARNING']
2023-11-26 20:22:22;UNIUSDT;30m;1.5;225;30;74;100.0;3;110.22;['-batch-training', '-calc-rsi', '-verbose', '-prediction-mode=index', '-interval-list=30m', '-range-min-rsi=28', '-range-max-rsi=80', '-range-p-ema=50,250', '-target-margin-list=1.0,1.5,2.0,2.5,3.0,3.5,4.0,4.5,5.0', '-log-level=WARNING']
2023-11-26 19:26:14;UNIUSDT;30m;1.5;100;36;72;100.0;4;110.23;['-batch-training', '-calc-rsi', '-verbose', '-prediction-mode=index', '-interval-list=30m', '-range-min-rsi=28', '-range-max-rsi=80', '-range-p-ema=50,250', '-target-margin-list=1.0,1.5,2.0,2.5,3.0,3.5,4.0,4.5,5.0', '-log-level=WARNING']
2023-11-26 20:49:16;UNIUSDT;30m;1.5;50;36;72;100.0;4;110.23;['-batch-training', '-calc-rsi', '-verbose', '-prediction-mode=index', '-interval-list=30m', '-range-min-rsi=28', '-range-max-rsi=80', '-range-p-ema=50,250', '-target-margin-list=1.0,1.5,2.0,2.5,3.0,3.5,4.0,4.5,5.0', '-log-level=WARNING']
2023-11-26 19:37:42;UNIUSDT;30m;1.5;125;36;72;100.0;4;110.23;['-batch-training', '-calc-rsi', '-verbose', '-prediction-mode=index', '-interval-list=30m', '-range-min-rsi=28', '-range-max-rsi=80', '-range-p-ema=50,250', '-target-margin-list=1.0,1.5,2.0,2.5,3.0,3.5,4.0,4.5,5.0', '-log-level=WARNING']
2023-11-26 21:04:14;UNIUSDT;30m;1.5;75;36;72;100.0;4;110.23;['-batch-training', '-calc-rsi', '-verbose', '-prediction-mode=index', '-interval-list=30m', '-range-min-rsi=28', '-range-max-rsi=80', '-range-p-ema=50,250', '-target-margin-list=1.0,1.5,2.0,2.5,3.0,3.5,4.0,4.5,5.0', '-log-level=WARNING']
2023-11-26 20:31:07;UNIUSDT;30m;4.5;225;32;74;100.0;2;110.25;['-batch-training', '-calc-rsi', '-verbose', '-prediction-mode=index', '-interval-list=30m', '-range-min-rsi=28', '-range-max-rsi=80', '-range-p-ema=50,250', '-target-margin-list=1.0,1.5,2.0,2.5,3.0,3.5,4.0,4.5,5.0', '-log-level=WARNING']
2023-11-26 19:56:35;UNIUSDT;30m;4.5;150;32;74;100.0;2;110.25;['-batch-training', '-calc-rsi', '-verbose', '-prediction-mode=index', '-interval-list=30m', '-range-min-rsi=28', '-range-max-rsi=80', '-range-p-ema=50,250', '-target-margin-list=1.0,1.5,2.0,2.5,3.0,3.5,4.0,4.5,5.0', '-log-level=WARNING']
2023-11-26 20:44:45;UNIUSDT;30m;4.5;250;32;74;100.0;2;110.25;['-batch-training', '-calc-rsi', '-verbose', '-prediction-mode=index', '-interval-list=30m', '-range-min-rsi=28', '-range-max-rsi=80', '-range-p-ema=50,250', '-target-margin-list=1.0,1.5,2.0,2.5,3.0,3.5,4.0,4.5,5.0', '-log-level=WARNING']
2023-11-26 20:18:09;UNIUSDT;30m;4.5;200;32;74;100.0;2;110.25;['-batch-training', '-calc-rsi', '-verbose', '-prediction-mode=index', '-interval-list=30m', '-range-min-rsi=28', '-range-max-rsi=80', '-range-p-ema=50,250', '-target-margin-list=1.0,1.5,2.0,2.5,3.0,3.5,4.0,4.5,5.0', '-log-level=WARNING']
2023-11-26 20:06:40;UNIUSDT;30m;4.5;175;32;74;100.0;2;110.25;['-batch-training', '-calc-rsi', '-verbose', '-prediction-mode=index', '-interval-list=30m', '-range-min-rsi=28', '-range-max-rsi=80', '-range-p-ema=50,250', '-target-margin-list=1.0,1.5,2.0,2.5,3.0,3.5,4.0,4.5,5.0', '-log-level=WARNING']
2023-11-26 19:58:38;UNIUSDT;30m;1.0;175;34;72;100.0;4;110.26;['-batch-training', '-calc-rsi', '-verbose', '-prediction-mode=index', '-interval-list=30m', '-range-min-rsi=28', '-range-max-rsi=80', '-range-p-ema=50,250', '-target-margin-list=1.0,1.5,2.0,2.5,3.0,3.5,4.0,4.5,5.0', '-log-level=WARNING']
2023-11-26 20:15:58;UNIUSDT;30m;3.5;200;32;78;100.0;4;110.26;['-batch-training', '-calc-rsi', '-verbose', '-prediction-mode=index', '-interval-list=30m', '-range-min-rsi=28', '-range-max-rsi=80', '-range-p-ema=50,250', '-target-margin-list=1.0,1.5,2.0,2.5,3.0,3.5,4.0,4.5,5.0', '-log-level=WARNING']
2023-11-26 19:54:46;UNIUSDT;30m;3.5;150;32;78;100.0;4;110.26;['-batch-training', '-calc-rsi', '-verbose', '-prediction-mode=index', '-interval-list=30m', '-range-min-rsi=28', '-range-max-rsi=80', '-range-p-ema=50,250', '-target-margin-list=1.0,1.5,2.0,2.5,3.0,3.5,4.0,4.5,5.0', '-log-level=WARNING']
2023-11-26 20:28:48;UNIUSDT;30m;3.5;225;32;78;100.0;4;110.26;['-batch-training', '-calc-rsi', '-verbose', '-prediction-mode=index', '-interval-list=30m', '-range-min-rsi=28', '-range-max-rsi=80', '-range-p-ema=50,250', '-target-margin-list=1.0,1.5,2.0,2.5,3.0,3.5,4.0,4.5,5.0', '-log-level=WARNING']
2023-11-26 20:08:55;UNIUSDT;30m;1.0;200;34;74;100.0;4;110.26;['-batch-training', '-calc-rsi', '-verbose', '-prediction-mode=index', '-interval-list=30m', '-range-min-rsi=28', '-range-max-rsi=80', '-range-p-ema=50,250', '-target-margin-list=1.0,1.5,2.0,2.5,3.0,3.5,4.0,4.5,5.0', '-log-level=WARNING']
2023-11-26 20:42:17;UNIUSDT;30m;3.5;250;32;78;100.0;4;110.26;['-batch-training', '-calc-rsi', '-verbose', '-prediction-mode=index', '-interval-list=30m', '-range-min-rsi=28', '-range-max-rsi=80', '-range-p-ema=50,250', '-target-margin-list=1.0,1.5,2.0,2.5,3.0,3.5,4.0,4.5,5.0', '-log-level=WARNING']
2023-11-26 20:04:53;UNIUSDT;30m;3.5;175;32;78;100.0;4;110.26;['-batch-training', '-calc-rsi', '-verbose', '-prediction-mode=index', '-interval-list=30m', '-range-min-rsi=28', '-range-max-rsi=80', '-range-p-ema=50,250', '-target-margin-list=1.0,1.5,2.0,2.5,3.0,3.5,4.0,4.5,5.0', '-log-level=WARNING']
2023-11-26 20:18:32;UNIUSDT;30m;4.5;200;36;76;100.0;3;110.27;['-batch-training', '-calc-rsi', '-verbose', '-prediction-mode=index', '-interval-list=30m', '-range-min-rsi=28', '-range-max-rsi=80', '-range-p-ema=50,250', '-target-margin-list=1.0,1.5,2.0,2.5,3.0,3.5,4.0,4.5,5.0', '-log-level=WARNING']
2023-11-26 20:06:58;UNIUSDT;30m;4.5;175;36;76;100.0;3;110.27;['-batch-training', '-calc-rsi', '-verbose', '-prediction-mode=index', '-interval-list=30m', '-range-min-rsi=28', '-range-max-rsi=80', '-range-p-ema=50,250', '-target-margin-list=1.0,1.5,2.0,2.5,3.0,3.5,4.0,4.5,5.0', '-log-level=WARNING']
2023-11-26 20:37:22;UNIUSDT;30m;2.0;250;32;76;100.0;3;110.27;['-batch-training', '-calc-rsi', '-verbose', '-prediction-mode=index', '-interval-list=30m', '-range-min-rsi=28', '-range-max-rsi=80', '-range-p-ema=50,250', '-target-margin-list=1.0,1.5,2.0,2.5,3.0,3.5,4.0,4.5,5.0', '-log-level=WARNING']
2023-11-26 20:36:32;UNIUSDT;30m;1.5;250;34;80;100.0;7;110.28;['-batch-training', '-calc-rsi', '-verbose', '-prediction-mode=index', '-interval-list=30m', '-range-min-rsi=28', '-range-max-rsi=80', '-range-p-ema=50,250', '-target-margin-list=1.0,1.5,2.0,2.5,3.0,3.5,4.0,4.5,5.0', '-log-level=WARNING']
2023-11-26 20:08:41;UNIUSDT;30m;1.0;200;34;72;100.0;4;110.28;['-batch-training', '-calc-rsi', '-verbose', '-prediction-mode=index', '-interval-list=30m', '-range-min-rsi=28', '-range-max-rsi=80', '-range-p-ema=50,250', '-target-margin-list=1.0,1.5,2.0,2.5,3.0,3.5,4.0,4.5,5.0', '-log-level=WARNING']
2023-11-26 19:27:16;UNIUSDT;30m;1.5;100;36;80;100.0;4;110.31;['-batch-training', '-calc-rsi', '-verbose', '-prediction-mode=index', '-interval-list=30m', '-range-min-rsi=28', '-range-max-rsi=80', '-range-p-ema=50,250', '-target-margin-list=1.0,1.5,2.0,2.5,3.0,3.5,4.0,4.5,5.0', '-log-level=WARNING']
2023-11-26 19:38:45;UNIUSDT;30m;1.5;125;36;80;100.0;4;110.31;['-batch-training', '-calc-rsi', '-verbose', '-prediction-mode=index', '-interval-list=30m', '-range-min-rsi=28', '-range-max-rsi=80', '-range-p-ema=50,250', '-target-margin-list=1.0,1.5,2.0,2.5,3.0,3.5,4.0,4.5,5.0', '-log-level=WARNING']
2023-11-26 19:54:56;UNIUSDT;30m;3.5;150;30;80;100.0;2;110.32;['-batch-training', '-calc-rsi', '-verbose', '-prediction-mode=index', '-interval-list=30m', '-range-min-rsi=28', '-range-max-rsi=80', '-range-p-ema=50,250', '-target-margin-list=1.0,1.5,2.0,2.5,3.0,3.5,4.0,4.5,5.0', '-log-level=WARNING']
2023-11-26 19:32:12;UNIUSDT;30m;3.5;100;30;80;100.0;2;110.32;['-batch-training', '-calc-rsi', '-verbose', '-prediction-mode=index', '-interval-list=30m', '-range-min-rsi=28', '-range-max-rsi=80', '-range-p-ema=50,250', '-target-margin-list=1.0,1.5,2.0,2.5,3.0,3.5,4.0,4.5,5.0', '-log-level=WARNING']
2023-11-26 20:56:56;UNIUSDT;30m;3.5;50;30;80;100.0;2;110.32;['-batch-training', '-calc-rsi', '-verbose', '-prediction-mode=index', '-interval-list=30m', '-range-min-rsi=28', '-range-max-rsi=80', '-range-p-ema=50,250', '-target-margin-list=1.0,1.5,2.0,2.5,3.0,3.5,4.0,4.5,5.0', '-log-level=WARNING']
2023-11-26 19:43:42;UNIUSDT;30m;3.5;125;30;80;100.0;2;110.32;['-batch-training', '-calc-rsi', '-verbose', '-prediction-mode=index', '-interval-list=30m', '-range-min-rsi=28', '-range-max-rsi=80', '-range-p-ema=50,250', '-target-margin-list=1.0,1.5,2.0,2.5,3.0,3.5,4.0,4.5,5.0', '-log-level=WARNING']
2023-11-26 21:12:38;UNIUSDT;30m;3.5;75;30;80;100.0;2;110.32;['-batch-training', '-calc-rsi', '-verbose', '-prediction-mode=index', '-interval-list=30m', '-range-min-rsi=28', '-range-max-rsi=80', '-range-p-ema=50,250', '-target-margin-list=1.0,1.5,2.0,2.5,3.0,3.5,4.0,4.5,5.0', '-log-level=WARNING']
2023-11-26 20:35:35;UNIUSDT;30m;1.5;250;32;74;100.0;3;110.33;['-batch-training', '-calc-rsi', '-verbose', '-prediction-mode=index', '-interval-list=30m', '-range-min-rsi=28', '-range-max-rsi=80', '-range-p-ema=50,250', '-target-margin-list=1.0,1.5,2.0,2.5,3.0,3.5,4.0,4.5,5.0', '-log-level=WARNING']
2023-11-26 20:36:18;UNIUSDT;30m;1.5;250;36;78;100.0;6;110.33;['-batch-training', '-calc-rsi', '-verbose', '-prediction-mode=index', '-interval-list=30m', '-range-min-rsi=28', '-range-max-rsi=80', '-range-p-ema=50,250', '-target-margin-list=1.0,1.5,2.0,2.5,3.0,3.5,4.0,4.5,5.0', '-log-level=WARNING']
2023-11-26 20:10:24;UNIUSDT;30m;1.5;200;34;76;100.0;4;110.35;['-batch-training', '-calc-rsi', '-verbose', '-prediction-mode=index', '-interval-list=30m', '-range-min-rsi=28', '-range-max-rsi=80', '-range-p-ema=50,250', '-target-margin-list=1.0,1.5,2.0,2.5,3.0,3.5,4.0,4.5,5.0', '-log-level=WARNING']
2023-11-26 20:34:27;UNIUSDT;30m;1.0;250;34;76;100.0;6;110.35;['-batch-training', '-calc-rsi', '-verbose', '-prediction-mode=index', '-interval-list=30m', '-range-min-rsi=28', '-range-max-rsi=80', '-range-p-ema=50,250', '-target-margin-list=1.0,1.5,2.0,2.5,3.0,3.5,4.0,4.5,5.0', '-log-level=WARNING']
2023-11-26 20:36:54;UNIUSDT;30m;2.0;250;36;72;100.0;5;110.37;['-batch-training', '-calc-rsi', '-verbose', '-prediction-mode=index', '-interval-list=30m', '-range-min-rsi=28', '-range-max-rsi=80', '-range-p-ema=50,250', '-target-margin-list=1.0,1.5,2.0,2.5,3.0,3.5,4.0,4.5,5.0', '-log-level=WARNING']
2023-11-26 20:34:19;UNIUSDT;30m;1.0;250;30;76;100.0;7;110.38;['-batch-training', '-calc-rsi', '-verbose', '-prediction-mode=index', '-interval-list=30m', '-range-min-rsi=28', '-range-max-rsi=80', '-range-p-ema=50,250', '-target-margin-list=1.0,1.5,2.0,2.5,3.0,3.5,4.0,4.5,5.0', '-log-level=WARNING']
2023-11-26 20:39:11;UNIUSDT;30m;2.5;250;32;78;100.0;4;110.38;['-batch-training', '-calc-rsi', '-verbose', '-prediction-mode=index', '-interval-list=30m', '-range-min-rsi=28', '-range-max-rsi=80', '-range-p-ema=50,250', '-target-margin-list=1.0,1.5,2.0,2.5,3.0,3.5,4.0,4.5,5.0', '-log-level=WARNING']
2023-11-26 20:34:51;UNIUSDT;30m;1.0;250;28;80;100.0;7;110.38;['-batch-training', '-calc-rsi', '-verbose', '-prediction-mode=index', '-interval-list=30m', '-range-min-rsi=28', '-range-max-rsi=80', '-range-p-ema=50,250', '-target-margin-list=1.0,1.5,2.0,2.5,3.0,3.5,4.0,4.5,5.0', '-log-level=WARNING']
2023-11-26 20:48:57;UNIUSDT;30m;1.0;50;36;80;100.0;5;110.39;['-batch-training', '-calc-rsi', '-verbose', '-prediction-mode=index', '-interval-list=30m', '-range-min-rsi=28', '-range-max-rsi=80', '-range-p-ema=50,250', '-target-margin-list=1.0,1.5,2.0,2.5,3.0,3.5,4.0,4.5,5.0', '-log-level=WARNING']
2023-11-26 21:03:52;UNIUSDT;30m;1.0;75;36;80;100.0;5;110.39;['-batch-training', '-calc-rsi', '-verbose', '-prediction-mode=index', '-interval-list=30m', '-range-min-rsi=28', '-range-max-rsi=80', '-range-p-ema=50,250', '-target-margin-list=1.0,1.5,2.0,2.5,3.0,3.5,4.0,4.5,5.0', '-log-level=WARNING']
2023-11-26 20:29:29;UNIUSDT;30m;4.0;225;36;72;100.0;2;110.4;['-batch-training', '-calc-rsi', '-verbose', '-prediction-mode=index', '-interval-list=30m', '-range-min-rsi=28', '-range-max-rsi=80', '-range-p-ema=50,250', '-target-margin-list=1.0,1.5,2.0,2.5,3.0,3.5,4.0,4.5,5.0', '-log-level=WARNING']
2023-11-26 20:43:01;UNIUSDT;30m;4.0;250;36;72;100.0;2;110.4;['-batch-training', '-calc-rsi', '-verbose', '-prediction-mode=index', '-interval-list=30m', '-range-min-rsi=28', '-range-max-rsi=80', '-range-p-ema=50,250', '-target-margin-list=1.0,1.5,2.0,2.5,3.0,3.5,4.0,4.5,5.0', '-log-level=WARNING']
2023-11-26 19:54:54;UNIUSDT;30m;3.5;150;28;80;100.0;2;110.41;['-batch-training', '-calc-rsi', '-verbose', '-prediction-mode=index', '-interval-list=30m', '-range-min-rsi=28', '-range-max-rsi=80', '-range-p-ema=50,250', '-target-margin-list=1.0,1.5,2.0,2.5,3.0,3.5,4.0,4.5,5.0', '-log-level=WARNING']
2023-11-26 21:12:34;UNIUSDT;30m;3.5;75;28;80;100.0;2;110.41;['-batch-training', '-calc-rsi', '-verbose', '-prediction-mode=index', '-interval-list=30m', '-range-min-rsi=28', '-range-max-rsi=80', '-range-p-ema=50,250', '-target-margin-list=1.0,1.5,2.0,2.5,3.0,3.5,4.0,4.5,5.0', '-log-level=WARNING']
2023-11-26 19:32:09;UNIUSDT;30m;3.5;100;28;80;100.0;2;110.41;['-batch-training', '-calc-rsi', '-verbose', '-prediction-mode=index', '-interval-list=30m', '-range-min-rsi=28', '-range-max-rsi=80', '-range-p-ema=50,250', '-target-margin-list=1.0,1.5,2.0,2.5,3.0,3.5,4.0,4.5,5.0', '-log-level=WARNING']
2023-11-26 20:05:01;UNIUSDT;30m;3.5;175;28;80;100.0;2;110.41;['-batch-training', '-calc-rsi', '-verbose', '-prediction-mode=index', '-interval-list=30m', '-range-min-rsi=28', '-range-max-rsi=80', '-range-p-ema=50,250', '-target-margin-list=1.0,1.5,2.0,2.5,3.0,3.5,4.0,4.5,5.0', '-log-level=WARNING']
2023-11-26 19:43:39;UNIUSDT;30m;3.5;125;28;80;100.0;2;110.41;['-batch-training', '-calc-rsi', '-verbose', '-prediction-mode=index', '-interval-list=30m', '-range-min-rsi=28', '-range-max-rsi=80', '-range-p-ema=50,250', '-target-margin-list=1.0,1.5,2.0,2.5,3.0,3.5,4.0,4.5,5.0', '-log-level=WARNING']
2023-11-26 20:16:08;UNIUSDT;30m;3.5;200;28;80;100.0;2;110.41;['-batch-training', '-calc-rsi', '-verbose', '-prediction-mode=index', '-interval-list=30m', '-range-min-rsi=28', '-range-max-rsi=80', '-range-p-ema=50,250', '-target-margin-list=1.0,1.5,2.0,2.5,3.0,3.5,4.0,4.5,5.0', '-log-level=WARNING']
2023-11-26 20:28:58;UNIUSDT;30m;3.5;225;28;80;100.0;2;110.41;['-batch-training', '-calc-rsi', '-verbose', '-prediction-mode=index', '-interval-list=30m', '-range-min-rsi=28', '-range-max-rsi=80', '-range-p-ema=50,250', '-target-margin-list=1.0,1.5,2.0,2.5,3.0,3.5,4.0,4.5,5.0', '-log-level=WARNING']
2023-11-26 20:56:52;UNIUSDT;30m;3.5;50;28;80;100.0;2;110.41;['-batch-training', '-calc-rsi', '-verbose', '-prediction-mode=index', '-interval-list=30m', '-range-min-rsi=28', '-range-max-rsi=80', '-range-p-ema=50,250', '-target-margin-list=1.0,1.5,2.0,2.5,3.0,3.5,4.0,4.5,5.0', '-log-level=WARNING']
2023-11-26 19:44:42;UNIUSDT;30m;4.0;125;30;78;100.0;2;110.43;['-batch-training', '-calc-rsi', '-verbose', '-prediction-mode=index', '-interval-list=30m', '-range-min-rsi=28', '-range-max-rsi=80', '-range-p-ema=50,250', '-target-margin-list=1.0,1.5,2.0,2.5,3.0,3.5,4.0,4.5,5.0', '-log-level=WARNING']
2023-11-26 20:43:45;UNIUSDT;30m;4.0;250;30;78;100.0;2;110.43;['-batch-training', '-calc-rsi', '-verbose', '-prediction-mode=index', '-interval-list=30m', '-range-min-rsi=28', '-range-max-rsi=80', '-range-p-ema=50,250', '-target-margin-list=1.0,1.5,2.0,2.5,3.0,3.5,4.0,4.5,5.0', '-log-level=WARNING']
2023-11-26 20:18:29;UNIUSDT;30m;4.5;200;34;76;100.0;3;110.43;['-batch-training', '-calc-rsi', '-verbose', '-prediction-mode=index', '-interval-list=30m', '-range-min-rsi=28', '-range-max-rsi=80', '-range-p-ema=50,250', '-target-margin-list=1.0,1.5,2.0,2.5,3.0,3.5,4.0,4.5,5.0', '-log-level=WARNING']
2023-11-26 19:56:51;UNIUSDT;30m;4.5;150;34;76;100.0;3;110.43;['-batch-training', '-calc-rsi', '-verbose', '-prediction-mode=index', '-interval-list=30m', '-range-min-rsi=28', '-range-max-rsi=80', '-range-p-ema=50,250', '-target-margin-list=1.0,1.5,2.0,2.5,3.0,3.5,4.0,4.5,5.0', '-log-level=WARNING']
2023-11-26 20:30:11;UNIUSDT;30m;4.0;225;30;78;100.0;2;110.43;['-batch-training', '-calc-rsi', '-verbose', '-prediction-mode=index', '-interval-list=30m', '-range-min-rsi=28', '-range-max-rsi=80', '-range-p-ema=50,250', '-target-margin-list=1.0,1.5,2.0,2.5,3.0,3.5,4.0,4.5,5.0', '-log-level=WARNING']
2023-11-26 20:06:55;UNIUSDT;30m;4.5;175;34;76;100.0;3;110.43;['-batch-training', '-calc-rsi', '-verbose', '-prediction-mode=index', '-interval-list=30m', '-range-min-rsi=28', '-range-max-rsi=80', '-range-p-ema=50,250', '-target-margin-list=1.0,1.5,2.0,2.5,3.0,3.5,4.0,4.5,5.0', '-log-level=WARNING']
2023-11-26 20:34:45;UNIUSDT;30m;1.0;250;34;78;100.0;2;110.43;['-batch-training', '-calc-rsi', '-verbose', '-prediction-mode=index', '-interval-list=30m', '-range-min-rsi=28', '-range-max-rsi=80', '-range-p-ema=50,250', '-target-margin-list=1.0,1.5,2.0,2.5,3.0,3.5,4.0,4.5,5.0', '-log-level=WARNING']
2023-11-26 20:17:16;UNIUSDT;30m;4.0;200;30;78;100.0;2;110.43;['-batch-training', '-calc-rsi', '-verbose', '-prediction-mode=index', '-interval-list=30m', '-range-min-rsi=28', '-range-max-rsi=80', '-range-p-ema=50,250', '-target-margin-list=1.0,1.5,2.0,2.5,3.0,3.5,4.0,4.5,5.0', '-log-level=WARNING']
2023-11-26 19:49:58;UNIUSDT;30m;1.5;150;34;78;100.0;5;110.43;['-batch-training', '-calc-rsi', '-verbose', '-prediction-mode=index', '-interval-list=30m', '-range-min-rsi=28', '-range-max-rsi=80', '-range-p-ema=50,250', '-target-margin-list=1.0,1.5,2.0,2.5,3.0,3.5,4.0,4.5,5.0', '-log-level=WARNING']
2023-11-26 19:33:11;UNIUSDT;30m;4.0;100;30;78;100.0;2;110.43;['-batch-training', '-calc-rsi', '-verbose', '-prediction-mode=index', '-interval-list=30m', '-range-min-rsi=28', '-range-max-rsi=80', '-range-p-ema=50,250', '-target-margin-list=1.0,1.5,2.0,2.5,3.0,3.5,4.0,4.5,5.0', '-log-level=WARNING']
2023-11-26 20:58:14;UNIUSDT;30m;4.0;50;30;78;100.0;2;110.43;['-batch-training', '-calc-rsi', '-verbose', '-prediction-mode=index', '-interval-list=30m', '-range-min-rsi=28', '-range-max-rsi=80', '-range-p-ema=50,250', '-target-margin-list=1.0,1.5,2.0,2.5,3.0,3.5,4.0,4.5,5.0', '-log-level=WARNING']
2023-11-26 21:14:00;UNIUSDT;30m;4.0;75;30;78;100.0;2;110.43;['-batch-training', '-calc-rsi', '-verbose', '-prediction-mode=index', '-interval-list=30m', '-range-min-rsi=28', '-range-max-rsi=80', '-range-p-ema=50,250', '-target-margin-list=1.0,1.5,2.0,2.5,3.0,3.5,4.0,4.5,5.0', '-log-level=WARNING']
2023-11-26 19:55:51;UNIUSDT;30m;4.0;150;30;78;100.0;2;110.43;['-batch-training', '-calc-rsi', '-verbose', '-prediction-mode=index', '-interval-list=30m', '-range-min-rsi=28', '-range-max-rsi=80', '-range-p-ema=50,250', '-target-margin-list=1.0,1.5,2.0,2.5,3.0,3.5,4.0,4.5,5.0', '-log-level=WARNING']
2023-11-26 20:05:57;UNIUSDT;30m;4.0;175;30;78;100.0;2;110.43;['-batch-training', '-calc-rsi', '-verbose', '-prediction-mode=index', '-interval-list=30m', '-range-min-rsi=28', '-range-max-rsi=80', '-range-p-ema=50,250', '-target-margin-list=1.0,1.5,2.0,2.5,3.0,3.5,4.0,4.5,5.0', '-log-level=WARNING']
2023-11-26 20:28:33;UNIUSDT;30m;3.5;225;34;76;100.0;4;110.45;['-batch-training', '-calc-rsi', '-verbose', '-prediction-mode=index', '-interval-list=30m', '-range-min-rsi=28', '-range-max-rsi=80', '-range-p-ema=50,250', '-target-margin-list=1.0,1.5,2.0,2.5,3.0,3.5,4.0,4.5,5.0', '-log-level=WARNING']
2023-11-26 20:00:40;UNIUSDT;30m;1.5;175;32;80;100.0;5;110.49;['-batch-training', '-calc-rsi', '-verbose', '-prediction-mode=index', '-interval-list=30m', '-range-min-rsi=28', '-range-max-rsi=80', '-range-p-ema=50,250', '-target-margin-list=1.0,1.5,2.0,2.5,3.0,3.5,4.0,4.5,5.0', '-log-level=WARNING']
2023-11-26 20:10:53;UNIUSDT;30m;1.5;200;32;80;100.0;5;110.5;['-batch-training', '-calc-rsi', '-verbose', '-prediction-mode=index', '-interval-list=30m', '-range-min-rsi=28', '-range-max-rsi=80', '-range-p-ema=50,250', '-target-margin-list=1.0,1.5,2.0,2.5,3.0,3.5,4.0,4.5,5.0', '-log-level=WARNING']
2023-11-26 20:23:17;UNIUSDT;30m;1.5;225;32;80;100.0;5;110.5;['-batch-training', '-calc-rsi', '-verbose', '-prediction-mode=index', '-interval-list=30m', '-range-min-rsi=28', '-range-max-rsi=80', '-range-p-ema=50,250', '-target-margin-list=1.0,1.5,2.0,2.5,3.0,3.5,4.0,4.5,5.0', '-log-level=WARNING']
2023-11-26 19:36:55;UNIUSDT;30m;1.0;125;36;76;100.0;6;110.52;['-batch-training', '-calc-rsi', '-verbose', '-prediction-mode=index', '-interval-list=30m', '-range-min-rsi=28', '-range-max-rsi=80', '-range-p-ema=50,250', '-target-margin-list=1.0,1.5,2.0,2.5,3.0,3.5,4.0,4.5,5.0', '-log-level=WARNING']
2023-11-26 19:25:26;UNIUSDT;30m;1.0;100;36;76;100.0;6;110.52;['-batch-training', '-calc-rsi', '-verbose', '-prediction-mode=index', '-interval-list=30m', '-range-min-rsi=28', '-range-max-rsi=80', '-range-p-ema=50,250', '-target-margin-list=1.0,1.5,2.0,2.5,3.0,3.5,4.0,4.5,5.0', '-log-level=WARNING']
2023-11-26 19:27:10;UNIUSDT;30m;1.5;100;32;80;100.0;7;110.53;['-batch-training', '-calc-rsi', '-verbose', '-prediction-mode=index', '-interval-list=30m', '-range-min-rsi=28', '-range-max-rsi=80', '-range-p-ema=50,250', '-target-margin-list=1.0,1.5,2.0,2.5,3.0,3.5,4.0,4.5,5.0', '-log-level=WARNING']
2023-11-26 20:24:34;UNIUSDT;30m;2.0;225;36;78;100.0;7;110.53;['-batch-training', '-calc-rsi', '-verbose', '-prediction-mode=index', '-interval-list=30m', '-range-min-rsi=28', '-range-max-rsi=80', '-range-p-ema=50,250', '-target-margin-list=1.0,1.5,2.0,2.5,3.0,3.5,4.0,4.5,5.0', '-log-level=WARNING']
2023-11-26 20:50:26;UNIUSDT;30m;1.5;50;32;80;100.0;7;110.53;['-batch-training', '-calc-rsi', '-verbose', '-prediction-mode=index', '-interval-list=30m', '-range-min-rsi=28', '-range-max-rsi=80', '-range-p-ema=50,250', '-target-margin-list=1.0,1.5,2.0,2.5,3.0,3.5,4.0,4.5,5.0', '-log-level=WARNING']
2023-11-26 21:05:31;UNIUSDT;30m;1.5;75;32;80;100.0;7;110.53;['-batch-training', '-calc-rsi', '-verbose', '-prediction-mode=index', '-interval-list=30m', '-range-min-rsi=28', '-range-max-rsi=80', '-range-p-ema=50,250', '-target-margin-list=1.0,1.5,2.0,2.5,3.0,3.5,4.0,4.5,5.0', '-log-level=WARNING']
2023-11-26 19:38:39;UNIUSDT;30m;1.5;125;32;80;100.0;7;110.53;['-batch-training', '-calc-rsi', '-verbose', '-prediction-mode=index', '-interval-list=30m', '-range-min-rsi=28', '-range-max-rsi=80', '-range-p-ema=50,250', '-target-margin-list=1.0,1.5,2.0,2.5,3.0,3.5,4.0,4.5,5.0', '-log-level=WARNING']
2023-11-26 20:21:29;UNIUSDT;30m;1.0;225;30;78;100.0;4;110.54;['-batch-training', '-calc-rsi', '-verbose', '-prediction-mode=index', '-interval-list=30m', '-range-min-rsi=28', '-range-max-rsi=80', '-range-p-ema=50,250', '-target-margin-list=1.0,1.5,2.0,2.5,3.0,3.5,4.0,4.5,5.0', '-log-level=WARNING']
2023-11-26 20:09:19;UNIUSDT;30m;1.0;200;30;78;100.0;4;110.54;['-batch-training', '-calc-rsi', '-verbose', '-prediction-mode=index', '-interval-list=30m', '-range-min-rsi=28', '-range-max-rsi=80', '-range-p-ema=50,250', '-target-margin-list=1.0,1.5,2.0,2.5,3.0,3.5,4.0,4.5,5.0', '-log-level=WARNING']
2023-11-26 19:59:15;UNIUSDT;30m;1.0;175;30;78;100.0;4;110.54;['-batch-training', '-calc-rsi', '-verbose', '-prediction-mode=index', '-interval-list=30m', '-range-min-rsi=28', '-range-max-rsi=80', '-range-p-ema=50,250', '-target-margin-list=1.0,1.5,2.0,2.5,3.0,3.5,4.0,4.5,5.0', '-log-level=WARNING']
2023-11-26 20:34:59;UNIUSDT;30m;1.0;250;32;80;100.0;6;110.56;['-batch-training', '-calc-rsi', '-verbose', '-prediction-mode=index', '-interval-list=30m', '-range-min-rsi=28', '-range-max-rsi=80', '-range-p-ema=50,250', '-target-margin-list=1.0,1.5,2.0,2.5,3.0,3.5,4.0,4.5,5.0', '-log-level=WARNING']
2023-11-26 20:09:39;UNIUSDT;30m;1.0;200;34;80;100.0;7;110.58;['-batch-training', '-calc-rsi', '-verbose', '-prediction-mode=index', '-interval-list=30m', '-range-min-rsi=28', '-range-max-rsi=80', '-range-p-ema=50,250', '-target-margin-list=1.0,1.5,2.0,2.5,3.0,3.5,4.0,4.5,5.0', '-log-level=WARNING']
2023-11-26 20:09:45;UNIUSDT;30m;1.5;200;28;72;100.0;3;110.6;['-batch-training', '-calc-rsi', '-verbose', '-prediction-mode=index', '-interval-list=30m', '-range-min-rsi=28', '-range-max-rsi=80', '-range-p-ema=50,250', '-target-margin-list=1.0,1.5,2.0,2.5,3.0,3.5,4.0,4.5,5.0', '-log-level=WARNING']
2023-11-26 19:26:01;UNIUSDT;30m;1.5;100;28;72;100.0;3;110.6;['-batch-training', '-calc-rsi', '-verbose', '-prediction-mode=index', '-interval-list=30m', '-range-min-rsi=28', '-range-max-rsi=80', '-range-p-ema=50,250', '-target-margin-list=1.0,1.5,2.0,2.5,3.0,3.5,4.0,4.5,5.0', '-log-level=WARNING']
2023-11-26 20:49:01;UNIUSDT;30m;1.5;50;28;72;100.0;3;110.6;['-batch-training', '-calc-rsi', '-verbose', '-prediction-mode=index', '-interval-list=30m', '-range-min-rsi=28', '-range-max-rsi=80', '-range-p-ema=50,250', '-target-margin-list=1.0,1.5,2.0,2.5,3.0,3.5,4.0,4.5,5.0', '-log-level=WARNING']
2023-11-26 19:49:02;UNIUSDT;30m;1.5;150;28;72;100.0;3;110.6;['-batch-training', '-calc-rsi', '-verbose', '-prediction-mode=index', '-interval-list=30m', '-range-min-rsi=28', '-range-max-rsi=80', '-range-p-ema=50,250', '-target-margin-list=1.0,1.5,2.0,2.5,3.0,3.5,4.0,4.5,5.0', '-log-level=WARNING']
2023-11-26 21:03:57;UNIUSDT;30m;1.5;75;28;72;100.0;3;110.6;['-batch-training', '-calc-rsi', '-verbose', '-prediction-mode=index', '-interval-list=30m', '-range-min-rsi=28', '-range-max-rsi=80', '-range-p-ema=50,250', '-target-margin-list=1.0,1.5,2.0,2.5,3.0,3.5,4.0,4.5,5.0', '-log-level=WARNING']
2023-11-26 20:22:00;UNIUSDT;30m;1.5;225;28;72;100.0;3;110.6;['-batch-training', '-calc-rsi', '-verbose', '-prediction-mode=index', '-interval-list=30m', '-range-min-rsi=28', '-range-max-rsi=80', '-range-p-ema=50,250', '-target-margin-list=1.0,1.5,2.0,2.5,3.0,3.5,4.0,4.5,5.0', '-log-level=WARNING']
2023-11-26 20:08:55;UNIUSDT;30m;1.0;200;34;74;100.0;6;110.6;['-batch-training', '-calc-rsi', '-verbose', '-prediction-mode=index', '-interval-list=30m', '-range-min-rsi=28', '-range-max-rsi=80', '-range-p-ema=50,250', '-target-margin-list=1.0,1.5,2.0,2.5,3.0,3.5,4.0,4.5,5.0', '-log-level=WARNING']
2023-11-26 19:59:40;UNIUSDT;30m;1.5;175;28;72;100.0;3;110.6;['-batch-training', '-calc-rsi', '-verbose', '-prediction-mode=index', '-interval-list=30m', '-range-min-rsi=28', '-range-max-rsi=80', '-range-p-ema=50,250', '-target-margin-list=1.0,1.5,2.0,2.5,3.0,3.5,4.0,4.5,5.0', '-log-level=WARNING']
2023-11-26 19:37:30;UNIUSDT;30m;1.5;125;28;72;100.0;3;110.6;['-batch-training', '-calc-rsi', '-verbose', '-prediction-mode=index', '-interval-list=30m', '-range-min-rsi=28', '-range-max-rsi=80', '-range-p-ema=50,250', '-target-margin-list=1.0,1.5,2.0,2.5,3.0,3.5,4.0,4.5,5.0', '-log-level=WARNING']
2023-11-26 19:36:38;UNIUSDT;30m;1.0;125;36;74;100.0;6;110.62;['-batch-training', '-calc-rsi', '-verbose', '-prediction-mode=index', '-interval-list=30m', '-range-min-rsi=28', '-range-max-rsi=80', '-range-p-ema=50,250', '-target-margin-list=1.0,1.5,2.0,2.5,3.0,3.5,4.0,4.5,5.0', '-log-level=WARNING']
2023-11-26 20:11:41;UNIUSDT;30m;2.0;200;32;76;100.0;3;110.62;['-batch-training', '-calc-rsi', '-verbose', '-prediction-mode=index', '-interval-list=30m', '-range-min-rsi=28', '-range-max-rsi=80', '-range-p-ema=50,250', '-target-margin-list=1.0,1.5,2.0,2.5,3.0,3.5,4.0,4.5,5.0', '-log-level=WARNING']
2023-11-26 20:24:09;UNIUSDT;30m;2.0;225;32;76;100.0;3;110.62;['-batch-training', '-calc-rsi', '-verbose', '-prediction-mode=index', '-interval-list=30m', '-range-min-rsi=28', '-range-max-rsi=80', '-range-p-ema=50,250', '-target-margin-list=1.0,1.5,2.0,2.5,3.0,3.5,4.0,4.5,5.0', '-log-level=WARNING']
2023-11-26 19:25:11;UNIUSDT;30m;1.0;100;36;74;100.0;6;110.62;['-batch-training', '-calc-rsi', '-verbose', '-prediction-mode=index', '-interval-list=30m', '-range-min-rsi=28', '-range-max-rsi=80', '-range-p-ema=50,250', '-target-margin-list=1.0,1.5,2.0,2.5,3.0,3.5,4.0,4.5,5.0', '-log-level=WARNING']
2023-11-26 20:24:30;UNIUSDT;30m;2.0;225;34;78;100.0;5;110.63;['-batch-training', '-calc-rsi', '-verbose', '-prediction-mode=index', '-interval-list=30m', '-range-min-rsi=28', '-range-max-rsi=80', '-range-p-ema=50,250', '-target-margin-list=1.0,1.5,2.0,2.5,3.0,3.5,4.0,4.5,5.0', '-log-level=WARNING']
2023-11-26 20:00:32;UNIUSDT;30m;1.5;175;36;78;100.0;6;110.67;['-batch-training', '-calc-rsi', '-verbose', '-prediction-mode=index', '-interval-list=30m', '-range-min-rsi=28', '-range-max-rsi=80', '-range-p-ema=50,250', '-target-margin-list=1.0,1.5,2.0,2.5,3.0,3.5,4.0,4.5,5.0', '-log-level=WARNING']
2023-11-26 20:00:45;UNIUSDT;30m;1.5;175;36;80;100.0;7;110.67;['-batch-training', '-calc-rsi', '-verbose', '-prediction-mode=index', '-interval-list=30m', '-range-min-rsi=28', '-range-max-rsi=80', '-range-p-ema=50,250', '-target-margin-list=1.0,1.5,2.0,2.5,3.0,3.5,4.0,4.5,5.0', '-log-level=WARNING']
2023-11-26 20:10:59;UNIUSDT;30m;1.5;200;36;80;100.0;7;110.67;['-batch-training', '-calc-rsi', '-verbose', '-prediction-mode=index', '-interval-list=30m', '-range-min-rsi=28', '-range-max-rsi=80', '-range-p-ema=50,250', '-target-margin-list=1.0,1.5,2.0,2.5,3.0,3.5,4.0,4.5,5.0', '-log-level=WARNING']
2023-11-26 20:10:43;UNIUSDT;30m;1.5;200;36;78;100.0;6;110.68;['-batch-training', '-calc-rsi', '-verbose', '-prediction-mode=index', '-interval-list=30m', '-range-min-rsi=28', '-range-max-rsi=80', '-range-p-ema=50,250', '-target-margin-list=1.0,1.5,2.0,2.5,3.0,3.5,4.0,4.5,5.0', '-log-level=WARNING']
2023-11-26 20:33:43;UNIUSDT;30m;1.0;250;30;72;100.0;3;110.68;['-batch-training', '-calc-rsi', '-verbose', '-prediction-mode=index', '-interval-list=30m', '-range-min-rsi=28', '-range-max-rsi=80', '-range-p-ema=50,250', '-target-margin-list=1.0,1.5,2.0,2.5,3.0,3.5,4.0,4.5,5.0', '-log-level=WARNING']
2023-11-26 20:34:48;UNIUSDT;30m;1.0;250;36;78;100.0;7;110.73;['-batch-training', '-calc-rsi', '-verbose', '-prediction-mode=index', '-interval-list=30m', '-range-min-rsi=28', '-range-max-rsi=80', '-range-p-ema=50,250', '-target-margin-list=1.0,1.5,2.0,2.5,3.0,3.5,4.0,4.5,5.0', '-log-level=WARNING']
2023-11-26 19:37:27;UNIUSDT;30m;1.0;125;36;80;100.0;5;110.73;['-batch-training', '-calc-rsi', '-verbose', '-prediction-mode=index', '-interval-list=30m', '-range-min-rsi=28', '-range-max-rsi=80', '-range-p-ema=50,250', '-target-margin-list=1.0,1.5,2.0,2.5,3.0,3.5,4.0,4.5,5.0', '-log-level=WARNING']
2023-11-26 19:25:58;UNIUSDT;30m;1.0;100;36;80;100.0;5;110.73;['-batch-training', '-calc-rsi', '-verbose', '-prediction-mode=index', '-interval-list=30m', '-range-min-rsi=28', '-range-max-rsi=80', '-range-p-ema=50,250', '-target-margin-list=1.0,1.5,2.0,2.5,3.0,3.5,4.0,4.5,5.0', '-log-level=WARNING']
2023-11-26 21:08:47;UNIUSDT;30m;2.5;75;32;78;100.0;4;110.76;['-batch-training', '-calc-rsi', '-verbose', '-prediction-mode=index', '-interval-list=30m', '-range-min-rsi=28', '-range-max-rsi=80', '-range-p-ema=50,250', '-target-margin-list=1.0,1.5,2.0,2.5,3.0,3.5,4.0,4.5,5.0', '-log-level=WARNING']
2023-11-26 20:53:23;UNIUSDT;30m;2.5;50;32;78;100.0;4;110.76;['-batch-training', '-calc-rsi', '-verbose', '-prediction-mode=index', '-interval-list=30m', '-range-min-rsi=28', '-range-max-rsi=80', '-range-p-ema=50,250', '-target-margin-list=1.0,1.5,2.0,2.5,3.0,3.5,4.0,4.5,5.0', '-log-level=WARNING']
2023-11-26 19:40:58;UNIUSDT;30m;2.5;125;32;78;100.0;4;110.76;['-batch-training', '-calc-rsi', '-verbose', '-prediction-mode=index', '-interval-list=30m', '-range-min-rsi=28', '-range-max-rsi=80', '-range-p-ema=50,250', '-target-margin-list=1.0,1.5,2.0,2.5,3.0,3.5,4.0,4.5,5.0', '-log-level=WARNING']
2023-11-26 19:29:29;UNIUSDT;30m;2.5;100;32;78;100.0;4;110.76;['-batch-training', '-calc-rsi', '-verbose', '-prediction-mode=index', '-interval-list=30m', '-range-min-rsi=28', '-range-max-rsi=80', '-range-p-ema=50,250', '-target-margin-list=1.0,1.5,2.0,2.5,3.0,3.5,4.0,4.5,5.0', '-log-level=WARNING']
2023-11-26 20:36:10;UNIUSDT;30m;1.5;250;32;78;100.0;4;110.77;['-batch-training', '-calc-rsi', '-verbose', '-prediction-mode=index', '-interval-list=30m', '-range-min-rsi=28', '-range-max-rsi=80', '-range-p-ema=50,250', '-target-margin-list=1.0,1.5,2.0,2.5,3.0,3.5,4.0,4.5,5.0', '-log-level=WARNING']
2023-11-26 20:37:19;UNIUSDT;30m;2.0;250;30;76;100.0;2;110.77;['-batch-training', '-calc-rsi', '-verbose', '-prediction-mode=index', '-interval-list=30m', '-range-min-rsi=28', '-range-max-rsi=80', '-range-p-ema=50,250', '-target-margin-list=1.0,1.5,2.0,2.5,3.0,3.5,4.0,4.5,5.0', '-log-level=WARNING']
2023-11-26 19:48:21;UNIUSDT;30m;1.0;150;32;76;100.0;2;110.78;['-batch-training', '-calc-rsi', '-verbose', '-prediction-mode=index', '-interval-list=30m', '-range-min-rsi=28', '-range-max-rsi=80', '-range-p-ema=50,250', '-target-margin-list=1.0,1.5,2.0,2.5,3.0,3.5,4.0,4.5,5.0', '-log-level=WARNING']
2023-11-26 20:21:33;UNIUSDT;30m;1.0;225;32;78;100.0;2;110.78;['-batch-training', '-calc-rsi', '-verbose', '-prediction-mode=index', '-interval-list=30m', '-range-min-rsi=28', '-range-max-rsi=80', '-range-p-ema=50,250', '-target-margin-list=1.0,1.5,2.0,2.5,3.0,3.5,4.0,4.5,5.0', '-log-level=WARNING']
2023-11-26 20:09:21;UNIUSDT;30m;1.0;200;32;78;100.0;2;110.78;['-batch-training', '-calc-rsi', '-verbose', '-prediction-mode=index', '-interval-list=30m', '-range-min-rsi=28', '-range-max-rsi=80', '-range-p-ema=50,250', '-target-margin-list=1.0,1.5,2.0,2.5,3.0,3.5,4.0,4.5,5.0', '-log-level=WARNING']
2023-11-26 19:58:52;UNIUSDT;30m;1.0;175;34;74;100.0;5;110.78;['-batch-training', '-calc-rsi', '-verbose', '-prediction-mode=index', '-interval-list=30m', '-range-min-rsi=28', '-range-max-rsi=80', '-range-p-ema=50,250', '-target-margin-list=1.0,1.5,2.0,2.5,3.0,3.5,4.0,4.5,5.0', '-log-level=WARNING']
2023-11-26 19:48:59;UNIUSDT;30m;1.0;150;36;80;100.0;7;110.8;['-batch-training', '-calc-rsi', '-verbose', '-prediction-mode=index', '-interval-list=30m', '-range-min-rsi=28', '-range-max-rsi=80', '-range-p-ema=50,250', '-target-margin-list=1.0,1.5,2.0,2.5,3.0,3.5,4.0,4.5,5.0', '-log-level=WARNING']
2023-11-26 20:14:59;UNIUSDT;30m;3.0;200;36;80;100.0;2;110.8;['-batch-training', '-calc-rsi', '-verbose', '-prediction-mode=index', '-interval-list=30m', '-range-min-rsi=28', '-range-max-rsi=80', '-range-p-ema=50,250', '-target-margin-list=1.0,1.5,2.0,2.5,3.0,3.5,4.0,4.5,5.0', '-log-level=WARNING']
2023-11-26 20:04:06;UNIUSDT;30m;3.0;175;36;80;100.0;2;110.8;['-batch-training', '-calc-rsi', '-verbose', '-prediction-mode=index', '-interval-list=30m', '-range-min-rsi=28', '-range-max-rsi=80', '-range-p-ema=50,250', '-target-margin-list=1.0,1.5,2.0,2.5,3.0,3.5,4.0,4.5,5.0', '-log-level=WARNING']
2023-11-26 19:59:28;UNIUSDT;30m;1.0;175;30;80;100.0;4;110.81;['-batch-training', '-calc-rsi', '-verbose', '-prediction-mode=index', '-interval-list=30m', '-range-min-rsi=28', '-range-max-rsi=80', '-range-p-ema=50,250', '-target-margin-list=1.0,1.5,2.0,2.5,3.0,3.5,4.0,4.5,5.0', '-log-level=WARNING']
2023-11-26 20:09:33;UNIUSDT;30m;1.0;200;30;80;100.0;4;110.81;['-batch-training', '-calc-rsi', '-verbose', '-prediction-mode=index', '-interval-list=30m', '-range-min-rsi=28', '-range-max-rsi=80', '-range-p-ema=50,250', '-target-margin-list=1.0,1.5,2.0,2.5,3.0,3.5,4.0,4.5,5.0', '-log-level=WARNING']
2023-11-26 20:21:47;UNIUSDT;30m;1.0;225;30;80;100.0;4;110.81;['-batch-training', '-calc-rsi', '-verbose', '-prediction-mode=index', '-interval-list=30m', '-range-min-rsi=28', '-range-max-rsi=80', '-range-p-ema=50,250', '-target-margin-list=1.0,1.5,2.0,2.5,3.0,3.5,4.0,4.5,5.0', '-log-level=WARNING']
2023-11-26 19:53:56;UNIUSDT;30m;3.0;150;36;80;100.0;4;110.83;['-batch-training', '-calc-rsi', '-verbose', '-prediction-mode=index', '-interval-list=30m', '-range-min-rsi=28', '-range-max-rsi=80', '-range-p-ema=50,250', '-target-margin-list=1.0,1.5,2.0,2.5,3.0,3.5,4.0,4.5,5.0', '-log-level=WARNING']
2023-11-26 19:36:28;UNIUSDT;30m;1.0;125;30;74;100.0;3;110.84;['-batch-training', '-calc-rsi', '-verbose', '-prediction-mode=index', '-interval-list=30m', '-range-min-rsi=28', '-range-max-rsi=80', '-range-p-ema=50,250', '-target-margin-list=1.0,1.5,2.0,2.5,3.0,3.5,4.0,4.5,5.0', '-log-level=WARNING']
2023-11-26 19:48:02;UNIUSDT;30m;1.0;150;30;74;100.0;3;110.84;['-batch-training', '-calc-rsi', '-verbose', '-prediction-mode=index', '-interval-list=30m', '-range-min-rsi=28', '-range-max-rsi=80', '-range-p-ema=50,250', '-target-margin-list=1.0,1.5,2.0,2.5,3.0,3.5,4.0,4.5,5.0', '-log-level=WARNING']
2023-11-26 20:34:01;UNIUSDT;30m;1.0;250;30;74;100.0;7;110.84;['-batch-training', '-calc-rsi', '-verbose', '-prediction-mode=index', '-interval-list=30m', '-range-min-rsi=28', '-range-max-rsi=80', '-range-p-ema=50,250', '-target-margin-list=1.0,1.5,2.0,2.5,3.0,3.5,4.0,4.5,5.0', '-log-level=WARNING']
2023-11-26 21:02:37;UNIUSDT;30m;1.0;75;30;74;100.0;3;110.84;['-batch-training', '-calc-rsi', '-verbose', '-prediction-mode=index', '-interval-list=30m', '-range-min-rsi=28', '-range-max-rsi=80', '-range-p-ema=50,250', '-target-margin-list=1.0,1.5,2.0,2.5,3.0,3.5,4.0,4.5,5.0', '-log-level=WARNING']
2023-11-26 20:47:48;UNIUSDT;30m;1.0;50;30;74;100.0;3;110.84;['-batch-training', '-calc-rsi', '-verbose', '-prediction-mode=index', '-interval-list=30m', '-range-min-rsi=28', '-range-max-rsi=80', '-range-p-ema=50,250', '-target-margin-list=1.0,1.5,2.0,2.5,3.0,3.5,4.0,4.5,5.0', '-log-level=WARNING']
2023-11-26 19:25:01;UNIUSDT;30m;1.0;100;30;74;100.0;3;110.84;['-batch-training', '-calc-rsi', '-verbose', '-prediction-mode=index', '-interval-list=30m', '-range-min-rsi=28', '-range-max-rsi=80', '-range-p-ema=50,250', '-target-margin-list=1.0,1.5,2.0,2.5,3.0,3.5,4.0,4.5,5.0', '-log-level=WARNING']
2023-11-26 20:52:03;UNIUSDT;30m;2.0;50;32;80;100.0;5;110.85;['-batch-training', '-calc-rsi', '-verbose', '-prediction-mode=index', '-interval-list=30m', '-range-min-rsi=28', '-range-max-rsi=80', '-range-p-ema=50,250', '-target-margin-list=1.0,1.5,2.0,2.5,3.0,3.5,4.0,4.5,5.0', '-log-level=WARNING']
2023-11-26 19:39:56;UNIUSDT;30m;2.0;125;32;80;100.0;5;110.85;['-batch-training', '-calc-rsi', '-verbose', '-prediction-mode=index', '-interval-list=30m', '-range-min-rsi=28', '-range-max-rsi=80', '-range-p-ema=50,250', '-target-margin-list=1.0,1.5,2.0,2.5,3.0,3.5,4.0,4.5,5.0', '-log-level=WARNING']
2023-11-26 21:07:21;UNIUSDT;30m;2.0;75;32;80;100.0;5;110.85;['-batch-training', '-calc-rsi', '-verbose', '-prediction-mode=index', '-interval-list=30m', '-range-min-rsi=28', '-range-max-rsi=80', '-range-p-ema=50,250', '-target-margin-list=1.0,1.5,2.0,2.5,3.0,3.5,4.0,4.5,5.0', '-log-level=WARNING']
2023-11-26 19:28:27;UNIUSDT;30m;2.0;100;32;80;100.0;5;110.85;['-batch-training', '-calc-rsi', '-verbose', '-prediction-mode=index', '-interval-list=30m', '-range-min-rsi=28', '-range-max-rsi=80', '-range-p-ema=50,250', '-target-margin-list=1.0,1.5,2.0,2.5,3.0,3.5,4.0,4.5,5.0', '-log-level=WARNING']
2023-11-26 19:51:16;UNIUSDT;30m;2.0;150;34;78;100.0;5;110.86;['-batch-training', '-calc-rsi', '-verbose', '-prediction-mode=index', '-interval-list=30m', '-range-min-rsi=28', '-range-max-rsi=80', '-range-p-ema=50,250', '-target-margin-list=1.0,1.5,2.0,2.5,3.0,3.5,4.0,4.5,5.0', '-log-level=WARNING']
2023-11-26 20:39:30;UNIUSDT;30m;2.5;250;32;80;100.0;2;110.87;['-batch-training', '-calc-rsi', '-verbose', '-prediction-mode=index', '-interval-list=30m', '-range-min-rsi=28', '-range-max-rsi=80', '-range-p-ema=50,250', '-target-margin-list=1.0,1.5,2.0,2.5,3.0,3.5,4.0,4.5,5.0', '-log-level=WARNING']
2023-11-26 20:41:10;UNIUSDT;30m;3.0;250;36;80;100.0;4;110.88;['-batch-training', '-calc-rsi', '-verbose', '-prediction-mode=index', '-interval-list=30m', '-range-min-rsi=28', '-range-max-rsi=80', '-range-p-ema=50,250', '-target-margin-list=1.0,1.5,2.0,2.5,3.0,3.5,4.0,4.5,5.0', '-log-level=WARNING']
2023-11-26 20:12:04;UNIUSDT;30m;2.0;200;36;78;100.0;5;110.88;['-batch-training', '-calc-rsi', '-verbose', '-prediction-mode=index', '-interval-list=30m', '-range-min-rsi=28', '-range-max-rsi=80', '-range-p-ema=50,250', '-target-margin-list=1.0,1.5,2.0,2.5,3.0,3.5,4.0,4.5,5.0', '-log-level=WARNING']
2023-11-26 20:35:32;UNIUSDT;30m;1.5;250;30;74;100.0;3;110.88;['-batch-training', '-calc-rsi', '-verbose', '-prediction-mode=index', '-interval-list=30m', '-range-min-rsi=28', '-range-max-rsi=80', '-range-p-ema=50,250', '-target-margin-list=1.0,1.5,2.0,2.5,3.0,3.5,4.0,4.5,5.0', '-log-level=WARNING']
2023-11-26 20:01:23;UNIUSDT;30m;2.0;175;34;76;100.0;5;110.9;['-batch-training', '-calc-rsi', '-verbose', '-prediction-mode=index', '-interval-list=30m', '-range-min-rsi=28', '-range-max-rsi=80', '-range-p-ema=50,250', '-target-margin-list=1.0,1.5,2.0,2.5,3.0,3.5,4.0,4.5,5.0', '-log-level=WARNING']
2023-11-26 19:38:14;UNIUSDT;30m;1.5;125;36;76;100.0;7;110.91;['-batch-training', '-calc-rsi', '-verbose', '-prediction-mode=index', '-interval-list=30m', '-range-min-rsi=28', '-range-max-rsi=80', '-range-p-ema=50,250', '-target-margin-list=1.0,1.5,2.0,2.5,3.0,3.5,4.0,4.5,5.0', '-log-level=WARNING']
2023-11-26 19:29:54;UNIUSDT;30m;3.0;100;28;72;100.0;4;110.91;['-batch-training', '-calc-rsi', '-verbose', '-prediction-mode=index', '-interval-list=30m', '-range-min-rsi=28', '-range-max-rsi=80', '-range-p-ema=50,250', '-target-margin-list=1.0,1.5,2.0,2.5,3.0,3.5,4.0,4.5,5.0', '-log-level=WARNING']
2023-11-26 20:13:42;UNIUSDT;30m;3.0;200;28;72;100.0;4;110.91;['-batch-training', '-calc-rsi', '-verbose', '-prediction-mode=index', '-interval-list=30m', '-range-min-rsi=28', '-range-max-rsi=80', '-range-p-ema=50,250', '-target-margin-list=1.0,1.5,2.0,2.5,3.0,3.5,4.0,4.5,5.0', '-log-level=WARNING']
2023-11-26 21:09:21;UNIUSDT;30m;3.0;75;28;72;100.0;4;110.91;['-batch-training', '-calc-rsi', '-verbose', '-prediction-mode=index', '-interval-list=30m', '-range-min-rsi=28', '-range-max-rsi=80', '-range-p-ema=50,250', '-target-margin-list=1.0,1.5,2.0,2.5,3.0,3.5,4.0,4.5,5.0', '-log-level=WARNING']
2023-11-26 19:26:45;UNIUSDT;30m;1.5;100;36;76;100.0;7;110.91;['-batch-training', '-calc-rsi', '-verbose', '-prediction-mode=index', '-interval-list=30m', '-range-min-rsi=28', '-range-max-rsi=80', '-range-p-ema=50,250', '-target-margin-list=1.0,1.5,2.0,2.5,3.0,3.5,4.0,4.5,5.0', '-log-level=WARNING']
2023-11-26 20:53:55;UNIUSDT;30m;3.0;50;28;72;100.0;4;110.91;['-batch-training', '-calc-rsi', '-verbose', '-prediction-mode=index', '-interval-list=30m', '-range-min-rsi=28', '-range-max-rsi=80', '-range-p-ema=50,250', '-target-margin-list=1.0,1.5,2.0,2.5,3.0,3.5,4.0,4.5,5.0', '-log-level=WARNING']
2023-11-26 20:49:55;UNIUSDT;30m;1.5;50;36;76;100.0;7;110.91;['-batch-training', '-calc-rsi', '-verbose', '-prediction-mode=index', '-interval-list=30m', '-range-min-rsi=28', '-range-max-rsi=80', '-range-p-ema=50,250', '-target-margin-list=1.0,1.5,2.0,2.5,3.0,3.5,4.0,4.5,5.0', '-log-level=WARNING']
2023-11-26 20:03:03;UNIUSDT;30m;3.0;175;28;72;100.0;4;110.91;['-batch-training', '-calc-rsi', '-verbose', '-prediction-mode=index', '-interval-list=30m', '-range-min-rsi=28', '-range-max-rsi=80', '-range-p-ema=50,250', '-target-margin-list=1.0,1.5,2.0,2.5,3.0,3.5,4.0,4.5,5.0', '-log-level=WARNING']
2023-11-26 20:26:20;UNIUSDT;30m;3.0;225;28;72;100.0;4;110.91;['-batch-training', '-calc-rsi', '-verbose', '-prediction-mode=index', '-interval-list=30m', '-range-min-rsi=28', '-range-max-rsi=80', '-range-p-ema=50,250', '-target-margin-list=1.0,1.5,2.0,2.5,3.0,3.5,4.0,4.5,5.0', '-log-level=WARNING']
2023-11-26 19:41:23;UNIUSDT;30m;3.0;125;28;72;100.0;4;110.91;['-batch-training', '-calc-rsi', '-verbose', '-prediction-mode=index', '-interval-list=30m', '-range-min-rsi=28', '-range-max-rsi=80', '-range-p-ema=50,250', '-target-margin-list=1.0,1.5,2.0,2.5,3.0,3.5,4.0,4.5,5.0', '-log-level=WARNING']
2023-11-26 20:39:41;UNIUSDT;30m;3.0;250;28;72;100.0;4;110.91;['-batch-training', '-calc-rsi', '-verbose', '-prediction-mode=index', '-interval-list=30m', '-range-min-rsi=28', '-range-max-rsi=80', '-range-p-ema=50,250', '-target-margin-list=1.0,1.5,2.0,2.5,3.0,3.5,4.0,4.5,5.0', '-log-level=WARNING']
2023-11-26 19:52:51;UNIUSDT;30m;3.0;150;28;72;100.0;4;110.91;['-batch-training', '-calc-rsi', '-verbose', '-prediction-mode=index', '-interval-list=30m', '-range-min-rsi=28', '-range-max-rsi=80', '-range-p-ema=50,250', '-target-margin-list=1.0,1.5,2.0,2.5,3.0,3.5,4.0,4.5,5.0', '-log-level=WARNING']
2023-11-26 21:04:56;UNIUSDT;30m;1.5;75;36;76;100.0;7;110.91;['-batch-training', '-calc-rsi', '-verbose', '-prediction-mode=index', '-interval-list=30m', '-range-min-rsi=28', '-range-max-rsi=80', '-range-p-ema=50,250', '-target-margin-list=1.0,1.5,2.0,2.5,3.0,3.5,4.0,4.5,5.0', '-log-level=WARNING']
2023-11-26 21:05:53;UNIUSDT;30m;2.0;75;32;72;100.0;6;110.94;['-batch-training', '-calc-rsi', '-verbose', '-prediction-mode=index', '-interval-list=30m', '-range-min-rsi=28', '-range-max-rsi=80', '-range-p-ema=50,250', '-target-margin-list=1.0,1.5,2.0,2.5,3.0,3.5,4.0,4.5,5.0', '-log-level=WARNING']
2023-11-26 19:48:24;UNIUSDT;30m;1.0;150;34;76;100.0;2;110.94;['-batch-training', '-calc-rsi', '-verbose', '-prediction-mode=index', '-interval-list=30m', '-range-min-rsi=28', '-range-max-rsi=80', '-range-p-ema=50,250', '-target-margin-list=1.0,1.5,2.0,2.5,3.0,3.5,4.0,4.5,5.0', '-log-level=WARNING']
2023-11-26 19:38:54;UNIUSDT;30m;2.0;125;32;72;100.0;6;110.94;['-batch-training', '-calc-rsi', '-verbose', '-prediction-mode=index', '-interval-list=30m', '-range-min-rsi=28', '-range-max-rsi=80', '-range-p-ema=50,250', '-target-margin-list=1.0,1.5,2.0,2.5,3.0,3.5,4.0,4.5,5.0', '-log-level=WARNING']
2023-11-26 20:50:44;UNIUSDT;30m;2.0;50;32;72;100.0;6;110.94;['-batch-training', '-calc-rsi', '-verbose', '-prediction-mode=index', '-interval-list=30m', '-range-min-rsi=28', '-range-max-rsi=80', '-range-p-ema=50,250', '-target-margin-list=1.0,1.5,2.0,2.5,3.0,3.5,4.0,4.5,5.0', '-log-level=WARNING']
2023-11-26 19:50:17;UNIUSDT;30m;1.5;150;36;80;100.0;7;110.94;['-batch-training', '-calc-rsi', '-verbose', '-prediction-mode=index', '-interval-list=30m', '-range-min-rsi=28', '-range-max-rsi=80', '-range-p-ema=50,250', '-target-margin-list=1.0,1.5,2.0,2.5,3.0,3.5,4.0,4.5,5.0', '-log-level=WARNING']
2023-11-26 19:27:25;UNIUSDT;30m;2.0;100;32;72;100.0;6;110.94;['-batch-training', '-calc-rsi', '-verbose', '-prediction-mode=index', '-interval-list=30m', '-range-min-rsi=28', '-range-max-rsi=80', '-range-p-ema=50,250', '-target-margin-list=1.0,1.5,2.0,2.5,3.0,3.5,4.0,4.5,5.0', '-log-level=WARNING']
2023-11-26 20:13:42;UNIUSDT;30m;3.0;200;28;72;100.0;2;110.95;['-batch-training', '-calc-rsi', '-verbose', '-prediction-mode=index', '-interval-list=30m', '-range-min-rsi=28', '-range-max-rsi=80', '-range-p-ema=50,250', '-target-margin-list=1.0,1.5,2.0,2.5,3.0,3.5,4.0,4.5,5.0', '-log-level=WARNING']
2023-11-26 20:03:03;UNIUSDT;30m;3.0;175;28;72;100.0;2;110.95;['-batch-training', '-calc-rsi', '-verbose', '-prediction-mode=index', '-interval-list=30m', '-range-min-rsi=28', '-range-max-rsi=80', '-range-p-ema=50,250', '-target-margin-list=1.0,1.5,2.0,2.5,3.0,3.5,4.0,4.5,5.0', '-log-level=WARNING']
2023-11-26 19:27:07;UNIUSDT;30m;1.5;100;30;80;100.0;3;110.95;['-batch-training', '-calc-rsi', '-verbose', '-prediction-mode=index', '-interval-list=30m', '-range-min-rsi=28', '-range-max-rsi=80', '-range-p-ema=50,250', '-target-margin-list=1.0,1.5,2.0,2.5,3.0,3.5,4.0,4.5,5.0', '-log-level=WARNING']
2023-11-26 19:29:54;UNIUSDT;30m;3.0;100;28;72;100.0;2;110.95;['-batch-training', '-calc-rsi', '-verbose', '-prediction-mode=index', '-interval-list=30m', '-range-min-rsi=28', '-range-max-rsi=80', '-range-p-ema=50,250', '-target-margin-list=1.0,1.5,2.0,2.5,3.0,3.5,4.0,4.5,5.0', '-log-level=WARNING']
2023-11-26 20:50:22;UNIUSDT;30m;1.5;50;30;80;100.0;3;110.95;['-batch-training', '-calc-rsi', '-verbose', '-prediction-mode=index', '-interval-list=30m', '-range-min-rsi=28', '-range-max-rsi=80', '-range-p-ema=50,250', '-target-margin-list=1.0,1.5,2.0,2.5,3.0,3.5,4.0,4.5,5.0', '-log-level=WARNING']
2023-11-26 19:38:36;UNIUSDT;30m;1.5;125;30;80;100.0;3;110.95;['-batch-training', '-calc-rsi', '-verbose', '-prediction-mode=index', '-interval-list=30m', '-range-min-rsi=28', '-range-max-rsi=80', '-range-p-ema=50,250', '-target-margin-list=1.0,1.5,2.0,2.5,3.0,3.5,4.0,4.5,5.0', '-log-level=WARNING']
2023-11-26 19:50:07;UNIUSDT;30m;1.5;150;30;80;100.0;3;110.95;['-batch-training', '-calc-rsi', '-verbose', '-prediction-mode=index', '-interval-list=30m', '-range-min-rsi=28', '-range-max-rsi=80', '-range-p-ema=50,250', '-target-margin-list=1.0,1.5,2.0,2.5,3.0,3.5,4.0,4.5,5.0', '-log-level=WARNING']
2023-11-26 21:05:27;UNIUSDT;30m;1.5;75;30;80;100.0;3;110.95;['-batch-training', '-calc-rsi', '-verbose', '-prediction-mode=index', '-interval-list=30m', '-range-min-rsi=28', '-range-max-rsi=80', '-range-p-ema=50,250', '-target-margin-list=1.0,1.5,2.0,2.5,3.0,3.5,4.0,4.5,5.0', '-log-level=WARNING']
2023-11-26 19:41:23;UNIUSDT;30m;3.0;125;28;72;100.0;2;110.95;['-batch-training', '-calc-rsi', '-verbose', '-prediction-mode=index', '-interval-list=30m', '-range-min-rsi=28', '-range-max-rsi=80', '-range-p-ema=50,250', '-target-margin-list=1.0,1.5,2.0,2.5,3.0,3.5,4.0,4.5,5.0', '-log-level=WARNING']
2023-11-26 21:09:21;UNIUSDT;30m;3.0;75;28;72;100.0;2;110.95;['-batch-training', '-calc-rsi', '-verbose', '-prediction-mode=index', '-interval-list=30m', '-range-min-rsi=28', '-range-max-rsi=80', '-range-p-ema=50,250', '-target-margin-list=1.0,1.5,2.0,2.5,3.0,3.5,4.0,4.5,5.0', '-log-level=WARNING']
2023-11-26 20:53:55;UNIUSDT;30m;3.0;50;28;72;100.0;2;110.95;['-batch-training', '-calc-rsi', '-verbose', '-prediction-mode=index', '-interval-list=30m', '-range-min-rsi=28', '-range-max-rsi=80', '-range-p-ema=50,250', '-target-margin-list=1.0,1.5,2.0,2.5,3.0,3.5,4.0,4.5,5.0', '-log-level=WARNING']
2023-11-26 19:48:24;UNIUSDT;30m;1.0;150;34;76;100.0;7;110.95;['-batch-training', '-calc-rsi', '-verbose', '-prediction-mode=index', '-interval-list=30m', '-range-min-rsi=28', '-range-max-rsi=80', '-range-p-ema=50,250', '-target-margin-list=1.0,1.5,2.0,2.5,3.0,3.5,4.0,4.5,5.0', '-log-level=WARNING']
2023-11-26 19:52:51;UNIUSDT;30m;3.0;150;28;72;100.0;2;110.95;['-batch-training', '-calc-rsi', '-verbose', '-prediction-mode=index', '-interval-list=30m', '-range-min-rsi=28', '-range-max-rsi=80', '-range-p-ema=50,250', '-target-margin-list=1.0,1.5,2.0,2.5,3.0,3.5,4.0,4.5,5.0', '-log-level=WARNING']
2023-11-26 20:09:30;UNIUSDT;30m;1.0;200;28;80;100.0;7;110.98;['-batch-training', '-calc-rsi', '-verbose', '-prediction-mode=index', '-interval-list=30m', '-range-min-rsi=28', '-range-max-rsi=80', '-range-p-ema=50,250', '-target-margin-list=1.0,1.5,2.0,2.5,3.0,3.5,4.0,4.5,5.0', '-log-level=WARNING']
2023-11-26 19:59:26;UNIUSDT;30m;1.0;175;28;80;100.0;7;110.98;['-batch-training', '-calc-rsi', '-verbose', '-prediction-mode=index', '-interval-list=30m', '-range-min-rsi=28', '-range-max-rsi=80', '-range-p-ema=50,250', '-target-margin-list=1.0,1.5,2.0,2.5,3.0,3.5,4.0,4.5,5.0', '-log-level=WARNING']
2023-11-26 20:21:13;UNIUSDT;30m;1.0;225;30;76;100.0;7;110.98;['-batch-training', '-calc-rsi', '-verbose', '-prediction-mode=index', '-interval-list=30m', '-range-min-rsi=28', '-range-max-rsi=80', '-range-p-ema=50,250', '-target-margin-list=1.0,1.5,2.0,2.5,3.0,3.5,4.0,4.5,5.0', '-log-level=WARNING']
2023-11-26 19:25:45;UNIUSDT;30m;1.0;100;28;80;100.0;7;110.98;['-batch-training', '-calc-rsi', '-verbose', '-prediction-mode=index', '-interval-list=30m', '-range-min-rsi=28', '-range-max-rsi=80', '-range-p-ema=50,250', '-target-margin-list=1.0,1.5,2.0,2.5,3.0,3.5,4.0,4.5,5.0', '-log-level=WARNING']
2023-11-26 19:56:54;UNIUSDT;30m;4.5;150;36;76;100.0;3;110.98;['-batch-training', '-calc-rsi', '-verbose', '-prediction-mode=index', '-interval-list=30m', '-range-min-rsi=28', '-range-max-rsi=80', '-range-p-ema=50,250', '-target-margin-list=1.0,1.5,2.0,2.5,3.0,3.5,4.0,4.5,5.0', '-log-level=WARNING']
2023-11-26 21:03:36;UNIUSDT;30m;1.0;75;28;80;100.0;7;110.98;['-batch-training', '-calc-rsi', '-verbose', '-prediction-mode=index', '-interval-list=30m', '-range-min-rsi=28', '-range-max-rsi=80', '-range-p-ema=50,250', '-target-margin-list=1.0,1.5,2.0,2.5,3.0,3.5,4.0,4.5,5.0', '-log-level=WARNING']
2023-11-26 20:47:52;UNIUSDT;30m;1.0;50;32;74;100.0;4;110.98;['-batch-training', '-calc-rsi', '-verbose', '-prediction-mode=index', '-interval-list=30m', '-range-min-rsi=28', '-range-max-rsi=80', '-range-p-ema=50,250', '-target-margin-list=1.0,1.5,2.0,2.5,3.0,3.5,4.0,4.5,5.0', '-log-level=WARNING']
2023-11-26 21:03:02;UNIUSDT;30m;1.0;75;32;76;100.0;6;110.98;['-batch-training', '-calc-rsi', '-verbose', '-prediction-mode=index', '-interval-list=30m', '-range-min-rsi=28', '-range-max-rsi=80', '-range-p-ema=50,250', '-target-margin-list=1.0,1.5,2.0,2.5,3.0,3.5,4.0,4.5,5.0', '-log-level=WARNING']
2023-11-26 19:36:32;UNIUSDT;30m;1.0;125;32;74;100.0;4;110.98;['-batch-training', '-calc-rsi', '-verbose', '-prediction-mode=index', '-interval-list=30m', '-range-min-rsi=28', '-range-max-rsi=80', '-range-p-ema=50,250', '-target-margin-list=1.0,1.5,2.0,2.5,3.0,3.5,4.0,4.5,5.0', '-log-level=WARNING']
2023-11-26 21:03:48;UNIUSDT;30m;1.0;75;34;80;100.0;2;110.98;['-batch-training', '-calc-rsi', '-verbose', '-prediction-mode=index', '-interval-list=30m', '-range-min-rsi=28', '-range-max-rsi=80', '-range-p-ema=50,250', '-target-margin-list=1.0,1.5,2.0,2.5,3.0,3.5,4.0,4.5,5.0', '-log-level=WARNING']
2023-11-26 19:59:01;UNIUSDT;30m;1.0;175;30;76;100.0;7;110.98;['-batch-training', '-calc-rsi', '-verbose', '-prediction-mode=index', '-interval-list=30m', '-range-min-rsi=28', '-range-max-rsi=80', '-range-p-ema=50,250', '-target-margin-list=1.0,1.5,2.0,2.5,3.0,3.5,4.0,4.5,5.0', '-log-level=WARNING']
2023-11-26 20:48:54;UNIUSDT;30m;1.0;50;34;80;100.0;2;110.98;['-batch-training', '-calc-rsi', '-verbose', '-prediction-mode=index', '-interval-list=30m', '-range-min-rsi=28', '-range-max-rsi=80', '-range-p-ema=50,250', '-target-margin-list=1.0,1.5,2.0,2.5,3.0,3.5,4.0,4.5,5.0', '-log-level=WARNING']
2023-11-26 20:21:44;UNIUSDT;30m;1.0;225;28;80;100.0;7;110.98;['-batch-training', '-calc-rsi', '-verbose', '-prediction-mode=index', '-interval-list=30m', '-range-min-rsi=28', '-range-max-rsi=80', '-range-p-ema=50,250', '-target-margin-list=1.0,1.5,2.0,2.5,3.0,3.5,4.0,4.5,5.0', '-log-level=WARNING']
2023-11-26 19:25:54;UNIUSDT;30m;1.0;100;34;80;100.0;2;110.98;['-batch-training', '-calc-rsi', '-verbose', '-prediction-mode=index', '-interval-list=30m', '-range-min-rsi=28', '-range-max-rsi=80', '-range-p-ema=50,250', '-target-margin-list=1.0,1.5,2.0,2.5,3.0,3.5,4.0,4.5,5.0', '-log-level=WARNING']
2023-11-26 19:37:23;UNIUSDT;30m;1.0;125;34;80;100.0;2;110.98;['-batch-training', '-calc-rsi', '-verbose', '-prediction-mode=index', '-interval-list=30m', '-range-min-rsi=28', '-range-max-rsi=80', '-range-p-ema=50,250', '-target-margin-list=1.0,1.5,2.0,2.5,3.0,3.5,4.0,4.5,5.0', '-log-level=WARNING']
2023-11-26 19:25:04;UNIUSDT;30m;1.0;100;32;74;100.0;4;110.98;['-batch-training', '-calc-rsi', '-verbose', '-prediction-mode=index', '-interval-list=30m', '-range-min-rsi=28', '-range-max-rsi=80', '-range-p-ema=50,250', '-target-margin-list=1.0,1.5,2.0,2.5,3.0,3.5,4.0,4.5,5.0', '-log-level=WARNING']
2023-11-26 19:36:48;UNIUSDT;30m;1.0;125;32;76;100.0;6;110.98;['-batch-training', '-calc-rsi', '-verbose', '-prediction-mode=index', '-interval-list=30m', '-range-min-rsi=28', '-range-max-rsi=80', '-range-p-ema=50,250', '-target-margin-list=1.0,1.5,2.0,2.5,3.0,3.5,4.0,4.5,5.0', '-log-level=WARNING']
2023-11-26 19:25:20;UNIUSDT;30m;1.0;100;32;76;100.0;6;110.98;['-batch-training', '-calc-rsi', '-verbose', '-prediction-mode=index', '-interval-list=30m', '-range-min-rsi=28', '-range-max-rsi=80', '-range-p-ema=50,250', '-target-margin-list=1.0,1.5,2.0,2.5,3.0,3.5,4.0,4.5,5.0', '-log-level=WARNING']
2023-11-26 21:02:41;UNIUSDT;30m;1.0;75;32;74;100.0;4;110.98;['-batch-training', '-calc-rsi', '-verbose', '-prediction-mode=index', '-interval-list=30m', '-range-min-rsi=28', '-range-max-rsi=80', '-range-p-ema=50,250', '-target-margin-list=1.0,1.5,2.0,2.5,3.0,3.5,4.0,4.5,5.0', '-log-level=WARNING']
2023-11-26 20:09:04;UNIUSDT;30m;1.0;200;30;76;100.0;7;110.98;['-batch-training', '-calc-rsi', '-verbose', '-prediction-mode=index', '-interval-list=30m', '-range-min-rsi=28', '-range-max-rsi=80', '-range-p-ema=50,250', '-target-margin-list=1.0,1.5,2.0,2.5,3.0,3.5,4.0,4.5,5.0', '-log-level=WARNING']
2023-11-26 19:48:46;UNIUSDT;30m;1.0;150;28;80;100.0;7;110.98;['-batch-training', '-calc-rsi', '-verbose', '-prediction-mode=index', '-interval-list=30m', '-range-min-rsi=28', '-range-max-rsi=80', '-range-p-ema=50,250', '-target-margin-list=1.0,1.5,2.0,2.5,3.0,3.5,4.0,4.5,5.0', '-log-level=WARNING']
2023-11-26 20:48:41;UNIUSDT;30m;1.0;50;28;80;100.0;7;110.98;['-batch-training', '-calc-rsi', '-verbose', '-prediction-mode=index', '-interval-list=30m', '-range-min-rsi=28', '-range-max-rsi=80', '-range-p-ema=50,250', '-target-margin-list=1.0,1.5,2.0,2.5,3.0,3.5,4.0,4.5,5.0', '-log-level=WARNING']
2023-11-26 20:48:11;UNIUSDT;30m;1.0;50;32;76;100.0;6;110.98;['-batch-training', '-calc-rsi', '-verbose', '-prediction-mode=index', '-interval-list=30m', '-range-min-rsi=28', '-range-max-rsi=80', '-range-p-ema=50,250', '-target-margin-list=1.0,1.5,2.0,2.5,3.0,3.5,4.0,4.5,5.0', '-log-level=WARNING']
2023-11-26 19:37:14;UNIUSDT;30m;1.0;125;28;80;100.0;7;110.98;['-batch-training', '-calc-rsi', '-verbose', '-prediction-mode=index', '-interval-list=30m', '-range-min-rsi=28', '-range-max-rsi=80', '-range-p-ema=50,250', '-target-margin-list=1.0,1.5,2.0,2.5,3.0,3.5,4.0,4.5,5.0', '-log-level=WARNING']
2023-11-26 19:39:16;UNIUSDT;30m;2.0;125;36;74;100.0;3;110.99;['-batch-training', '-calc-rsi', '-verbose', '-prediction-mode=index', '-interval-list=30m', '-range-min-rsi=28', '-range-max-rsi=80', '-range-p-ema=50,250', '-target-margin-list=1.0,1.5,2.0,2.5,3.0,3.5,4.0,4.5,5.0', '-log-level=WARNING']
2023-11-26 21:06:24;UNIUSDT;30m;2.0;75;36;74;100.0;3;110.99;['-batch-training', '-calc-rsi', '-verbose', '-prediction-mode=index', '-interval-list=30m', '-range-min-rsi=28', '-range-max-rsi=80', '-range-p-ema=50,250', '-target-margin-list=1.0,1.5,2.0,2.5,3.0,3.5,4.0,4.5,5.0', '-log-level=WARNING']
2023-11-26 20:51:12;UNIUSDT;30m;2.0;50;36;74;100.0;3;110.99;['-batch-training', '-calc-rsi', '-verbose', '-prediction-mode=index', '-interval-list=30m', '-range-min-rsi=28', '-range-max-rsi=80', '-range-p-ema=50,250', '-target-margin-list=1.0,1.5,2.0,2.5,3.0,3.5,4.0,4.5,5.0', '-log-level=WARNING']
2023-11-26 19:27:47;UNIUSDT;30m;2.0;100;36;74;100.0;3;110.99;['-batch-training', '-calc-rsi', '-verbose', '-prediction-mode=index', '-interval-list=30m', '-range-min-rsi=28', '-range-max-rsi=80', '-range-p-ema=50,250', '-target-margin-list=1.0,1.5,2.0,2.5,3.0,3.5,4.0,4.5,5.0', '-log-level=WARNING']
2023-11-26 19:58:22;UNIUSDT;30m;5.0;150;32;80;100.0;3;111.01;['-batch-training', '-calc-rsi', '-verbose', '-prediction-mode=index', '-interval-list=30m', '-range-min-rsi=28', '-range-max-rsi=80', '-range-p-ema=50,250', '-target-margin-list=1.0,1.5,2.0,2.5,3.0,3.5,4.0,4.5,5.0', '-log-level=WARNING']
2023-11-26 20:35:13;UNIUSDT;30m;1.5;250;30;72;100.0;5;111.01;['-batch-training', '-calc-rsi', '-verbose', '-prediction-mode=index', '-interval-list=30m', '-range-min-rsi=28', '-range-max-rsi=80', '-range-p-ema=50,250', '-target-margin-list=1.0,1.5,2.0,2.5,3.0,3.5,4.0,4.5,5.0', '-log-level=WARNING']
2023-11-26 20:33:28;UNIUSDT;30m;5.0;225;32;80;100.0;3;111.01;['-batch-training', '-calc-rsi', '-verbose', '-prediction-mode=index', '-interval-list=30m', '-range-min-rsi=28', '-range-max-rsi=80', '-range-p-ema=50,250', '-target-margin-list=1.0,1.5,2.0,2.5,3.0,3.5,4.0,4.5,5.0', '-log-level=WARNING']
2023-11-26 20:08:24;UNIUSDT;30m;5.0;175;32;80;100.0;3;111.01;['-batch-training', '-calc-rsi', '-verbose', '-prediction-mode=index', '-interval-list=30m', '-range-min-rsi=28', '-range-max-rsi=80', '-range-p-ema=50,250', '-target-margin-list=1.0,1.5,2.0,2.5,3.0,3.5,4.0,4.5,5.0', '-log-level=WARNING']
2023-11-26 20:47:14;UNIUSDT;30m;5.0;250;32;80;100.0;3;111.01;['-batch-training', '-calc-rsi', '-verbose', '-prediction-mode=index', '-interval-list=30m', '-range-min-rsi=28', '-range-max-rsi=80', '-range-p-ema=50,250', '-target-margin-list=1.0,1.5,2.0,2.5,3.0,3.5,4.0,4.5,5.0', '-log-level=WARNING']
2023-11-26 20:20:24;UNIUSDT;30m;5.0;200;32;80;100.0;3;111.01;['-batch-training', '-calc-rsi', '-verbose', '-prediction-mode=index', '-interval-list=30m', '-range-min-rsi=28', '-range-max-rsi=80', '-range-p-ema=50,250', '-target-margin-list=1.0,1.5,2.0,2.5,3.0,3.5,4.0,4.5,5.0', '-log-level=WARNING']
2023-11-26 19:26:17;UNIUSDT;30m;1.5;100;28;74;100.0;6;111.02;['-batch-training', '-calc-rsi', '-verbose', '-prediction-mode=index', '-interval-list=30m', '-range-min-rsi=28', '-range-max-rsi=80', '-range-p-ema=50,250', '-target-margin-list=1.0,1.5,2.0,2.5,3.0,3.5,4.0,4.5,5.0', '-log-level=WARNING']
2023-11-26 20:49:19;UNIUSDT;30m;1.5;50;28;74;100.0;6;111.02;['-batch-training', '-calc-rsi', '-verbose', '-prediction-mode=index', '-interval-list=30m', '-range-min-rsi=28', '-range-max-rsi=80', '-range-p-ema=50,250', '-target-margin-list=1.0,1.5,2.0,2.5,3.0,3.5,4.0,4.5,5.0', '-log-level=WARNING']
2023-11-26 19:49:17;UNIUSDT;30m;1.5;150;28;74;100.0;6;111.02;['-batch-training', '-calc-rsi', '-verbose', '-prediction-mode=index', '-interval-list=30m', '-range-min-rsi=28', '-range-max-rsi=80', '-range-p-ema=50,250', '-target-margin-list=1.0,1.5,2.0,2.5,3.0,3.5,4.0,4.5,5.0', '-log-level=WARNING']
2023-11-26 19:59:53;UNIUSDT;30m;1.5;175;28;74;100.0;6;111.02;['-batch-training', '-calc-rsi', '-verbose', '-prediction-mode=index', '-interval-list=30m', '-range-min-rsi=28', '-range-max-rsi=80', '-range-p-ema=50,250', '-target-margin-list=1.0,1.5,2.0,2.5,3.0,3.5,4.0,4.5,5.0', '-log-level=WARNING']
2023-11-26 20:09:59;UNIUSDT;30m;1.5;200;28;74;100.0;6;111.02;['-batch-training', '-calc-rsi', '-verbose', '-prediction-mode=index', '-interval-list=30m', '-range-min-rsi=28', '-range-max-rsi=80', '-range-p-ema=50,250', '-target-margin-list=1.0,1.5,2.0,2.5,3.0,3.5,4.0,4.5,5.0', '-log-level=WARNING']
2023-11-26 20:22:18;UNIUSDT;30m;1.5;225;28;74;100.0;6;111.02;['-batch-training', '-calc-rsi', '-verbose', '-prediction-mode=index', '-interval-list=30m', '-range-min-rsi=28', '-range-max-rsi=80', '-range-p-ema=50,250', '-target-margin-list=1.0,1.5,2.0,2.5,3.0,3.5,4.0,4.5,5.0', '-log-level=WARNING']
2023-11-26 21:04:18;UNIUSDT;30m;1.5;75;28;74;100.0;6;111.02;['-batch-training', '-calc-rsi', '-verbose', '-prediction-mode=index', '-interval-list=30m', '-range-min-rsi=28', '-range-max-rsi=80', '-range-p-ema=50,250', '-target-margin-list=1.0,1.5,2.0,2.5,3.0,3.5,4.0,4.5,5.0', '-log-level=WARNING']
2023-11-26 19:37:45;UNIUSDT;30m;1.5;125;28;74;100.0;6;111.02;['-batch-training', '-calc-rsi', '-verbose', '-prediction-mode=index', '-interval-list=30m', '-range-min-rsi=28', '-range-max-rsi=80', '-range-p-ema=50,250', '-target-margin-list=1.0,1.5,2.0,2.5,3.0,3.5,4.0,4.5,5.0', '-log-level=WARNING']
2023-11-26 20:34:15;UNIUSDT;30m;1.0;250;28;76;100.0;4;111.03;['-batch-training', '-calc-rsi', '-verbose', '-prediction-mode=index', '-interval-list=30m', '-range-min-rsi=28', '-range-max-rsi=80', '-range-p-ema=50,250', '-target-margin-list=1.0,1.5,2.0,2.5,3.0,3.5,4.0,4.5,5.0', '-log-level=WARNING']
2023-11-26 20:49:55;UNIUSDT;30m;1.5;50;36;76;100.0;4;111.03;['-batch-training', '-calc-rsi', '-verbose', '-prediction-mode=index', '-interval-list=30m', '-range-min-rsi=28', '-range-max-rsi=80', '-range-p-ema=50,250', '-target-margin-list=1.0,1.5,2.0,2.5,3.0,3.5,4.0,4.5,5.0', '-log-level=WARNING']
2023-11-26 20:27:20;UNIUSDT;30m;3.0;225;32;78;100.0;4;111.03;['-batch-training', '-calc-rsi', '-verbose', '-prediction-mode=index', '-interval-list=30m', '-range-min-rsi=28', '-range-max-rsi=80', '-range-p-ema=50,250', '-target-margin-list=1.0,1.5,2.0,2.5,3.0,3.5,4.0,4.5,5.0', '-log-level=WARNING']
2023-11-26 19:26:45;UNIUSDT;30m;1.5;100;36;76;100.0;4;111.03;['-batch-training', '-calc-rsi', '-verbose', '-prediction-mode=index', '-interval-list=30m', '-range-min-rsi=28', '-range-max-rsi=80', '-range-p-ema=50,250', '-target-margin-list=1.0,1.5,2.0,2.5,3.0,3.5,4.0,4.5,5.0', '-log-level=WARNING']
2023-11-26 20:03:47;UNIUSDT;30m;3.0;175;32;78;100.0;4;111.03;['-batch-training', '-calc-rsi', '-verbose', '-prediction-mode=index', '-interval-list=30m', '-range-min-rsi=28', '-range-max-rsi=80', '-range-p-ema=50,250', '-target-margin-list=1.0,1.5,2.0,2.5,3.0,3.5,4.0,4.5,5.0', '-log-level=WARNING']
2023-11-26 20:14:37;UNIUSDT;30m;3.0;200;32;78;100.0;4;111.03;['-batch-training', '-calc-rsi', '-verbose', '-prediction-mode=index', '-interval-list=30m', '-range-min-rsi=28', '-range-max-rsi=80', '-range-p-ema=50,250', '-target-margin-list=1.0,1.5,2.0,2.5,3.0,3.5,4.0,4.5,5.0', '-log-level=WARNING']
2023-11-26 21:04:56;UNIUSDT;30m;1.5;75;36;76;100.0;4;111.03;['-batch-training', '-calc-rsi', '-verbose', '-prediction-mode=index', '-interval-list=30m', '-range-min-rsi=28', '-range-max-rsi=80', '-range-p-ema=50,250', '-target-margin-list=1.0,1.5,2.0,2.5,3.0,3.5,4.0,4.5,5.0', '-log-level=WARNING']
2023-11-26 19:53:37;UNIUSDT;30m;3.0;150;32;78;100.0;4;111.03;['-batch-training', '-calc-rsi', '-verbose', '-prediction-mode=index', '-interval-list=30m', '-range-min-rsi=28', '-range-max-rsi=80', '-range-p-ema=50,250', '-target-margin-list=1.0,1.5,2.0,2.5,3.0,3.5,4.0,4.5,5.0', '-log-level=WARNING']
2023-11-26 19:38:14;UNIUSDT;30m;1.5;125;36;76;100.0;4;111.03;['-batch-training', '-calc-rsi', '-verbose', '-prediction-mode=index', '-interval-list=30m', '-range-min-rsi=28', '-range-max-rsi=80', '-range-p-ema=50,250', '-target-margin-list=1.0,1.5,2.0,2.5,3.0,3.5,4.0,4.5,5.0', '-log-level=WARNING']
2023-11-26 19:49:30;UNIUSDT;30m;1.5;150;36;74;100.0;4;111.05;['-batch-training', '-calc-rsi', '-verbose', '-prediction-mode=index', '-interval-list=30m', '-range-min-rsi=28', '-range-max-rsi=80', '-range-p-ema=50,250', '-target-margin-list=1.0,1.5,2.0,2.5,3.0,3.5,4.0,4.5,5.0', '-log-level=WARNING']
2023-11-26 21:06:19;UNIUSDT;30m;2.0;75;34;74;100.0;2;111.05;['-batch-training', '-calc-rsi', '-verbose', '-prediction-mode=index', '-interval-list=30m', '-range-min-rsi=28', '-range-max-rsi=80', '-range-p-ema=50,250', '-target-margin-list=1.0,1.5,2.0,2.5,3.0,3.5,4.0,4.5,5.0', '-log-level=WARNING']
2023-11-26 19:27:44;UNIUSDT;30m;2.0;100;34;74;100.0;2;111.05;['-batch-training', '-calc-rsi', '-verbose', '-prediction-mode=index', '-interval-list=30m', '-range-min-rsi=28', '-range-max-rsi=80', '-range-p-ema=50,250', '-target-margin-list=1.0,1.5,2.0,2.5,3.0,3.5,4.0,4.5,5.0', '-log-level=WARNING']
2023-11-26 19:39:13;UNIUSDT;30m;2.0;125;34;74;100.0;2;111.05;['-batch-training', '-calc-rsi', '-verbose', '-prediction-mode=index', '-interval-list=30m', '-range-min-rsi=28', '-range-max-rsi=80', '-range-p-ema=50,250', '-target-margin-list=1.0,1.5,2.0,2.5,3.0,3.5,4.0,4.5,5.0', '-log-level=WARNING']
2023-11-26 20:51:08;UNIUSDT;30m;2.0;50;34;74;100.0;2;111.05;['-batch-training', '-calc-rsi', '-verbose', '-prediction-mode=index', '-interval-list=30m', '-range-min-rsi=28', '-range-max-rsi=80', '-range-p-ema=50,250', '-target-margin-list=1.0,1.5,2.0,2.5,3.0,3.5,4.0,4.5,5.0', '-log-level=WARNING']
2023-11-26 20:41:43;UNIUSDT;30m;3.5;250;34;74;100.0;4;111.05;['-batch-training', '-calc-rsi', '-verbose', '-prediction-mode=index', '-interval-list=30m', '-range-min-rsi=28', '-range-max-rsi=80', '-range-p-ema=50,250', '-target-margin-list=1.0,1.5,2.0,2.5,3.0,3.5,4.0,4.5,5.0', '-log-level=WARNING']
2023-11-26 20:53:42;UNIUSDT;30m;2.5;50;32;80;100.0;5;111.06;['-batch-training', '-calc-rsi', '-verbose', '-prediction-mode=index', '-interval-list=30m', '-range-min-rsi=28', '-range-max-rsi=80', '-range-p-ema=50,250', '-target-margin-list=1.0,1.5,2.0,2.5,3.0,3.5,4.0,4.5,5.0', '-log-level=WARNING']
2023-11-26 19:41:14;UNIUSDT;30m;2.5;125;32;80;100.0;5;111.06;['-batch-training', '-calc-rsi', '-verbose', '-prediction-mode=index', '-interval-list=30m', '-range-min-rsi=28', '-range-max-rsi=80', '-range-p-ema=50,250', '-target-margin-list=1.0,1.5,2.0,2.5,3.0,3.5,4.0,4.5,5.0', '-log-level=WARNING']
2023-11-26 21:06:36;UNIUSDT;30m;2.0;75;32;76;100.0;2;111.06;['-batch-training', '-calc-rsi', '-verbose', '-prediction-mode=index', '-interval-list=30m', '-range-min-rsi=28', '-range-max-rsi=80', '-range-p-ema=50,250', '-target-margin-list=1.0,1.5,2.0,2.5,3.0,3.5,4.0,4.5,5.0', '-log-level=WARNING']
2023-11-26 19:27:56;UNIUSDT;30m;2.0;100;32;76;100.0;2;111.06;['-batch-training', '-calc-rsi', '-verbose', '-prediction-mode=index', '-interval-list=30m', '-range-min-rsi=28', '-range-max-rsi=80', '-range-p-ema=50,250', '-target-margin-list=1.0,1.5,2.0,2.5,3.0,3.5,4.0,4.5,5.0', '-log-level=WARNING']
2023-11-26 19:29:44;UNIUSDT;30m;2.5;100;32;80;100.0;5;111.06;['-batch-training', '-calc-rsi', '-verbose', '-prediction-mode=index', '-interval-list=30m', '-range-min-rsi=28', '-range-max-rsi=80', '-range-p-ema=50,250', '-target-margin-list=1.0,1.5,2.0,2.5,3.0,3.5,4.0,4.5,5.0', '-log-level=WARNING']
2023-11-26 19:39:25;UNIUSDT;30m;2.0;125;32;76;100.0;2;111.06;['-batch-training', '-calc-rsi', '-verbose', '-prediction-mode=index', '-interval-list=30m', '-range-min-rsi=28', '-range-max-rsi=80', '-range-p-ema=50,250', '-target-margin-list=1.0,1.5,2.0,2.5,3.0,3.5,4.0,4.5,5.0', '-log-level=WARNING']
2023-11-26 19:50:10;UNIUSDT;30m;1.5;150;32;80;100.0;3;111.06;['-batch-training', '-calc-rsi', '-verbose', '-prediction-mode=index', '-interval-list=30m', '-range-min-rsi=28', '-range-max-rsi=80', '-range-p-ema=50,250', '-target-margin-list=1.0,1.5,2.0,2.5,3.0,3.5,4.0,4.5,5.0', '-log-level=WARNING']
2023-11-26 20:51:24;UNIUSDT;30m;2.0;50;32;76;100.0;2;111.06;['-batch-training', '-calc-rsi', '-verbose', '-prediction-mode=index', '-interval-list=30m', '-range-min-rsi=28', '-range-max-rsi=80', '-range-p-ema=50,250', '-target-margin-list=1.0,1.5,2.0,2.5,3.0,3.5,4.0,4.5,5.0', '-log-level=WARNING']
2023-11-26 21:09:09;UNIUSDT;30m;2.5;75;32;80;100.0;5;111.06;['-batch-training', '-calc-rsi', '-verbose', '-prediction-mode=index', '-interval-list=30m', '-range-min-rsi=28', '-range-max-rsi=80', '-range-p-ema=50,250', '-target-margin-list=1.0,1.5,2.0,2.5,3.0,3.5,4.0,4.5,5.0', '-log-level=WARNING']
2023-11-26 20:41:46;UNIUSDT;30m;3.5;250;36;74;100.0;4;111.08;['-batch-training', '-calc-rsi', '-verbose', '-prediction-mode=index', '-interval-list=30m', '-range-min-rsi=28', '-range-max-rsi=80', '-range-p-ema=50,250', '-target-margin-list=1.0,1.5,2.0,2.5,3.0,3.5,4.0,4.5,5.0', '-log-level=WARNING']
2023-11-26 20:37:45;UNIUSDT;30m;2.0;250;34;78;100.0;5;111.1;['-batch-training', '-calc-rsi', '-verbose', '-prediction-mode=index', '-interval-list=30m', '-range-min-rsi=28', '-range-max-rsi=80', '-range-p-ema=50,250', '-target-margin-list=1.0,1.5,2.0,2.5,3.0,3.5,4.0,4.5,5.0', '-log-level=WARNING']
2023-11-26 20:10:56;UNIUSDT;30m;1.5;200;34;80;100.0;7;111.1;['-batch-training', '-calc-rsi', '-verbose', '-prediction-mode=index', '-interval-list=30m', '-range-min-rsi=28', '-range-max-rsi=80', '-range-p-ema=50,250', '-target-margin-list=1.0,1.5,2.0,2.5,3.0,3.5,4.0,4.5,5.0', '-log-level=WARNING']
2023-11-26 20:24:06;UNIUSDT;30m;2.0;225;30;76;100.0;2;111.12;['-batch-training', '-calc-rsi', '-verbose', '-prediction-mode=index', '-interval-list=30m', '-range-min-rsi=28', '-range-max-rsi=80', '-range-p-ema=50,250', '-target-margin-list=1.0,1.5,2.0,2.5,3.0,3.5,4.0,4.5,5.0', '-log-level=WARNING']
2023-11-26 20:11:37;UNIUSDT;30m;2.0;200;30;76;100.0;2;111.12;['-batch-training', '-calc-rsi', '-verbose', '-prediction-mode=index', '-interval-list=30m', '-range-min-rsi=28', '-range-max-rsi=80', '-range-p-ema=50,250', '-target-margin-list=1.0,1.5,2.0,2.5,3.0,3.5,4.0,4.5,5.0', '-log-level=WARNING']
2023-11-26 20:01:17;UNIUSDT;30m;2.0;175;30;76;100.0;2;111.12;['-batch-training', '-calc-rsi', '-verbose', '-prediction-mode=index', '-interval-list=30m', '-range-min-rsi=28', '-range-max-rsi=80', '-range-p-ema=50,250', '-target-margin-list=1.0,1.5,2.0,2.5,3.0,3.5,4.0,4.5,5.0', '-log-level=WARNING']
2023-11-26 20:40:55;UNIUSDT;30m;3.0;250;28;80;100.0;2;111.12;['-batch-training', '-calc-rsi', '-verbose', '-prediction-mode=index', '-interval-list=30m', '-range-min-rsi=28', '-range-max-rsi=80', '-range-p-ema=50,250', '-target-margin-list=1.0,1.5,2.0,2.5,3.0,3.5,4.0,4.5,5.0', '-log-level=WARNING']
2023-11-26 19:59:32;UNIUSDT;30m;1.0;175;32;80;100.0;6;111.14;['-batch-training', '-calc-rsi', '-verbose', '-prediction-mode=index', '-interval-list=30m', '-range-min-rsi=28', '-range-max-rsi=80', '-range-p-ema=50,250', '-target-margin-list=1.0,1.5,2.0,2.5,3.0,3.5,4.0,4.5,5.0', '-log-level=WARNING']
2023-11-26 20:34:34;UNIUSDT;30m;1.0;250;28;78;100.0;6;111.15;['-batch-training', '-calc-rsi', '-verbose', '-prediction-mode=index', '-interval-list=30m', '-range-min-rsi=28', '-range-max-rsi=80', '-range-p-ema=50,250', '-target-margin-list=1.0,1.5,2.0,2.5,3.0,3.5,4.0,4.5,5.0', '-log-level=WARNING']
2023-11-26 20:09:36;UNIUSDT;30m;1.0;200;32;80;100.0;6;111.15;['-batch-training', '-calc-rsi', '-verbose', '-prediction-mode=index', '-interval-list=30m', '-range-min-rsi=28', '-range-max-rsi=80', '-range-p-ema=50,250', '-target-margin-list=1.0,1.5,2.0,2.5,3.0,3.5,4.0,4.5,5.0', '-log-level=WARNING']
2023-11-26 20:21:50;UNIUSDT;30m;1.0;225;32;80;100.0;6;111.15;['-batch-training', '-calc-rsi', '-verbose', '-prediction-mode=index', '-interval-list=30m', '-range-min-rsi=28', '-range-max-rsi=80', '-range-p-ema=50,250', '-target-margin-list=1.0,1.5,2.0,2.5,3.0,3.5,4.0,4.5,5.0', '-log-level=WARNING']
2023-11-26 20:24:30;UNIUSDT;30m;2.0;225;34;78;100.0;7;111.16;['-batch-training', '-calc-rsi', '-verbose', '-prediction-mode=index', '-interval-list=30m', '-range-min-rsi=28', '-range-max-rsi=80', '-range-p-ema=50,250', '-target-margin-list=1.0,1.5,2.0,2.5,3.0,3.5,4.0,4.5,5.0', '-log-level=WARNING']
2023-11-26 20:24:34;UNIUSDT;30m;2.0;225;36;78;100.0;3;111.16;['-batch-training', '-calc-rsi', '-verbose', '-prediction-mode=index', '-interval-list=30m', '-range-min-rsi=28', '-range-max-rsi=80', '-range-p-ema=50,250', '-target-margin-list=1.0,1.5,2.0,2.5,3.0,3.5,4.0,4.5,5.0', '-log-level=WARNING']
2023-11-26 20:40:40;UNIUSDT;30m;3.0;250;30;78;100.0;3;111.17;['-batch-training', '-calc-rsi', '-verbose', '-prediction-mode=index', '-interval-list=30m', '-range-min-rsi=28', '-range-max-rsi=80', '-range-p-ema=50,250', '-target-margin-list=1.0,1.5,2.0,2.5,3.0,3.5,4.0,4.5,5.0', '-log-level=WARNING']
2023-11-26 20:36:29;UNIUSDT;30m;1.5;250;32;80;100.0;5;111.17;['-batch-training', '-calc-rsi', '-verbose', '-prediction-mode=index', '-interval-list=30m', '-range-min-rsi=28', '-range-max-rsi=80', '-range-p-ema=50,250', '-target-margin-list=1.0,1.5,2.0,2.5,3.0,3.5,4.0,4.5,5.0', '-log-level=WARNING']
2023-11-26 19:37:20;UNIUSDT;30m;1.0;125;32;80;100.0;2;111.18;['-batch-training', '-calc-rsi', '-verbose', '-prediction-mode=index', '-interval-list=30m', '-range-min-rsi=28', '-range-max-rsi=80', '-range-p-ema=50,250', '-target-margin-list=1.0,1.5,2.0,2.5,3.0,3.5,4.0,4.5,5.0', '-log-level=WARNING']
2023-11-26 20:08:36;UNIUSDT;30m;1.0;200;30;72;100.0;2;111.18;['-batch-training', '-calc-rsi', '-verbose', '-prediction-mode=index', '-interval-list=30m', '-range-min-rsi=28', '-range-max-rsi=80', '-range-p-ema=50,250', '-target-margin-list=1.0,1.5,2.0,2.5,3.0,3.5,4.0,4.5,5.0', '-log-level=WARNING']
2023-11-26 19:58:33;UNIUSDT;30m;1.0;175;30;72;100.0;2;111.18;['-batch-training', '-calc-rsi', '-verbose', '-prediction-mode=index', '-interval-list=30m', '-range-min-rsi=28', '-range-max-rsi=80', '-range-p-ema=50,250', '-target-margin-list=1.0,1.5,2.0,2.5,3.0,3.5,4.0,4.5,5.0', '-log-level=WARNING']
2023-11-26 20:48:49;UNIUSDT;30m;1.0;50;32;80;100.0;2;111.18;['-batch-training', '-calc-rsi', '-verbose', '-prediction-mode=index', '-interval-list=30m', '-range-min-rsi=28', '-range-max-rsi=80', '-range-p-ema=50,250', '-target-margin-list=1.0,1.5,2.0,2.5,3.0,3.5,4.0,4.5,5.0', '-log-level=WARNING']
2023-11-26 19:25:52;UNIUSDT;30m;1.0;100;32;80;100.0;2;111.18;['-batch-training', '-calc-rsi', '-verbose', '-prediction-mode=index', '-interval-list=30m', '-range-min-rsi=28', '-range-max-rsi=80', '-range-p-ema=50,250', '-target-margin-list=1.0,1.5,2.0,2.5,3.0,3.5,4.0,4.5,5.0', '-log-level=WARNING']
2023-11-26 21:03:44;UNIUSDT;30m;1.0;75;32;80;100.0;2;111.18;['-batch-training', '-calc-rsi', '-verbose', '-prediction-mode=index', '-interval-list=30m', '-range-min-rsi=28', '-range-max-rsi=80', '-range-p-ema=50,250', '-target-margin-list=1.0,1.5,2.0,2.5,3.0,3.5,4.0,4.5,5.0', '-log-level=WARNING']
2023-11-26 19:41:17;UNIUSDT;30m;2.5;125;34;80;100.0;2;111.19;['-batch-training', '-calc-rsi', '-verbose', '-prediction-mode=index', '-interval-list=30m', '-range-min-rsi=28', '-range-max-rsi=80', '-range-p-ema=50,250', '-target-margin-list=1.0,1.5,2.0,2.5,3.0,3.5,4.0,4.5,5.0', '-log-level=WARNING']
2023-11-26 20:53:46;UNIUSDT;30m;2.5;50;34;80;100.0;2;111.19;['-batch-training', '-calc-rsi', '-verbose', '-prediction-mode=index', '-interval-list=30m', '-range-min-rsi=28', '-range-max-rsi=80', '-range-p-ema=50,250', '-target-margin-list=1.0,1.5,2.0,2.5,3.0,3.5,4.0,4.5,5.0', '-log-level=WARNING']
2023-11-26 19:51:34;UNIUSDT;30m;2.0;150;36;80;100.0;7;111.19;['-batch-training', '-calc-rsi', '-verbose', '-prediction-mode=index', '-interval-list=30m', '-range-min-rsi=28', '-range-max-rsi=80', '-range-p-ema=50,250', '-target-margin-list=1.0,1.5,2.0,2.5,3.0,3.5,4.0,4.5,5.0', '-log-level=WARNING']
2023-11-26 19:29:47;UNIUSDT;30m;2.5;100;34;80;100.0;2;111.19;['-batch-training', '-calc-rsi', '-verbose', '-prediction-mode=index', '-interval-list=30m', '-range-min-rsi=28', '-range-max-rsi=80', '-range-p-ema=50,250', '-target-margin-list=1.0,1.5,2.0,2.5,3.0,3.5,4.0,4.5,5.0', '-log-level=WARNING']
2023-11-26 19:59:09;UNIUSDT;30m;1.0;175;36;76;100.0;6;111.19;['-batch-training', '-calc-rsi', '-verbose', '-prediction-mode=index', '-interval-list=30m', '-range-min-rsi=28', '-range-max-rsi=80', '-range-p-ema=50,250', '-target-margin-list=1.0,1.5,2.0,2.5,3.0,3.5,4.0,4.5,5.0', '-log-level=WARNING']
2023-11-26 21:09:13;UNIUSDT;30m;2.5;75;34;80;100.0;2;111.19;['-batch-training', '-calc-rsi', '-verbose', '-prediction-mode=index', '-interval-list=30m', '-range-min-rsi=28', '-range-max-rsi=80', '-range-p-ema=50,250', '-target-margin-list=1.0,1.5,2.0,2.5,3.0,3.5,4.0,4.5,5.0', '-log-level=WARNING']
2023-11-26 20:08:58;UNIUSDT;30m;1.0;200;36;74;100.0;5;111.19;['-batch-training', '-calc-rsi', '-verbose', '-prediction-mode=index', '-interval-list=30m', '-range-min-rsi=28', '-range-max-rsi=80', '-range-p-ema=50,250', '-target-margin-list=1.0,1.5,2.0,2.5,3.0,3.5,4.0,4.5,5.0', '-log-level=WARNING']
2023-11-26 19:26:35;UNIUSDT;30m;1.5;100;30;76;100.0;5;111.2;['-batch-training', '-calc-rsi', '-verbose', '-prediction-mode=index', '-interval-list=30m', '-range-min-rsi=28', '-range-max-rsi=80', '-range-p-ema=50,250', '-target-margin-list=1.0,1.5,2.0,2.5,3.0,3.5,4.0,4.5,5.0', '-log-level=WARNING']
2023-11-26 21:04:43;UNIUSDT;30m;1.5;75;30;76;100.0;5;111.2;['-batch-training', '-calc-rsi', '-verbose', '-prediction-mode=index', '-interval-list=30m', '-range-min-rsi=28', '-range-max-rsi=80', '-range-p-ema=50,250', '-target-margin-list=1.0,1.5,2.0,2.5,3.0,3.5,4.0,4.5,5.0', '-log-level=WARNING']
2023-11-26 20:10:18;UNIUSDT;30m;1.5;200;30;76;100.0;5;111.2;['-batch-training', '-calc-rsi', '-verbose', '-prediction-mode=index', '-interval-list=30m', '-range-min-rsi=28', '-range-max-rsi=80', '-range-p-ema=50,250', '-target-margin-list=1.0,1.5,2.0,2.5,3.0,3.5,4.0,4.5,5.0', '-log-level=WARNING']
2023-11-26 20:00:09;UNIUSDT;30m;1.5;175;30;76;100.0;5;111.2;['-batch-training', '-calc-rsi', '-verbose', '-prediction-mode=index', '-interval-list=30m', '-range-min-rsi=28', '-range-max-rsi=80', '-range-p-ema=50,250', '-target-margin-list=1.0,1.5,2.0,2.5,3.0,3.5,4.0,4.5,5.0', '-log-level=WARNING']
2023-11-26 20:49:43;UNIUSDT;30m;1.5;50;30;76;100.0;5;111.2;['-batch-training', '-calc-rsi', '-verbose', '-prediction-mode=index', '-interval-list=30m', '-range-min-rsi=28', '-range-max-rsi=80', '-range-p-ema=50,250', '-target-margin-list=1.0,1.5,2.0,2.5,3.0,3.5,4.0,4.5,5.0', '-log-level=WARNING']
2023-11-26 19:49:36;UNIUSDT;30m;1.5;150;30;76;100.0;5;111.2;['-batch-training', '-calc-rsi', '-verbose', '-prediction-mode=index', '-interval-list=30m', '-range-min-rsi=28', '-range-max-rsi=80', '-range-p-ema=50,250', '-target-margin-list=1.0,1.5,2.0,2.5,3.0,3.5,4.0,4.5,5.0', '-log-level=WARNING']
2023-11-26 20:22:39;UNIUSDT;30m;1.5;225;30;76;100.0;5;111.2;['-batch-training', '-calc-rsi', '-verbose', '-prediction-mode=index', '-interval-list=30m', '-range-min-rsi=28', '-range-max-rsi=80', '-range-p-ema=50,250', '-target-margin-list=1.0,1.5,2.0,2.5,3.0,3.5,4.0,4.5,5.0', '-log-level=WARNING']
2023-11-26 19:38:04;UNIUSDT;30m;1.5;125;30;76;100.0;5;111.2;['-batch-training', '-calc-rsi', '-verbose', '-prediction-mode=index', '-interval-list=30m', '-range-min-rsi=28', '-range-max-rsi=80', '-range-p-ema=50,250', '-target-margin-list=1.0,1.5,2.0,2.5,3.0,3.5,4.0,4.5,5.0', '-log-level=WARNING']
2023-11-26 20:30:25;UNIUSDT;30m;4.0;225;28;80;100.0;3;111.22;['-batch-training', '-calc-rsi', '-verbose', '-prediction-mode=index', '-interval-list=30m', '-range-min-rsi=28', '-range-max-rsi=80', '-range-p-ema=50,250', '-target-margin-list=1.0,1.5,2.0,2.5,3.0,3.5,4.0,4.5,5.0', '-log-level=WARNING']
2023-11-26 19:43:08;UNIUSDT;30m;3.5;125;28;76;100.0;2;111.22;['-batch-training', '-calc-rsi', '-verbose', '-prediction-mode=index', '-interval-list=30m', '-range-min-rsi=28', '-range-max-rsi=80', '-range-p-ema=50,250', '-target-margin-list=1.0,1.5,2.0,2.5,3.0,3.5,4.0,4.5,5.0', '-log-level=WARNING']
2023-11-26 20:56:11;UNIUSDT;30m;3.5;50;28;76;100.0;2;111.22;['-batch-training', '-calc-rsi', '-verbose', '-prediction-mode=index', '-interval-list=30m', '-range-min-rsi=28', '-range-max-rsi=80', '-range-p-ema=50,250', '-target-margin-list=1.0,1.5,2.0,2.5,3.0,3.5,4.0,4.5,5.0', '-log-level=WARNING']
2023-11-26 19:44:54;UNIUSDT;30m;4.0;125;28;80;100.0;3;111.22;['-batch-training', '-calc-rsi', '-verbose', '-prediction-mode=index', '-interval-list=30m', '-range-min-rsi=28', '-range-max-rsi=80', '-range-p-ema=50,250', '-target-margin-list=1.0,1.5,2.0,2.5,3.0,3.5,4.0,4.5,5.0', '-log-level=WARNING']
2023-11-26 19:56:02;UNIUSDT;30m;4.0;150;28;80;100.0;3;111.22;['-batch-training', '-calc-rsi', '-verbose', '-prediction-mode=index', '-interval-list=30m', '-range-min-rsi=28', '-range-max-rsi=80', '-range-p-ema=50,250', '-target-margin-list=1.0,1.5,2.0,2.5,3.0,3.5,4.0,4.5,5.0', '-log-level=WARNING']
2023-11-26 19:31:39;UNIUSDT;30m;3.5;100;28;76;100.0;2;111.22;['-batch-training', '-calc-rsi', '-verbose', '-prediction-mode=index', '-interval-list=30m', '-range-min-rsi=28', '-range-max-rsi=80', '-range-p-ema=50,250', '-target-margin-list=1.0,1.5,2.0,2.5,3.0,3.5,4.0,4.5,5.0', '-log-level=WARNING']
2023-11-26 19:33:22;UNIUSDT;30m;4.0;100;28;80;100.0;3;111.22;['-batch-training', '-calc-rsi', '-verbose', '-prediction-mode=index', '-interval-list=30m', '-range-min-rsi=28', '-range-max-rsi=80', '-range-p-ema=50,250', '-target-margin-list=1.0,1.5,2.0,2.5,3.0,3.5,4.0,4.5,5.0', '-log-level=WARNING']
2023-11-26 21:11:50;UNIUSDT;30m;3.5;75;28;76;100.0;2;111.22;['-batch-training', '-calc-rsi', '-verbose', '-prediction-mode=index', '-interval-list=30m', '-range-min-rsi=28', '-range-max-rsi=80', '-range-p-ema=50,250', '-target-margin-list=1.0,1.5,2.0,2.5,3.0,3.5,4.0,4.5,5.0', '-log-level=WARNING']
2023-11-26 19:54:26;UNIUSDT;30m;3.5;150;28;76;100.0;2;111.22;['-batch-training', '-calc-rsi', '-verbose', '-prediction-mode=index', '-interval-list=30m', '-range-min-rsi=28', '-range-max-rsi=80', '-range-p-ema=50,250', '-target-margin-list=1.0,1.5,2.0,2.5,3.0,3.5,4.0,4.5,5.0', '-log-level=WARNING']
2023-11-26 20:06:08;UNIUSDT;30m;4.0;175;28;80;100.0;3;111.22;['-batch-training', '-calc-rsi', '-verbose', '-prediction-mode=index', '-interval-list=30m', '-range-min-rsi=28', '-range-max-rsi=80', '-range-p-ema=50,250', '-target-margin-list=1.0,1.5,2.0,2.5,3.0,3.5,4.0,4.5,5.0', '-log-level=WARNING']
2023-11-26 20:28:23;UNIUSDT;30m;3.5;225;28;76;100.0;2;111.22;['-batch-training', '-calc-rsi', '-verbose', '-prediction-mode=index', '-interval-list=30m', '-range-min-rsi=28', '-range-max-rsi=80', '-range-p-ema=50,250', '-target-margin-list=1.0,1.5,2.0,2.5,3.0,3.5,4.0,4.5,5.0', '-log-level=WARNING']
2023-11-26 21:14:14;UNIUSDT;30m;4.0;75;28;80;100.0;3;111.22;['-batch-training', '-calc-rsi', '-verbose', '-prediction-mode=index', '-interval-list=30m', '-range-min-rsi=28', '-range-max-rsi=80', '-range-p-ema=50,250', '-target-margin-list=1.0,1.5,2.0,2.5,3.0,3.5,4.0,4.5,5.0', '-log-level=WARNING']
2023-11-26 20:17:30;UNIUSDT;30m;4.0;200;28;80;100.0;3;111.22;['-batch-training', '-calc-rsi', '-verbose', '-prediction-mode=index', '-interval-list=30m', '-range-min-rsi=28', '-range-max-rsi=80', '-range-p-ema=50,250', '-target-margin-list=1.0,1.5,2.0,2.5,3.0,3.5,4.0,4.5,5.0', '-log-level=WARNING']
2023-11-26 20:44:00;UNIUSDT;30m;4.0;250;28;80;100.0;3;111.22;['-batch-training', '-calc-rsi', '-verbose', '-prediction-mode=index', '-interval-list=30m', '-range-min-rsi=28', '-range-max-rsi=80', '-range-p-ema=50,250', '-target-margin-list=1.0,1.5,2.0,2.5,3.0,3.5,4.0,4.5,5.0', '-log-level=WARNING']
2023-11-26 20:04:35;UNIUSDT;30m;3.5;175;28;76;100.0;2;111.22;['-batch-training', '-calc-rsi', '-verbose', '-prediction-mode=index', '-interval-list=30m', '-range-min-rsi=28', '-range-max-rsi=80', '-range-p-ema=50,250', '-target-margin-list=1.0,1.5,2.0,2.5,3.0,3.5,4.0,4.5,5.0', '-log-level=WARNING']
2023-11-26 20:15:35;UNIUSDT;30m;3.5;200;28;76;100.0;2;111.22;['-batch-training', '-calc-rsi', '-verbose', '-prediction-mode=index', '-interval-list=30m', '-range-min-rsi=28', '-range-max-rsi=80', '-range-p-ema=50,250', '-target-margin-list=1.0,1.5,2.0,2.5,3.0,3.5,4.0,4.5,5.0', '-log-level=WARNING']
2023-11-26 20:58:31;UNIUSDT;30m;4.0;50;28;80;100.0;3;111.22;['-batch-training', '-calc-rsi', '-verbose', '-prediction-mode=index', '-interval-list=30m', '-range-min-rsi=28', '-range-max-rsi=80', '-range-p-ema=50,250', '-target-margin-list=1.0,1.5,2.0,2.5,3.0,3.5,4.0,4.5,5.0', '-log-level=WARNING']
2023-11-26 19:27:00;UNIUSDT;30m;1.5;100;36;78;100.0;5;111.23;['-batch-training', '-calc-rsi', '-verbose', '-prediction-mode=index', '-interval-list=30m', '-range-min-rsi=28', '-range-max-rsi=80', '-range-p-ema=50,250', '-target-margin-list=1.0,1.5,2.0,2.5,3.0,3.5,4.0,4.5,5.0', '-log-level=WARNING']
2023-11-26 20:34:05;UNIUSDT;30m;1.0;250;32;74;100.0;5;111.23;['-batch-training', '-calc-rsi', '-verbose', '-prediction-mode=index', '-interval-list=30m', '-range-min-rsi=28', '-range-max-rsi=80', '-range-p-ema=50,250', '-target-margin-list=1.0,1.5,2.0,2.5,3.0,3.5,4.0,4.5,5.0', '-log-level=WARNING']
2023-11-26 20:36:00;UNIUSDT;30m;1.5;250;36;76;100.0;3;111.23;['-batch-training', '-calc-rsi', '-verbose', '-prediction-mode=index', '-interval-list=30m', '-range-min-rsi=28', '-range-max-rsi=80', '-range-p-ema=50,250', '-target-margin-list=1.0,1.5,2.0,2.5,3.0,3.5,4.0,4.5,5.0', '-log-level=WARNING']
2023-11-26 19:38:29;UNIUSDT;30m;1.5;125;36;78;100.0;5;111.23;['-batch-training', '-calc-rsi', '-verbose', '-prediction-mode=index', '-interval-list=30m', '-range-min-rsi=28', '-range-max-rsi=80', '-range-p-ema=50,250', '-target-margin-list=1.0,1.5,2.0,2.5,3.0,3.5,4.0,4.5,5.0', '-log-level=WARNING']
2023-11-26 20:58:27;UNIUSDT;30m;4.0;50;36;78;100.0;2;111.24;['-batch-training', '-calc-rsi', '-verbose', '-prediction-mode=index', '-interval-list=30m', '-range-min-rsi=28', '-range-max-rsi=80', '-range-p-ema=50,250', '-target-margin-list=1.0,1.5,2.0,2.5,3.0,3.5,4.0,4.5,5.0', '-log-level=WARNING']
2023-11-26 21:14:11;UNIUSDT;30m;4.0;75;36;78;100.0;2;111.24;['-batch-training', '-calc-rsi', '-verbose', '-prediction-mode=index', '-interval-list=30m', '-range-min-rsi=28', '-range-max-rsi=80', '-range-p-ema=50,250', '-target-margin-list=1.0,1.5,2.0,2.5,3.0,3.5,4.0,4.5,5.0', '-log-level=WARNING']
2023-11-26 19:51:00;UNIUSDT;30m;2.0;150;34;76;100.0;5;111.25;['-batch-training', '-calc-rsi', '-verbose', '-prediction-mode=index', '-interval-list=30m', '-range-min-rsi=28', '-range-max-rsi=80', '-range-p-ema=50,250', '-target-margin-list=1.0,1.5,2.0,2.5,3.0,3.5,4.0,4.5,5.0', '-log-level=WARNING']
2023-11-26 20:35:10;UNIUSDT;30m;1.5;250;28;72;100.0;3;111.27;['-batch-training', '-calc-rsi', '-verbose', '-prediction-mode=index', '-interval-list=30m', '-range-min-rsi=28', '-range-max-rsi=80', '-range-p-ema=50,250', '-target-margin-list=1.0,1.5,2.0,2.5,3.0,3.5,4.0,4.5,5.0', '-log-level=WARNING']
2023-11-26 20:20:37;UNIUSDT;30m;1.0;225;30;72;100.0;3;111.27;['-batch-training', '-calc-rsi', '-verbose', '-prediction-mode=index', '-interval-list=30m', '-range-min-rsi=28', '-range-max-rsi=80', '-range-p-ema=50,250', '-target-margin-list=1.0,1.5,2.0,2.5,3.0,3.5,4.0,4.5,5.0', '-log-level=WARNING']
2023-11-26 19:58:55;UNIUSDT;30m;1.0;175;36;74;100.0;6;111.29;['-batch-training', '-calc-rsi', '-verbose', '-prediction-mode=index', '-interval-list=30m', '-range-min-rsi=28', '-range-max-rsi=80', '-range-p-ema=50,250', '-target-margin-list=1.0,1.5,2.0,2.5,3.0,3.5,4.0,4.5,5.0', '-log-level=WARNING']
2023-11-26 20:34:51;UNIUSDT;30m;1.0;250;28;80;100.0;2;111.29;['-batch-training', '-calc-rsi', '-verbose', '-prediction-mode=index', '-interval-list=30m', '-range-min-rsi=28', '-range-max-rsi=80', '-range-p-ema=50,250', '-target-margin-list=1.0,1.5,2.0,2.5,3.0,3.5,4.0,4.5,5.0', '-log-level=WARNING']
2023-11-26 21:05:53;UNIUSDT;30m;2.0;75;32;72;100.0;5;111.29;['-batch-training', '-calc-rsi', '-verbose', '-prediction-mode=index', '-interval-list=30m', '-range-min-rsi=28', '-range-max-rsi=80', '-range-p-ema=50,250', '-target-margin-list=1.0,1.5,2.0,2.5,3.0,3.5,4.0,4.5,5.0', '-log-level=WARNING']
2023-11-26 19:38:54;UNIUSDT;30m;2.0;125;32;72;100.0;5;111.29;['-batch-training', '-calc-rsi', '-verbose', '-prediction-mode=index', '-interval-list=30m', '-range-min-rsi=28', '-range-max-rsi=80', '-range-p-ema=50,250', '-target-margin-list=1.0,1.5,2.0,2.5,3.0,3.5,4.0,4.5,5.0', '-log-level=WARNING']
2023-11-26 19:27:25;UNIUSDT;30m;2.0;100;32;72;100.0;5;111.29;['-batch-training', '-calc-rsi', '-verbose', '-prediction-mode=index', '-interval-list=30m', '-range-min-rsi=28', '-range-max-rsi=80', '-range-p-ema=50,250', '-target-margin-list=1.0,1.5,2.0,2.5,3.0,3.5,4.0,4.5,5.0', '-log-level=WARNING']
2023-11-26 20:50:44;UNIUSDT;30m;2.0;50;32;72;100.0;5;111.29;['-batch-training', '-calc-rsi', '-verbose', '-prediction-mode=index', '-interval-list=30m', '-range-min-rsi=28', '-range-max-rsi=80', '-range-p-ema=50,250', '-target-margin-list=1.0,1.5,2.0,2.5,3.0,3.5,4.0,4.5,5.0', '-log-level=WARNING']
2023-11-26 19:48:27;UNIUSDT;30m;1.0;150;36;76;100.0;7;111.3;['-batch-training', '-calc-rsi', '-verbose', '-prediction-mode=index', '-interval-list=30m', '-range-min-rsi=28', '-range-max-rsi=80', '-range-p-ema=50,250', '-target-margin-list=1.0,1.5,2.0,2.5,3.0,3.5,4.0,4.5,5.0', '-log-level=WARNING']
2023-11-26 19:58:55;UNIUSDT;30m;1.0;175;36;74;100.0;4;111.31;['-batch-training', '-calc-rsi', '-verbose', '-prediction-mode=index', '-interval-list=30m', '-range-min-rsi=28', '-range-max-rsi=80', '-range-p-ema=50,250', '-target-margin-list=1.0,1.5,2.0,2.5,3.0,3.5,4.0,4.5,5.0', '-log-level=WARNING']
2023-11-26 20:27:27;UNIUSDT;30m;3.0;225;36;78;100.0;2;111.33;['-batch-training', '-calc-rsi', '-verbose', '-prediction-mode=index', '-interval-list=30m', '-range-min-rsi=28', '-range-max-rsi=80', '-range-p-ema=50,250', '-target-margin-list=1.0,1.5,2.0,2.5,3.0,3.5,4.0,4.5,5.0', '-log-level=WARNING']
2023-11-26 20:37:48;UNIUSDT;30m;2.0;250;36;78;100.0;7;111.35;['-batch-training', '-calc-rsi', '-verbose', '-prediction-mode=index', '-interval-list=30m', '-range-min-rsi=28', '-range-max-rsi=80', '-range-p-ema=50,250', '-target-margin-list=1.0,1.5,2.0,2.5,3.0,3.5,4.0,4.5,5.0', '-log-level=WARNING']
2023-11-26 20:24:52;UNIUSDT;30m;2.0;225;36;80;100.0;6;111.36;['-batch-training', '-calc-rsi', '-verbose', '-prediction-mode=index', '-interval-list=30m', '-range-min-rsi=28', '-range-max-rsi=80', '-range-p-ema=50,250', '-target-margin-list=1.0,1.5,2.0,2.5,3.0,3.5,4.0,4.5,5.0', '-log-level=WARNING']
2023-11-26 19:27:13;UNIUSDT;30m;1.5;100;34;80;100.0;4;111.37;['-batch-training', '-calc-rsi', '-verbose', '-prediction-mode=index', '-interval-list=30m', '-range-min-rsi=28', '-range-max-rsi=80', '-range-p-ema=50,250', '-target-margin-list=1.0,1.5,2.0,2.5,3.0,3.5,4.0,4.5,5.0', '-log-level=WARNING']
2023-11-26 21:05:37;UNIUSDT;30m;1.5;75;34;80;100.0;4;111.37;['-batch-training', '-calc-rsi', '-verbose', '-prediction-mode=index', '-interval-list=30m', '-range-min-rsi=28', '-range-max-rsi=80', '-range-p-ema=50,250', '-target-margin-list=1.0,1.5,2.0,2.5,3.0,3.5,4.0,4.5,5.0', '-log-level=WARNING']
2023-11-26 20:00:18;UNIUSDT;30m;1.5;175;36;76;100.0;3;111.37;['-batch-training', '-calc-rsi', '-verbose', '-prediction-mode=index', '-interval-list=30m', '-range-min-rsi=28', '-range-max-rsi=80', '-range-p-ema=50,250', '-target-margin-list=1.0,1.5,2.0,2.5,3.0,3.5,4.0,4.5,5.0', '-log-level=WARNING']
2023-11-26 20:50:30;UNIUSDT;30m;1.5;50;34;80;100.0;4;111.37;['-batch-training', '-calc-rsi', '-verbose', '-prediction-mode=index', '-interval-list=30m', '-range-min-rsi=28', '-range-max-rsi=80', '-range-p-ema=50,250', '-target-margin-list=1.0,1.5,2.0,2.5,3.0,3.5,4.0,4.5,5.0', '-log-level=WARNING']
2023-11-26 19:38:42;UNIUSDT;30m;1.5;125;34;80;100.0;4;111.37;['-batch-training', '-calc-rsi', '-verbose', '-prediction-mode=index', '-interval-list=30m', '-range-min-rsi=28', '-range-max-rsi=80', '-range-p-ema=50,250', '-target-margin-list=1.0,1.5,2.0,2.5,3.0,3.5,4.0,4.5,5.0', '-log-level=WARNING']
2023-11-26 20:24:48;UNIUSDT;30m;2.0;225;34;80;100.0;7;111.37;['-batch-training', '-calc-rsi', '-verbose', '-prediction-mode=index', '-interval-list=30m', '-range-min-rsi=28', '-range-max-rsi=80', '-range-p-ema=50,250', '-target-margin-list=1.0,1.5,2.0,2.5,3.0,3.5,4.0,4.5,5.0', '-log-level=WARNING']
2023-11-26 20:10:28;UNIUSDT;30m;1.5;200;36;76;100.0;3;111.38;['-batch-training', '-calc-rsi', '-verbose', '-prediction-mode=index', '-interval-list=30m', '-range-min-rsi=28', '-range-max-rsi=80', '-range-p-ema=50,250', '-target-margin-list=1.0,1.5,2.0,2.5,3.0,3.5,4.0,4.5,5.0', '-log-level=WARNING']
2023-11-26 19:48:09;UNIUSDT;30m;1.0;150;34;74;100.0;7;111.41;['-batch-training', '-calc-rsi', '-verbose', '-prediction-mode=index', '-interval-list=30m', '-range-min-rsi=28', '-range-max-rsi=80', '-range-p-ema=50,250', '-target-margin-list=1.0,1.5,2.0,2.5,3.0,3.5,4.0,4.5,5.0', '-log-level=WARNING']
2023-11-26 19:51:19;UNIUSDT;30m;2.0;150;36;78;100.0;5;111.42;['-batch-training', '-calc-rsi', '-verbose', '-prediction-mode=index', '-interval-list=30m', '-range-min-rsi=28', '-range-max-rsi=80', '-range-p-ema=50,250', '-target-margin-list=1.0,1.5,2.0,2.5,3.0,3.5,4.0,4.5,5.0', '-log-level=WARNING']
2023-11-26 19:26:23;UNIUSDT;30m;1.5;100;32;74;100.0;2;111.43;['-batch-training', '-calc-rsi', '-verbose', '-prediction-mode=index', '-interval-list=30m', '-range-min-rsi=28', '-range-max-rsi=80', '-range-p-ema=50,250', '-target-margin-list=1.0,1.5,2.0,2.5,3.0,3.5,4.0,4.5,5.0', '-log-level=WARNING']
2023-11-26 20:08:49;UNIUSDT;30m;1.0;200;30;74;100.0;7;111.43;['-batch-training', '-calc-rsi', '-verbose', '-prediction-mode=index', '-interval-list=30m', '-range-min-rsi=28', '-range-max-rsi=80', '-range-p-ema=50,250', '-target-margin-list=1.0,1.5,2.0,2.5,3.0,3.5,4.0,4.5,5.0', '-log-level=WARNING']
2023-11-26 21:04:26;UNIUSDT;30m;1.5;75;32;74;100.0;2;111.43;['-batch-training', '-calc-rsi', '-verbose', '-prediction-mode=index', '-interval-list=30m', '-range-min-rsi=28', '-range-max-rsi=80', '-range-p-ema=50,250', '-target-margin-list=1.0,1.5,2.0,2.5,3.0,3.5,4.0,4.5,5.0', '-log-level=WARNING']
2023-11-26 19:58:48;UNIUSDT;30m;1.0;175;30;74;100.0;7;111.43;['-batch-training', '-calc-rsi', '-verbose', '-prediction-mode=index', '-interval-list=30m', '-range-min-rsi=28', '-range-max-rsi=80', '-range-p-ema=50,250', '-target-margin-list=1.0,1.5,2.0,2.5,3.0,3.5,4.0,4.5,5.0', '-log-level=WARNING']
2023-11-26 19:37:52;UNIUSDT;30m;1.5;125;32;74;100.0;2;111.43;['-batch-training', '-calc-rsi', '-verbose', '-prediction-mode=index', '-interval-list=30m', '-range-min-rsi=28', '-range-max-rsi=80', '-range-p-ema=50,250', '-target-margin-list=1.0,1.5,2.0,2.5,3.0,3.5,4.0,4.5,5.0', '-log-level=WARNING']
2023-11-26 20:20:54;UNIUSDT;30m;1.0;225;30;74;100.0;7;111.43;['-batch-training', '-calc-rsi', '-verbose', '-prediction-mode=index', '-interval-list=30m', '-range-min-rsi=28', '-range-max-rsi=80', '-range-p-ema=50,250', '-target-margin-list=1.0,1.5,2.0,2.5,3.0,3.5,4.0,4.5,5.0', '-log-level=WARNING']
2023-11-26 20:49:28;UNIUSDT;30m;1.5;50;32;74;100.0;2;111.43;['-batch-training', '-calc-rsi', '-verbose', '-prediction-mode=index', '-interval-list=30m', '-range-min-rsi=28', '-range-max-rsi=80', '-range-p-ema=50,250', '-target-margin-list=1.0,1.5,2.0,2.5,3.0,3.5,4.0,4.5,5.0', '-log-level=WARNING']
2023-11-26 19:54:21;UNIUSDT;30m;3.5;150;34;74;100.0;4;111.44;['-batch-training', '-calc-rsi', '-verbose', '-prediction-mode=index', '-interval-list=30m', '-range-min-rsi=28', '-range-max-rsi=80', '-range-p-ema=50,250', '-target-margin-list=1.0,1.5,2.0,2.5,3.0,3.5,4.0,4.5,5.0', '-log-level=WARNING']
2023-11-26 20:04:29;UNIUSDT;30m;3.5;175;34;74;100.0;4;111.44;['-batch-training', '-calc-rsi', '-verbose', '-prediction-mode=index', '-interval-list=30m', '-range-min-rsi=28', '-range-max-rsi=80', '-range-p-ema=50,250', '-target-margin-list=1.0,1.5,2.0,2.5,3.0,3.5,4.0,4.5,5.0', '-log-level=WARNING']
2023-11-26 20:15:28;UNIUSDT;30m;3.5;200;34;74;100.0;4;111.44;['-batch-training', '-calc-rsi', '-verbose', '-prediction-mode=index', '-interval-list=30m', '-range-min-rsi=28', '-range-max-rsi=80', '-range-p-ema=50,250', '-target-margin-list=1.0,1.5,2.0,2.5,3.0,3.5,4.0,4.5,5.0', '-log-level=WARNING']
2023-11-26 20:00:40;UNIUSDT;30m;1.5;175;32;80;100.0;6;111.45;['-batch-training', '-calc-rsi', '-verbose', '-prediction-mode=index', '-interval-list=30m', '-range-min-rsi=28', '-range-max-rsi=80', '-range-p-ema=50,250', '-target-margin-list=1.0,1.5,2.0,2.5,3.0,3.5,4.0,4.5,5.0', '-log-level=WARNING']
2023-11-26 20:23:17;UNIUSDT;30m;1.5;225;32;80;100.0;6;111.45;['-batch-training', '-calc-rsi', '-verbose', '-prediction-mode=index', '-interval-list=30m', '-range-min-rsi=28', '-range-max-rsi=80', '-range-p-ema=50,250', '-target-margin-list=1.0,1.5,2.0,2.5,3.0,3.5,4.0,4.5,5.0', '-log-level=WARNING']
2023-11-26 20:36:29;UNIUSDT;30m;1.5;250;32;80;100.0;6;111.45;['-batch-training', '-calc-rsi', '-verbose', '-prediction-mode=index', '-interval-list=30m', '-range-min-rsi=28', '-range-max-rsi=80', '-range-p-ema=50,250', '-target-margin-list=1.0,1.5,2.0,2.5,3.0,3.5,4.0,4.5,5.0', '-log-level=WARNING']
2023-11-26 20:10:53;UNIUSDT;30m;1.5;200;32;80;100.0;6;111.45;['-batch-training', '-calc-rsi', '-verbose', '-prediction-mode=index', '-interval-list=30m', '-range-min-rsi=28', '-range-max-rsi=80', '-range-p-ema=50,250', '-target-margin-list=1.0,1.5,2.0,2.5,3.0,3.5,4.0,4.5,5.0', '-log-level=WARNING']
2023-11-26 20:21:19;UNIUSDT;30m;1.0;225;34;76;100.0;7;111.45;['-batch-training', '-calc-rsi', '-verbose', '-prediction-mode=index', '-interval-list=30m', '-range-min-rsi=28', '-range-max-rsi=80', '-range-p-ema=50,250', '-target-margin-list=1.0,1.5,2.0,2.5,3.0,3.5,4.0,4.5,5.0', '-log-level=WARNING']
2023-11-26 20:04:32;UNIUSDT;30m;3.5;175;36;74;100.0;4;111.46;['-batch-training', '-calc-rsi', '-verbose', '-prediction-mode=index', '-interval-list=30m', '-range-min-rsi=28', '-range-max-rsi=80', '-range-p-ema=50,250', '-target-margin-list=1.0,1.5,2.0,2.5,3.0,3.5,4.0,4.5,5.0', '-log-level=WARNING']
2023-11-26 20:15:32;UNIUSDT;30m;3.5;200;36;74;100.0;4;111.46;['-batch-training', '-calc-rsi', '-verbose', '-prediction-mode=index', '-interval-list=30m', '-range-min-rsi=28', '-range-max-rsi=80', '-range-p-ema=50,250', '-target-margin-list=1.0,1.5,2.0,2.5,3.0,3.5,4.0,4.5,5.0', '-log-level=WARNING']
2023-11-26 20:25:56;UNIUSDT;30m;2.5;225;34;78;100.0;4;111.47;['-batch-training', '-calc-rsi', '-verbose', '-prediction-mode=index', '-interval-list=30m', '-range-min-rsi=28', '-range-max-rsi=80', '-range-p-ema=50,250', '-target-margin-list=1.0,1.5,2.0,2.5,3.0,3.5,4.0,4.5,5.0', '-log-level=WARNING']
2023-11-26 20:09:10;UNIUSDT;30m;1.0;200;34;76;100.0;6;111.48;['-batch-training', '-calc-rsi', '-verbose', '-prediction-mode=index', '-interval-list=30m', '-range-min-rsi=28', '-range-max-rsi=80', '-range-p-ema=50,250', '-target-margin-list=1.0,1.5,2.0,2.5,3.0,3.5,4.0,4.5,5.0', '-log-level=WARNING']
2023-11-26 20:11:44;UNIUSDT;30m;2.0;200;34;76;100.0;5;111.48;['-batch-training', '-calc-rsi', '-verbose', '-prediction-mode=index', '-interval-list=30m', '-range-min-rsi=28', '-range-max-rsi=80', '-range-p-ema=50,250', '-target-margin-list=1.0,1.5,2.0,2.5,3.0,3.5,4.0,4.5,5.0', '-log-level=WARNING']
2023-11-26 20:34:38;UNIUSDT;30m;1.0;250;30;78;100.0;2;111.49;['-batch-training', '-calc-rsi', '-verbose', '-prediction-mode=index', '-interval-list=30m', '-range-min-rsi=28', '-range-max-rsi=80', '-range-p-ema=50,250', '-target-margin-list=1.0,1.5,2.0,2.5,3.0,3.5,4.0,4.5,5.0', '-log-level=WARNING']
2023-11-26 19:58:52;UNIUSDT;30m;1.0;175;34;74;100.0;4;111.49;['-batch-training', '-calc-rsi', '-verbose', '-prediction-mode=index', '-interval-list=30m', '-range-min-rsi=28', '-range-max-rsi=80', '-range-p-ema=50,250', '-target-margin-list=1.0,1.5,2.0,2.5,3.0,3.5,4.0,4.5,5.0', '-log-level=WARNING']
2023-11-26 19:31:57;UNIUSDT;30m;3.5;100;30;78;100.0;2;111.52;['-batch-training', '-calc-rsi', '-verbose', '-prediction-mode=index', '-interval-list=30m', '-range-min-rsi=28', '-range-max-rsi=80', '-range-p-ema=50,250', '-target-margin-list=1.0,1.5,2.0,2.5,3.0,3.5,4.0,4.5,5.0', '-log-level=WARNING']
2023-11-26 20:56:36;UNIUSDT;30m;3.5;50;30;78;100.0;2;111.52;['-batch-training', '-calc-rsi', '-verbose', '-prediction-mode=index', '-interval-list=30m', '-range-min-rsi=28', '-range-max-rsi=80', '-range-p-ema=50,250', '-target-margin-list=1.0,1.5,2.0,2.5,3.0,3.5,4.0,4.5,5.0', '-log-level=WARNING']
2023-11-26 19:54:43;UNIUSDT;30m;3.5;150;30;78;100.0;2;111.52;['-batch-training', '-calc-rsi', '-verbose', '-prediction-mode=index', '-interval-list=30m', '-range-min-rsi=28', '-range-max-rsi=80', '-range-p-ema=50,250', '-target-margin-list=1.0,1.5,2.0,2.5,3.0,3.5,4.0,4.5,5.0', '-log-level=WARNING']
2023-11-26 21:12:17;UNIUSDT;30m;3.5;75;30;78;100.0;2;111.52;['-batch-training', '-calc-rsi', '-verbose', '-prediction-mode=index', '-interval-list=30m', '-range-min-rsi=28', '-range-max-rsi=80', '-range-p-ema=50,250', '-target-margin-list=1.0,1.5,2.0,2.5,3.0,3.5,4.0,4.5,5.0', '-log-level=WARNING']
2023-11-26 19:43:27;UNIUSDT;30m;3.5;125;30;78;100.0;2;111.52;['-batch-training', '-calc-rsi', '-verbose', '-prediction-mode=index', '-interval-list=30m', '-range-min-rsi=28', '-range-max-rsi=80', '-range-p-ema=50,250', '-target-margin-list=1.0,1.5,2.0,2.5,3.0,3.5,4.0,4.5,5.0', '-log-level=WARNING']
2023-11-26 19:55:18;UNIUSDT;30m;4.0;150;36;72;100.0;2;111.53;['-batch-training', '-calc-rsi', '-verbose', '-prediction-mode=index', '-interval-list=30m', '-range-min-rsi=28', '-range-max-rsi=80', '-range-p-ema=50,250', '-target-margin-list=1.0,1.5,2.0,2.5,3.0,3.5,4.0,4.5,5.0', '-log-level=WARNING']
2023-11-26 19:49:24;UNIUSDT;30m;1.5;150;32;74;100.0;3;111.54;['-batch-training', '-calc-rsi', '-verbose', '-prediction-mode=index', '-interval-list=30m', '-range-min-rsi=28', '-range-max-rsi=80', '-range-p-ema=50,250', '-target-margin-list=1.0,1.5,2.0,2.5,3.0,3.5,4.0,4.5,5.0', '-log-level=WARNING']
2023-11-26 20:35:20;UNIUSDT;30m;1.5;250;34;72;100.0;2;111.57;['-batch-training', '-calc-rsi', '-verbose', '-prediction-mode=index', '-interval-list=30m', '-range-min-rsi=28', '-range-max-rsi=80', '-range-p-ema=50,250', '-target-margin-list=1.0,1.5,2.0,2.5,3.0,3.5,4.0,4.5,5.0', '-log-level=WARNING']
2023-11-26 20:22:40;UNIUSDT;30m;1.5;225;30;76;100.0;6;111.58;['-batch-training', '-calc-rsi', '-verbose', '-prediction-mode=index', '-interval-list=30m', '-range-min-rsi=28', '-range-max-rsi=80', '-range-p-ema=50,250', '-target-margin-list=1.0,1.5,2.0,2.5,3.0,3.5,4.0,4.5,5.0', '-log-level=WARNING']
2023-11-26 20:10:18;UNIUSDT;30m;1.5;200;30;76;100.0;6;111.58;['-batch-training', '-calc-rsi', '-verbose', '-prediction-mode=index', '-interval-list=30m', '-range-min-rsi=28', '-range-max-rsi=80', '-range-p-ema=50,250', '-target-margin-list=1.0,1.5,2.0,2.5,3.0,3.5,4.0,4.5,5.0', '-log-level=WARNING']
2023-11-26 21:04:43;UNIUSDT;30m;1.5;75;30;76;100.0;6;111.58;['-batch-training', '-calc-rsi', '-verbose', '-prediction-mode=index', '-interval-list=30m', '-range-min-rsi=28', '-range-max-rsi=80', '-range-p-ema=50,250', '-target-margin-list=1.0,1.5,2.0,2.5,3.0,3.5,4.0,4.5,5.0', '-log-level=WARNING']
2023-11-26 20:00:09;UNIUSDT;30m;1.5;175;30;76;100.0;6;111.58;['-batch-training', '-calc-rsi', '-verbose', '-prediction-mode=index', '-interval-list=30m', '-range-min-rsi=28', '-range-max-rsi=80', '-range-p-ema=50,250', '-target-margin-list=1.0,1.5,2.0,2.5,3.0,3.5,4.0,4.5,5.0', '-log-level=WARNING']
2023-11-26 20:49:43;UNIUSDT;30m;1.5;50;30;76;100.0;6;111.58;['-batch-training', '-calc-rsi', '-verbose', '-prediction-mode=index', '-interval-list=30m', '-range-min-rsi=28', '-range-max-rsi=80', '-range-p-ema=50,250', '-target-margin-list=1.0,1.5,2.0,2.5,3.0,3.5,4.0,4.5,5.0', '-log-level=WARNING']
2023-11-26 19:26:35;UNIUSDT;30m;1.5;100;30;76;100.0;6;111.58;['-batch-training', '-calc-rsi', '-verbose', '-prediction-mode=index', '-interval-list=30m', '-range-min-rsi=28', '-range-max-rsi=80', '-range-p-ema=50,250', '-target-margin-list=1.0,1.5,2.0,2.5,3.0,3.5,4.0,4.5,5.0', '-log-level=WARNING']
2023-11-26 19:49:36;UNIUSDT;30m;1.5;150;30;76;100.0;6;111.58;['-batch-training', '-calc-rsi', '-verbose', '-prediction-mode=index', '-interval-list=30m', '-range-min-rsi=28', '-range-max-rsi=80', '-range-p-ema=50,250', '-target-margin-list=1.0,1.5,2.0,2.5,3.0,3.5,4.0,4.5,5.0', '-log-level=WARNING']
2023-11-26 19:38:04;UNIUSDT;30m;1.5;125;30;76;100.0;6;111.58;['-batch-training', '-calc-rsi', '-verbose', '-prediction-mode=index', '-interval-list=30m', '-range-min-rsi=28', '-range-max-rsi=80', '-range-p-ema=50,250', '-target-margin-list=1.0,1.5,2.0,2.5,3.0,3.5,4.0,4.5,5.0', '-log-level=WARNING']
2023-11-26 20:00:40;UNIUSDT;30m;1.5;175;32;80;100.0;4;111.61;['-batch-training', '-calc-rsi', '-verbose', '-prediction-mode=index', '-interval-list=30m', '-range-min-rsi=28', '-range-max-rsi=80', '-range-p-ema=50,250', '-target-margin-list=1.0,1.5,2.0,2.5,3.0,3.5,4.0,4.5,5.0', '-log-level=WARNING']
2023-11-26 20:25:53;UNIUSDT;30m;2.5;225;32;78;100.0;2;111.62;['-batch-training', '-calc-rsi', '-verbose', '-prediction-mode=index', '-interval-list=30m', '-range-min-rsi=28', '-range-max-rsi=80', '-range-p-ema=50,250', '-target-margin-list=1.0,1.5,2.0,2.5,3.0,3.5,4.0,4.5,5.0', '-log-level=WARNING']
2023-11-26 20:13:16;UNIUSDT;30m;2.5;200;32;78;100.0;2;111.62;['-batch-training', '-calc-rsi', '-verbose', '-prediction-mode=index', '-interval-list=30m', '-range-min-rsi=28', '-range-max-rsi=80', '-range-p-ema=50,250', '-target-margin-list=1.0,1.5,2.0,2.5,3.0,3.5,4.0,4.5,5.0', '-log-level=WARNING']
2023-11-26 20:09:01;UNIUSDT;30m;1.0;200;28;76;100.0;4;111.63;['-batch-training', '-calc-rsi', '-verbose', '-prediction-mode=index', '-interval-list=30m', '-range-min-rsi=28', '-range-max-rsi=80', '-range-p-ema=50,250', '-target-margin-list=1.0,1.5,2.0,2.5,3.0,3.5,4.0,4.5,5.0', '-log-level=WARNING']
2023-11-26 20:21:08;UNIUSDT;30m;1.0;225;28;76;100.0;4;111.63;['-batch-training', '-calc-rsi', '-verbose', '-prediction-mode=index', '-interval-list=30m', '-range-min-rsi=28', '-range-max-rsi=80', '-range-p-ema=50,250', '-target-margin-list=1.0,1.5,2.0,2.5,3.0,3.5,4.0,4.5,5.0', '-log-level=WARNING']
2023-11-26 19:36:41;UNIUSDT;30m;1.0;125;28;76;100.0;4;111.63;['-batch-training', '-calc-rsi', '-verbose', '-prediction-mode=index', '-interval-list=30m', '-range-min-rsi=28', '-range-max-rsi=80', '-range-p-ema=50,250', '-target-margin-list=1.0,1.5,2.0,2.5,3.0,3.5,4.0,4.5,5.0', '-log-level=WARNING']
2023-11-26 19:58:58;UNIUSDT;30m;1.0;175;28;76;100.0;4;111.63;['-batch-training', '-calc-rsi', '-verbose', '-prediction-mode=index', '-interval-list=30m', '-range-min-rsi=28', '-range-max-rsi=80', '-range-p-ema=50,250', '-target-margin-list=1.0,1.5,2.0,2.5,3.0,3.5,4.0,4.5,5.0', '-log-level=WARNING']
2023-11-26 20:23:17;UNIUSDT;30m;1.5;225;32;80;100.0;4;111.63;['-batch-training', '-calc-rsi', '-verbose', '-prediction-mode=index', '-interval-list=30m', '-range-min-rsi=28', '-range-max-rsi=80', '-range-p-ema=50,250', '-target-margin-list=1.0,1.5,2.0,2.5,3.0,3.5,4.0,4.5,5.0', '-log-level=WARNING']
2023-11-26 20:48:04;UNIUSDT;30m;1.0;50;28;76;100.0;4;111.63;['-batch-training', '-calc-rsi', '-verbose', '-prediction-mode=index', '-interval-list=30m', '-range-min-rsi=28', '-range-max-rsi=80', '-range-p-ema=50,250', '-target-margin-list=1.0,1.5,2.0,2.5,3.0,3.5,4.0,4.5,5.0', '-log-level=WARNING']
2023-11-26 20:10:53;UNIUSDT;30m;1.5;200;32;80;100.0;4;111.63;['-batch-training', '-calc-rsi', '-verbose', '-prediction-mode=index', '-interval-list=30m', '-range-min-rsi=28', '-range-max-rsi=80', '-range-p-ema=50,250', '-target-margin-list=1.0,1.5,2.0,2.5,3.0,3.5,4.0,4.5,5.0', '-log-level=WARNING']
2023-11-26 19:48:15;UNIUSDT;30m;1.0;150;28;76;100.0;4;111.63;['-batch-training', '-calc-rsi', '-verbose', '-prediction-mode=index', '-interval-list=30m', '-range-min-rsi=28', '-range-max-rsi=80', '-range-p-ema=50,250', '-target-margin-list=1.0,1.5,2.0,2.5,3.0,3.5,4.0,4.5,5.0', '-log-level=WARNING']
2023-11-26 19:25:13;UNIUSDT;30m;1.0;100;28;76;100.0;4;111.63;['-batch-training', '-calc-rsi', '-verbose', '-prediction-mode=index', '-interval-list=30m', '-range-min-rsi=28', '-range-max-rsi=80', '-range-p-ema=50,250', '-target-margin-list=1.0,1.5,2.0,2.5,3.0,3.5,4.0,4.5,5.0', '-log-level=WARNING']
2023-11-26 21:02:53;UNIUSDT;30m;1.0;75;28;76;100.0;4;111.63;['-batch-training', '-calc-rsi', '-verbose', '-prediction-mode=index', '-interval-list=30m', '-range-min-rsi=28', '-range-max-rsi=80', '-range-p-ema=50,250', '-target-margin-list=1.0,1.5,2.0,2.5,3.0,3.5,4.0,4.5,5.0', '-log-level=WARNING']
2023-11-26 21:14:48;UNIUSDT;30m;4.5;75;28;74;100.0;2;111.64;['-batch-training', '-calc-rsi', '-verbose', '-prediction-mode=index', '-interval-list=30m', '-range-min-rsi=28', '-range-max-rsi=80', '-range-p-ema=50,250', '-target-margin-list=1.0,1.5,2.0,2.5,3.0,3.5,4.0,4.5,5.0', '-log-level=WARNING']
2023-11-26 19:56:30;UNIUSDT;30m;4.5;150;28;74;100.0;2;111.64;['-batch-training', '-calc-rsi', '-verbose', '-prediction-mode=index', '-interval-list=30m', '-range-min-rsi=28', '-range-max-rsi=80', '-range-p-ema=50,250', '-target-margin-list=1.0,1.5,2.0,2.5,3.0,3.5,4.0,4.5,5.0', '-log-level=WARNING']
2023-11-26 20:37:48;UNIUSDT;30m;2.0;250;36;78;100.0;3;111.64;['-batch-training', '-calc-rsi', '-verbose', '-prediction-mode=index', '-interval-list=30m', '-range-min-rsi=28', '-range-max-rsi=80', '-range-p-ema=50,250', '-target-margin-list=1.0,1.5,2.0,2.5,3.0,3.5,4.0,4.5,5.0', '-log-level=WARNING']
2023-11-26 20:06:34;UNIUSDT;30m;4.5;175;28;74;100.0;2;111.64;['-batch-training', '-calc-rsi', '-verbose', '-prediction-mode=index', '-interval-list=30m', '-range-min-rsi=28', '-range-max-rsi=80', '-range-p-ema=50,250', '-target-margin-list=1.0,1.5,2.0,2.5,3.0,3.5,4.0,4.5,5.0', '-log-level=WARNING']
2023-11-26 20:59:10;UNIUSDT;30m;4.5;50;28;74;100.0;2;111.64;['-batch-training', '-calc-rsi', '-verbose', '-prediction-mode=index', '-interval-list=30m', '-range-min-rsi=28', '-range-max-rsi=80', '-range-p-ema=50,250', '-target-margin-list=1.0,1.5,2.0,2.5,3.0,3.5,4.0,4.5,5.0', '-log-level=WARNING']
2023-11-26 20:18:03;UNIUSDT;30m;4.5;200;28;74;100.0;2;111.64;['-batch-training', '-calc-rsi', '-verbose', '-prediction-mode=index', '-interval-list=30m', '-range-min-rsi=28', '-range-max-rsi=80', '-range-p-ema=50,250', '-target-margin-list=1.0,1.5,2.0,2.5,3.0,3.5,4.0,4.5,5.0', '-log-level=WARNING']
2023-11-26 20:44:37;UNIUSDT;30m;4.5;250;28;74;100.0;2;111.64;['-batch-training', '-calc-rsi', '-verbose', '-prediction-mode=index', '-interval-list=30m', '-range-min-rsi=28', '-range-max-rsi=80', '-range-p-ema=50,250', '-target-margin-list=1.0,1.5,2.0,2.5,3.0,3.5,4.0,4.5,5.0', '-log-level=WARNING']
2023-11-26 20:31:00;UNIUSDT;30m;4.5;225;28;74;100.0;2;111.64;['-batch-training', '-calc-rsi', '-verbose', '-prediction-mode=index', '-interval-list=30m', '-range-min-rsi=28', '-range-max-rsi=80', '-range-p-ema=50,250', '-target-margin-list=1.0,1.5,2.0,2.5,3.0,3.5,4.0,4.5,5.0', '-log-level=WARNING']
2023-11-26 19:33:52;UNIUSDT;30m;4.5;100;28;74;100.0;2;111.64;['-batch-training', '-calc-rsi', '-verbose', '-prediction-mode=index', '-interval-list=30m', '-range-min-rsi=28', '-range-max-rsi=80', '-range-p-ema=50,250', '-target-margin-list=1.0,1.5,2.0,2.5,3.0,3.5,4.0,4.5,5.0', '-log-level=WARNING']
2023-11-26 19:45:25;UNIUSDT;30m;4.5;125;28;74;100.0;2;111.64;['-batch-training', '-calc-rsi', '-verbose', '-prediction-mode=index', '-interval-list=30m', '-range-min-rsi=28', '-range-max-rsi=80', '-range-p-ema=50,250', '-target-margin-list=1.0,1.5,2.0,2.5,3.0,3.5,4.0,4.5,5.0', '-log-level=WARNING']
2023-11-26 19:52:43;UNIUSDT;30m;2.5;150;32;80;100.0;2;111.66;['-batch-training', '-calc-rsi', '-verbose', '-prediction-mode=index', '-interval-list=30m', '-range-min-rsi=28', '-range-max-rsi=80', '-range-p-ema=50,250', '-target-margin-list=1.0,1.5,2.0,2.5,3.0,3.5,4.0,4.5,5.0', '-log-level=WARNING']
2023-11-26 21:03:52;UNIUSDT;30m;1.0;75;36;80;100.0;7;111.69;['-batch-training', '-calc-rsi', '-verbose', '-prediction-mode=index', '-interval-list=30m', '-range-min-rsi=28', '-range-max-rsi=80', '-range-p-ema=50,250', '-target-margin-list=1.0,1.5,2.0,2.5,3.0,3.5,4.0,4.5,5.0', '-log-level=WARNING']
2023-11-26 21:05:06;UNIUSDT;30m;1.5;75;30;78;100.0;3;111.69;['-batch-training', '-calc-rsi', '-verbose', '-prediction-mode=index', '-interval-list=30m', '-range-min-rsi=28', '-range-max-rsi=80', '-range-p-ema=50,250', '-target-margin-list=1.0,1.5,2.0,2.5,3.0,3.5,4.0,4.5,5.0', '-log-level=WARNING']
2023-11-26 20:50:02;UNIUSDT;30m;1.5;50;30;78;100.0;3;111.69;['-batch-training', '-calc-rsi', '-verbose', '-prediction-mode=index', '-interval-list=30m', '-range-min-rsi=28', '-range-max-rsi=80', '-range-p-ema=50,250', '-target-margin-list=1.0,1.5,2.0,2.5,3.0,3.5,4.0,4.5,5.0', '-log-level=WARNING']
2023-11-26 19:26:51;UNIUSDT;30m;1.5;100;30;78;100.0;3;111.69;['-batch-training', '-calc-rsi', '-verbose', '-prediction-mode=index', '-interval-list=30m', '-range-min-rsi=28', '-range-max-rsi=80', '-range-p-ema=50,250', '-target-margin-list=1.0,1.5,2.0,2.5,3.0,3.5,4.0,4.5,5.0', '-log-level=WARNING']
2023-11-26 19:49:52;UNIUSDT;30m;1.5;150;30;78;100.0;3;111.69;['-batch-training', '-calc-rsi', '-verbose', '-prediction-mode=index', '-interval-list=30m', '-range-min-rsi=28', '-range-max-rsi=80', '-range-p-ema=50,250', '-target-margin-list=1.0,1.5,2.0,2.5,3.0,3.5,4.0,4.5,5.0', '-log-level=WARNING']
2023-11-26 20:48:58;UNIUSDT;30m;1.0;50;36;80;100.0;7;111.69;['-batch-training', '-calc-rsi', '-verbose', '-prediction-mode=index', '-interval-list=30m', '-range-min-rsi=28', '-range-max-rsi=80', '-range-p-ema=50,250', '-target-margin-list=1.0,1.5,2.0,2.5,3.0,3.5,4.0,4.5,5.0', '-log-level=WARNING']
2023-11-26 20:35:28;UNIUSDT;30m;1.5;250;28;74;100.0;6;111.69;['-batch-training', '-calc-rsi', '-verbose', '-prediction-mode=index', '-interval-list=30m', '-range-min-rsi=28', '-range-max-rsi=80', '-range-p-ema=50,250', '-target-margin-list=1.0,1.5,2.0,2.5,3.0,3.5,4.0,4.5,5.0', '-log-level=WARNING']
2023-11-26 19:38:20;UNIUSDT;30m;1.5;125;30;78;100.0;3;111.69;['-batch-training', '-calc-rsi', '-verbose', '-prediction-mode=index', '-interval-list=30m', '-range-min-rsi=28', '-range-max-rsi=80', '-range-p-ema=50,250', '-target-margin-list=1.0,1.5,2.0,2.5,3.0,3.5,4.0,4.5,5.0', '-log-level=WARNING']
2023-11-26 20:35:20;UNIUSDT;30m;1.5;250;34;72;100.0;3;111.71;['-batch-training', '-calc-rsi', '-verbose', '-prediction-mode=index', '-interval-list=30m', '-range-min-rsi=28', '-range-max-rsi=80', '-range-p-ema=50,250', '-target-margin-list=1.0,1.5,2.0,2.5,3.0,3.5,4.0,4.5,5.0', '-log-level=WARNING']
2023-11-26 19:52:32;UNIUSDT;30m;2.5;150;34;78;100.0;4;111.71;['-batch-training', '-calc-rsi', '-verbose', '-prediction-mode=index', '-interval-list=30m', '-range-min-rsi=28', '-range-max-rsi=80', '-range-p-ema=50,250', '-target-margin-list=1.0,1.5,2.0,2.5,3.0,3.5,4.0,4.5,5.0', '-log-level=WARNING']
2023-11-26 20:02:44;UNIUSDT;30m;2.5;175;34;78;100.0;4;111.71;['-batch-training', '-calc-rsi', '-verbose', '-prediction-mode=index', '-interval-list=30m', '-range-min-rsi=28', '-range-max-rsi=80', '-range-p-ema=50,250', '-target-margin-list=1.0,1.5,2.0,2.5,3.0,3.5,4.0,4.5,5.0', '-log-level=WARNING']
2023-11-26 20:02:28;UNIUSDT;30m;2.5;175;32;76;100.0;2;111.72;['-batch-training', '-calc-rsi', '-verbose', '-prediction-mode=index', '-interval-list=30m', '-range-min-rsi=28', '-range-max-rsi=80', '-range-p-ema=50,250', '-target-margin-list=1.0,1.5,2.0,2.5,3.0,3.5,4.0,4.5,5.0', '-log-level=WARNING']
2023-11-26 19:48:30;UNIUSDT;30m;1.0;150;28;78;100.0;6;111.75;['-batch-training', '-calc-rsi', '-verbose', '-prediction-mode=index', '-interval-list=30m', '-range-min-rsi=28', '-range-max-rsi=80', '-range-p-ema=50,250', '-target-margin-list=1.0,1.5,2.0,2.5,3.0,3.5,4.0,4.5,5.0', '-log-level=WARNING']
2023-11-26 19:36:58;UNIUSDT;30m;1.0;125;28;78;100.0;6;111.75;['-batch-training', '-calc-rsi', '-verbose', '-prediction-mode=index', '-interval-list=30m', '-range-min-rsi=28', '-range-max-rsi=80', '-range-p-ema=50,250', '-target-margin-list=1.0,1.5,2.0,2.5,3.0,3.5,4.0,4.5,5.0', '-log-level=WARNING']
2023-11-26 21:03:14;UNIUSDT;30m;1.0;75;28;78;100.0;6;111.75;['-batch-training', '-calc-rsi', '-verbose', '-prediction-mode=index', '-interval-list=30m', '-range-min-rsi=28', '-range-max-rsi=80', '-range-p-ema=50,250', '-target-margin-list=1.0,1.5,2.0,2.5,3.0,3.5,4.0,4.5,5.0', '-log-level=WARNING']
2023-11-26 20:09:15;UNIUSDT;30m;1.0;200;28;78;100.0;6;111.75;['-batch-training', '-calc-rsi', '-verbose', '-prediction-mode=index', '-interval-list=30m', '-range-min-rsi=28', '-range-max-rsi=80', '-range-p-ema=50,250', '-target-margin-list=1.0,1.5,2.0,2.5,3.0,3.5,4.0,4.5,5.0', '-log-level=WARNING']
2023-11-26 19:59:12;UNIUSDT;30m;1.0;175;28;78;100.0;6;111.75;['-batch-training', '-calc-rsi', '-verbose', '-prediction-mode=index', '-interval-list=30m', '-range-min-rsi=28', '-range-max-rsi=80', '-range-p-ema=50,250', '-target-margin-list=1.0,1.5,2.0,2.5,3.0,3.5,4.0,4.5,5.0', '-log-level=WARNING']
2023-11-26 20:48:22;UNIUSDT;30m;1.0;50;28;78;100.0;6;111.75;['-batch-training', '-calc-rsi', '-verbose', '-prediction-mode=index', '-interval-list=30m', '-range-min-rsi=28', '-range-max-rsi=80', '-range-p-ema=50,250', '-target-margin-list=1.0,1.5,2.0,2.5,3.0,3.5,4.0,4.5,5.0', '-log-level=WARNING']
2023-11-26 19:25:29;UNIUSDT;30m;1.0;100;28;78;100.0;6;111.75;['-batch-training', '-calc-rsi', '-verbose', '-prediction-mode=index', '-interval-list=30m', '-range-min-rsi=28', '-range-max-rsi=80', '-range-p-ema=50,250', '-target-margin-list=1.0,1.5,2.0,2.5,3.0,3.5,4.0,4.5,5.0', '-log-level=WARNING']
2023-11-26 20:21:26;UNIUSDT;30m;1.0;225;28;78;100.0;6;111.75;['-batch-training', '-calc-rsi', '-verbose', '-prediction-mode=index', '-interval-list=30m', '-range-min-rsi=28', '-range-max-rsi=80', '-range-p-ema=50,250', '-target-margin-list=1.0,1.5,2.0,2.5,3.0,3.5,4.0,4.5,5.0', '-log-level=WARNING']
2023-11-26 19:51:44;UNIUSDT;30m;2.5;150;32;72;100.0;2;111.77;['-batch-training', '-calc-rsi', '-verbose', '-prediction-mode=index', '-interval-list=30m', '-range-min-rsi=28', '-range-max-rsi=80', '-range-p-ema=50,250', '-target-margin-list=1.0,1.5,2.0,2.5,3.0,3.5,4.0,4.5,5.0', '-log-level=WARNING']
2023-11-26 20:02:01;UNIUSDT;30m;2.5;175;32;72;100.0;2;111.77;['-batch-training', '-calc-rsi', '-verbose', '-prediction-mode=index', '-interval-list=30m', '-range-min-rsi=28', '-range-max-rsi=80', '-range-p-ema=50,250', '-target-margin-list=1.0,1.5,2.0,2.5,3.0,3.5,4.0,4.5,5.0', '-log-level=WARNING']
2023-11-26 19:59:34;UNIUSDT;30m;1.0;175;34;80;100.0;7;111.8;['-batch-training', '-calc-rsi', '-verbose', '-prediction-mode=index', '-interval-list=30m', '-range-min-rsi=28', '-range-max-rsi=80', '-range-p-ema=50,250', '-target-margin-list=1.0,1.5,2.0,2.5,3.0,3.5,4.0,4.5,5.0', '-log-level=WARNING']
2023-11-26 19:49:55;UNIUSDT;30m;1.5;150;32;78;100.0;3;111.8;['-batch-training', '-calc-rsi', '-verbose', '-prediction-mode=index', '-interval-list=30m', '-range-min-rsi=28', '-range-max-rsi=80', '-range-p-ema=50,250', '-target-margin-list=1.0,1.5,2.0,2.5,3.0,3.5,4.0,4.5,5.0', '-log-level=WARNING']
2023-11-26 20:25:09;UNIUSDT;30m;2.5;225;36;72;100.0;5;111.81;['-batch-training', '-calc-rsi', '-verbose', '-prediction-mode=index', '-interval-list=30m', '-range-min-rsi=28', '-range-max-rsi=80', '-range-p-ema=50,250', '-target-margin-list=1.0,1.5,2.0,2.5,3.0,3.5,4.0,4.5,5.0', '-log-level=WARNING']
2023-11-26 19:58:50;UNIUSDT;30m;1.0;175;32;74;100.0;5;111.82;['-batch-training', '-calc-rsi', '-verbose', '-prediction-mode=index', '-interval-list=30m', '-range-min-rsi=28', '-range-max-rsi=80', '-range-p-ema=50,250', '-target-margin-list=1.0,1.5,2.0,2.5,3.0,3.5,4.0,4.5,5.0', '-log-level=WARNING']
2023-11-26 20:33:17;UNIUSDT;30m;5.0;225;36;78;100.0;2;111.83;['-batch-training', '-calc-rsi', '-verbose', '-prediction-mode=index', '-interval-list=30m', '-range-min-rsi=28', '-range-max-rsi=80', '-range-p-ema=50,250', '-target-margin-list=1.0,1.5,2.0,2.5,3.0,3.5,4.0,4.5,5.0', '-log-level=WARNING']
2023-11-26 19:58:52;UNIUSDT;30m;1.0;175;34;74;100.0;6;111.83;['-batch-training', '-calc-rsi', '-verbose', '-prediction-mode=index', '-interval-list=30m', '-range-min-rsi=28', '-range-max-rsi=80', '-range-p-ema=50,250', '-target-margin-list=1.0,1.5,2.0,2.5,3.0,3.5,4.0,4.5,5.0', '-log-level=WARNING']
2023-11-26 20:20:58;UNIUSDT;30m;1.0;225;32;74;100.0;5;111.83;['-batch-training', '-calc-rsi', '-verbose', '-prediction-mode=index', '-interval-list=30m', '-range-min-rsi=28', '-range-max-rsi=80', '-range-p-ema=50,250', '-target-margin-list=1.0,1.5,2.0,2.5,3.0,3.5,4.0,4.5,5.0', '-log-level=WARNING']
2023-11-26 20:08:52;UNIUSDT;30m;1.0;200;32;74;100.0;5;111.83;['-batch-training', '-calc-rsi', '-verbose', '-prediction-mode=index', '-interval-list=30m', '-range-min-rsi=28', '-range-max-rsi=80', '-range-p-ema=50,250', '-target-margin-list=1.0,1.5,2.0,2.5,3.0,3.5,4.0,4.5,5.0', '-log-level=WARNING']
2023-11-26 20:47:03;UNIUSDT;30m;5.0;250;36;78;100.0;2;111.83;['-batch-training', '-calc-rsi', '-verbose', '-prediction-mode=index', '-interval-list=30m', '-range-min-rsi=28', '-range-max-rsi=80', '-range-p-ema=50,250', '-target-margin-list=1.0,1.5,2.0,2.5,3.0,3.5,4.0,4.5,5.0', '-log-level=WARNING']
2023-11-26 20:39:15;UNIUSDT;30m;2.5;250;34;78;100.0;4;111.84;['-batch-training', '-calc-rsi', '-verbose', '-prediction-mode=index', '-interval-list=30m', '-range-min-rsi=28', '-range-max-rsi=80', '-range-p-ema=50,250', '-target-margin-list=1.0,1.5,2.0,2.5,3.0,3.5,4.0,4.5,5.0', '-log-level=WARNING']
2023-11-26 19:59:48;UNIUSDT;30m;1.5;175;34;72;100.0;3;111.85;['-batch-training', '-calc-rsi', '-verbose', '-prediction-mode=index', '-interval-list=30m', '-range-min-rsi=28', '-range-max-rsi=80', '-range-p-ema=50,250', '-target-margin-list=1.0,1.5,2.0,2.5,3.0,3.5,4.0,4.5,5.0', '-log-level=WARNING']
2023-11-26 20:09:27;UNIUSDT;30m;1.0;200;36;78;100.0;7;111.86;['-batch-training', '-calc-rsi', '-verbose', '-prediction-mode=index', '-interval-list=30m', '-range-min-rsi=28', '-range-max-rsi=80', '-range-p-ema=50,250', '-target-margin-list=1.0,1.5,2.0,2.5,3.0,3.5,4.0,4.5,5.0', '-log-level=WARNING']
2023-11-26 20:09:53;UNIUSDT;30m;1.5;200;34;72;100.0;3;111.86;['-batch-training', '-calc-rsi', '-verbose', '-prediction-mode=index', '-interval-list=30m', '-range-min-rsi=28', '-range-max-rsi=80', '-range-p-ema=50,250', '-target-margin-list=1.0,1.5,2.0,2.5,3.0,3.5,4.0,4.5,5.0', '-log-level=WARNING']
2023-11-26 20:35:50;UNIUSDT;30m;1.5;250;30;76;100.0;5;111.87;['-batch-training', '-calc-rsi', '-verbose', '-prediction-mode=index', '-interval-list=30m', '-range-min-rsi=28', '-range-max-rsi=80', '-range-p-ema=50,250', '-target-margin-list=1.0,1.5,2.0,2.5,3.0,3.5,4.0,4.5,5.0', '-log-level=WARNING']
2023-11-26 20:12:18;UNIUSDT;30m;2.0;200;36;80;100.0;7;111.88;['-batch-training', '-calc-rsi', '-verbose', '-prediction-mode=index', '-interval-list=30m', '-range-min-rsi=28', '-range-max-rsi=80', '-range-p-ema=50,250', '-target-margin-list=1.0,1.5,2.0,2.5,3.0,3.5,4.0,4.5,5.0', '-log-level=WARNING']
2023-11-26 20:01:53;UNIUSDT;30m;2.0;175;36;80;100.0;7;111.88;['-batch-training', '-calc-rsi', '-verbose', '-prediction-mode=index', '-interval-list=30m', '-range-min-rsi=28', '-range-max-rsi=80', '-range-p-ema=50,250', '-target-margin-list=1.0,1.5,2.0,2.5,3.0,3.5,4.0,4.5,5.0', '-log-level=WARNING']
2023-11-26 20:21:44;UNIUSDT;30m;1.0;225;28;80;100.0;2;111.89;['-batch-training', '-calc-rsi', '-verbose', '-prediction-mode=index', '-interval-list=30m', '-range-min-rsi=28', '-range-max-rsi=80', '-range-p-ema=50,250', '-target-margin-list=1.0,1.5,2.0,2.5,3.0,3.5,4.0,4.5,5.0', '-log-level=WARNING']
2023-11-26 20:50:26;UNIUSDT;30m;1.5;50;32;80;100.0;5;111.89;['-batch-training', '-calc-rsi', '-verbose', '-prediction-mode=index', '-interval-list=30m', '-range-min-rsi=28', '-range-max-rsi=80', '-range-p-ema=50,250', '-target-margin-list=1.0,1.5,2.0,2.5,3.0,3.5,4.0,4.5,5.0', '-log-level=WARNING']
2023-11-26 21:03:36;UNIUSDT;30m;1.0;75;28;80;100.0;2;111.89;['-batch-training', '-calc-rsi', '-verbose', '-prediction-mode=index', '-interval-list=30m', '-range-min-rsi=28', '-range-max-rsi=80', '-range-p-ema=50,250', '-target-margin-list=1.0,1.5,2.0,2.5,3.0,3.5,4.0,4.5,5.0', '-log-level=WARNING']
2023-11-26 21:05:31;UNIUSDT;30m;1.5;75;32;80;100.0;5;111.89;['-batch-training', '-calc-rsi', '-verbose', '-prediction-mode=index', '-interval-list=30m', '-range-min-rsi=28', '-range-max-rsi=80', '-range-p-ema=50,250', '-target-margin-list=1.0,1.5,2.0,2.5,3.0,3.5,4.0,4.5,5.0', '-log-level=WARNING']
2023-11-26 19:38:39;UNIUSDT;30m;1.5;125;32;80;100.0;5;111.89;['-batch-training', '-calc-rsi', '-verbose', '-prediction-mode=index', '-interval-list=30m', '-range-min-rsi=28', '-range-max-rsi=80', '-range-p-ema=50,250', '-target-margin-list=1.0,1.5,2.0,2.5,3.0,3.5,4.0,4.5,5.0', '-log-level=WARNING']
2023-11-26 19:27:10;UNIUSDT;30m;1.5;100;32;80;100.0;5;111.89;['-batch-training', '-calc-rsi', '-verbose', '-prediction-mode=index', '-interval-list=30m', '-range-min-rsi=28', '-range-max-rsi=80', '-range-p-ema=50,250', '-target-margin-list=1.0,1.5,2.0,2.5,3.0,3.5,4.0,4.5,5.0', '-log-level=WARNING']
2023-11-26 20:09:30;UNIUSDT;30m;1.0;200;28;80;100.0;2;111.89;['-batch-training', '-calc-rsi', '-verbose', '-prediction-mode=index', '-interval-list=30m', '-range-min-rsi=28', '-range-max-rsi=80', '-range-p-ema=50,250', '-target-margin-list=1.0,1.5,2.0,2.5,3.0,3.5,4.0,4.5,5.0', '-log-level=WARNING']
2023-11-26 19:25:45;UNIUSDT;30m;1.0;100;28;80;100.0;2;111.89;['-batch-training', '-calc-rsi', '-verbose', '-prediction-mode=index', '-interval-list=30m', '-range-min-rsi=28', '-range-max-rsi=80', '-range-p-ema=50,250', '-target-margin-list=1.0,1.5,2.0,2.5,3.0,3.5,4.0,4.5,5.0', '-log-level=WARNING']
2023-11-26 19:59:25;UNIUSDT;30m;1.0;175;28;80;100.0;2;111.89;['-batch-training', '-calc-rsi', '-verbose', '-prediction-mode=index', '-interval-list=30m', '-range-min-rsi=28', '-range-max-rsi=80', '-range-p-ema=50,250', '-target-margin-list=1.0,1.5,2.0,2.5,3.0,3.5,4.0,4.5,5.0', '-log-level=WARNING']
2023-11-26 19:48:46;UNIUSDT;30m;1.0;150;28;80;100.0;2;111.89;['-batch-training', '-calc-rsi', '-verbose', '-prediction-mode=index', '-interval-list=30m', '-range-min-rsi=28', '-range-max-rsi=80', '-range-p-ema=50,250', '-target-margin-list=1.0,1.5,2.0,2.5,3.0,3.5,4.0,4.5,5.0', '-log-level=WARNING']
2023-11-26 19:37:14;UNIUSDT;30m;1.0;125;28;80;100.0;2;111.89;['-batch-training', '-calc-rsi', '-verbose', '-prediction-mode=index', '-interval-list=30m', '-range-min-rsi=28', '-range-max-rsi=80', '-range-p-ema=50,250', '-target-margin-list=1.0,1.5,2.0,2.5,3.0,3.5,4.0,4.5,5.0', '-log-level=WARNING']
2023-11-26 20:48:41;UNIUSDT;30m;1.0;50;28;80;100.0;2;111.89;['-batch-training', '-calc-rsi', '-verbose', '-prediction-mode=index', '-interval-list=30m', '-range-min-rsi=28', '-range-max-rsi=80', '-range-p-ema=50,250', '-target-margin-list=1.0,1.5,2.0,2.5,3.0,3.5,4.0,4.5,5.0', '-log-level=WARNING']
2023-11-26 20:35:24;UNIUSDT;30m;1.5;250;36;72;100.0;3;111.9;['-batch-training', '-calc-rsi', '-verbose', '-prediction-mode=index', '-interval-list=30m', '-range-min-rsi=28', '-range-max-rsi=80', '-range-p-ema=50,250', '-target-margin-list=1.0,1.5,2.0,2.5,3.0,3.5,4.0,4.5,5.0', '-log-level=WARNING']
2023-11-26 19:50:08;UNIUSDT;30m;1.5;150;30;80;100.0;2;111.92;['-batch-training', '-calc-rsi', '-verbose', '-prediction-mode=index', '-interval-list=30m', '-range-min-rsi=28', '-range-max-rsi=80', '-range-p-ema=50,250', '-target-margin-list=1.0,1.5,2.0,2.5,3.0,3.5,4.0,4.5,5.0', '-log-level=WARNING']
2023-11-26 19:38:36;UNIUSDT;30m;1.5;125;30;80;100.0;2;111.92;['-batch-training', '-calc-rsi', '-verbose', '-prediction-mode=index', '-interval-list=30m', '-range-min-rsi=28', '-range-max-rsi=80', '-range-p-ema=50,250', '-target-margin-list=1.0,1.5,2.0,2.5,3.0,3.5,4.0,4.5,5.0', '-log-level=WARNING']
2023-11-26 21:05:27;UNIUSDT;30m;1.5;75;30;80;100.0;2;111.92;['-batch-training', '-calc-rsi', '-verbose', '-prediction-mode=index', '-interval-list=30m', '-range-min-rsi=28', '-range-max-rsi=80', '-range-p-ema=50,250', '-target-margin-list=1.0,1.5,2.0,2.5,3.0,3.5,4.0,4.5,5.0', '-log-level=WARNING']
2023-11-26 20:50:22;UNIUSDT;30m;1.5;50;30;80;100.0;2;111.92;['-batch-training', '-calc-rsi', '-verbose', '-prediction-mode=index', '-interval-list=30m', '-range-min-rsi=28', '-range-max-rsi=80', '-range-p-ema=50,250', '-target-margin-list=1.0,1.5,2.0,2.5,3.0,3.5,4.0,4.5,5.0', '-log-level=WARNING']
2023-11-26 20:34:05;UNIUSDT;30m;1.0;250;32;74;100.0;6;111.92;['-batch-training', '-calc-rsi', '-verbose', '-prediction-mode=index', '-interval-list=30m', '-range-min-rsi=28', '-range-max-rsi=80', '-range-p-ema=50,250', '-target-margin-list=1.0,1.5,2.0,2.5,3.0,3.5,4.0,4.5,5.0', '-log-level=WARNING']
2023-11-26 19:27:06;UNIUSDT;30m;1.5;100;30;80;100.0;2;111.92;['-batch-training', '-calc-rsi', '-verbose', '-prediction-mode=index', '-interval-list=30m', '-range-min-rsi=28', '-range-max-rsi=80', '-range-p-ema=50,250', '-target-margin-list=1.0,1.5,2.0,2.5,3.0,3.5,4.0,4.5,5.0', '-log-level=WARNING']
2023-11-26 20:22:49;UNIUSDT;30m;1.5;225;36;76;100.0;5;111.94;['-batch-training', '-calc-rsi', '-verbose', '-prediction-mode=index', '-interval-list=30m', '-range-min-rsi=28', '-range-max-rsi=80', '-range-p-ema=50,250', '-target-margin-list=1.0,1.5,2.0,2.5,3.0,3.5,4.0,4.5,5.0', '-log-level=WARNING']
2023-11-26 19:59:51;UNIUSDT;30m;1.5;175;36;72;100.0;5;111.96;['-batch-training', '-calc-rsi', '-verbose', '-prediction-mode=index', '-interval-list=30m', '-range-min-rsi=28', '-range-max-rsi=80', '-range-p-ema=50,250', '-target-margin-list=1.0,1.5,2.0,2.5,3.0,3.5,4.0,4.5,5.0', '-log-level=WARNING']
2023-11-26 20:34:27;UNIUSDT;30m;1.0;250;34;76;100.0;7;111.97;['-batch-training', '-calc-rsi', '-verbose', '-prediction-mode=index', '-interval-list=30m', '-range-min-rsi=28', '-range-max-rsi=80', '-range-p-ema=50,250', '-target-margin-list=1.0,1.5,2.0,2.5,3.0,3.5,4.0,4.5,5.0', '-log-level=WARNING']
2023-11-26 20:04:07;UNIUSDT;30m;3.0;175;36;80;100.0;4;111.98;['-batch-training', '-calc-rsi', '-verbose', '-prediction-mode=index', '-interval-list=30m', '-range-min-rsi=28', '-range-max-rsi=80', '-range-p-ema=50,250', '-target-margin-list=1.0,1.5,2.0,2.5,3.0,3.5,4.0,4.5,5.0', '-log-level=WARNING']
2023-11-26 20:09:56;UNIUSDT;30m;1.5;200;36;72;100.0;5;111.98;['-batch-training', '-calc-rsi', '-verbose', '-prediction-mode=index', '-interval-list=30m', '-range-min-rsi=28', '-range-max-rsi=80', '-range-p-ema=50,250', '-target-margin-list=1.0,1.5,2.0,2.5,3.0,3.5,4.0,4.5,5.0', '-log-level=WARNING']
2023-11-26 20:14:59;UNIUSDT;30m;3.0;200;36;80;100.0;4;111.98;['-batch-training', '-calc-rsi', '-verbose', '-prediction-mode=index', '-interval-list=30m', '-range-min-rsi=28', '-range-max-rsi=80', '-range-p-ema=50,250', '-target-margin-list=1.0,1.5,2.0,2.5,3.0,3.5,4.0,4.5,5.0', '-log-level=WARNING']
2023-11-26 20:37:45;UNIUSDT;30m;2.0;250;34;78;100.0;7;111.99;['-batch-training', '-calc-rsi', '-verbose', '-prediction-mode=index', '-interval-list=30m', '-range-min-rsi=28', '-range-max-rsi=80', '-range-p-ema=50,250', '-target-margin-list=1.0,1.5,2.0,2.5,3.0,3.5,4.0,4.5,5.0', '-log-level=WARNING']
2023-11-26 20:34:22;UNIUSDT;30m;1.0;250;32;76;100.0;5;111.99;['-batch-training', '-calc-rsi', '-verbose', '-prediction-mode=index', '-interval-list=30m', '-range-min-rsi=28', '-range-max-rsi=80', '-range-p-ema=50,250', '-target-margin-list=1.0,1.5,2.0,2.5,3.0,3.5,4.0,4.5,5.0', '-log-level=WARNING']
2023-11-26 19:59:34;UNIUSDT;30m;1.0;175;34;80;100.0;2;112.03;['-batch-training', '-calc-rsi', '-verbose', '-prediction-mode=index', '-interval-list=30m', '-range-min-rsi=28', '-range-max-rsi=80', '-range-p-ema=50,250', '-target-margin-list=1.0,1.5,2.0,2.5,3.0,3.5,4.0,4.5,5.0', '-log-level=WARNING']
2023-11-26 20:23:21;UNIUSDT;30m;1.5;225;34;80;100.0;6;112.05;['-batch-training', '-calc-rsi', '-verbose', '-prediction-mode=index', '-interval-list=30m', '-range-min-rsi=28', '-range-max-rsi=80', '-range-p-ema=50,250', '-target-margin-list=1.0,1.5,2.0,2.5,3.0,3.5,4.0,4.5,5.0', '-log-level=WARNING']
2023-11-26 20:23:14;UNIUSDT;30m;1.5;225;30;80;100.0;2;112.05;['-batch-training', '-calc-rsi', '-verbose', '-prediction-mode=index', '-interval-list=30m', '-range-min-rsi=28', '-range-max-rsi=80', '-range-p-ema=50,250', '-target-margin-list=1.0,1.5,2.0,2.5,3.0,3.5,4.0,4.5,5.0', '-log-level=WARNING']
2023-11-26 20:10:49;UNIUSDT;30m;1.5;200;30;80;100.0;2;112.05;['-batch-training', '-calc-rsi', '-verbose', '-prediction-mode=index', '-interval-list=30m', '-range-min-rsi=28', '-range-max-rsi=80', '-range-p-ema=50,250', '-target-margin-list=1.0,1.5,2.0,2.5,3.0,3.5,4.0,4.5,5.0', '-log-level=WARNING']
2023-11-26 20:00:37;UNIUSDT;30m;1.5;175;30;80;100.0;2;112.05;['-batch-training', '-calc-rsi', '-verbose', '-prediction-mode=index', '-interval-list=30m', '-range-min-rsi=28', '-range-max-rsi=80', '-range-p-ema=50,250', '-target-margin-list=1.0,1.5,2.0,2.5,3.0,3.5,4.0,4.5,5.0', '-log-level=WARNING']
2023-11-26 20:25:22;UNIUSDT;30m;2.5;225;34;74;100.0;2;112.07;['-batch-training', '-calc-rsi', '-verbose', '-prediction-mode=index', '-interval-list=30m', '-range-min-rsi=28', '-range-max-rsi=80', '-range-p-ema=50,250', '-target-margin-list=1.0,1.5,2.0,2.5,3.0,3.5,4.0,4.5,5.0', '-log-level=WARNING']
2023-11-26 20:21:29;UNIUSDT;30m;1.0;225;30;78;100.0;2;112.09;['-batch-training', '-calc-rsi', '-verbose', '-prediction-mode=index', '-interval-list=30m', '-range-min-rsi=28', '-range-max-rsi=80', '-range-p-ema=50,250', '-target-margin-list=1.0,1.5,2.0,2.5,3.0,3.5,4.0,4.5,5.0', '-log-level=WARNING']
2023-11-26 19:59:15;UNIUSDT;30m;1.0;175;30;78;100.0;2;112.09;['-batch-training', '-calc-rsi', '-verbose', '-prediction-mode=index', '-interval-list=30m', '-range-min-rsi=28', '-range-max-rsi=80', '-range-p-ema=50,250', '-target-margin-list=1.0,1.5,2.0,2.5,3.0,3.5,4.0,4.5,5.0', '-log-level=WARNING']
2023-11-26 20:09:18;UNIUSDT;30m;1.0;200;30;78;100.0;2;112.09;['-batch-training', '-calc-rsi', '-verbose', '-prediction-mode=index', '-interval-list=30m', '-range-min-rsi=28', '-range-max-rsi=80', '-range-p-ema=50,250', '-target-margin-list=1.0,1.5,2.0,2.5,3.0,3.5,4.0,4.5,5.0', '-log-level=WARNING']
2023-11-26 20:15:48;UNIUSDT;30m;3.5;200;36;76;100.0;3;112.11;['-batch-training', '-calc-rsi', '-verbose', '-prediction-mode=index', '-interval-list=30m', '-range-min-rsi=28', '-range-max-rsi=80', '-range-p-ema=50,250', '-target-margin-list=1.0,1.5,2.0,2.5,3.0,3.5,4.0,4.5,5.0', '-log-level=WARNING']
2023-11-26 20:04:45;UNIUSDT;30m;3.5;175;36;76;100.0;3;112.11;['-batch-training', '-calc-rsi', '-verbose', '-prediction-mode=index', '-interval-list=30m', '-range-min-rsi=28', '-range-max-rsi=80', '-range-p-ema=50,250', '-target-margin-list=1.0,1.5,2.0,2.5,3.0,3.5,4.0,4.5,5.0', '-log-level=WARNING']
2023-11-26 19:47:49;UNIUSDT;30m;1.0;150;32;72;100.0;4;112.13;['-batch-training', '-calc-rsi', '-verbose', '-prediction-mode=index', '-interval-list=30m', '-range-min-rsi=28', '-range-max-rsi=80', '-range-p-ema=50,250', '-target-margin-list=1.0,1.5,2.0,2.5,3.0,3.5,4.0,4.5,5.0', '-log-level=WARNING']
2023-11-26 20:00:15;UNIUSDT;30m;1.5;175;34;76;100.0;4;112.13;['-batch-training', '-calc-rsi', '-verbose', '-prediction-mode=index', '-interval-list=30m', '-range-min-rsi=28', '-range-max-rsi=80', '-range-p-ema=50,250', '-target-margin-list=1.0,1.5,2.0,2.5,3.0,3.5,4.0,4.5,5.0', '-log-level=WARNING']
2023-11-26 19:54:24;UNIUSDT;30m;3.5;150;36;74;100.0;4;112.15;['-batch-training', '-calc-rsi', '-verbose', '-prediction-mode=index', '-interval-list=30m', '-range-min-rsi=28', '-range-max-rsi=80', '-range-p-ema=50,250', '-target-margin-list=1.0,1.5,2.0,2.5,3.0,3.5,4.0,4.5,5.0', '-log-level=WARNING']
2023-11-26 19:48:21;UNIUSDT;30m;1.0;150;32;76;100.0;3;112.16;['-batch-training', '-calc-rsi', '-verbose', '-prediction-mode=index', '-interval-list=30m', '-range-min-rsi=28', '-range-max-rsi=80', '-range-p-ema=50,250', '-target-margin-list=1.0,1.5,2.0,2.5,3.0,3.5,4.0,4.5,5.0', '-log-level=WARNING']
2023-11-26 20:21:54;UNIUSDT;30m;1.0;225;34;80;100.0;2;112.18;['-batch-training', '-calc-rsi', '-verbose', '-prediction-mode=index', '-interval-list=30m', '-range-min-rsi=28', '-range-max-rsi=80', '-range-p-ema=50,250', '-target-margin-list=1.0,1.5,2.0,2.5,3.0,3.5,4.0,4.5,5.0', '-log-level=WARNING']
2023-11-26 19:51:31;UNIUSDT;30m;2.0;150;34;80;100.0;2;112.18;['-batch-training', '-calc-rsi', '-verbose', '-prediction-mode=index', '-interval-list=30m', '-range-min-rsi=28', '-range-max-rsi=80', '-range-p-ema=50,250', '-target-margin-list=1.0,1.5,2.0,2.5,3.0,3.5,4.0,4.5,5.0', '-log-level=WARNING']
2023-11-26 20:38:24;UNIUSDT;30m;2.5;250;36;72;100.0;5;112.18;['-batch-training', '-calc-rsi', '-verbose', '-prediction-mode=index', '-interval-list=30m', '-range-min-rsi=28', '-range-max-rsi=80', '-range-p-ema=50,250', '-target-margin-list=1.0,1.5,2.0,2.5,3.0,3.5,4.0,4.5,5.0', '-log-level=WARNING']
2023-11-26 20:52:38;UNIUSDT;30m;2.5;50;30;74;100.0;2;112.19;['-batch-training', '-calc-rsi', '-verbose', '-prediction-mode=index', '-interval-list=30m', '-range-min-rsi=28', '-range-max-rsi=80', '-range-p-ema=50,250', '-target-margin-list=1.0,1.5,2.0,2.5,3.0,3.5,4.0,4.5,5.0', '-log-level=WARNING']
2023-11-26 19:40:24;UNIUSDT;30m;2.5;125;30;74;100.0;2;112.19;['-batch-training', '-calc-rsi', '-verbose', '-prediction-mode=index', '-interval-list=30m', '-range-min-rsi=28', '-range-max-rsi=80', '-range-p-ema=50,250', '-target-margin-list=1.0,1.5,2.0,2.5,3.0,3.5,4.0,4.5,5.0', '-log-level=WARNING']
2023-11-26 19:28:56;UNIUSDT;30m;2.5;100;30;74;100.0;2;112.19;['-batch-training', '-calc-rsi', '-verbose', '-prediction-mode=index', '-interval-list=30m', '-range-min-rsi=28', '-range-max-rsi=80', '-range-p-ema=50,250', '-target-margin-list=1.0,1.5,2.0,2.5,3.0,3.5,4.0,4.5,5.0', '-log-level=WARNING']
2023-11-26 19:51:56;UNIUSDT;30m;2.5;150;30;74;100.0;2;112.19;['-batch-training', '-calc-rsi', '-verbose', '-prediction-mode=index', '-interval-list=30m', '-range-min-rsi=28', '-range-max-rsi=80', '-range-p-ema=50,250', '-target-margin-list=1.0,1.5,2.0,2.5,3.0,3.5,4.0,4.5,5.0', '-log-level=WARNING']
2023-11-26 20:02:12;UNIUSDT;30m;2.5;175;30;74;100.0;2;112.19;['-batch-training', '-calc-rsi', '-verbose', '-prediction-mode=index', '-interval-list=30m', '-range-min-rsi=28', '-range-max-rsi=80', '-range-p-ema=50,250', '-target-margin-list=1.0,1.5,2.0,2.5,3.0,3.5,4.0,4.5,5.0', '-log-level=WARNING']
2023-11-26 20:12:40;UNIUSDT;30m;2.5;200;30;74;100.0;2;112.19;['-batch-training', '-calc-rsi', '-verbose', '-prediction-mode=index', '-interval-list=30m', '-range-min-rsi=28', '-range-max-rsi=80', '-range-p-ema=50,250', '-target-margin-list=1.0,1.5,2.0,2.5,3.0,3.5,4.0,4.5,5.0', '-log-level=WARNING']
2023-11-26 20:48:18;UNIUSDT;30m;1.0;50;36;76;100.0;7;112.19;['-batch-training', '-calc-rsi', '-verbose', '-prediction-mode=index', '-interval-list=30m', '-range-min-rsi=28', '-range-max-rsi=80', '-range-p-ema=50,250', '-target-margin-list=1.0,1.5,2.0,2.5,3.0,3.5,4.0,4.5,5.0', '-log-level=WARNING']
2023-11-26 20:38:07;UNIUSDT;30m;2.0;250;36;80;100.0;6;112.19;['-batch-training', '-calc-rsi', '-verbose', '-prediction-mode=index', '-interval-list=30m', '-range-min-rsi=28', '-range-max-rsi=80', '-range-p-ema=50,250', '-target-margin-list=1.0,1.5,2.0,2.5,3.0,3.5,4.0,4.5,5.0', '-log-level=WARNING']
2023-11-26 21:03:10;UNIUSDT;30m;1.0;75;36;76;100.0;7;112.19;['-batch-training', '-calc-rsi', '-verbose', '-prediction-mode=index', '-interval-list=30m', '-range-min-rsi=28', '-range-max-rsi=80', '-range-p-ema=50,250', '-target-margin-list=1.0,1.5,2.0,2.5,3.0,3.5,4.0,4.5,5.0', '-log-level=WARNING']
2023-11-26 21:08:00;UNIUSDT;30m;2.5;75;30;74;100.0;2;112.19;['-batch-training', '-calc-rsi', '-verbose', '-prediction-mode=index', '-interval-list=30m', '-range-min-rsi=28', '-range-max-rsi=80', '-range-p-ema=50,250', '-target-margin-list=1.0,1.5,2.0,2.5,3.0,3.5,4.0,4.5,5.0', '-log-level=WARNING']
2023-11-26 20:25:16;UNIUSDT;30m;2.5;225;30;74;100.0;2;112.19;['-batch-training', '-calc-rsi', '-verbose', '-prediction-mode=index', '-interval-list=30m', '-range-min-rsi=28', '-range-max-rsi=80', '-range-p-ema=50,250', '-target-margin-list=1.0,1.5,2.0,2.5,3.0,3.5,4.0,4.5,5.0', '-log-level=WARNING']
2023-11-26 20:38:02;UNIUSDT;30m;2.0;250;34;80;100.0;7;112.2;['-batch-training', '-calc-rsi', '-verbose', '-prediction-mode=index', '-interval-list=30m', '-range-min-rsi=28', '-range-max-rsi=80', '-range-p-ema=50,250', '-target-margin-list=1.0,1.5,2.0,2.5,3.0,3.5,4.0,4.5,5.0', '-log-level=WARNING']
2023-11-26 19:36:51;UNIUSDT;30m;1.0;125;34;76;100.0;2;112.22;['-batch-training', '-calc-rsi', '-verbose', '-prediction-mode=index', '-interval-list=30m', '-range-min-rsi=28', '-range-max-rsi=80', '-range-p-ema=50,250', '-target-margin-list=1.0,1.5,2.0,2.5,3.0,3.5,4.0,4.5,5.0', '-log-level=WARNING']
2023-11-26 19:25:23;UNIUSDT;30m;1.0;100;34;76;100.0;2;112.22;['-batch-training', '-calc-rsi', '-verbose', '-prediction-mode=index', '-interval-list=30m', '-range-min-rsi=28', '-range-max-rsi=80', '-range-p-ema=50,250', '-target-margin-list=1.0,1.5,2.0,2.5,3.0,3.5,4.0,4.5,5.0', '-log-level=WARNING']
2023-11-26 21:03:06;UNIUSDT;30m;1.0;75;34;76;100.0;2;112.22;['-batch-training', '-calc-rsi', '-verbose', '-prediction-mode=index', '-interval-list=30m', '-range-min-rsi=28', '-range-max-rsi=80', '-range-p-ema=50,250', '-target-margin-list=1.0,1.5,2.0,2.5,3.0,3.5,4.0,4.5,5.0', '-log-level=WARNING']
2023-11-26 20:48:15;UNIUSDT;30m;1.0;50;34;76;100.0;2;112.22;['-batch-training', '-calc-rsi', '-verbose', '-prediction-mode=index', '-interval-list=30m', '-range-min-rsi=28', '-range-max-rsi=80', '-range-p-ema=50,250', '-target-margin-list=1.0,1.5,2.0,2.5,3.0,3.5,4.0,4.5,5.0', '-log-level=WARNING']
2023-11-26 19:25:23;UNIUSDT;30m;1.0;100;34;76;100.0;7;112.23;['-batch-training', '-calc-rsi', '-verbose', '-prediction-mode=index', '-interval-list=30m', '-range-min-rsi=28', '-range-max-rsi=80', '-range-p-ema=50,250', '-target-margin-list=1.0,1.5,2.0,2.5,3.0,3.5,4.0,4.5,5.0', '-log-level=WARNING']
2023-11-26 19:36:52;UNIUSDT;30m;1.0;125;34;76;100.0;7;112.23;['-batch-training', '-calc-rsi', '-verbose', '-prediction-mode=index', '-interval-list=30m', '-range-min-rsi=28', '-range-max-rsi=80', '-range-p-ema=50,250', '-target-margin-list=1.0,1.5,2.0,2.5,3.0,3.5,4.0,4.5,5.0', '-log-level=WARNING']
2023-11-26 20:48:15;UNIUSDT;30m;1.0;50;34;76;100.0;7;112.23;['-batch-training', '-calc-rsi', '-verbose', '-prediction-mode=index', '-interval-list=30m', '-range-min-rsi=28', '-range-max-rsi=80', '-range-p-ema=50,250', '-target-margin-list=1.0,1.5,2.0,2.5,3.0,3.5,4.0,4.5,5.0', '-log-level=WARNING']
2023-11-26 21:03:06;UNIUSDT;30m;1.0;75;34;76;100.0;7;112.23;['-batch-training', '-calc-rsi', '-verbose', '-prediction-mode=index', '-interval-list=30m', '-range-min-rsi=28', '-range-max-rsi=80', '-range-p-ema=50,250', '-target-margin-list=1.0,1.5,2.0,2.5,3.0,3.5,4.0,4.5,5.0', '-log-level=WARNING']
2023-11-26 20:29:57;UNIUSDT;30m;4.0;225;32;76;100.0;3;112.25;['-batch-training', '-calc-rsi', '-verbose', '-prediction-mode=index', '-interval-list=30m', '-range-min-rsi=28', '-range-max-rsi=80', '-range-p-ema=50,250', '-target-margin-list=1.0,1.5,2.0,2.5,3.0,3.5,4.0,4.5,5.0', '-log-level=WARNING']
2023-11-26 21:06:36;UNIUSDT;30m;2.0;75;32;76;100.0;3;112.25;['-batch-training', '-calc-rsi', '-verbose', '-prediction-mode=index', '-interval-list=30m', '-range-min-rsi=28', '-range-max-rsi=80', '-range-p-ema=50,250', '-target-margin-list=1.0,1.5,2.0,2.5,3.0,3.5,4.0,4.5,5.0', '-log-level=WARNING']
2023-11-26 20:17:04;UNIUSDT;30m;4.0;200;32;76;100.0;3;112.25;['-batch-training', '-calc-rsi', '-verbose', '-prediction-mode=index', '-interval-list=30m', '-range-min-rsi=28', '-range-max-rsi=80', '-range-p-ema=50,250', '-target-margin-list=1.0,1.5,2.0,2.5,3.0,3.5,4.0,4.5,5.0', '-log-level=WARNING']
2023-11-26 20:51:24;UNIUSDT;30m;2.0;50;32;76;100.0;3;112.25;['-batch-training', '-calc-rsi', '-verbose', '-prediction-mode=index', '-interval-list=30m', '-range-min-rsi=28', '-range-max-rsi=80', '-range-p-ema=50,250', '-target-margin-list=1.0,1.5,2.0,2.5,3.0,3.5,4.0,4.5,5.0', '-log-level=WARNING']
2023-11-26 19:27:56;UNIUSDT;30m;2.0;100;32;76;100.0;3;112.25;['-batch-training', '-calc-rsi', '-verbose', '-prediction-mode=index', '-interval-list=30m', '-range-min-rsi=28', '-range-max-rsi=80', '-range-p-ema=50,250', '-target-margin-list=1.0,1.5,2.0,2.5,3.0,3.5,4.0,4.5,5.0', '-log-level=WARNING']
2023-11-26 20:05:46;UNIUSDT;30m;4.0;175;32;76;100.0;3;112.25;['-batch-training', '-calc-rsi', '-verbose', '-prediction-mode=index', '-interval-list=30m', '-range-min-rsi=28', '-range-max-rsi=80', '-range-p-ema=50,250', '-target-margin-list=1.0,1.5,2.0,2.5,3.0,3.5,4.0,4.5,5.0', '-log-level=WARNING']
2023-11-26 20:43:30;UNIUSDT;30m;4.0;250;32;76;100.0;3;112.25;['-batch-training', '-calc-rsi', '-verbose', '-prediction-mode=index', '-interval-list=30m', '-range-min-rsi=28', '-range-max-rsi=80', '-range-p-ema=50,250', '-target-margin-list=1.0,1.5,2.0,2.5,3.0,3.5,4.0,4.5,5.0', '-log-level=WARNING']
2023-11-26 19:55:40;UNIUSDT;30m;4.0;150;32;76;100.0;3;112.25;['-batch-training', '-calc-rsi', '-verbose', '-prediction-mode=index', '-interval-list=30m', '-range-min-rsi=28', '-range-max-rsi=80', '-range-p-ema=50,250', '-target-margin-list=1.0,1.5,2.0,2.5,3.0,3.5,4.0,4.5,5.0', '-log-level=WARNING']
2023-11-26 19:39:25;UNIUSDT;30m;2.0;125;32;76;100.0;3;112.25;['-batch-training', '-calc-rsi', '-verbose', '-prediction-mode=index', '-interval-list=30m', '-range-min-rsi=28', '-range-max-rsi=80', '-range-p-ema=50,250', '-target-margin-list=1.0,1.5,2.0,2.5,3.0,3.5,4.0,4.5,5.0', '-log-level=WARNING']
2023-11-26 20:05:30;UNIUSDT;30m;4.0;175;30;74;100.0;2;112.26;['-batch-training', '-calc-rsi', '-verbose', '-prediction-mode=index', '-interval-list=30m', '-range-min-rsi=28', '-range-max-rsi=80', '-range-p-ema=50,250', '-target-margin-list=1.0,1.5,2.0,2.5,3.0,3.5,4.0,4.5,5.0', '-log-level=WARNING']
2023-11-26 21:13:23;UNIUSDT;30m;4.0;75;30;74;100.0;2;112.26;['-batch-training', '-calc-rsi', '-verbose', '-prediction-mode=index', '-interval-list=30m', '-range-min-rsi=28', '-range-max-rsi=80', '-range-p-ema=50,250', '-target-margin-list=1.0,1.5,2.0,2.5,3.0,3.5,4.0,4.5,5.0', '-log-level=WARNING']
2023-11-26 20:22:05;UNIUSDT;30m;1.5;225;30;72;100.0;5;112.26;['-batch-training', '-calc-rsi', '-verbose', '-prediction-mode=index', '-interval-list=30m', '-range-min-rsi=28', '-range-max-rsi=80', '-range-p-ema=50,250', '-target-margin-list=1.0,1.5,2.0,2.5,3.0,3.5,4.0,4.5,5.0', '-log-level=WARNING']
2023-11-26 20:35:50;UNIUSDT;30m;1.5;250;30;76;100.0;6;112.26;['-batch-training', '-calc-rsi', '-verbose', '-prediction-mode=index', '-interval-list=30m', '-range-min-rsi=28', '-range-max-rsi=80', '-range-p-ema=50,250', '-target-margin-list=1.0,1.5,2.0,2.5,3.0,3.5,4.0,4.5,5.0', '-log-level=WARNING']
2023-11-26 19:55:24;UNIUSDT;30m;4.0;150;30;74;100.0;2;112.26;['-batch-training', '-calc-rsi', '-verbose', '-prediction-mode=index', '-interval-list=30m', '-range-min-rsi=28', '-range-max-rsi=80', '-range-p-ema=50,250', '-target-margin-list=1.0,1.5,2.0,2.5,3.0,3.5,4.0,4.5,5.0', '-log-level=WARNING']
2023-11-26 19:32:41;UNIUSDT;30m;4.0;100;30;74;100.0;2;112.26;['-batch-training', '-calc-rsi', '-verbose', '-prediction-mode=index', '-interval-list=30m', '-range-min-rsi=28', '-range-max-rsi=80', '-range-p-ema=50,250', '-target-margin-list=1.0,1.5,2.0,2.5,3.0,3.5,4.0,4.5,5.0', '-log-level=WARNING']
2023-11-26 20:43:08;UNIUSDT;30m;4.0;250;30;74;100.0;2;112.26;['-batch-training', '-calc-rsi', '-verbose', '-prediction-mode=index', '-interval-list=30m', '-range-min-rsi=28', '-range-max-rsi=80', '-range-p-ema=50,250', '-target-margin-list=1.0,1.5,2.0,2.5,3.0,3.5,4.0,4.5,5.0', '-log-level=WARNING']
2023-11-26 20:29:37;UNIUSDT;30m;4.0;225;30;74;100.0;2;112.26;['-batch-training', '-calc-rsi', '-verbose', '-prediction-mode=index', '-interval-list=30m', '-range-min-rsi=28', '-range-max-rsi=80', '-range-p-ema=50,250', '-target-margin-list=1.0,1.5,2.0,2.5,3.0,3.5,4.0,4.5,5.0', '-log-level=WARNING']
2023-11-26 19:44:12;UNIUSDT;30m;4.0;125;30;74;100.0;2;112.26;['-batch-training', '-calc-rsi', '-verbose', '-prediction-mode=index', '-interval-list=30m', '-range-min-rsi=28', '-range-max-rsi=80', '-range-p-ema=50,250', '-target-margin-list=1.0,1.5,2.0,2.5,3.0,3.5,4.0,4.5,5.0', '-log-level=WARNING']
2023-11-26 20:16:44;UNIUSDT;30m;4.0;200;30;74;100.0;2;112.26;['-batch-training', '-calc-rsi', '-verbose', '-prediction-mode=index', '-interval-list=30m', '-range-min-rsi=28', '-range-max-rsi=80', '-range-p-ema=50,250', '-target-margin-list=1.0,1.5,2.0,2.5,3.0,3.5,4.0,4.5,5.0', '-log-level=WARNING']
2023-11-26 20:57:35;UNIUSDT;30m;4.0;50;30;74;100.0;2;112.26;['-batch-training', '-calc-rsi', '-verbose', '-prediction-mode=index', '-interval-list=30m', '-range-min-rsi=28', '-range-max-rsi=80', '-range-p-ema=50,250', '-target-margin-list=1.0,1.5,2.0,2.5,3.0,3.5,4.0,4.5,5.0', '-log-level=WARNING']
2023-11-26 20:27:02;UNIUSDT;30m;3.0;225;32;76;100.0;4;112.27;['-batch-training', '-calc-rsi', '-verbose', '-prediction-mode=index', '-interval-list=30m', '-range-min-rsi=28', '-range-max-rsi=80', '-range-p-ema=50,250', '-target-margin-list=1.0,1.5,2.0,2.5,3.0,3.5,4.0,4.5,5.0', '-log-level=WARNING']
2023-11-26 20:14:20;UNIUSDT;30m;3.0;200;32;76;100.0;4;112.27;['-batch-training', '-calc-rsi', '-verbose', '-prediction-mode=index', '-interval-list=30m', '-range-min-rsi=28', '-range-max-rsi=80', '-range-p-ema=50,250', '-target-margin-list=1.0,1.5,2.0,2.5,3.0,3.5,4.0,4.5,5.0', '-log-level=WARNING']
2023-11-26 20:03:34;UNIUSDT;30m;3.0;175;32;76;100.0;4;112.27;['-batch-training', '-calc-rsi', '-verbose', '-prediction-mode=index', '-interval-list=30m', '-range-min-rsi=28', '-range-max-rsi=80', '-range-p-ema=50,250', '-target-margin-list=1.0,1.5,2.0,2.5,3.0,3.5,4.0,4.5,5.0', '-log-level=WARNING']
2023-11-26 19:53:24;UNIUSDT;30m;3.0;150;32;76;100.0;4;112.27;['-batch-training', '-calc-rsi', '-verbose', '-prediction-mode=index', '-interval-list=30m', '-range-min-rsi=28', '-range-max-rsi=80', '-range-p-ema=50,250', '-target-margin-list=1.0,1.5,2.0,2.5,3.0,3.5,4.0,4.5,5.0', '-log-level=WARNING']
2023-11-26 19:38:11;UNIUSDT;30m;1.5;125;34;76;100.0;7;112.28;['-batch-training', '-calc-rsi', '-verbose', '-prediction-mode=index', '-interval-list=30m', '-range-min-rsi=28', '-range-max-rsi=80', '-range-p-ema=50,250', '-target-margin-list=1.0,1.5,2.0,2.5,3.0,3.5,4.0,4.5,5.0', '-log-level=WARNING']
2023-11-26 21:04:51;UNIUSDT;30m;1.5;75;34;76;100.0;7;112.28;['-batch-training', '-calc-rsi', '-verbose', '-prediction-mode=index', '-interval-list=30m', '-range-min-rsi=28', '-range-max-rsi=80', '-range-p-ema=50,250', '-target-margin-list=1.0,1.5,2.0,2.5,3.0,3.5,4.0,4.5,5.0', '-log-level=WARNING']
2023-11-26 20:02:52;UNIUSDT;30m;2.5;175;30;80;100.0;3;112.28;['-batch-training', '-calc-rsi', '-verbose', '-prediction-mode=index', '-interval-list=30m', '-range-min-rsi=28', '-range-max-rsi=80', '-range-p-ema=50,250', '-target-margin-list=1.0,1.5,2.0,2.5,3.0,3.5,4.0,4.5,5.0', '-log-level=WARNING']
2023-11-26 19:26:42;UNIUSDT;30m;1.5;100;34;76;100.0;7;112.28;['-batch-training', '-calc-rsi', '-verbose', '-prediction-mode=index', '-interval-list=30m', '-range-min-rsi=28', '-range-max-rsi=80', '-range-p-ema=50,250', '-target-margin-list=1.0,1.5,2.0,2.5,3.0,3.5,4.0,4.5,5.0', '-log-level=WARNING']
2023-11-26 20:26:07;UNIUSDT;30m;2.5;225;30;80;100.0;3;112.28;['-batch-training', '-calc-rsi', '-verbose', '-prediction-mode=index', '-interval-list=30m', '-range-min-rsi=28', '-range-max-rsi=80', '-range-p-ema=50,250', '-target-margin-list=1.0,1.5,2.0,2.5,3.0,3.5,4.0,4.5,5.0', '-log-level=WARNING']
2023-11-26 20:13:29;UNIUSDT;30m;2.5;200;30;80;100.0;3;112.28;['-batch-training', '-calc-rsi', '-verbose', '-prediction-mode=index', '-interval-list=30m', '-range-min-rsi=28', '-range-max-rsi=80', '-range-p-ema=50,250', '-target-margin-list=1.0,1.5,2.0,2.5,3.0,3.5,4.0,4.5,5.0', '-log-level=WARNING']
2023-11-26 19:41:10;UNIUSDT;30m;2.5;125;30;80;100.0;3;112.28;['-batch-training', '-calc-rsi', '-verbose', '-prediction-mode=index', '-interval-list=30m', '-range-min-rsi=28', '-range-max-rsi=80', '-range-p-ema=50,250', '-target-margin-list=1.0,1.5,2.0,2.5,3.0,3.5,4.0,4.5,5.0', '-log-level=WARNING']
2023-11-26 20:49:51;UNIUSDT;30m;1.5;50;34;76;100.0;7;112.28;['-batch-training', '-calc-rsi', '-verbose', '-prediction-mode=index', '-interval-list=30m', '-range-min-rsi=28', '-range-max-rsi=80', '-range-p-ema=50,250', '-target-margin-list=1.0,1.5,2.0,2.5,3.0,3.5,4.0,4.5,5.0', '-log-level=WARNING']
2023-11-26 20:53:38;UNIUSDT;30m;2.5;50;30;80;100.0;3;112.28;['-batch-training', '-calc-rsi', '-verbose', '-prediction-mode=index', '-interval-list=30m', '-range-min-rsi=28', '-range-max-rsi=80', '-range-p-ema=50,250', '-target-margin-list=1.0,1.5,2.0,2.5,3.0,3.5,4.0,4.5,5.0', '-log-level=WARNING']
2023-11-26 19:29:41;UNIUSDT;30m;2.5;100;30;80;100.0;3;112.28;['-batch-training', '-calc-rsi', '-verbose', '-prediction-mode=index', '-interval-list=30m', '-range-min-rsi=28', '-range-max-rsi=80', '-range-p-ema=50,250', '-target-margin-list=1.0,1.5,2.0,2.5,3.0,3.5,4.0,4.5,5.0', '-log-level=WARNING']
2023-11-26 21:09:05;UNIUSDT;30m;2.5;75;30;80;100.0;3;112.28;['-batch-training', '-calc-rsi', '-verbose', '-prediction-mode=index', '-interval-list=30m', '-range-min-rsi=28', '-range-max-rsi=80', '-range-p-ema=50,250', '-target-margin-list=1.0,1.5,2.0,2.5,3.0,3.5,4.0,4.5,5.0', '-log-level=WARNING']
2023-11-26 19:52:40;UNIUSDT;30m;2.5;150;30;80;100.0;3;112.28;['-batch-training', '-calc-rsi', '-verbose', '-prediction-mode=index', '-interval-list=30m', '-range-min-rsi=28', '-range-max-rsi=80', '-range-p-ema=50,250', '-target-margin-list=1.0,1.5,2.0,2.5,3.0,3.5,4.0,4.5,5.0', '-log-level=WARNING']
2023-11-26 20:53:30;UNIUSDT;30m;2.5;50;36;78;100.0;3;112.29;['-batch-training', '-calc-rsi', '-verbose', '-prediction-mode=index', '-interval-list=30m', '-range-min-rsi=28', '-range-max-rsi=80', '-range-p-ema=50,250', '-target-margin-list=1.0,1.5,2.0,2.5,3.0,3.5,4.0,4.5,5.0', '-log-level=WARNING']
2023-11-26 21:08:56;UNIUSDT;30m;2.5;75;36;78;100.0;3;112.29;['-batch-training', '-calc-rsi', '-verbose', '-prediction-mode=index', '-interval-list=30m', '-range-min-rsi=28', '-range-max-rsi=80', '-range-p-ema=50,250', '-target-margin-list=1.0,1.5,2.0,2.5,3.0,3.5,4.0,4.5,5.0', '-log-level=WARNING']
2023-11-26 19:50:01;UNIUSDT;30m;1.5;150;36;78;100.0;6;112.29;['-batch-training', '-calc-rsi', '-verbose', '-prediction-mode=index', '-interval-list=30m', '-range-min-rsi=28', '-range-max-rsi=80', '-range-p-ema=50,250', '-target-margin-list=1.0,1.5,2.0,2.5,3.0,3.5,4.0,4.5,5.0', '-log-level=WARNING']
2023-11-26 20:39:11;UNIUSDT;30m;2.5;250;32;78;100.0;2;112.3;['-batch-training', '-calc-rsi', '-verbose', '-prediction-mode=index', '-interval-list=30m', '-range-min-rsi=28', '-range-max-rsi=80', '-range-p-ema=50,250', '-target-margin-list=1.0,1.5,2.0,2.5,3.0,3.5,4.0,4.5,5.0', '-log-level=WARNING']
2023-11-26 20:02:17;UNIUSDT;30m;2.5;175;34;74;100.0;2;112.31;['-batch-training', '-calc-rsi', '-verbose', '-prediction-mode=index', '-interval-list=30m', '-range-min-rsi=28', '-range-max-rsi=80', '-range-p-ema=50,250', '-target-margin-list=1.0,1.5,2.0,2.5,3.0,3.5,4.0,4.5,5.0', '-log-level=WARNING']
2023-11-26 20:36:29;UNIUSDT;30m;1.5;250;32;80;100.0;4;112.31;['-batch-training', '-calc-rsi', '-verbose', '-prediction-mode=index', '-interval-list=30m', '-range-min-rsi=28', '-range-max-rsi=80', '-range-p-ema=50,250', '-target-margin-list=1.0,1.5,2.0,2.5,3.0,3.5,4.0,4.5,5.0', '-log-level=WARNING']
2023-11-26 19:51:44;UNIUSDT;30m;2.5;150;32;72;100.0;5;112.31;['-batch-training', '-calc-rsi', '-verbose', '-prediction-mode=index', '-interval-list=30m', '-range-min-rsi=28', '-range-max-rsi=80', '-range-p-ema=50,250', '-target-margin-list=1.0,1.5,2.0,2.5,3.0,3.5,4.0,4.5,5.0', '-log-level=WARNING']
2023-11-26 20:02:01;UNIUSDT;30m;2.5;175;32;72;100.0;5;112.31;['-batch-training', '-calc-rsi', '-verbose', '-prediction-mode=index', '-interval-list=30m', '-range-min-rsi=28', '-range-max-rsi=80', '-range-p-ema=50,250', '-target-margin-list=1.0,1.5,2.0,2.5,3.0,3.5,4.0,4.5,5.0', '-log-level=WARNING']
2023-11-26 20:12:28;UNIUSDT;30m;2.5;200;32;72;100.0;5;112.31;['-batch-training', '-calc-rsi', '-verbose', '-prediction-mode=index', '-interval-list=30m', '-range-min-rsi=28', '-range-max-rsi=80', '-range-p-ema=50,250', '-target-margin-list=1.0,1.5,2.0,2.5,3.0,3.5,4.0,4.5,5.0', '-log-level=WARNING']
2023-11-26 20:25:02;UNIUSDT;30m;2.5;225;32;72;100.0;5;112.31;['-batch-training', '-calc-rsi', '-verbose', '-prediction-mode=index', '-interval-list=30m', '-range-min-rsi=28', '-range-max-rsi=80', '-range-p-ema=50,250', '-target-margin-list=1.0,1.5,2.0,2.5,3.0,3.5,4.0,4.5,5.0', '-log-level=WARNING']
2023-11-26 19:55:16;UNIUSDT;30m;4.0;150;34;72;100.0;2;112.34;['-batch-training', '-calc-rsi', '-verbose', '-prediction-mode=index', '-interval-list=30m', '-range-min-rsi=28', '-range-max-rsi=80', '-range-p-ema=50,250', '-target-margin-list=1.0,1.5,2.0,2.5,3.0,3.5,4.0,4.5,5.0', '-log-level=WARNING']
2023-11-26 20:08:14;UNIUSDT;30m;5.0;175;34;78;100.0;3;112.35;['-batch-training', '-calc-rsi', '-verbose', '-prediction-mode=index', '-interval-list=30m', '-range-min-rsi=28', '-range-max-rsi=80', '-range-p-ema=50,250', '-target-margin-list=1.0,1.5,2.0,2.5,3.0,3.5,4.0,4.5,5.0', '-log-level=WARNING']
2023-11-26 19:58:12;UNIUSDT;30m;5.0;150;34;78;100.0;3;112.35;['-batch-training', '-calc-rsi', '-verbose', '-prediction-mode=index', '-interval-list=30m', '-range-min-rsi=28', '-range-max-rsi=80', '-range-p-ema=50,250', '-target-margin-list=1.0,1.5,2.0,2.5,3.0,3.5,4.0,4.5,5.0', '-log-level=WARNING']
2023-11-26 20:46:59;UNIUSDT;30m;5.0;250;34;78;100.0;3;112.35;['-batch-training', '-calc-rsi', '-verbose', '-prediction-mode=index', '-interval-list=30m', '-range-min-rsi=28', '-range-max-rsi=80', '-range-p-ema=50,250', '-target-margin-list=1.0,1.5,2.0,2.5,3.0,3.5,4.0,4.5,5.0', '-log-level=WARNING']
2023-11-26 20:33:14;UNIUSDT;30m;5.0;225;34;78;100.0;3;112.35;['-batch-training', '-calc-rsi', '-verbose', '-prediction-mode=index', '-interval-list=30m', '-range-min-rsi=28', '-range-max-rsi=80', '-range-p-ema=50,250', '-target-margin-list=1.0,1.5,2.0,2.5,3.0,3.5,4.0,4.5,5.0', '-log-level=WARNING']
2023-11-26 20:20:10;UNIUSDT;30m;5.0;200;34;78;100.0;3;112.35;['-batch-training', '-calc-rsi', '-verbose', '-prediction-mode=index', '-interval-list=30m', '-range-min-rsi=28', '-range-max-rsi=80', '-range-p-ema=50,250', '-target-margin-list=1.0,1.5,2.0,2.5,3.0,3.5,4.0,4.5,5.0', '-log-level=WARNING']
2023-11-26 20:11:31;UNIUSDT;30m;2.0;200;36;74;100.0;6;112.36;['-batch-training', '-calc-rsi', '-verbose', '-prediction-mode=index', '-interval-list=30m', '-range-min-rsi=28', '-range-max-rsi=80', '-range-p-ema=50,250', '-target-margin-list=1.0,1.5,2.0,2.5,3.0,3.5,4.0,4.5,5.0', '-log-level=WARNING']
2023-11-26 20:23:21;UNIUSDT;30m;1.5;225;34;80;100.0;5;112.37;['-batch-training', '-calc-rsi', '-verbose', '-prediction-mode=index', '-interval-list=30m', '-range-min-rsi=28', '-range-max-rsi=80', '-range-p-ema=50,250', '-target-margin-list=1.0,1.5,2.0,2.5,3.0,3.5,4.0,4.5,5.0', '-log-level=WARNING']
2023-11-26 19:39:44;UNIUSDT;30m;2.0;125;34;78;100.0;5;112.4;['-batch-training', '-calc-rsi', '-verbose', '-prediction-mode=index', '-interval-list=30m', '-range-min-rsi=28', '-range-max-rsi=80', '-range-p-ema=50,250', '-target-margin-list=1.0,1.5,2.0,2.5,3.0,3.5,4.0,4.5,5.0', '-log-level=WARNING']
2023-11-26 20:33:57;UNIUSDT;30m;1.0;250;28;74;100.0;5;112.4;['-batch-training', '-calc-rsi', '-verbose', '-prediction-mode=index', '-interval-list=30m', '-range-min-rsi=28', '-range-max-rsi=80', '-range-p-ema=50,250', '-target-margin-list=1.0,1.5,2.0,2.5,3.0,3.5,4.0,4.5,5.0', '-log-level=WARNING']
2023-11-26 21:07:02;UNIUSDT;30m;2.0;75;34;78;100.0;5;112.4;['-batch-training', '-calc-rsi', '-verbose', '-prediction-mode=index', '-interval-list=30m', '-range-min-rsi=28', '-range-max-rsi=80', '-range-p-ema=50,250', '-target-margin-list=1.0,1.5,2.0,2.5,3.0,3.5,4.0,4.5,5.0', '-log-level=WARNING']
2023-11-26 20:51:47;UNIUSDT;30m;2.0;50;34;78;100.0;5;112.4;['-batch-training', '-calc-rsi', '-verbose', '-prediction-mode=index', '-interval-list=30m', '-range-min-rsi=28', '-range-max-rsi=80', '-range-p-ema=50,250', '-target-margin-list=1.0,1.5,2.0,2.5,3.0,3.5,4.0,4.5,5.0', '-log-level=WARNING']
2023-11-26 19:28:15;UNIUSDT;30m;2.0;100;34;78;100.0;5;112.4;['-batch-training', '-calc-rsi', '-verbose', '-prediction-mode=index', '-interval-list=30m', '-range-min-rsi=28', '-range-max-rsi=80', '-range-p-ema=50,250', '-target-margin-list=1.0,1.5,2.0,2.5,3.0,3.5,4.0,4.5,5.0', '-log-level=WARNING']
2023-11-26 21:03:01;UNIUSDT;30m;1.0;75;32;76;100.0;2;112.42;['-batch-training', '-calc-rsi', '-verbose', '-prediction-mode=index', '-interval-list=30m', '-range-min-rsi=28', '-range-max-rsi=80', '-range-p-ema=50,250', '-target-margin-list=1.0,1.5,2.0,2.5,3.0,3.5,4.0,4.5,5.0', '-log-level=WARNING']
2023-11-26 20:48:11;UNIUSDT;30m;1.0;50;32;76;100.0;2;112.42;['-batch-training', '-calc-rsi', '-verbose', '-prediction-mode=index', '-interval-list=30m', '-range-min-rsi=28', '-range-max-rsi=80', '-range-p-ema=50,250', '-target-margin-list=1.0,1.5,2.0,2.5,3.0,3.5,4.0,4.5,5.0', '-log-level=WARNING']
2023-11-26 19:25:20;UNIUSDT;30m;1.0;100;32;76;100.0;2;112.42;['-batch-training', '-calc-rsi', '-verbose', '-prediction-mode=index', '-interval-list=30m', '-range-min-rsi=28', '-range-max-rsi=80', '-range-p-ema=50,250', '-target-margin-list=1.0,1.5,2.0,2.5,3.0,3.5,4.0,4.5,5.0', '-log-level=WARNING']
2023-11-26 19:36:48;UNIUSDT;30m;1.0;125;32;76;100.0;2;112.42;['-batch-training', '-calc-rsi', '-verbose', '-prediction-mode=index', '-interval-list=30m', '-range-min-rsi=28', '-range-max-rsi=80', '-range-p-ema=50,250', '-target-margin-list=1.0,1.5,2.0,2.5,3.0,3.5,4.0,4.5,5.0', '-log-level=WARNING']
2023-11-26 19:58:55;UNIUSDT;30m;1.0;175;36;74;100.0;5;112.43;['-batch-training', '-calc-rsi', '-verbose', '-prediction-mode=index', '-interval-list=30m', '-range-min-rsi=28', '-range-max-rsi=80', '-range-p-ema=50,250', '-target-margin-list=1.0,1.5,2.0,2.5,3.0,3.5,4.0,4.5,5.0', '-log-level=WARNING']
2023-11-26 20:38:39;UNIUSDT;30m;2.5;250;34;74;100.0;2;112.43;['-batch-training', '-calc-rsi', '-verbose', '-prediction-mode=index', '-interval-list=30m', '-range-min-rsi=28', '-range-max-rsi=80', '-range-p-ema=50,250', '-target-margin-list=1.0,1.5,2.0,2.5,3.0,3.5,4.0,4.5,5.0', '-log-level=WARNING']
2023-11-26 20:40:52;UNIUSDT;30m;3.0;250;36;78;100.0;2;112.47;['-batch-training', '-calc-rsi', '-verbose', '-prediction-mode=index', '-interval-list=30m', '-range-min-rsi=28', '-range-max-rsi=80', '-range-p-ema=50,250', '-target-margin-list=1.0,1.5,2.0,2.5,3.0,3.5,4.0,4.5,5.0', '-log-level=WARNING']
2023-11-26 19:53:56;UNIUSDT;30m;3.0;150;36;80;100.0;2;112.5;['-batch-training', '-calc-rsi', '-verbose', '-prediction-mode=index', '-interval-list=30m', '-range-min-rsi=28', '-range-max-rsi=80', '-range-p-ema=50,250', '-target-margin-list=1.0,1.5,2.0,2.5,3.0,3.5,4.0,4.5,5.0', '-log-level=WARNING']
2023-11-26 20:01:50;UNIUSDT;30m;2.0;175;34;80;100.0;2;112.5;['-batch-training', '-calc-rsi', '-verbose', '-prediction-mode=index', '-interval-list=30m', '-range-min-rsi=28', '-range-max-rsi=80', '-range-p-ema=50,250', '-target-margin-list=1.0,1.5,2.0,2.5,3.0,3.5,4.0,4.5,5.0', '-log-level=WARNING']
2023-11-26 19:58:50;UNIUSDT;30m;1.0;175;32;74;100.0;6;112.51;['-batch-training', '-calc-rsi', '-verbose', '-prediction-mode=index', '-interval-list=30m', '-range-min-rsi=28', '-range-max-rsi=80', '-range-p-ema=50,250', '-target-margin-list=1.0,1.5,2.0,2.5,3.0,3.5,4.0,4.5,5.0', '-log-level=WARNING']
2023-11-26 20:08:52;UNIUSDT;30m;1.0;200;32;74;100.0;6;112.52;['-batch-training', '-calc-rsi', '-verbose', '-prediction-mode=index', '-interval-list=30m', '-range-min-rsi=28', '-range-max-rsi=80', '-range-p-ema=50,250', '-target-margin-list=1.0,1.5,2.0,2.5,3.0,3.5,4.0,4.5,5.0', '-log-level=WARNING']
2023-11-26 20:20:58;UNIUSDT;30m;1.0;225;32;74;100.0;6;112.52;['-batch-training', '-calc-rsi', '-verbose', '-prediction-mode=index', '-interval-list=30m', '-range-min-rsi=28', '-range-max-rsi=80', '-range-p-ema=50,250', '-target-margin-list=1.0,1.5,2.0,2.5,3.0,3.5,4.0,4.5,5.0', '-log-level=WARNING']
2023-11-26 20:34:15;UNIUSDT;30m;1.0;250;28;76;100.0;2;112.53;['-batch-training', '-calc-rsi', '-verbose', '-prediction-mode=index', '-interval-list=30m', '-range-min-rsi=28', '-range-max-rsi=80', '-range-p-ema=50,250', '-target-margin-list=1.0,1.5,2.0,2.5,3.0,3.5,4.0,4.5,5.0', '-log-level=WARNING']
2023-11-26 20:23:56;UNIUSDT;30m;2.0;225;34;74;100.0;5;112.54;['-batch-training', '-calc-rsi', '-verbose', '-prediction-mode=index', '-interval-list=30m', '-range-min-rsi=28', '-range-max-rsi=80', '-range-p-ema=50,250', '-target-margin-list=1.0,1.5,2.0,2.5,3.0,3.5,4.0,4.5,5.0', '-log-level=WARNING']
2023-11-26 19:29:35;UNIUSDT;30m;2.5;100;36;78;100.0;3;112.55;['-batch-training', '-calc-rsi', '-verbose', '-prediction-mode=index', '-interval-list=30m', '-range-min-rsi=28', '-range-max-rsi=80', '-range-p-ema=50,250', '-target-margin-list=1.0,1.5,2.0,2.5,3.0,3.5,4.0,4.5,5.0', '-log-level=WARNING']
2023-11-26 19:41:04;UNIUSDT;30m;2.5;125;36;78;100.0;3;112.55;['-batch-training', '-calc-rsi', '-verbose', '-prediction-mode=index', '-interval-list=30m', '-range-min-rsi=28', '-range-max-rsi=80', '-range-p-ema=50,250', '-target-margin-list=1.0,1.5,2.0,2.5,3.0,3.5,4.0,4.5,5.0', '-log-level=WARNING']
2023-11-26 20:01:39;UNIUSDT;30m;2.0;175;36;78;100.0;5;112.56;['-batch-training', '-calc-rsi', '-verbose', '-prediction-mode=index', '-interval-list=30m', '-range-min-rsi=28', '-range-max-rsi=80', '-range-p-ema=50,250', '-target-margin-list=1.0,1.5,2.0,2.5,3.0,3.5,4.0,4.5,5.0', '-log-level=WARNING']
2023-11-26 20:56:28;UNIUSDT;30m;3.5;50;36;76;100.0;4;112.57;['-batch-training', '-calc-rsi', '-verbose', '-prediction-mode=index', '-interval-list=30m', '-range-min-rsi=28', '-range-max-rsi=80', '-range-p-ema=50,250', '-target-margin-list=1.0,1.5,2.0,2.5,3.0,3.5,4.0,4.5,5.0', '-log-level=WARNING']
2023-11-26 19:31:51;UNIUSDT;30m;3.5;100;36;76;100.0;4;112.57;['-batch-training', '-calc-rsi', '-verbose', '-prediction-mode=index', '-interval-list=30m', '-range-min-rsi=28', '-range-max-rsi=80', '-range-p-ema=50,250', '-target-margin-list=1.0,1.5,2.0,2.5,3.0,3.5,4.0,4.5,5.0', '-log-level=WARNING']
2023-11-26 19:43:21;UNIUSDT;30m;3.5;125;36;76;100.0;4;112.57;['-batch-training', '-calc-rsi', '-verbose', '-prediction-mode=index', '-interval-list=30m', '-range-min-rsi=28', '-range-max-rsi=80', '-range-p-ema=50,250', '-target-margin-list=1.0,1.5,2.0,2.5,3.0,3.5,4.0,4.5,5.0', '-log-level=WARNING']
2023-11-26 21:12:08;UNIUSDT;30m;3.5;75;36;76;100.0;4;112.57;['-batch-training', '-calc-rsi', '-verbose', '-prediction-mode=index', '-interval-list=30m', '-range-min-rsi=28', '-range-max-rsi=80', '-range-p-ema=50,250', '-target-margin-list=1.0,1.5,2.0,2.5,3.0,3.5,4.0,4.5,5.0', '-log-level=WARNING']
2023-11-26 21:05:15;UNIUSDT;30m;1.5;75;34;78;100.0;5;112.58;['-batch-training', '-calc-rsi', '-verbose', '-prediction-mode=index', '-interval-list=30m', '-range-min-rsi=28', '-range-max-rsi=80', '-range-p-ema=50,250', '-target-margin-list=1.0,1.5,2.0,2.5,3.0,3.5,4.0,4.5,5.0', '-log-level=WARNING']
2023-11-26 19:26:57;UNIUSDT;30m;1.5;100;34;78;100.0;5;112.58;['-batch-training', '-calc-rsi', '-verbose', '-prediction-mode=index', '-interval-list=30m', '-range-min-rsi=28', '-range-max-rsi=80', '-range-p-ema=50,250', '-target-margin-list=1.0,1.5,2.0,2.5,3.0,3.5,4.0,4.5,5.0', '-log-level=WARNING']
2023-11-26 19:38:26;UNIUSDT;30m;1.5;125;34;78;100.0;5;112.58;['-batch-training', '-calc-rsi', '-verbose', '-prediction-mode=index', '-interval-list=30m', '-range-min-rsi=28', '-range-max-rsi=80', '-range-p-ema=50,250', '-target-margin-list=1.0,1.5,2.0,2.5,3.0,3.5,4.0,4.5,5.0', '-log-level=WARNING']
2023-11-26 20:50:10;UNIUSDT;30m;1.5;50;34;78;100.0;5;112.58;['-batch-training', '-calc-rsi', '-verbose', '-prediction-mode=index', '-interval-list=30m', '-range-min-rsi=28', '-range-max-rsi=80', '-range-p-ema=50,250', '-target-margin-list=1.0,1.5,2.0,2.5,3.0,3.5,4.0,4.5,5.0', '-log-level=WARNING']
2023-11-26 20:08:36;UNIUSDT;30m;1.0;200;30;72;100.0;3;112.58;['-batch-training', '-calc-rsi', '-verbose', '-prediction-mode=index', '-interval-list=30m', '-range-min-rsi=28', '-range-max-rsi=80', '-range-p-ema=50,250', '-target-margin-list=1.0,1.5,2.0,2.5,3.0,3.5,4.0,4.5,5.0', '-log-level=WARNING']
2023-11-26 19:58:33;UNIUSDT;30m;1.0;175;30;72;100.0;3;112.58;['-batch-training', '-calc-rsi', '-verbose', '-prediction-mode=index', '-interval-list=30m', '-range-min-rsi=28', '-range-max-rsi=80', '-range-p-ema=50,250', '-target-margin-list=1.0,1.5,2.0,2.5,3.0,3.5,4.0,4.5,5.0', '-log-level=WARNING']
2023-11-26 19:59:03;UNIUSDT;30m;1.0;175;32;76;100.0;5;112.58;['-batch-training', '-calc-rsi', '-verbose', '-prediction-mode=index', '-interval-list=30m', '-range-min-rsi=28', '-range-max-rsi=80', '-range-p-ema=50,250', '-target-margin-list=1.0,1.5,2.0,2.5,3.0,3.5,4.0,4.5,5.0', '-log-level=WARNING']
2023-11-26 20:56:36;UNIUSDT;30m;3.5;50;30;78;100.0;3;112.6;['-batch-training', '-calc-rsi', '-verbose', '-prediction-mode=index', '-interval-list=30m', '-range-min-rsi=28', '-range-max-rsi=80', '-range-p-ema=50,250', '-target-margin-list=1.0,1.5,2.0,2.5,3.0,3.5,4.0,4.5,5.0', '-log-level=WARNING']
2023-11-26 20:04:50;UNIUSDT;30m;3.5;175;30;78;100.0;3;112.6;['-batch-training', '-calc-rsi', '-verbose', '-prediction-mode=index', '-interval-list=30m', '-range-min-rsi=28', '-range-max-rsi=80', '-range-p-ema=50,250', '-target-margin-list=1.0,1.5,2.0,2.5,3.0,3.5,4.0,4.5,5.0', '-log-level=WARNING']
2023-11-26 20:28:44;UNIUSDT;30m;3.5;225;30;78;100.0;3;112.6;['-batch-training', '-calc-rsi', '-verbose', '-prediction-mode=index', '-interval-list=30m', '-range-min-rsi=28', '-range-max-rsi=80', '-range-p-ema=50,250', '-target-margin-list=1.0,1.5,2.0,2.5,3.0,3.5,4.0,4.5,5.0', '-log-level=WARNING']
2023-11-26 19:43:27;UNIUSDT;30m;3.5;125;30;78;100.0;3;112.6;['-batch-training', '-calc-rsi', '-verbose', '-prediction-mode=index', '-interval-list=30m', '-range-min-rsi=28', '-range-max-rsi=80', '-range-p-ema=50,250', '-target-margin-list=1.0,1.5,2.0,2.5,3.0,3.5,4.0,4.5,5.0', '-log-level=WARNING']
2023-11-26 20:21:16;UNIUSDT;30m;1.0;225;32;76;100.0;5;112.6;['-batch-training', '-calc-rsi', '-verbose', '-prediction-mode=index', '-interval-list=30m', '-range-min-rsi=28', '-range-max-rsi=80', '-range-p-ema=50,250', '-target-margin-list=1.0,1.5,2.0,2.5,3.0,3.5,4.0,4.5,5.0', '-log-level=WARNING']
2023-11-26 20:15:54;UNIUSDT;30m;3.5;200;30;78;100.0;3;112.6;['-batch-training', '-calc-rsi', '-verbose', '-prediction-mode=index', '-interval-list=30m', '-range-min-rsi=28', '-range-max-rsi=80', '-range-p-ema=50,250', '-target-margin-list=1.0,1.5,2.0,2.5,3.0,3.5,4.0,4.5,5.0', '-log-level=WARNING']
2023-11-26 20:09:07;UNIUSDT;30m;1.0;200;32;76;100.0;5;112.6;['-batch-training', '-calc-rsi', '-verbose', '-prediction-mode=index', '-interval-list=30m', '-range-min-rsi=28', '-range-max-rsi=80', '-range-p-ema=50,250', '-target-margin-list=1.0,1.5,2.0,2.5,3.0,3.5,4.0,4.5,5.0', '-log-level=WARNING']
2023-11-26 19:31:57;UNIUSDT;30m;3.5;100;30;78;100.0;3;112.6;['-batch-training', '-calc-rsi', '-verbose', '-prediction-mode=index', '-interval-list=30m', '-range-min-rsi=28', '-range-max-rsi=80', '-range-p-ema=50,250', '-target-margin-list=1.0,1.5,2.0,2.5,3.0,3.5,4.0,4.5,5.0', '-log-level=WARNING']
2023-11-26 21:12:17;UNIUSDT;30m;3.5;75;30;78;100.0;3;112.6;['-batch-training', '-calc-rsi', '-verbose', '-prediction-mode=index', '-interval-list=30m', '-range-min-rsi=28', '-range-max-rsi=80', '-range-p-ema=50,250', '-target-margin-list=1.0,1.5,2.0,2.5,3.0,3.5,4.0,4.5,5.0', '-log-level=WARNING']
2023-11-26 19:54:43;UNIUSDT;30m;3.5;150;30;78;100.0;3;112.6;['-batch-training', '-calc-rsi', '-verbose', '-prediction-mode=index', '-interval-list=30m', '-range-min-rsi=28', '-range-max-rsi=80', '-range-p-ema=50,250', '-target-margin-list=1.0,1.5,2.0,2.5,3.0,3.5,4.0,4.5,5.0', '-log-level=WARNING']
2023-11-26 19:50:32;UNIUSDT;30m;2.0;150;36;72;100.0;5;112.61;['-batch-training', '-calc-rsi', '-verbose', '-prediction-mode=index', '-interval-list=30m', '-range-min-rsi=28', '-range-max-rsi=80', '-range-p-ema=50,250', '-target-margin-list=1.0,1.5,2.0,2.5,3.0,3.5,4.0,4.5,5.0', '-log-level=WARNING']
2023-11-26 19:50:11;UNIUSDT;30m;1.5;150;32;80;100.0;6;112.61;['-batch-training', '-calc-rsi', '-verbose', '-prediction-mode=index', '-interval-list=30m', '-range-min-rsi=28', '-range-max-rsi=80', '-range-p-ema=50,250', '-target-margin-list=1.0,1.5,2.0,2.5,3.0,3.5,4.0,4.5,5.0', '-log-level=WARNING']
2023-11-26 19:27:16;UNIUSDT;30m;1.5;100;36;80;100.0;7;112.62;['-batch-training', '-calc-rsi', '-verbose', '-prediction-mode=index', '-interval-list=30m', '-range-min-rsi=28', '-range-max-rsi=80', '-range-p-ema=50,250', '-target-margin-list=1.0,1.5,2.0,2.5,3.0,3.5,4.0,4.5,5.0', '-log-level=WARNING']
2023-11-26 19:38:45;UNIUSDT;30m;1.5;125;36;80;100.0;7;112.62;['-batch-training', '-calc-rsi', '-verbose', '-prediction-mode=index', '-interval-list=30m', '-range-min-rsi=28', '-range-max-rsi=80', '-range-p-ema=50,250', '-target-margin-list=1.0,1.5,2.0,2.5,3.0,3.5,4.0,4.5,5.0', '-log-level=WARNING']
2023-11-26 20:02:55;UNIUSDT;30m;2.5;175;32;80;100.0;4;112.63;['-batch-training', '-calc-rsi', '-verbose', '-prediction-mode=index', '-interval-list=30m', '-range-min-rsi=28', '-range-max-rsi=80', '-range-p-ema=50,250', '-target-margin-list=1.0,1.5,2.0,2.5,3.0,3.5,4.0,4.5,5.0', '-log-level=WARNING']
2023-11-26 20:13:32;UNIUSDT;30m;2.5;200;32;80;100.0;4;112.63;['-batch-training', '-calc-rsi', '-verbose', '-prediction-mode=index', '-interval-list=30m', '-range-min-rsi=28', '-range-max-rsi=80', '-range-p-ema=50,250', '-target-margin-list=1.0,1.5,2.0,2.5,3.0,3.5,4.0,4.5,5.0', '-log-level=WARNING']
2023-11-26 20:26:10;UNIUSDT;30m;2.5;225;32;80;100.0;4;112.63;['-batch-training', '-calc-rsi', '-verbose', '-prediction-mode=index', '-interval-list=30m', '-range-min-rsi=28', '-range-max-rsi=80', '-range-p-ema=50,250', '-target-margin-list=1.0,1.5,2.0,2.5,3.0,3.5,4.0,4.5,5.0', '-log-level=WARNING']
2023-11-26 20:39:30;UNIUSDT;30m;2.5;250;32;80;100.0;4;112.63;['-batch-training', '-calc-rsi', '-verbose', '-prediction-mode=index', '-interval-list=30m', '-range-min-rsi=28', '-range-max-rsi=80', '-range-p-ema=50,250', '-target-margin-list=1.0,1.5,2.0,2.5,3.0,3.5,4.0,4.5,5.0', '-log-level=WARNING']
2023-11-26 19:52:43;UNIUSDT;30m;2.5;150;32;80;100.0;4;112.63;['-batch-training', '-calc-rsi', '-verbose', '-prediction-mode=index', '-interval-list=30m', '-range-min-rsi=28', '-range-max-rsi=80', '-range-p-ema=50,250', '-target-margin-list=1.0,1.5,2.0,2.5,3.0,3.5,4.0,4.5,5.0', '-log-level=WARNING']
2023-11-26 20:44:19;UNIUSDT;30m;4.5;250;28;72;100.0;2;112.64;['-batch-training', '-calc-rsi', '-verbose', '-prediction-mode=index', '-interval-list=30m', '-range-min-rsi=28', '-range-max-rsi=80', '-range-p-ema=50,250', '-target-margin-list=1.0,1.5,2.0,2.5,3.0,3.5,4.0,4.5,5.0', '-log-level=WARNING']
2023-11-26 19:45:10;UNIUSDT;30m;4.5;125;28;72;100.0;2;112.64;['-batch-training', '-calc-rsi', '-verbose', '-prediction-mode=index', '-interval-list=30m', '-range-min-rsi=28', '-range-max-rsi=80', '-range-p-ema=50,250', '-target-margin-list=1.0,1.5,2.0,2.5,3.0,3.5,4.0,4.5,5.0', '-log-level=WARNING']
2023-11-26 19:33:37;UNIUSDT;30m;4.5;100;28;72;100.0;2;112.64;['-batch-training', '-calc-rsi', '-verbose', '-prediction-mode=index', '-interval-list=30m', '-range-min-rsi=28', '-range-max-rsi=80', '-range-p-ema=50,250', '-target-margin-list=1.0,1.5,2.0,2.5,3.0,3.5,4.0,4.5,5.0', '-log-level=WARNING']
2023-11-26 20:06:21;UNIUSDT;30m;4.5;175;28;72;100.0;2;112.64;['-batch-training', '-calc-rsi', '-verbose', '-prediction-mode=index', '-interval-list=30m', '-range-min-rsi=28', '-range-max-rsi=80', '-range-p-ema=50,250', '-target-margin-list=1.0,1.5,2.0,2.5,3.0,3.5,4.0,4.5,5.0', '-log-level=WARNING']
2023-11-26 19:56:16;UNIUSDT;30m;4.5;150;28;72;100.0;2;112.64;['-batch-training', '-calc-rsi', '-verbose', '-prediction-mode=index', '-interval-list=30m', '-range-min-rsi=28', '-range-max-rsi=80', '-range-p-ema=50,250', '-target-margin-list=1.0,1.5,2.0,2.5,3.0,3.5,4.0,4.5,5.0', '-log-level=WARNING']
2023-11-26 20:58:51;UNIUSDT;30m;4.5;50;28;72;100.0;2;112.64;['-batch-training', '-calc-rsi', '-verbose', '-prediction-mode=index', '-interval-list=30m', '-range-min-rsi=28', '-range-max-rsi=80', '-range-p-ema=50,250', '-target-margin-list=1.0,1.5,2.0,2.5,3.0,3.5,4.0,4.5,5.0', '-log-level=WARNING']
2023-11-26 20:30:42;UNIUSDT;30m;4.5;225;28;72;100.0;2;112.64;['-batch-training', '-calc-rsi', '-verbose', '-prediction-mode=index', '-interval-list=30m', '-range-min-rsi=28', '-range-max-rsi=80', '-range-p-ema=50,250', '-target-margin-list=1.0,1.5,2.0,2.5,3.0,3.5,4.0,4.5,5.0', '-log-level=WARNING']
2023-11-26 21:14:31;UNIUSDT;30m;4.5;75;28;72;100.0;2;112.64;['-batch-training', '-calc-rsi', '-verbose', '-prediction-mode=index', '-interval-list=30m', '-range-min-rsi=28', '-range-max-rsi=80', '-range-p-ema=50,250', '-target-margin-list=1.0,1.5,2.0,2.5,3.0,3.5,4.0,4.5,5.0', '-log-level=WARNING']
2023-11-26 20:17:47;UNIUSDT;30m;4.5;200;28;72;100.0;2;112.64;['-batch-training', '-calc-rsi', '-verbose', '-prediction-mode=index', '-interval-list=30m', '-range-min-rsi=28', '-range-max-rsi=80', '-range-p-ema=50,250', '-target-margin-list=1.0,1.5,2.0,2.5,3.0,3.5,4.0,4.5,5.0', '-log-level=WARNING']
2023-11-26 21:02:44;UNIUSDT;30m;1.0;75;34;74;100.0;7;112.69;['-batch-training', '-calc-rsi', '-verbose', '-prediction-mode=index', '-interval-list=30m', '-range-min-rsi=28', '-range-max-rsi=80', '-range-p-ema=50,250', '-target-margin-list=1.0,1.5,2.0,2.5,3.0,3.5,4.0,4.5,5.0', '-log-level=WARNING']
2023-11-26 20:47:57;UNIUSDT;30m;1.0;50;34;74;100.0;7;112.69;['-batch-training', '-calc-rsi', '-verbose', '-prediction-mode=index', '-interval-list=30m', '-range-min-rsi=28', '-range-max-rsi=80', '-range-p-ema=50,250', '-target-margin-list=1.0,1.5,2.0,2.5,3.0,3.5,4.0,4.5,5.0', '-log-level=WARNING']
2023-11-26 19:25:07;UNIUSDT;30m;1.0;100;34;74;100.0;7;112.69;['-batch-training', '-calc-rsi', '-verbose', '-prediction-mode=index', '-interval-list=30m', '-range-min-rsi=28', '-range-max-rsi=80', '-range-p-ema=50,250', '-target-margin-list=1.0,1.5,2.0,2.5,3.0,3.5,4.0,4.5,5.0', '-log-level=WARNING']
2023-11-26 19:36:35;UNIUSDT;30m;1.0;125;34;74;100.0;7;112.69;['-batch-training', '-calc-rsi', '-verbose', '-prediction-mode=index', '-interval-list=30m', '-range-min-rsi=28', '-range-max-rsi=80', '-range-p-ema=50,250', '-target-margin-list=1.0,1.5,2.0,2.5,3.0,3.5,4.0,4.5,5.0', '-log-level=WARNING']
2023-11-26 19:54:46;UNIUSDT;30m;3.5;150;32;78;100.0;2;112.7;['-batch-training', '-calc-rsi', '-verbose', '-prediction-mode=index', '-interval-list=30m', '-range-min-rsi=28', '-range-max-rsi=80', '-range-p-ema=50,250', '-target-margin-list=1.0,1.5,2.0,2.5,3.0,3.5,4.0,4.5,5.0', '-log-level=WARNING']
2023-11-26 20:27:24;UNIUSDT;30m;3.0;225;34;78;100.0;3;112.7;['-batch-training', '-calc-rsi', '-verbose', '-prediction-mode=index', '-interval-list=30m', '-range-min-rsi=28', '-range-max-rsi=80', '-range-p-ema=50,250', '-target-margin-list=1.0,1.5,2.0,2.5,3.0,3.5,4.0,4.5,5.0', '-log-level=WARNING']
2023-11-26 20:13:23;UNIUSDT;30m;2.5;200;36;78;100.0;4;112.71;['-batch-training', '-calc-rsi', '-verbose', '-prediction-mode=index', '-interval-list=30m', '-range-min-rsi=28', '-range-max-rsi=80', '-range-p-ema=50,250', '-target-margin-list=1.0,1.5,2.0,2.5,3.0,3.5,4.0,4.5,5.0', '-log-level=WARNING']
2023-11-26 19:50:14;UNIUSDT;30m;1.5;150;34;80;100.0;7;112.71;['-batch-training', '-calc-rsi', '-verbose', '-prediction-mode=index', '-interval-list=30m', '-range-min-rsi=28', '-range-max-rsi=80', '-range-p-ema=50,250', '-target-margin-list=1.0,1.5,2.0,2.5,3.0,3.5,4.0,4.5,5.0', '-log-level=WARNING']
2023-11-26 21:04:35;UNIUSDT;30m;1.5;75;36;74;100.0;4;112.72;['-batch-training', '-calc-rsi', '-verbose', '-prediction-mode=index', '-interval-list=30m', '-range-min-rsi=28', '-range-max-rsi=80', '-range-p-ema=50,250', '-target-margin-list=1.0,1.5,2.0,2.5,3.0,3.5,4.0,4.5,5.0', '-log-level=WARNING']
2023-11-26 19:59:06;UNIUSDT;30m;1.0;175;34;76;100.0;6;112.72;['-batch-training', '-calc-rsi', '-verbose', '-prediction-mode=index', '-interval-list=30m', '-range-min-rsi=28', '-range-max-rsi=80', '-range-p-ema=50,250', '-target-margin-list=1.0,1.5,2.0,2.5,3.0,3.5,4.0,4.5,5.0', '-log-level=WARNING']
2023-11-26 20:49:35;UNIUSDT;30m;1.5;50;36;74;100.0;4;112.72;['-batch-training', '-calc-rsi', '-verbose', '-prediction-mode=index', '-interval-list=30m', '-range-min-rsi=28', '-range-max-rsi=80', '-range-p-ema=50,250', '-target-margin-list=1.0,1.5,2.0,2.5,3.0,3.5,4.0,4.5,5.0', '-log-level=WARNING']
2023-11-26 19:37:58;UNIUSDT;30m;1.5;125;36;74;100.0;4;112.72;['-batch-training', '-calc-rsi', '-verbose', '-prediction-mode=index', '-interval-list=30m', '-range-min-rsi=28', '-range-max-rsi=80', '-range-p-ema=50,250', '-target-margin-list=1.0,1.5,2.0,2.5,3.0,3.5,4.0,4.5,5.0', '-log-level=WARNING']
2023-11-26 19:26:29;UNIUSDT;30m;1.5;100;36;74;100.0;4;112.72;['-batch-training', '-calc-rsi', '-verbose', '-prediction-mode=index', '-interval-list=30m', '-range-min-rsi=28', '-range-max-rsi=80', '-range-p-ema=50,250', '-target-margin-list=1.0,1.5,2.0,2.5,3.0,3.5,4.0,4.5,5.0', '-log-level=WARNING']
2023-11-26 20:51:20;UNIUSDT;30m;2.0;50;30;76;100.0;2;112.73;['-batch-training', '-calc-rsi', '-verbose', '-prediction-mode=index', '-interval-list=30m', '-range-min-rsi=28', '-range-max-rsi=80', '-range-p-ema=50,250', '-target-margin-list=1.0,1.5,2.0,2.5,3.0,3.5,4.0,4.5,5.0', '-log-level=WARNING']
2023-11-26 19:50:53;UNIUSDT;30m;2.0;150;30;76;100.0;2;112.73;['-batch-training', '-calc-rsi', '-verbose', '-prediction-mode=index', '-interval-list=30m', '-range-min-rsi=28', '-range-max-rsi=80', '-range-p-ema=50,250', '-target-margin-list=1.0,1.5,2.0,2.5,3.0,3.5,4.0,4.5,5.0', '-log-level=WARNING']
2023-11-26 19:39:22;UNIUSDT;30m;2.0;125;30;76;100.0;2;112.73;['-batch-training', '-calc-rsi', '-verbose', '-prediction-mode=index', '-interval-list=30m', '-range-min-rsi=28', '-range-max-rsi=80', '-range-p-ema=50,250', '-target-margin-list=1.0,1.5,2.0,2.5,3.0,3.5,4.0,4.5,5.0', '-log-level=WARNING']
2023-11-26 21:06:32;UNIUSDT;30m;2.0;75;30;76;100.0;2;112.73;['-batch-training', '-calc-rsi', '-verbose', '-prediction-mode=index', '-interval-list=30m', '-range-min-rsi=28', '-range-max-rsi=80', '-range-p-ema=50,250', '-target-margin-list=1.0,1.5,2.0,2.5,3.0,3.5,4.0,4.5,5.0', '-log-level=WARNING']
2023-11-26 20:34:38;UNIUSDT;30m;1.0;250;30;78;100.0;6;112.73;['-batch-training', '-calc-rsi', '-verbose', '-prediction-mode=index', '-interval-list=30m', '-range-min-rsi=28', '-range-max-rsi=80', '-range-p-ema=50,250', '-target-margin-list=1.0,1.5,2.0,2.5,3.0,3.5,4.0,4.5,5.0', '-log-level=WARNING']
2023-11-26 20:36:25;UNIUSDT;30m;1.5;250;30;80;100.0;2;112.73;['-batch-training', '-calc-rsi', '-verbose', '-prediction-mode=index', '-interval-list=30m', '-range-min-rsi=28', '-range-max-rsi=80', '-range-p-ema=50,250', '-target-margin-list=1.0,1.5,2.0,2.5,3.0,3.5,4.0,4.5,5.0', '-log-level=WARNING']
2023-11-26 19:27:53;UNIUSDT;30m;2.0;100;30;76;100.0;2;112.73;['-batch-training', '-calc-rsi', '-verbose', '-prediction-mode=index', '-interval-list=30m', '-range-min-rsi=28', '-range-max-rsi=80', '-range-p-ema=50,250', '-target-margin-list=1.0,1.5,2.0,2.5,3.0,3.5,4.0,4.5,5.0', '-log-level=WARNING']
2023-11-26 20:53:06;UNIUSDT;30m;2.5;50;34;76;100.0;2;112.74;['-batch-training', '-calc-rsi', '-verbose', '-prediction-mode=index', '-interval-list=30m', '-range-min-rsi=28', '-range-max-rsi=80', '-range-p-ema=50,250', '-target-margin-list=1.0,1.5,2.0,2.5,3.0,3.5,4.0,4.5,5.0', '-log-level=WARNING']
2023-11-26 19:29:17;UNIUSDT;30m;2.5;100;34;76;100.0;2;112.74;['-batch-training', '-calc-rsi', '-verbose', '-prediction-mode=index', '-interval-list=30m', '-range-min-rsi=28', '-range-max-rsi=80', '-range-p-ema=50,250', '-target-margin-list=1.0,1.5,2.0,2.5,3.0,3.5,4.0,4.5,5.0', '-log-level=WARNING']
2023-11-26 19:40:46;UNIUSDT;30m;2.5;125;34;76;100.0;2;112.74;['-batch-training', '-calc-rsi', '-verbose', '-prediction-mode=index', '-interval-list=30m', '-range-min-rsi=28', '-range-max-rsi=80', '-range-p-ema=50,250', '-target-margin-list=1.0,1.5,2.0,2.5,3.0,3.5,4.0,4.5,5.0', '-log-level=WARNING']
2023-11-26 19:48:05;UNIUSDT;30m;1.0;150;32;74;100.0;5;112.74;['-batch-training', '-calc-rsi', '-verbose', '-prediction-mode=index', '-interval-list=30m', '-range-min-rsi=28', '-range-max-rsi=80', '-range-p-ema=50,250', '-target-margin-list=1.0,1.5,2.0,2.5,3.0,3.5,4.0,4.5,5.0', '-log-level=WARNING']
2023-11-26 21:08:31;UNIUSDT;30m;2.5;75;34;76;100.0;2;112.74;['-batch-training', '-calc-rsi', '-verbose', '-prediction-mode=index', '-interval-list=30m', '-range-min-rsi=28', '-range-max-rsi=80', '-range-p-ema=50,250', '-target-margin-list=1.0,1.5,2.0,2.5,3.0,3.5,4.0,4.5,5.0', '-log-level=WARNING']
2023-11-26 20:26:31;UNIUSDT;30m;3.0;225;34;72;100.0;2;112.76;['-batch-training', '-calc-rsi', '-verbose', '-prediction-mode=index', '-interval-list=30m', '-range-min-rsi=28', '-range-max-rsi=80', '-range-p-ema=50,250', '-target-margin-list=1.0,1.5,2.0,2.5,3.0,3.5,4.0,4.5,5.0', '-log-level=WARNING']
2023-11-26 19:25:58;UNIUSDT;30m;1.0;100;36;80;100.0;7;112.77;['-batch-training', '-calc-rsi', '-verbose', '-prediction-mode=index', '-interval-list=30m', '-range-min-rsi=28', '-range-max-rsi=80', '-range-p-ema=50,250', '-target-margin-list=1.0,1.5,2.0,2.5,3.0,3.5,4.0,4.5,5.0', '-log-level=WARNING']
2023-11-26 20:02:46;UNIUSDT;30m;2.5;175;36;78;100.0;4;112.77;['-batch-training', '-calc-rsi', '-verbose', '-prediction-mode=index', '-interval-list=30m', '-range-min-rsi=28', '-range-max-rsi=80', '-range-p-ema=50,250', '-target-margin-list=1.0,1.5,2.0,2.5,3.0,3.5,4.0,4.5,5.0', '-log-level=WARNING']
2023-11-26 19:37:27;UNIUSDT;30m;1.0;125;36;80;100.0;7;112.77;['-batch-training', '-calc-rsi', '-verbose', '-prediction-mode=index', '-interval-list=30m', '-range-min-rsi=28', '-range-max-rsi=80', '-range-p-ema=50,250', '-target-margin-list=1.0,1.5,2.0,2.5,3.0,3.5,4.0,4.5,5.0', '-log-level=WARNING']
2023-11-26 20:39:37;UNIUSDT;30m;2.5;250;36;80;100.0;4;112.78;['-batch-training', '-calc-rsi', '-verbose', '-prediction-mode=index', '-interval-list=30m', '-range-min-rsi=28', '-range-max-rsi=80', '-range-p-ema=50,250', '-target-margin-list=1.0,1.5,2.0,2.5,3.0,3.5,4.0,4.5,5.0', '-log-level=WARNING']
2023-11-26 19:39:28;UNIUSDT;30m;2.0;125;34;76;100.0;5;112.79;['-batch-training', '-calc-rsi', '-verbose', '-prediction-mode=index', '-interval-list=30m', '-range-min-rsi=28', '-range-max-rsi=80', '-range-p-ema=50,250', '-target-margin-list=1.0,1.5,2.0,2.5,3.0,3.5,4.0,4.5,5.0', '-log-level=WARNING']
2023-11-26 19:27:59;UNIUSDT;30m;2.0;100;34;76;100.0;5;112.79;['-batch-training', '-calc-rsi', '-verbose', '-prediction-mode=index', '-interval-list=30m', '-range-min-rsi=28', '-range-max-rsi=80', '-range-p-ema=50,250', '-target-margin-list=1.0,1.5,2.0,2.5,3.0,3.5,4.0,4.5,5.0', '-log-level=WARNING']
2023-11-26 21:06:41;UNIUSDT;30m;2.0;75;34;76;100.0;5;112.79;['-batch-training', '-calc-rsi', '-verbose', '-prediction-mode=index', '-interval-list=30m', '-range-min-rsi=28', '-range-max-rsi=80', '-range-p-ema=50,250', '-target-margin-list=1.0,1.5,2.0,2.5,3.0,3.5,4.0,4.5,5.0', '-log-level=WARNING']
2023-11-26 20:51:28;UNIUSDT;30m;2.0;50;34;76;100.0;5;112.79;['-batch-training', '-calc-rsi', '-verbose', '-prediction-mode=index', '-interval-list=30m', '-range-min-rsi=28', '-range-max-rsi=80', '-range-p-ema=50,250', '-target-margin-list=1.0,1.5,2.0,2.5,3.0,3.5,4.0,4.5,5.0', '-log-level=WARNING']
2023-11-26 20:34:22;UNIUSDT;30m;1.0;250;32;76;100.0;6;112.8;['-batch-training', '-calc-rsi', '-verbose', '-prediction-mode=index', '-interval-list=30m', '-range-min-rsi=28', '-range-max-rsi=80', '-range-p-ema=50,250', '-target-margin-list=1.0,1.5,2.0,2.5,3.0,3.5,4.0,4.5,5.0', '-log-level=WARNING']
2023-11-26 20:38:31;UNIUSDT;30m;2.5;250;30;74;100.0;2;112.87;['-batch-training', '-calc-rsi', '-verbose', '-prediction-mode=index', '-interval-list=30m', '-range-min-rsi=28', '-range-max-rsi=80', '-range-p-ema=50,250', '-target-margin-list=1.0,1.5,2.0,2.5,3.0,3.5,4.0,4.5,5.0', '-log-level=WARNING']
2023-11-26 19:52:48;UNIUSDT;30m;2.5;150;36;80;100.0;2;112.87;['-batch-training', '-calc-rsi', '-verbose', '-prediction-mode=index', '-interval-list=30m', '-range-min-rsi=28', '-range-max-rsi=80', '-range-p-ema=50,250', '-target-margin-list=1.0,1.5,2.0,2.5,3.0,3.5,4.0,4.5,5.0', '-log-level=WARNING']
2023-11-26 19:51:19;UNIUSDT;30m;2.0;150;36;78;100.0;7;112.87;['-batch-training', '-calc-rsi', '-verbose', '-prediction-mode=index', '-interval-list=30m', '-range-min-rsi=28', '-range-max-rsi=80', '-range-p-ema=50,250', '-target-margin-list=1.0,1.5,2.0,2.5,3.0,3.5,4.0,4.5,5.0', '-log-level=WARNING']
2023-11-26 21:04:22;UNIUSDT;30m;1.5;75;30;74;100.0;2;112.88;['-batch-training', '-calc-rsi', '-verbose', '-prediction-mode=index', '-interval-list=30m', '-range-min-rsi=28', '-range-max-rsi=80', '-range-p-ema=50,250', '-target-margin-list=1.0,1.5,2.0,2.5,3.0,3.5,4.0,4.5,5.0', '-log-level=WARNING']
2023-11-26 20:10:02;UNIUSDT;30m;1.5;200;30;74;100.0;2;112.88;['-batch-training', '-calc-rsi', '-verbose', '-prediction-mode=index', '-interval-list=30m', '-range-min-rsi=28', '-range-max-rsi=80', '-range-p-ema=50,250', '-target-margin-list=1.0,1.5,2.0,2.5,3.0,3.5,4.0,4.5,5.0', '-log-level=WARNING']
2023-11-26 20:49:24;UNIUSDT;30m;1.5;50;30;74;100.0;2;112.88;['-batch-training', '-calc-rsi', '-verbose', '-prediction-mode=index', '-interval-list=30m', '-range-min-rsi=28', '-range-max-rsi=80', '-range-p-ema=50,250', '-target-margin-list=1.0,1.5,2.0,2.5,3.0,3.5,4.0,4.5,5.0', '-log-level=WARNING']
2023-11-26 20:36:32;UNIUSDT;30m;1.5;250;34;80;100.0;6;112.88;['-batch-training', '-calc-rsi', '-verbose', '-prediction-mode=index', '-interval-list=30m', '-range-min-rsi=28', '-range-max-rsi=80', '-range-p-ema=50,250', '-target-margin-list=1.0,1.5,2.0,2.5,3.0,3.5,4.0,4.5,5.0', '-log-level=WARNING']
2023-11-26 21:05:19;UNIUSDT;30m;1.5;75;36;78;100.0;6;112.88;['-batch-training', '-calc-rsi', '-verbose', '-prediction-mode=index', '-interval-list=30m', '-range-min-rsi=28', '-range-max-rsi=80', '-range-p-ema=50,250', '-target-margin-list=1.0,1.5,2.0,2.5,3.0,3.5,4.0,4.5,5.0', '-log-level=WARNING']
2023-11-26 20:22:22;UNIUSDT;30m;1.5;225;30;74;100.0;2;112.88;['-batch-training', '-calc-rsi', '-verbose', '-prediction-mode=index', '-interval-list=30m', '-range-min-rsi=28', '-range-max-rsi=80', '-range-p-ema=50,250', '-target-margin-list=1.0,1.5,2.0,2.5,3.0,3.5,4.0,4.5,5.0', '-log-level=WARNING']
2023-11-26 20:50:13;UNIUSDT;30m;1.5;50;36;78;100.0;6;112.88;['-batch-training', '-calc-rsi', '-verbose', '-prediction-mode=index', '-interval-list=30m', '-range-min-rsi=28', '-range-max-rsi=80', '-range-p-ema=50,250', '-target-margin-list=1.0,1.5,2.0,2.5,3.0,3.5,4.0,4.5,5.0', '-log-level=WARNING']
2023-11-26 19:37:49;UNIUSDT;30m;1.5;125;30;74;100.0;2;112.88;['-batch-training', '-calc-rsi', '-verbose', '-prediction-mode=index', '-interval-list=30m', '-range-min-rsi=28', '-range-max-rsi=80', '-range-p-ema=50,250', '-target-margin-list=1.0,1.5,2.0,2.5,3.0,3.5,4.0,4.5,5.0', '-log-level=WARNING']
2023-11-26 19:26:20;UNIUSDT;30m;1.5;100;30;74;100.0;2;112.88;['-batch-training', '-calc-rsi', '-verbose', '-prediction-mode=index', '-interval-list=30m', '-range-min-rsi=28', '-range-max-rsi=80', '-range-p-ema=50,250', '-target-margin-list=1.0,1.5,2.0,2.5,3.0,3.5,4.0,4.5,5.0', '-log-level=WARNING']
2023-11-26 19:49:21;UNIUSDT;30m;1.5;150;30;74;100.0;2;112.88;['-batch-training', '-calc-rsi', '-verbose', '-prediction-mode=index', '-interval-list=30m', '-range-min-rsi=28', '-range-max-rsi=80', '-range-p-ema=50,250', '-target-margin-list=1.0,1.5,2.0,2.5,3.0,3.5,4.0,4.5,5.0', '-log-level=WARNING']
2023-11-26 19:59:56;UNIUSDT;30m;1.5;175;30;74;100.0;2;112.88;['-batch-training', '-calc-rsi', '-verbose', '-prediction-mode=index', '-interval-list=30m', '-range-min-rsi=28', '-range-max-rsi=80', '-range-p-ema=50,250', '-target-margin-list=1.0,1.5,2.0,2.5,3.0,3.5,4.0,4.5,5.0', '-log-level=WARNING']
2023-11-26 20:02:20;UNIUSDT;30m;2.5;175;36;74;100.0;4;112.9;['-batch-training', '-calc-rsi', '-verbose', '-prediction-mode=index', '-interval-list=30m', '-range-min-rsi=28', '-range-max-rsi=80', '-range-p-ema=50,250', '-target-margin-list=1.0,1.5,2.0,2.5,3.0,3.5,4.0,4.5,5.0', '-log-level=WARNING']
2023-11-26 20:12:50;UNIUSDT;30m;2.5;200;36;74;100.0;4;112.9;['-batch-training', '-calc-rsi', '-verbose', '-prediction-mode=index', '-interval-list=30m', '-range-min-rsi=28', '-range-max-rsi=80', '-range-p-ema=50,250', '-target-margin-list=1.0,1.5,2.0,2.5,3.0,3.5,4.0,4.5,5.0', '-log-level=WARNING']
2023-11-26 20:00:43;UNIUSDT;30m;1.5;175;34;80;100.0;7;112.92;['-batch-training', '-calc-rsi', '-verbose', '-prediction-mode=index', '-interval-list=30m', '-range-min-rsi=28', '-range-max-rsi=80', '-range-p-ema=50,250', '-target-margin-list=1.0,1.5,2.0,2.5,3.0,3.5,4.0,4.5,5.0', '-log-level=WARNING']
2023-11-26 20:21:57;UNIUSDT;30m;1.0;225;36;80;100.0;7;112.95;['-batch-training', '-calc-rsi', '-verbose', '-prediction-mode=index', '-interval-list=30m', '-range-min-rsi=28', '-range-max-rsi=80', '-range-p-ema=50,250', '-target-margin-list=1.0,1.5,2.0,2.5,3.0,3.5,4.0,4.5,5.0', '-log-level=WARNING']
2023-11-26 19:48:44;UNIUSDT;30m;1.0;150;36;78;100.0;4;112.95;['-batch-training', '-calc-rsi', '-verbose', '-prediction-mode=index', '-interval-list=30m', '-range-min-rsi=28', '-range-max-rsi=80', '-range-p-ema=50,250', '-target-margin-list=1.0,1.5,2.0,2.5,3.0,3.5,4.0,4.5,5.0', '-log-level=WARNING']
2023-11-26 19:48:40;UNIUSDT;30m;1.0;150;34;78;100.0;4;112.96;['-batch-training', '-calc-rsi', '-verbose', '-prediction-mode=index', '-interval-list=30m', '-range-min-rsi=28', '-range-max-rsi=80', '-range-p-ema=50,250', '-target-margin-list=1.0,1.5,2.0,2.5,3.0,3.5,4.0,4.5,5.0', '-log-level=WARNING']
2023-11-26 20:39:25;UNIUSDT;30m;2.5;250;30;80;100.0;3;112.96;['-batch-training', '-calc-rsi', '-verbose', '-prediction-mode=index', '-interval-list=30m', '-range-min-rsi=28', '-range-max-rsi=80', '-range-p-ema=50,250', '-target-margin-list=1.0,1.5,2.0,2.5,3.0,3.5,4.0,4.5,5.0', '-log-level=WARNING']
2023-11-26 20:00:59;UNIUSDT;30m;2.0;175;36;72;100.0;5;112.96;['-batch-training', '-calc-rsi', '-verbose', '-prediction-mode=index', '-interval-list=30m', '-range-min-rsi=28', '-range-max-rsi=80', '-range-p-ema=50,250', '-target-margin-list=1.0,1.5,2.0,2.5,3.0,3.5,4.0,4.5,5.0', '-log-level=WARNING']
2023-11-26 20:37:01;UNIUSDT;30m;2.0;250;30;74;100.0;2;112.97;['-batch-training', '-calc-rsi', '-verbose', '-prediction-mode=index', '-interval-list=30m', '-range-min-rsi=28', '-range-max-rsi=80', '-range-p-ema=50,250', '-target-margin-list=1.0,1.5,2.0,2.5,3.0,3.5,4.0,4.5,5.0', '-log-level=WARNING']
2023-11-26 20:38:17;UNIUSDT;30m;2.5;250;32;72;100.0;5;112.99;['-batch-training', '-calc-rsi', '-verbose', '-prediction-mode=index', '-interval-list=30m', '-range-min-rsi=28', '-range-max-rsi=80', '-range-p-ema=50,250', '-target-margin-list=1.0,1.5,2.0,2.5,3.0,3.5,4.0,4.5,5.0', '-log-level=WARNING']
2023-11-26 20:00:13;UNIUSDT;30m;1.5;175;32;76;100.0;5;113.0;['-batch-training', '-calc-rsi', '-verbose', '-prediction-mode=index', '-interval-list=30m', '-range-min-rsi=28', '-range-max-rsi=80', '-range-p-ema=50,250', '-target-margin-list=1.0,1.5,2.0,2.5,3.0,3.5,4.0,4.5,5.0', '-log-level=WARNING']
2023-11-26 19:49:39;UNIUSDT;30m;1.5;150;32;76;100.0;5;113.0;['-batch-training', '-calc-rsi', '-verbose', '-prediction-mode=index', '-interval-list=30m', '-range-min-rsi=28', '-range-max-rsi=80', '-range-p-ema=50,250', '-target-margin-list=1.0,1.5,2.0,2.5,3.0,3.5,4.0,4.5,5.0', '-log-level=WARNING']
2023-11-26 20:10:21;UNIUSDT;30m;1.5;200;32;76;100.0;5;113.01;['-batch-training', '-calc-rsi', '-verbose', '-prediction-mode=index', '-interval-list=30m', '-range-min-rsi=28', '-range-max-rsi=80', '-range-p-ema=50,250', '-target-margin-list=1.0,1.5,2.0,2.5,3.0,3.5,4.0,4.5,5.0', '-log-level=WARNING']
2023-11-26 20:22:43;UNIUSDT;30m;1.5;225;32;76;100.0;5;113.01;['-batch-training', '-calc-rsi', '-verbose', '-prediction-mode=index', '-interval-list=30m', '-range-min-rsi=28', '-range-max-rsi=80', '-range-p-ema=50,250', '-target-margin-list=1.0,1.5,2.0,2.5,3.0,3.5,4.0,4.5,5.0', '-log-level=WARNING']
2023-11-26 20:47:44;UNIUSDT;30m;1.0;50;28;74;100.0;5;113.01;['-batch-training', '-calc-rsi', '-verbose', '-prediction-mode=index', '-interval-list=30m', '-range-min-rsi=28', '-range-max-rsi=80', '-range-p-ema=50,250', '-target-margin-list=1.0,1.5,2.0,2.5,3.0,3.5,4.0,4.5,5.0', '-log-level=WARNING']
2023-11-26 20:34:56;UNIUSDT;30m;1.0;250;30;80;100.0;3;113.01;['-batch-training', '-calc-rsi', '-verbose', '-prediction-mode=index', '-interval-list=30m', '-range-min-rsi=28', '-range-max-rsi=80', '-range-p-ema=50,250', '-target-margin-list=1.0,1.5,2.0,2.5,3.0,3.5,4.0,4.5,5.0', '-log-level=WARNING']
2023-11-26 21:02:33;UNIUSDT;30m;1.0;75;28;74;100.0;5;113.01;['-batch-training', '-calc-rsi', '-verbose', '-prediction-mode=index', '-interval-list=30m', '-range-min-rsi=28', '-range-max-rsi=80', '-range-p-ema=50,250', '-target-margin-list=1.0,1.5,2.0,2.5,3.0,3.5,4.0,4.5,5.0', '-log-level=WARNING']
2023-11-26 20:20:51;UNIUSDT;30m;1.0;225;28;74;100.0;5;113.01;['-batch-training', '-calc-rsi', '-verbose', '-prediction-mode=index', '-interval-list=30m', '-range-min-rsi=28', '-range-max-rsi=80', '-range-p-ema=50,250', '-target-margin-list=1.0,1.5,2.0,2.5,3.0,3.5,4.0,4.5,5.0', '-log-level=WARNING']
2023-11-26 20:08:47;UNIUSDT;30m;1.0;200;28;74;100.0;5;113.01;['-batch-training', '-calc-rsi', '-verbose', '-prediction-mode=index', '-interval-list=30m', '-range-min-rsi=28', '-range-max-rsi=80', '-range-p-ema=50,250', '-target-margin-list=1.0,1.5,2.0,2.5,3.0,3.5,4.0,4.5,5.0', '-log-level=WARNING']
2023-11-26 19:47:59;UNIUSDT;30m;1.0;150;28;74;100.0;5;113.01;['-batch-training', '-calc-rsi', '-verbose', '-prediction-mode=index', '-interval-list=30m', '-range-min-rsi=28', '-range-max-rsi=80', '-range-p-ema=50,250', '-target-margin-list=1.0,1.5,2.0,2.5,3.0,3.5,4.0,4.5,5.0', '-log-level=WARNING']
2023-11-26 19:36:25;UNIUSDT;30m;1.0;125;28;74;100.0;5;113.01;['-batch-training', '-calc-rsi', '-verbose', '-prediction-mode=index', '-interval-list=30m', '-range-min-rsi=28', '-range-max-rsi=80', '-range-p-ema=50,250', '-target-margin-list=1.0,1.5,2.0,2.5,3.0,3.5,4.0,4.5,5.0', '-log-level=WARNING']
2023-11-26 19:24:58;UNIUSDT;30m;1.0;100;28;74;100.0;5;113.01;['-batch-training', '-calc-rsi', '-verbose', '-prediction-mode=index', '-interval-list=30m', '-range-min-rsi=28', '-range-max-rsi=80', '-range-p-ema=50,250', '-target-margin-list=1.0,1.5,2.0,2.5,3.0,3.5,4.0,4.5,5.0', '-log-level=WARNING']
2023-11-26 19:58:44;UNIUSDT;30m;1.0;175;28;74;100.0;5;113.01;['-batch-training', '-calc-rsi', '-verbose', '-prediction-mode=index', '-interval-list=30m', '-range-min-rsi=28', '-range-max-rsi=80', '-range-p-ema=50,250', '-target-margin-list=1.0,1.5,2.0,2.5,3.0,3.5,4.0,4.5,5.0', '-log-level=WARNING']
2023-11-26 20:37:08;UNIUSDT;30m;2.0;250;34;74;100.0;5;113.02;['-batch-training', '-calc-rsi', '-verbose', '-prediction-mode=index', '-interval-list=30m', '-range-min-rsi=28', '-range-max-rsi=80', '-range-p-ema=50,250', '-target-margin-list=1.0,1.5,2.0,2.5,3.0,3.5,4.0,4.5,5.0', '-log-level=WARNING']
2023-11-26 19:49:33;UNIUSDT;30m;1.5;150;28;76;100.0;6;113.06;['-batch-training', '-calc-rsi', '-verbose', '-prediction-mode=index', '-interval-list=30m', '-range-min-rsi=28', '-range-max-rsi=80', '-range-p-ema=50,250', '-target-margin-list=1.0,1.5,2.0,2.5,3.0,3.5,4.0,4.5,5.0', '-log-level=WARNING']
2023-11-26 19:38:01;UNIUSDT;30m;1.5;125;28;76;100.0;6;113.06;['-batch-training', '-calc-rsi', '-verbose', '-prediction-mode=index', '-interval-list=30m', '-range-min-rsi=28', '-range-max-rsi=80', '-range-p-ema=50,250', '-target-margin-list=1.0,1.5,2.0,2.5,3.0,3.5,4.0,4.5,5.0', '-log-level=WARNING']
2023-11-26 20:00:07;UNIUSDT;30m;1.5;175;28;76;100.0;6;113.06;['-batch-training', '-calc-rsi', '-verbose', '-prediction-mode=index', '-interval-list=30m', '-range-min-rsi=28', '-range-max-rsi=80', '-range-p-ema=50,250', '-target-margin-list=1.0,1.5,2.0,2.5,3.0,3.5,4.0,4.5,5.0', '-log-level=WARNING']
2023-11-26 20:10:15;UNIUSDT;30m;1.5;200;28;76;100.0;6;113.06;['-batch-training', '-calc-rsi', '-verbose', '-prediction-mode=index', '-interval-list=30m', '-range-min-rsi=28', '-range-max-rsi=80', '-range-p-ema=50,250', '-target-margin-list=1.0,1.5,2.0,2.5,3.0,3.5,4.0,4.5,5.0', '-log-level=WARNING']
2023-11-26 20:22:36;UNIUSDT;30m;1.5;225;28;76;100.0;6;113.06;['-batch-training', '-calc-rsi', '-verbose', '-prediction-mode=index', '-interval-list=30m', '-range-min-rsi=28', '-range-max-rsi=80', '-range-p-ema=50,250', '-target-margin-list=1.0,1.5,2.0,2.5,3.0,3.5,4.0,4.5,5.0', '-log-level=WARNING']
2023-11-26 20:49:39;UNIUSDT;30m;1.5;50;28;76;100.0;6;113.06;['-batch-training', '-calc-rsi', '-verbose', '-prediction-mode=index', '-interval-list=30m', '-range-min-rsi=28', '-range-max-rsi=80', '-range-p-ema=50,250', '-target-margin-list=1.0,1.5,2.0,2.5,3.0,3.5,4.0,4.5,5.0', '-log-level=WARNING']
2023-11-26 21:04:39;UNIUSDT;30m;1.5;75;28;76;100.0;6;113.06;['-batch-training', '-calc-rsi', '-verbose', '-prediction-mode=index', '-interval-list=30m', '-range-min-rsi=28', '-range-max-rsi=80', '-range-p-ema=50,250', '-target-margin-list=1.0,1.5,2.0,2.5,3.0,3.5,4.0,4.5,5.0', '-log-level=WARNING']
2023-11-26 19:26:32;UNIUSDT;30m;1.5;100;28;76;100.0;6;113.06;['-batch-training', '-calc-rsi', '-verbose', '-prediction-mode=index', '-interval-list=30m', '-range-min-rsi=28', '-range-max-rsi=80', '-range-p-ema=50,250', '-target-margin-list=1.0,1.5,2.0,2.5,3.0,3.5,4.0,4.5,5.0', '-log-level=WARNING']
2023-11-26 21:14:03;UNIUSDT;30m;4.0;75;32;78;100.0;4;113.07;['-batch-training', '-calc-rsi', '-verbose', '-prediction-mode=index', '-interval-list=30m', '-range-min-rsi=28', '-range-max-rsi=80', '-range-p-ema=50,250', '-target-margin-list=1.0,1.5,2.0,2.5,3.0,3.5,4.0,4.5,5.0', '-log-level=WARNING']
2023-11-26 20:58:19;UNIUSDT;30m;4.0;50;32;78;100.0;4;113.07;['-batch-training', '-calc-rsi', '-verbose', '-prediction-mode=index', '-interval-list=30m', '-range-min-rsi=28', '-range-max-rsi=80', '-range-p-ema=50,250', '-target-margin-list=1.0,1.5,2.0,2.5,3.0,3.5,4.0,4.5,5.0', '-log-level=WARNING']
2023-11-26 19:44:45;UNIUSDT;30m;4.0;125;32;78;100.0;4;113.07;['-batch-training', '-calc-rsi', '-verbose', '-prediction-mode=index', '-interval-list=30m', '-range-min-rsi=28', '-range-max-rsi=80', '-range-p-ema=50,250', '-target-margin-list=1.0,1.5,2.0,2.5,3.0,3.5,4.0,4.5,5.0', '-log-level=WARNING']
2023-11-26 19:33:14;UNIUSDT;30m;4.0;100;32;78;100.0;4;113.07;['-batch-training', '-calc-rsi', '-verbose', '-prediction-mode=index', '-interval-list=30m', '-range-min-rsi=28', '-range-max-rsi=80', '-range-p-ema=50,250', '-target-margin-list=1.0,1.5,2.0,2.5,3.0,3.5,4.0,4.5,5.0', '-log-level=WARNING']
2023-11-26 20:01:37;UNIUSDT;30m;2.0;175;34;78;100.0;5;113.08;['-batch-training', '-calc-rsi', '-verbose', '-prediction-mode=index', '-interval-list=30m', '-range-min-rsi=28', '-range-max-rsi=80', '-range-p-ema=50,250', '-target-margin-list=1.0,1.5,2.0,2.5,3.0,3.5,4.0,4.5,5.0', '-log-level=WARNING']
2023-11-26 20:12:15;UNIUSDT;30m;2.0;200;34;80;100.0;2;113.09;['-batch-training', '-calc-rsi', '-verbose', '-prediction-mode=index', '-interval-list=30m', '-range-min-rsi=28', '-range-max-rsi=80', '-range-p-ema=50,250', '-target-margin-list=1.0,1.5,2.0,2.5,3.0,3.5,4.0,4.5,5.0', '-log-level=WARNING']
2023-11-26 20:24:52;UNIUSDT;30m;2.0;225;36;80;100.0;3;113.09;['-batch-training', '-calc-rsi', '-verbose', '-prediction-mode=index', '-interval-list=30m', '-range-min-rsi=28', '-range-max-rsi=80', '-range-p-ema=50,250', '-target-margin-list=1.0,1.5,2.0,2.5,3.0,3.5,4.0,4.5,5.0', '-log-level=WARNING']
2023-11-26 19:52:29;UNIUSDT;30m;2.5;150;32;78;100.0;2;113.1;['-batch-training', '-calc-rsi', '-verbose', '-prediction-mode=index', '-interval-list=30m', '-range-min-rsi=28', '-range-max-rsi=80', '-range-p-ema=50,250', '-target-margin-list=1.0,1.5,2.0,2.5,3.0,3.5,4.0,4.5,5.0', '-log-level=WARNING']
2023-11-26 20:26:17;UNIUSDT;30m;2.5;225;36;80;100.0;4;113.1;['-batch-training', '-calc-rsi', '-verbose', '-prediction-mode=index', '-interval-list=30m', '-range-min-rsi=28', '-range-max-rsi=80', '-range-p-ema=50,250', '-target-margin-list=1.0,1.5,2.0,2.5,3.0,3.5,4.0,4.5,5.0', '-log-level=WARNING']
2023-11-26 19:59:23;UNIUSDT;30m;1.0;175;36;78;100.0;7;113.11;['-batch-training', '-calc-rsi', '-verbose', '-prediction-mode=index', '-interval-list=30m', '-range-min-rsi=28', '-range-max-rsi=80', '-range-p-ema=50,250', '-target-margin-list=1.0,1.5,2.0,2.5,3.0,3.5,4.0,4.5,5.0', '-log-level=WARNING']
2023-11-26 20:09:10;UNIUSDT;30m;1.0;200;34;76;100.0;7;113.12;['-batch-training', '-calc-rsi', '-verbose', '-prediction-mode=index', '-interval-list=30m', '-range-min-rsi=28', '-range-max-rsi=80', '-range-p-ema=50,250', '-target-margin-list=1.0,1.5,2.0,2.5,3.0,3.5,4.0,4.5,5.0', '-log-level=WARNING']
2023-11-26 20:23:25;UNIUSDT;30m;1.5;225;36;80;100.0;5;113.12;['-batch-training', '-calc-rsi', '-verbose', '-prediction-mode=index', '-interval-list=30m', '-range-min-rsi=28', '-range-max-rsi=80', '-range-p-ema=50,250', '-target-margin-list=1.0,1.5,2.0,2.5,3.0,3.5,4.0,4.5,5.0', '-log-level=WARNING']
2023-11-26 19:25:13;UNIUSDT;30m;1.0;100;28;76;100.0;2;113.14;['-batch-training', '-calc-rsi', '-verbose', '-prediction-mode=index', '-interval-list=30m', '-range-min-rsi=28', '-range-max-rsi=80', '-range-p-ema=50,250', '-target-margin-list=1.0,1.5,2.0,2.5,3.0,3.5,4.0,4.5,5.0', '-log-level=WARNING']
2023-11-26 19:48:15;UNIUSDT;30m;1.0;150;28;76;100.0;2;113.14;['-batch-training', '-calc-rsi', '-verbose', '-prediction-mode=index', '-interval-list=30m', '-range-min-rsi=28', '-range-max-rsi=80', '-range-p-ema=50,250', '-target-margin-list=1.0,1.5,2.0,2.5,3.0,3.5,4.0,4.5,5.0', '-log-level=WARNING']
2023-11-26 19:58:58;UNIUSDT;30m;1.0;175;28;76;100.0;2;113.14;['-batch-training', '-calc-rsi', '-verbose', '-prediction-mode=index', '-interval-list=30m', '-range-min-rsi=28', '-range-max-rsi=80', '-range-p-ema=50,250', '-target-margin-list=1.0,1.5,2.0,2.5,3.0,3.5,4.0,4.5,5.0', '-log-level=WARNING']
2023-11-26 21:02:53;UNIUSDT;30m;1.0;75;28;76;100.0;2;113.14;['-batch-training', '-calc-rsi', '-verbose', '-prediction-mode=index', '-interval-list=30m', '-range-min-rsi=28', '-range-max-rsi=80', '-range-p-ema=50,250', '-target-margin-list=1.0,1.5,2.0,2.5,3.0,3.5,4.0,4.5,5.0', '-log-level=WARNING']
2023-11-26 20:48:04;UNIUSDT;30m;1.0;50;28;76;100.0;2;113.14;['-batch-training', '-calc-rsi', '-verbose', '-prediction-mode=index', '-interval-list=30m', '-range-min-rsi=28', '-range-max-rsi=80', '-range-p-ema=50,250', '-target-margin-list=1.0,1.5,2.0,2.5,3.0,3.5,4.0,4.5,5.0', '-log-level=WARNING']
2023-11-26 20:21:08;UNIUSDT;30m;1.0;225;28;76;100.0;2;113.14;['-batch-training', '-calc-rsi', '-verbose', '-prediction-mode=index', '-interval-list=30m', '-range-min-rsi=28', '-range-max-rsi=80', '-range-p-ema=50,250', '-target-margin-list=1.0,1.5,2.0,2.5,3.0,3.5,4.0,4.5,5.0', '-log-level=WARNING']
2023-11-26 19:36:41;UNIUSDT;30m;1.0;125;28;76;100.0;2;113.14;['-batch-training', '-calc-rsi', '-verbose', '-prediction-mode=index', '-interval-list=30m', '-range-min-rsi=28', '-range-max-rsi=80', '-range-p-ema=50,250', '-target-margin-list=1.0,1.5,2.0,2.5,3.0,3.5,4.0,4.5,5.0', '-log-level=WARNING']
2023-11-26 20:09:01;UNIUSDT;30m;1.0;200;28;76;100.0;2;113.14;['-batch-training', '-calc-rsi', '-verbose', '-prediction-mode=index', '-interval-list=30m', '-range-min-rsi=28', '-range-max-rsi=80', '-range-p-ema=50,250', '-target-margin-list=1.0,1.5,2.0,2.5,3.0,3.5,4.0,4.5,5.0', '-log-level=WARNING']
2023-11-26 20:34:15;UNIUSDT;30m;1.0;250;28;76;100.0;5;113.17;['-batch-training', '-calc-rsi', '-verbose', '-prediction-mode=index', '-interval-list=30m', '-range-min-rsi=28', '-range-max-rsi=80', '-range-p-ema=50,250', '-target-margin-list=1.0,1.5,2.0,2.5,3.0,3.5,4.0,4.5,5.0', '-log-level=WARNING']
2023-11-26 20:41:10;UNIUSDT;30m;3.0;250;36;80;100.0;2;113.18;['-batch-training', '-calc-rsi', '-verbose', '-prediction-mode=index', '-interval-list=30m', '-range-min-rsi=28', '-range-max-rsi=80', '-range-p-ema=50,250', '-target-margin-list=1.0,1.5,2.0,2.5,3.0,3.5,4.0,4.5,5.0', '-log-level=WARNING']
2023-11-26 19:28:59;UNIUSDT;30m;2.5;100;32;74;100.0;4;113.18;['-batch-training', '-calc-rsi', '-verbose', '-prediction-mode=index', '-interval-list=30m', '-range-min-rsi=28', '-range-max-rsi=80', '-range-p-ema=50,250', '-target-margin-list=1.0,1.5,2.0,2.5,3.0,3.5,4.0,4.5,5.0', '-log-level=WARNING']
2023-11-26 19:40:27;UNIUSDT;30m;2.5;125;32;74;100.0;4;113.18;['-batch-training', '-calc-rsi', '-verbose', '-prediction-mode=index', '-interval-list=30m', '-range-min-rsi=28', '-range-max-rsi=80', '-range-p-ema=50,250', '-target-margin-list=1.0,1.5,2.0,2.5,3.0,3.5,4.0,4.5,5.0', '-log-level=WARNING']
2023-11-26 20:52:42;UNIUSDT;30m;2.5;50;32;74;100.0;4;113.18;['-batch-training', '-calc-rsi', '-verbose', '-prediction-mode=index', '-interval-list=30m', '-range-min-rsi=28', '-range-max-rsi=80', '-range-p-ema=50,250', '-target-margin-list=1.0,1.5,2.0,2.5,3.0,3.5,4.0,4.5,5.0', '-log-level=WARNING']
2023-11-26 21:08:05;UNIUSDT;30m;2.5;75;32;74;100.0;4;113.18;['-batch-training', '-calc-rsi', '-verbose', '-prediction-mode=index', '-interval-list=30m', '-range-min-rsi=28', '-range-max-rsi=80', '-range-p-ema=50,250', '-target-margin-list=1.0,1.5,2.0,2.5,3.0,3.5,4.0,4.5,5.0', '-log-level=WARNING']
2023-11-26 20:44:12;UNIUSDT;30m;4.0;250;34;80;100.0;4;113.19;['-batch-training', '-calc-rsi', '-verbose', '-prediction-mode=index', '-interval-list=30m', '-range-min-rsi=28', '-range-max-rsi=80', '-range-p-ema=50,250', '-target-margin-list=1.0,1.5,2.0,2.5,3.0,3.5,4.0,4.5,5.0', '-log-level=WARNING']
2023-11-26 19:59:31;UNIUSDT;30m;1.0;175;32;80;100.0;2;113.22;['-batch-training', '-calc-rsi', '-verbose', '-prediction-mode=index', '-interval-list=30m', '-range-min-rsi=28', '-range-max-rsi=80', '-range-p-ema=50,250', '-target-margin-list=1.0,1.5,2.0,2.5,3.0,3.5,4.0,4.5,5.0', '-log-level=WARNING']
2023-11-26 19:48:59;UNIUSDT;30m;1.0;150;36;80;100.0;4;113.23;['-batch-training', '-calc-rsi', '-verbose', '-prediction-mode=index', '-interval-list=30m', '-range-min-rsi=28', '-range-max-rsi=80', '-range-p-ema=50,250', '-target-margin-list=1.0,1.5,2.0,2.5,3.0,3.5,4.0,4.5,5.0', '-log-level=WARNING']
2023-11-26 20:58:27;UNIUSDT;30m;4.0;50;36;78;100.0;4;113.24;['-batch-training', '-calc-rsi', '-verbose', '-prediction-mode=index', '-interval-list=30m', '-range-min-rsi=28', '-range-max-rsi=80', '-range-p-ema=50,250', '-target-margin-list=1.0,1.5,2.0,2.5,3.0,3.5,4.0,4.5,5.0', '-log-level=WARNING']
2023-11-26 19:44:51;UNIUSDT;30m;4.0;125;36;78;100.0;4;113.24;['-batch-training', '-calc-rsi', '-verbose', '-prediction-mode=index', '-interval-list=30m', '-range-min-rsi=28', '-range-max-rsi=80', '-range-p-ema=50,250', '-target-margin-list=1.0,1.5,2.0,2.5,3.0,3.5,4.0,4.5,5.0', '-log-level=WARNING']
2023-11-26 19:48:56;UNIUSDT;30m;1.0;150;34;80;100.0;4;113.24;['-batch-training', '-calc-rsi', '-verbose', '-prediction-mode=index', '-interval-list=30m', '-range-min-rsi=28', '-range-max-rsi=80', '-range-p-ema=50,250', '-target-margin-list=1.0,1.5,2.0,2.5,3.0,3.5,4.0,4.5,5.0', '-log-level=WARNING']
2023-11-26 19:33:19;UNIUSDT;30m;4.0;100;36;78;100.0;4;113.24;['-batch-training', '-calc-rsi', '-verbose', '-prediction-mode=index', '-interval-list=30m', '-range-min-rsi=28', '-range-max-rsi=80', '-range-p-ema=50,250', '-target-margin-list=1.0,1.5,2.0,2.5,3.0,3.5,4.0,4.5,5.0', '-log-level=WARNING']
2023-11-26 21:14:11;UNIUSDT;30m;4.0;75;36;78;100.0;4;113.24;['-batch-training', '-calc-rsi', '-verbose', '-prediction-mode=index', '-interval-list=30m', '-range-min-rsi=28', '-range-max-rsi=80', '-range-p-ema=50,250', '-target-margin-list=1.0,1.5,2.0,2.5,3.0,3.5,4.0,4.5,5.0', '-log-level=WARNING']
2023-11-26 19:58:14;UNIUSDT;30m;5.0;150;36;78;100.0;2;113.26;['-batch-training', '-calc-rsi', '-verbose', '-prediction-mode=index', '-interval-list=30m', '-range-min-rsi=28', '-range-max-rsi=80', '-range-p-ema=50,250', '-target-margin-list=1.0,1.5,2.0,2.5,3.0,3.5,4.0,4.5,5.0', '-log-level=WARNING']
2023-11-26 21:07:52;UNIUSDT;30m;2.5;75;36;72;100.0;2;113.27;['-batch-training', '-calc-rsi', '-verbose', '-prediction-mode=index', '-interval-list=30m', '-range-min-rsi=28', '-range-max-rsi=80', '-range-p-ema=50,250', '-target-margin-list=1.0,1.5,2.0,2.5,3.0,3.5,4.0,4.5,5.0', '-log-level=WARNING']
2023-11-26 19:28:50;UNIUSDT;30m;2.5;100;36;72;100.0;2;113.27;['-batch-training', '-calc-rsi', '-verbose', '-prediction-mode=index', '-interval-list=30m', '-range-min-rsi=28', '-range-max-rsi=80', '-range-p-ema=50,250', '-target-margin-list=1.0,1.5,2.0,2.5,3.0,3.5,4.0,4.5,5.0', '-log-level=WARNING']
2023-11-26 20:52:31;UNIUSDT;30m;2.5;50;36;72;100.0;2;113.27;['-batch-training', '-calc-rsi', '-verbose', '-prediction-mode=index', '-interval-list=30m', '-range-min-rsi=28', '-range-max-rsi=80', '-range-p-ema=50,250', '-target-margin-list=1.0,1.5,2.0,2.5,3.0,3.5,4.0,4.5,5.0', '-log-level=WARNING']
2023-11-26 19:40:18;UNIUSDT;30m;2.5;125;36;72;100.0;2;113.27;['-batch-training', '-calc-rsi', '-verbose', '-prediction-mode=index', '-interval-list=30m', '-range-min-rsi=28', '-range-max-rsi=80', '-range-p-ema=50,250', '-target-margin-list=1.0,1.5,2.0,2.5,3.0,3.5,4.0,4.5,5.0', '-log-level=WARNING']
2023-11-26 19:25:26;UNIUSDT;30m;1.0;100;36;76;100.0;7;113.28;['-batch-training', '-calc-rsi', '-verbose', '-prediction-mode=index', '-interval-list=30m', '-range-min-rsi=28', '-range-max-rsi=80', '-range-p-ema=50,250', '-target-margin-list=1.0,1.5,2.0,2.5,3.0,3.5,4.0,4.5,5.0', '-log-level=WARNING']
2023-11-26 19:36:55;UNIUSDT;30m;1.0;125;36;76;100.0;7;113.28;['-batch-training', '-calc-rsi', '-verbose', '-prediction-mode=index', '-interval-list=30m', '-range-min-rsi=28', '-range-max-rsi=80', '-range-p-ema=50,250', '-target-margin-list=1.0,1.5,2.0,2.5,3.0,3.5,4.0,4.5,5.0', '-log-level=WARNING']
2023-11-26 19:59:06;UNIUSDT;30m;1.0;175;34;76;100.0;2;113.28;['-batch-training', '-calc-rsi', '-verbose', '-prediction-mode=index', '-interval-list=30m', '-range-min-rsi=28', '-range-max-rsi=80', '-range-p-ema=50,250', '-target-margin-list=1.0,1.5,2.0,2.5,3.0,3.5,4.0,4.5,5.0', '-log-level=WARNING']
2023-11-26 20:15:19;UNIUSDT;30m;3.5;200;28;74;100.0;2;113.3;['-batch-training', '-calc-rsi', '-verbose', '-prediction-mode=index', '-interval-list=30m', '-range-min-rsi=28', '-range-max-rsi=80', '-range-p-ema=50,250', '-target-margin-list=1.0,1.5,2.0,2.5,3.0,3.5,4.0,4.5,5.0', '-log-level=WARNING']
2023-11-26 19:38:39;UNIUSDT;30m;1.5;125;32;80;100.0;3;113.3;['-batch-training', '-calc-rsi', '-verbose', '-prediction-mode=index', '-interval-list=30m', '-range-min-rsi=28', '-range-max-rsi=80', '-range-p-ema=50,250', '-target-margin-list=1.0,1.5,2.0,2.5,3.0,3.5,4.0,4.5,5.0', '-log-level=WARNING']
2023-11-26 21:05:31;UNIUSDT;30m;1.5;75;32;80;100.0;3;113.3;['-batch-training', '-calc-rsi', '-verbose', '-prediction-mode=index', '-interval-list=30m', '-range-min-rsi=28', '-range-max-rsi=80', '-range-p-ema=50,250', '-target-margin-list=1.0,1.5,2.0,2.5,3.0,3.5,4.0,4.5,5.0', '-log-level=WARNING']
2023-11-26 20:04:22;UNIUSDT;30m;3.5;175;28;74;100.0;2;113.3;['-batch-training', '-calc-rsi', '-verbose', '-prediction-mode=index', '-interval-list=30m', '-range-min-rsi=28', '-range-max-rsi=80', '-range-p-ema=50,250', '-target-margin-list=1.0,1.5,2.0,2.5,3.0,3.5,4.0,4.5,5.0', '-log-level=WARNING']
2023-11-26 20:55:53;UNIUSDT;30m;3.5;50;28;74;100.0;2;113.3;['-batch-training', '-calc-rsi', '-verbose', '-prediction-mode=index', '-interval-list=30m', '-range-min-rsi=28', '-range-max-rsi=80', '-range-p-ema=50,250', '-target-margin-list=1.0,1.5,2.0,2.5,3.0,3.5,4.0,4.5,5.0', '-log-level=WARNING']
2023-11-26 19:54:13;UNIUSDT;30m;3.5;150;28;74;100.0;2;113.3;['-batch-training', '-calc-rsi', '-verbose', '-prediction-mode=index', '-interval-list=30m', '-range-min-rsi=28', '-range-max-rsi=80', '-range-p-ema=50,250', '-target-margin-list=1.0,1.5,2.0,2.5,3.0,3.5,4.0,4.5,5.0', '-log-level=WARNING']
2023-11-26 19:27:10;UNIUSDT;30m;1.5;100;32;80;100.0;3;113.3;['-batch-training', '-calc-rsi', '-verbose', '-prediction-mode=index', '-interval-list=30m', '-range-min-rsi=28', '-range-max-rsi=80', '-range-p-ema=50,250', '-target-margin-list=1.0,1.5,2.0,2.5,3.0,3.5,4.0,4.5,5.0', '-log-level=WARNING']
2023-11-26 20:28:05;UNIUSDT;30m;3.5;225;28;74;100.0;2;113.3;['-batch-training', '-calc-rsi', '-verbose', '-prediction-mode=index', '-interval-list=30m', '-range-min-rsi=28', '-range-max-rsi=80', '-range-p-ema=50,250', '-target-margin-list=1.0,1.5,2.0,2.5,3.0,3.5,4.0,4.5,5.0', '-log-level=WARNING']
2023-11-26 19:31:24;UNIUSDT;30m;3.5;100;28;74;100.0;2;113.3;['-batch-training', '-calc-rsi', '-verbose', '-prediction-mode=index', '-interval-list=30m', '-range-min-rsi=28', '-range-max-rsi=80', '-range-p-ema=50,250', '-target-margin-list=1.0,1.5,2.0,2.5,3.0,3.5,4.0,4.5,5.0', '-log-level=WARNING']
2023-11-26 20:50:26;UNIUSDT;30m;1.5;50;32;80;100.0;3;113.3;['-batch-training', '-calc-rsi', '-verbose', '-prediction-mode=index', '-interval-list=30m', '-range-min-rsi=28', '-range-max-rsi=80', '-range-p-ema=50,250', '-target-margin-list=1.0,1.5,2.0,2.5,3.0,3.5,4.0,4.5,5.0', '-log-level=WARNING']
2023-11-26 21:11:29;UNIUSDT;30m;3.5;75;28;74;100.0;2;113.3;['-batch-training', '-calc-rsi', '-verbose', '-prediction-mode=index', '-interval-list=30m', '-range-min-rsi=28', '-range-max-rsi=80', '-range-p-ema=50,250', '-target-margin-list=1.0,1.5,2.0,2.5,3.0,3.5,4.0,4.5,5.0', '-log-level=WARNING']
2023-11-26 19:42:53;UNIUSDT;30m;3.5;125;28;74;100.0;2;113.3;['-batch-training', '-calc-rsi', '-verbose', '-prediction-mode=index', '-interval-list=30m', '-range-min-rsi=28', '-range-max-rsi=80', '-range-p-ema=50,250', '-target-margin-list=1.0,1.5,2.0,2.5,3.0,3.5,4.0,4.5,5.0', '-log-level=WARNING']
2023-11-26 19:50:38;UNIUSDT;30m;2.0;150;30;74;100.0;2;113.32;['-batch-training', '-calc-rsi', '-verbose', '-prediction-mode=index', '-interval-list=30m', '-range-min-rsi=28', '-range-max-rsi=80', '-range-p-ema=50,250', '-target-margin-list=1.0,1.5,2.0,2.5,3.0,3.5,4.0,4.5,5.0', '-log-level=WARNING']
2023-11-26 20:11:22;UNIUSDT;30m;2.0;200;30;74;100.0;2;113.32;['-batch-training', '-calc-rsi', '-verbose', '-prediction-mode=index', '-interval-list=30m', '-range-min-rsi=28', '-range-max-rsi=80', '-range-p-ema=50,250', '-target-margin-list=1.0,1.5,2.0,2.5,3.0,3.5,4.0,4.5,5.0', '-log-level=WARNING']
2023-11-26 20:51:00;UNIUSDT;30m;2.0;50;30;74;100.0;2;113.32;['-batch-training', '-calc-rsi', '-verbose', '-prediction-mode=index', '-interval-list=30m', '-range-min-rsi=28', '-range-max-rsi=80', '-range-p-ema=50,250', '-target-margin-list=1.0,1.5,2.0,2.5,3.0,3.5,4.0,4.5,5.0', '-log-level=WARNING']
2023-11-26 20:01:03;UNIUSDT;30m;2.0;175;30;74;100.0;2;113.32;['-batch-training', '-calc-rsi', '-verbose', '-prediction-mode=index', '-interval-list=30m', '-range-min-rsi=28', '-range-max-rsi=80', '-range-p-ema=50,250', '-target-margin-list=1.0,1.5,2.0,2.5,3.0,3.5,4.0,4.5,5.0', '-log-level=WARNING']
2023-11-26 21:06:11;UNIUSDT;30m;2.0;75;30;74;100.0;2;113.32;['-batch-training', '-calc-rsi', '-verbose', '-prediction-mode=index', '-interval-list=30m', '-range-min-rsi=28', '-range-max-rsi=80', '-range-p-ema=50,250', '-target-margin-list=1.0,1.5,2.0,2.5,3.0,3.5,4.0,4.5,5.0', '-log-level=WARNING']
2023-11-26 20:34:51;UNIUSDT;30m;1.0;250;28;80;100.0;6;113.32;['-batch-training', '-calc-rsi', '-verbose', '-prediction-mode=index', '-interval-list=30m', '-range-min-rsi=28', '-range-max-rsi=80', '-range-p-ema=50,250', '-target-margin-list=1.0,1.5,2.0,2.5,3.0,3.5,4.0,4.5,5.0', '-log-level=WARNING']
2023-11-26 20:23:48;UNIUSDT;30m;2.0;225;30;74;100.0;2;113.32;['-batch-training', '-calc-rsi', '-verbose', '-prediction-mode=index', '-interval-list=30m', '-range-min-rsi=28', '-range-max-rsi=80', '-range-p-ema=50,250', '-target-margin-list=1.0,1.5,2.0,2.5,3.0,3.5,4.0,4.5,5.0', '-log-level=WARNING']
2023-11-26 19:39:06;UNIUSDT;30m;2.0;125;30;74;100.0;2;113.32;['-batch-training', '-calc-rsi', '-verbose', '-prediction-mode=index', '-interval-list=30m', '-range-min-rsi=28', '-range-max-rsi=80', '-range-p-ema=50,250', '-target-margin-list=1.0,1.5,2.0,2.5,3.0,3.5,4.0,4.5,5.0', '-log-level=WARNING']
2023-11-26 19:27:37;UNIUSDT;30m;2.0;100;30;74;100.0;2;113.32;['-batch-training', '-calc-rsi', '-verbose', '-prediction-mode=index', '-interval-list=30m', '-range-min-rsi=28', '-range-max-rsi=80', '-range-p-ema=50,250', '-target-margin-list=1.0,1.5,2.0,2.5,3.0,3.5,4.0,4.5,5.0', '-log-level=WARNING']
2023-11-26 21:07:56;UNIUSDT;30m;2.5;75;28;74;100.0;3;113.33;['-batch-training', '-calc-rsi', '-verbose', '-prediction-mode=index', '-interval-list=30m', '-range-min-rsi=28', '-range-max-rsi=80', '-range-p-ema=50,250', '-target-margin-list=1.0,1.5,2.0,2.5,3.0,3.5,4.0,4.5,5.0', '-log-level=WARNING']
2023-11-26 20:38:27;UNIUSDT;30m;2.5;250;28;74;100.0;3;113.33;['-batch-training', '-calc-rsi', '-verbose', '-prediction-mode=index', '-interval-list=30m', '-range-min-rsi=28', '-range-max-rsi=80', '-range-p-ema=50,250', '-target-margin-list=1.0,1.5,2.0,2.5,3.0,3.5,4.0,4.5,5.0', '-log-level=WARNING']
2023-11-26 19:28:53;UNIUSDT;30m;2.5;100;28;74;100.0;3;113.33;['-batch-training', '-calc-rsi', '-verbose', '-prediction-mode=index', '-interval-list=30m', '-range-min-rsi=28', '-range-max-rsi=80', '-range-p-ema=50,250', '-target-margin-list=1.0,1.5,2.0,2.5,3.0,3.5,4.0,4.5,5.0', '-log-level=WARNING']
2023-11-26 19:51:53;UNIUSDT;30m;2.5;150;28;74;100.0;3;113.33;['-batch-training', '-calc-rsi', '-verbose', '-prediction-mode=index', '-interval-list=30m', '-range-min-rsi=28', '-range-max-rsi=80', '-range-p-ema=50,250', '-target-margin-list=1.0,1.5,2.0,2.5,3.0,3.5,4.0,4.5,5.0', '-log-level=WARNING']
2023-11-26 20:25:13;UNIUSDT;30m;2.5;225;28;74;100.0;3;113.33;['-batch-training', '-calc-rsi', '-verbose', '-prediction-mode=index', '-interval-list=30m', '-range-min-rsi=28', '-range-max-rsi=80', '-range-p-ema=50,250', '-target-margin-list=1.0,1.5,2.0,2.5,3.0,3.5,4.0,4.5,5.0', '-log-level=WARNING']
2023-11-26 20:52:35;UNIUSDT;30m;2.5;50;28;74;100.0;3;113.33;['-batch-training', '-calc-rsi', '-verbose', '-prediction-mode=index', '-interval-list=30m', '-range-min-rsi=28', '-range-max-rsi=80', '-range-p-ema=50,250', '-target-margin-list=1.0,1.5,2.0,2.5,3.0,3.5,4.0,4.5,5.0', '-log-level=WARNING']
2023-11-26 19:40:21;UNIUSDT;30m;2.5;125;28;74;100.0;3;113.33;['-batch-training', '-calc-rsi', '-verbose', '-prediction-mode=index', '-interval-list=30m', '-range-min-rsi=28', '-range-max-rsi=80', '-range-p-ema=50,250', '-target-margin-list=1.0,1.5,2.0,2.5,3.0,3.5,4.0,4.5,5.0', '-log-level=WARNING']
2023-11-26 20:12:37;UNIUSDT;30m;2.5;200;28;74;100.0;3;113.33;['-batch-training', '-calc-rsi', '-verbose', '-prediction-mode=index', '-interval-list=30m', '-range-min-rsi=28', '-range-max-rsi=80', '-range-p-ema=50,250', '-target-margin-list=1.0,1.5,2.0,2.5,3.0,3.5,4.0,4.5,5.0', '-log-level=WARNING']
2023-11-26 20:02:09;UNIUSDT;30m;2.5;175;28;74;100.0;3;113.33;['-batch-training', '-calc-rsi', '-verbose', '-prediction-mode=index', '-interval-list=30m', '-range-min-rsi=28', '-range-max-rsi=80', '-range-p-ema=50,250', '-target-margin-list=1.0,1.5,2.0,2.5,3.0,3.5,4.0,4.5,5.0', '-log-level=WARNING']
2023-11-26 19:59:15;UNIUSDT;30m;1.0;175;30;78;100.0;6;113.34;['-batch-training', '-calc-rsi', '-verbose', '-prediction-mode=index', '-interval-list=30m', '-range-min-rsi=28', '-range-max-rsi=80', '-range-p-ema=50,250', '-target-margin-list=1.0,1.5,2.0,2.5,3.0,3.5,4.0,4.5,5.0', '-log-level=WARNING']
2023-11-26 19:42:15;UNIUSDT;30m;3.0;125;32;78;100.0;5;113.34;['-batch-training', '-calc-rsi', '-verbose', '-prediction-mode=index', '-interval-list=30m', '-range-min-rsi=28', '-range-max-rsi=80', '-range-p-ema=50,250', '-target-margin-list=1.0,1.5,2.0,2.5,3.0,3.5,4.0,4.5,5.0', '-log-level=WARNING']
2023-11-26 19:30:45;UNIUSDT;30m;3.0;100;32;78;100.0;5;113.34;['-batch-training', '-calc-rsi', '-verbose', '-prediction-mode=index', '-interval-list=30m', '-range-min-rsi=28', '-range-max-rsi=80', '-range-p-ema=50,250', '-target-margin-list=1.0,1.5,2.0,2.5,3.0,3.5,4.0,4.5,5.0', '-log-level=WARNING']
2023-11-26 21:10:34;UNIUSDT;30m;3.0;75;32;78;100.0;5;113.34;['-batch-training', '-calc-rsi', '-verbose', '-prediction-mode=index', '-interval-list=30m', '-range-min-rsi=28', '-range-max-rsi=80', '-range-p-ema=50,250', '-target-margin-list=1.0,1.5,2.0,2.5,3.0,3.5,4.0,4.5,5.0', '-log-level=WARNING']
2023-11-26 20:55:02;UNIUSDT;30m;3.0;50;32;78;100.0;5;113.34;['-batch-training', '-calc-rsi', '-verbose', '-prediction-mode=index', '-interval-list=30m', '-range-min-rsi=28', '-range-max-rsi=80', '-range-p-ema=50,250', '-target-margin-list=1.0,1.5,2.0,2.5,3.0,3.5,4.0,4.5,5.0', '-log-level=WARNING']
2023-11-26 20:09:19;UNIUSDT;30m;1.0;200;30;78;100.0;6;113.34;['-batch-training', '-calc-rsi', '-verbose', '-prediction-mode=index', '-interval-list=30m', '-range-min-rsi=28', '-range-max-rsi=80', '-range-p-ema=50,250', '-target-margin-list=1.0,1.5,2.0,2.5,3.0,3.5,4.0,4.5,5.0', '-log-level=WARNING']
2023-11-26 20:21:29;UNIUSDT;30m;1.0;225;30;78;100.0;6;113.34;['-batch-training', '-calc-rsi', '-verbose', '-prediction-mode=index', '-interval-list=30m', '-range-min-rsi=28', '-range-max-rsi=80', '-range-p-ema=50,250', '-target-margin-list=1.0,1.5,2.0,2.5,3.0,3.5,4.0,4.5,5.0', '-log-level=WARNING']
2023-11-26 20:06:52;UNIUSDT;30m;4.5;175;32;76;100.0;2;113.35;['-batch-training', '-calc-rsi', '-verbose', '-prediction-mode=index', '-interval-list=30m', '-range-min-rsi=28', '-range-max-rsi=80', '-range-p-ema=50,250', '-target-margin-list=1.0,1.5,2.0,2.5,3.0,3.5,4.0,4.5,5.0', '-log-level=WARNING']
2023-11-26 20:31:24;UNIUSDT;30m;4.5;225;32;76;100.0;2;113.35;['-batch-training', '-calc-rsi', '-verbose', '-prediction-mode=index', '-interval-list=30m', '-range-min-rsi=28', '-range-max-rsi=80', '-range-p-ema=50,250', '-target-margin-list=1.0,1.5,2.0,2.5,3.0,3.5,4.0,4.5,5.0', '-log-level=WARNING']
2023-11-26 20:45:02;UNIUSDT;30m;4.5;250;32;76;100.0;2;113.35;['-batch-training', '-calc-rsi', '-verbose', '-prediction-mode=index', '-interval-list=30m', '-range-min-rsi=28', '-range-max-rsi=80', '-range-p-ema=50,250', '-target-margin-list=1.0,1.5,2.0,2.5,3.0,3.5,4.0,4.5,5.0', '-log-level=WARNING']
2023-11-26 20:18:26;UNIUSDT;30m;4.5;200;32;76;100.0;2;113.35;['-batch-training', '-calc-rsi', '-verbose', '-prediction-mode=index', '-interval-list=30m', '-range-min-rsi=28', '-range-max-rsi=80', '-range-p-ema=50,250', '-target-margin-list=1.0,1.5,2.0,2.5,3.0,3.5,4.0,4.5,5.0', '-log-level=WARNING']
2023-11-26 19:56:49;UNIUSDT;30m;4.5;150;32;76;100.0;2;113.35;['-batch-training', '-calc-rsi', '-verbose', '-prediction-mode=index', '-interval-list=30m', '-range-min-rsi=28', '-range-max-rsi=80', '-range-p-ema=50,250', '-target-margin-list=1.0,1.5,2.0,2.5,3.0,3.5,4.0,4.5,5.0', '-log-level=WARNING']
2023-11-26 21:07:06;UNIUSDT;30m;2.0;75;36;78;100.0;5;113.37;['-batch-training', '-calc-rsi', '-verbose', '-prediction-mode=index', '-interval-list=30m', '-range-min-rsi=28', '-range-max-rsi=80', '-range-p-ema=50,250', '-target-margin-list=1.0,1.5,2.0,2.5,3.0,3.5,4.0,4.5,5.0', '-log-level=WARNING']
2023-11-26 20:51:52;UNIUSDT;30m;2.0;50;36;78;100.0;5;113.37;['-batch-training', '-calc-rsi', '-verbose', '-prediction-mode=index', '-interval-list=30m', '-range-min-rsi=28', '-range-max-rsi=80', '-range-p-ema=50,250', '-target-margin-list=1.0,1.5,2.0,2.5,3.0,3.5,4.0,4.5,5.0', '-log-level=WARNING']
2023-11-26 20:21:01;UNIUSDT;30m;1.0;225;34;74;100.0;7;113.37;['-batch-training', '-calc-rsi', '-verbose', '-prediction-mode=index', '-interval-list=30m', '-range-min-rsi=28', '-range-max-rsi=80', '-range-p-ema=50,250', '-target-margin-list=1.0,1.5,2.0,2.5,3.0,3.5,4.0,4.5,5.0', '-log-level=WARNING']
2023-11-26 19:45:00;UNIUSDT;30m;4.0;125;32;80;100.0;4;113.4;['-batch-training', '-calc-rsi', '-verbose', '-prediction-mode=index', '-interval-list=30m', '-range-min-rsi=28', '-range-max-rsi=80', '-range-p-ema=50,250', '-target-margin-list=1.0,1.5,2.0,2.5,3.0,3.5,4.0,4.5,5.0', '-log-level=WARNING']
2023-11-26 21:14:21;UNIUSDT;30m;4.0;75;32;80;100.0;4;113.4;['-batch-training', '-calc-rsi', '-verbose', '-prediction-mode=index', '-interval-list=30m', '-range-min-rsi=28', '-range-max-rsi=80', '-range-p-ema=50,250', '-target-margin-list=1.0,1.5,2.0,2.5,3.0,3.5,4.0,4.5,5.0', '-log-level=WARNING']
2023-11-26 19:59:03;UNIUSDT;30m;1.0;175;32;76;100.0;6;113.4;['-batch-training', '-calc-rsi', '-verbose', '-prediction-mode=index', '-interval-list=30m', '-range-min-rsi=28', '-range-max-rsi=80', '-range-p-ema=50,250', '-target-margin-list=1.0,1.5,2.0,2.5,3.0,3.5,4.0,4.5,5.0', '-log-level=WARNING']
2023-11-26 19:33:28;UNIUSDT;30m;4.0;100;32;80;100.0;4;113.4;['-batch-training', '-calc-rsi', '-verbose', '-prediction-mode=index', '-interval-list=30m', '-range-min-rsi=28', '-range-max-rsi=80', '-range-p-ema=50,250', '-target-margin-list=1.0,1.5,2.0,2.5,3.0,3.5,4.0,4.5,5.0', '-log-level=WARNING']
2023-11-26 20:58:38;UNIUSDT;30m;4.0;50;32;80;100.0;4;113.4;['-batch-training', '-calc-rsi', '-verbose', '-prediction-mode=index', '-interval-list=30m', '-range-min-rsi=28', '-range-max-rsi=80', '-range-p-ema=50,250', '-target-margin-list=1.0,1.5,2.0,2.5,3.0,3.5,4.0,4.5,5.0', '-log-level=WARNING']
2023-11-26 20:26:35;UNIUSDT;30m;3.0;225;36;72;100.0;2;113.4;['-batch-training', '-calc-rsi', '-verbose', '-prediction-mode=index', '-interval-list=30m', '-range-min-rsi=28', '-range-max-rsi=80', '-range-p-ema=50,250', '-target-margin-list=1.0,1.5,2.0,2.5,3.0,3.5,4.0,4.5,5.0', '-log-level=WARNING']
2023-11-26 20:21:16;UNIUSDT;30m;1.0;225;32;76;100.0;6;113.41;['-batch-training', '-calc-rsi', '-verbose', '-prediction-mode=index', '-interval-list=30m', '-range-min-rsi=28', '-range-max-rsi=80', '-range-p-ema=50,250', '-target-margin-list=1.0,1.5,2.0,2.5,3.0,3.5,4.0,4.5,5.0', '-log-level=WARNING']
2023-11-26 20:09:07;UNIUSDT;30m;1.0;200;32;76;100.0;6;113.41;['-batch-training', '-calc-rsi', '-verbose', '-prediction-mode=index', '-interval-list=30m', '-range-min-rsi=28', '-range-max-rsi=80', '-range-p-ema=50,250', '-target-margin-list=1.0,1.5,2.0,2.5,3.0,3.5,4.0,4.5,5.0', '-log-level=WARNING']
2023-11-26 20:21:19;UNIUSDT;30m;1.0;225;34;76;100.0;2;113.43;['-batch-training', '-calc-rsi', '-verbose', '-prediction-mode=index', '-interval-list=30m', '-range-min-rsi=28', '-range-max-rsi=80', '-range-p-ema=50,250', '-target-margin-list=1.0,1.5,2.0,2.5,3.0,3.5,4.0,4.5,5.0', '-log-level=WARNING']
2023-11-26 19:28:34;UNIUSDT;30m;2.0;100;36;80;100.0;7;113.43;['-batch-training', '-calc-rsi', '-verbose', '-prediction-mode=index', '-interval-list=30m', '-range-min-rsi=28', '-range-max-rsi=80', '-range-p-ema=50,250', '-target-margin-list=1.0,1.5,2.0,2.5,3.0,3.5,4.0,4.5,5.0', '-log-level=WARNING']
2023-11-26 20:52:11;UNIUSDT;30m;2.0;50;36;80;100.0;7;113.43;['-batch-training', '-calc-rsi', '-verbose', '-prediction-mode=index', '-interval-list=30m', '-range-min-rsi=28', '-range-max-rsi=80', '-range-p-ema=50,250', '-target-margin-list=1.0,1.5,2.0,2.5,3.0,3.5,4.0,4.5,5.0', '-log-level=WARNING']
2023-11-26 21:07:30;UNIUSDT;30m;2.0;75;36;80;100.0;7;113.43;['-batch-training', '-calc-rsi', '-verbose', '-prediction-mode=index', '-interval-list=30m', '-range-min-rsi=28', '-range-max-rsi=80', '-range-p-ema=50,250', '-target-margin-list=1.0,1.5,2.0,2.5,3.0,3.5,4.0,4.5,5.0', '-log-level=WARNING']
2023-11-26 19:40:03;UNIUSDT;30m;2.0;125;36;80;100.0;7;113.43;['-batch-training', '-calc-rsi', '-verbose', '-prediction-mode=index', '-interval-list=30m', '-range-min-rsi=28', '-range-max-rsi=80', '-range-p-ema=50,250', '-target-margin-list=1.0,1.5,2.0,2.5,3.0,3.5,4.0,4.5,5.0', '-log-level=WARNING']
2023-11-26 21:00:43;UNIUSDT;30m;5.0;50;34;72;100.0;7;113.44;['-batch-training', '-calc-rsi', '-verbose', '-prediction-mode=index', '-interval-list=30m', '-range-min-rsi=28', '-range-max-rsi=80', '-range-p-ema=50,250', '-target-margin-list=1.0,1.5,2.0,2.5,3.0,3.5,4.0,4.5,5.0', '-log-level=WARNING']
2023-11-26 19:57:33;UNIUSDT;30m;5.0;150;34;72;100.0;7;113.44;['-batch-training', '-calc-rsi', '-verbose', '-prediction-mode=index', '-interval-list=30m', '-range-min-rsi=28', '-range-max-rsi=80', '-range-p-ema=50,250', '-target-margin-list=1.0,1.5,2.0,2.5,3.0,3.5,4.0,4.5,5.0', '-log-level=WARNING']
2023-11-26 20:46:03;UNIUSDT;30m;5.0;250;34;72;100.0;7;113.44;['-batch-training', '-calc-rsi', '-verbose', '-prediction-mode=index', '-interval-list=30m', '-range-min-rsi=28', '-range-max-rsi=80', '-range-p-ema=50,250', '-target-margin-list=1.0,1.5,2.0,2.5,3.0,3.5,4.0,4.5,5.0', '-log-level=WARNING']
2023-11-26 20:23:04;UNIUSDT;30m;1.5;225;34;78;100.0;4;113.44;['-batch-training', '-calc-rsi', '-verbose', '-prediction-mode=index', '-interval-list=30m', '-range-min-rsi=28', '-range-max-rsi=80', '-range-p-ema=50,250', '-target-margin-list=1.0,1.5,2.0,2.5,3.0,3.5,4.0,4.5,5.0', '-log-level=WARNING']
2023-11-26 20:19:19;UNIUSDT;30m;5.0;200;34;72;100.0;7;113.44;['-batch-training', '-calc-rsi', '-verbose', '-prediction-mode=index', '-interval-list=30m', '-range-min-rsi=28', '-range-max-rsi=80', '-range-p-ema=50,250', '-target-margin-list=1.0,1.5,2.0,2.5,3.0,3.5,4.0,4.5,5.0', '-log-level=WARNING']
2023-11-26 20:32:21;UNIUSDT;30m;5.0;225;34;72;100.0;7;113.44;['-batch-training', '-calc-rsi', '-verbose', '-prediction-mode=index', '-interval-list=30m', '-range-min-rsi=28', '-range-max-rsi=80', '-range-p-ema=50,250', '-target-margin-list=1.0,1.5,2.0,2.5,3.0,3.5,4.0,4.5,5.0', '-log-level=WARNING']
2023-11-26 19:35:01;UNIUSDT;30m;5.0;100;34;72;100.0;7;113.44;['-batch-training', '-calc-rsi', '-verbose', '-prediction-mode=index', '-interval-list=30m', '-range-min-rsi=28', '-range-max-rsi=80', '-range-p-ema=50,250', '-target-margin-list=1.0,1.5,2.0,2.5,3.0,3.5,4.0,4.5,5.0', '-log-level=WARNING']
2023-11-26 21:16:06;UNIUSDT;30m;5.0;75;34;72;100.0;7;113.44;['-batch-training', '-calc-rsi', '-verbose', '-prediction-mode=index', '-interval-list=30m', '-range-min-rsi=28', '-range-max-rsi=80', '-range-p-ema=50,250', '-target-margin-list=1.0,1.5,2.0,2.5,3.0,3.5,4.0,4.5,5.0', '-log-level=WARNING']
2023-11-26 19:46:36;UNIUSDT;30m;5.0;125;34;72;100.0;7;113.44;['-batch-training', '-calc-rsi', '-verbose', '-prediction-mode=index', '-interval-list=30m', '-range-min-rsi=28', '-range-max-rsi=80', '-range-p-ema=50,250', '-target-margin-list=1.0,1.5,2.0,2.5,3.0,3.5,4.0,4.5,5.0', '-log-level=WARNING']
2023-11-26 20:07:35;UNIUSDT;30m;5.0;175;34;72;100.0;7;113.44;['-batch-training', '-calc-rsi', '-verbose', '-prediction-mode=index', '-interval-list=30m', '-range-min-rsi=28', '-range-max-rsi=80', '-range-p-ema=50,250', '-target-margin-list=1.0,1.5,2.0,2.5,3.0,3.5,4.0,4.5,5.0', '-log-level=WARNING']
2023-11-26 20:21:22;UNIUSDT;30m;1.0;225;36;76;100.0;7;113.46;['-batch-training', '-calc-rsi', '-verbose', '-prediction-mode=index', '-interval-list=30m', '-range-min-rsi=28', '-range-max-rsi=80', '-range-p-ema=50,250', '-target-margin-list=1.0,1.5,2.0,2.5,3.0,3.5,4.0,4.5,5.0', '-log-level=WARNING']
2023-11-26 20:36:00;UNIUSDT;30m;1.5;250;36;76;100.0;5;113.46;['-batch-training', '-calc-rsi', '-verbose', '-prediction-mode=index', '-interval-list=30m', '-range-min-rsi=28', '-range-max-rsi=80', '-range-p-ema=50,250', '-target-margin-list=1.0,1.5,2.0,2.5,3.0,3.5,4.0,4.5,5.0', '-log-level=WARNING']
2023-11-26 20:24:12;UNIUSDT;30m;2.0;225;34;76;100.0;2;113.48;['-batch-training', '-calc-rsi', '-verbose', '-prediction-mode=index', '-interval-list=30m', '-range-min-rsi=28', '-range-max-rsi=80', '-range-p-ema=50,250', '-target-margin-list=1.0,1.5,2.0,2.5,3.0,3.5,4.0,4.5,5.0', '-log-level=WARNING']
2023-11-26 20:35:06;UNIUSDT;30m;1.0;250;36;80;100.0;7;113.48;['-batch-training', '-calc-rsi', '-verbose', '-prediction-mode=index', '-interval-list=30m', '-range-min-rsi=28', '-range-max-rsi=80', '-range-p-ema=50,250', '-target-margin-list=1.0,1.5,2.0,2.5,3.0,3.5,4.0,4.5,5.0', '-log-level=WARNING']
2023-11-26 20:50:13;UNIUSDT;30m;1.5;50;36;78;100.0;4;113.5;['-batch-training', '-calc-rsi', '-verbose', '-prediction-mode=index', '-interval-list=30m', '-range-min-rsi=28', '-range-max-rsi=80', '-range-p-ema=50,250', '-target-margin-list=1.0,1.5,2.0,2.5,3.0,3.5,4.0,4.5,5.0', '-log-level=WARNING']
2023-11-26 21:05:19;UNIUSDT;30m;1.5;75;36;78;100.0;4;113.5;['-batch-training', '-calc-rsi', '-verbose', '-prediction-mode=index', '-interval-list=30m', '-range-min-rsi=28', '-range-max-rsi=80', '-range-p-ema=50,250', '-target-margin-list=1.0,1.5,2.0,2.5,3.0,3.5,4.0,4.5,5.0', '-log-level=WARNING']
2023-11-26 19:48:21;UNIUSDT;30m;1.0;150;32;76;100.0;5;113.52;['-batch-training', '-calc-rsi', '-verbose', '-prediction-mode=index', '-interval-list=30m', '-range-min-rsi=28', '-range-max-rsi=80', '-range-p-ema=50,250', '-target-margin-list=1.0,1.5,2.0,2.5,3.0,3.5,4.0,4.5,5.0', '-log-level=WARNING']
2023-11-26 20:22:33;UNIUSDT;30m;1.5;225;36;74;100.0;7;113.52;['-batch-training', '-calc-rsi', '-verbose', '-prediction-mode=index', '-interval-list=30m', '-range-min-rsi=28', '-range-max-rsi=80', '-range-p-ema=50,250', '-target-margin-list=1.0,1.5,2.0,2.5,3.0,3.5,4.0,4.5,5.0', '-log-level=WARNING']
2023-11-26 19:49:08;UNIUSDT;30m;1.5;150;32;72;100.0;2;113.53;['-batch-training', '-calc-rsi', '-verbose', '-prediction-mode=index', '-interval-list=30m', '-range-min-rsi=28', '-range-max-rsi=80', '-range-p-ema=50,250', '-target-margin-list=1.0,1.5,2.0,2.5,3.0,3.5,4.0,4.5,5.0', '-log-level=WARNING']
2023-11-26 20:11:15;UNIUSDT;30m;2.0;200;36;72;100.0;5;113.55;['-batch-training', '-calc-rsi', '-verbose', '-prediction-mode=index', '-interval-list=30m', '-range-min-rsi=28', '-range-max-rsi=80', '-range-p-ema=50,250', '-target-margin-list=1.0,1.5,2.0,2.5,3.0,3.5,4.0,4.5,5.0', '-log-level=WARNING']
2023-11-26 20:35:32;UNIUSDT;30m;1.5;250;30;74;100.0;2;113.56;['-batch-training', '-calc-rsi', '-verbose', '-prediction-mode=index', '-interval-list=30m', '-range-min-rsi=28', '-range-max-rsi=80', '-range-p-ema=50,250', '-target-margin-list=1.0,1.5,2.0,2.5,3.0,3.5,4.0,4.5,5.0', '-log-level=WARNING']
2023-11-26 19:55:32;UNIUSDT;30m;4.0;150;36;74;100.0;3;113.56;['-batch-training', '-calc-rsi', '-verbose', '-prediction-mode=index', '-interval-list=30m', '-range-min-rsi=28', '-range-max-rsi=80', '-range-p-ema=50,250', '-target-margin-list=1.0,1.5,2.0,2.5,3.0,3.5,4.0,4.5,5.0', '-log-level=WARNING']
2023-11-26 20:12:03;UNIUSDT;30m;2.0;200;36;78;100.0;7;113.57;['-batch-training', '-calc-rsi', '-verbose', '-prediction-mode=index', '-interval-list=30m', '-range-min-rsi=28', '-range-max-rsi=80', '-range-p-ema=50,250', '-target-margin-list=1.0,1.5,2.0,2.5,3.0,3.5,4.0,4.5,5.0', '-log-level=WARNING']
2023-11-26 20:01:39;UNIUSDT;30m;2.0;175;36;78;100.0;7;113.57;['-batch-training', '-calc-rsi', '-verbose', '-prediction-mode=index', '-interval-list=30m', '-range-min-rsi=28', '-range-max-rsi=80', '-range-p-ema=50,250', '-target-margin-list=1.0,1.5,2.0,2.5,3.0,3.5,4.0,4.5,5.0', '-log-level=WARNING']
2023-11-26 20:47:30;UNIUSDT;30m;1.0;50;30;72;100.0;4;113.58;['-batch-training', '-calc-rsi', '-verbose', '-prediction-mode=index', '-interval-list=30m', '-range-min-rsi=28', '-range-max-rsi=80', '-range-p-ema=50,250', '-target-margin-list=1.0,1.5,2.0,2.5,3.0,3.5,4.0,4.5,5.0', '-log-level=WARNING']
2023-11-26 20:03:52;UNIUSDT;30m;3.0;175;36;78;100.0;2;113.58;['-batch-training', '-calc-rsi', '-verbose', '-prediction-mode=index', '-interval-list=30m', '-range-min-rsi=28', '-range-max-rsi=80', '-range-p-ema=50,250', '-target-margin-list=1.0,1.5,2.0,2.5,3.0,3.5,4.0,4.5,5.0', '-log-level=WARNING']
2023-11-26 19:24:45;UNIUSDT;30m;1.0;100;30;72;100.0;4;113.58;['-batch-training', '-calc-rsi', '-verbose', '-prediction-mode=index', '-interval-list=30m', '-range-min-rsi=28', '-range-max-rsi=80', '-range-p-ema=50,250', '-target-margin-list=1.0,1.5,2.0,2.5,3.0,3.5,4.0,4.5,5.0', '-log-level=WARNING']
2023-11-26 20:14:43;UNIUSDT;30m;3.0;200;36;78;100.0;2;113.58;['-batch-training', '-calc-rsi', '-verbose', '-prediction-mode=index', '-interval-list=30m', '-range-min-rsi=28', '-range-max-rsi=80', '-range-p-ema=50,250', '-target-margin-list=1.0,1.5,2.0,2.5,3.0,3.5,4.0,4.5,5.0', '-log-level=WARNING']
2023-11-26 19:47:46;UNIUSDT;30m;1.0;150;30;72;100.0;4;113.58;['-batch-training', '-calc-rsi', '-verbose', '-prediction-mode=index', '-interval-list=30m', '-range-min-rsi=28', '-range-max-rsi=80', '-range-p-ema=50,250', '-target-margin-list=1.0,1.5,2.0,2.5,3.0,3.5,4.0,4.5,5.0', '-log-level=WARNING']
2023-11-26 21:02:16;UNIUSDT;30m;1.0;75;30;72;100.0;4;113.58;['-batch-training', '-calc-rsi', '-verbose', '-prediction-mode=index', '-interval-list=30m', '-range-min-rsi=28', '-range-max-rsi=80', '-range-p-ema=50,250', '-target-margin-list=1.0,1.5,2.0,2.5,3.0,3.5,4.0,4.5,5.0', '-log-level=WARNING']
2023-11-26 20:38:07;UNIUSDT;30m;2.0;250;36;80;100.0;3;113.58;['-batch-training', '-calc-rsi', '-verbose', '-prediction-mode=index', '-interval-list=30m', '-range-min-rsi=28', '-range-max-rsi=80', '-range-p-ema=50,250', '-target-margin-list=1.0,1.5,2.0,2.5,3.0,3.5,4.0,4.5,5.0', '-log-level=WARNING']
2023-11-26 19:36:12;UNIUSDT;30m;1.0;125;30;72;100.0;4;113.58;['-batch-training', '-calc-rsi', '-verbose', '-prediction-mode=index', '-interval-list=30m', '-range-min-rsi=28', '-range-max-rsi=80', '-range-p-ema=50,250', '-target-margin-list=1.0,1.5,2.0,2.5,3.0,3.5,4.0,4.5,5.0', '-log-level=WARNING']
2023-11-26 20:00:18;UNIUSDT;30m;1.5;175;36;76;100.0;5;113.6;['-batch-training', '-calc-rsi', '-verbose', '-prediction-mode=index', '-interval-list=30m', '-range-min-rsi=28', '-range-max-rsi=80', '-range-p-ema=50,250', '-target-margin-list=1.0,1.5,2.0,2.5,3.0,3.5,4.0,4.5,5.0', '-log-level=WARNING']
2023-11-26 19:49:45;UNIUSDT;30m;1.5;150;36;76;100.0;3;113.6;['-batch-training', '-calc-rsi', '-verbose', '-prediction-mode=index', '-interval-list=30m', '-range-min-rsi=28', '-range-max-rsi=80', '-range-p-ema=50,250', '-target-margin-list=1.0,1.5,2.0,2.5,3.0,3.5,4.0,4.5,5.0', '-log-level=WARNING']
2023-11-26 20:42:24;UNIUSDT;30m;3.5;250;36;78;100.0;3;113.61;['-batch-training', '-calc-rsi', '-verbose', '-prediction-mode=index', '-interval-list=30m', '-range-min-rsi=28', '-range-max-rsi=80', '-range-p-ema=50,250', '-target-margin-list=1.0,1.5,2.0,2.5,3.0,3.5,4.0,4.5,5.0', '-log-level=WARNING']
2023-11-26 20:10:28;UNIUSDT;30m;1.5;200;36;76;100.0;5;113.62;['-batch-training', '-calc-rsi', '-verbose', '-prediction-mode=index', '-interval-list=30m', '-range-min-rsi=28', '-range-max-rsi=80', '-range-p-ema=50,250', '-target-margin-list=1.0,1.5,2.0,2.5,3.0,3.5,4.0,4.5,5.0', '-log-level=WARNING']
2023-11-26 20:21:47;UNIUSDT;30m;1.0;225;30;80;100.0;3;113.62;['-batch-training', '-calc-rsi', '-verbose', '-prediction-mode=index', '-interval-list=30m', '-range-min-rsi=28', '-range-max-rsi=80', '-range-p-ema=50,250', '-target-margin-list=1.0,1.5,2.0,2.5,3.0,3.5,4.0,4.5,5.0', '-log-level=WARNING']
2023-11-26 19:51:34;UNIUSDT;30m;2.0;150;36;80;100.0;6;113.62;['-batch-training', '-calc-rsi', '-verbose', '-prediction-mode=index', '-interval-list=30m', '-range-min-rsi=28', '-range-max-rsi=80', '-range-p-ema=50,250', '-target-margin-list=1.0,1.5,2.0,2.5,3.0,3.5,4.0,4.5,5.0', '-log-level=WARNING']
2023-11-26 19:59:28;UNIUSDT;30m;1.0;175;30;80;100.0;3;113.62;['-batch-training', '-calc-rsi', '-verbose', '-prediction-mode=index', '-interval-list=30m', '-range-min-rsi=28', '-range-max-rsi=80', '-range-p-ema=50,250', '-target-margin-list=1.0,1.5,2.0,2.5,3.0,3.5,4.0,4.5,5.0', '-log-level=WARNING']
2023-11-26 20:09:33;UNIUSDT;30m;1.0;200;30;80;100.0;3;113.62;['-batch-training', '-calc-rsi', '-verbose', '-prediction-mode=index', '-interval-list=30m', '-range-min-rsi=28', '-range-max-rsi=80', '-range-p-ema=50,250', '-target-margin-list=1.0,1.5,2.0,2.5,3.0,3.5,4.0,4.5,5.0', '-log-level=WARNING']
2023-11-26 20:30:36;UNIUSDT;30m;4.0;225;34;80;100.0;4;113.63;['-batch-training', '-calc-rsi', '-verbose', '-prediction-mode=index', '-interval-list=30m', '-range-min-rsi=28', '-range-max-rsi=80', '-range-p-ema=50,250', '-target-margin-list=1.0,1.5,2.0,2.5,3.0,3.5,4.0,4.5,5.0', '-log-level=WARNING']
2023-11-26 19:29:50;UNIUSDT;30m;2.5;100;36;80;100.0;5;113.66;['-batch-training', '-calc-rsi', '-verbose', '-prediction-mode=index', '-interval-list=30m', '-range-min-rsi=28', '-range-max-rsi=80', '-range-p-ema=50,250', '-target-margin-list=1.0,1.5,2.0,2.5,3.0,3.5,4.0,4.5,5.0', '-log-level=WARNING']
2023-11-26 19:41:19;UNIUSDT;30m;2.5;125;36;80;100.0;5;113.66;['-batch-training', '-calc-rsi', '-verbose', '-prediction-mode=index', '-interval-list=30m', '-range-min-rsi=28', '-range-max-rsi=80', '-range-p-ema=50,250', '-target-margin-list=1.0,1.5,2.0,2.5,3.0,3.5,4.0,4.5,5.0', '-log-level=WARNING']
2023-11-26 19:39:47;UNIUSDT;30m;2.0;125;36;78;100.0;5;113.67;['-batch-training', '-calc-rsi', '-verbose', '-prediction-mode=index', '-interval-list=30m', '-range-min-rsi=28', '-range-max-rsi=80', '-range-p-ema=50,250', '-target-margin-list=1.0,1.5,2.0,2.5,3.0,3.5,4.0,4.5,5.0', '-log-level=WARNING']
2023-11-26 19:28:18;UNIUSDT;30m;2.0;100;36;78;100.0;5;113.67;['-batch-training', '-calc-rsi', '-verbose', '-prediction-mode=index', '-interval-list=30m', '-range-min-rsi=28', '-range-max-rsi=80', '-range-p-ema=50,250', '-target-margin-list=1.0,1.5,2.0,2.5,3.0,3.5,4.0,4.5,5.0', '-log-level=WARNING']
2023-11-26 20:11:59;UNIUSDT;30m;2.0;200;34;78;100.0;5;113.68;['-batch-training', '-calc-rsi', '-verbose', '-prediction-mode=index', '-interval-list=30m', '-range-min-rsi=28', '-range-max-rsi=80', '-range-p-ema=50,250', '-target-margin-list=1.0,1.5,2.0,2.5,3.0,3.5,4.0,4.5,5.0', '-log-level=WARNING']
2023-11-26 19:34:03;UNIUSDT;30m;4.5;100;36;74;100.0;3;113.69;['-batch-training', '-calc-rsi', '-verbose', '-prediction-mode=index', '-interval-list=30m', '-range-min-rsi=28', '-range-max-rsi=80', '-range-p-ema=50,250', '-target-margin-list=1.0,1.5,2.0,2.5,3.0,3.5,4.0,4.5,5.0', '-log-level=WARNING']
2023-11-26 19:45:37;UNIUSDT;30m;4.5;125;36;74;100.0;3;113.69;['-batch-training', '-calc-rsi', '-verbose', '-prediction-mode=index', '-interval-list=30m', '-range-min-rsi=28', '-range-max-rsi=80', '-range-p-ema=50,250', '-target-margin-list=1.0,1.5,2.0,2.5,3.0,3.5,4.0,4.5,5.0', '-log-level=WARNING']
2023-11-26 20:59:27;UNIUSDT;30m;4.5;50;36;74;100.0;3;113.69;['-batch-training', '-calc-rsi', '-verbose', '-prediction-mode=index', '-interval-list=30m', '-range-min-rsi=28', '-range-max-rsi=80', '-range-p-ema=50,250', '-target-margin-list=1.0,1.5,2.0,2.5,3.0,3.5,4.0,4.5,5.0', '-log-level=WARNING']
2023-11-26 21:15:01;UNIUSDT;30m;4.5;75;36;74;100.0;3;113.69;['-batch-training', '-calc-rsi', '-verbose', '-prediction-mode=index', '-interval-list=30m', '-range-min-rsi=28', '-range-max-rsi=80', '-range-p-ema=50,250', '-target-margin-list=1.0,1.5,2.0,2.5,3.0,3.5,4.0,4.5,5.0', '-log-level=WARNING']
2023-11-26 20:35:53;UNIUSDT;30m;1.5;250;32;76;100.0;5;113.7;['-batch-training', '-calc-rsi', '-verbose', '-prediction-mode=index', '-interval-list=30m', '-range-min-rsi=28', '-range-max-rsi=80', '-range-p-ema=50,250', '-target-margin-list=1.0,1.5,2.0,2.5,3.0,3.5,4.0,4.5,5.0', '-log-level=WARNING']
2023-11-26 19:50:47;UNIUSDT;30m;2.0;150;36;74;100.0;6;113.71;['-batch-training', '-calc-rsi', '-verbose', '-prediction-mode=index', '-interval-list=30m', '-range-min-rsi=28', '-range-max-rsi=80', '-range-p-ema=50,250', '-target-margin-list=1.0,1.5,2.0,2.5,3.0,3.5,4.0,4.5,5.0', '-log-level=WARNING']
2023-11-26 20:10:56;UNIUSDT;30m;1.5;200;34;80;100.0;6;113.72;['-batch-training', '-calc-rsi', '-verbose', '-prediction-mode=index', '-interval-list=30m', '-range-min-rsi=28', '-range-max-rsi=80', '-range-p-ema=50,250', '-target-margin-list=1.0,1.5,2.0,2.5,3.0,3.5,4.0,4.5,5.0', '-log-level=WARNING']
2023-11-26 20:57:00;UNIUSDT;30m;3.5;50;32;80;100.0;4;113.73;['-batch-training', '-calc-rsi', '-verbose', '-prediction-mode=index', '-interval-list=30m', '-range-min-rsi=28', '-range-max-rsi=80', '-range-p-ema=50,250', '-target-margin-list=1.0,1.5,2.0,2.5,3.0,3.5,4.0,4.5,5.0', '-log-level=WARNING']
2023-11-26 19:43:45;UNIUSDT;30m;3.5;125;32;80;100.0;4;113.73;['-batch-training', '-calc-rsi', '-verbose', '-prediction-mode=index', '-interval-list=30m', '-range-min-rsi=28', '-range-max-rsi=80', '-range-p-ema=50,250', '-target-margin-list=1.0,1.5,2.0,2.5,3.0,3.5,4.0,4.5,5.0', '-log-level=WARNING']
2023-11-26 19:32:14;UNIUSDT;30m;3.5;100;32;80;100.0;4;113.73;['-batch-training', '-calc-rsi', '-verbose', '-prediction-mode=index', '-interval-list=30m', '-range-min-rsi=28', '-range-max-rsi=80', '-range-p-ema=50,250', '-target-margin-list=1.0,1.5,2.0,2.5,3.0,3.5,4.0,4.5,5.0', '-log-level=WARNING']
2023-11-26 19:28:30;UNIUSDT;30m;2.0;100;34;80;100.0;2;113.73;['-batch-training', '-calc-rsi', '-verbose', '-prediction-mode=index', '-interval-list=30m', '-range-min-rsi=28', '-range-max-rsi=80', '-range-p-ema=50,250', '-target-margin-list=1.0,1.5,2.0,2.5,3.0,3.5,4.0,4.5,5.0', '-log-level=WARNING']
2023-11-26 19:39:59;UNIUSDT;30m;2.0;125;34;80;100.0;2;113.73;['-batch-training', '-calc-rsi', '-verbose', '-prediction-mode=index', '-interval-list=30m', '-range-min-rsi=28', '-range-max-rsi=80', '-range-p-ema=50,250', '-target-margin-list=1.0,1.5,2.0,2.5,3.0,3.5,4.0,4.5,5.0', '-log-level=WARNING']
2023-11-26 20:52:07;UNIUSDT;30m;2.0;50;34;80;100.0;2;113.73;['-batch-training', '-calc-rsi', '-verbose', '-prediction-mode=index', '-interval-list=30m', '-range-min-rsi=28', '-range-max-rsi=80', '-range-p-ema=50,250', '-target-margin-list=1.0,1.5,2.0,2.5,3.0,3.5,4.0,4.5,5.0', '-log-level=WARNING']
2023-11-26 21:12:44;UNIUSDT;30m;3.5;75;32;80;100.0;4;113.73;['-batch-training', '-calc-rsi', '-verbose', '-prediction-mode=index', '-interval-list=30m', '-range-min-rsi=28', '-range-max-rsi=80', '-range-p-ema=50,250', '-target-margin-list=1.0,1.5,2.0,2.5,3.0,3.5,4.0,4.5,5.0', '-log-level=WARNING']
2023-11-26 21:07:25;UNIUSDT;30m;2.0;75;34;80;100.0;2;113.73;['-batch-training', '-calc-rsi', '-verbose', '-prediction-mode=index', '-interval-list=30m', '-range-min-rsi=28', '-range-max-rsi=80', '-range-p-ema=50,250', '-target-margin-list=1.0,1.5,2.0,2.5,3.0,3.5,4.0,4.5,5.0', '-log-level=WARNING']
2023-11-26 20:35:45;UNIUSDT;30m;1.5;250;28;76;100.0;6;113.74;['-batch-training', '-calc-rsi', '-verbose', '-prediction-mode=index', '-interval-list=30m', '-range-min-rsi=28', '-range-max-rsi=80', '-range-p-ema=50,250', '-target-margin-list=1.0,1.5,2.0,2.5,3.0,3.5,4.0,4.5,5.0', '-log-level=WARNING']
2023-11-26 20:22:11;UNIUSDT;30m;1.5;225;34;72;100.0;2;113.75;['-batch-training', '-calc-rsi', '-verbose', '-prediction-mode=index', '-interval-list=30m', '-range-min-rsi=28', '-range-max-rsi=80', '-range-p-ema=50,250', '-target-margin-list=1.0,1.5,2.0,2.5,3.0,3.5,4.0,4.5,5.0', '-log-level=WARNING']
2023-11-26 20:43:30;UNIUSDT;30m;4.0;250;32;76;100.0;2;113.76;['-batch-training', '-calc-rsi', '-verbose', '-prediction-mode=index', '-interval-list=30m', '-range-min-rsi=28', '-range-max-rsi=80', '-range-p-ema=50,250', '-target-margin-list=1.0,1.5,2.0,2.5,3.0,3.5,4.0,4.5,5.0', '-log-level=WARNING']
2023-11-26 20:05:46;UNIUSDT;30m;4.0;175;32;76;100.0;2;113.76;['-batch-training', '-calc-rsi', '-verbose', '-prediction-mode=index', '-interval-list=30m', '-range-min-rsi=28', '-range-max-rsi=80', '-range-p-ema=50,250', '-target-margin-list=1.0,1.5,2.0,2.5,3.0,3.5,4.0,4.5,5.0', '-log-level=WARNING']
2023-11-26 20:29:57;UNIUSDT;30m;4.0;225;32;76;100.0;2;113.76;['-batch-training', '-calc-rsi', '-verbose', '-prediction-mode=index', '-interval-list=30m', '-range-min-rsi=28', '-range-max-rsi=80', '-range-p-ema=50,250', '-target-margin-list=1.0,1.5,2.0,2.5,3.0,3.5,4.0,4.5,5.0', '-log-level=WARNING']
2023-11-26 20:17:04;UNIUSDT;30m;4.0;200;32;76;100.0;2;113.76;['-batch-training', '-calc-rsi', '-verbose', '-prediction-mode=index', '-interval-list=30m', '-range-min-rsi=28', '-range-max-rsi=80', '-range-p-ema=50,250', '-target-margin-list=1.0,1.5,2.0,2.5,3.0,3.5,4.0,4.5,5.0', '-log-level=WARNING']
2023-11-26 19:55:40;UNIUSDT;30m;4.0;150;32;76;100.0;2;113.76;['-batch-training', '-calc-rsi', '-verbose', '-prediction-mode=index', '-interval-list=30m', '-range-min-rsi=28', '-range-max-rsi=80', '-range-p-ema=50,250', '-target-margin-list=1.0,1.5,2.0,2.5,3.0,3.5,4.0,4.5,5.0', '-log-level=WARNING']
2023-11-26 20:27:41;UNIUSDT;30m;3.0;225;34;80;100.0;4;113.77;['-batch-training', '-calc-rsi', '-verbose', '-prediction-mode=index', '-interval-list=30m', '-range-min-rsi=28', '-range-max-rsi=80', '-range-p-ema=50,250', '-target-margin-list=1.0,1.5,2.0,2.5,3.0,3.5,4.0,4.5,5.0', '-log-level=WARNING']
2023-11-26 20:25:40;UNIUSDT;30m;2.5;225;34;76;100.0;4;113.77;['-batch-training', '-calc-rsi', '-verbose', '-prediction-mode=index', '-interval-list=30m', '-range-min-rsi=28', '-range-max-rsi=80', '-range-p-ema=50,250', '-target-margin-list=1.0,1.5,2.0,2.5,3.0,3.5,4.0,4.5,5.0', '-log-level=WARNING']
2023-11-26 19:26:23;UNIUSDT;30m;1.5;100;32;74;100.0;3;113.78;['-batch-training', '-calc-rsi', '-verbose', '-prediction-mode=index', '-interval-list=30m', '-range-min-rsi=28', '-range-max-rsi=80', '-range-p-ema=50,250', '-target-margin-list=1.0,1.5,2.0,2.5,3.0,3.5,4.0,4.5,5.0', '-log-level=WARNING']
2023-11-26 19:37:52;UNIUSDT;30m;1.5;125;32;74;100.0;3;113.78;['-batch-training', '-calc-rsi', '-verbose', '-prediction-mode=index', '-interval-list=30m', '-range-min-rsi=28', '-range-max-rsi=80', '-range-p-ema=50,250', '-target-margin-list=1.0,1.5,2.0,2.5,3.0,3.5,4.0,4.5,5.0', '-log-level=WARNING']
2023-11-26 20:49:28;UNIUSDT;30m;1.5;50;32;74;100.0;3;113.78;['-batch-training', '-calc-rsi', '-verbose', '-prediction-mode=index', '-interval-list=30m', '-range-min-rsi=28', '-range-max-rsi=80', '-range-p-ema=50,250', '-target-margin-list=1.0,1.5,2.0,2.5,3.0,3.5,4.0,4.5,5.0', '-log-level=WARNING']
2023-11-26 21:04:26;UNIUSDT;30m;1.5;75;32;74;100.0;3;113.78;['-batch-training', '-calc-rsi', '-verbose', '-prediction-mode=index', '-interval-list=30m', '-range-min-rsi=28', '-range-max-rsi=80', '-range-p-ema=50,250', '-target-margin-list=1.0,1.5,2.0,2.5,3.0,3.5,4.0,4.5,5.0', '-log-level=WARNING']
2023-11-26 19:48:15;UNIUSDT;30m;1.0;150;28;76;100.0;5;113.79;['-batch-training', '-calc-rsi', '-verbose', '-prediction-mode=index', '-interval-list=30m', '-range-min-rsi=28', '-range-max-rsi=80', '-range-p-ema=50,250', '-target-margin-list=1.0,1.5,2.0,2.5,3.0,3.5,4.0,4.5,5.0', '-log-level=WARNING']
2023-11-26 21:02:53;UNIUSDT;30m;1.0;75;28;76;100.0;5;113.79;['-batch-training', '-calc-rsi', '-verbose', '-prediction-mode=index', '-interval-list=30m', '-range-min-rsi=28', '-range-max-rsi=80', '-range-p-ema=50,250', '-target-margin-list=1.0,1.5,2.0,2.5,3.0,3.5,4.0,4.5,5.0', '-log-level=WARNING']
2023-11-26 19:25:14;UNIUSDT;30m;1.0;100;28;76;100.0;5;113.79;['-batch-training', '-calc-rsi', '-verbose', '-prediction-mode=index', '-interval-list=30m', '-range-min-rsi=28', '-range-max-rsi=80', '-range-p-ema=50,250', '-target-margin-list=1.0,1.5,2.0,2.5,3.0,3.5,4.0,4.5,5.0', '-log-level=WARNING']
2023-11-26 20:09:01;UNIUSDT;30m;1.0;200;28;76;100.0;5;113.79;['-batch-training', '-calc-rsi', '-verbose', '-prediction-mode=index', '-interval-list=30m', '-range-min-rsi=28', '-range-max-rsi=80', '-range-p-ema=50,250', '-target-margin-list=1.0,1.5,2.0,2.5,3.0,3.5,4.0,4.5,5.0', '-log-level=WARNING']
2023-11-26 19:24:48;UNIUSDT;30m;1.0;100;32;72;100.0;4;113.79;['-batch-training', '-calc-rsi', '-verbose', '-prediction-mode=index', '-interval-list=30m', '-range-min-rsi=28', '-range-max-rsi=80', '-range-p-ema=50,250', '-target-margin-list=1.0,1.5,2.0,2.5,3.0,3.5,4.0,4.5,5.0', '-log-level=WARNING']
2023-11-26 20:21:08;UNIUSDT;30m;1.0;225;28;76;100.0;5;113.79;['-batch-training', '-calc-rsi', '-verbose', '-prediction-mode=index', '-interval-list=30m', '-range-min-rsi=28', '-range-max-rsi=80', '-range-p-ema=50,250', '-target-margin-list=1.0,1.5,2.0,2.5,3.0,3.5,4.0,4.5,5.0', '-log-level=WARNING']
2023-11-26 19:36:41;UNIUSDT;30m;1.0;125;28;76;100.0;5;113.79;['-batch-training', '-calc-rsi', '-verbose', '-prediction-mode=index', '-interval-list=30m', '-range-min-rsi=28', '-range-max-rsi=80', '-range-p-ema=50,250', '-target-margin-list=1.0,1.5,2.0,2.5,3.0,3.5,4.0,4.5,5.0', '-log-level=WARNING']
2023-11-26 19:36:15;UNIUSDT;30m;1.0;125;32;72;100.0;4;113.79;['-batch-training', '-calc-rsi', '-verbose', '-prediction-mode=index', '-interval-list=30m', '-range-min-rsi=28', '-range-max-rsi=80', '-range-p-ema=50,250', '-target-margin-list=1.0,1.5,2.0,2.5,3.0,3.5,4.0,4.5,5.0', '-log-level=WARNING']
2023-11-26 19:58:58;UNIUSDT;30m;1.0;175;28;76;100.0;5;113.79;['-batch-training', '-calc-rsi', '-verbose', '-prediction-mode=index', '-interval-list=30m', '-range-min-rsi=28', '-range-max-rsi=80', '-range-p-ema=50,250', '-target-margin-list=1.0,1.5,2.0,2.5,3.0,3.5,4.0,4.5,5.0', '-log-level=WARNING']
2023-11-26 21:02:20;UNIUSDT;30m;1.0;75;32;72;100.0;4;113.79;['-batch-training', '-calc-rsi', '-verbose', '-prediction-mode=index', '-interval-list=30m', '-range-min-rsi=28', '-range-max-rsi=80', '-range-p-ema=50,250', '-target-margin-list=1.0,1.5,2.0,2.5,3.0,3.5,4.0,4.5,5.0', '-log-level=WARNING']
2023-11-26 20:47:34;UNIUSDT;30m;1.0;50;32;72;100.0;4;113.79;['-batch-training', '-calc-rsi', '-verbose', '-prediction-mode=index', '-interval-list=30m', '-range-min-rsi=28', '-range-max-rsi=80', '-range-p-ema=50,250', '-target-margin-list=1.0,1.5,2.0,2.5,3.0,3.5,4.0,4.5,5.0', '-log-level=WARNING']
2023-11-26 20:48:04;UNIUSDT;30m;1.0;50;28;76;100.0;5;113.79;['-batch-training', '-calc-rsi', '-verbose', '-prediction-mode=index', '-interval-list=30m', '-range-min-rsi=28', '-range-max-rsi=80', '-range-p-ema=50,250', '-target-margin-list=1.0,1.5,2.0,2.5,3.0,3.5,4.0,4.5,5.0', '-log-level=WARNING']
2023-11-26 21:14:06;UNIUSDT;30m;4.0;75;34;78;100.0;4;113.8;['-batch-training', '-calc-rsi', '-verbose', '-prediction-mode=index', '-interval-list=30m', '-range-min-rsi=28', '-range-max-rsi=80', '-range-p-ema=50,250', '-target-margin-list=1.0,1.5,2.0,2.5,3.0,3.5,4.0,4.5,5.0', '-log-level=WARNING']
2023-11-26 19:44:48;UNIUSDT;30m;4.0;125;34;78;100.0;4;113.8;['-batch-training', '-calc-rsi', '-verbose', '-prediction-mode=index', '-interval-list=30m', '-range-min-rsi=28', '-range-max-rsi=80', '-range-p-ema=50,250', '-target-margin-list=1.0,1.5,2.0,2.5,3.0,3.5,4.0,4.5,5.0', '-log-level=WARNING']
2023-11-26 19:33:17;UNIUSDT;30m;4.0;100;34;78;100.0;4;113.8;['-batch-training', '-calc-rsi', '-verbose', '-prediction-mode=index', '-interval-list=30m', '-range-min-rsi=28', '-range-max-rsi=80', '-range-p-ema=50,250', '-target-margin-list=1.0,1.5,2.0,2.5,3.0,3.5,4.0,4.5,5.0', '-log-level=WARNING']
2023-11-26 20:58:23;UNIUSDT;30m;4.0;50;34;78;100.0;4;113.8;['-batch-training', '-calc-rsi', '-verbose', '-prediction-mode=index', '-interval-list=30m', '-range-min-rsi=28', '-range-max-rsi=80', '-range-p-ema=50,250', '-target-margin-list=1.0,1.5,2.0,2.5,3.0,3.5,4.0,4.5,5.0', '-log-level=WARNING']
2023-11-26 20:48:11;UNIUSDT;30m;1.0;50;32;76;100.0;3;113.82;['-batch-training', '-calc-rsi', '-verbose', '-prediction-mode=index', '-interval-list=30m', '-range-min-rsi=28', '-range-max-rsi=80', '-range-p-ema=50,250', '-target-margin-list=1.0,1.5,2.0,2.5,3.0,3.5,4.0,4.5,5.0', '-log-level=WARNING']
2023-11-26 19:36:48;UNIUSDT;30m;1.0;125;32;76;100.0;3;113.82;['-batch-training', '-calc-rsi', '-verbose', '-prediction-mode=index', '-interval-list=30m', '-range-min-rsi=28', '-range-max-rsi=80', '-range-p-ema=50,250', '-target-margin-list=1.0,1.5,2.0,2.5,3.0,3.5,4.0,4.5,5.0', '-log-level=WARNING']
2023-11-26 21:03:01;UNIUSDT;30m;1.0;75;32;76;100.0;3;113.82;['-batch-training', '-calc-rsi', '-verbose', '-prediction-mode=index', '-interval-list=30m', '-range-min-rsi=28', '-range-max-rsi=80', '-range-p-ema=50,250', '-target-margin-list=1.0,1.5,2.0,2.5,3.0,3.5,4.0,4.5,5.0', '-log-level=WARNING']
2023-11-26 19:25:20;UNIUSDT;30m;1.0;100;32;76;100.0;3;113.82;['-batch-training', '-calc-rsi', '-verbose', '-prediction-mode=index', '-interval-list=30m', '-range-min-rsi=28', '-range-max-rsi=80', '-range-p-ema=50,250', '-target-margin-list=1.0,1.5,2.0,2.5,3.0,3.5,4.0,4.5,5.0', '-log-level=WARNING']
2023-11-26 19:48:27;UNIUSDT;30m;1.0;150;36;76;100.0;5;113.83;['-batch-training', '-calc-rsi', '-verbose', '-prediction-mode=index', '-interval-list=30m', '-range-min-rsi=28', '-range-max-rsi=80', '-range-p-ema=50,250', '-target-margin-list=1.0,1.5,2.0,2.5,3.0,3.5,4.0,4.5,5.0', '-log-level=WARNING']
2023-11-26 20:42:42;UNIUSDT;30m;3.5;250;36;80;100.0;4;113.83;['-batch-training', '-calc-rsi', '-verbose', '-prediction-mode=index', '-interval-list=30m', '-range-min-rsi=28', '-range-max-rsi=80', '-range-p-ema=50,250', '-target-margin-list=1.0,1.5,2.0,2.5,3.0,3.5,4.0,4.5,5.0', '-log-level=WARNING']
2023-11-26 20:35:17;UNIUSDT;30m;1.5;250;32;72;100.0;6;113.85;['-batch-training', '-calc-rsi', '-verbose', '-prediction-mode=index', '-interval-list=30m', '-range-min-rsi=28', '-range-max-rsi=80', '-range-p-ema=50,250', '-target-margin-list=1.0,1.5,2.0,2.5,3.0,3.5,4.0,4.5,5.0', '-log-level=WARNING']
2023-11-26 20:09:38;UNIUSDT;30m;1.0;200;34;80;100.0;2;113.86;['-batch-training', '-calc-rsi', '-verbose', '-prediction-mode=index', '-interval-list=30m', '-range-min-rsi=28', '-range-max-rsi=80', '-range-p-ema=50,250', '-target-margin-list=1.0,1.5,2.0,2.5,3.0,3.5,4.0,4.5,5.0', '-log-level=WARNING']
2023-11-26 20:36:32;UNIUSDT;30m;1.5;250;34;80;100.0;5;113.89;['-batch-training', '-calc-rsi', '-verbose', '-prediction-mode=index', '-interval-list=30m', '-range-min-rsi=28', '-range-max-rsi=80', '-range-p-ema=50,250', '-target-margin-list=1.0,1.5,2.0,2.5,3.0,3.5,4.0,4.5,5.0', '-log-level=WARNING']
2023-11-26 21:00:47;UNIUSDT;30m;5.0;50;36;72;100.0;7;113.89;['-batch-training', '-calc-rsi', '-verbose', '-prediction-mode=index', '-interval-list=30m', '-range-min-rsi=28', '-range-max-rsi=80', '-range-p-ema=50,250', '-target-margin-list=1.0,1.5,2.0,2.5,3.0,3.5,4.0,4.5,5.0', '-log-level=WARNING']
2023-11-26 19:46:39;UNIUSDT;30m;5.0;125;36;72;100.0;7;113.89;['-batch-training', '-calc-rsi', '-verbose', '-prediction-mode=index', '-interval-list=30m', '-range-min-rsi=28', '-range-max-rsi=80', '-range-p-ema=50,250', '-target-margin-list=1.0,1.5,2.0,2.5,3.0,3.5,4.0,4.5,5.0', '-log-level=WARNING']
2023-11-26 19:57:35;UNIUSDT;30m;5.0;150;36;72;100.0;7;113.89;['-batch-training', '-calc-rsi', '-verbose', '-prediction-mode=index', '-interval-list=30m', '-range-min-rsi=28', '-range-max-rsi=80', '-range-p-ema=50,250', '-target-margin-list=1.0,1.5,2.0,2.5,3.0,3.5,4.0,4.5,5.0', '-log-level=WARNING']
2023-11-26 21:16:09;UNIUSDT;30m;5.0;75;36;72;100.0;7;113.89;['-batch-training', '-calc-rsi', '-verbose', '-prediction-mode=index', '-interval-list=30m', '-range-min-rsi=28', '-range-max-rsi=80', '-range-p-ema=50,250', '-target-margin-list=1.0,1.5,2.0,2.5,3.0,3.5,4.0,4.5,5.0', '-log-level=WARNING']
2023-11-26 19:35:04;UNIUSDT;30m;5.0;100;36;72;100.0;7;113.89;['-batch-training', '-calc-rsi', '-verbose', '-prediction-mode=index', '-interval-list=30m', '-range-min-rsi=28', '-range-max-rsi=80', '-range-p-ema=50,250', '-target-margin-list=1.0,1.5,2.0,2.5,3.0,3.5,4.0,4.5,5.0', '-log-level=WARNING']
2023-11-26 20:34:08;UNIUSDT;30m;1.0;250;34;74;100.0;7;113.9;['-batch-training', '-calc-rsi', '-verbose', '-prediction-mode=index', '-interval-list=30m', '-range-min-rsi=28', '-range-max-rsi=80', '-range-p-ema=50,250', '-target-margin-list=1.0,1.5,2.0,2.5,3.0,3.5,4.0,4.5,5.0', '-log-level=WARNING']
2023-11-26 19:26:20;UNIUSDT;30m;1.5;100;30;74;100.0;5;113.92;['-batch-training', '-calc-rsi', '-verbose', '-prediction-mode=index', '-interval-list=30m', '-range-min-rsi=28', '-range-max-rsi=80', '-range-p-ema=50,250', '-target-margin-list=1.0,1.5,2.0,2.5,3.0,3.5,4.0,4.5,5.0', '-log-level=WARNING']
2023-11-26 20:22:22;UNIUSDT;30m;1.5;225;30;74;100.0;5;113.92;['-batch-training', '-calc-rsi', '-verbose', '-prediction-mode=index', '-interval-list=30m', '-range-min-rsi=28', '-range-max-rsi=80', '-range-p-ema=50,250', '-target-margin-list=1.0,1.5,2.0,2.5,3.0,3.5,4.0,4.5,5.0', '-log-level=WARNING']
2023-11-26 20:10:02;UNIUSDT;30m;1.5;200;30;74;100.0;5;113.92;['-batch-training', '-calc-rsi', '-verbose', '-prediction-mode=index', '-interval-list=30m', '-range-min-rsi=28', '-range-max-rsi=80', '-range-p-ema=50,250', '-target-margin-list=1.0,1.5,2.0,2.5,3.0,3.5,4.0,4.5,5.0', '-log-level=WARNING']
2023-11-26 19:49:21;UNIUSDT;30m;1.5;150;30;74;100.0;5;113.92;['-batch-training', '-calc-rsi', '-verbose', '-prediction-mode=index', '-interval-list=30m', '-range-min-rsi=28', '-range-max-rsi=80', '-range-p-ema=50,250', '-target-margin-list=1.0,1.5,2.0,2.5,3.0,3.5,4.0,4.5,5.0', '-log-level=WARNING']
2023-11-26 19:59:56;UNIUSDT;30m;1.5;175;30;74;100.0;5;113.92;['-batch-training', '-calc-rsi', '-verbose', '-prediction-mode=index', '-interval-list=30m', '-range-min-rsi=28', '-range-max-rsi=80', '-range-p-ema=50,250', '-target-margin-list=1.0,1.5,2.0,2.5,3.0,3.5,4.0,4.5,5.0', '-log-level=WARNING']
2023-11-26 21:04:22;UNIUSDT;30m;1.5;75;30;74;100.0;5;113.92;['-batch-training', '-calc-rsi', '-verbose', '-prediction-mode=index', '-interval-list=30m', '-range-min-rsi=28', '-range-max-rsi=80', '-range-p-ema=50,250', '-target-margin-list=1.0,1.5,2.0,2.5,3.0,3.5,4.0,4.5,5.0', '-log-level=WARNING']
2023-11-26 20:49:24;UNIUSDT;30m;1.5;50;30;74;100.0;5;113.92;['-batch-training', '-calc-rsi', '-verbose', '-prediction-mode=index', '-interval-list=30m', '-range-min-rsi=28', '-range-max-rsi=80', '-range-p-ema=50,250', '-target-margin-list=1.0,1.5,2.0,2.5,3.0,3.5,4.0,4.5,5.0', '-log-level=WARNING']
2023-11-26 19:37:49;UNIUSDT;30m;1.5;125;30;74;100.0;5;113.92;['-batch-training', '-calc-rsi', '-verbose', '-prediction-mode=index', '-interval-list=30m', '-range-min-rsi=28', '-range-max-rsi=80', '-range-p-ema=50,250', '-target-margin-list=1.0,1.5,2.0,2.5,3.0,3.5,4.0,4.5,5.0', '-log-level=WARNING']
2023-11-26 19:37:14;UNIUSDT;30m;1.0;125;28;80;100.0;6;113.93;['-batch-training', '-calc-rsi', '-verbose', '-prediction-mode=index', '-interval-list=30m', '-range-min-rsi=28', '-range-max-rsi=80', '-range-p-ema=50,250', '-target-margin-list=1.0,1.5,2.0,2.5,3.0,3.5,4.0,4.5,5.0', '-log-level=WARNING']
2023-11-26 19:37:17;UNIUSDT;30m;1.0;125;30;80;100.0;2;113.93;['-batch-training', '-calc-rsi', '-verbose', '-prediction-mode=index', '-interval-list=30m', '-range-min-rsi=28', '-range-max-rsi=80', '-range-p-ema=50,250', '-target-margin-list=1.0,1.5,2.0,2.5,3.0,3.5,4.0,4.5,5.0', '-log-level=WARNING']
2023-11-26 19:48:49;UNIUSDT;30m;1.0;150;30;80;100.0;2;113.93;['-batch-training', '-calc-rsi', '-verbose', '-prediction-mode=index', '-interval-list=30m', '-range-min-rsi=28', '-range-max-rsi=80', '-range-p-ema=50,250', '-target-margin-list=1.0,1.5,2.0,2.5,3.0,3.5,4.0,4.5,5.0', '-log-level=WARNING']
2023-11-26 19:48:46;UNIUSDT;30m;1.0;150;28;80;100.0;6;113.93;['-batch-training', '-calc-rsi', '-verbose', '-prediction-mode=index', '-interval-list=30m', '-range-min-rsi=28', '-range-max-rsi=80', '-range-p-ema=50,250', '-target-margin-list=1.0,1.5,2.0,2.5,3.0,3.5,4.0,4.5,5.0', '-log-level=WARNING']
2023-11-26 19:25:48;UNIUSDT;30m;1.0;100;30;80;100.0;2;113.93;['-batch-training', '-calc-rsi', '-verbose', '-prediction-mode=index', '-interval-list=30m', '-range-min-rsi=28', '-range-max-rsi=80', '-range-p-ema=50,250', '-target-margin-list=1.0,1.5,2.0,2.5,3.0,3.5,4.0,4.5,5.0', '-log-level=WARNING']
2023-11-26 19:25:45;UNIUSDT;30m;1.0;100;28;80;100.0;6;113.93;['-batch-training', '-calc-rsi', '-verbose', '-prediction-mode=index', '-interval-list=30m', '-range-min-rsi=28', '-range-max-rsi=80', '-range-p-ema=50,250', '-target-margin-list=1.0,1.5,2.0,2.5,3.0,3.5,4.0,4.5,5.0', '-log-level=WARNING']
2023-11-26 19:59:25;UNIUSDT;30m;1.0;175;28;80;100.0;6;113.93;['-batch-training', '-calc-rsi', '-verbose', '-prediction-mode=index', '-interval-list=30m', '-range-min-rsi=28', '-range-max-rsi=80', '-range-p-ema=50,250', '-target-margin-list=1.0,1.5,2.0,2.5,3.0,3.5,4.0,4.5,5.0', '-log-level=WARNING']
2023-11-26 20:21:44;UNIUSDT;30m;1.0;225;28;80;100.0;6;113.93;['-batch-training', '-calc-rsi', '-verbose', '-prediction-mode=index', '-interval-list=30m', '-range-min-rsi=28', '-range-max-rsi=80', '-range-p-ema=50,250', '-target-margin-list=1.0,1.5,2.0,2.5,3.0,3.5,4.0,4.5,5.0', '-log-level=WARNING']
2023-11-26 19:49:42;UNIUSDT;30m;1.5;150;34;76;100.0;4;113.93;['-batch-training', '-calc-rsi', '-verbose', '-prediction-mode=index', '-interval-list=30m', '-range-min-rsi=28', '-range-max-rsi=80', '-range-p-ema=50,250', '-target-margin-list=1.0,1.5,2.0,2.5,3.0,3.5,4.0,4.5,5.0', '-log-level=WARNING']
2023-11-26 21:03:36;UNIUSDT;30m;1.0;75;28;80;100.0;6;113.93;['-batch-training', '-calc-rsi', '-verbose', '-prediction-mode=index', '-interval-list=30m', '-range-min-rsi=28', '-range-max-rsi=80', '-range-p-ema=50,250', '-target-margin-list=1.0,1.5,2.0,2.5,3.0,3.5,4.0,4.5,5.0', '-log-level=WARNING']
2023-11-26 21:03:40;UNIUSDT;30m;1.0;75;30;80;100.0;2;113.93;['-batch-training', '-calc-rsi', '-verbose', '-prediction-mode=index', '-interval-list=30m', '-range-min-rsi=28', '-range-max-rsi=80', '-range-p-ema=50,250', '-target-margin-list=1.0,1.5,2.0,2.5,3.0,3.5,4.0,4.5,5.0', '-log-level=WARNING']
2023-11-26 20:48:45;UNIUSDT;30m;1.0;50;30;80;100.0;2;113.93;['-batch-training', '-calc-rsi', '-verbose', '-prediction-mode=index', '-interval-list=30m', '-range-min-rsi=28', '-range-max-rsi=80', '-range-p-ema=50,250', '-target-margin-list=1.0,1.5,2.0,2.5,3.0,3.5,4.0,4.5,5.0', '-log-level=WARNING']
2023-11-26 20:48:41;UNIUSDT;30m;1.0;50;28;80;100.0;6;113.93;['-batch-training', '-calc-rsi', '-verbose', '-prediction-mode=index', '-interval-list=30m', '-range-min-rsi=28', '-range-max-rsi=80', '-range-p-ema=50,250', '-target-margin-list=1.0,1.5,2.0,2.5,3.0,3.5,4.0,4.5,5.0', '-log-level=WARNING']
2023-11-26 20:09:30;UNIUSDT;30m;1.0;200;28;80;100.0;6;113.93;['-batch-training', '-calc-rsi', '-verbose', '-prediction-mode=index', '-interval-list=30m', '-range-min-rsi=28', '-range-max-rsi=80', '-range-p-ema=50,250', '-target-margin-list=1.0,1.5,2.0,2.5,3.0,3.5,4.0,4.5,5.0', '-log-level=WARNING']
2023-11-26 20:59:23;UNIUSDT;30m;4.5;50;34;74;100.0;3;113.94;['-batch-training', '-calc-rsi', '-verbose', '-prediction-mode=index', '-interval-list=30m', '-range-min-rsi=28', '-range-max-rsi=80', '-range-p-ema=50,250', '-target-margin-list=1.0,1.5,2.0,2.5,3.0,3.5,4.0,4.5,5.0', '-log-level=WARNING']
2023-11-26 19:45:34;UNIUSDT;30m;4.5;125;34;74;100.0;3;113.94;['-batch-training', '-calc-rsi', '-verbose', '-prediction-mode=index', '-interval-list=30m', '-range-min-rsi=28', '-range-max-rsi=80', '-range-p-ema=50,250', '-target-margin-list=1.0,1.5,2.0,2.5,3.0,3.5,4.0,4.5,5.0', '-log-level=WARNING']
2023-11-26 19:34:00;UNIUSDT;30m;4.5;100;34;74;100.0;3;113.94;['-batch-training', '-calc-rsi', '-verbose', '-prediction-mode=index', '-interval-list=30m', '-range-min-rsi=28', '-range-max-rsi=80', '-range-p-ema=50,250', '-target-margin-list=1.0,1.5,2.0,2.5,3.0,3.5,4.0,4.5,5.0', '-log-level=WARNING']
2023-11-26 21:14:58;UNIUSDT;30m;4.5;75;34;74;100.0;3;113.94;['-batch-training', '-calc-rsi', '-verbose', '-prediction-mode=index', '-interval-list=30m', '-range-min-rsi=28', '-range-max-rsi=80', '-range-p-ema=50,250', '-target-margin-list=1.0,1.5,2.0,2.5,3.0,3.5,4.0,4.5,5.0', '-log-level=WARNING']
2023-11-26 20:34:15;UNIUSDT;30m;1.0;250;28;76;100.0;7;113.95;['-batch-training', '-calc-rsi', '-verbose', '-prediction-mode=index', '-interval-list=30m', '-range-min-rsi=28', '-range-max-rsi=80', '-range-p-ema=50,250', '-target-margin-list=1.0,1.5,2.0,2.5,3.0,3.5,4.0,4.5,5.0', '-log-level=WARNING']
2023-11-26 20:28:02;UNIUSDT;30m;3.5;225;36;72;100.0;2;113.97;['-batch-training', '-calc-rsi', '-verbose', '-prediction-mode=index', '-interval-list=30m', '-range-min-rsi=28', '-range-max-rsi=80', '-range-p-ema=50,250', '-target-margin-list=1.0,1.5,2.0,2.5,3.0,3.5,4.0,4.5,5.0', '-log-level=WARNING']
2023-11-26 20:42:01;UNIUSDT;30m;3.5;250;34;76;100.0;4;113.97;['-batch-training', '-calc-rsi', '-verbose', '-prediction-mode=index', '-interval-list=30m', '-range-min-rsi=28', '-range-max-rsi=80', '-range-p-ema=50,250', '-target-margin-list=1.0,1.5,2.0,2.5,3.0,3.5,4.0,4.5,5.0', '-log-level=WARNING']
2023-11-26 20:37:26;UNIUSDT;30m;2.0;250;34;76;100.0;2;113.97;['-batch-training', '-calc-rsi', '-verbose', '-prediction-mode=index', '-interval-list=30m', '-range-min-rsi=28', '-range-max-rsi=80', '-range-p-ema=50,250', '-target-margin-list=1.0,1.5,2.0,2.5,3.0,3.5,4.0,4.5,5.0', '-log-level=WARNING']
2023-11-26 19:38:29;UNIUSDT;30m;1.5;125;36;78;100.0;6;113.98;['-batch-training', '-calc-rsi', '-verbose', '-prediction-mode=index', '-interval-list=30m', '-range-min-rsi=28', '-range-max-rsi=80', '-range-p-ema=50,250', '-target-margin-list=1.0,1.5,2.0,2.5,3.0,3.5,4.0,4.5,5.0', '-log-level=WARNING']
2023-11-26 19:27:00;UNIUSDT;30m;1.5;100;36;78;100.0;6;113.98;['-batch-training', '-calc-rsi', '-verbose', '-prediction-mode=index', '-interval-list=30m', '-range-min-rsi=28', '-range-max-rsi=80', '-range-p-ema=50,250', '-target-margin-list=1.0,1.5,2.0,2.5,3.0,3.5,4.0,4.5,5.0', '-log-level=WARNING']
2023-11-26 20:23:07;UNIUSDT;30m;1.5;225;36;78;100.0;4;113.98;['-batch-training', '-calc-rsi', '-verbose', '-prediction-mode=index', '-interval-list=30m', '-range-min-rsi=28', '-range-max-rsi=80', '-range-p-ema=50,250', '-target-margin-list=1.0,1.5,2.0,2.5,3.0,3.5,4.0,4.5,5.0', '-log-level=WARNING']
2023-11-26 20:34:31;UNIUSDT;30m;1.0;250;36;76;100.0;7;113.99;['-batch-training', '-calc-rsi', '-verbose', '-prediction-mode=index', '-interval-list=30m', '-range-min-rsi=28', '-range-max-rsi=80', '-range-p-ema=50,250', '-target-margin-list=1.0,1.5,2.0,2.5,3.0,3.5,4.0,4.5,5.0', '-log-level=WARNING']
2023-11-26 20:16:04;UNIUSDT;30m;3.5;200;36;78;100.0;3;114.01;['-batch-training', '-calc-rsi', '-verbose', '-prediction-mode=index', '-interval-list=30m', '-range-min-rsi=28', '-range-max-rsi=80', '-range-p-ema=50,250', '-target-margin-list=1.0,1.5,2.0,2.5,3.0,3.5,4.0,4.5,5.0', '-log-level=WARNING']
2023-11-26 20:50:33;UNIUSDT;30m;1.5;50;36;80;100.0;7;114.01;['-batch-training', '-calc-rsi', '-verbose', '-prediction-mode=index', '-interval-list=30m', '-range-min-rsi=28', '-range-max-rsi=80', '-range-p-ema=50,250', '-target-margin-list=1.0,1.5,2.0,2.5,3.0,3.5,4.0,4.5,5.0', '-log-level=WARNING']
2023-11-26 21:05:41;UNIUSDT;30m;1.5;75;36;80;100.0;7;114.01;['-batch-training', '-calc-rsi', '-verbose', '-prediction-mode=index', '-interval-list=30m', '-range-min-rsi=28', '-range-max-rsi=80', '-range-p-ema=50,250', '-target-margin-list=1.0,1.5,2.0,2.5,3.0,3.5,4.0,4.5,5.0', '-log-level=WARNING']
2023-11-26 20:04:59;UNIUSDT;30m;3.5;175;36;78;100.0;3;114.01;['-batch-training', '-calc-rsi', '-verbose', '-prediction-mode=index', '-interval-list=30m', '-range-min-rsi=28', '-range-max-rsi=80', '-range-p-ema=50,250', '-target-margin-list=1.0,1.5,2.0,2.5,3.0,3.5,4.0,4.5,5.0', '-log-level=WARNING']
2023-11-26 19:38:23;UNIUSDT;30m;1.5;125;32;78;100.0;3;114.05;['-batch-training', '-calc-rsi', '-verbose', '-prediction-mode=index', '-interval-list=30m', '-range-min-rsi=28', '-range-max-rsi=80', '-range-p-ema=50,250', '-target-margin-list=1.0,1.5,2.0,2.5,3.0,3.5,4.0,4.5,5.0', '-log-level=WARNING']
2023-11-26 21:05:10;UNIUSDT;30m;1.5;75;32;78;100.0;3;114.05;['-batch-training', '-calc-rsi', '-verbose', '-prediction-mode=index', '-interval-list=30m', '-range-min-rsi=28', '-range-max-rsi=80', '-range-p-ema=50,250', '-target-margin-list=1.0,1.5,2.0,2.5,3.0,3.5,4.0,4.5,5.0', '-log-level=WARNING']
2023-11-26 19:26:54;UNIUSDT;30m;1.5;100;32;78;100.0;3;114.05;['-batch-training', '-calc-rsi', '-verbose', '-prediction-mode=index', '-interval-list=30m', '-range-min-rsi=28', '-range-max-rsi=80', '-range-p-ema=50,250', '-target-margin-list=1.0,1.5,2.0,2.5,3.0,3.5,4.0,4.5,5.0', '-log-level=WARNING']
2023-11-26 20:10:56;UNIUSDT;30m;1.5;200;34;80;100.0;5;114.05;['-batch-training', '-calc-rsi', '-verbose', '-prediction-mode=index', '-interval-list=30m', '-range-min-rsi=28', '-range-max-rsi=80', '-range-p-ema=50,250', '-target-margin-list=1.0,1.5,2.0,2.5,3.0,3.5,4.0,4.5,5.0', '-log-level=WARNING']
2023-11-26 20:50:06;UNIUSDT;30m;1.5;50;32;78;100.0;3;114.05;['-batch-training', '-calc-rsi', '-verbose', '-prediction-mode=index', '-interval-list=30m', '-range-min-rsi=28', '-range-max-rsi=80', '-range-p-ema=50,250', '-target-margin-list=1.0,1.5,2.0,2.5,3.0,3.5,4.0,4.5,5.0', '-log-level=WARNING']
2023-11-26 20:42:57;UNIUSDT;30m;4.0;250;34;72;100.0;2;114.06;['-batch-training', '-calc-rsi', '-verbose', '-prediction-mode=index', '-interval-list=30m', '-range-min-rsi=28', '-range-max-rsi=80', '-range-p-ema=50,250', '-target-margin-list=1.0,1.5,2.0,2.5,3.0,3.5,4.0,4.5,5.0', '-log-level=WARNING']
2023-11-26 20:29:25;UNIUSDT;30m;4.0;225;34;72;100.0;2;114.06;['-batch-training', '-calc-rsi', '-verbose', '-prediction-mode=index', '-interval-list=30m', '-range-min-rsi=28', '-range-max-rsi=80', '-range-p-ema=50,250', '-target-margin-list=1.0,1.5,2.0,2.5,3.0,3.5,4.0,4.5,5.0', '-log-level=WARNING']
2023-11-26 20:01:12;UNIUSDT;30m;2.0;175;36;74;100.0;6;114.06;['-batch-training', '-calc-rsi', '-verbose', '-prediction-mode=index', '-interval-list=30m', '-range-min-rsi=28', '-range-max-rsi=80', '-range-p-ema=50,250', '-target-margin-list=1.0,1.5,2.0,2.5,3.0,3.5,4.0,4.5,5.0', '-log-level=WARNING']
2023-11-26 20:21:22;UNIUSDT;30m;1.0;225;36;76;100.0;4;114.08;['-batch-training', '-calc-rsi', '-verbose', '-prediction-mode=index', '-interval-list=30m', '-range-min-rsi=28', '-range-max-rsi=80', '-range-p-ema=50,250', '-target-margin-list=1.0,1.5,2.0,2.5,3.0,3.5,4.0,4.5,5.0', '-log-level=WARNING']
2023-11-26 19:43:30;UNIUSDT;30m;3.5;125;32;78;100.0;4;114.13;['-batch-training', '-calc-rsi', '-verbose', '-prediction-mode=index', '-interval-list=30m', '-range-min-rsi=28', '-range-max-rsi=80', '-range-p-ema=50,250', '-target-margin-list=1.0,1.5,2.0,2.5,3.0,3.5,4.0,4.5,5.0', '-log-level=WARNING']
2023-11-26 21:12:21;UNIUSDT;30m;3.5;75;32;78;100.0;4;114.13;['-batch-training', '-calc-rsi', '-verbose', '-prediction-mode=index', '-interval-list=30m', '-range-min-rsi=28', '-range-max-rsi=80', '-range-p-ema=50,250', '-target-margin-list=1.0,1.5,2.0,2.5,3.0,3.5,4.0,4.5,5.0', '-log-level=WARNING']
2023-11-26 20:56:39;UNIUSDT;30m;3.5;50;32;78;100.0;4;114.13;['-batch-training', '-calc-rsi', '-verbose', '-prediction-mode=index', '-interval-list=30m', '-range-min-rsi=28', '-range-max-rsi=80', '-range-p-ema=50,250', '-target-margin-list=1.0,1.5,2.0,2.5,3.0,3.5,4.0,4.5,5.0', '-log-level=WARNING']
2023-11-26 19:32:00;UNIUSDT;30m;3.5;100;32;78;100.0;4;114.13;['-batch-training', '-calc-rsi', '-verbose', '-prediction-mode=index', '-interval-list=30m', '-range-min-rsi=28', '-range-max-rsi=80', '-range-p-ema=50,250', '-target-margin-list=1.0,1.5,2.0,2.5,3.0,3.5,4.0,4.5,5.0', '-log-level=WARNING']
2023-11-26 20:38:56;UNIUSDT;30m;2.5;250;34;76;100.0;4;114.14;['-batch-training', '-calc-rsi', '-verbose', '-prediction-mode=index', '-interval-list=30m', '-range-min-rsi=28', '-range-max-rsi=80', '-range-p-ema=50,250', '-target-margin-list=1.0,1.5,2.0,2.5,3.0,3.5,4.0,4.5,5.0', '-log-level=WARNING']
2023-11-26 19:54:54;UNIUSDT;30m;3.5;150;28;80;100.0;3;114.15;['-batch-training', '-calc-rsi', '-verbose', '-prediction-mode=index', '-interval-list=30m', '-range-min-rsi=28', '-range-max-rsi=80', '-range-p-ema=50,250', '-target-margin-list=1.0,1.5,2.0,2.5,3.0,3.5,4.0,4.5,5.0', '-log-level=WARNING']
2023-11-26 20:42:27;UNIUSDT;30m;3.5;250;28;80;100.0;3;114.15;['-batch-training', '-calc-rsi', '-verbose', '-prediction-mode=index', '-interval-list=30m', '-range-min-rsi=28', '-range-max-rsi=80', '-range-p-ema=50,250', '-target-margin-list=1.0,1.5,2.0,2.5,3.0,3.5,4.0,4.5,5.0', '-log-level=WARNING']
2023-11-26 19:43:39;UNIUSDT;30m;3.5;125;28;80;100.0;3;114.15;['-batch-training', '-calc-rsi', '-verbose', '-prediction-mode=index', '-interval-list=30m', '-range-min-rsi=28', '-range-max-rsi=80', '-range-p-ema=50,250', '-target-margin-list=1.0,1.5,2.0,2.5,3.0,3.5,4.0,4.5,5.0', '-log-level=WARNING']
2023-11-26 20:28:58;UNIUSDT;30m;3.5;225;28;80;100.0;3;114.15;['-batch-training', '-calc-rsi', '-verbose', '-prediction-mode=index', '-interval-list=30m', '-range-min-rsi=28', '-range-max-rsi=80', '-range-p-ema=50,250', '-target-margin-list=1.0,1.5,2.0,2.5,3.0,3.5,4.0,4.5,5.0', '-log-level=WARNING']
2023-11-26 20:56:52;UNIUSDT;30m;3.5;50;28;80;100.0;3;114.15;['-batch-training', '-calc-rsi', '-verbose', '-prediction-mode=index', '-interval-list=30m', '-range-min-rsi=28', '-range-max-rsi=80', '-range-p-ema=50,250', '-target-margin-list=1.0,1.5,2.0,2.5,3.0,3.5,4.0,4.5,5.0', '-log-level=WARNING']
2023-11-26 20:16:08;UNIUSDT;30m;3.5;200;28;80;100.0;3;114.15;['-batch-training', '-calc-rsi', '-verbose', '-prediction-mode=index', '-interval-list=30m', '-range-min-rsi=28', '-range-max-rsi=80', '-range-p-ema=50,250', '-target-margin-list=1.0,1.5,2.0,2.5,3.0,3.5,4.0,4.5,5.0', '-log-level=WARNING']
2023-11-26 19:52:34;UNIUSDT;30m;2.5;150;36;78;100.0;4;114.15;['-batch-training', '-calc-rsi', '-verbose', '-prediction-mode=index', '-interval-list=30m', '-range-min-rsi=28', '-range-max-rsi=80', '-range-p-ema=50,250', '-target-margin-list=1.0,1.5,2.0,2.5,3.0,3.5,4.0,4.5,5.0', '-log-level=WARNING']
2023-11-26 21:12:34;UNIUSDT;30m;3.5;75;28;80;100.0;3;114.15;['-batch-training', '-calc-rsi', '-verbose', '-prediction-mode=index', '-interval-list=30m', '-range-min-rsi=28', '-range-max-rsi=80', '-range-p-ema=50,250', '-target-margin-list=1.0,1.5,2.0,2.5,3.0,3.5,4.0,4.5,5.0', '-log-level=WARNING']
2023-11-26 19:32:09;UNIUSDT;30m;3.5;100;28;80;100.0;3;114.15;['-batch-training', '-calc-rsi', '-verbose', '-prediction-mode=index', '-interval-list=30m', '-range-min-rsi=28', '-range-max-rsi=80', '-range-p-ema=50,250', '-target-margin-list=1.0,1.5,2.0,2.5,3.0,3.5,4.0,4.5,5.0', '-log-level=WARNING']
2023-11-26 20:05:01;UNIUSDT;30m;3.5;175;28;80;100.0;3;114.15;['-batch-training', '-calc-rsi', '-verbose', '-prediction-mode=index', '-interval-list=30m', '-range-min-rsi=28', '-range-max-rsi=80', '-range-p-ema=50,250', '-target-margin-list=1.0,1.5,2.0,2.5,3.0,3.5,4.0,4.5,5.0', '-log-level=WARNING']
2023-11-26 19:48:12;UNIUSDT;30m;1.0;150;36;74;100.0;7;114.21;['-batch-training', '-calc-rsi', '-verbose', '-prediction-mode=index', '-interval-list=30m', '-range-min-rsi=28', '-range-max-rsi=80', '-range-p-ema=50,250', '-target-margin-list=1.0,1.5,2.0,2.5,3.0,3.5,4.0,4.5,5.0', '-log-level=WARNING']
2023-11-26 19:49:14;UNIUSDT;30m;1.5;150;36;72;100.0;5;114.21;['-batch-training', '-calc-rsi', '-verbose', '-prediction-mode=index', '-interval-list=30m', '-range-min-rsi=28', '-range-max-rsi=80', '-range-p-ema=50,250', '-target-margin-list=1.0,1.5,2.0,2.5,3.0,3.5,4.0,4.5,5.0', '-log-level=WARNING']
2023-11-26 19:51:16;UNIUSDT;30m;2.0;150;34;78;100.0;7;114.23;['-batch-training', '-calc-rsi', '-verbose', '-prediction-mode=index', '-interval-list=30m', '-range-min-rsi=28', '-range-max-rsi=80', '-range-p-ema=50,250', '-target-margin-list=1.0,1.5,2.0,2.5,3.0,3.5,4.0,4.5,5.0', '-log-level=WARNING']
2023-11-26 20:49:05;UNIUSDT;30m;1.5;50;30;72;100.0;5;114.23;['-batch-training', '-calc-rsi', '-verbose', '-prediction-mode=index', '-interval-list=30m', '-range-min-rsi=28', '-range-max-rsi=80', '-range-p-ema=50,250', '-target-margin-list=1.0,1.5,2.0,2.5,3.0,3.5,4.0,4.5,5.0', '-log-level=WARNING']
2023-11-26 20:09:48;UNIUSDT;30m;1.5;200;30;72;100.0;5;114.23;['-batch-training', '-calc-rsi', '-verbose', '-prediction-mode=index', '-interval-list=30m', '-range-min-rsi=28', '-range-max-rsi=80', '-range-p-ema=50,250', '-target-margin-list=1.0,1.5,2.0,2.5,3.0,3.5,4.0,4.5,5.0', '-log-level=WARNING']
2023-11-26 19:37:33;UNIUSDT;30m;1.5;125;30;72;100.0;5;114.23;['-batch-training', '-calc-rsi', '-verbose', '-prediction-mode=index', '-interval-list=30m', '-range-min-rsi=28', '-range-max-rsi=80', '-range-p-ema=50,250', '-target-margin-list=1.0,1.5,2.0,2.5,3.0,3.5,4.0,4.5,5.0', '-log-level=WARNING']
2023-11-26 19:59:42;UNIUSDT;30m;1.5;175;30;72;100.0;5;114.23;['-batch-training', '-calc-rsi', '-verbose', '-prediction-mode=index', '-interval-list=30m', '-range-min-rsi=28', '-range-max-rsi=80', '-range-p-ema=50,250', '-target-margin-list=1.0,1.5,2.0,2.5,3.0,3.5,4.0,4.5,5.0', '-log-level=WARNING']
2023-11-26 19:26:04;UNIUSDT;30m;1.5;100;30;72;100.0;5;114.23;['-batch-training', '-calc-rsi', '-verbose', '-prediction-mode=index', '-interval-list=30m', '-range-min-rsi=28', '-range-max-rsi=80', '-range-p-ema=50,250', '-target-margin-list=1.0,1.5,2.0,2.5,3.0,3.5,4.0,4.5,5.0', '-log-level=WARNING']
2023-11-26 19:49:05;UNIUSDT;30m;1.5;150;30;72;100.0;5;114.23;['-batch-training', '-calc-rsi', '-verbose', '-prediction-mode=index', '-interval-list=30m', '-range-min-rsi=28', '-range-max-rsi=80', '-range-p-ema=50,250', '-target-margin-list=1.0,1.5,2.0,2.5,3.0,3.5,4.0,4.5,5.0', '-log-level=WARNING']
2023-11-26 21:04:01;UNIUSDT;30m;1.5;75;30;72;100.0;5;114.23;['-batch-training', '-calc-rsi', '-verbose', '-prediction-mode=index', '-interval-list=30m', '-range-min-rsi=28', '-range-max-rsi=80', '-range-p-ema=50,250', '-target-margin-list=1.0,1.5,2.0,2.5,3.0,3.5,4.0,4.5,5.0', '-log-level=WARNING']
2023-11-26 20:11:59;UNIUSDT;30m;2.0;200;34;78;100.0;7;114.23;['-batch-training', '-calc-rsi', '-verbose', '-prediction-mode=index', '-interval-list=30m', '-range-min-rsi=28', '-range-max-rsi=80', '-range-p-ema=50,250', '-target-margin-list=1.0,1.5,2.0,2.5,3.0,3.5,4.0,4.5,5.0', '-log-level=WARNING']
2023-11-26 20:01:37;UNIUSDT;30m;2.0;175;34;78;100.0;7;114.23;['-batch-training', '-calc-rsi', '-verbose', '-prediction-mode=index', '-interval-list=30m', '-range-min-rsi=28', '-range-max-rsi=80', '-range-p-ema=50,250', '-target-margin-list=1.0,1.5,2.0,2.5,3.0,3.5,4.0,4.5,5.0', '-log-level=WARNING']
2023-11-26 19:30:38;UNIUSDT;30m;3.0;100;28;78;100.0;2;114.24;['-batch-training', '-calc-rsi', '-verbose', '-prediction-mode=index', '-interval-list=30m', '-range-min-rsi=28', '-range-max-rsi=80', '-range-p-ema=50,250', '-target-margin-list=1.0,1.5,2.0,2.5,3.0,3.5,4.0,4.5,5.0', '-log-level=WARNING']
2023-11-26 21:10:25;UNIUSDT;30m;3.0;75;28;78;100.0;2;114.24;['-batch-training', '-calc-rsi', '-verbose', '-prediction-mode=index', '-interval-list=30m', '-range-min-rsi=28', '-range-max-rsi=80', '-range-p-ema=50,250', '-target-margin-list=1.0,1.5,2.0,2.5,3.0,3.5,4.0,4.5,5.0', '-log-level=WARNING']
2023-11-26 19:53:32;UNIUSDT;30m;3.0;150;28;78;100.0;2;114.24;['-batch-training', '-calc-rsi', '-verbose', '-prediction-mode=index', '-interval-list=30m', '-range-min-rsi=28', '-range-max-rsi=80', '-range-p-ema=50,250', '-target-margin-list=1.0,1.5,2.0,2.5,3.0,3.5,4.0,4.5,5.0', '-log-level=WARNING']
2023-11-26 20:14:30;UNIUSDT;30m;3.0;200;28;78;100.0;2;114.24;['-batch-training', '-calc-rsi', '-verbose', '-prediction-mode=index', '-interval-list=30m', '-range-min-rsi=28', '-range-max-rsi=80', '-range-p-ema=50,250', '-target-margin-list=1.0,1.5,2.0,2.5,3.0,3.5,4.0,4.5,5.0', '-log-level=WARNING']
2023-11-26 20:40:36;UNIUSDT;30m;3.0;250;28;78;100.0;2;114.24;['-batch-training', '-calc-rsi', '-verbose', '-prediction-mode=index', '-interval-list=30m', '-range-min-rsi=28', '-range-max-rsi=80', '-range-p-ema=50,250', '-target-margin-list=1.0,1.5,2.0,2.5,3.0,3.5,4.0,4.5,5.0', '-log-level=WARNING']
2023-11-26 20:03:42;UNIUSDT;30m;3.0;175;28;78;100.0;2;114.24;['-batch-training', '-calc-rsi', '-verbose', '-prediction-mode=index', '-interval-list=30m', '-range-min-rsi=28', '-range-max-rsi=80', '-range-p-ema=50,250', '-target-margin-list=1.0,1.5,2.0,2.5,3.0,3.5,4.0,4.5,5.0', '-log-level=WARNING']
2023-11-26 20:27:12;UNIUSDT;30m;3.0;225;28;78;100.0;2;114.24;['-batch-training', '-calc-rsi', '-verbose', '-prediction-mode=index', '-interval-list=30m', '-range-min-rsi=28', '-range-max-rsi=80', '-range-p-ema=50,250', '-target-margin-list=1.0,1.5,2.0,2.5,3.0,3.5,4.0,4.5,5.0', '-log-level=WARNING']
2023-11-26 19:42:08;UNIUSDT;30m;3.0;125;28;78;100.0;2;114.24;['-batch-training', '-calc-rsi', '-verbose', '-prediction-mode=index', '-interval-list=30m', '-range-min-rsi=28', '-range-max-rsi=80', '-range-p-ema=50,250', '-target-margin-list=1.0,1.5,2.0,2.5,3.0,3.5,4.0,4.5,5.0', '-log-level=WARNING']
2023-11-26 20:54:54;UNIUSDT;30m;3.0;50;28;78;100.0;2;114.24;['-batch-training', '-calc-rsi', '-verbose', '-prediction-mode=index', '-interval-list=30m', '-range-min-rsi=28', '-range-max-rsi=80', '-range-p-ema=50,250', '-target-margin-list=1.0,1.5,2.0,2.5,3.0,3.5,4.0,4.5,5.0', '-log-level=WARNING']
2023-11-26 19:25:39;UNIUSDT;30m;1.0;100;34;78;100.0;4;114.26;['-batch-training', '-calc-rsi', '-verbose', '-prediction-mode=index', '-interval-list=30m', '-range-min-rsi=28', '-range-max-rsi=80', '-range-p-ema=50,250', '-target-margin-list=1.0,1.5,2.0,2.5,3.0,3.5,4.0,4.5,5.0', '-log-level=WARNING']
2023-11-26 20:48:34;UNIUSDT;30m;1.0;50;34;78;100.0;4;114.26;['-batch-training', '-calc-rsi', '-verbose', '-prediction-mode=index', '-interval-list=30m', '-range-min-rsi=28', '-range-max-rsi=80', '-range-p-ema=50,250', '-target-margin-list=1.0,1.5,2.0,2.5,3.0,3.5,4.0,4.5,5.0', '-log-level=WARNING']
2023-11-26 19:37:07;UNIUSDT;30m;1.0;125;34;78;100.0;4;114.26;['-batch-training', '-calc-rsi', '-verbose', '-prediction-mode=index', '-interval-list=30m', '-range-min-rsi=28', '-range-max-rsi=80', '-range-p-ema=50,250', '-target-margin-list=1.0,1.5,2.0,2.5,3.0,3.5,4.0,4.5,5.0', '-log-level=WARNING']
2023-11-26 21:03:28;UNIUSDT;30m;1.0;75;34;78;100.0;4;114.26;['-batch-training', '-calc-rsi', '-verbose', '-prediction-mode=index', '-interval-list=30m', '-range-min-rsi=28', '-range-max-rsi=80', '-range-p-ema=50,250', '-target-margin-list=1.0,1.5,2.0,2.5,3.0,3.5,4.0,4.5,5.0', '-log-level=WARNING']
2023-11-26 20:29:12;UNIUSDT;30m;3.5;225;36;80;100.0;4;114.27;['-batch-training', '-calc-rsi', '-verbose', '-prediction-mode=index', '-interval-list=30m', '-range-min-rsi=28', '-range-max-rsi=80', '-range-p-ema=50,250', '-target-margin-list=1.0,1.5,2.0,2.5,3.0,3.5,4.0,4.5,5.0', '-log-level=WARNING']
2023-11-26 20:35:06;UNIUSDT;30m;1.0;250;36;80;100.0;2;114.32;['-batch-training', '-calc-rsi', '-verbose', '-prediction-mode=index', '-interval-list=30m', '-range-min-rsi=28', '-range-max-rsi=80', '-range-p-ema=50,250', '-target-margin-list=1.0,1.5,2.0,2.5,3.0,3.5,4.0,4.5,5.0', '-log-level=WARNING']
2023-11-26 19:40:06;UNIUSDT;30m;2.5;125;28;72;100.0;4;114.33;['-batch-training', '-calc-rsi', '-verbose', '-prediction-mode=index', '-interval-list=30m', '-range-min-rsi=28', '-range-max-rsi=80', '-range-p-ema=50,250', '-target-margin-list=1.0,1.5,2.0,2.5,3.0,3.5,4.0,4.5,5.0', '-log-level=WARNING']
2023-11-26 20:24:55;UNIUSDT;30m;2.5;225;28;72;100.0;4;114.33;['-batch-training', '-calc-rsi', '-verbose', '-prediction-mode=index', '-interval-list=30m', '-range-min-rsi=28', '-range-max-rsi=80', '-range-p-ema=50,250', '-target-margin-list=1.0,1.5,2.0,2.5,3.0,3.5,4.0,4.5,5.0', '-log-level=WARNING']
2023-11-26 20:12:21;UNIUSDT;30m;2.5;200;28;72;100.0;4;114.33;['-batch-training', '-calc-rsi', '-verbose', '-prediction-mode=index', '-interval-list=30m', '-range-min-rsi=28', '-range-max-rsi=80', '-range-p-ema=50,250', '-target-margin-list=1.0,1.5,2.0,2.5,3.0,3.5,4.0,4.5,5.0', '-log-level=WARNING']
2023-11-26 20:52:14;UNIUSDT;30m;2.5;50;28;72;100.0;4;114.33;['-batch-training', '-calc-rsi', '-verbose', '-prediction-mode=index', '-interval-list=30m', '-range-min-rsi=28', '-range-max-rsi=80', '-range-p-ema=50,250', '-target-margin-list=1.0,1.5,2.0,2.5,3.0,3.5,4.0,4.5,5.0', '-log-level=WARNING']
2023-11-26 20:01:56;UNIUSDT;30m;2.5;175;28;72;100.0;4;114.33;['-batch-training', '-calc-rsi', '-verbose', '-prediction-mode=index', '-interval-list=30m', '-range-min-rsi=28', '-range-max-rsi=80', '-range-p-ema=50,250', '-target-margin-list=1.0,1.5,2.0,2.5,3.0,3.5,4.0,4.5,5.0', '-log-level=WARNING']
2023-11-26 19:28:38;UNIUSDT;30m;2.5;100;28;72;100.0;4;114.33;['-batch-training', '-calc-rsi', '-verbose', '-prediction-mode=index', '-interval-list=30m', '-range-min-rsi=28', '-range-max-rsi=80', '-range-p-ema=50,250', '-target-margin-list=1.0,1.5,2.0,2.5,3.0,3.5,4.0,4.5,5.0', '-log-level=WARNING']
2023-11-26 19:51:38;UNIUSDT;30m;2.5;150;28;72;100.0;4;114.33;['-batch-training', '-calc-rsi', '-verbose', '-prediction-mode=index', '-interval-list=30m', '-range-min-rsi=28', '-range-max-rsi=80', '-range-p-ema=50,250', '-target-margin-list=1.0,1.5,2.0,2.5,3.0,3.5,4.0,4.5,5.0', '-log-level=WARNING']
2023-11-26 21:07:34;UNIUSDT;30m;2.5;75;28;72;100.0;4;114.33;['-batch-training', '-calc-rsi', '-verbose', '-prediction-mode=index', '-interval-list=30m', '-range-min-rsi=28', '-range-max-rsi=80', '-range-p-ema=50,250', '-target-margin-list=1.0,1.5,2.0,2.5,3.0,3.5,4.0,4.5,5.0', '-log-level=WARNING']
2023-11-26 20:23:38;UNIUSDT;30m;2.0;225;34;72;100.0;3;114.36;['-batch-training', '-calc-rsi', '-verbose', '-prediction-mode=index', '-interval-list=30m', '-range-min-rsi=28', '-range-max-rsi=80', '-range-p-ema=50,250', '-target-margin-list=1.0,1.5,2.0,2.5,3.0,3.5,4.0,4.5,5.0', '-log-level=WARNING']
2023-11-26 20:42:27;UNIUSDT;30m;3.5;250;28;80;100.0;2;114.36;['-batch-training', '-calc-rsi', '-verbose', '-prediction-mode=index', '-interval-list=30m', '-range-min-rsi=28', '-range-max-rsi=80', '-range-p-ema=50,250', '-target-margin-list=1.0,1.5,2.0,2.5,3.0,3.5,4.0,4.5,5.0', '-log-level=WARNING']
2023-11-26 19:54:35;UNIUSDT;30m;3.5;150;34;76;100.0;4;114.37;['-batch-training', '-calc-rsi', '-verbose', '-prediction-mode=index', '-interval-list=30m', '-range-min-rsi=28', '-range-max-rsi=80', '-range-p-ema=50,250', '-target-margin-list=1.0,1.5,2.0,2.5,3.0,3.5,4.0,4.5,5.0', '-log-level=WARNING']
2023-11-26 20:04:43;UNIUSDT;30m;3.5;175;34;76;100.0;4;114.37;['-batch-training', '-calc-rsi', '-verbose', '-prediction-mode=index', '-interval-list=30m', '-range-min-rsi=28', '-range-max-rsi=80', '-range-p-ema=50,250', '-target-margin-list=1.0,1.5,2.0,2.5,3.0,3.5,4.0,4.5,5.0', '-log-level=WARNING']
2023-11-26 20:15:45;UNIUSDT;30m;3.5;200;34;76;100.0;4;114.37;['-batch-training', '-calc-rsi', '-verbose', '-prediction-mode=index', '-interval-list=30m', '-range-min-rsi=28', '-range-max-rsi=80', '-range-p-ema=50,250', '-target-margin-list=1.0,1.5,2.0,2.5,3.0,3.5,4.0,4.5,5.0', '-log-level=WARNING']
2023-11-26 19:59:06;UNIUSDT;30m;1.0;175;34;76;100.0;7;114.37;['-batch-training', '-calc-rsi', '-verbose', '-prediction-mode=index', '-interval-list=30m', '-range-min-rsi=28', '-range-max-rsi=80', '-range-p-ema=50,250', '-target-margin-list=1.0,1.5,2.0,2.5,3.0,3.5,4.0,4.5,5.0', '-log-level=WARNING']
2023-11-26 19:36:32;UNIUSDT;30m;1.0;125;32;74;100.0;5;114.41;['-batch-training', '-calc-rsi', '-verbose', '-prediction-mode=index', '-interval-list=30m', '-range-min-rsi=28', '-range-max-rsi=80', '-range-p-ema=50,250', '-target-margin-list=1.0,1.5,2.0,2.5,3.0,3.5,4.0,4.5,5.0', '-log-level=WARNING']
2023-11-26 21:02:41;UNIUSDT;30m;1.0;75;32;74;100.0;5;114.41;['-batch-training', '-calc-rsi', '-verbose', '-prediction-mode=index', '-interval-list=30m', '-range-min-rsi=28', '-range-max-rsi=80', '-range-p-ema=50,250', '-target-margin-list=1.0,1.5,2.0,2.5,3.0,3.5,4.0,4.5,5.0', '-log-level=WARNING']
2023-11-26 19:25:04;UNIUSDT;30m;1.0;100;32;74;100.0;5;114.41;['-batch-training', '-calc-rsi', '-verbose', '-prediction-mode=index', '-interval-list=30m', '-range-min-rsi=28', '-range-max-rsi=80', '-range-p-ema=50,250', '-target-margin-list=1.0,1.5,2.0,2.5,3.0,3.5,4.0,4.5,5.0', '-log-level=WARNING']
2023-11-26 20:47:52;UNIUSDT;30m;1.0;50;32;74;100.0;5;114.41;['-batch-training', '-calc-rsi', '-verbose', '-prediction-mode=index', '-interval-list=30m', '-range-min-rsi=28', '-range-max-rsi=80', '-range-p-ema=50,250', '-target-margin-list=1.0,1.5,2.0,2.5,3.0,3.5,4.0,4.5,5.0', '-log-level=WARNING']
2023-11-26 20:33:57;UNIUSDT;30m;1.0;250;28;74;100.0;7;114.42;['-batch-training', '-calc-rsi', '-verbose', '-prediction-mode=index', '-interval-list=30m', '-range-min-rsi=28', '-range-max-rsi=80', '-range-p-ema=50,250', '-target-margin-list=1.0,1.5,2.0,2.5,3.0,3.5,4.0,4.5,5.0', '-log-level=WARNING']
2023-11-26 20:33:57;UNIUSDT;30m;1.0;250;28;74;100.0;6;114.42;['-batch-training', '-calc-rsi', '-verbose', '-prediction-mode=index', '-interval-list=30m', '-range-min-rsi=28', '-range-max-rsi=80', '-range-p-ema=50,250', '-target-margin-list=1.0,1.5,2.0,2.5,3.0,3.5,4.0,4.5,5.0', '-log-level=WARNING']
2023-11-26 20:57:20;UNIUSDT;30m;4.0;50;32;72;100.0;2;114.46;['-batch-training', '-calc-rsi', '-verbose', '-prediction-mode=index', '-interval-list=30m', '-range-min-rsi=28', '-range-max-rsi=80', '-range-p-ema=50,250', '-target-margin-list=1.0,1.5,2.0,2.5,3.0,3.5,4.0,4.5,5.0', '-log-level=WARNING']
2023-11-26 19:32:29;UNIUSDT;30m;4.0;100;32;72;100.0;2;114.46;['-batch-training', '-calc-rsi', '-verbose', '-prediction-mode=index', '-interval-list=30m', '-range-min-rsi=28', '-range-max-rsi=80', '-range-p-ema=50,250', '-target-margin-list=1.0,1.5,2.0,2.5,3.0,3.5,4.0,4.5,5.0', '-log-level=WARNING']
2023-11-26 19:44:00;UNIUSDT;30m;4.0;125;32;72;100.0;2;114.46;['-batch-training', '-calc-rsi', '-verbose', '-prediction-mode=index', '-interval-list=30m', '-range-min-rsi=28', '-range-max-rsi=80', '-range-p-ema=50,250', '-target-margin-list=1.0,1.5,2.0,2.5,3.0,3.5,4.0,4.5,5.0', '-log-level=WARNING']
2023-11-26 21:13:05;UNIUSDT;30m;4.0;75;32;72;100.0;2;114.46;['-batch-training', '-calc-rsi', '-verbose', '-prediction-mode=index', '-interval-list=30m', '-range-min-rsi=28', '-range-max-rsi=80', '-range-p-ema=50,250', '-target-margin-list=1.0,1.5,2.0,2.5,3.0,3.5,4.0,4.5,5.0', '-log-level=WARNING']
2023-11-26 20:18:35;UNIUSDT;30m;4.5;200;28;78;100.0;2;114.48;['-batch-training', '-calc-rsi', '-verbose', '-prediction-mode=index', '-interval-list=30m', '-range-min-rsi=28', '-range-max-rsi=80', '-range-p-ema=50,250', '-target-margin-list=1.0,1.5,2.0,2.5,3.0,3.5,4.0,4.5,5.0', '-log-level=WARNING']
2023-11-26 19:34:21;UNIUSDT;30m;4.5;100;28;78;100.0;2;114.48;['-batch-training', '-calc-rsi', '-verbose', '-prediction-mode=index', '-interval-list=30m', '-range-min-rsi=28', '-range-max-rsi=80', '-range-p-ema=50,250', '-target-margin-list=1.0,1.5,2.0,2.5,3.0,3.5,4.0,4.5,5.0', '-log-level=WARNING']
2023-11-26 19:45:56;UNIUSDT;30m;4.5;125;28;78;100.0;2;114.48;['-batch-training', '-calc-rsi', '-verbose', '-prediction-mode=index', '-interval-list=30m', '-range-min-rsi=28', '-range-max-rsi=80', '-range-p-ema=50,250', '-target-margin-list=1.0,1.5,2.0,2.5,3.0,3.5,4.0,4.5,5.0', '-log-level=WARNING']
2023-11-26 19:59:03;UNIUSDT;30m;1.0;175;32;76;100.0;2;114.48;['-batch-training', '-calc-rsi', '-verbose', '-prediction-mode=index', '-interval-list=30m', '-range-min-rsi=28', '-range-max-rsi=80', '-range-p-ema=50,250', '-target-margin-list=1.0,1.5,2.0,2.5,3.0,3.5,4.0,4.5,5.0', '-log-level=WARNING']
2023-11-26 20:31:35;UNIUSDT;30m;4.5;225;28;78;100.0;2;114.48;['-batch-training', '-calc-rsi', '-verbose', '-prediction-mode=index', '-interval-list=30m', '-range-min-rsi=28', '-range-max-rsi=80', '-range-p-ema=50,250', '-target-margin-list=1.0,1.5,2.0,2.5,3.0,3.5,4.0,4.5,5.0', '-log-level=WARNING']
2023-11-26 19:56:57;UNIUSDT;30m;4.5;150;28;78;100.0;2;114.48;['-batch-training', '-calc-rsi', '-verbose', '-prediction-mode=index', '-interval-list=30m', '-range-min-rsi=28', '-range-max-rsi=80', '-range-p-ema=50,250', '-target-margin-list=1.0,1.5,2.0,2.5,3.0,3.5,4.0,4.5,5.0', '-log-level=WARNING']
2023-11-26 21:15:22;UNIUSDT;30m;4.5;75;28;78;100.0;2;114.48;['-batch-training', '-calc-rsi', '-verbose', '-prediction-mode=index', '-interval-list=30m', '-range-min-rsi=28', '-range-max-rsi=80', '-range-p-ema=50,250', '-target-margin-list=1.0,1.5,2.0,2.5,3.0,3.5,4.0,4.5,5.0', '-log-level=WARNING']
2023-11-26 20:59:52;UNIUSDT;30m;4.5;50;28;78;100.0;2;114.48;['-batch-training', '-calc-rsi', '-verbose', '-prediction-mode=index', '-interval-list=30m', '-range-min-rsi=28', '-range-max-rsi=80', '-range-p-ema=50,250', '-target-margin-list=1.0,1.5,2.0,2.5,3.0,3.5,4.0,4.5,5.0', '-log-level=WARNING']
2023-11-26 20:45:14;UNIUSDT;30m;4.5;250;28;78;100.0;2;114.48;['-batch-training', '-calc-rsi', '-verbose', '-prediction-mode=index', '-interval-list=30m', '-range-min-rsi=28', '-range-max-rsi=80', '-range-p-ema=50,250', '-target-margin-list=1.0,1.5,2.0,2.5,3.0,3.5,4.0,4.5,5.0', '-log-level=WARNING']
2023-11-26 20:07:00;UNIUSDT;30m;4.5;175;28;78;100.0;2;114.48;['-batch-training', '-calc-rsi', '-verbose', '-prediction-mode=index', '-interval-list=30m', '-range-min-rsi=28', '-range-max-rsi=80', '-range-p-ema=50,250', '-target-margin-list=1.0,1.5,2.0,2.5,3.0,3.5,4.0,4.5,5.0', '-log-level=WARNING']
2023-11-26 20:26:56;UNIUSDT;30m;3.0;225;28;76;100.0;3;114.53;['-batch-training', '-calc-rsi', '-verbose', '-prediction-mode=index', '-interval-list=30m', '-range-min-rsi=28', '-range-max-rsi=80', '-range-p-ema=50,250', '-target-margin-list=1.0,1.5,2.0,2.5,3.0,3.5,4.0,4.5,5.0', '-log-level=WARNING']
2023-11-26 21:10:04;UNIUSDT;30m;3.0;75;28;76;100.0;3;114.53;['-batch-training', '-calc-rsi', '-verbose', '-prediction-mode=index', '-interval-list=30m', '-range-min-rsi=28', '-range-max-rsi=80', '-range-p-ema=50,250', '-target-margin-list=1.0,1.5,2.0,2.5,3.0,3.5,4.0,4.5,5.0', '-log-level=WARNING']
2023-11-26 20:22:46;UNIUSDT;30m;1.5;225;34;76;100.0;3;114.53;['-batch-training', '-calc-rsi', '-verbose', '-prediction-mode=index', '-interval-list=30m', '-range-min-rsi=28', '-range-max-rsi=80', '-range-p-ema=50,250', '-target-margin-list=1.0,1.5,2.0,2.5,3.0,3.5,4.0,4.5,5.0', '-log-level=WARNING']
2023-11-26 20:03:29;UNIUSDT;30m;3.0;175;28;76;100.0;3;114.53;['-batch-training', '-calc-rsi', '-verbose', '-prediction-mode=index', '-interval-list=30m', '-range-min-rsi=28', '-range-max-rsi=80', '-range-p-ema=50,250', '-target-margin-list=1.0,1.5,2.0,2.5,3.0,3.5,4.0,4.5,5.0', '-log-level=WARNING']
2023-11-26 20:54:34;UNIUSDT;30m;3.0;50;28;76;100.0;3;114.53;['-batch-training', '-calc-rsi', '-verbose', '-prediction-mode=index', '-interval-list=30m', '-range-min-rsi=28', '-range-max-rsi=80', '-range-p-ema=50,250', '-target-margin-list=1.0,1.5,2.0,2.5,3.0,3.5,4.0,4.5,5.0', '-log-level=WARNING']
2023-11-26 19:41:53;UNIUSDT;30m;3.0;125;28;76;100.0;3;114.53;['-batch-training', '-calc-rsi', '-verbose', '-prediction-mode=index', '-interval-list=30m', '-range-min-rsi=28', '-range-max-rsi=80', '-range-p-ema=50,250', '-target-margin-list=1.0,1.5,2.0,2.5,3.0,3.5,4.0,4.5,5.0', '-log-level=WARNING']
2023-11-26 20:40:17;UNIUSDT;30m;3.0;250;28;76;100.0;3;114.53;['-batch-training', '-calc-rsi', '-verbose', '-prediction-mode=index', '-interval-list=30m', '-range-min-rsi=28', '-range-max-rsi=80', '-range-p-ema=50,250', '-target-margin-list=1.0,1.5,2.0,2.5,3.0,3.5,4.0,4.5,5.0', '-log-level=WARNING']
2023-11-26 19:30:23;UNIUSDT;30m;3.0;100;28;76;100.0;3;114.53;['-batch-training', '-calc-rsi', '-verbose', '-prediction-mode=index', '-interval-list=30m', '-range-min-rsi=28', '-range-max-rsi=80', '-range-p-ema=50,250', '-target-margin-list=1.0,1.5,2.0,2.5,3.0,3.5,4.0,4.5,5.0', '-log-level=WARNING']
2023-11-26 20:14:14;UNIUSDT;30m;3.0;200;28;76;100.0;3;114.53;['-batch-training', '-calc-rsi', '-verbose', '-prediction-mode=index', '-interval-list=30m', '-range-min-rsi=28', '-range-max-rsi=80', '-range-p-ema=50,250', '-target-margin-list=1.0,1.5,2.0,2.5,3.0,3.5,4.0,4.5,5.0', '-log-level=WARNING']
2023-11-26 19:53:19;UNIUSDT;30m;3.0;150;28;76;100.0;3;114.53;['-batch-training', '-calc-rsi', '-verbose', '-prediction-mode=index', '-interval-list=30m', '-range-min-rsi=28', '-range-max-rsi=80', '-range-p-ema=50,250', '-target-margin-list=1.0,1.5,2.0,2.5,3.0,3.5,4.0,4.5,5.0', '-log-level=WARNING']
2023-11-26 20:55:16;UNIUSDT;30m;3.0;50;30;80;100.0;3;114.54;['-batch-training', '-calc-rsi', '-verbose', '-prediction-mode=index', '-interval-list=30m', '-range-min-rsi=28', '-range-max-rsi=80', '-range-p-ema=50,250', '-target-margin-list=1.0,1.5,2.0,2.5,3.0,3.5,4.0,4.5,5.0', '-log-level=WARNING']
2023-11-26 20:40:59;UNIUSDT;30m;3.0;250;30;80;100.0;3;114.54;['-batch-training', '-calc-rsi', '-verbose', '-prediction-mode=index', '-interval-list=30m', '-range-min-rsi=28', '-range-max-rsi=80', '-range-p-ema=50,250', '-target-margin-list=1.0,1.5,2.0,2.5,3.0,3.5,4.0,4.5,5.0', '-log-level=WARNING']
2023-11-26 19:30:57;UNIUSDT;30m;3.0;100;30;80;100.0;3;114.54;['-batch-training', '-calc-rsi', '-verbose', '-prediction-mode=index', '-interval-list=30m', '-range-min-rsi=28', '-range-max-rsi=80', '-range-p-ema=50,250', '-target-margin-list=1.0,1.5,2.0,2.5,3.0,3.5,4.0,4.5,5.0', '-log-level=WARNING']
2023-11-26 20:27:34;UNIUSDT;30m;3.0;225;30;80;100.0;3;114.54;['-batch-training', '-calc-rsi', '-verbose', '-prediction-mode=index', '-interval-list=30m', '-range-min-rsi=28', '-range-max-rsi=80', '-range-p-ema=50,250', '-target-margin-list=1.0,1.5,2.0,2.5,3.0,3.5,4.0,4.5,5.0', '-log-level=WARNING']
2023-11-26 21:10:51;UNIUSDT;30m;3.0;75;30;80;100.0;3;114.54;['-batch-training', '-calc-rsi', '-verbose', '-prediction-mode=index', '-interval-list=30m', '-range-min-rsi=28', '-range-max-rsi=80', '-range-p-ema=50,250', '-target-margin-list=1.0,1.5,2.0,2.5,3.0,3.5,4.0,4.5,5.0', '-log-level=WARNING']
2023-11-26 20:14:49;UNIUSDT;30m;3.0;200;30;80;100.0;3;114.54;['-batch-training', '-calc-rsi', '-verbose', '-prediction-mode=index', '-interval-list=30m', '-range-min-rsi=28', '-range-max-rsi=80', '-range-p-ema=50,250', '-target-margin-list=1.0,1.5,2.0,2.5,3.0,3.5,4.0,4.5,5.0', '-log-level=WARNING']
2023-11-26 19:42:27;UNIUSDT;30m;3.0;125;30;80;100.0;3;114.54;['-batch-training', '-calc-rsi', '-verbose', '-prediction-mode=index', '-interval-list=30m', '-range-min-rsi=28', '-range-max-rsi=80', '-range-p-ema=50,250', '-target-margin-list=1.0,1.5,2.0,2.5,3.0,3.5,4.0,4.5,5.0', '-log-level=WARNING']
2023-11-26 20:03:58;UNIUSDT;30m;3.0;175;30;80;100.0;3;114.54;['-batch-training', '-calc-rsi', '-verbose', '-prediction-mode=index', '-interval-list=30m', '-range-min-rsi=28', '-range-max-rsi=80', '-range-p-ema=50,250', '-target-margin-list=1.0,1.5,2.0,2.5,3.0,3.5,4.0,4.5,5.0', '-log-level=WARNING']
2023-11-26 19:53:48;UNIUSDT;30m;3.0;150;30;80;100.0;3;114.54;['-batch-training', '-calc-rsi', '-verbose', '-prediction-mode=index', '-interval-list=30m', '-range-min-rsi=28', '-range-max-rsi=80', '-range-p-ema=50,250', '-target-margin-list=1.0,1.5,2.0,2.5,3.0,3.5,4.0,4.5,5.0', '-log-level=WARNING']
2023-11-26 20:40:43;UNIUSDT;30m;3.0;250;32;78;100.0;4;114.54;['-batch-training', '-calc-rsi', '-verbose', '-prediction-mode=index', '-interval-list=30m', '-range-min-rsi=28', '-range-max-rsi=80', '-range-p-ema=50,250', '-target-margin-list=1.0,1.5,2.0,2.5,3.0,3.5,4.0,4.5,5.0', '-log-level=WARNING']
2023-11-26 20:13:19;UNIUSDT;30m;2.5;200;34;78;100.0;4;114.55;['-batch-training', '-calc-rsi', '-verbose', '-prediction-mode=index', '-interval-list=30m', '-range-min-rsi=28', '-range-max-rsi=80', '-range-p-ema=50,250', '-target-margin-list=1.0,1.5,2.0,2.5,3.0,3.5,4.0,4.5,5.0', '-log-level=WARNING']
2023-11-26 20:22:36;UNIUSDT;30m;1.5;225;28;76;100.0;2;114.55;['-batch-training', '-calc-rsi', '-verbose', '-prediction-mode=index', '-interval-list=30m', '-range-min-rsi=28', '-range-max-rsi=80', '-range-p-ema=50,250', '-target-margin-list=1.0,1.5,2.0,2.5,3.0,3.5,4.0,4.5,5.0', '-log-level=WARNING']
2023-11-26 19:26:32;UNIUSDT;30m;1.5;100;28;76;100.0;2;114.55;['-batch-training', '-calc-rsi', '-verbose', '-prediction-mode=index', '-interval-list=30m', '-range-min-rsi=28', '-range-max-rsi=80', '-range-p-ema=50,250', '-target-margin-list=1.0,1.5,2.0,2.5,3.0,3.5,4.0,4.5,5.0', '-log-level=WARNING']
2023-11-26 20:49:39;UNIUSDT;30m;1.5;50;28;76;100.0;2;114.55;['-batch-training', '-calc-rsi', '-verbose', '-prediction-mode=index', '-interval-list=30m', '-range-min-rsi=28', '-range-max-rsi=80', '-range-p-ema=50,250', '-target-margin-list=1.0,1.5,2.0,2.5,3.0,3.5,4.0,4.5,5.0', '-log-level=WARNING']
2023-11-26 19:37:23;UNIUSDT;30m;1.0;125;34;80;100.0;4;114.55;['-batch-training', '-calc-rsi', '-verbose', '-prediction-mode=index', '-interval-list=30m', '-range-min-rsi=28', '-range-max-rsi=80', '-range-p-ema=50,250', '-target-margin-list=1.0,1.5,2.0,2.5,3.0,3.5,4.0,4.5,5.0', '-log-level=WARNING']
2023-11-26 19:25:55;UNIUSDT;30m;1.0;100;34;80;100.0;4;114.55;['-batch-training', '-calc-rsi', '-verbose', '-prediction-mode=index', '-interval-list=30m', '-range-min-rsi=28', '-range-max-rsi=80', '-range-p-ema=50,250', '-target-margin-list=1.0,1.5,2.0,2.5,3.0,3.5,4.0,4.5,5.0', '-log-level=WARNING']
2023-11-26 20:10:15;UNIUSDT;30m;1.5;200;28;76;100.0;2;114.55;['-batch-training', '-calc-rsi', '-verbose', '-prediction-mode=index', '-interval-list=30m', '-range-min-rsi=28', '-range-max-rsi=80', '-range-p-ema=50,250', '-target-margin-list=1.0,1.5,2.0,2.5,3.0,3.5,4.0,4.5,5.0', '-log-level=WARNING']
2023-11-26 21:03:48;UNIUSDT;30m;1.0;75;34;80;100.0;4;114.55;['-batch-training', '-calc-rsi', '-verbose', '-prediction-mode=index', '-interval-list=30m', '-range-min-rsi=28', '-range-max-rsi=80', '-range-p-ema=50,250', '-target-margin-list=1.0,1.5,2.0,2.5,3.0,3.5,4.0,4.5,5.0', '-log-level=WARNING']
2023-11-26 21:04:39;UNIUSDT;30m;1.5;75;28;76;100.0;2;114.55;['-batch-training', '-calc-rsi', '-verbose', '-prediction-mode=index', '-interval-list=30m', '-range-min-rsi=28', '-range-max-rsi=80', '-range-p-ema=50,250', '-target-margin-list=1.0,1.5,2.0,2.5,3.0,3.5,4.0,4.5,5.0', '-log-level=WARNING']
2023-11-26 20:00:07;UNIUSDT;30m;1.5;175;28;76;100.0;2;114.55;['-batch-training', '-calc-rsi', '-verbose', '-prediction-mode=index', '-interval-list=30m', '-range-min-rsi=28', '-range-max-rsi=80', '-range-p-ema=50,250', '-target-margin-list=1.0,1.5,2.0,2.5,3.0,3.5,4.0,4.5,5.0', '-log-level=WARNING']
2023-11-26 19:38:01;UNIUSDT;30m;1.5;125;28;76;100.0;2;114.55;['-batch-training', '-calc-rsi', '-verbose', '-prediction-mode=index', '-interval-list=30m', '-range-min-rsi=28', '-range-max-rsi=80', '-range-p-ema=50,250', '-target-margin-list=1.0,1.5,2.0,2.5,3.0,3.5,4.0,4.5,5.0', '-log-level=WARNING']
2023-11-26 19:49:33;UNIUSDT;30m;1.5;150;28;76;100.0;2;114.55;['-batch-training', '-calc-rsi', '-verbose', '-prediction-mode=index', '-interval-list=30m', '-range-min-rsi=28', '-range-max-rsi=80', '-range-p-ema=50,250', '-target-margin-list=1.0,1.5,2.0,2.5,3.0,3.5,4.0,4.5,5.0', '-log-level=WARNING']
2023-11-26 20:25:36;UNIUSDT;30m;2.5;225;32;76;100.0;2;114.55;['-batch-training', '-calc-rsi', '-verbose', '-prediction-mode=index', '-interval-list=30m', '-range-min-rsi=28', '-range-max-rsi=80', '-range-p-ema=50,250', '-target-margin-list=1.0,1.5,2.0,2.5,3.0,3.5,4.0,4.5,5.0', '-log-level=WARNING']
2023-11-26 20:13:00;UNIUSDT;30m;2.5;200;32;76;100.0;2;114.55;['-batch-training', '-calc-rsi', '-verbose', '-prediction-mode=index', '-interval-list=30m', '-range-min-rsi=28', '-range-max-rsi=80', '-range-p-ema=50,250', '-target-margin-list=1.0,1.5,2.0,2.5,3.0,3.5,4.0,4.5,5.0', '-log-level=WARNING']
2023-11-26 20:48:54;UNIUSDT;30m;1.0;50;34;80;100.0;4;114.55;['-batch-training', '-calc-rsi', '-verbose', '-prediction-mode=index', '-interval-list=30m', '-range-min-rsi=28', '-range-max-rsi=80', '-range-p-ema=50,250', '-target-margin-list=1.0,1.5,2.0,2.5,3.0,3.5,4.0,4.5,5.0', '-log-level=WARNING']
2023-11-26 20:09:01;UNIUSDT;30m;1.0;200;28;76;100.0;7;114.57;['-batch-training', '-calc-rsi', '-verbose', '-prediction-mode=index', '-interval-list=30m', '-range-min-rsi=28', '-range-max-rsi=80', '-range-p-ema=50,250', '-target-margin-list=1.0,1.5,2.0,2.5,3.0,3.5,4.0,4.5,5.0', '-log-level=WARNING']
2023-11-26 19:48:15;UNIUSDT;30m;1.0;150;28;76;100.0;7;114.57;['-batch-training', '-calc-rsi', '-verbose', '-prediction-mode=index', '-interval-list=30m', '-range-min-rsi=28', '-range-max-rsi=80', '-range-p-ema=50,250', '-target-margin-list=1.0,1.5,2.0,2.5,3.0,3.5,4.0,4.5,5.0', '-log-level=WARNING']
2023-11-26 19:36:41;UNIUSDT;30m;1.0;125;28;76;100.0;7;114.57;['-batch-training', '-calc-rsi', '-verbose', '-prediction-mode=index', '-interval-list=30m', '-range-min-rsi=28', '-range-max-rsi=80', '-range-p-ema=50,250', '-target-margin-list=1.0,1.5,2.0,2.5,3.0,3.5,4.0,4.5,5.0', '-log-level=WARNING']
2023-11-26 20:21:08;UNIUSDT;30m;1.0;225;28;76;100.0;7;114.57;['-batch-training', '-calc-rsi', '-verbose', '-prediction-mode=index', '-interval-list=30m', '-range-min-rsi=28', '-range-max-rsi=80', '-range-p-ema=50,250', '-target-margin-list=1.0,1.5,2.0,2.5,3.0,3.5,4.0,4.5,5.0', '-log-level=WARNING']
2023-11-26 20:48:04;UNIUSDT;30m;1.0;50;28;76;100.0;7;114.57;['-batch-training', '-calc-rsi', '-verbose', '-prediction-mode=index', '-interval-list=30m', '-range-min-rsi=28', '-range-max-rsi=80', '-range-p-ema=50,250', '-target-margin-list=1.0,1.5,2.0,2.5,3.0,3.5,4.0,4.5,5.0', '-log-level=WARNING']
2023-11-26 19:58:58;UNIUSDT;30m;1.0;175;28;76;100.0;7;114.57;['-batch-training', '-calc-rsi', '-verbose', '-prediction-mode=index', '-interval-list=30m', '-range-min-rsi=28', '-range-max-rsi=80', '-range-p-ema=50,250', '-target-margin-list=1.0,1.5,2.0,2.5,3.0,3.5,4.0,4.5,5.0', '-log-level=WARNING']
2023-11-26 19:25:14;UNIUSDT;30m;1.0;100;28;76;100.0;7;114.57;['-batch-training', '-calc-rsi', '-verbose', '-prediction-mode=index', '-interval-list=30m', '-range-min-rsi=28', '-range-max-rsi=80', '-range-p-ema=50,250', '-target-margin-list=1.0,1.5,2.0,2.5,3.0,3.5,4.0,4.5,5.0', '-log-level=WARNING']
2023-11-26 21:02:54;UNIUSDT;30m;1.0;75;28;76;100.0;7;114.57;['-batch-training', '-calc-rsi', '-verbose', '-prediction-mode=index', '-interval-list=30m', '-range-min-rsi=28', '-range-max-rsi=80', '-range-p-ema=50,250', '-target-margin-list=1.0,1.5,2.0,2.5,3.0,3.5,4.0,4.5,5.0', '-log-level=WARNING']
2023-11-26 20:12:28;UNIUSDT;30m;2.5;200;32;72;100.0;2;114.61;['-batch-training', '-calc-rsi', '-verbose', '-prediction-mode=index', '-interval-list=30m', '-range-min-rsi=28', '-range-max-rsi=80', '-range-p-ema=50,250', '-target-margin-list=1.0,1.5,2.0,2.5,3.0,3.5,4.0,4.5,5.0', '-log-level=WARNING']
2023-11-26 20:35:32;UNIUSDT;30m;1.5;250;30;74;100.0;5;114.61;['-batch-training', '-calc-rsi', '-verbose', '-prediction-mode=index', '-interval-list=30m', '-range-min-rsi=28', '-range-max-rsi=80', '-range-p-ema=50,250', '-target-margin-list=1.0,1.5,2.0,2.5,3.0,3.5,4.0,4.5,5.0', '-log-level=WARNING']
2023-11-26 20:34:31;UNIUSDT;30m;1.0;250;36;76;100.0;4;114.61;['-batch-training', '-calc-rsi', '-verbose', '-prediction-mode=index', '-interval-list=30m', '-range-min-rsi=28', '-range-max-rsi=80', '-range-p-ema=50,250', '-target-margin-list=1.0,1.5,2.0,2.5,3.0,3.5,4.0,4.5,5.0', '-log-level=WARNING']
2023-11-26 20:25:02;UNIUSDT;30m;2.5;225;32;72;100.0;2;114.61;['-batch-training', '-calc-rsi', '-verbose', '-prediction-mode=index', '-interval-list=30m', '-range-min-rsi=28', '-range-max-rsi=80', '-range-p-ema=50,250', '-target-margin-list=1.0,1.5,2.0,2.5,3.0,3.5,4.0,4.5,5.0', '-log-level=WARNING']
2023-11-26 20:09:42;UNIUSDT;30m;1.0;200;36;80;100.0;7;114.64;['-batch-training', '-calc-rsi', '-verbose', '-prediction-mode=index', '-interval-list=30m', '-range-min-rsi=28', '-range-max-rsi=80', '-range-p-ema=50,250', '-target-margin-list=1.0,1.5,2.0,2.5,3.0,3.5,4.0,4.5,5.0', '-log-level=WARNING']
2023-11-26 20:36:36;UNIUSDT;30m;1.5;250;36;80;100.0;5;114.65;['-batch-training', '-calc-rsi', '-verbose', '-prediction-mode=index', '-interval-list=30m', '-range-min-rsi=28', '-range-max-rsi=80', '-range-p-ema=50,250', '-target-margin-list=1.0,1.5,2.0,2.5,3.0,3.5,4.0,4.5,5.0', '-log-level=WARNING']
2023-11-26 19:51:34;UNIUSDT;30m;2.0;150;36;80;100.0;3;114.65;['-batch-training', '-calc-rsi', '-verbose', '-prediction-mode=index', '-interval-list=30m', '-range-min-rsi=28', '-range-max-rsi=80', '-range-p-ema=50,250', '-target-margin-list=1.0,1.5,2.0,2.5,3.0,3.5,4.0,4.5,5.0', '-log-level=WARNING']
2023-11-26 19:52:48;UNIUSDT;30m;2.5;150;36;80;100.0;3;114.67;['-batch-training', '-calc-rsi', '-verbose', '-prediction-mode=index', '-interval-list=30m', '-range-min-rsi=28', '-range-max-rsi=80', '-range-p-ema=50,250', '-target-margin-list=1.0,1.5,2.0,2.5,3.0,3.5,4.0,4.5,5.0', '-log-level=WARNING']
2023-11-26 20:23:21;UNIUSDT;30m;1.5;225;34;80;100.0;4;114.73;['-batch-training', '-calc-rsi', '-verbose', '-prediction-mode=index', '-interval-list=30m', '-range-min-rsi=28', '-range-max-rsi=80', '-range-p-ema=50,250', '-target-margin-list=1.0,1.5,2.0,2.5,3.0,3.5,4.0,4.5,5.0', '-log-level=WARNING']
2023-11-26 19:55:54;UNIUSDT;30m;4.0;150;32;78;100.0;3;114.73;['-batch-training', '-calc-rsi', '-verbose', '-prediction-mode=index', '-interval-list=30m', '-range-min-rsi=28', '-range-max-rsi=80', '-range-p-ema=50,250', '-target-margin-list=1.0,1.5,2.0,2.5,3.0,3.5,4.0,4.5,5.0', '-log-level=WARNING']
2023-11-26 20:30:14;UNIUSDT;30m;4.0;225;32;78;100.0;3;114.73;['-batch-training', '-calc-rsi', '-verbose', '-prediction-mode=index', '-interval-list=30m', '-range-min-rsi=28', '-range-max-rsi=80', '-range-p-ema=50,250', '-target-margin-list=1.0,1.5,2.0,2.5,3.0,3.5,4.0,4.5,5.0', '-log-level=WARNING']
2023-11-26 20:06:00;UNIUSDT;30m;4.0;175;32;78;100.0;3;114.73;['-batch-training', '-calc-rsi', '-verbose', '-prediction-mode=index', '-interval-list=30m', '-range-min-rsi=28', '-range-max-rsi=80', '-range-p-ema=50,250', '-target-margin-list=1.0,1.5,2.0,2.5,3.0,3.5,4.0,4.5,5.0', '-log-level=WARNING']
2023-11-26 20:43:49;UNIUSDT;30m;4.0;250;32;78;100.0;3;114.73;['-batch-training', '-calc-rsi', '-verbose', '-prediction-mode=index', '-interval-list=30m', '-range-min-rsi=28', '-range-max-rsi=80', '-range-p-ema=50,250', '-target-margin-list=1.0,1.5,2.0,2.5,3.0,3.5,4.0,4.5,5.0', '-log-level=WARNING']
2023-11-26 20:17:19;UNIUSDT;30m;4.0;200;32;78;100.0;3;114.73;['-batch-training', '-calc-rsi', '-verbose', '-prediction-mode=index', '-interval-list=30m', '-range-min-rsi=28', '-range-max-rsi=80', '-range-p-ema=50,250', '-target-margin-list=1.0,1.5,2.0,2.5,3.0,3.5,4.0,4.5,5.0', '-log-level=WARNING']
2023-11-26 20:03:21;UNIUSDT;30m;3.0;175;32;74;100.0;4;114.76;['-batch-training', '-calc-rsi', '-verbose', '-prediction-mode=index', '-interval-list=30m', '-range-min-rsi=28', '-range-max-rsi=80', '-range-p-ema=50,250', '-target-margin-list=1.0,1.5,2.0,2.5,3.0,3.5,4.0,4.5,5.0', '-log-level=WARNING']
2023-11-26 19:53:10;UNIUSDT;30m;3.0;150;32;74;100.0;4;114.76;['-batch-training', '-calc-rsi', '-verbose', '-prediction-mode=index', '-interval-list=30m', '-range-min-rsi=28', '-range-max-rsi=80', '-range-p-ema=50,250', '-target-margin-list=1.0,1.5,2.0,2.5,3.0,3.5,4.0,4.5,5.0', '-log-level=WARNING']
2023-11-26 20:26:45;UNIUSDT;30m;3.0;225;32;74;100.0;4;114.76;['-batch-training', '-calc-rsi', '-verbose', '-prediction-mode=index', '-interval-list=30m', '-range-min-rsi=28', '-range-max-rsi=80', '-range-p-ema=50,250', '-target-margin-list=1.0,1.5,2.0,2.5,3.0,3.5,4.0,4.5,5.0', '-log-level=WARNING']
2023-11-26 20:14:05;UNIUSDT;30m;3.0;200;32;74;100.0;4;114.76;['-batch-training', '-calc-rsi', '-verbose', '-prediction-mode=index', '-interval-list=30m', '-range-min-rsi=28', '-range-max-rsi=80', '-range-p-ema=50,250', '-target-margin-list=1.0,1.5,2.0,2.5,3.0,3.5,4.0,4.5,5.0', '-log-level=WARNING']
2023-11-26 20:00:45;UNIUSDT;30m;1.5;175;36;80;100.0;5;114.79;['-batch-training', '-calc-rsi', '-verbose', '-prediction-mode=index', '-interval-list=30m', '-range-min-rsi=28', '-range-max-rsi=80', '-range-p-ema=50,250', '-target-margin-list=1.0,1.5,2.0,2.5,3.0,3.5,4.0,4.5,5.0', '-log-level=WARNING']
2023-11-26 20:10:59;UNIUSDT;30m;1.5;200;36;80;100.0;5;114.81;['-batch-training', '-calc-rsi', '-verbose', '-prediction-mode=index', '-interval-list=30m', '-range-min-rsi=28', '-range-max-rsi=80', '-range-p-ema=50,250', '-target-margin-list=1.0,1.5,2.0,2.5,3.0,3.5,4.0,4.5,5.0', '-log-level=WARNING']
2023-11-26 20:36:50;UNIUSDT;30m;2.0;250;34;72;100.0;3;114.85;['-batch-training', '-calc-rsi', '-verbose', '-prediction-mode=index', '-interval-list=30m', '-range-min-rsi=28', '-range-max-rsi=80', '-range-p-ema=50,250', '-target-margin-list=1.0,1.5,2.0,2.5,3.0,3.5,4.0,4.5,5.0', '-log-level=WARNING']
2023-11-26 20:12:03;UNIUSDT;30m;2.0;200;36;78;100.0;3;114.86;['-batch-training', '-calc-rsi', '-verbose', '-prediction-mode=index', '-interval-list=30m', '-range-min-rsi=28', '-range-max-rsi=80', '-range-p-ema=50,250', '-target-margin-list=1.0,1.5,2.0,2.5,3.0,3.5,4.0,4.5,5.0', '-log-level=WARNING']
2023-11-26 19:38:39;UNIUSDT;30m;1.5;125;32;80;100.0;6;114.87;['-batch-training', '-calc-rsi', '-verbose', '-prediction-mode=index', '-interval-list=30m', '-range-min-rsi=28', '-range-max-rsi=80', '-range-p-ema=50,250', '-target-margin-list=1.0,1.5,2.0,2.5,3.0,3.5,4.0,4.5,5.0', '-log-level=WARNING']
2023-11-26 20:50:26;UNIUSDT;30m;1.5;50;32;80;100.0;6;114.87;['-batch-training', '-calc-rsi', '-verbose', '-prediction-mode=index', '-interval-list=30m', '-range-min-rsi=28', '-range-max-rsi=80', '-range-p-ema=50,250', '-target-margin-list=1.0,1.5,2.0,2.5,3.0,3.5,4.0,4.5,5.0', '-log-level=WARNING']
2023-11-26 19:27:10;UNIUSDT;30m;1.5;100;32;80;100.0;6;114.87;['-batch-training', '-calc-rsi', '-verbose', '-prediction-mode=index', '-interval-list=30m', '-range-min-rsi=28', '-range-max-rsi=80', '-range-p-ema=50,250', '-target-margin-list=1.0,1.5,2.0,2.5,3.0,3.5,4.0,4.5,5.0', '-log-level=WARNING']
2023-11-26 21:05:31;UNIUSDT;30m;1.5;75;32;80;100.0;6;114.87;['-batch-training', '-calc-rsi', '-verbose', '-prediction-mode=index', '-interval-list=30m', '-range-min-rsi=28', '-range-max-rsi=80', '-range-p-ema=50,250', '-target-margin-list=1.0,1.5,2.0,2.5,3.0,3.5,4.0,4.5,5.0', '-log-level=WARNING']
2023-11-26 19:27:31;UNIUSDT;30m;2.0;100;36;72;100.0;5;114.88;['-batch-training', '-calc-rsi', '-verbose', '-prediction-mode=index', '-interval-list=30m', '-range-min-rsi=28', '-range-max-rsi=80', '-range-p-ema=50,250', '-target-margin-list=1.0,1.5,2.0,2.5,3.0,3.5,4.0,4.5,5.0', '-log-level=WARNING']
2023-11-26 19:39:01;UNIUSDT;30m;2.0;125;36;72;100.0;5;114.88;['-batch-training', '-calc-rsi', '-verbose', '-prediction-mode=index', '-interval-list=30m', '-range-min-rsi=28', '-range-max-rsi=80', '-range-p-ema=50,250', '-target-margin-list=1.0,1.5,2.0,2.5,3.0,3.5,4.0,4.5,5.0', '-log-level=WARNING']
2023-11-26 21:06:02;UNIUSDT;30m;2.0;75;36;72;100.0;5;114.88;['-batch-training', '-calc-rsi', '-verbose', '-prediction-mode=index', '-interval-list=30m', '-range-min-rsi=28', '-range-max-rsi=80', '-range-p-ema=50,250', '-target-margin-list=1.0,1.5,2.0,2.5,3.0,3.5,4.0,4.5,5.0', '-log-level=WARNING']
2023-11-26 20:50:53;UNIUSDT;30m;2.0;50;36;72;100.0;5;114.88;['-batch-training', '-calc-rsi', '-verbose', '-prediction-mode=index', '-interval-list=30m', '-range-min-rsi=28', '-range-max-rsi=80', '-range-p-ema=50,250', '-target-margin-list=1.0,1.5,2.0,2.5,3.0,3.5,4.0,4.5,5.0', '-log-level=WARNING']
2023-11-26 19:27:13;UNIUSDT;30m;1.5;100;34;80;100.0;7;114.91;['-batch-training', '-calc-rsi', '-verbose', '-prediction-mode=index', '-interval-list=30m', '-range-min-rsi=28', '-range-max-rsi=80', '-range-p-ema=50,250', '-target-margin-list=1.0,1.5,2.0,2.5,3.0,3.5,4.0,4.5,5.0', '-log-level=WARNING']
2023-11-26 20:50:30;UNIUSDT;30m;1.5;50;34;80;100.0;7;114.91;['-batch-training', '-calc-rsi', '-verbose', '-prediction-mode=index', '-interval-list=30m', '-range-min-rsi=28', '-range-max-rsi=80', '-range-p-ema=50,250', '-target-margin-list=1.0,1.5,2.0,2.5,3.0,3.5,4.0,4.5,5.0', '-log-level=WARNING']
2023-11-26 21:05:37;UNIUSDT;30m;1.5;75;34;80;100.0;7;114.91;['-batch-training', '-calc-rsi', '-verbose', '-prediction-mode=index', '-interval-list=30m', '-range-min-rsi=28', '-range-max-rsi=80', '-range-p-ema=50,250', '-target-margin-list=1.0,1.5,2.0,2.5,3.0,3.5,4.0,4.5,5.0', '-log-level=WARNING']
2023-11-26 19:38:42;UNIUSDT;30m;1.5;125;34;80;100.0;7;114.91;['-batch-training', '-calc-rsi', '-verbose', '-prediction-mode=index', '-interval-list=30m', '-range-min-rsi=28', '-range-max-rsi=80', '-range-p-ema=50,250', '-target-margin-list=1.0,1.5,2.0,2.5,3.0,3.5,4.0,4.5,5.0', '-log-level=WARNING']
2023-11-26 20:41:06;UNIUSDT;30m;3.0;250;34;80;100.0;4;114.92;['-batch-training', '-calc-rsi', '-verbose', '-prediction-mode=index', '-interval-list=30m', '-range-min-rsi=28', '-range-max-rsi=80', '-range-p-ema=50,250', '-target-margin-list=1.0,1.5,2.0,2.5,3.0,3.5,4.0,4.5,5.0', '-log-level=WARNING']
2023-11-26 19:42:15;UNIUSDT;30m;3.0;125;32;78;100.0;4;114.93;['-batch-training', '-calc-rsi', '-verbose', '-prediction-mode=index', '-interval-list=30m', '-range-min-rsi=28', '-range-max-rsi=80', '-range-p-ema=50,250', '-target-margin-list=1.0,1.5,2.0,2.5,3.0,3.5,4.0,4.5,5.0', '-log-level=WARNING']
2023-11-26 20:55:02;UNIUSDT;30m;3.0;50;32;78;100.0;4;114.93;['-batch-training', '-calc-rsi', '-verbose', '-prediction-mode=index', '-interval-list=30m', '-range-min-rsi=28', '-range-max-rsi=80', '-range-p-ema=50,250', '-target-margin-list=1.0,1.5,2.0,2.5,3.0,3.5,4.0,4.5,5.0', '-log-level=WARNING']
2023-11-26 20:34:56;UNIUSDT;30m;1.0;250;30;80;100.0;6;114.93;['-batch-training', '-calc-rsi', '-verbose', '-prediction-mode=index', '-interval-list=30m', '-range-min-rsi=28', '-range-max-rsi=80', '-range-p-ema=50,250', '-target-margin-list=1.0,1.5,2.0,2.5,3.0,3.5,4.0,4.5,5.0', '-log-level=WARNING']
2023-11-26 21:10:34;UNIUSDT;30m;3.0;75;32;78;100.0;4;114.93;['-batch-training', '-calc-rsi', '-verbose', '-prediction-mode=index', '-interval-list=30m', '-range-min-rsi=28', '-range-max-rsi=80', '-range-p-ema=50,250', '-target-margin-list=1.0,1.5,2.0,2.5,3.0,3.5,4.0,4.5,5.0', '-log-level=WARNING']
2023-11-26 19:30:44;UNIUSDT;30m;3.0;100;32;78;100.0;4;114.93;['-batch-training', '-calc-rsi', '-verbose', '-prediction-mode=index', '-interval-list=30m', '-range-min-rsi=28', '-range-max-rsi=80', '-range-p-ema=50,250', '-target-margin-list=1.0,1.5,2.0,2.5,3.0,3.5,4.0,4.5,5.0', '-log-level=WARNING']
2023-11-26 19:25:42;UNIUSDT;30m;1.0;100;36;78;100.0;4;114.96;['-batch-training', '-calc-rsi', '-verbose', '-prediction-mode=index', '-interval-list=30m', '-range-min-rsi=28', '-range-max-rsi=80', '-range-p-ema=50,250', '-target-margin-list=1.0,1.5,2.0,2.5,3.0,3.5,4.0,4.5,5.0', '-log-level=WARNING']
2023-11-26 21:14:31;UNIUSDT;30m;4.5;75;28;72;100.0;4;114.96;['-batch-training', '-calc-rsi', '-verbose', '-prediction-mode=index', '-interval-list=30m', '-range-min-rsi=28', '-range-max-rsi=80', '-range-p-ema=50,250', '-target-margin-list=1.0,1.5,2.0,2.5,3.0,3.5,4.0,4.5,5.0', '-log-level=WARNING']
2023-11-26 20:17:47;UNIUSDT;30m;4.5;200;28;72;100.0;4;114.96;['-batch-training', '-calc-rsi', '-verbose', '-prediction-mode=index', '-interval-list=30m', '-range-min-rsi=28', '-range-max-rsi=80', '-range-p-ema=50,250', '-target-margin-list=1.0,1.5,2.0,2.5,3.0,3.5,4.0,4.5,5.0', '-log-level=WARNING']
2023-11-26 20:30:42;UNIUSDT;30m;4.5;225;28;72;100.0;4;114.96;['-batch-training', '-calc-rsi', '-verbose', '-prediction-mode=index', '-interval-list=30m', '-range-min-rsi=28', '-range-max-rsi=80', '-range-p-ema=50,250', '-target-margin-list=1.0,1.5,2.0,2.5,3.0,3.5,4.0,4.5,5.0', '-log-level=WARNING']
2023-11-26 19:33:37;UNIUSDT;30m;4.5;100;28;72;100.0;4;114.96;['-batch-training', '-calc-rsi', '-verbose', '-prediction-mode=index', '-interval-list=30m', '-range-min-rsi=28', '-range-max-rsi=80', '-range-p-ema=50,250', '-target-margin-list=1.0,1.5,2.0,2.5,3.0,3.5,4.0,4.5,5.0', '-log-level=WARNING']
2023-11-26 19:45:10;UNIUSDT;30m;4.5;125;28;72;100.0;4;114.96;['-batch-training', '-calc-rsi', '-verbose', '-prediction-mode=index', '-interval-list=30m', '-range-min-rsi=28', '-range-max-rsi=80', '-range-p-ema=50,250', '-target-margin-list=1.0,1.5,2.0,2.5,3.0,3.5,4.0,4.5,5.0', '-log-level=WARNING']
2023-11-26 19:37:11;UNIUSDT;30m;1.0;125;36;78;100.0;4;114.96;['-batch-training', '-calc-rsi', '-verbose', '-prediction-mode=index', '-interval-list=30m', '-range-min-rsi=28', '-range-max-rsi=80', '-range-p-ema=50,250', '-target-margin-list=1.0,1.5,2.0,2.5,3.0,3.5,4.0,4.5,5.0', '-log-level=WARNING']
2023-11-26 20:44:19;UNIUSDT;30m;4.5;250;28;72;100.0;4;114.96;['-batch-training', '-calc-rsi', '-verbose', '-prediction-mode=index', '-interval-list=30m', '-range-min-rsi=28', '-range-max-rsi=80', '-range-p-ema=50,250', '-target-margin-list=1.0,1.5,2.0,2.5,3.0,3.5,4.0,4.5,5.0', '-log-level=WARNING']
2023-11-26 19:56:16;UNIUSDT;30m;4.5;150;28;72;100.0;4;114.96;['-batch-training', '-calc-rsi', '-verbose', '-prediction-mode=index', '-interval-list=30m', '-range-min-rsi=28', '-range-max-rsi=80', '-range-p-ema=50,250', '-target-margin-list=1.0,1.5,2.0,2.5,3.0,3.5,4.0,4.5,5.0', '-log-level=WARNING']
2023-11-26 20:06:21;UNIUSDT;30m;4.5;175;28;72;100.0;4;114.96;['-batch-training', '-calc-rsi', '-verbose', '-prediction-mode=index', '-interval-list=30m', '-range-min-rsi=28', '-range-max-rsi=80', '-range-p-ema=50,250', '-target-margin-list=1.0,1.5,2.0,2.5,3.0,3.5,4.0,4.5,5.0', '-log-level=WARNING']
2023-11-26 20:58:51;UNIUSDT;30m;4.5;50;28;72;100.0;4;114.96;['-batch-training', '-calc-rsi', '-verbose', '-prediction-mode=index', '-interval-list=30m', '-range-min-rsi=28', '-range-max-rsi=80', '-range-p-ema=50,250', '-target-margin-list=1.0,1.5,2.0,2.5,3.0,3.5,4.0,4.5,5.0', '-log-level=WARNING']
2023-11-26 20:36:14;UNIUSDT;30m;1.5;250;34;78;100.0;4;114.98;['-batch-training', '-calc-rsi', '-verbose', '-prediction-mode=index', '-interval-list=30m', '-range-min-rsi=28', '-range-max-rsi=80', '-range-p-ema=50,250', '-target-margin-list=1.0,1.5,2.0,2.5,3.0,3.5,4.0,4.5,5.0', '-log-level=WARNING']
2023-11-26 19:51:19;UNIUSDT;30m;2.0;150;36;78;100.0;3;115.01;['-batch-training', '-calc-rsi', '-verbose', '-prediction-mode=index', '-interval-list=30m', '-range-min-rsi=28', '-range-max-rsi=80', '-range-p-ema=50,250', '-target-margin-list=1.0,1.5,2.0,2.5,3.0,3.5,4.0,4.5,5.0', '-log-level=WARNING']
2023-11-26 20:38:10;UNIUSDT;30m;2.5;250;28;72;100.0;4;115.02;['-batch-training', '-calc-rsi', '-verbose', '-prediction-mode=index', '-interval-list=30m', '-range-min-rsi=28', '-range-max-rsi=80', '-range-p-ema=50,250', '-target-margin-list=1.0,1.5,2.0,2.5,3.0,3.5,4.0,4.5,5.0', '-log-level=WARNING']
2023-11-26 19:24:58;UNIUSDT;30m;1.0;100;28;74;100.0;6;115.04;['-batch-training', '-calc-rsi', '-verbose', '-prediction-mode=index', '-interval-list=30m', '-range-min-rsi=28', '-range-max-rsi=80', '-range-p-ema=50,250', '-target-margin-list=1.0,1.5,2.0,2.5,3.0,3.5,4.0,4.5,5.0', '-log-level=WARNING']
2023-11-26 19:47:59;UNIUSDT;30m;1.0;150;28;74;100.0;7;115.04;['-batch-training', '-calc-rsi', '-verbose', '-prediction-mode=index', '-interval-list=30m', '-range-min-rsi=28', '-range-max-rsi=80', '-range-p-ema=50,250', '-target-margin-list=1.0,1.5,2.0,2.5,3.0,3.5,4.0,4.5,5.0', '-log-level=WARNING']
2023-11-26 20:20:51;UNIUSDT;30m;1.0;225;28;74;100.0;6;115.04;['-batch-training', '-calc-rsi', '-verbose', '-prediction-mode=index', '-interval-list=30m', '-range-min-rsi=28', '-range-max-rsi=80', '-range-p-ema=50,250', '-target-margin-list=1.0,1.5,2.0,2.5,3.0,3.5,4.0,4.5,5.0', '-log-level=WARNING']
2023-11-26 19:36:25;UNIUSDT;30m;1.0;125;28;74;100.0;6;115.04;['-batch-training', '-calc-rsi', '-verbose', '-prediction-mode=index', '-interval-list=30m', '-range-min-rsi=28', '-range-max-rsi=80', '-range-p-ema=50,250', '-target-margin-list=1.0,1.5,2.0,2.5,3.0,3.5,4.0,4.5,5.0', '-log-level=WARNING']
2023-11-26 19:47:59;UNIUSDT;30m;1.0;150;28;74;100.0;6;115.04;['-batch-training', '-calc-rsi', '-verbose', '-prediction-mode=index', '-interval-list=30m', '-range-min-rsi=28', '-range-max-rsi=80', '-range-p-ema=50,250', '-target-margin-list=1.0,1.5,2.0,2.5,3.0,3.5,4.0,4.5,5.0', '-log-level=WARNING']
2023-11-26 20:47:44;UNIUSDT;30m;1.0;50;28;74;100.0;7;115.04;['-batch-training', '-calc-rsi', '-verbose', '-prediction-mode=index', '-interval-list=30m', '-range-min-rsi=28', '-range-max-rsi=80', '-range-p-ema=50,250', '-target-margin-list=1.0,1.5,2.0,2.5,3.0,3.5,4.0,4.5,5.0', '-log-level=WARNING']
2023-11-26 19:58:44;UNIUSDT;30m;1.0;175;28;74;100.0;7;115.04;['-batch-training', '-calc-rsi', '-verbose', '-prediction-mode=index', '-interval-list=30m', '-range-min-rsi=28', '-range-max-rsi=80', '-range-p-ema=50,250', '-target-margin-list=1.0,1.5,2.0,2.5,3.0,3.5,4.0,4.5,5.0', '-log-level=WARNING']
2023-11-26 19:36:25;UNIUSDT;30m;1.0;125;28;74;100.0;7;115.04;['-batch-training', '-calc-rsi', '-verbose', '-prediction-mode=index', '-interval-list=30m', '-range-min-rsi=28', '-range-max-rsi=80', '-range-p-ema=50,250', '-target-margin-list=1.0,1.5,2.0,2.5,3.0,3.5,4.0,4.5,5.0', '-log-level=WARNING']
2023-11-26 19:58:44;UNIUSDT;30m;1.0;175;28;74;100.0;6;115.04;['-batch-training', '-calc-rsi', '-verbose', '-prediction-mode=index', '-interval-list=30m', '-range-min-rsi=28', '-range-max-rsi=80', '-range-p-ema=50,250', '-target-margin-list=1.0,1.5,2.0,2.5,3.0,3.5,4.0,4.5,5.0', '-log-level=WARNING']
2023-11-26 20:20:51;UNIUSDT;30m;1.0;225;28;74;100.0;7;115.04;['-batch-training', '-calc-rsi', '-verbose', '-prediction-mode=index', '-interval-list=30m', '-range-min-rsi=28', '-range-max-rsi=80', '-range-p-ema=50,250', '-target-margin-list=1.0,1.5,2.0,2.5,3.0,3.5,4.0,4.5,5.0', '-log-level=WARNING']
2023-11-26 19:24:58;UNIUSDT;30m;1.0;100;28;74;100.0;7;115.04;['-batch-training', '-calc-rsi', '-verbose', '-prediction-mode=index', '-interval-list=30m', '-range-min-rsi=28', '-range-max-rsi=80', '-range-p-ema=50,250', '-target-margin-list=1.0,1.5,2.0,2.5,3.0,3.5,4.0,4.5,5.0', '-log-level=WARNING']
2023-11-26 20:47:44;UNIUSDT;30m;1.0;50;28;74;100.0;6;115.04;['-batch-training', '-calc-rsi', '-verbose', '-prediction-mode=index', '-interval-list=30m', '-range-min-rsi=28', '-range-max-rsi=80', '-range-p-ema=50,250', '-target-margin-list=1.0,1.5,2.0,2.5,3.0,3.5,4.0,4.5,5.0', '-log-level=WARNING']
2023-11-26 21:05:41;UNIUSDT;30m;1.5;75;36;80;100.0;4;115.04;['-batch-training', '-calc-rsi', '-verbose', '-prediction-mode=index', '-interval-list=30m', '-range-min-rsi=28', '-range-max-rsi=80', '-range-p-ema=50,250', '-target-margin-list=1.0,1.5,2.0,2.5,3.0,3.5,4.0,4.5,5.0', '-log-level=WARNING']
2023-11-26 21:02:33;UNIUSDT;30m;1.0;75;28;74;100.0;7;115.04;['-batch-training', '-calc-rsi', '-verbose', '-prediction-mode=index', '-interval-list=30m', '-range-min-rsi=28', '-range-max-rsi=80', '-range-p-ema=50,250', '-target-margin-list=1.0,1.5,2.0,2.5,3.0,3.5,4.0,4.5,5.0', '-log-level=WARNING']
2023-11-26 21:02:33;UNIUSDT;30m;1.0;75;28;74;100.0;6;115.04;['-batch-training', '-calc-rsi', '-verbose', '-prediction-mode=index', '-interval-list=30m', '-range-min-rsi=28', '-range-max-rsi=80', '-range-p-ema=50,250', '-target-margin-list=1.0,1.5,2.0,2.5,3.0,3.5,4.0,4.5,5.0', '-log-level=WARNING']
2023-11-26 20:08:47;UNIUSDT;30m;1.0;200;28;74;100.0;6;115.04;['-batch-training', '-calc-rsi', '-verbose', '-prediction-mode=index', '-interval-list=30m', '-range-min-rsi=28', '-range-max-rsi=80', '-range-p-ema=50,250', '-target-margin-list=1.0,1.5,2.0,2.5,3.0,3.5,4.0,4.5,5.0', '-log-level=WARNING']
2023-11-26 20:50:33;UNIUSDT;30m;1.5;50;36;80;100.0;4;115.04;['-batch-training', '-calc-rsi', '-verbose', '-prediction-mode=index', '-interval-list=30m', '-range-min-rsi=28', '-range-max-rsi=80', '-range-p-ema=50,250', '-target-margin-list=1.0,1.5,2.0,2.5,3.0,3.5,4.0,4.5,5.0', '-log-level=WARNING']
2023-11-26 20:08:47;UNIUSDT;30m;1.0;200;28;74;100.0;7;115.04;['-batch-training', '-calc-rsi', '-verbose', '-prediction-mode=index', '-interval-list=30m', '-range-min-rsi=28', '-range-max-rsi=80', '-range-p-ema=50,250', '-target-margin-list=1.0,1.5,2.0,2.5,3.0,3.5,4.0,4.5,5.0', '-log-level=WARNING']
2023-11-26 20:34:01;UNIUSDT;30m;1.0;250;30;74;100.0;3;115.05;['-batch-training', '-calc-rsi', '-verbose', '-prediction-mode=index', '-interval-list=30m', '-range-min-rsi=28', '-range-max-rsi=80', '-range-p-ema=50,250', '-target-margin-list=1.0,1.5,2.0,2.5,3.0,3.5,4.0,4.5,5.0', '-log-level=WARNING']
2023-11-26 20:01:53;UNIUSDT;30m;2.0;175;36;80;100.0;6;115.06;['-batch-training', '-calc-rsi', '-verbose', '-prediction-mode=index', '-interval-list=30m', '-range-min-rsi=28', '-range-max-rsi=80', '-range-p-ema=50,250', '-target-margin-list=1.0,1.5,2.0,2.5,3.0,3.5,4.0,4.5,5.0', '-log-level=WARNING']
2023-11-26 20:08:55;UNIUSDT;30m;1.0;200;34;74;100.0;7;115.06;['-batch-training', '-calc-rsi', '-verbose', '-prediction-mode=index', '-interval-list=30m', '-range-min-rsi=28', '-range-max-rsi=80', '-range-p-ema=50,250', '-target-margin-list=1.0,1.5,2.0,2.5,3.0,3.5,4.0,4.5,5.0', '-log-level=WARNING']
2023-11-26 20:12:18;UNIUSDT;30m;2.0;200;36;80;100.0;6;115.06;['-batch-training', '-calc-rsi', '-verbose', '-prediction-mode=index', '-interval-list=30m', '-range-min-rsi=28', '-range-max-rsi=80', '-range-p-ema=50,250', '-target-margin-list=1.0,1.5,2.0,2.5,3.0,3.5,4.0,4.5,5.0', '-log-level=WARNING']
2023-11-26 20:35:42;UNIUSDT;30m;1.5;250;36;74;100.0;7;115.06;['-batch-training', '-calc-rsi', '-verbose', '-prediction-mode=index', '-interval-list=30m', '-range-min-rsi=28', '-range-max-rsi=80', '-range-p-ema=50,250', '-target-margin-list=1.0,1.5,2.0,2.5,3.0,3.5,4.0,4.5,5.0', '-log-level=WARNING']
2023-11-26 20:12:15;UNIUSDT;30m;2.0;200;34;80;100.0;7;115.07;['-batch-training', '-calc-rsi', '-verbose', '-prediction-mode=index', '-interval-list=30m', '-range-min-rsi=28', '-range-max-rsi=80', '-range-p-ema=50,250', '-target-margin-list=1.0,1.5,2.0,2.5,3.0,3.5,4.0,4.5,5.0', '-log-level=WARNING']
2023-11-26 19:51:31;UNIUSDT;30m;2.0;150;34;80;100.0;7;115.07;['-batch-training', '-calc-rsi', '-verbose', '-prediction-mode=index', '-interval-list=30m', '-range-min-rsi=28', '-range-max-rsi=80', '-range-p-ema=50,250', '-target-margin-list=1.0,1.5,2.0,2.5,3.0,3.5,4.0,4.5,5.0', '-log-level=WARNING']
2023-11-26 20:01:50;UNIUSDT;30m;2.0;175;34;80;100.0;7;115.07;['-batch-training', '-calc-rsi', '-verbose', '-prediction-mode=index', '-interval-list=30m', '-range-min-rsi=28', '-range-max-rsi=80', '-range-p-ema=50,250', '-target-margin-list=1.0,1.5,2.0,2.5,3.0,3.5,4.0,4.5,5.0', '-log-level=WARNING']
2023-11-26 20:48:18;UNIUSDT;30m;1.0;50;36;76;100.0;4;115.08;['-batch-training', '-calc-rsi', '-verbose', '-prediction-mode=index', '-interval-list=30m', '-range-min-rsi=28', '-range-max-rsi=80', '-range-p-ema=50,250', '-target-margin-list=1.0,1.5,2.0,2.5,3.0,3.5,4.0,4.5,5.0', '-log-level=WARNING']
2023-11-26 21:03:10;UNIUSDT;30m;1.0;75;36;76;100.0;4;115.08;['-batch-training', '-calc-rsi', '-verbose', '-prediction-mode=index', '-interval-list=30m', '-range-min-rsi=28', '-range-max-rsi=80', '-range-p-ema=50,250', '-target-margin-list=1.0,1.5,2.0,2.5,3.0,3.5,4.0,4.5,5.0', '-log-level=WARNING']
2023-11-26 20:22:33;UNIUSDT;30m;1.5;225;36;74;100.0;5;115.1;['-batch-training', '-calc-rsi', '-verbose', '-prediction-mode=index', '-interval-list=30m', '-range-min-rsi=28', '-range-max-rsi=80', '-range-p-ema=50,250', '-target-margin-list=1.0,1.5,2.0,2.5,3.0,3.5,4.0,4.5,5.0', '-log-level=WARNING']
2023-11-26 19:54:29;UNIUSDT;30m;3.5;150;30;76;100.0;2;115.12;['-batch-training', '-calc-rsi', '-verbose', '-prediction-mode=index', '-interval-list=30m', '-range-min-rsi=28', '-range-max-rsi=80', '-range-p-ema=50,250', '-target-margin-list=1.0,1.5,2.0,2.5,3.0,3.5,4.0,4.5,5.0', '-log-level=WARNING']
2023-11-26 20:28:26;UNIUSDT;30m;3.5;225;30;76;100.0;2;115.12;['-batch-training', '-calc-rsi', '-verbose', '-prediction-mode=index', '-interval-list=30m', '-range-min-rsi=28', '-range-max-rsi=80', '-range-p-ema=50,250', '-target-margin-list=1.0,1.5,2.0,2.5,3.0,3.5,4.0,4.5,5.0', '-log-level=WARNING']
2023-11-26 20:15:38;UNIUSDT;30m;3.5;200;30;76;100.0;2;115.12;['-batch-training', '-calc-rsi', '-verbose', '-prediction-mode=index', '-interval-list=30m', '-range-min-rsi=28', '-range-max-rsi=80', '-range-p-ema=50,250', '-target-margin-list=1.0,1.5,2.0,2.5,3.0,3.5,4.0,4.5,5.0', '-log-level=WARNING']
2023-11-26 21:11:55;UNIUSDT;30m;3.5;75;30;76;100.0;2;115.12;['-batch-training', '-calc-rsi', '-verbose', '-prediction-mode=index', '-interval-list=30m', '-range-min-rsi=28', '-range-max-rsi=80', '-range-p-ema=50,250', '-target-margin-list=1.0,1.5,2.0,2.5,3.0,3.5,4.0,4.5,5.0', '-log-level=WARNING']
2023-11-26 20:04:38;UNIUSDT;30m;3.5;175;30;76;100.0;2;115.12;['-batch-training', '-calc-rsi', '-verbose', '-prediction-mode=index', '-interval-list=30m', '-range-min-rsi=28', '-range-max-rsi=80', '-range-p-ema=50,250', '-target-margin-list=1.0,1.5,2.0,2.5,3.0,3.5,4.0,4.5,5.0', '-log-level=WARNING']
2023-11-26 20:56:15;UNIUSDT;30m;3.5;50;30;76;100.0;2;115.12;['-batch-training', '-calc-rsi', '-verbose', '-prediction-mode=index', '-interval-list=30m', '-range-min-rsi=28', '-range-max-rsi=80', '-range-p-ema=50,250', '-target-margin-list=1.0,1.5,2.0,2.5,3.0,3.5,4.0,4.5,5.0', '-log-level=WARNING']
2023-11-26 19:31:42;UNIUSDT;30m;3.5;100;30;76;100.0;2;115.12;['-batch-training', '-calc-rsi', '-verbose', '-prediction-mode=index', '-interval-list=30m', '-range-min-rsi=28', '-range-max-rsi=80', '-range-p-ema=50,250', '-target-margin-list=1.0,1.5,2.0,2.5,3.0,3.5,4.0,4.5,5.0', '-log-level=WARNING']
2023-11-26 19:43:12;UNIUSDT;30m;3.5;125;30;76;100.0;2;115.12;['-batch-training', '-calc-rsi', '-verbose', '-prediction-mode=index', '-interval-list=30m', '-range-min-rsi=28', '-range-max-rsi=80', '-range-p-ema=50,250', '-target-margin-list=1.0,1.5,2.0,2.5,3.0,3.5,4.0,4.5,5.0', '-log-level=WARNING']
2023-11-26 20:24:30;UNIUSDT;30m;2.0;225;34;78;100.0;4;115.13;['-batch-training', '-calc-rsi', '-verbose', '-prediction-mode=index', '-interval-list=30m', '-range-min-rsi=28', '-range-max-rsi=80', '-range-p-ema=50,250', '-target-margin-list=1.0,1.5,2.0,2.5,3.0,3.5,4.0,4.5,5.0', '-log-level=WARNING']
2023-11-26 20:09:10;UNIUSDT;30m;1.0;200;34;76;100.0;2;115.13;['-batch-training', '-calc-rsi', '-verbose', '-prediction-mode=index', '-interval-list=30m', '-range-min-rsi=28', '-range-max-rsi=80', '-range-p-ema=50,250', '-target-margin-list=1.0,1.5,2.0,2.5,3.0,3.5,4.0,4.5,5.0', '-log-level=WARNING']
2023-11-26 21:02:48;UNIUSDT;30m;1.0;75;36;74;100.0;7;115.13;['-batch-training', '-calc-rsi', '-verbose', '-prediction-mode=index', '-interval-list=30m', '-range-min-rsi=28', '-range-max-rsi=80', '-range-p-ema=50,250', '-target-margin-list=1.0,1.5,2.0,2.5,3.0,3.5,4.0,4.5,5.0', '-log-level=WARNING']
2023-11-26 20:48:00;UNIUSDT;30m;1.0;50;36;74;100.0;7;115.13;['-batch-training', '-calc-rsi', '-verbose', '-prediction-mode=index', '-interval-list=30m', '-range-min-rsi=28', '-range-max-rsi=80', '-range-p-ema=50,250', '-target-margin-list=1.0,1.5,2.0,2.5,3.0,3.5,4.0,4.5,5.0', '-log-level=WARNING']
2023-11-26 19:42:36;UNIUSDT;30m;3.0;125;36;80;100.0;4;115.14;['-batch-training', '-calc-rsi', '-verbose', '-prediction-mode=index', '-interval-list=30m', '-range-min-rsi=28', '-range-max-rsi=80', '-range-p-ema=50,250', '-target-margin-list=1.0,1.5,2.0,2.5,3.0,3.5,4.0,4.5,5.0', '-log-level=WARNING']
2023-11-26 19:31:06;UNIUSDT;30m;3.0;100;36;80;100.0;4;115.14;['-batch-training', '-calc-rsi', '-verbose', '-prediction-mode=index', '-interval-list=30m', '-range-min-rsi=28', '-range-max-rsi=80', '-range-p-ema=50,250', '-target-margin-list=1.0,1.5,2.0,2.5,3.0,3.5,4.0,4.5,5.0', '-log-level=WARNING']
2023-11-26 20:10:40;UNIUSDT;30m;1.5;200;34;78;100.0;4;115.14;['-batch-training', '-calc-rsi', '-verbose', '-prediction-mode=index', '-interval-list=30m', '-range-min-rsi=28', '-range-max-rsi=80', '-range-p-ema=50,250', '-target-margin-list=1.0,1.5,2.0,2.5,3.0,3.5,4.0,4.5,5.0', '-log-level=WARNING']
2023-11-26 20:51:52;UNIUSDT;30m;2.0;50;36;78;100.0;7;115.15;['-batch-training', '-calc-rsi', '-verbose', '-prediction-mode=index', '-interval-list=30m', '-range-min-rsi=28', '-range-max-rsi=80', '-range-p-ema=50,250', '-target-margin-list=1.0,1.5,2.0,2.5,3.0,3.5,4.0,4.5,5.0', '-log-level=WARNING']
2023-11-26 21:07:06;UNIUSDT;30m;2.0;75;36;78;100.0;7;115.15;['-batch-training', '-calc-rsi', '-verbose', '-prediction-mode=index', '-interval-list=30m', '-range-min-rsi=28', '-range-max-rsi=80', '-range-p-ema=50,250', '-target-margin-list=1.0,1.5,2.0,2.5,3.0,3.5,4.0,4.5,5.0', '-log-level=WARNING']
2023-11-26 19:39:47;UNIUSDT;30m;2.0;125;36;78;100.0;7;115.15;['-batch-training', '-calc-rsi', '-verbose', '-prediction-mode=index', '-interval-list=30m', '-range-min-rsi=28', '-range-max-rsi=80', '-range-p-ema=50,250', '-target-margin-list=1.0,1.5,2.0,2.5,3.0,3.5,4.0,4.5,5.0', '-log-level=WARNING']
2023-11-26 19:28:18;UNIUSDT;30m;2.0;100;36;78;100.0;7;115.15;['-batch-training', '-calc-rsi', '-verbose', '-prediction-mode=index', '-interval-list=30m', '-range-min-rsi=28', '-range-max-rsi=80', '-range-p-ema=50,250', '-target-margin-list=1.0,1.5,2.0,2.5,3.0,3.5,4.0,4.5,5.0', '-log-level=WARNING']
2023-11-26 20:09:13;UNIUSDT;30m;1.0;200;36;76;100.0;7;115.16;['-batch-training', '-calc-rsi', '-verbose', '-prediction-mode=index', '-interval-list=30m', '-range-min-rsi=28', '-range-max-rsi=80', '-range-p-ema=50,250', '-target-margin-list=1.0,1.5,2.0,2.5,3.0,3.5,4.0,4.5,5.0', '-log-level=WARNING']
2023-11-26 20:12:46;UNIUSDT;30m;2.5;200;34;74;100.0;2;115.16;['-batch-training', '-calc-rsi', '-verbose', '-prediction-mode=index', '-interval-list=30m', '-range-min-rsi=28', '-range-max-rsi=80', '-range-p-ema=50,250', '-target-margin-list=1.0,1.5,2.0,2.5,3.0,3.5,4.0,4.5,5.0', '-log-level=WARNING']
2023-11-26 20:34:15;UNIUSDT;30m;1.0;250;28;76;100.0;3;115.17;['-batch-training', '-calc-rsi', '-verbose', '-prediction-mode=index', '-interval-list=30m', '-range-min-rsi=28', '-range-max-rsi=80', '-range-p-ema=50,250', '-target-margin-list=1.0,1.5,2.0,2.5,3.0,3.5,4.0,4.5,5.0', '-log-level=WARNING']
2023-11-26 19:48:24;UNIUSDT;30m;1.0;150;34;76;100.0;5;115.2;['-batch-training', '-calc-rsi', '-verbose', '-prediction-mode=index', '-interval-list=30m', '-range-min-rsi=28', '-range-max-rsi=80', '-range-p-ema=50,250', '-target-margin-list=1.0,1.5,2.0,2.5,3.0,3.5,4.0,4.5,5.0', '-log-level=WARNING']
2023-11-26 19:25:20;UNIUSDT;30m;1.0;100;32;76;100.0;5;115.2;['-batch-training', '-calc-rsi', '-verbose', '-prediction-mode=index', '-interval-list=30m', '-range-min-rsi=28', '-range-max-rsi=80', '-range-p-ema=50,250', '-target-margin-list=1.0,1.5,2.0,2.5,3.0,3.5,4.0,4.5,5.0', '-log-level=WARNING']
2023-11-26 19:36:44;UNIUSDT;30m;1.0;125;30;76;100.0;2;115.2;['-batch-training', '-calc-rsi', '-verbose', '-prediction-mode=index', '-interval-list=30m', '-range-min-rsi=28', '-range-max-rsi=80', '-range-p-ema=50,250', '-target-margin-list=1.0,1.5,2.0,2.5,3.0,3.5,4.0,4.5,5.0', '-log-level=WARNING']
2023-11-26 19:48:18;UNIUSDT;30m;1.0;150;30;76;100.0;2;115.2;['-batch-training', '-calc-rsi', '-verbose', '-prediction-mode=index', '-interval-list=30m', '-range-min-rsi=28', '-range-max-rsi=80', '-range-p-ema=50,250', '-target-margin-list=1.0,1.5,2.0,2.5,3.0,3.5,4.0,4.5,5.0', '-log-level=WARNING']
2023-11-26 20:48:07;UNIUSDT;30m;1.0;50;30;76;100.0;2;115.2;['-batch-training', '-calc-rsi', '-verbose', '-prediction-mode=index', '-interval-list=30m', '-range-min-rsi=28', '-range-max-rsi=80', '-range-p-ema=50,250', '-target-margin-list=1.0,1.5,2.0,2.5,3.0,3.5,4.0,4.5,5.0', '-log-level=WARNING']
2023-11-26 20:41:51;UNIUSDT;30m;3.5;250;28;76;100.0;2;115.2;['-batch-training', '-calc-rsi', '-verbose', '-prediction-mode=index', '-interval-list=30m', '-range-min-rsi=28', '-range-max-rsi=80', '-range-p-ema=50,250', '-target-margin-list=1.0,1.5,2.0,2.5,3.0,3.5,4.0,4.5,5.0', '-log-level=WARNING']
2023-11-26 19:25:17;UNIUSDT;30m;1.0;100;30;76;100.0;2;115.2;['-batch-training', '-calc-rsi', '-verbose', '-prediction-mode=index', '-interval-list=30m', '-range-min-rsi=28', '-range-max-rsi=80', '-range-p-ema=50,250', '-target-margin-list=1.0,1.5,2.0,2.5,3.0,3.5,4.0,4.5,5.0', '-log-level=WARNING']
2023-11-26 20:48:11;UNIUSDT;30m;1.0;50;32;76;100.0;5;115.2;['-batch-training', '-calc-rsi', '-verbose', '-prediction-mode=index', '-interval-list=30m', '-range-min-rsi=28', '-range-max-rsi=80', '-range-p-ema=50,250', '-target-margin-list=1.0,1.5,2.0,2.5,3.0,3.5,4.0,4.5,5.0', '-log-level=WARNING']
2023-11-26 21:02:57;UNIUSDT;30m;1.0;75;30;76;100.0;2;115.2;['-batch-training', '-calc-rsi', '-verbose', '-prediction-mode=index', '-interval-list=30m', '-range-min-rsi=28', '-range-max-rsi=80', '-range-p-ema=50,250', '-target-margin-list=1.0,1.5,2.0,2.5,3.0,3.5,4.0,4.5,5.0', '-log-level=WARNING']
2023-11-26 21:03:02;UNIUSDT;30m;1.0;75;32;76;100.0;5;115.2;['-batch-training', '-calc-rsi', '-verbose', '-prediction-mode=index', '-interval-list=30m', '-range-min-rsi=28', '-range-max-rsi=80', '-range-p-ema=50,250', '-target-margin-list=1.0,1.5,2.0,2.5,3.0,3.5,4.0,4.5,5.0', '-log-level=WARNING']
2023-11-26 19:36:48;UNIUSDT;30m;1.0;125;32;76;100.0;5;115.2;['-batch-training', '-calc-rsi', '-verbose', '-prediction-mode=index', '-interval-list=30m', '-range-min-rsi=28', '-range-max-rsi=80', '-range-p-ema=50,250', '-target-margin-list=1.0,1.5,2.0,2.5,3.0,3.5,4.0,4.5,5.0', '-log-level=WARNING']
2023-11-26 20:22:46;UNIUSDT;30m;1.5;225;34;76;100.0;5;115.22;['-batch-training', '-calc-rsi', '-verbose', '-prediction-mode=index', '-interval-list=30m', '-range-min-rsi=28', '-range-max-rsi=80', '-range-p-ema=50,250', '-target-margin-list=1.0,1.5,2.0,2.5,3.0,3.5,4.0,4.5,5.0', '-log-level=WARNING']
2023-11-26 20:35:45;UNIUSDT;30m;1.5;250;28;76;100.0;2;115.24;['-batch-training', '-calc-rsi', '-verbose', '-prediction-mode=index', '-interval-list=30m', '-range-min-rsi=28', '-range-max-rsi=80', '-range-p-ema=50,250', '-target-margin-list=1.0,1.5,2.0,2.5,3.0,3.5,4.0,4.5,5.0', '-log-level=WARNING']
2023-11-26 20:35:17;UNIUSDT;30m;1.5;250;32;72;100.0;2;115.24;['-batch-training', '-calc-rsi', '-verbose', '-prediction-mode=index', '-interval-list=30m', '-range-min-rsi=28', '-range-max-rsi=80', '-range-p-ema=50,250', '-target-margin-list=1.0,1.5,2.0,2.5,3.0,3.5,4.0,4.5,5.0', '-log-level=WARNING']
2023-11-26 20:38:53;UNIUSDT;30m;2.5;250;32;76;100.0;2;115.25;['-batch-training', '-calc-rsi', '-verbose', '-prediction-mode=index', '-interval-list=30m', '-range-min-rsi=28', '-range-max-rsi=80', '-range-p-ema=50,250', '-target-margin-list=1.0,1.5,2.0,2.5,3.0,3.5,4.0,4.5,5.0', '-log-level=WARNING']
2023-11-26 19:37:26;UNIUSDT;30m;1.0;125;36;80;100.0;4;115.25;['-batch-training', '-calc-rsi', '-verbose', '-prediction-mode=index', '-interval-list=30m', '-range-min-rsi=28', '-range-max-rsi=80', '-range-p-ema=50,250', '-target-margin-list=1.0,1.5,2.0,2.5,3.0,3.5,4.0,4.5,5.0', '-log-level=WARNING']
2023-11-26 19:25:58;UNIUSDT;30m;1.0;100;36;80;100.0;4;115.25;['-batch-training', '-calc-rsi', '-verbose', '-prediction-mode=index', '-interval-list=30m', '-range-min-rsi=28', '-range-max-rsi=80', '-range-p-ema=50,250', '-target-margin-list=1.0,1.5,2.0,2.5,3.0,3.5,4.0,4.5,5.0', '-log-level=WARNING']
2023-11-26 20:49:46;UNIUSDT;30m;1.5;50;32;76;100.0;5;115.27;['-batch-training', '-calc-rsi', '-verbose', '-prediction-mode=index', '-interval-list=30m', '-range-min-rsi=28', '-range-max-rsi=80', '-range-p-ema=50,250', '-target-margin-list=1.0,1.5,2.0,2.5,3.0,3.5,4.0,4.5,5.0', '-log-level=WARNING']
2023-11-26 19:38:08;UNIUSDT;30m;1.5;125;32;76;100.0;5;115.27;['-batch-training', '-calc-rsi', '-verbose', '-prediction-mode=index', '-interval-list=30m', '-range-min-rsi=28', '-range-max-rsi=80', '-range-p-ema=50,250', '-target-margin-list=1.0,1.5,2.0,2.5,3.0,3.5,4.0,4.5,5.0', '-log-level=WARNING']
2023-11-26 19:26:39;UNIUSDT;30m;1.5;100;32;76;100.0;5;115.27;['-batch-training', '-calc-rsi', '-verbose', '-prediction-mode=index', '-interval-list=30m', '-range-min-rsi=28', '-range-max-rsi=80', '-range-p-ema=50,250', '-target-margin-list=1.0,1.5,2.0,2.5,3.0,3.5,4.0,4.5,5.0', '-log-level=WARNING']
2023-11-26 21:04:47;UNIUSDT;30m;1.5;75;32;76;100.0;5;115.27;['-batch-training', '-calc-rsi', '-verbose', '-prediction-mode=index', '-interval-list=30m', '-range-min-rsi=28', '-range-max-rsi=80', '-range-p-ema=50,250', '-target-margin-list=1.0,1.5,2.0,2.5,3.0,3.5,4.0,4.5,5.0', '-log-level=WARNING']
2023-11-26 20:38:17;UNIUSDT;30m;2.5;250;32;72;100.0;2;115.3;['-batch-training', '-calc-rsi', '-verbose', '-prediction-mode=index', '-interval-list=30m', '-range-min-rsi=28', '-range-max-rsi=80', '-range-p-ema=50,250', '-target-margin-list=1.0,1.5,2.0,2.5,3.0,3.5,4.0,4.5,5.0', '-log-level=WARNING']
2023-11-26 19:38:13;UNIUSDT;30m;1.5;125;36;76;100.0;3;115.31;['-batch-training', '-calc-rsi', '-verbose', '-prediction-mode=index', '-interval-list=30m', '-range-min-rsi=28', '-range-max-rsi=80', '-range-p-ema=50,250', '-target-margin-list=1.0,1.5,2.0,2.5,3.0,3.5,4.0,4.5,5.0', '-log-level=WARNING']
2023-11-26 21:04:56;UNIUSDT;30m;1.5;75;36;76;100.0;3;115.31;['-batch-training', '-calc-rsi', '-verbose', '-prediction-mode=index', '-interval-list=30m', '-range-min-rsi=28', '-range-max-rsi=80', '-range-p-ema=50,250', '-target-margin-list=1.0,1.5,2.0,2.5,3.0,3.5,4.0,4.5,5.0', '-log-level=WARNING']
2023-11-26 19:26:45;UNIUSDT;30m;1.5;100;36;76;100.0;3;115.31;['-batch-training', '-calc-rsi', '-verbose', '-prediction-mode=index', '-interval-list=30m', '-range-min-rsi=28', '-range-max-rsi=80', '-range-p-ema=50,250', '-target-margin-list=1.0,1.5,2.0,2.5,3.0,3.5,4.0,4.5,5.0', '-log-level=WARNING']
2023-11-26 20:49:55;UNIUSDT;30m;1.5;50;36;76;100.0;3;115.31;['-batch-training', '-calc-rsi', '-verbose', '-prediction-mode=index', '-interval-list=30m', '-range-min-rsi=28', '-range-max-rsi=80', '-range-p-ema=50,250', '-target-margin-list=1.0,1.5,2.0,2.5,3.0,3.5,4.0,4.5,5.0', '-log-level=WARNING']
2023-11-26 19:57:51;UNIUSDT;30m;5.0;150;28;76;100.0;2;115.32;['-batch-training', '-calc-rsi', '-verbose', '-prediction-mode=index', '-interval-list=30m', '-range-min-rsi=28', '-range-max-rsi=80', '-range-p-ema=50,250', '-target-margin-list=1.0,1.5,2.0,2.5,3.0,3.5,4.0,4.5,5.0', '-log-level=WARNING']
2023-11-26 20:19:43;UNIUSDT;30m;5.0;200;28;76;100.0;2;115.32;['-batch-training', '-calc-rsi', '-verbose', '-prediction-mode=index', '-interval-list=30m', '-range-min-rsi=28', '-range-max-rsi=80', '-range-p-ema=50,250', '-target-margin-list=1.0,1.5,2.0,2.5,3.0,3.5,4.0,4.5,5.0', '-log-level=WARNING']
2023-11-26 21:16:30;UNIUSDT;30m;5.0;75;28;76;100.0;2;115.32;['-batch-training', '-calc-rsi', '-verbose', '-prediction-mode=index', '-interval-list=30m', '-range-min-rsi=28', '-range-max-rsi=80', '-range-p-ema=50,250', '-target-margin-list=1.0,1.5,2.0,2.5,3.0,3.5,4.0,4.5,5.0', '-log-level=WARNING']
2023-11-26 20:46:30;UNIUSDT;30m;5.0;250;28;76;100.0;2;115.32;['-batch-training', '-calc-rsi', '-verbose', '-prediction-mode=index', '-interval-list=30m', '-range-min-rsi=28', '-range-max-rsi=80', '-range-p-ema=50,250', '-target-margin-list=1.0,1.5,2.0,2.5,3.0,3.5,4.0,4.5,5.0', '-log-level=WARNING']
2023-11-26 19:53:43;UNIUSDT;30m;3.0;150;36;78;100.0;2;115.32;['-batch-training', '-calc-rsi', '-verbose', '-prediction-mode=index', '-interval-list=30m', '-range-min-rsi=28', '-range-max-rsi=80', '-range-p-ema=50,250', '-target-margin-list=1.0,1.5,2.0,2.5,3.0,3.5,4.0,4.5,5.0', '-log-level=WARNING']
2023-11-26 21:01:12;UNIUSDT;30m;5.0;50;28;76;100.0;2;115.32;['-batch-training', '-calc-rsi', '-verbose', '-prediction-mode=index', '-interval-list=30m', '-range-min-rsi=28', '-range-max-rsi=80', '-range-p-ema=50,250', '-target-margin-list=1.0,1.5,2.0,2.5,3.0,3.5,4.0,4.5,5.0', '-log-level=WARNING']
2023-11-26 20:32:46;UNIUSDT;30m;5.0;225;28;76;100.0;2;115.32;['-batch-training', '-calc-rsi', '-verbose', '-prediction-mode=index', '-interval-list=30m', '-range-min-rsi=28', '-range-max-rsi=80', '-range-p-ema=50,250', '-target-margin-list=1.0,1.5,2.0,2.5,3.0,3.5,4.0,4.5,5.0', '-log-level=WARNING']
2023-11-26 19:35:22;UNIUSDT;30m;5.0;100;28;76;100.0;2;115.32;['-batch-training', '-calc-rsi', '-verbose', '-prediction-mode=index', '-interval-list=30m', '-range-min-rsi=28', '-range-max-rsi=80', '-range-p-ema=50,250', '-target-margin-list=1.0,1.5,2.0,2.5,3.0,3.5,4.0,4.5,5.0', '-log-level=WARNING']
2023-11-26 20:07:53;UNIUSDT;30m;5.0;175;28;76;100.0;2;115.32;['-batch-training', '-calc-rsi', '-verbose', '-prediction-mode=index', '-interval-list=30m', '-range-min-rsi=28', '-range-max-rsi=80', '-range-p-ema=50,250', '-target-margin-list=1.0,1.5,2.0,2.5,3.0,3.5,4.0,4.5,5.0', '-log-level=WARNING']
2023-11-26 19:46:57;UNIUSDT;30m;5.0;125;28;76;100.0;2;115.32;['-batch-training', '-calc-rsi', '-verbose', '-prediction-mode=index', '-interval-list=30m', '-range-min-rsi=28', '-range-max-rsi=80', '-range-p-ema=50,250', '-target-margin-list=1.0,1.5,2.0,2.5,3.0,3.5,4.0,4.5,5.0', '-log-level=WARNING']
2023-11-26 20:34:01;UNIUSDT;30m;1.0;250;30;74;100.0;5;115.38;['-batch-training', '-calc-rsi', '-verbose', '-prediction-mode=index', '-interval-list=30m', '-range-min-rsi=28', '-range-max-rsi=80', '-range-p-ema=50,250', '-target-margin-list=1.0,1.5,2.0,2.5,3.0,3.5,4.0,4.5,5.0', '-log-level=WARNING']
2023-11-26 20:00:04;UNIUSDT;30m;1.5;175;36;74;100.0;7;115.41;['-batch-training', '-calc-rsi', '-verbose', '-prediction-mode=index', '-interval-list=30m', '-range-min-rsi=28', '-range-max-rsi=80', '-range-p-ema=50,250', '-target-margin-list=1.0,1.5,2.0,2.5,3.0,3.5,4.0,4.5,5.0', '-log-level=WARNING']
2023-11-26 20:10:12;UNIUSDT;30m;1.5;200;36;74;100.0;7;115.43;['-batch-training', '-calc-rsi', '-verbose', '-prediction-mode=index', '-interval-list=30m', '-range-min-rsi=28', '-range-max-rsi=80', '-range-p-ema=50,250', '-target-margin-list=1.0,1.5,2.0,2.5,3.0,3.5,4.0,4.5,5.0', '-log-level=WARNING']
2023-11-26 19:45:53;UNIUSDT;30m;4.5;125;36;76;100.0;3;115.46;['-batch-training', '-calc-rsi', '-verbose', '-prediction-mode=index', '-interval-list=30m', '-range-min-rsi=28', '-range-max-rsi=80', '-range-p-ema=50,250', '-target-margin-list=1.0,1.5,2.0,2.5,3.0,3.5,4.0,4.5,5.0', '-log-level=WARNING']
2023-11-26 20:59:46;UNIUSDT;30m;4.5;50;36;76;100.0;3;115.46;['-batch-training', '-calc-rsi', '-verbose', '-prediction-mode=index', '-interval-list=30m', '-range-min-rsi=28', '-range-max-rsi=80', '-range-p-ema=50,250', '-target-margin-list=1.0,1.5,2.0,2.5,3.0,3.5,4.0,4.5,5.0', '-log-level=WARNING']
2023-11-26 21:15:19;UNIUSDT;30m;4.5;75;36;76;100.0;3;115.46;['-batch-training', '-calc-rsi', '-verbose', '-prediction-mode=index', '-interval-list=30m', '-range-min-rsi=28', '-range-max-rsi=80', '-range-p-ema=50,250', '-target-margin-list=1.0,1.5,2.0,2.5,3.0,3.5,4.0,4.5,5.0', '-log-level=WARNING']
2023-11-26 19:34:18;UNIUSDT;30m;4.5;100;36;76;100.0;3;115.46;['-batch-training', '-calc-rsi', '-verbose', '-prediction-mode=index', '-interval-list=30m', '-range-min-rsi=28', '-range-max-rsi=80', '-range-p-ema=50,250', '-target-margin-list=1.0,1.5,2.0,2.5,3.0,3.5,4.0,4.5,5.0', '-log-level=WARNING']
2023-11-26 20:48:18;UNIUSDT;30m;1.0;50;36;76;100.0;5;115.5;['-batch-training', '-calc-rsi', '-verbose', '-prediction-mode=index', '-interval-list=30m', '-range-min-rsi=28', '-range-max-rsi=80', '-range-p-ema=50,250', '-target-margin-list=1.0,1.5,2.0,2.5,3.0,3.5,4.0,4.5,5.0', '-log-level=WARNING']
2023-11-26 21:03:10;UNIUSDT;30m;1.0;75;36;76;100.0;5;115.5;['-batch-training', '-calc-rsi', '-verbose', '-prediction-mode=index', '-interval-list=30m', '-range-min-rsi=28', '-range-max-rsi=80', '-range-p-ema=50,250', '-target-margin-list=1.0,1.5,2.0,2.5,3.0,3.5,4.0,4.5,5.0', '-log-level=WARNING']
2023-11-26 20:34:01;UNIUSDT;30m;1.0;250;30;74;100.0;4;115.52;['-batch-training', '-calc-rsi', '-verbose', '-prediction-mode=index', '-interval-list=30m', '-range-min-rsi=28', '-range-max-rsi=80', '-range-p-ema=50,250', '-target-margin-list=1.0,1.5,2.0,2.5,3.0,3.5,4.0,4.5,5.0', '-log-level=WARNING']
2023-11-26 20:23:25;UNIUSDT;30m;1.5;225;36;80;100.0;4;115.53;['-batch-training', '-calc-rsi', '-verbose', '-prediction-mode=index', '-interval-list=30m', '-range-min-rsi=28', '-range-max-rsi=80', '-range-p-ema=50,250', '-target-margin-list=1.0,1.5,2.0,2.5,3.0,3.5,4.0,4.5,5.0', '-log-level=WARNING']
2023-11-26 20:36:18;UNIUSDT;30m;1.5;250;36;78;100.0;4;115.53;['-batch-training', '-calc-rsi', '-verbose', '-prediction-mode=index', '-interval-list=30m', '-range-min-rsi=28', '-range-max-rsi=80', '-range-p-ema=50,250', '-target-margin-list=1.0,1.5,2.0,2.5,3.0,3.5,4.0,4.5,5.0', '-log-level=WARNING']
2023-11-26 20:02:06;UNIUSDT;30m;2.5;175;36;72;100.0;5;115.53;['-batch-training', '-calc-rsi', '-verbose', '-prediction-mode=index', '-interval-list=30m', '-range-min-rsi=28', '-range-max-rsi=80', '-range-p-ema=50,250', '-target-margin-list=1.0,1.5,2.0,2.5,3.0,3.5,4.0,4.5,5.0', '-log-level=WARNING']
2023-11-26 20:12:34;UNIUSDT;30m;2.5;200;36;72;100.0;5;115.53;['-batch-training', '-calc-rsi', '-verbose', '-prediction-mode=index', '-interval-list=30m', '-range-min-rsi=28', '-range-max-rsi=80', '-range-p-ema=50,250', '-target-margin-list=1.0,1.5,2.0,2.5,3.0,3.5,4.0,4.5,5.0', '-log-level=WARNING']
2023-11-26 20:09:33;UNIUSDT;30m;1.0;200;30;80;100.0;6;115.55;['-batch-training', '-calc-rsi', '-verbose', '-prediction-mode=index', '-interval-list=30m', '-range-min-rsi=28', '-range-max-rsi=80', '-range-p-ema=50,250', '-target-margin-list=1.0,1.5,2.0,2.5,3.0,3.5,4.0,4.5,5.0', '-log-level=WARNING']
2023-11-26 20:21:47;UNIUSDT;30m;1.0;225;30;80;100.0;6;115.55;['-batch-training', '-calc-rsi', '-verbose', '-prediction-mode=index', '-interval-list=30m', '-range-min-rsi=28', '-range-max-rsi=80', '-range-p-ema=50,250', '-target-margin-list=1.0,1.5,2.0,2.5,3.0,3.5,4.0,4.5,5.0', '-log-level=WARNING']
2023-11-26 19:59:28;UNIUSDT;30m;1.0;175;30;80;100.0;6;115.55;['-batch-training', '-calc-rsi', '-verbose', '-prediction-mode=index', '-interval-list=30m', '-range-min-rsi=28', '-range-max-rsi=80', '-range-p-ema=50,250', '-target-margin-list=1.0,1.5,2.0,2.5,3.0,3.5,4.0,4.5,5.0', '-log-level=WARNING']
2023-11-26 20:28:23;UNIUSDT;30m;3.5;225;28;76;100.0;3;115.57;['-batch-training', '-calc-rsi', '-verbose', '-prediction-mode=index', '-interval-list=30m', '-range-min-rsi=28', '-range-max-rsi=80', '-range-p-ema=50,250', '-target-margin-list=1.0,1.5,2.0,2.5,3.0,3.5,4.0,4.5,5.0', '-log-level=WARNING']
2023-11-26 20:31:18;UNIUSDT;30m;4.5;225;28;76;100.0;2;115.57;['-batch-training', '-calc-rsi', '-verbose', '-prediction-mode=index', '-interval-list=30m', '-range-min-rsi=28', '-range-max-rsi=80', '-range-p-ema=50,250', '-target-margin-list=1.0,1.5,2.0,2.5,3.0,3.5,4.0,4.5,5.0', '-log-level=WARNING']
2023-11-26 20:59:31;UNIUSDT;30m;4.5;50;28;76;100.0;2;115.57;['-batch-training', '-calc-rsi', '-verbose', '-prediction-mode=index', '-interval-list=30m', '-range-min-rsi=28', '-range-max-rsi=80', '-range-p-ema=50,250', '-target-margin-list=1.0,1.5,2.0,2.5,3.0,3.5,4.0,4.5,5.0', '-log-level=WARNING']
2023-11-26 20:44:56;UNIUSDT;30m;4.5;250;28;76;100.0;2;115.57;['-batch-training', '-calc-rsi', '-verbose', '-prediction-mode=index', '-interval-list=30m', '-range-min-rsi=28', '-range-max-rsi=80', '-range-p-ema=50,250', '-target-margin-list=1.0,1.5,2.0,2.5,3.0,3.5,4.0,4.5,5.0', '-log-level=WARNING']
2023-11-26 19:43:09;UNIUSDT;30m;3.5;125;28;76;100.0;3;115.57;['-batch-training', '-calc-rsi', '-verbose', '-prediction-mode=index', '-interval-list=30m', '-range-min-rsi=28', '-range-max-rsi=80', '-range-p-ema=50,250', '-target-margin-list=1.0,1.5,2.0,2.5,3.0,3.5,4.0,4.5,5.0', '-log-level=WARNING']
2023-11-26 20:04:35;UNIUSDT;30m;3.5;175;28;76;100.0;3;115.57;['-batch-training', '-calc-rsi', '-verbose', '-prediction-mode=index', '-interval-list=30m', '-range-min-rsi=28', '-range-max-rsi=80', '-range-p-ema=50,250', '-target-margin-list=1.0,1.5,2.0,2.5,3.0,3.5,4.0,4.5,5.0', '-log-level=WARNING']
2023-11-26 21:08:51;UNIUSDT;30m;2.5;75;34;78;100.0;4;115.57;['-batch-training', '-calc-rsi', '-verbose', '-prediction-mode=index', '-interval-list=30m', '-range-min-rsi=28', '-range-max-rsi=80', '-range-p-ema=50,250', '-target-margin-list=1.0,1.5,2.0,2.5,3.0,3.5,4.0,4.5,5.0', '-log-level=WARNING']
2023-11-26 20:41:51;UNIUSDT;30m;3.5;250;28;76;100.0;3;115.57;['-batch-training', '-calc-rsi', '-verbose', '-prediction-mode=index', '-interval-list=30m', '-range-min-rsi=28', '-range-max-rsi=80', '-range-p-ema=50,250', '-target-margin-list=1.0,1.5,2.0,2.5,3.0,3.5,4.0,4.5,5.0', '-log-level=WARNING']
2023-11-26 19:31:39;UNIUSDT;30m;3.5;100;28;76;100.0;3;115.57;['-batch-training', '-calc-rsi', '-verbose', '-prediction-mode=index', '-interval-list=30m', '-range-min-rsi=28', '-range-max-rsi=80', '-range-p-ema=50,250', '-target-margin-list=1.0,1.5,2.0,2.5,3.0,3.5,4.0,4.5,5.0', '-log-level=WARNING']
2023-11-26 20:06:47;UNIUSDT;30m;4.5;175;28;76;100.0;2;115.57;['-batch-training', '-calc-rsi', '-verbose', '-prediction-mode=index', '-interval-list=30m', '-range-min-rsi=28', '-range-max-rsi=80', '-range-p-ema=50,250', '-target-margin-list=1.0,1.5,2.0,2.5,3.0,3.5,4.0,4.5,5.0', '-log-level=WARNING']
2023-11-26 19:45:41;UNIUSDT;30m;4.5;125;28;76;100.0;2;115.57;['-batch-training', '-calc-rsi', '-verbose', '-prediction-mode=index', '-interval-list=30m', '-range-min-rsi=28', '-range-max-rsi=80', '-range-p-ema=50,250', '-target-margin-list=1.0,1.5,2.0,2.5,3.0,3.5,4.0,4.5,5.0', '-log-level=WARNING']
2023-11-26 19:41:01;UNIUSDT;30m;2.5;125;34;78;100.0;4;115.57;['-batch-training', '-calc-rsi', '-verbose', '-prediction-mode=index', '-interval-list=30m', '-range-min-rsi=28', '-range-max-rsi=80', '-range-p-ema=50,250', '-target-margin-list=1.0,1.5,2.0,2.5,3.0,3.5,4.0,4.5,5.0', '-log-level=WARNING']
2023-11-26 19:29:32;UNIUSDT;30m;2.5;100;34;78;100.0;4;115.57;['-batch-training', '-calc-rsi', '-verbose', '-prediction-mode=index', '-interval-list=30m', '-range-min-rsi=28', '-range-max-rsi=80', '-range-p-ema=50,250', '-target-margin-list=1.0,1.5,2.0,2.5,3.0,3.5,4.0,4.5,5.0', '-log-level=WARNING']
2023-11-26 19:56:43;UNIUSDT;30m;4.5;150;28;76;100.0;2;115.57;['-batch-training', '-calc-rsi', '-verbose', '-prediction-mode=index', '-interval-list=30m', '-range-min-rsi=28', '-range-max-rsi=80', '-range-p-ema=50,250', '-target-margin-list=1.0,1.5,2.0,2.5,3.0,3.5,4.0,4.5,5.0', '-log-level=WARNING']
2023-11-26 20:53:26;UNIUSDT;30m;2.5;50;34;78;100.0;4;115.57;['-batch-training', '-calc-rsi', '-verbose', '-prediction-mode=index', '-interval-list=30m', '-range-min-rsi=28', '-range-max-rsi=80', '-range-p-ema=50,250', '-target-margin-list=1.0,1.5,2.0,2.5,3.0,3.5,4.0,4.5,5.0', '-log-level=WARNING']
2023-11-26 20:18:19;UNIUSDT;30m;4.5;200;28;76;100.0;2;115.57;['-batch-training', '-calc-rsi', '-verbose', '-prediction-mode=index', '-interval-list=30m', '-range-min-rsi=28', '-range-max-rsi=80', '-range-p-ema=50,250', '-target-margin-list=1.0,1.5,2.0,2.5,3.0,3.5,4.0,4.5,5.0', '-log-level=WARNING']
2023-11-26 19:54:26;UNIUSDT;30m;3.5;150;28;76;100.0;3;115.57;['-batch-training', '-calc-rsi', '-verbose', '-prediction-mode=index', '-interval-list=30m', '-range-min-rsi=28', '-range-max-rsi=80', '-range-p-ema=50,250', '-target-margin-list=1.0,1.5,2.0,2.5,3.0,3.5,4.0,4.5,5.0', '-log-level=WARNING']
2023-11-26 21:15:06;UNIUSDT;30m;4.5;75;28;76;100.0;2;115.57;['-batch-training', '-calc-rsi', '-verbose', '-prediction-mode=index', '-interval-list=30m', '-range-min-rsi=28', '-range-max-rsi=80', '-range-p-ema=50,250', '-target-margin-list=1.0,1.5,2.0,2.5,3.0,3.5,4.0,4.5,5.0', '-log-level=WARNING']
2023-11-26 21:11:50;UNIUSDT;30m;3.5;75;28;76;100.0;3;115.57;['-batch-training', '-calc-rsi', '-verbose', '-prediction-mode=index', '-interval-list=30m', '-range-min-rsi=28', '-range-max-rsi=80', '-range-p-ema=50,250', '-target-margin-list=1.0,1.5,2.0,2.5,3.0,3.5,4.0,4.5,5.0', '-log-level=WARNING']
2023-11-26 19:34:06;UNIUSDT;30m;4.5;100;28;76;100.0;2;115.57;['-batch-training', '-calc-rsi', '-verbose', '-prediction-mode=index', '-interval-list=30m', '-range-min-rsi=28', '-range-max-rsi=80', '-range-p-ema=50,250', '-target-margin-list=1.0,1.5,2.0,2.5,3.0,3.5,4.0,4.5,5.0', '-log-level=WARNING']
2023-11-26 20:15:35;UNIUSDT;30m;3.5;200;28;76;100.0;3;115.57;['-batch-training', '-calc-rsi', '-verbose', '-prediction-mode=index', '-interval-list=30m', '-range-min-rsi=28', '-range-max-rsi=80', '-range-p-ema=50,250', '-target-margin-list=1.0,1.5,2.0,2.5,3.0,3.5,4.0,4.5,5.0', '-log-level=WARNING']
2023-11-26 20:56:12;UNIUSDT;30m;3.5;50;28;76;100.0;3;115.57;['-batch-training', '-calc-rsi', '-verbose', '-prediction-mode=index', '-interval-list=30m', '-range-min-rsi=28', '-range-max-rsi=80', '-range-p-ema=50,250', '-target-margin-list=1.0,1.5,2.0,2.5,3.0,3.5,4.0,4.5,5.0', '-log-level=WARNING']
2023-11-26 20:03:32;UNIUSDT;30m;3.0;175;30;76;100.0;2;115.58;['-batch-training', '-calc-rsi', '-verbose', '-prediction-mode=index', '-interval-list=30m', '-range-min-rsi=28', '-range-max-rsi=80', '-range-p-ema=50,250', '-target-margin-list=1.0,1.5,2.0,2.5,3.0,3.5,4.0,4.5,5.0', '-log-level=WARNING']
2023-11-26 19:49:21;UNIUSDT;30m;1.5;150;30;74;100.0;3;115.58;['-batch-training', '-calc-rsi', '-verbose', '-prediction-mode=index', '-interval-list=30m', '-range-min-rsi=28', '-range-max-rsi=80', '-range-p-ema=50,250', '-target-margin-list=1.0,1.5,2.0,2.5,3.0,3.5,4.0,4.5,5.0', '-log-level=WARNING']
2023-11-26 21:10:08;UNIUSDT;30m;3.0;75;30;76;100.0;2;115.58;['-batch-training', '-calc-rsi', '-verbose', '-prediction-mode=index', '-interval-list=30m', '-range-min-rsi=28', '-range-max-rsi=80', '-range-p-ema=50,250', '-target-margin-list=1.0,1.5,2.0,2.5,3.0,3.5,4.0,4.5,5.0', '-log-level=WARNING']
2023-11-26 19:41:13;UNIUSDT;30m;2.5;125;32;80;100.0;2;115.58;['-batch-training', '-calc-rsi', '-verbose', '-prediction-mode=index', '-interval-list=30m', '-range-min-rsi=28', '-range-max-rsi=80', '-range-p-ema=50,250', '-target-margin-list=1.0,1.5,2.0,2.5,3.0,3.5,4.0,4.5,5.0', '-log-level=WARNING']
2023-11-26 20:54:38;UNIUSDT;30m;3.0;50;30;76;100.0;2;115.58;['-batch-training', '-calc-rsi', '-verbose', '-prediction-mode=index', '-interval-list=30m', '-range-min-rsi=28', '-range-max-rsi=80', '-range-p-ema=50,250', '-target-margin-list=1.0,1.5,2.0,2.5,3.0,3.5,4.0,4.5,5.0', '-log-level=WARNING']
2023-11-26 19:41:56;UNIUSDT;30m;3.0;125;30;76;100.0;2;115.58;['-batch-training', '-calc-rsi', '-verbose', '-prediction-mode=index', '-interval-list=30m', '-range-min-rsi=28', '-range-max-rsi=80', '-range-p-ema=50,250', '-target-margin-list=1.0,1.5,2.0,2.5,3.0,3.5,4.0,4.5,5.0', '-log-level=WARNING']
2023-11-26 20:49:24;UNIUSDT;30m;1.5;50;30;74;100.0;3;115.58;['-batch-training', '-calc-rsi', '-verbose', '-prediction-mode=index', '-interval-list=30m', '-range-min-rsi=28', '-range-max-rsi=80', '-range-p-ema=50,250', '-target-margin-list=1.0,1.5,2.0,2.5,3.0,3.5,4.0,4.5,5.0', '-log-level=WARNING']
2023-11-26 20:53:42;UNIUSDT;30m;2.5;50;32;80;100.0;2;115.58;['-batch-training', '-calc-rsi', '-verbose', '-prediction-mode=index', '-interval-list=30m', '-range-min-rsi=28', '-range-max-rsi=80', '-range-p-ema=50,250', '-target-margin-list=1.0,1.5,2.0,2.5,3.0,3.5,4.0,4.5,5.0', '-log-level=WARNING']
2023-11-26 19:29:44;UNIUSDT;30m;2.5;100;32;80;100.0;2;115.58;['-batch-training', '-calc-rsi', '-verbose', '-prediction-mode=index', '-interval-list=30m', '-range-min-rsi=28', '-range-max-rsi=80', '-range-p-ema=50,250', '-target-margin-list=1.0,1.5,2.0,2.5,3.0,3.5,4.0,4.5,5.0', '-log-level=WARNING']
2023-11-26 20:26:59;UNIUSDT;30m;3.0;225;30;76;100.0;2;115.58;['-batch-training', '-calc-rsi', '-verbose', '-prediction-mode=index', '-interval-list=30m', '-range-min-rsi=28', '-range-max-rsi=80', '-range-p-ema=50,250', '-target-margin-list=1.0,1.5,2.0,2.5,3.0,3.5,4.0,4.5,5.0', '-log-level=WARNING']
2023-11-26 19:53:21;UNIUSDT;30m;3.0;150;30;76;100.0;2;115.58;['-batch-training', '-calc-rsi', '-verbose', '-prediction-mode=index', '-interval-list=30m', '-range-min-rsi=28', '-range-max-rsi=80', '-range-p-ema=50,250', '-target-margin-list=1.0,1.5,2.0,2.5,3.0,3.5,4.0,4.5,5.0', '-log-level=WARNING']
2023-11-26 19:30:26;UNIUSDT;30m;3.0;100;30;76;100.0;2;115.58;['-batch-training', '-calc-rsi', '-verbose', '-prediction-mode=index', '-interval-list=30m', '-range-min-rsi=28', '-range-max-rsi=80', '-range-p-ema=50,250', '-target-margin-list=1.0,1.5,2.0,2.5,3.0,3.5,4.0,4.5,5.0', '-log-level=WARNING']
2023-11-26 21:04:22;UNIUSDT;30m;1.5;75;30;74;100.0;3;115.58;['-batch-training', '-calc-rsi', '-verbose', '-prediction-mode=index', '-interval-list=30m', '-range-min-rsi=28', '-range-max-rsi=80', '-range-p-ema=50,250', '-target-margin-list=1.0,1.5,2.0,2.5,3.0,3.5,4.0,4.5,5.0', '-log-level=WARNING']
2023-11-26 19:26:20;UNIUSDT;30m;1.5;100;30;74;100.0;3;115.58;['-batch-training', '-calc-rsi', '-verbose', '-prediction-mode=index', '-interval-list=30m', '-range-min-rsi=28', '-range-max-rsi=80', '-range-p-ema=50,250', '-target-margin-list=1.0,1.5,2.0,2.5,3.0,3.5,4.0,4.5,5.0', '-log-level=WARNING']
2023-11-26 20:14:17;UNIUSDT;30m;3.0;200;30;76;100.0;2;115.58;['-batch-training', '-calc-rsi', '-verbose', '-prediction-mode=index', '-interval-list=30m', '-range-min-rsi=28', '-range-max-rsi=80', '-range-p-ema=50,250', '-target-margin-list=1.0,1.5,2.0,2.5,3.0,3.5,4.0,4.5,5.0', '-log-level=WARNING']
2023-11-26 21:09:09;UNIUSDT;30m;2.5;75;32;80;100.0;2;115.58;['-batch-training', '-calc-rsi', '-verbose', '-prediction-mode=index', '-interval-list=30m', '-range-min-rsi=28', '-range-max-rsi=80', '-range-p-ema=50,250', '-target-margin-list=1.0,1.5,2.0,2.5,3.0,3.5,4.0,4.5,5.0', '-log-level=WARNING']
2023-11-26 19:37:49;UNIUSDT;30m;1.5;125;30;74;100.0;3;115.58;['-batch-training', '-calc-rsi', '-verbose', '-prediction-mode=index', '-interval-list=30m', '-range-min-rsi=28', '-range-max-rsi=80', '-range-p-ema=50,250', '-target-margin-list=1.0,1.5,2.0,2.5,3.0,3.5,4.0,4.5,5.0', '-log-level=WARNING']
2023-11-26 20:00:43;UNIUSDT;30m;1.5;175;34;80;100.0;6;115.58;['-batch-training', '-calc-rsi', '-verbose', '-prediction-mode=index', '-interval-list=30m', '-range-min-rsi=28', '-range-max-rsi=80', '-range-p-ema=50,250', '-target-margin-list=1.0,1.5,2.0,2.5,3.0,3.5,4.0,4.5,5.0', '-log-level=WARNING']
2023-11-26 20:34:31;UNIUSDT;30m;1.0;250;36;76;100.0;2;115.6;['-batch-training', '-calc-rsi', '-verbose', '-prediction-mode=index', '-interval-list=30m', '-range-min-rsi=28', '-range-max-rsi=80', '-range-p-ema=50,250', '-target-margin-list=1.0,1.5,2.0,2.5,3.0,3.5,4.0,4.5,5.0', '-log-level=WARNING']
2023-11-26 20:37:44;UNIUSDT;30m;2.0;250;34;78;100.0;4;115.62;['-batch-training', '-calc-rsi', '-verbose', '-prediction-mode=index', '-interval-list=30m', '-range-min-rsi=28', '-range-max-rsi=80', '-range-p-ema=50,250', '-target-margin-list=1.0,1.5,2.0,2.5,3.0,3.5,4.0,4.5,5.0', '-log-level=WARNING']
2023-11-26 21:04:05;UNIUSDT;30m;1.5;75;32;72;100.0;2;115.64;['-batch-training', '-calc-rsi', '-verbose', '-prediction-mode=index', '-interval-list=30m', '-range-min-rsi=28', '-range-max-rsi=80', '-range-p-ema=50,250', '-target-margin-list=1.0,1.5,2.0,2.5,3.0,3.5,4.0,4.5,5.0', '-log-level=WARNING']
2023-11-26 20:35:21;UNIUSDT;30m;1.5;250;34;72;100.0;6;115.64;['-batch-training', '-calc-rsi', '-verbose', '-prediction-mode=index', '-interval-list=30m', '-range-min-rsi=28', '-range-max-rsi=80', '-range-p-ema=50,250', '-target-margin-list=1.0,1.5,2.0,2.5,3.0,3.5,4.0,4.5,5.0', '-log-level=WARNING']
2023-11-26 19:26:07;UNIUSDT;30m;1.5;100;32;72;100.0;2;115.64;['-batch-training', '-calc-rsi', '-verbose', '-prediction-mode=index', '-interval-list=30m', '-range-min-rsi=28', '-range-max-rsi=80', '-range-p-ema=50,250', '-target-margin-list=1.0,1.5,2.0,2.5,3.0,3.5,4.0,4.5,5.0', '-log-level=WARNING']
2023-11-26 19:37:36;UNIUSDT;30m;1.5;125;32;72;100.0;2;115.64;['-batch-training', '-calc-rsi', '-verbose', '-prediction-mode=index', '-interval-list=30m', '-range-min-rsi=28', '-range-max-rsi=80', '-range-p-ema=50,250', '-target-margin-list=1.0,1.5,2.0,2.5,3.0,3.5,4.0,4.5,5.0', '-log-level=WARNING']
2023-11-26 20:49:08;UNIUSDT;30m;1.5;50;32;72;100.0;2;115.64;['-batch-training', '-calc-rsi', '-verbose', '-prediction-mode=index', '-interval-list=30m', '-range-min-rsi=28', '-range-max-rsi=80', '-range-p-ema=50,250', '-target-margin-list=1.0,1.5,2.0,2.5,3.0,3.5,4.0,4.5,5.0', '-log-level=WARNING']
2023-11-26 19:50:26;UNIUSDT;30m;2.0;150;32;72;100.0;2;115.66;['-batch-training', '-calc-rsi', '-verbose', '-prediction-mode=index', '-interval-list=30m', '-range-min-rsi=28', '-range-max-rsi=80', '-range-p-ema=50,250', '-target-margin-list=1.0,1.5,2.0,2.5,3.0,3.5,4.0,4.5,5.0', '-log-level=WARNING']
2023-11-26 20:00:54;UNIUSDT;30m;2.0;175;32;72;100.0;2;115.66;['-batch-training', '-calc-rsi', '-verbose', '-prediction-mode=index', '-interval-list=30m', '-range-min-rsi=28', '-range-max-rsi=80', '-range-p-ema=50,250', '-target-margin-list=1.0,1.5,2.0,2.5,3.0,3.5,4.0,4.5,5.0', '-log-level=WARNING']
2023-11-26 20:01:09;UNIUSDT;30m;2.0;175;34;74;100.0;5;115.67;['-batch-training', '-calc-rsi', '-verbose', '-prediction-mode=index', '-interval-list=30m', '-range-min-rsi=28', '-range-max-rsi=80', '-range-p-ema=50,250', '-target-margin-list=1.0,1.5,2.0,2.5,3.0,3.5,4.0,4.5,5.0', '-log-level=WARNING']
2023-11-26 19:58:47;UNIUSDT;30m;1.0;175;30;74;100.0;3;115.67;['-batch-training', '-calc-rsi', '-verbose', '-prediction-mode=index', '-interval-list=30m', '-range-min-rsi=28', '-range-max-rsi=80', '-range-p-ema=50,250', '-target-margin-list=1.0,1.5,2.0,2.5,3.0,3.5,4.0,4.5,5.0', '-log-level=WARNING']
2023-11-26 20:00:32;UNIUSDT;30m;1.5;175;36;78;100.0;4;115.67;['-batch-training', '-calc-rsi', '-verbose', '-prediction-mode=index', '-interval-list=30m', '-range-min-rsi=28', '-range-max-rsi=80', '-range-p-ema=50,250', '-target-margin-list=1.0,1.5,2.0,2.5,3.0,3.5,4.0,4.5,5.0', '-log-level=WARNING']
2023-11-26 20:20:54;UNIUSDT;30m;1.0;225;30;74;100.0;3;115.67;['-batch-training', '-calc-rsi', '-verbose', '-prediction-mode=index', '-interval-list=30m', '-range-min-rsi=28', '-range-max-rsi=80', '-range-p-ema=50,250', '-target-margin-list=1.0,1.5,2.0,2.5,3.0,3.5,4.0,4.5,5.0', '-log-level=WARNING']
2023-11-26 20:08:49;UNIUSDT;30m;1.0;200;30;74;100.0;3;115.67;['-batch-training', '-calc-rsi', '-verbose', '-prediction-mode=index', '-interval-list=30m', '-range-min-rsi=28', '-range-max-rsi=80', '-range-p-ema=50,250', '-target-margin-list=1.0,1.5,2.0,2.5,3.0,3.5,4.0,4.5,5.0', '-log-level=WARNING']
2023-11-26 19:54:59;UNIUSDT;30m;3.5;150;32;80;100.0;2;115.67;['-batch-training', '-calc-rsi', '-verbose', '-prediction-mode=index', '-interval-list=30m', '-range-min-rsi=28', '-range-max-rsi=80', '-range-p-ema=50,250', '-target-margin-list=1.0,1.5,2.0,2.5,3.0,3.5,4.0,4.5,5.0', '-log-level=WARNING']
2023-11-26 19:40:12;UNIUSDT;30m;2.5;125;32;72;100.0;2;115.69;['-batch-training', '-calc-rsi', '-verbose', '-prediction-mode=index', '-interval-list=30m', '-range-min-rsi=28', '-range-max-rsi=80', '-range-p-ema=50,250', '-target-margin-list=1.0,1.5,2.0,2.5,3.0,3.5,4.0,4.5,5.0', '-log-level=WARNING']
2023-11-26 20:10:43;UNIUSDT;30m;1.5;200;36;78;100.0;4;115.69;['-batch-training', '-calc-rsi', '-verbose', '-prediction-mode=index', '-interval-list=30m', '-range-min-rsi=28', '-range-max-rsi=80', '-range-p-ema=50,250', '-target-margin-list=1.0,1.5,2.0,2.5,3.0,3.5,4.0,4.5,5.0', '-log-level=WARNING']
2023-11-26 20:52:23;UNIUSDT;30m;2.5;50;32;72;100.0;2;115.69;['-batch-training', '-calc-rsi', '-verbose', '-prediction-mode=index', '-interval-list=30m', '-range-min-rsi=28', '-range-max-rsi=80', '-range-p-ema=50,250', '-target-margin-list=1.0,1.5,2.0,2.5,3.0,3.5,4.0,4.5,5.0', '-log-level=WARNING']
2023-11-26 19:28:43;UNIUSDT;30m;2.5;100;32;72;100.0;2;115.69;['-batch-training', '-calc-rsi', '-verbose', '-prediction-mode=index', '-interval-list=30m', '-range-min-rsi=28', '-range-max-rsi=80', '-range-p-ema=50,250', '-target-margin-list=1.0,1.5,2.0,2.5,3.0,3.5,4.0,4.5,5.0', '-log-level=WARNING']
2023-11-26 21:07:42;UNIUSDT;30m;2.5;75;32;72;100.0;2;115.69;['-batch-training', '-calc-rsi', '-verbose', '-prediction-mode=index', '-interval-list=30m', '-range-min-rsi=28', '-range-max-rsi=80', '-range-p-ema=50,250', '-target-margin-list=1.0,1.5,2.0,2.5,3.0,3.5,4.0,4.5,5.0', '-log-level=WARNING']
2023-11-26 19:51:50;UNIUSDT;30m;2.5;150;36;72;100.0;5;115.7;['-batch-training', '-calc-rsi', '-verbose', '-prediction-mode=index', '-interval-list=30m', '-range-min-rsi=28', '-range-max-rsi=80', '-range-p-ema=50,250', '-target-margin-list=1.0,1.5,2.0,2.5,3.0,3.5,4.0,4.5,5.0', '-log-level=WARNING']
2023-11-26 19:34:15;UNIUSDT;30m;4.5;100;34;76;100.0;3;115.71;['-batch-training', '-calc-rsi', '-verbose', '-prediction-mode=index', '-interval-list=30m', '-range-min-rsi=28', '-range-max-rsi=80', '-range-p-ema=50,250', '-target-margin-list=1.0,1.5,2.0,2.5,3.0,3.5,4.0,4.5,5.0', '-log-level=WARNING']
2023-11-26 20:59:42;UNIUSDT;30m;4.5;50;34;76;100.0;3;115.71;['-batch-training', '-calc-rsi', '-verbose', '-prediction-mode=index', '-interval-list=30m', '-range-min-rsi=28', '-range-max-rsi=80', '-range-p-ema=50,250', '-target-margin-list=1.0,1.5,2.0,2.5,3.0,3.5,4.0,4.5,5.0', '-log-level=WARNING']
2023-11-26 21:15:15;UNIUSDT;30m;4.5;75;34;76;100.0;3;115.71;['-batch-training', '-calc-rsi', '-verbose', '-prediction-mode=index', '-interval-list=30m', '-range-min-rsi=28', '-range-max-rsi=80', '-range-p-ema=50,250', '-target-margin-list=1.0,1.5,2.0,2.5,3.0,3.5,4.0,4.5,5.0', '-log-level=WARNING']
2023-11-26 19:45:49;UNIUSDT;30m;4.5;125;34;76;100.0;3;115.71;['-batch-training', '-calc-rsi', '-verbose', '-prediction-mode=index', '-interval-list=30m', '-range-min-rsi=28', '-range-max-rsi=80', '-range-p-ema=50,250', '-target-margin-list=1.0,1.5,2.0,2.5,3.0,3.5,4.0,4.5,5.0', '-log-level=WARNING']
2023-11-26 20:34:59;UNIUSDT;30m;1.0;250;32;80;100.0;2;115.74;['-batch-training', '-calc-rsi', '-verbose', '-prediction-mode=index', '-interval-list=30m', '-range-min-rsi=28', '-range-max-rsi=80', '-range-p-ema=50,250', '-target-margin-list=1.0,1.5,2.0,2.5,3.0,3.5,4.0,4.5,5.0', '-log-level=WARNING']
2023-11-26 20:09:12;UNIUSDT;30m;1.0;200;36;76;100.0;4;115.79;['-batch-training', '-calc-rsi', '-verbose', '-prediction-mode=index', '-interval-list=30m', '-range-min-rsi=28', '-range-max-rsi=80', '-range-p-ema=50,250', '-target-margin-list=1.0,1.5,2.0,2.5,3.0,3.5,4.0,4.5,5.0', '-log-level=WARNING']
2023-11-26 19:48:15;UNIUSDT;30m;1.0;150;28;76;100.0;3;115.79;['-batch-training', '-calc-rsi', '-verbose', '-prediction-mode=index', '-interval-list=30m', '-range-min-rsi=28', '-range-max-rsi=80', '-range-p-ema=50,250', '-target-margin-list=1.0,1.5,2.0,2.5,3.0,3.5,4.0,4.5,5.0', '-log-level=WARNING']
2023-11-26 20:48:04;UNIUSDT;30m;1.0;50;28;76;100.0;3;115.79;['-batch-training', '-calc-rsi', '-verbose', '-prediction-mode=index', '-interval-list=30m', '-range-min-rsi=28', '-range-max-rsi=80', '-range-p-ema=50,250', '-target-margin-list=1.0,1.5,2.0,2.5,3.0,3.5,4.0,4.5,5.0', '-log-level=WARNING']
2023-11-26 19:58:58;UNIUSDT;30m;1.0;175;28;76;100.0;3;115.79;['-batch-training', '-calc-rsi', '-verbose', '-prediction-mode=index', '-interval-list=30m', '-range-min-rsi=28', '-range-max-rsi=80', '-range-p-ema=50,250', '-target-margin-list=1.0,1.5,2.0,2.5,3.0,3.5,4.0,4.5,5.0', '-log-level=WARNING']
2023-11-26 19:25:13;UNIUSDT;30m;1.0;100;28;76;100.0;3;115.79;['-batch-training', '-calc-rsi', '-verbose', '-prediction-mode=index', '-interval-list=30m', '-range-min-rsi=28', '-range-max-rsi=80', '-range-p-ema=50,250', '-target-margin-list=1.0,1.5,2.0,2.5,3.0,3.5,4.0,4.5,5.0', '-log-level=WARNING']
2023-11-26 20:09:01;UNIUSDT;30m;1.0;200;28;76;100.0;3;115.79;['-batch-training', '-calc-rsi', '-verbose', '-prediction-mode=index', '-interval-list=30m', '-range-min-rsi=28', '-range-max-rsi=80', '-range-p-ema=50,250', '-target-margin-list=1.0,1.5,2.0,2.5,3.0,3.5,4.0,4.5,5.0', '-log-level=WARNING']
2023-11-26 19:36:41;UNIUSDT;30m;1.0;125;28;76;100.0;3;115.79;['-batch-training', '-calc-rsi', '-verbose', '-prediction-mode=index', '-interval-list=30m', '-range-min-rsi=28', '-range-max-rsi=80', '-range-p-ema=50,250', '-target-margin-list=1.0,1.5,2.0,2.5,3.0,3.5,4.0,4.5,5.0', '-log-level=WARNING']
2023-11-26 20:21:08;UNIUSDT;30m;1.0;225;28;76;100.0;3;115.79;['-batch-training', '-calc-rsi', '-verbose', '-prediction-mode=index', '-interval-list=30m', '-range-min-rsi=28', '-range-max-rsi=80', '-range-p-ema=50,250', '-target-margin-list=1.0,1.5,2.0,2.5,3.0,3.5,4.0,4.5,5.0', '-log-level=WARNING']
2023-11-26 21:02:53;UNIUSDT;30m;1.0;75;28;76;100.0;3;115.79;['-batch-training', '-calc-rsi', '-verbose', '-prediction-mode=index', '-interval-list=30m', '-range-min-rsi=28', '-range-max-rsi=80', '-range-p-ema=50,250', '-target-margin-list=1.0,1.5,2.0,2.5,3.0,3.5,4.0,4.5,5.0', '-log-level=WARNING']
2023-11-26 19:39:44;UNIUSDT;30m;2.0;125;34;78;100.0;7;115.81;['-batch-training', '-calc-rsi', '-verbose', '-prediction-mode=index', '-interval-list=30m', '-range-min-rsi=28', '-range-max-rsi=80', '-range-p-ema=50,250', '-target-margin-list=1.0,1.5,2.0,2.5,3.0,3.5,4.0,4.5,5.0', '-log-level=WARNING']
2023-11-26 19:28:15;UNIUSDT;30m;2.0;100;34;78;100.0;7;115.81;['-batch-training', '-calc-rsi', '-verbose', '-prediction-mode=index', '-interval-list=30m', '-range-min-rsi=28', '-range-max-rsi=80', '-range-p-ema=50,250', '-target-margin-list=1.0,1.5,2.0,2.5,3.0,3.5,4.0,4.5,5.0', '-log-level=WARNING']
2023-11-26 21:07:02;UNIUSDT;30m;2.0;75;34;78;100.0;7;115.81;['-batch-training', '-calc-rsi', '-verbose', '-prediction-mode=index', '-interval-list=30m', '-range-min-rsi=28', '-range-max-rsi=80', '-range-p-ema=50,250', '-target-margin-list=1.0,1.5,2.0,2.5,3.0,3.5,4.0,4.5,5.0', '-log-level=WARNING']
2023-11-26 20:51:47;UNIUSDT;30m;2.0;50;34;78;100.0;7;115.81;['-batch-training', '-calc-rsi', '-verbose', '-prediction-mode=index', '-interval-list=30m', '-range-min-rsi=28', '-range-max-rsi=80', '-range-p-ema=50,250', '-target-margin-list=1.0,1.5,2.0,2.5,3.0,3.5,4.0,4.5,5.0', '-log-level=WARNING']
2023-11-26 20:40:25;UNIUSDT;30m;3.0;250;32;76;100.0;4;115.82;['-batch-training', '-calc-rsi', '-verbose', '-prediction-mode=index', '-interval-list=30m', '-range-min-rsi=28', '-range-max-rsi=80', '-range-p-ema=50,250', '-target-margin-list=1.0,1.5,2.0,2.5,3.0,3.5,4.0,4.5,5.0', '-log-level=WARNING']
2023-11-26 19:36:55;UNIUSDT;30m;1.0;125;36;76;100.0;5;115.86;['-batch-training', '-calc-rsi', '-verbose', '-prediction-mode=index', '-interval-list=30m', '-range-min-rsi=28', '-range-max-rsi=80', '-range-p-ema=50,250', '-target-margin-list=1.0,1.5,2.0,2.5,3.0,3.5,4.0,4.5,5.0', '-log-level=WARNING']
2023-11-26 19:25:26;UNIUSDT;30m;1.0;100;36;76;100.0;5;115.86;['-batch-training', '-calc-rsi', '-verbose', '-prediction-mode=index', '-interval-list=30m', '-range-min-rsi=28', '-range-max-rsi=80', '-range-p-ema=50,250', '-target-margin-list=1.0,1.5,2.0,2.5,3.0,3.5,4.0,4.5,5.0', '-log-level=WARNING']
2023-11-26 19:49:46;UNIUSDT;30m;1.5;150;36;76;100.0;5;115.88;['-batch-training', '-calc-rsi', '-verbose', '-prediction-mode=index', '-interval-list=30m', '-range-min-rsi=28', '-range-max-rsi=80', '-range-p-ema=50,250', '-target-margin-list=1.0,1.5,2.0,2.5,3.0,3.5,4.0,4.5,5.0', '-log-level=WARNING']
2023-11-26 20:00:42;UNIUSDT;30m;1.5;175;34;80;100.0;5;115.89;['-batch-training', '-calc-rsi', '-verbose', '-prediction-mode=index', '-interval-list=30m', '-range-min-rsi=28', '-range-max-rsi=80', '-range-p-ema=50,250', '-target-margin-list=1.0,1.5,2.0,2.5,3.0,3.5,4.0,4.5,5.0', '-log-level=WARNING']
2023-11-26 20:36:47;UNIUSDT;30m;2.0;250;32;72;100.0;2;115.91;['-batch-training', '-calc-rsi', '-verbose', '-prediction-mode=index', '-interval-list=30m', '-range-min-rsi=28', '-range-max-rsi=80', '-range-p-ema=50,250', '-target-margin-list=1.0,1.5,2.0,2.5,3.0,3.5,4.0,4.5,5.0', '-log-level=WARNING']
2023-11-26 19:48:08;UNIUSDT;30m;1.0;150;34;74;100.0;5;115.91;['-batch-training', '-calc-rsi', '-verbose', '-prediction-mode=index', '-interval-list=30m', '-range-min-rsi=28', '-range-max-rsi=80', '-range-p-ema=50,250', '-target-margin-list=1.0,1.5,2.0,2.5,3.0,3.5,4.0,4.5,5.0', '-log-level=WARNING']
2023-11-26 19:40:02;UNIUSDT;30m;2.0;125;36;80;100.0;6;115.92;['-batch-training', '-calc-rsi', '-verbose', '-prediction-mode=index', '-interval-list=30m', '-range-min-rsi=28', '-range-max-rsi=80', '-range-p-ema=50,250', '-target-margin-list=1.0,1.5,2.0,2.5,3.0,3.5,4.0,4.5,5.0', '-log-level=WARNING']
2023-11-26 19:59:37;UNIUSDT;30m;1.0;175;36;80;100.0;7;115.92;['-batch-training', '-calc-rsi', '-verbose', '-prediction-mode=index', '-interval-list=30m', '-range-min-rsi=28', '-range-max-rsi=80', '-range-p-ema=50,250', '-target-margin-list=1.0,1.5,2.0,2.5,3.0,3.5,4.0,4.5,5.0', '-log-level=WARNING']
2023-11-26 20:24:55;UNIUSDT;30m;2.5;225;28;72;100.0;3;115.92;['-batch-training', '-calc-rsi', '-verbose', '-prediction-mode=index', '-interval-list=30m', '-range-min-rsi=28', '-range-max-rsi=80', '-range-p-ema=50,250', '-target-margin-list=1.0,1.5,2.0,2.5,3.0,3.5,4.0,4.5,5.0', '-log-level=WARNING']
2023-11-26 19:28:34;UNIUSDT;30m;2.0;100;36;80;100.0;6;115.92;['-batch-training', '-calc-rsi', '-verbose', '-prediction-mode=index', '-interval-list=30m', '-range-min-rsi=28', '-range-max-rsi=80', '-range-p-ema=50,250', '-target-margin-list=1.0,1.5,2.0,2.5,3.0,3.5,4.0,4.5,5.0', '-log-level=WARNING']
2023-11-26 20:49:16;UNIUSDT;30m;1.5;50;36;72;100.0;5;115.93;['-batch-training', '-calc-rsi', '-verbose', '-prediction-mode=index', '-interval-list=30m', '-range-min-rsi=28', '-range-max-rsi=80', '-range-p-ema=50,250', '-target-margin-list=1.0,1.5,2.0,2.5,3.0,3.5,4.0,4.5,5.0', '-log-level=WARNING']
2023-11-26 19:37:42;UNIUSDT;30m;1.5;125;36;72;100.0;5;115.93;['-batch-training', '-calc-rsi', '-verbose', '-prediction-mode=index', '-interval-list=30m', '-range-min-rsi=28', '-range-max-rsi=80', '-range-p-ema=50,250', '-target-margin-list=1.0,1.5,2.0,2.5,3.0,3.5,4.0,4.5,5.0', '-log-level=WARNING']
2023-11-26 19:26:14;UNIUSDT;30m;1.5;100;36;72;100.0;5;115.93;['-batch-training', '-calc-rsi', '-verbose', '-prediction-mode=index', '-interval-list=30m', '-range-min-rsi=28', '-range-max-rsi=80', '-range-p-ema=50,250', '-target-margin-list=1.0,1.5,2.0,2.5,3.0,3.5,4.0,4.5,5.0', '-log-level=WARNING']
2023-11-26 21:04:14;UNIUSDT;30m;1.5;75;36;72;100.0;5;115.93;['-batch-training', '-calc-rsi', '-verbose', '-prediction-mode=index', '-interval-list=30m', '-range-min-rsi=28', '-range-max-rsi=80', '-range-p-ema=50,250', '-target-margin-list=1.0,1.5,2.0,2.5,3.0,3.5,4.0,4.5,5.0', '-log-level=WARNING']
2023-11-26 20:22:46;UNIUSDT;30m;1.5;225;34;76;100.0;6;115.95;['-batch-training', '-calc-rsi', '-verbose', '-prediction-mode=index', '-interval-list=30m', '-range-min-rsi=28', '-range-max-rsi=80', '-range-p-ema=50,250', '-target-margin-list=1.0,1.5,2.0,2.5,3.0,3.5,4.0,4.5,5.0', '-log-level=WARNING']
2023-11-26 20:25:43;UNIUSDT;30m;2.5;225;36;76;100.0;4;115.97;['-batch-training', '-calc-rsi', '-verbose', '-prediction-mode=index', '-interval-list=30m', '-range-min-rsi=28', '-range-max-rsi=80', '-range-p-ema=50,250', '-target-margin-list=1.0,1.5,2.0,2.5,3.0,3.5,4.0,4.5,5.0', '-log-level=WARNING']
2023-11-26 19:54:51;UNIUSDT;30m;3.5;150;36;78;100.0;3;115.97;['-batch-training', '-calc-rsi', '-verbose', '-prediction-mode=index', '-interval-list=30m', '-range-min-rsi=28', '-range-max-rsi=80', '-range-p-ema=50,250', '-target-margin-list=1.0,1.5,2.0,2.5,3.0,3.5,4.0,4.5,5.0', '-log-level=WARNING']
2023-11-26 21:06:24;UNIUSDT;30m;2.0;75;36;74;100.0;6;116.0;['-batch-training', '-calc-rsi', '-verbose', '-prediction-mode=index', '-interval-list=30m', '-range-min-rsi=28', '-range-max-rsi=80', '-range-p-ema=50,250', '-target-margin-list=1.0,1.5,2.0,2.5,3.0,3.5,4.0,4.5,5.0', '-log-level=WARNING']
2023-11-26 19:39:16;UNIUSDT;30m;2.0;125;36;74;100.0;6;116.0;['-batch-training', '-calc-rsi', '-verbose', '-prediction-mode=index', '-interval-list=30m', '-range-min-rsi=28', '-range-max-rsi=80', '-range-p-ema=50,250', '-target-margin-list=1.0,1.5,2.0,2.5,3.0,3.5,4.0,4.5,5.0', '-log-level=WARNING']
2023-11-26 20:20:54;UNIUSDT;30m;1.0;225;30;74;100.0;5;116.0;['-batch-training', '-calc-rsi', '-verbose', '-prediction-mode=index', '-interval-list=30m', '-range-min-rsi=28', '-range-max-rsi=80', '-range-p-ema=50,250', '-target-margin-list=1.0,1.5,2.0,2.5,3.0,3.5,4.0,4.5,5.0', '-log-level=WARNING']
2023-11-26 20:08:49;UNIUSDT;30m;1.0;200;30;74;100.0;5;116.0;['-batch-training', '-calc-rsi', '-verbose', '-prediction-mode=index', '-interval-list=30m', '-range-min-rsi=28', '-range-max-rsi=80', '-range-p-ema=50,250', '-target-margin-list=1.0,1.5,2.0,2.5,3.0,3.5,4.0,4.5,5.0', '-log-level=WARNING']
2023-11-26 19:58:48;UNIUSDT;30m;1.0;175;30;74;100.0;5;116.0;['-batch-training', '-calc-rsi', '-verbose', '-prediction-mode=index', '-interval-list=30m', '-range-min-rsi=28', '-range-max-rsi=80', '-range-p-ema=50,250', '-target-margin-list=1.0,1.5,2.0,2.5,3.0,3.5,4.0,4.5,5.0', '-log-level=WARNING']
2023-11-26 20:35:03;UNIUSDT;30m;1.0;250;34;80;100.0;2;116.0;['-batch-training', '-calc-rsi', '-verbose', '-prediction-mode=index', '-interval-list=30m', '-range-min-rsi=28', '-range-max-rsi=80', '-range-p-ema=50,250', '-target-margin-list=1.0,1.5,2.0,2.5,3.0,3.5,4.0,4.5,5.0', '-log-level=WARNING']
2023-11-26 20:51:12;UNIUSDT;30m;2.0;50;36;74;100.0;6;116.0;['-batch-training', '-calc-rsi', '-verbose', '-prediction-mode=index', '-interval-list=30m', '-range-min-rsi=28', '-range-max-rsi=80', '-range-p-ema=50,250', '-target-margin-list=1.0,1.5,2.0,2.5,3.0,3.5,4.0,4.5,5.0', '-log-level=WARNING']
2023-11-26 19:27:47;UNIUSDT;30m;2.0;100;36;74;100.0;6;116.0;['-batch-training', '-calc-rsi', '-verbose', '-prediction-mode=index', '-interval-list=30m', '-range-min-rsi=28', '-range-max-rsi=80', '-range-p-ema=50,250', '-target-margin-list=1.0,1.5,2.0,2.5,3.0,3.5,4.0,4.5,5.0', '-log-level=WARNING']
2023-11-26 20:41:13;UNIUSDT;30m;3.5;250;28;72;100.0;3;116.01;['-batch-training', '-calc-rsi', '-verbose', '-prediction-mode=index', '-interval-list=30m', '-range-min-rsi=28', '-range-max-rsi=80', '-range-p-ema=50,250', '-target-margin-list=1.0,1.5,2.0,2.5,3.0,3.5,4.0,4.5,5.0', '-log-level=WARNING']
2023-11-26 20:15:02;UNIUSDT;30m;3.5;200;28;72;100.0;3;116.01;['-batch-training', '-calc-rsi', '-verbose', '-prediction-mode=index', '-interval-list=30m', '-range-min-rsi=28', '-range-max-rsi=80', '-range-p-ema=50,250', '-target-margin-list=1.0,1.5,2.0,2.5,3.0,3.5,4.0,4.5,5.0', '-log-level=WARNING']
2023-11-26 20:34:22;UNIUSDT;30m;1.0;250;32;76;100.0;3;116.01;['-batch-training', '-calc-rsi', '-verbose', '-prediction-mode=index', '-interval-list=30m', '-range-min-rsi=28', '-range-max-rsi=80', '-range-p-ema=50,250', '-target-margin-list=1.0,1.5,2.0,2.5,3.0,3.5,4.0,4.5,5.0', '-log-level=WARNING']
2023-11-26 19:42:39;UNIUSDT;30m;3.5;125;28;72;100.0;3;116.01;['-batch-training', '-calc-rsi', '-verbose', '-prediction-mode=index', '-interval-list=30m', '-range-min-rsi=28', '-range-max-rsi=80', '-range-p-ema=50,250', '-target-margin-list=1.0,1.5,2.0,2.5,3.0,3.5,4.0,4.5,5.0', '-log-level=WARNING']
2023-11-26 20:55:33;UNIUSDT;30m;3.5;50;28;72;100.0;3;116.01;['-batch-training', '-calc-rsi', '-verbose', '-prediction-mode=index', '-interval-list=30m', '-range-min-rsi=28', '-range-max-rsi=80', '-range-p-ema=50,250', '-target-margin-list=1.0,1.5,2.0,2.5,3.0,3.5,4.0,4.5,5.0', '-log-level=WARNING']
2023-11-26 19:53:59;UNIUSDT;30m;3.5;150;28;72;100.0;3;116.01;['-batch-training', '-calc-rsi', '-verbose', '-prediction-mode=index', '-interval-list=30m', '-range-min-rsi=28', '-range-max-rsi=80', '-range-p-ema=50,250', '-target-margin-list=1.0,1.5,2.0,2.5,3.0,3.5,4.0,4.5,5.0', '-log-level=WARNING']
2023-11-26 19:31:09;UNIUSDT;30m;3.5;100;28;72;100.0;3;116.01;['-batch-training', '-calc-rsi', '-verbose', '-prediction-mode=index', '-interval-list=30m', '-range-min-rsi=28', '-range-max-rsi=80', '-range-p-ema=50,250', '-target-margin-list=1.0,1.5,2.0,2.5,3.0,3.5,4.0,4.5,5.0', '-log-level=WARNING']
2023-11-26 20:27:48;UNIUSDT;30m;3.5;225;28;72;100.0;3;116.01;['-batch-training', '-calc-rsi', '-verbose', '-prediction-mode=index', '-interval-list=30m', '-range-min-rsi=28', '-range-max-rsi=80', '-range-p-ema=50,250', '-target-margin-list=1.0,1.5,2.0,2.5,3.0,3.5,4.0,4.5,5.0', '-log-level=WARNING']
2023-11-26 21:11:08;UNIUSDT;30m;3.5;75;28;72;100.0;3;116.01;['-batch-training', '-calc-rsi', '-verbose', '-prediction-mode=index', '-interval-list=30m', '-range-min-rsi=28', '-range-max-rsi=80', '-range-p-ema=50,250', '-target-margin-list=1.0,1.5,2.0,2.5,3.0,3.5,4.0,4.5,5.0', '-log-level=WARNING']
2023-11-26 20:04:08;UNIUSDT;30m;3.5;175;28;72;100.0;3;116.01;['-batch-training', '-calc-rsi', '-verbose', '-prediction-mode=index', '-interval-list=30m', '-range-min-rsi=28', '-range-max-rsi=80', '-range-p-ema=50,250', '-target-margin-list=1.0,1.5,2.0,2.5,3.0,3.5,4.0,4.5,5.0', '-log-level=WARNING']
2023-11-26 19:50:44;UNIUSDT;30m;2.0;150;34;74;100.0;5;116.04;['-batch-training', '-calc-rsi', '-verbose', '-prediction-mode=index', '-interval-list=30m', '-range-min-rsi=28', '-range-max-rsi=80', '-range-p-ema=50,250', '-target-margin-list=1.0,1.5,2.0,2.5,3.0,3.5,4.0,4.5,5.0', '-log-level=WARNING']
2023-11-26 20:34:01;UNIUSDT;30m;1.0;250;30;74;100.0;6;116.04;['-batch-training', '-calc-rsi', '-verbose', '-prediction-mode=index', '-interval-list=30m', '-range-min-rsi=28', '-range-max-rsi=80', '-range-p-ema=50,250', '-target-margin-list=1.0,1.5,2.0,2.5,3.0,3.5,4.0,4.5,5.0', '-log-level=WARNING']
2023-11-26 19:52:14;UNIUSDT;30m;2.5;150;32;76;100.0;2;116.07;['-batch-training', '-calc-rsi', '-verbose', '-prediction-mode=index', '-interval-list=30m', '-range-min-rsi=28', '-range-max-rsi=80', '-range-p-ema=50,250', '-target-margin-list=1.0,1.5,2.0,2.5,3.0,3.5,4.0,4.5,5.0', '-log-level=WARNING']
2023-11-26 20:14:56;UNIUSDT;30m;3.0;200;34;80;100.0;4;116.07;['-batch-training', '-calc-rsi', '-verbose', '-prediction-mode=index', '-interval-list=30m', '-range-min-rsi=28', '-range-max-rsi=80', '-range-p-ema=50,250', '-target-margin-list=1.0,1.5,2.0,2.5,3.0,3.5,4.0,4.5,5.0', '-log-level=WARNING']
2023-11-26 20:35:56;UNIUSDT;30m;1.5;250;34;76;100.0;3;116.08;['-batch-training', '-calc-rsi', '-verbose', '-prediction-mode=index', '-interval-list=30m', '-range-min-rsi=28', '-range-max-rsi=80', '-range-p-ema=50,250', '-target-margin-list=1.0,1.5,2.0,2.5,3.0,3.5,4.0,4.5,5.0', '-log-level=WARNING']
2023-11-26 20:40:59;UNIUSDT;30m;3.0;250;30;80;100.0;4;116.09;['-batch-training', '-calc-rsi', '-verbose', '-prediction-mode=index', '-interval-list=30m', '-range-min-rsi=28', '-range-max-rsi=80', '-range-p-ema=50,250', '-target-margin-list=1.0,1.5,2.0,2.5,3.0,3.5,4.0,4.5,5.0', '-log-level=WARNING']
2023-11-26 20:03:58;UNIUSDT;30m;3.0;175;30;80;100.0;4;116.09;['-batch-training', '-calc-rsi', '-verbose', '-prediction-mode=index', '-interval-list=30m', '-range-min-rsi=28', '-range-max-rsi=80', '-range-p-ema=50,250', '-target-margin-list=1.0,1.5,2.0,2.5,3.0,3.5,4.0,4.5,5.0', '-log-level=WARNING']
2023-11-26 19:49:42;UNIUSDT;30m;1.5;150;34;76;100.0;2;116.09;['-batch-training', '-calc-rsi', '-verbose', '-prediction-mode=index', '-interval-list=30m', '-range-min-rsi=28', '-range-max-rsi=80', '-range-p-ema=50,250', '-target-margin-list=1.0,1.5,2.0,2.5,3.0,3.5,4.0,4.5,5.0', '-log-level=WARNING']
2023-11-26 19:53:48;UNIUSDT;30m;3.0;150;30;80;100.0;4;116.09;['-batch-training', '-calc-rsi', '-verbose', '-prediction-mode=index', '-interval-list=30m', '-range-min-rsi=28', '-range-max-rsi=80', '-range-p-ema=50,250', '-target-margin-list=1.0,1.5,2.0,2.5,3.0,3.5,4.0,4.5,5.0', '-log-level=WARNING']
2023-11-26 20:14:49;UNIUSDT;30m;3.0;200;30;80;100.0;4;116.09;['-batch-training', '-calc-rsi', '-verbose', '-prediction-mode=index', '-interval-list=30m', '-range-min-rsi=28', '-range-max-rsi=80', '-range-p-ema=50,250', '-target-margin-list=1.0,1.5,2.0,2.5,3.0,3.5,4.0,4.5,5.0', '-log-level=WARNING']
2023-11-26 19:30:57;UNIUSDT;30m;3.0;100;30;80;100.0;4;116.09;['-batch-training', '-calc-rsi', '-verbose', '-prediction-mode=index', '-interval-list=30m', '-range-min-rsi=28', '-range-max-rsi=80', '-range-p-ema=50,250', '-target-margin-list=1.0,1.5,2.0,2.5,3.0,3.5,4.0,4.5,5.0', '-log-level=WARNING']
2023-11-26 20:55:17;UNIUSDT;30m;3.0;50;30;80;100.0;4;116.09;['-batch-training', '-calc-rsi', '-verbose', '-prediction-mode=index', '-interval-list=30m', '-range-min-rsi=28', '-range-max-rsi=80', '-range-p-ema=50,250', '-target-margin-list=1.0,1.5,2.0,2.5,3.0,3.5,4.0,4.5,5.0', '-log-level=WARNING']
2023-11-26 20:27:34;UNIUSDT;30m;3.0;225;30;80;100.0;4;116.09;['-batch-training', '-calc-rsi', '-verbose', '-prediction-mode=index', '-interval-list=30m', '-range-min-rsi=28', '-range-max-rsi=80', '-range-p-ema=50,250', '-target-margin-list=1.0,1.5,2.0,2.5,3.0,3.5,4.0,4.5,5.0', '-log-level=WARNING']
2023-11-26 21:10:51;UNIUSDT;30m;3.0;75;30;80;100.0;4;116.09;['-batch-training', '-calc-rsi', '-verbose', '-prediction-mode=index', '-interval-list=30m', '-range-min-rsi=28', '-range-max-rsi=80', '-range-p-ema=50,250', '-target-margin-list=1.0,1.5,2.0,2.5,3.0,3.5,4.0,4.5,5.0', '-log-level=WARNING']
2023-11-26 19:42:27;UNIUSDT;30m;3.0;125;30;80;100.0;4;116.09;['-batch-training', '-calc-rsi', '-verbose', '-prediction-mode=index', '-interval-list=30m', '-range-min-rsi=28', '-range-max-rsi=80', '-range-p-ema=50,250', '-target-margin-list=1.0,1.5,2.0,2.5,3.0,3.5,4.0,4.5,5.0', '-log-level=WARNING']
2023-11-26 20:03:50;UNIUSDT;30m;3.0;175;34;78;100.0;3;116.11;['-batch-training', '-calc-rsi', '-verbose', '-prediction-mode=index', '-interval-list=30m', '-range-min-rsi=28', '-range-max-rsi=80', '-range-p-ema=50,250', '-target-margin-list=1.0,1.5,2.0,2.5,3.0,3.5,4.0,4.5,5.0', '-log-level=WARNING']
2023-11-26 20:14:40;UNIUSDT;30m;3.0;200;34;78;100.0;3;116.11;['-batch-training', '-calc-rsi', '-verbose', '-prediction-mode=index', '-interval-list=30m', '-range-min-rsi=28', '-range-max-rsi=80', '-range-p-ema=50,250', '-target-margin-list=1.0,1.5,2.0,2.5,3.0,3.5,4.0,4.5,5.0', '-log-level=WARNING']
2023-11-26 19:53:40;UNIUSDT;30m;3.0;150;34;78;100.0;3;116.11;['-batch-training', '-calc-rsi', '-verbose', '-prediction-mode=index', '-interval-list=30m', '-range-min-rsi=28', '-range-max-rsi=80', '-range-p-ema=50,250', '-target-margin-list=1.0,1.5,2.0,2.5,3.0,3.5,4.0,4.5,5.0', '-log-level=WARNING']
2023-11-26 20:08:49;UNIUSDT;30m;1.0;200;30;74;100.0;4;116.14;['-batch-training', '-calc-rsi', '-verbose', '-prediction-mode=index', '-interval-list=30m', '-range-min-rsi=28', '-range-max-rsi=80', '-range-p-ema=50,250', '-target-margin-list=1.0,1.5,2.0,2.5,3.0,3.5,4.0,4.5,5.0', '-log-level=WARNING']
2023-11-26 19:58:47;UNIUSDT;30m;1.0;175;30;74;100.0;4;116.14;['-batch-training', '-calc-rsi', '-verbose', '-prediction-mode=index', '-interval-list=30m', '-range-min-rsi=28', '-range-max-rsi=80', '-range-p-ema=50,250', '-target-margin-list=1.0,1.5,2.0,2.5,3.0,3.5,4.0,4.5,5.0', '-log-level=WARNING']
2023-11-26 20:20:55;UNIUSDT;30m;1.0;225;30;74;100.0;4;116.14;['-batch-training', '-calc-rsi', '-verbose', '-prediction-mode=index', '-interval-list=30m', '-range-min-rsi=28', '-range-max-rsi=80', '-range-p-ema=50,250', '-target-margin-list=1.0,1.5,2.0,2.5,3.0,3.5,4.0,4.5,5.0', '-log-level=WARNING']
2023-11-26 19:26:42;UNIUSDT;30m;1.5;100;34;76;100.0;4;116.15;['-batch-training', '-calc-rsi', '-verbose', '-prediction-mode=index', '-interval-list=30m', '-range-min-rsi=28', '-range-max-rsi=80', '-range-p-ema=50,250', '-target-margin-list=1.0,1.5,2.0,2.5,3.0,3.5,4.0,4.5,5.0', '-log-level=WARNING']
2023-11-26 21:04:51;UNIUSDT;30m;1.5;75;34;76;100.0;4;116.15;['-batch-training', '-calc-rsi', '-verbose', '-prediction-mode=index', '-interval-list=30m', '-range-min-rsi=28', '-range-max-rsi=80', '-range-p-ema=50,250', '-target-margin-list=1.0,1.5,2.0,2.5,3.0,3.5,4.0,4.5,5.0', '-log-level=WARNING']
2023-11-26 19:38:11;UNIUSDT;30m;1.5;125;34;76;100.0;4;116.15;['-batch-training', '-calc-rsi', '-verbose', '-prediction-mode=index', '-interval-list=30m', '-range-min-rsi=28', '-range-max-rsi=80', '-range-p-ema=50,250', '-target-margin-list=1.0,1.5,2.0,2.5,3.0,3.5,4.0,4.5,5.0', '-log-level=WARNING']
2023-11-26 20:49:51;UNIUSDT;30m;1.5;50;34;76;100.0;4;116.15;['-batch-training', '-calc-rsi', '-verbose', '-prediction-mode=index', '-interval-list=30m', '-range-min-rsi=28', '-range-max-rsi=80', '-range-p-ema=50,250', '-target-margin-list=1.0,1.5,2.0,2.5,3.0,3.5,4.0,4.5,5.0', '-log-level=WARNING']
2023-11-26 20:34:19;UNIUSDT;30m;1.0;250;30;76;100.0;5;116.17;['-batch-training', '-calc-rsi', '-verbose', '-prediction-mode=index', '-interval-list=30m', '-range-min-rsi=28', '-range-max-rsi=80', '-range-p-ema=50,250', '-target-margin-list=1.0,1.5,2.0,2.5,3.0,3.5,4.0,4.5,5.0', '-log-level=WARNING']
2023-11-26 20:31:59;UNIUSDT;30m;4.5;225;32;80;100.0;3;116.17;['-batch-training', '-calc-rsi', '-verbose', '-prediction-mode=index', '-interval-list=30m', '-range-min-rsi=28', '-range-max-rsi=80', '-range-p-ema=50,250', '-target-margin-list=1.0,1.5,2.0,2.5,3.0,3.5,4.0,4.5,5.0', '-log-level=WARNING']
2023-11-26 19:57:16;UNIUSDT;30m;4.5;150;32;80;100.0;3;116.17;['-batch-training', '-calc-rsi', '-verbose', '-prediction-mode=index', '-interval-list=30m', '-range-min-rsi=28', '-range-max-rsi=80', '-range-p-ema=50,250', '-target-margin-list=1.0,1.5,2.0,2.5,3.0,3.5,4.0,4.5,5.0', '-log-level=WARNING']
2023-11-26 20:18:59;UNIUSDT;30m;4.5;200;32;80;100.0;3;116.17;['-batch-training', '-calc-rsi', '-verbose', '-prediction-mode=index', '-interval-list=30m', '-range-min-rsi=28', '-range-max-rsi=80', '-range-p-ema=50,250', '-target-margin-list=1.0,1.5,2.0,2.5,3.0,3.5,4.0,4.5,5.0', '-log-level=WARNING']
2023-11-26 20:45:41;UNIUSDT;30m;4.5;250;32;80;100.0;3;116.17;['-batch-training', '-calc-rsi', '-verbose', '-prediction-mode=index', '-interval-list=30m', '-range-min-rsi=28', '-range-max-rsi=80', '-range-p-ema=50,250', '-target-margin-list=1.0,1.5,2.0,2.5,3.0,3.5,4.0,4.5,5.0', '-log-level=WARNING']
2023-11-26 20:07:19;UNIUSDT;30m;4.5;175;32;80;100.0;3;116.17;['-batch-training', '-calc-rsi', '-verbose', '-prediction-mode=index', '-interval-list=30m', '-range-min-rsi=28', '-range-max-rsi=80', '-range-p-ema=50,250', '-target-margin-list=1.0,1.5,2.0,2.5,3.0,3.5,4.0,4.5,5.0', '-log-level=WARNING']
2023-11-26 20:03:10;UNIUSDT;30m;3.0;175;34;72;100.0;2;116.18;['-batch-training', '-calc-rsi', '-verbose', '-prediction-mode=index', '-interval-list=30m', '-range-min-rsi=28', '-range-max-rsi=80', '-range-p-ema=50,250', '-target-margin-list=1.0,1.5,2.0,2.5,3.0,3.5,4.0,4.5,5.0', '-log-level=WARNING']
2023-11-26 20:13:51;UNIUSDT;30m;3.0;200;34;72;100.0;2;116.18;['-batch-training', '-calc-rsi', '-verbose', '-prediction-mode=index', '-interval-list=30m', '-range-min-rsi=28', '-range-max-rsi=80', '-range-p-ema=50,250', '-target-margin-list=1.0,1.5,2.0,2.5,3.0,3.5,4.0,4.5,5.0', '-log-level=WARNING']
2023-11-26 19:41:59;UNIUSDT;30m;3.0;125;32;76;100.0;4;116.21;['-batch-training', '-calc-rsi', '-verbose', '-prediction-mode=index', '-interval-list=30m', '-range-min-rsi=28', '-range-max-rsi=80', '-range-p-ema=50,250', '-target-margin-list=1.0,1.5,2.0,2.5,3.0,3.5,4.0,4.5,5.0', '-log-level=WARNING']
2023-11-26 20:54:41;UNIUSDT;30m;3.0;50;32;76;100.0;4;116.21;['-batch-training', '-calc-rsi', '-verbose', '-prediction-mode=index', '-interval-list=30m', '-range-min-rsi=28', '-range-max-rsi=80', '-range-p-ema=50,250', '-target-margin-list=1.0,1.5,2.0,2.5,3.0,3.5,4.0,4.5,5.0', '-log-level=WARNING']
2023-11-26 21:10:12;UNIUSDT;30m;3.0;75;32;76;100.0;4;116.21;['-batch-training', '-calc-rsi', '-verbose', '-prediction-mode=index', '-interval-list=30m', '-range-min-rsi=28', '-range-max-rsi=80', '-range-p-ema=50,250', '-target-margin-list=1.0,1.5,2.0,2.5,3.0,3.5,4.0,4.5,5.0', '-log-level=WARNING']
2023-11-26 19:30:29;UNIUSDT;30m;3.0;100;32;76;100.0;4;116.21;['-batch-training', '-calc-rsi', '-verbose', '-prediction-mode=index', '-interval-list=30m', '-range-min-rsi=28', '-range-max-rsi=80', '-range-p-ema=50,250', '-target-margin-list=1.0,1.5,2.0,2.5,3.0,3.5,4.0,4.5,5.0', '-log-level=WARNING']
2023-11-26 20:22:46;UNIUSDT;30m;1.5;225;34;76;100.0;2;116.22;['-batch-training', '-calc-rsi', '-verbose', '-prediction-mode=index', '-interval-list=30m', '-range-min-rsi=28', '-range-max-rsi=80', '-range-p-ema=50,250', '-target-margin-list=1.0,1.5,2.0,2.5,3.0,3.5,4.0,4.5,5.0', '-log-level=WARNING']
2023-11-26 20:10:24;UNIUSDT;30m;1.5;200;34;76;100.0;3;116.24;['-batch-training', '-calc-rsi', '-verbose', '-prediction-mode=index', '-interval-list=30m', '-range-min-rsi=28', '-range-max-rsi=80', '-range-p-ema=50,250', '-target-margin-list=1.0,1.5,2.0,2.5,3.0,3.5,4.0,4.5,5.0', '-log-level=WARNING']
2023-11-26 19:50:17;UNIUSDT;30m;1.5;150;36;80;100.0;5;116.24;['-batch-training', '-calc-rsi', '-verbose', '-prediction-mode=index', '-interval-list=30m', '-range-min-rsi=28', '-range-max-rsi=80', '-range-p-ema=50,250', '-target-margin-list=1.0,1.5,2.0,2.5,3.0,3.5,4.0,4.5,5.0', '-log-level=WARNING']
2023-11-26 20:01:53;UNIUSDT;30m;2.0;175;36;80;100.0;3;116.24;['-batch-training', '-calc-rsi', '-verbose', '-prediction-mode=index', '-interval-list=30m', '-range-min-rsi=28', '-range-max-rsi=80', '-range-p-ema=50,250', '-target-margin-list=1.0,1.5,2.0,2.5,3.0,3.5,4.0,4.5,5.0', '-log-level=WARNING']
2023-11-26 19:36:38;UNIUSDT;30m;1.0;125;36;74;100.0;7;116.25;['-batch-training', '-calc-rsi', '-verbose', '-prediction-mode=index', '-interval-list=30m', '-range-min-rsi=28', '-range-max-rsi=80', '-range-p-ema=50,250', '-target-margin-list=1.0,1.5,2.0,2.5,3.0,3.5,4.0,4.5,5.0', '-log-level=WARNING']
2023-11-26 19:25:11;UNIUSDT;30m;1.0;100;36;74;100.0;7;116.25;['-batch-training', '-calc-rsi', '-verbose', '-prediction-mode=index', '-interval-list=30m', '-range-min-rsi=28', '-range-max-rsi=80', '-range-p-ema=50,250', '-target-margin-list=1.0,1.5,2.0,2.5,3.0,3.5,4.0,4.5,5.0', '-log-level=WARNING']
2023-11-26 19:40:12;UNIUSDT;30m;2.5;125;32;72;100.0;5;116.26;['-batch-training', '-calc-rsi', '-verbose', '-prediction-mode=index', '-interval-list=30m', '-range-min-rsi=28', '-range-max-rsi=80', '-range-p-ema=50,250', '-target-margin-list=1.0,1.5,2.0,2.5,3.0,3.5,4.0,4.5,5.0', '-log-level=WARNING']
2023-11-26 19:28:44;UNIUSDT;30m;2.5;100;32;72;100.0;5;116.26;['-batch-training', '-calc-rsi', '-verbose', '-prediction-mode=index', '-interval-list=30m', '-range-min-rsi=28', '-range-max-rsi=80', '-range-p-ema=50,250', '-target-margin-list=1.0,1.5,2.0,2.5,3.0,3.5,4.0,4.5,5.0', '-log-level=WARNING']
2023-11-26 21:07:42;UNIUSDT;30m;2.5;75;32;72;100.0;5;116.26;['-batch-training', '-calc-rsi', '-verbose', '-prediction-mode=index', '-interval-list=30m', '-range-min-rsi=28', '-range-max-rsi=80', '-range-p-ema=50,250', '-target-margin-list=1.0,1.5,2.0,2.5,3.0,3.5,4.0,4.5,5.0', '-log-level=WARNING']
2023-11-26 20:52:23;UNIUSDT;30m;2.5;50;32;72;100.0;5;116.26;['-batch-training', '-calc-rsi', '-verbose', '-prediction-mode=index', '-interval-list=30m', '-range-min-rsi=28', '-range-max-rsi=80', '-range-p-ema=50,250', '-target-margin-list=1.0,1.5,2.0,2.5,3.0,3.5,4.0,4.5,5.0', '-log-level=WARNING']
2023-11-26 20:23:35;UNIUSDT;30m;2.0;225;32;72;100.0;2;116.27;['-batch-training', '-calc-rsi', '-verbose', '-prediction-mode=index', '-interval-list=30m', '-range-min-rsi=28', '-range-max-rsi=80', '-range-p-ema=50,250', '-target-margin-list=1.0,1.5,2.0,2.5,3.0,3.5,4.0,4.5,5.0', '-log-level=WARNING']
2023-11-26 20:49:24;UNIUSDT;30m;1.5;50;30;74;100.0;7;116.27;['-batch-training', '-calc-rsi', '-verbose', '-prediction-mode=index', '-interval-list=30m', '-range-min-rsi=28', '-range-max-rsi=80', '-range-p-ema=50,250', '-target-margin-list=1.0,1.5,2.0,2.5,3.0,3.5,4.0,4.5,5.0', '-log-level=WARNING']
2023-11-26 21:04:22;UNIUSDT;30m;1.5;75;30;74;100.0;7;116.27;['-batch-training', '-calc-rsi', '-verbose', '-prediction-mode=index', '-interval-list=30m', '-range-min-rsi=28', '-range-max-rsi=80', '-range-p-ema=50,250', '-target-margin-list=1.0,1.5,2.0,2.5,3.0,3.5,4.0,4.5,5.0', '-log-level=WARNING']
2023-11-26 20:11:08;UNIUSDT;30m;2.0;200;32;72;100.0;2;116.27;['-batch-training', '-calc-rsi', '-verbose', '-prediction-mode=index', '-interval-list=30m', '-range-min-rsi=28', '-range-max-rsi=80', '-range-p-ema=50,250', '-target-margin-list=1.0,1.5,2.0,2.5,3.0,3.5,4.0,4.5,5.0', '-log-level=WARNING']
2023-11-26 19:59:56;UNIUSDT;30m;1.5;175;30;74;100.0;7;116.27;['-batch-training', '-calc-rsi', '-verbose', '-prediction-mode=index', '-interval-list=30m', '-range-min-rsi=28', '-range-max-rsi=80', '-range-p-ema=50,250', '-target-margin-list=1.0,1.5,2.0,2.5,3.0,3.5,4.0,4.5,5.0', '-log-level=WARNING']
2023-11-26 19:26:20;UNIUSDT;30m;1.5;100;30;74;100.0;7;116.27;['-batch-training', '-calc-rsi', '-verbose', '-prediction-mode=index', '-interval-list=30m', '-range-min-rsi=28', '-range-max-rsi=80', '-range-p-ema=50,250', '-target-margin-list=1.0,1.5,2.0,2.5,3.0,3.5,4.0,4.5,5.0', '-log-level=WARNING']
2023-11-26 19:37:49;UNIUSDT;30m;1.5;125;30;74;100.0;7;116.27;['-batch-training', '-calc-rsi', '-verbose', '-prediction-mode=index', '-interval-list=30m', '-range-min-rsi=28', '-range-max-rsi=80', '-range-p-ema=50,250', '-target-margin-list=1.0,1.5,2.0,2.5,3.0,3.5,4.0,4.5,5.0', '-log-level=WARNING']
2023-11-26 19:44:51;UNIUSDT;30m;4.0;125;36;78;100.0;3;116.27;['-batch-training', '-calc-rsi', '-verbose', '-prediction-mode=index', '-interval-list=30m', '-range-min-rsi=28', '-range-max-rsi=80', '-range-p-ema=50,250', '-target-margin-list=1.0,1.5,2.0,2.5,3.0,3.5,4.0,4.5,5.0', '-log-level=WARNING']
2023-11-26 20:10:02;UNIUSDT;30m;1.5;200;30;74;100.0;7;116.27;['-batch-training', '-calc-rsi', '-verbose', '-prediction-mode=index', '-interval-list=30m', '-range-min-rsi=28', '-range-max-rsi=80', '-range-p-ema=50,250', '-target-margin-list=1.0,1.5,2.0,2.5,3.0,3.5,4.0,4.5,5.0', '-log-level=WARNING']
2023-11-26 19:49:21;UNIUSDT;30m;1.5;150;30;74;100.0;7;116.27;['-batch-training', '-calc-rsi', '-verbose', '-prediction-mode=index', '-interval-list=30m', '-range-min-rsi=28', '-range-max-rsi=80', '-range-p-ema=50,250', '-target-margin-list=1.0,1.5,2.0,2.5,3.0,3.5,4.0,4.5,5.0', '-log-level=WARNING']
2023-11-26 19:33:19;UNIUSDT;30m;4.0;100;36;78;100.0;3;116.27;['-batch-training', '-calc-rsi', '-verbose', '-prediction-mode=index', '-interval-list=30m', '-range-min-rsi=28', '-range-max-rsi=80', '-range-p-ema=50,250', '-target-margin-list=1.0,1.5,2.0,2.5,3.0,3.5,4.0,4.5,5.0', '-log-level=WARNING']
2023-11-26 20:22:22;UNIUSDT;30m;1.5;225;30;74;100.0;7;116.27;['-batch-training', '-calc-rsi', '-verbose', '-prediction-mode=index', '-interval-list=30m', '-range-min-rsi=28', '-range-max-rsi=80', '-range-p-ema=50,250', '-target-margin-list=1.0,1.5,2.0,2.5,3.0,3.5,4.0,4.5,5.0', '-log-level=WARNING']
2023-11-26 20:11:28;UNIUSDT;30m;2.0;200;34;74;100.0;5;116.28;['-batch-training', '-calc-rsi', '-verbose', '-prediction-mode=index', '-interval-list=30m', '-range-min-rsi=28', '-range-max-rsi=80', '-range-p-ema=50,250', '-target-margin-list=1.0,1.5,2.0,2.5,3.0,3.5,4.0,4.5,5.0', '-log-level=WARNING']
2023-11-26 20:24:55;UNIUSDT;30m;2.5;225;28;72;100.0;7;116.29;['-batch-training', '-calc-rsi', '-verbose', '-prediction-mode=index', '-interval-list=30m', '-range-min-rsi=28', '-range-max-rsi=80', '-range-p-ema=50,250', '-target-margin-list=1.0,1.5,2.0,2.5,3.0,3.5,4.0,4.5,5.0', '-log-level=WARNING']
2023-11-26 19:51:37;UNIUSDT;30m;2.5;150;28;72;100.0;7;116.29;['-batch-training', '-calc-rsi', '-verbose', '-prediction-mode=index', '-interval-list=30m', '-range-min-rsi=28', '-range-max-rsi=80', '-range-p-ema=50,250', '-target-margin-list=1.0,1.5,2.0,2.5,3.0,3.5,4.0,4.5,5.0', '-log-level=WARNING']
2023-11-26 20:01:56;UNIUSDT;30m;2.5;175;28;72;100.0;7;116.29;['-batch-training', '-calc-rsi', '-verbose', '-prediction-mode=index', '-interval-list=30m', '-range-min-rsi=28', '-range-max-rsi=80', '-range-p-ema=50,250', '-target-margin-list=1.0,1.5,2.0,2.5,3.0,3.5,4.0,4.5,5.0', '-log-level=WARNING']
2023-11-26 19:40:06;UNIUSDT;30m;2.5;125;28;72;100.0;7;116.29;['-batch-training', '-calc-rsi', '-verbose', '-prediction-mode=index', '-interval-list=30m', '-range-min-rsi=28', '-range-max-rsi=80', '-range-p-ema=50,250', '-target-margin-list=1.0,1.5,2.0,2.5,3.0,3.5,4.0,4.5,5.0', '-log-level=WARNING']
2023-11-26 19:28:38;UNIUSDT;30m;2.5;100;28;72;100.0;7;116.29;['-batch-training', '-calc-rsi', '-verbose', '-prediction-mode=index', '-interval-list=30m', '-range-min-rsi=28', '-range-max-rsi=80', '-range-p-ema=50,250', '-target-margin-list=1.0,1.5,2.0,2.5,3.0,3.5,4.0,4.5,5.0', '-log-level=WARNING']
2023-11-26 20:12:21;UNIUSDT;30m;2.5;200;28;72;100.0;7;116.29;['-batch-training', '-calc-rsi', '-verbose', '-prediction-mode=index', '-interval-list=30m', '-range-min-rsi=28', '-range-max-rsi=80', '-range-p-ema=50,250', '-target-margin-list=1.0,1.5,2.0,2.5,3.0,3.5,4.0,4.5,5.0', '-log-level=WARNING']
2023-11-26 20:52:14;UNIUSDT;30m;2.5;50;28;72;100.0;7;116.29;['-batch-training', '-calc-rsi', '-verbose', '-prediction-mode=index', '-interval-list=30m', '-range-min-rsi=28', '-range-max-rsi=80', '-range-p-ema=50,250', '-target-margin-list=1.0,1.5,2.0,2.5,3.0,3.5,4.0,4.5,5.0', '-log-level=WARNING']
2023-11-26 21:07:34;UNIUSDT;30m;2.5;75;28;72;100.0;7;116.29;['-batch-training', '-calc-rsi', '-verbose', '-prediction-mode=index', '-interval-list=30m', '-range-min-rsi=28', '-range-max-rsi=80', '-range-p-ema=50,250', '-target-margin-list=1.0,1.5,2.0,2.5,3.0,3.5,4.0,4.5,5.0', '-log-level=WARNING']
2023-11-26 20:36:32;UNIUSDT;30m;1.5;250;34;80;100.0;4;116.29;['-batch-training', '-calc-rsi', '-verbose', '-prediction-mode=index', '-interval-list=30m', '-range-min-rsi=28', '-range-max-rsi=80', '-range-p-ema=50,250', '-target-margin-list=1.0,1.5,2.0,2.5,3.0,3.5,4.0,4.5,5.0', '-log-level=WARNING']
2023-11-26 19:51:00;UNIUSDT;30m;2.0;150;34;76;100.0;2;116.31;['-batch-training', '-calc-rsi', '-verbose', '-prediction-mode=index', '-interval-list=30m', '-range-min-rsi=28', '-range-max-rsi=80', '-range-p-ema=50,250', '-target-margin-list=1.0,1.5,2.0,2.5,3.0,3.5,4.0,4.5,5.0', '-log-level=WARNING']
2023-11-26 20:31:31;UNIUSDT;30m;4.5;225;36;76;100.0;2;116.32;['-batch-training', '-calc-rsi', '-verbose', '-prediction-mode=index', '-interval-list=30m', '-range-min-rsi=28', '-range-max-rsi=80', '-range-p-ema=50,250', '-target-margin-list=1.0,1.5,2.0,2.5,3.0,3.5,4.0,4.5,5.0', '-log-level=WARNING']
2023-11-26 20:45:11;UNIUSDT;30m;4.5;250;36;76;100.0;2;116.32;['-batch-training', '-calc-rsi', '-verbose', '-prediction-mode=index', '-interval-list=30m', '-range-min-rsi=28', '-range-max-rsi=80', '-range-p-ema=50,250', '-target-margin-list=1.0,1.5,2.0,2.5,3.0,3.5,4.0,4.5,5.0', '-log-level=WARNING']
2023-11-26 20:31:14;UNIUSDT;30m;4.5;225;36;74;100.0;2;116.32;['-batch-training', '-calc-rsi', '-verbose', '-prediction-mode=index', '-interval-list=30m', '-range-min-rsi=28', '-range-max-rsi=80', '-range-p-ema=50,250', '-target-margin-list=1.0,1.5,2.0,2.5,3.0,3.5,4.0,4.5,5.0', '-log-level=WARNING']
2023-11-26 20:44:52;UNIUSDT;30m;4.5;250;36;74;100.0;2;116.32;['-batch-training', '-calc-rsi', '-verbose', '-prediction-mode=index', '-interval-list=30m', '-range-min-rsi=28', '-range-max-rsi=80', '-range-p-ema=50,250', '-target-margin-list=1.0,1.5,2.0,2.5,3.0,3.5,4.0,4.5,5.0', '-log-level=WARNING']
2023-11-26 19:58:52;UNIUSDT;30m;1.0;175;34;74;100.0;7;116.34;['-batch-training', '-calc-rsi', '-verbose', '-prediction-mode=index', '-interval-list=30m', '-range-min-rsi=28', '-range-max-rsi=80', '-range-p-ema=50,250', '-target-margin-list=1.0,1.5,2.0,2.5,3.0,3.5,4.0,4.5,5.0', '-log-level=WARNING']
2023-11-26 20:39:01;UNIUSDT;30m;2.5;250;36;76;100.0;4;116.35;['-batch-training', '-calc-rsi', '-verbose', '-prediction-mode=index', '-interval-list=30m', '-range-min-rsi=28', '-range-max-rsi=80', '-range-p-ema=50,250', '-target-margin-list=1.0,1.5,2.0,2.5,3.0,3.5,4.0,4.5,5.0', '-log-level=WARNING']
2023-11-26 20:21:50;UNIUSDT;30m;1.0;225;32;80;100.0;2;116.36;['-batch-training', '-calc-rsi', '-verbose', '-prediction-mode=index', '-interval-list=30m', '-range-min-rsi=28', '-range-max-rsi=80', '-range-p-ema=50,250', '-target-margin-list=1.0,1.5,2.0,2.5,3.0,3.5,4.0,4.5,5.0', '-log-level=WARNING']
2023-11-26 20:09:36;UNIUSDT;30m;1.0;200;32;80;100.0;2;116.36;['-batch-training', '-calc-rsi', '-verbose', '-prediction-mode=index', '-interval-list=30m', '-range-min-rsi=28', '-range-max-rsi=80', '-range-p-ema=50,250', '-target-margin-list=1.0,1.5,2.0,2.5,3.0,3.5,4.0,4.5,5.0', '-log-level=WARNING']
2023-11-26 20:34:22;UNIUSDT;30m;1.0;250;32;76;100.0;4;116.41;['-batch-training', '-calc-rsi', '-verbose', '-prediction-mode=index', '-interval-list=30m', '-range-min-rsi=28', '-range-max-rsi=80', '-range-p-ema=50,250', '-target-margin-list=1.0,1.5,2.0,2.5,3.0,3.5,4.0,4.5,5.0', '-log-level=WARNING']
2023-11-26 20:27:40;UNIUSDT;30m;3.0;225;34;80;100.0;2;116.43;['-batch-training', '-calc-rsi', '-verbose', '-prediction-mode=index', '-interval-list=30m', '-range-min-rsi=28', '-range-max-rsi=80', '-range-p-ema=50,250', '-target-margin-list=1.0,1.5,2.0,2.5,3.0,3.5,4.0,4.5,5.0', '-log-level=WARNING']
2023-11-26 20:25:26;UNIUSDT;30m;2.5;225;36;74;100.0;5;116.43;['-batch-training', '-calc-rsi', '-verbose', '-prediction-mode=index', '-interval-list=30m', '-range-min-rsi=28', '-range-max-rsi=80', '-range-p-ema=50,250', '-target-margin-list=1.0,1.5,2.0,2.5,3.0,3.5,4.0,4.5,5.0', '-log-level=WARNING']
2023-11-26 19:59:09;UNIUSDT;30m;1.0;175;36;76;100.0;7;116.44;['-batch-training', '-calc-rsi', '-verbose', '-prediction-mode=index', '-interval-list=30m', '-range-min-rsi=28', '-range-max-rsi=80', '-range-p-ema=50,250', '-target-margin-list=1.0,1.5,2.0,2.5,3.0,3.5,4.0,4.5,5.0', '-log-level=WARNING']
2023-11-26 20:10:56;UNIUSDT;30m;1.5;200;34;80;100.0;4;116.45;['-batch-training', '-calc-rsi', '-verbose', '-prediction-mode=index', '-interval-list=30m', '-range-min-rsi=28', '-range-max-rsi=80', '-range-p-ema=50,250', '-target-margin-list=1.0,1.5,2.0,2.5,3.0,3.5,4.0,4.5,5.0', '-log-level=WARNING']
2023-11-26 20:19:06;UNIUSDT;30m;4.5;200;36;80;100.0;3;116.46;['-batch-training', '-calc-rsi', '-verbose', '-prediction-mode=index', '-interval-list=30m', '-range-min-rsi=28', '-range-max-rsi=80', '-range-p-ema=50,250', '-target-margin-list=1.0,1.5,2.0,2.5,3.0,3.5,4.0,4.5,5.0', '-log-level=WARNING']
2023-11-26 20:07:24;UNIUSDT;30m;4.5;175;36;80;100.0;3;116.46;['-batch-training', '-calc-rsi', '-verbose', '-prediction-mode=index', '-interval-list=30m', '-range-min-rsi=28', '-range-max-rsi=80', '-range-p-ema=50,250', '-target-margin-list=1.0,1.5,2.0,2.5,3.0,3.5,4.0,4.5,5.0', '-log-level=WARNING']
2023-11-26 19:52:05;UNIUSDT;30m;2.5;150;36;74;100.0;4;116.49;['-batch-training', '-calc-rsi', '-verbose', '-prediction-mode=index', '-interval-list=30m', '-range-min-rsi=28', '-range-max-rsi=80', '-range-p-ema=50,250', '-target-margin-list=1.0,1.5,2.0,2.5,3.0,3.5,4.0,4.5,5.0', '-log-level=WARNING']
2023-11-26 20:53:51;UNIUSDT;30m;2.5;50;36;80;100.0;2;116.52;['-batch-training', '-calc-rsi', '-verbose', '-prediction-mode=index', '-interval-list=30m', '-range-min-rsi=28', '-range-max-rsi=80', '-range-p-ema=50,250', '-target-margin-list=1.0,1.5,2.0,2.5,3.0,3.5,4.0,4.5,5.0', '-log-level=WARNING']
2023-11-26 19:25:23;UNIUSDT;30m;1.0;100;34;76;100.0;5;116.52;['-batch-training', '-calc-rsi', '-verbose', '-prediction-mode=index', '-interval-list=30m', '-range-min-rsi=28', '-range-max-rsi=80', '-range-p-ema=50,250', '-target-margin-list=1.0,1.5,2.0,2.5,3.0,3.5,4.0,4.5,5.0', '-log-level=WARNING']
2023-11-26 21:09:17;UNIUSDT;30m;2.5;75;36;80;100.0;2;116.52;['-batch-training', '-calc-rsi', '-verbose', '-prediction-mode=index', '-interval-list=30m', '-range-min-rsi=28', '-range-max-rsi=80', '-range-p-ema=50,250', '-target-margin-list=1.0,1.5,2.0,2.5,3.0,3.5,4.0,4.5,5.0', '-log-level=WARNING']
2023-11-26 20:48:15;UNIUSDT;30m;1.0;50;34;76;100.0;5;116.52;['-batch-training', '-calc-rsi', '-verbose', '-prediction-mode=index', '-interval-list=30m', '-range-min-rsi=28', '-range-max-rsi=80', '-range-p-ema=50,250', '-target-margin-list=1.0,1.5,2.0,2.5,3.0,3.5,4.0,4.5,5.0', '-log-level=WARNING']
2023-11-26 21:03:06;UNIUSDT;30m;1.0;75;34;76;100.0;5;116.52;['-batch-training', '-calc-rsi', '-verbose', '-prediction-mode=index', '-interval-list=30m', '-range-min-rsi=28', '-range-max-rsi=80', '-range-p-ema=50,250', '-target-margin-list=1.0,1.5,2.0,2.5,3.0,3.5,4.0,4.5,5.0', '-log-level=WARNING']
2023-11-26 19:36:52;UNIUSDT;30m;1.0;125;34;76;100.0;5;116.52;['-batch-training', '-calc-rsi', '-verbose', '-prediction-mode=index', '-interval-list=30m', '-range-min-rsi=28', '-range-max-rsi=80', '-range-p-ema=50,250', '-target-margin-list=1.0,1.5,2.0,2.5,3.0,3.5,4.0,4.5,5.0', '-log-level=WARNING']
2023-11-26 20:24:52;UNIUSDT;30m;2.0;225;36;80;100.0;5;116.53;['-batch-training', '-calc-rsi', '-verbose', '-prediction-mode=index', '-interval-list=30m', '-range-min-rsi=28', '-range-max-rsi=80', '-range-p-ema=50,250', '-target-margin-list=1.0,1.5,2.0,2.5,3.0,3.5,4.0,4.5,5.0', '-log-level=WARNING']
2023-11-26 20:24:17;UNIUSDT;30m;2.0;225;36;76;100.0;5;116.57;['-batch-training', '-calc-rsi', '-verbose', '-prediction-mode=index', '-interval-list=30m', '-range-min-rsi=28', '-range-max-rsi=80', '-range-p-ema=50,250', '-target-margin-list=1.0,1.5,2.0,2.5,3.0,3.5,4.0,4.5,5.0', '-log-level=WARNING']
2023-11-26 20:23:25;UNIUSDT;30m;1.5;225;36;80;100.0;6;116.57;['-batch-training', '-calc-rsi', '-verbose', '-prediction-mode=index', '-interval-list=30m', '-range-min-rsi=28', '-range-max-rsi=80', '-range-p-ema=50,250', '-target-margin-list=1.0,1.5,2.0,2.5,3.0,3.5,4.0,4.5,5.0', '-log-level=WARNING']
2023-11-26 20:53:42;UNIUSDT;30m;2.5;50;32;80;100.0;4;116.59;['-batch-training', '-calc-rsi', '-verbose', '-prediction-mode=index', '-interval-list=30m', '-range-min-rsi=28', '-range-max-rsi=80', '-range-p-ema=50,250', '-target-margin-list=1.0,1.5,2.0,2.5,3.0,3.5,4.0,4.5,5.0', '-log-level=WARNING']
2023-11-26 21:09:09;UNIUSDT;30m;2.5;75;32;80;100.0;4;116.59;['-batch-training', '-calc-rsi', '-verbose', '-prediction-mode=index', '-interval-list=30m', '-range-min-rsi=28', '-range-max-rsi=80', '-range-p-ema=50,250', '-target-margin-list=1.0,1.5,2.0,2.5,3.0,3.5,4.0,4.5,5.0', '-log-level=WARNING']
2023-11-26 19:41:13;UNIUSDT;30m;2.5;125;32;80;100.0;4;116.59;['-batch-training', '-calc-rsi', '-verbose', '-prediction-mode=index', '-interval-list=30m', '-range-min-rsi=28', '-range-max-rsi=80', '-range-p-ema=50,250', '-target-margin-list=1.0,1.5,2.0,2.5,3.0,3.5,4.0,4.5,5.0', '-log-level=WARNING']
2023-11-26 19:29:44;UNIUSDT;30m;2.5;100;32;80;100.0;4;116.59;['-batch-training', '-calc-rsi', '-verbose', '-prediction-mode=index', '-interval-list=30m', '-range-min-rsi=28', '-range-max-rsi=80', '-range-p-ema=50,250', '-target-margin-list=1.0,1.5,2.0,2.5,3.0,3.5,4.0,4.5,5.0', '-log-level=WARNING']
2023-11-26 20:01:39;UNIUSDT;30m;2.0;175;36;78;100.0;3;116.6;['-batch-training', '-calc-rsi', '-verbose', '-prediction-mode=index', '-interval-list=30m', '-range-min-rsi=28', '-range-max-rsi=80', '-range-p-ema=50,250', '-target-margin-list=1.0,1.5,2.0,2.5,3.0,3.5,4.0,4.5,5.0', '-log-level=WARNING']
2023-11-26 19:41:19;UNIUSDT;30m;2.5;125;36;80;100.0;2;116.6;['-batch-training', '-calc-rsi', '-verbose', '-prediction-mode=index', '-interval-list=30m', '-range-min-rsi=28', '-range-max-rsi=80', '-range-p-ema=50,250', '-target-margin-list=1.0,1.5,2.0,2.5,3.0,3.5,4.0,4.5,5.0', '-log-level=WARNING']
2023-11-26 19:29:50;UNIUSDT;30m;2.5;100;36;80;100.0;2;116.6;['-batch-training', '-calc-rsi', '-verbose', '-prediction-mode=index', '-interval-list=30m', '-range-min-rsi=28', '-range-max-rsi=80', '-range-p-ema=50,250', '-target-margin-list=1.0,1.5,2.0,2.5,3.0,3.5,4.0,4.5,5.0', '-log-level=WARNING']
2023-11-26 20:38:10;UNIUSDT;30m;2.5;250;28;72;100.0;3;116.62;['-batch-training', '-calc-rsi', '-verbose', '-prediction-mode=index', '-interval-list=30m', '-range-min-rsi=28', '-range-max-rsi=80', '-range-p-ema=50,250', '-target-margin-list=1.0,1.5,2.0,2.5,3.0,3.5,4.0,4.5,5.0', '-log-level=WARNING']
2023-11-26 19:59:03;UNIUSDT;30m;1.0;175;32;76;100.0;3;116.62;['-batch-training', '-calc-rsi', '-verbose', '-prediction-mode=index', '-interval-list=30m', '-range-min-rsi=28', '-range-max-rsi=80', '-range-p-ema=50,250', '-target-margin-list=1.0,1.5,2.0,2.5,3.0,3.5,4.0,4.5,5.0', '-log-level=WARNING']
2023-11-26 20:42:12;UNIUSDT;30m;3.5;250;30;78;100.0;3;116.63;['-batch-training', '-calc-rsi', '-verbose', '-prediction-mode=index', '-interval-list=30m', '-range-min-rsi=28', '-range-max-rsi=80', '-range-p-ema=50,250', '-target-margin-list=1.0,1.5,2.0,2.5,3.0,3.5,4.0,4.5,5.0', '-log-level=WARNING']
2023-11-26 19:57:19;UNIUSDT;30m;4.5;150;34;80;100.0;3;116.63;['-batch-training', '-calc-rsi', '-verbose', '-prediction-mode=index', '-interval-list=30m', '-range-min-rsi=28', '-range-max-rsi=80', '-range-p-ema=50,250', '-target-margin-list=1.0,1.5,2.0,2.5,3.0,3.5,4.0,4.5,5.0', '-log-level=WARNING']
2023-11-26 20:07:22;UNIUSDT;30m;4.5;175;34;80;100.0;3;116.63;['-batch-training', '-calc-rsi', '-verbose', '-prediction-mode=index', '-interval-list=30m', '-range-min-rsi=28', '-range-max-rsi=80', '-range-p-ema=50,250', '-target-margin-list=1.0,1.5,2.0,2.5,3.0,3.5,4.0,4.5,5.0', '-log-level=WARNING']
2023-11-26 20:19:03;UNIUSDT;30m;4.5;200;34;80;100.0;3;116.63;['-batch-training', '-calc-rsi', '-verbose', '-prediction-mode=index', '-interval-list=30m', '-range-min-rsi=28', '-range-max-rsi=80', '-range-p-ema=50,250', '-target-margin-list=1.0,1.5,2.0,2.5,3.0,3.5,4.0,4.5,5.0', '-log-level=WARNING']
2023-11-26 20:21:16;UNIUSDT;30m;1.0;225;32;76;100.0;3;116.64;['-batch-training', '-calc-rsi', '-verbose', '-prediction-mode=index', '-interval-list=30m', '-range-min-rsi=28', '-range-max-rsi=80', '-range-p-ema=50,250', '-target-margin-list=1.0,1.5,2.0,2.5,3.0,3.5,4.0,4.5,5.0', '-log-level=WARNING']
2023-11-26 20:09:07;UNIUSDT;30m;1.0;200;32;76;100.0;3;116.64;['-batch-training', '-calc-rsi', '-verbose', '-prediction-mode=index', '-interval-list=30m', '-range-min-rsi=28', '-range-max-rsi=80', '-range-p-ema=50,250', '-target-margin-list=1.0,1.5,2.0,2.5,3.0,3.5,4.0,4.5,5.0', '-log-level=WARNING']
2023-11-26 20:01:23;UNIUSDT;30m;2.0;175;34;76;100.0;2;116.64;['-batch-training', '-calc-rsi', '-verbose', '-prediction-mode=index', '-interval-list=30m', '-range-min-rsi=28', '-range-max-rsi=80', '-range-p-ema=50,250', '-target-margin-list=1.0,1.5,2.0,2.5,3.0,3.5,4.0,4.5,5.0', '-log-level=WARNING']
2023-11-26 20:06:29;UNIUSDT;30m;4.5;175;34;72;100.0;2;116.65;['-batch-training', '-calc-rsi', '-verbose', '-prediction-mode=index', '-interval-list=30m', '-range-min-rsi=28', '-range-max-rsi=80', '-range-p-ema=50,250', '-target-margin-list=1.0,1.5,2.0,2.5,3.0,3.5,4.0,4.5,5.0', '-log-level=WARNING']
2023-11-26 19:56:24;UNIUSDT;30m;4.5;150;34;72;100.0;2;116.65;['-batch-training', '-calc-rsi', '-verbose', '-prediction-mode=index', '-interval-list=30m', '-range-min-rsi=28', '-range-max-rsi=80', '-range-p-ema=50,250', '-target-margin-list=1.0,1.5,2.0,2.5,3.0,3.5,4.0,4.5,5.0', '-log-level=WARNING']
2023-11-26 20:17:56;UNIUSDT;30m;4.5;200;34;72;100.0;2;116.65;['-batch-training', '-calc-rsi', '-verbose', '-prediction-mode=index', '-interval-list=30m', '-range-min-rsi=28', '-range-max-rsi=80', '-range-p-ema=50,250', '-target-margin-list=1.0,1.5,2.0,2.5,3.0,3.5,4.0,4.5,5.0', '-log-level=WARNING']
2023-11-26 20:35:42;UNIUSDT;30m;1.5;250;36;74;100.0;5;116.66;['-batch-training', '-calc-rsi', '-verbose', '-prediction-mode=index', '-interval-list=30m', '-range-min-rsi=28', '-range-max-rsi=80', '-range-p-ema=50,250', '-target-margin-list=1.0,1.5,2.0,2.5,3.0,3.5,4.0,4.5,5.0', '-log-level=WARNING']
2023-11-26 20:52:07;UNIUSDT;30m;2.0;50;34;80;100.0;7;116.67;['-batch-training', '-calc-rsi', '-verbose', '-prediction-mode=index', '-interval-list=30m', '-range-min-rsi=28', '-range-max-rsi=80', '-range-p-ema=50,250', '-target-margin-list=1.0,1.5,2.0,2.5,3.0,3.5,4.0,4.5,5.0', '-log-level=WARNING']
2023-11-26 19:58:47;UNIUSDT;30m;1.0;175;30;74;100.0;6;116.67;['-batch-training', '-calc-rsi', '-verbose', '-prediction-mode=index', '-interval-list=30m', '-range-min-rsi=28', '-range-max-rsi=80', '-range-p-ema=50,250', '-target-margin-list=1.0,1.5,2.0,2.5,3.0,3.5,4.0,4.5,5.0', '-log-level=WARNING']
2023-11-26 19:28:31;UNIUSDT;30m;2.0;100;34;80;100.0;7;116.67;['-batch-training', '-calc-rsi', '-verbose', '-prediction-mode=index', '-interval-list=30m', '-range-min-rsi=28', '-range-max-rsi=80', '-range-p-ema=50,250', '-target-margin-list=1.0,1.5,2.0,2.5,3.0,3.5,4.0,4.5,5.0', '-log-level=WARNING']
2023-11-26 20:20:54;UNIUSDT;30m;1.0;225;30;74;100.0;6;116.67;['-batch-training', '-calc-rsi', '-verbose', '-prediction-mode=index', '-interval-list=30m', '-range-min-rsi=28', '-range-max-rsi=80', '-range-p-ema=50,250', '-target-margin-list=1.0,1.5,2.0,2.5,3.0,3.5,4.0,4.5,5.0', '-log-level=WARNING']
2023-11-26 19:40:00;UNIUSDT;30m;2.0;125;34;80;100.0;7;116.67;['-batch-training', '-calc-rsi', '-verbose', '-prediction-mode=index', '-interval-list=30m', '-range-min-rsi=28', '-range-max-rsi=80', '-range-p-ema=50,250', '-target-margin-list=1.0,1.5,2.0,2.5,3.0,3.5,4.0,4.5,5.0', '-log-level=WARNING']
2023-11-26 21:07:25;UNIUSDT;30m;2.0;75;34;80;100.0;7;116.67;['-batch-training', '-calc-rsi', '-verbose', '-prediction-mode=index', '-interval-list=30m', '-range-min-rsi=28', '-range-max-rsi=80', '-range-p-ema=50,250', '-target-margin-list=1.0,1.5,2.0,2.5,3.0,3.5,4.0,4.5,5.0', '-log-level=WARNING']
2023-11-26 20:08:49;UNIUSDT;30m;1.0;200;30;74;100.0;6;116.67;['-batch-training', '-calc-rsi', '-verbose', '-prediction-mode=index', '-interval-list=30m', '-range-min-rsi=28', '-range-max-rsi=80', '-range-p-ema=50,250', '-target-margin-list=1.0,1.5,2.0,2.5,3.0,3.5,4.0,4.5,5.0', '-log-level=WARNING']
2023-11-26 19:35:59;UNIUSDT;30m;5.0;100;32;80;100.0;3;116.68;['-batch-training', '-calc-rsi', '-verbose', '-prediction-mode=index', '-interval-list=30m', '-range-min-rsi=28', '-range-max-rsi=80', '-range-p-ema=50,250', '-target-margin-list=1.0,1.5,2.0,2.5,3.0,3.5,4.0,4.5,5.0', '-log-level=WARNING']
2023-11-26 19:47:34;UNIUSDT;30m;5.0;125;32;80;100.0;3;116.68;['-batch-training', '-calc-rsi', '-verbose', '-prediction-mode=index', '-interval-list=30m', '-range-min-rsi=28', '-range-max-rsi=80', '-range-p-ema=50,250', '-target-margin-list=1.0,1.5,2.0,2.5,3.0,3.5,4.0,4.5,5.0', '-log-level=WARNING']
2023-11-26 21:17:11;UNIUSDT;30m;5.0;75;32;80;100.0;3;116.68;['-batch-training', '-calc-rsi', '-verbose', '-prediction-mode=index', '-interval-list=30m', '-range-min-rsi=28', '-range-max-rsi=80', '-range-p-ema=50,250', '-target-margin-list=1.0,1.5,2.0,2.5,3.0,3.5,4.0,4.5,5.0', '-log-level=WARNING']
2023-11-26 21:02:00;UNIUSDT;30m;5.0;50;32;80;100.0;3;116.68;['-batch-training', '-calc-rsi', '-verbose', '-prediction-mode=index', '-interval-list=30m', '-range-min-rsi=28', '-range-max-rsi=80', '-range-p-ema=50,250', '-target-margin-list=1.0,1.5,2.0,2.5,3.0,3.5,4.0,4.5,5.0', '-log-level=WARNING']
2023-11-26 20:35:17;UNIUSDT;30m;1.5;250;32;72;100.0;5;116.74;['-batch-training', '-calc-rsi', '-verbose', '-prediction-mode=index', '-interval-list=30m', '-range-min-rsi=28', '-range-max-rsi=80', '-range-p-ema=50,250', '-target-margin-list=1.0,1.5,2.0,2.5,3.0,3.5,4.0,4.5,5.0', '-log-level=WARNING']
2023-11-26 21:12:21;UNIUSDT;30m;3.5;75;32;78;100.0;2;116.77;['-batch-training', '-calc-rsi', '-verbose', '-prediction-mode=index', '-interval-list=30m', '-range-min-rsi=28', '-range-max-rsi=80', '-range-p-ema=50,250', '-target-margin-list=1.0,1.5,2.0,2.5,3.0,3.5,4.0,4.5,5.0', '-log-level=WARNING']
2023-11-26 19:32:00;UNIUSDT;30m;3.5;100;32;78;100.0;2;116.77;['-batch-training', '-calc-rsi', '-verbose', '-prediction-mode=index', '-interval-list=30m', '-range-min-rsi=28', '-range-max-rsi=80', '-range-p-ema=50,250', '-target-margin-list=1.0,1.5,2.0,2.5,3.0,3.5,4.0,4.5,5.0', '-log-level=WARNING']
2023-11-26 19:50:14;UNIUSDT;30m;1.5;150;34;80;100.0;6;116.77;['-batch-training', '-calc-rsi', '-verbose', '-prediction-mode=index', '-interval-list=30m', '-range-min-rsi=28', '-range-max-rsi=80', '-range-p-ema=50,250', '-target-margin-list=1.0,1.5,2.0,2.5,3.0,3.5,4.0,4.5,5.0', '-log-level=WARNING']
2023-11-26 20:56:39;UNIUSDT;30m;3.5;50;32;78;100.0;2;116.77;['-batch-training', '-calc-rsi', '-verbose', '-prediction-mode=index', '-interval-list=30m', '-range-min-rsi=28', '-range-max-rsi=80', '-range-p-ema=50,250', '-target-margin-list=1.0,1.5,2.0,2.5,3.0,3.5,4.0,4.5,5.0', '-log-level=WARNING']
2023-11-26 19:43:30;UNIUSDT;30m;3.5;125;32;78;100.0;2;116.77;['-batch-training', '-calc-rsi', '-verbose', '-prediction-mode=index', '-interval-list=30m', '-range-min-rsi=28', '-range-max-rsi=80', '-range-p-ema=50,250', '-target-margin-list=1.0,1.5,2.0,2.5,3.0,3.5,4.0,4.5,5.0', '-log-level=WARNING']
2023-11-26 20:35:56;UNIUSDT;30m;1.5;250;34;76;100.0;5;116.78;['-batch-training', '-calc-rsi', '-verbose', '-prediction-mode=index', '-interval-list=30m', '-range-min-rsi=28', '-range-max-rsi=80', '-range-p-ema=50,250', '-target-margin-list=1.0,1.5,2.0,2.5,3.0,3.5,4.0,4.5,5.0', '-log-level=WARNING']
2023-11-26 20:21:19;UNIUSDT;30m;1.0;225;34;76;100.0;4;116.78;['-batch-training', '-calc-rsi', '-verbose', '-prediction-mode=index', '-interval-list=30m', '-range-min-rsi=28', '-range-max-rsi=80', '-range-p-ema=50,250', '-target-margin-list=1.0,1.5,2.0,2.5,3.0,3.5,4.0,4.5,5.0', '-log-level=WARNING']
2023-11-26 19:59:00;UNIUSDT;30m;1.0;175;30;76;100.0;5;116.79;['-batch-training', '-calc-rsi', '-verbose', '-prediction-mode=index', '-interval-list=30m', '-range-min-rsi=28', '-range-max-rsi=80', '-range-p-ema=50,250', '-target-margin-list=1.0,1.5,2.0,2.5,3.0,3.5,4.0,4.5,5.0', '-log-level=WARNING']
2023-11-26 20:09:04;UNIUSDT;30m;1.0;200;30;76;100.0;5;116.79;['-batch-training', '-calc-rsi', '-verbose', '-prediction-mode=index', '-interval-list=30m', '-range-min-rsi=28', '-range-max-rsi=80', '-range-p-ema=50,250', '-target-margin-list=1.0,1.5,2.0,2.5,3.0,3.5,4.0,4.5,5.0', '-log-level=WARNING']
2023-11-26 20:21:12;UNIUSDT;30m;1.0;225;30;76;100.0;5;116.79;['-batch-training', '-calc-rsi', '-verbose', '-prediction-mode=index', '-interval-list=30m', '-range-min-rsi=28', '-range-max-rsi=80', '-range-p-ema=50,250', '-target-margin-list=1.0,1.5,2.0,2.5,3.0,3.5,4.0,4.5,5.0', '-log-level=WARNING']
2023-11-26 20:00:04;UNIUSDT;30m;1.5;175;36;74;100.0;5;116.8;['-batch-training', '-calc-rsi', '-verbose', '-prediction-mode=index', '-interval-list=30m', '-range-min-rsi=28', '-range-max-rsi=80', '-range-p-ema=50,250', '-target-margin-list=1.0,1.5,2.0,2.5,3.0,3.5,4.0,4.5,5.0', '-log-level=WARNING']
2023-11-26 20:25:05;UNIUSDT;30m;2.5;225;34;72;100.0;2;116.81;['-batch-training', '-calc-rsi', '-verbose', '-prediction-mode=index', '-interval-list=30m', '-range-min-rsi=28', '-range-max-rsi=80', '-range-p-ema=50,250', '-target-margin-list=1.0,1.5,2.0,2.5,3.0,3.5,4.0,4.5,5.0', '-log-level=WARNING']
2023-11-26 20:38:43;UNIUSDT;30m;2.5;250;36;74;100.0;5;116.81;['-batch-training', '-calc-rsi', '-verbose', '-prediction-mode=index', '-interval-list=30m', '-range-min-rsi=28', '-range-max-rsi=80', '-range-p-ema=50,250', '-target-margin-list=1.0,1.5,2.0,2.5,3.0,3.5,4.0,4.5,5.0', '-log-level=WARNING']
2023-11-26 20:33:36;UNIUSDT;30m;5.0;225;36;80;100.0;2;116.81;['-batch-training', '-calc-rsi', '-verbose', '-prediction-mode=index', '-interval-list=30m', '-range-min-rsi=28', '-range-max-rsi=80', '-range-p-ema=50,250', '-target-margin-list=1.0,1.5,2.0,2.5,3.0,3.5,4.0,4.5,5.0', '-log-level=WARNING']
2023-11-26 20:47:21;UNIUSDT;30m;5.0;250;36;80;100.0;2;116.81;['-batch-training', '-calc-rsi', '-verbose', '-prediction-mode=index', '-interval-list=30m', '-range-min-rsi=28', '-range-max-rsi=80', '-range-p-ema=50,250', '-target-margin-list=1.0,1.5,2.0,2.5,3.0,3.5,4.0,4.5,5.0', '-log-level=WARNING']
2023-11-26 20:32:59;UNIUSDT;30m;5.0;225;36;76;100.0;2;116.82;['-batch-training', '-calc-rsi', '-verbose', '-prediction-mode=index', '-interval-list=30m', '-range-min-rsi=28', '-range-max-rsi=80', '-range-p-ema=50,250', '-target-margin-list=1.0,1.5,2.0,2.5,3.0,3.5,4.0,4.5,5.0', '-log-level=WARNING']
2023-11-26 20:10:12;UNIUSDT;30m;1.5;200;36;74;100.0;5;116.82;['-batch-training', '-calc-rsi', '-verbose', '-prediction-mode=index', '-interval-list=30m', '-range-min-rsi=28', '-range-max-rsi=80', '-range-p-ema=50,250', '-target-margin-list=1.0,1.5,2.0,2.5,3.0,3.5,4.0,4.5,5.0', '-log-level=WARNING']
2023-11-26 20:32:42;UNIUSDT;30m;5.0;225;36;74;100.0;2;116.82;['-batch-training', '-calc-rsi', '-verbose', '-prediction-mode=index', '-interval-list=30m', '-range-min-rsi=28', '-range-max-rsi=80', '-range-p-ema=50,250', '-target-margin-list=1.0,1.5,2.0,2.5,3.0,3.5,4.0,4.5,5.0', '-log-level=WARNING']
2023-11-26 20:46:25;UNIUSDT;30m;5.0;250;36;74;100.0;2;116.82;['-batch-training', '-calc-rsi', '-verbose', '-prediction-mode=index', '-interval-list=30m', '-range-min-rsi=28', '-range-max-rsi=80', '-range-p-ema=50,250', '-target-margin-list=1.0,1.5,2.0,2.5,3.0,3.5,4.0,4.5,5.0', '-log-level=WARNING']
2023-11-26 20:46:44;UNIUSDT;30m;5.0;250;36;76;100.0;2;116.82;['-batch-training', '-calc-rsi', '-verbose', '-prediction-mode=index', '-interval-list=30m', '-range-min-rsi=28', '-range-max-rsi=80', '-range-p-ema=50,250', '-target-margin-list=1.0,1.5,2.0,2.5,3.0,3.5,4.0,4.5,5.0', '-log-level=WARNING']
2023-11-26 20:05:33;UNIUSDT;30m;4.0;175;32;74;100.0;3;116.83;['-batch-training', '-calc-rsi', '-verbose', '-prediction-mode=index', '-interval-list=30m', '-range-min-rsi=28', '-range-max-rsi=80', '-range-p-ema=50,250', '-target-margin-list=1.0,1.5,2.0,2.5,3.0,3.5,4.0,4.5,5.0', '-log-level=WARNING']
2023-11-26 20:13:55;UNIUSDT;30m;3.0;200;36;72;100.0;2;116.83;['-batch-training', '-calc-rsi', '-verbose', '-prediction-mode=index', '-interval-list=30m', '-range-min-rsi=28', '-range-max-rsi=80', '-range-p-ema=50,250', '-target-margin-list=1.0,1.5,2.0,2.5,3.0,3.5,4.0,4.5,5.0', '-log-level=WARNING']
2023-11-26 20:16:47;UNIUSDT;30m;4.0;200;32;74;100.0;3;116.83;['-batch-training', '-calc-rsi', '-verbose', '-prediction-mode=index', '-interval-list=30m', '-range-min-rsi=28', '-range-max-rsi=80', '-range-p-ema=50,250', '-target-margin-list=1.0,1.5,2.0,2.5,3.0,3.5,4.0,4.5,5.0', '-log-level=WARNING']
2023-11-26 20:43:12;UNIUSDT;30m;4.0;250;32;74;100.0;3;116.83;['-batch-training', '-calc-rsi', '-verbose', '-prediction-mode=index', '-interval-list=30m', '-range-min-rsi=28', '-range-max-rsi=80', '-range-p-ema=50,250', '-target-margin-list=1.0,1.5,2.0,2.5,3.0,3.5,4.0,4.5,5.0', '-log-level=WARNING']
2023-11-26 19:55:27;UNIUSDT;30m;4.0;150;32;74;100.0;3;116.83;['-batch-training', '-calc-rsi', '-verbose', '-prediction-mode=index', '-interval-list=30m', '-range-min-rsi=28', '-range-max-rsi=80', '-range-p-ema=50,250', '-target-margin-list=1.0,1.5,2.0,2.5,3.0,3.5,4.0,4.5,5.0', '-log-level=WARNING']
2023-11-26 20:29:40;UNIUSDT;30m;4.0;225;32;74;100.0;3;116.83;['-batch-training', '-calc-rsi', '-verbose', '-prediction-mode=index', '-interval-list=30m', '-range-min-rsi=28', '-range-max-rsi=80', '-range-p-ema=50,250', '-target-margin-list=1.0,1.5,2.0,2.5,3.0,3.5,4.0,4.5,5.0', '-log-level=WARNING']
2023-11-26 20:03:13;UNIUSDT;30m;3.0;175;36;72;100.0;2;116.83;['-batch-training', '-calc-rsi', '-verbose', '-prediction-mode=index', '-interval-list=30m', '-range-min-rsi=28', '-range-max-rsi=80', '-range-p-ema=50,250', '-target-margin-list=1.0,1.5,2.0,2.5,3.0,3.5,4.0,4.5,5.0', '-log-level=WARNING']
2023-11-26 20:34:15;UNIUSDT;30m;1.0;250;28;76;100.0;6;116.83;['-batch-training', '-calc-rsi', '-verbose', '-prediction-mode=index', '-interval-list=30m', '-range-min-rsi=28', '-range-max-rsi=80', '-range-p-ema=50,250', '-target-margin-list=1.0,1.5,2.0,2.5,3.0,3.5,4.0,4.5,5.0', '-log-level=WARNING']
2023-11-26 20:12:18;UNIUSDT;30m;2.0;200;36;80;100.0;3;116.85;['-batch-training', '-calc-rsi', '-verbose', '-prediction-mode=index', '-interval-list=30m', '-range-min-rsi=28', '-range-max-rsi=80', '-range-p-ema=50,250', '-target-margin-list=1.0,1.5,2.0,2.5,3.0,3.5,4.0,4.5,5.0', '-log-level=WARNING']
2023-11-26 20:13:38;UNIUSDT;30m;2.5;200;36;80;100.0;4;116.86;['-batch-training', '-calc-rsi', '-verbose', '-prediction-mode=index', '-interval-list=30m', '-range-min-rsi=28', '-range-max-rsi=80', '-range-p-ema=50,250', '-target-margin-list=1.0,1.5,2.0,2.5,3.0,3.5,4.0,4.5,5.0', '-log-level=WARNING']
2023-11-26 20:24:52;UNIUSDT;30m;2.0;225;36;80;100.0;4;116.87;['-batch-training', '-calc-rsi', '-verbose', '-prediction-mode=index', '-interval-list=30m', '-range-min-rsi=28', '-range-max-rsi=80', '-range-p-ema=50,250', '-target-margin-list=1.0,1.5,2.0,2.5,3.0,3.5,4.0,4.5,5.0', '-log-level=WARNING']
2023-11-26 19:52:02;UNIUSDT;30m;2.5;150;34;74;100.0;2;116.87;['-batch-training', '-calc-rsi', '-verbose', '-prediction-mode=index', '-interval-list=30m', '-range-min-rsi=28', '-range-max-rsi=80', '-range-p-ema=50,250', '-target-margin-list=1.0,1.5,2.0,2.5,3.0,3.5,4.0,4.5,5.0', '-log-level=WARNING']
2023-11-26 19:31:06;UNIUSDT;30m;3.0;100;36;80;100.0;2;116.88;['-batch-training', '-calc-rsi', '-verbose', '-prediction-mode=index', '-interval-list=30m', '-range-min-rsi=28', '-range-max-rsi=80', '-range-p-ema=50,250', '-target-margin-list=1.0,1.5,2.0,2.5,3.0,3.5,4.0,4.5,5.0', '-log-level=WARNING']
2023-11-26 19:42:36;UNIUSDT;30m;3.0;125;36;80;100.0;2;116.88;['-batch-training', '-calc-rsi', '-verbose', '-prediction-mode=index', '-interval-list=30m', '-range-min-rsi=28', '-range-max-rsi=80', '-range-p-ema=50,250', '-target-margin-list=1.0,1.5,2.0,2.5,3.0,3.5,4.0,4.5,5.0', '-log-level=WARNING']
2023-11-26 19:50:14;UNIUSDT;30m;1.5;150;34;80;100.0;5;116.89;['-batch-training', '-calc-rsi', '-verbose', '-prediction-mode=index', '-interval-list=30m', '-range-min-rsi=28', '-range-max-rsi=80', '-range-p-ema=50,250', '-target-margin-list=1.0,1.5,2.0,2.5,3.0,3.5,4.0,4.5,5.0', '-log-level=WARNING']
2023-11-26 20:57:27;UNIUSDT;30m;4.0;50;36;72;100.0;2;116.91;['-batch-training', '-calc-rsi', '-verbose', '-prediction-mode=index', '-interval-list=30m', '-range-min-rsi=28', '-range-max-rsi=80', '-range-p-ema=50,250', '-target-margin-list=1.0,1.5,2.0,2.5,3.0,3.5,4.0,4.5,5.0', '-log-level=WARNING']
2023-11-26 19:44:07;UNIUSDT;30m;4.0;125;36;72;100.0;2;116.91;['-batch-training', '-calc-rsi', '-verbose', '-prediction-mode=index', '-interval-list=30m', '-range-min-rsi=28', '-range-max-rsi=80', '-range-p-ema=50,250', '-target-margin-list=1.0,1.5,2.0,2.5,3.0,3.5,4.0,4.5,5.0', '-log-level=WARNING']
2023-11-26 19:32:35;UNIUSDT;30m;4.0;100;36;72;100.0;2;116.91;['-batch-training', '-calc-rsi', '-verbose', '-prediction-mode=index', '-interval-list=30m', '-range-min-rsi=28', '-range-max-rsi=80', '-range-p-ema=50,250', '-target-margin-list=1.0,1.5,2.0,2.5,3.0,3.5,4.0,4.5,5.0', '-log-level=WARNING']
2023-11-26 21:13:14;UNIUSDT;30m;4.0;75;36;72;100.0;2;116.91;['-batch-training', '-calc-rsi', '-verbose', '-prediction-mode=index', '-interval-list=30m', '-range-min-rsi=28', '-range-max-rsi=80', '-range-p-ema=50,250', '-target-margin-list=1.0,1.5,2.0,2.5,3.0,3.5,4.0,4.5,5.0', '-log-level=WARNING']
2023-11-26 20:10:24;UNIUSDT;30m;1.5;200;34;76;100.0;5;116.94;['-batch-training', '-calc-rsi', '-verbose', '-prediction-mode=index', '-interval-list=30m', '-range-min-rsi=28', '-range-max-rsi=80', '-range-p-ema=50,250', '-target-margin-list=1.0,1.5,2.0,2.5,3.0,3.5,4.0,4.5,5.0', '-log-level=WARNING']
2023-11-26 20:35:10;UNIUSDT;30m;1.5;250;28;72;100.0;7;116.94;['-batch-training', '-calc-rsi', '-verbose', '-prediction-mode=index', '-interval-list=30m', '-range-min-rsi=28', '-range-max-rsi=80', '-range-p-ema=50,250', '-target-margin-list=1.0,1.5,2.0,2.5,3.0,3.5,4.0,4.5,5.0', '-log-level=WARNING']
2023-11-26 20:22:08;UNIUSDT;30m;1.5;225;32;72;100.0;5;116.95;['-batch-training', '-calc-rsi', '-verbose', '-prediction-mode=index', '-interval-list=30m', '-range-min-rsi=28', '-range-max-rsi=80', '-range-p-ema=50,250', '-target-margin-list=1.0,1.5,2.0,2.5,3.0,3.5,4.0,4.5,5.0', '-log-level=WARNING']
2023-11-26 19:40:08;UNIUSDT;30m;2.5;125;30;72;100.0;2;116.96;['-batch-training', '-calc-rsi', '-verbose', '-prediction-mode=index', '-interval-list=30m', '-range-min-rsi=28', '-range-max-rsi=80', '-range-p-ema=50,250', '-target-margin-list=1.0,1.5,2.0,2.5,3.0,3.5,4.0,4.5,5.0', '-log-level=WARNING']
2023-11-26 20:12:24;UNIUSDT;30m;2.5;200;30;72;100.0;2;116.96;['-batch-training', '-calc-rsi', '-verbose', '-prediction-mode=index', '-interval-list=30m', '-range-min-rsi=28', '-range-max-rsi=80', '-range-p-ema=50,250', '-target-margin-list=1.0,1.5,2.0,2.5,3.0,3.5,4.0,4.5,5.0', '-log-level=WARNING']
2023-11-26 20:01:59;UNIUSDT;30m;2.5;175;30;72;100.0;2;116.96;['-batch-training', '-calc-rsi', '-verbose', '-prediction-mode=index', '-interval-list=30m', '-range-min-rsi=28', '-range-max-rsi=80', '-range-p-ema=50,250', '-target-margin-list=1.0,1.5,2.0,2.5,3.0,3.5,4.0,4.5,5.0', '-log-level=WARNING']
2023-11-26 19:40:02;UNIUSDT;30m;2.0;125;36;80;100.0;3;116.96;['-batch-training', '-calc-rsi', '-verbose', '-prediction-mode=index', '-interval-list=30m', '-range-min-rsi=28', '-range-max-rsi=80', '-range-p-ema=50,250', '-target-margin-list=1.0,1.5,2.0,2.5,3.0,3.5,4.0,4.5,5.0', '-log-level=WARNING']
2023-11-26 19:51:41;UNIUSDT;30m;2.5;150;30;72;100.0;2;116.96;['-batch-training', '-calc-rsi', '-verbose', '-prediction-mode=index', '-interval-list=30m', '-range-min-rsi=28', '-range-max-rsi=80', '-range-p-ema=50,250', '-target-margin-list=1.0,1.5,2.0,2.5,3.0,3.5,4.0,4.5,5.0', '-log-level=WARNING']
2023-11-26 20:33:43;UNIUSDT;30m;1.0;250;30;72;100.0;4;116.96;['-batch-training', '-calc-rsi', '-verbose', '-prediction-mode=index', '-interval-list=30m', '-range-min-rsi=28', '-range-max-rsi=80', '-range-p-ema=50,250', '-target-margin-list=1.0,1.5,2.0,2.5,3.0,3.5,4.0,4.5,5.0', '-log-level=WARNING']
2023-11-26 20:24:58;UNIUSDT;30m;2.5;225;30;72;100.0;2;116.96;['-batch-training', '-calc-rsi', '-verbose', '-prediction-mode=index', '-interval-list=30m', '-range-min-rsi=28', '-range-max-rsi=80', '-range-p-ema=50,250', '-target-margin-list=1.0,1.5,2.0,2.5,3.0,3.5,4.0,4.5,5.0', '-log-level=WARNING']
2023-11-26 19:28:40;UNIUSDT;30m;2.5;100;30;72;100.0;2;116.96;['-batch-training', '-calc-rsi', '-verbose', '-prediction-mode=index', '-interval-list=30m', '-range-min-rsi=28', '-range-max-rsi=80', '-range-p-ema=50,250', '-target-margin-list=1.0,1.5,2.0,2.5,3.0,3.5,4.0,4.5,5.0', '-log-level=WARNING']
2023-11-26 21:07:38;UNIUSDT;30m;2.5;75;30;72;100.0;2;116.96;['-batch-training', '-calc-rsi', '-verbose', '-prediction-mode=index', '-interval-list=30m', '-range-min-rsi=28', '-range-max-rsi=80', '-range-p-ema=50,250', '-target-margin-list=1.0,1.5,2.0,2.5,3.0,3.5,4.0,4.5,5.0', '-log-level=WARNING']
2023-11-26 19:28:34;UNIUSDT;30m;2.0;100;36;80;100.0;3;116.96;['-batch-training', '-calc-rsi', '-verbose', '-prediction-mode=index', '-interval-list=30m', '-range-min-rsi=28', '-range-max-rsi=80', '-range-p-ema=50,250', '-target-margin-list=1.0,1.5,2.0,2.5,3.0,3.5,4.0,4.5,5.0', '-log-level=WARNING']
2023-11-26 20:52:19;UNIUSDT;30m;2.5;50;30;72;100.0;2;116.96;['-batch-training', '-calc-rsi', '-verbose', '-prediction-mode=index', '-interval-list=30m', '-range-min-rsi=28', '-range-max-rsi=80', '-range-p-ema=50,250', '-target-margin-list=1.0,1.5,2.0,2.5,3.0,3.5,4.0,4.5,5.0', '-log-level=WARNING']
2023-11-26 20:35:32;UNIUSDT;30m;1.5;250;30;74;100.0;7;116.97;['-batch-training', '-calc-rsi', '-verbose', '-prediction-mode=index', '-interval-list=30m', '-range-min-rsi=28', '-range-max-rsi=80', '-range-p-ema=50,250', '-target-margin-list=1.0,1.5,2.0,2.5,3.0,3.5,4.0,4.5,5.0', '-log-level=WARNING']
2023-11-26 20:38:10;UNIUSDT;30m;2.5;250;28;72;100.0;7;116.99;['-batch-training', '-calc-rsi', '-verbose', '-prediction-mode=index', '-interval-list=30m', '-range-min-rsi=28', '-range-max-rsi=80', '-range-p-ema=50,250', '-target-margin-list=1.0,1.5,2.0,2.5,3.0,3.5,4.0,4.5,5.0', '-log-level=WARNING']
2023-11-26 19:54:37;UNIUSDT;30m;3.5;150;36;76;100.0;3;116.99;['-batch-training', '-calc-rsi', '-verbose', '-prediction-mode=index', '-interval-list=30m', '-range-min-rsi=28', '-range-max-rsi=80', '-range-p-ema=50,250', '-target-margin-list=1.0,1.5,2.0,2.5,3.0,3.5,4.0,4.5,5.0', '-log-level=WARNING']
2023-11-26 20:00:29;UNIUSDT;30m;1.5;175;34;78;100.0;4;117.0;['-batch-training', '-calc-rsi', '-verbose', '-prediction-mode=index', '-interval-list=30m', '-range-min-rsi=28', '-range-max-rsi=80', '-range-p-ema=50,250', '-target-margin-list=1.0,1.5,2.0,2.5,3.0,3.5,4.0,4.5,5.0', '-log-level=WARNING']
2023-11-26 19:59:03;UNIUSDT;30m;1.0;175;32;76;100.0;4;117.02;['-batch-training', '-calc-rsi', '-verbose', '-prediction-mode=index', '-interval-list=30m', '-range-min-rsi=28', '-range-max-rsi=80', '-range-p-ema=50,250', '-target-margin-list=1.0,1.5,2.0,2.5,3.0,3.5,4.0,4.5,5.0', '-log-level=WARNING']
2023-11-26 20:21:16;UNIUSDT;30m;1.0;225;32;76;100.0;4;117.03;['-batch-training', '-calc-rsi', '-verbose', '-prediction-mode=index', '-interval-list=30m', '-range-min-rsi=28', '-range-max-rsi=80', '-range-p-ema=50,250', '-target-margin-list=1.0,1.5,2.0,2.5,3.0,3.5,4.0,4.5,5.0', '-log-level=WARNING']
2023-11-26 20:09:07;UNIUSDT;30m;1.0;200;32;76;100.0;4;117.03;['-batch-training', '-calc-rsi', '-verbose', '-prediction-mode=index', '-interval-list=30m', '-range-min-rsi=28', '-range-max-rsi=80', '-range-p-ema=50,250', '-target-margin-list=1.0,1.5,2.0,2.5,3.0,3.5,4.0,4.5,5.0', '-log-level=WARNING']
2023-11-26 20:34:22;UNIUSDT;30m;1.0;250;32;76;100.0;2;117.03;['-batch-training', '-calc-rsi', '-verbose', '-prediction-mode=index', '-interval-list=30m', '-range-min-rsi=28', '-range-max-rsi=80', '-range-p-ema=50,250', '-target-margin-list=1.0,1.5,2.0,2.5,3.0,3.5,4.0,4.5,5.0', '-log-level=WARNING']
2023-11-26 19:48:12;UNIUSDT;30m;1.0;150;36;74;100.0;5;117.05;['-batch-training', '-calc-rsi', '-verbose', '-prediction-mode=index', '-interval-list=30m', '-range-min-rsi=28', '-range-max-rsi=80', '-range-p-ema=50,250', '-target-margin-list=1.0,1.5,2.0,2.5,3.0,3.5,4.0,4.5,5.0', '-log-level=WARNING']
2023-11-26 20:02:04;UNIUSDT;30m;2.5;175;34;72;100.0;2;117.06;['-batch-training', '-calc-rsi', '-verbose', '-prediction-mode=index', '-interval-list=30m', '-range-min-rsi=28', '-range-max-rsi=80', '-range-p-ema=50,250', '-target-margin-list=1.0,1.5,2.0,2.5,3.0,3.5,4.0,4.5,5.0', '-log-level=WARNING']
2023-11-26 20:53:23;UNIUSDT;30m;2.5;50;32;78;100.0;2;117.07;['-batch-training', '-calc-rsi', '-verbose', '-prediction-mode=index', '-interval-list=30m', '-range-min-rsi=28', '-range-max-rsi=80', '-range-p-ema=50,250', '-target-margin-list=1.0,1.5,2.0,2.5,3.0,3.5,4.0,4.5,5.0', '-log-level=WARNING']
2023-11-26 20:37:29;UNIUSDT;30m;2.0;250;36;76;100.0;5;117.07;['-batch-training', '-calc-rsi', '-verbose', '-prediction-mode=index', '-interval-list=30m', '-range-min-rsi=28', '-range-max-rsi=80', '-range-p-ema=50,250', '-target-margin-list=1.0,1.5,2.0,2.5,3.0,3.5,4.0,4.5,5.0', '-log-level=WARNING']
2023-11-26 19:40:58;UNIUSDT;30m;2.5;125;32;78;100.0;2;117.07;['-batch-training', '-calc-rsi', '-verbose', '-prediction-mode=index', '-interval-list=30m', '-range-min-rsi=28', '-range-max-rsi=80', '-range-p-ema=50,250', '-target-margin-list=1.0,1.5,2.0,2.5,3.0,3.5,4.0,4.5,5.0', '-log-level=WARNING']
2023-11-26 19:29:29;UNIUSDT;30m;2.5;100;32;78;100.0;2;117.07;['-batch-training', '-calc-rsi', '-verbose', '-prediction-mode=index', '-interval-list=30m', '-range-min-rsi=28', '-range-max-rsi=80', '-range-p-ema=50,250', '-target-margin-list=1.0,1.5,2.0,2.5,3.0,3.5,4.0,4.5,5.0', '-log-level=WARNING']
2023-11-26 21:08:47;UNIUSDT;30m;2.5;75;32;78;100.0;2;117.07;['-batch-training', '-calc-rsi', '-verbose', '-prediction-mode=index', '-interval-list=30m', '-range-min-rsi=28', '-range-max-rsi=80', '-range-p-ema=50,250', '-target-margin-list=1.0,1.5,2.0,2.5,3.0,3.5,4.0,4.5,5.0', '-log-level=WARNING']
2023-11-26 19:59:09;UNIUSDT;30m;1.0;175;36;76;100.0;4;117.08;['-batch-training', '-calc-rsi', '-verbose', '-prediction-mode=index', '-interval-list=30m', '-range-min-rsi=28', '-range-max-rsi=80', '-range-p-ema=50,250', '-target-margin-list=1.0,1.5,2.0,2.5,3.0,3.5,4.0,4.5,5.0', '-log-level=WARNING']
2023-11-26 20:36:36;UNIUSDT;30m;1.5;250;36;80;100.0;4;117.1;['-batch-training', '-calc-rsi', '-verbose', '-prediction-mode=index', '-interval-list=30m', '-range-min-rsi=28', '-range-max-rsi=80', '-range-p-ema=50,250', '-target-margin-list=1.0,1.5,2.0,2.5,3.0,3.5,4.0,4.5,5.0', '-log-level=WARNING']
2023-11-26 20:34:56;UNIUSDT;30m;1.0;250;30;80;100.0;2;117.11;['-batch-training', '-calc-rsi', '-verbose', '-prediction-mode=index', '-interval-list=30m', '-range-min-rsi=28', '-range-max-rsi=80', '-range-p-ema=50,250', '-target-margin-list=1.0,1.5,2.0,2.5,3.0,3.5,4.0,4.5,5.0', '-log-level=WARNING']
2023-11-26 20:53:51;UNIUSDT;30m;2.5;50;36;80;100.0;5;117.16;['-batch-training', '-calc-rsi', '-verbose', '-prediction-mode=index', '-interval-list=30m', '-range-min-rsi=28', '-range-max-rsi=80', '-range-p-ema=50,250', '-target-margin-list=1.0,1.5,2.0,2.5,3.0,3.5,4.0,4.5,5.0', '-log-level=WARNING']
2023-11-26 21:09:17;UNIUSDT;30m;2.5;75;36;80;100.0;5;117.16;['-batch-training', '-calc-rsi', '-verbose', '-prediction-mode=index', '-interval-list=30m', '-range-min-rsi=28', '-range-max-rsi=80', '-range-p-ema=50,250', '-target-margin-list=1.0,1.5,2.0,2.5,3.0,3.5,4.0,4.5,5.0', '-log-level=WARNING']
2023-11-26 20:38:20;UNIUSDT;30m;2.5;250;34;72;100.0;2;117.19;['-batch-training', '-calc-rsi', '-verbose', '-prediction-mode=index', '-interval-list=30m', '-range-min-rsi=28', '-range-max-rsi=80', '-range-p-ema=50,250', '-target-margin-list=1.0,1.5,2.0,2.5,3.0,3.5,4.0,4.5,5.0', '-log-level=WARNING']
2023-11-26 19:57:22;UNIUSDT;30m;4.5;150;36;80;100.0;3;117.21;['-batch-training', '-calc-rsi', '-verbose', '-prediction-mode=index', '-interval-list=30m', '-range-min-rsi=28', '-range-max-rsi=80', '-range-p-ema=50,250', '-target-margin-list=1.0,1.5,2.0,2.5,3.0,3.5,4.0,4.5,5.0', '-log-level=WARNING']
2023-11-26 19:25:07;UNIUSDT;30m;1.0;100;34;74;100.0;5;117.24;['-batch-training', '-calc-rsi', '-verbose', '-prediction-mode=index', '-interval-list=30m', '-range-min-rsi=28', '-range-max-rsi=80', '-range-p-ema=50,250', '-target-margin-list=1.0,1.5,2.0,2.5,3.0,3.5,4.0,4.5,5.0', '-log-level=WARNING']
2023-11-26 21:02:44;UNIUSDT;30m;1.0;75;34;74;100.0;5;117.24;['-batch-training', '-calc-rsi', '-verbose', '-prediction-mode=index', '-interval-list=30m', '-range-min-rsi=28', '-range-max-rsi=80', '-range-p-ema=50,250', '-target-margin-list=1.0,1.5,2.0,2.5,3.0,3.5,4.0,4.5,5.0', '-log-level=WARNING']
2023-11-26 19:36:35;UNIUSDT;30m;1.0;125;34;74;100.0;5;117.24;['-batch-training', '-calc-rsi', '-verbose', '-prediction-mode=index', '-interval-list=30m', '-range-min-rsi=28', '-range-max-rsi=80', '-range-p-ema=50,250', '-target-margin-list=1.0,1.5,2.0,2.5,3.0,3.5,4.0,4.5,5.0', '-log-level=WARNING']
2023-11-26 20:47:57;UNIUSDT;30m;1.0;50;34;74;100.0;5;117.24;['-batch-training', '-calc-rsi', '-verbose', '-prediction-mode=index', '-interval-list=30m', '-range-min-rsi=28', '-range-max-rsi=80', '-range-p-ema=50,250', '-target-margin-list=1.0,1.5,2.0,2.5,3.0,3.5,4.0,4.5,5.0', '-log-level=WARNING']
2023-11-26 20:00:45;UNIUSDT;30m;1.5;175;36;80;100.0;4;117.24;['-batch-training', '-calc-rsi', '-verbose', '-prediction-mode=index', '-interval-list=30m', '-range-min-rsi=28', '-range-max-rsi=80', '-range-p-ema=50,250', '-target-margin-list=1.0,1.5,2.0,2.5,3.0,3.5,4.0,4.5,5.0', '-log-level=WARNING']
2023-11-26 20:10:59;UNIUSDT;30m;1.5;200;36;80;100.0;4;117.26;['-batch-training', '-calc-rsi', '-verbose', '-prediction-mode=index', '-interval-list=30m', '-range-min-rsi=28', '-range-max-rsi=80', '-range-p-ema=50,250', '-target-margin-list=1.0,1.5,2.0,2.5,3.0,3.5,4.0,4.5,5.0', '-log-level=WARNING']
2023-11-26 20:35:13;UNIUSDT;30m;1.5;250;30;72;100.0;2;117.26;['-batch-training', '-calc-rsi', '-verbose', '-prediction-mode=index', '-interval-list=30m', '-range-min-rsi=28', '-range-max-rsi=80', '-range-p-ema=50,250', '-target-margin-list=1.0,1.5,2.0,2.5,3.0,3.5,4.0,4.5,5.0', '-log-level=WARNING']
2023-11-26 20:11:44;UNIUSDT;30m;2.0;200;34;76;100.0;2;117.26;['-batch-training', '-calc-rsi', '-verbose', '-prediction-mode=index', '-interval-list=30m', '-range-min-rsi=28', '-range-max-rsi=80', '-range-p-ema=50,250', '-target-margin-list=1.0,1.5,2.0,2.5,3.0,3.5,4.0,4.5,5.0', '-log-level=WARNING']
2023-11-26 20:28:08;UNIUSDT;30m;3.5;225;30;74;100.0;2;117.27;['-batch-training', '-calc-rsi', '-verbose', '-prediction-mode=index', '-interval-list=30m', '-range-min-rsi=28', '-range-max-rsi=80', '-range-p-ema=50,250', '-target-margin-list=1.0,1.5,2.0,2.5,3.0,3.5,4.0,4.5,5.0', '-log-level=WARNING']
2023-11-26 20:04:24;UNIUSDT;30m;3.5;175;30;74;100.0;2;117.27;['-batch-training', '-calc-rsi', '-verbose', '-prediction-mode=index', '-interval-list=30m', '-range-min-rsi=28', '-range-max-rsi=80', '-range-p-ema=50,250', '-target-margin-list=1.0,1.5,2.0,2.5,3.0,3.5,4.0,4.5,5.0', '-log-level=WARNING']
2023-11-26 19:31:27;UNIUSDT;30m;3.5;100;30;74;100.0;2;117.27;['-batch-training', '-calc-rsi', '-verbose', '-prediction-mode=index', '-interval-list=30m', '-range-min-rsi=28', '-range-max-rsi=80', '-range-p-ema=50,250', '-target-margin-list=1.0,1.5,2.0,2.5,3.0,3.5,4.0,4.5,5.0', '-log-level=WARNING']
2023-11-26 19:54:15;UNIUSDT;30m;3.5;150;30;74;100.0;2;117.27;['-batch-training', '-calc-rsi', '-verbose', '-prediction-mode=index', '-interval-list=30m', '-range-min-rsi=28', '-range-max-rsi=80', '-range-p-ema=50,250', '-target-margin-list=1.0,1.5,2.0,2.5,3.0,3.5,4.0,4.5,5.0', '-log-level=WARNING']
2023-11-26 19:42:56;UNIUSDT;30m;3.5;125;30;74;100.0;2;117.27;['-batch-training', '-calc-rsi', '-verbose', '-prediction-mode=index', '-interval-list=30m', '-range-min-rsi=28', '-range-max-rsi=80', '-range-p-ema=50,250', '-target-margin-list=1.0,1.5,2.0,2.5,3.0,3.5,4.0,4.5,5.0', '-log-level=WARNING']
2023-11-26 20:55:57;UNIUSDT;30m;3.5;50;30;74;100.0;2;117.27;['-batch-training', '-calc-rsi', '-verbose', '-prediction-mode=index', '-interval-list=30m', '-range-min-rsi=28', '-range-max-rsi=80', '-range-p-ema=50,250', '-target-margin-list=1.0,1.5,2.0,2.5,3.0,3.5,4.0,4.5,5.0', '-log-level=WARNING']
2023-11-26 21:11:33;UNIUSDT;30m;3.5;75;30;74;100.0;2;117.27;['-batch-training', '-calc-rsi', '-verbose', '-prediction-mode=index', '-interval-list=30m', '-range-min-rsi=28', '-range-max-rsi=80', '-range-p-ema=50,250', '-target-margin-list=1.0,1.5,2.0,2.5,3.0,3.5,4.0,4.5,5.0', '-log-level=WARNING']
2023-11-26 20:15:22;UNIUSDT;30m;3.5;200;30;74;100.0;2;117.27;['-batch-training', '-calc-rsi', '-verbose', '-prediction-mode=index', '-interval-list=30m', '-range-min-rsi=28', '-range-max-rsi=80', '-range-p-ema=50,250', '-target-margin-list=1.0,1.5,2.0,2.5,3.0,3.5,4.0,4.5,5.0', '-log-level=WARNING']
2023-11-26 20:34:27;UNIUSDT;30m;1.0;250;34;76;100.0;2;117.29;['-batch-training', '-calc-rsi', '-verbose', '-prediction-mode=index', '-interval-list=30m', '-range-min-rsi=28', '-range-max-rsi=80', '-range-p-ema=50,250', '-target-margin-list=1.0,1.5,2.0,2.5,3.0,3.5,4.0,4.5,5.0', '-log-level=WARNING']
2023-11-26 20:02:20;UNIUSDT;30m;2.5;175;36;74;100.0;5;117.32;['-batch-training', '-calc-rsi', '-verbose', '-prediction-mode=index', '-interval-list=30m', '-range-min-rsi=28', '-range-max-rsi=80', '-range-p-ema=50,250', '-target-margin-list=1.0,1.5,2.0,2.5,3.0,3.5,4.0,4.5,5.0', '-log-level=WARNING']
2023-11-26 20:34:27;UNIUSDT;30m;1.0;250;34;76;100.0;4;117.32;['-batch-training', '-calc-rsi', '-verbose', '-prediction-mode=index', '-interval-list=30m', '-range-min-rsi=28', '-range-max-rsi=80', '-range-p-ema=50,250', '-target-margin-list=1.0,1.5,2.0,2.5,3.0,3.5,4.0,4.5,5.0', '-log-level=WARNING']
2023-11-26 19:39:47;UNIUSDT;30m;2.0;125;36;78;100.0;3;117.33;['-batch-training', '-calc-rsi', '-verbose', '-prediction-mode=index', '-interval-list=30m', '-range-min-rsi=28', '-range-max-rsi=80', '-range-p-ema=50,250', '-target-margin-list=1.0,1.5,2.0,2.5,3.0,3.5,4.0,4.5,5.0', '-log-level=WARNING']
2023-11-26 19:49:39;UNIUSDT;30m;1.5;150;32;76;100.0;6;117.33;['-batch-training', '-calc-rsi', '-verbose', '-prediction-mode=index', '-interval-list=30m', '-range-min-rsi=28', '-range-max-rsi=80', '-range-p-ema=50,250', '-target-margin-list=1.0,1.5,2.0,2.5,3.0,3.5,4.0,4.5,5.0', '-log-level=WARNING']
2023-11-26 19:28:18;UNIUSDT;30m;2.0;100;36;78;100.0;3;117.33;['-batch-training', '-calc-rsi', '-verbose', '-prediction-mode=index', '-interval-list=30m', '-range-min-rsi=28', '-range-max-rsi=80', '-range-p-ema=50,250', '-target-margin-list=1.0,1.5,2.0,2.5,3.0,3.5,4.0,4.5,5.0', '-log-level=WARNING']
2023-11-26 20:00:13;UNIUSDT;30m;1.5;175;32;76;100.0;6;117.33;['-batch-training', '-calc-rsi', '-verbose', '-prediction-mode=index', '-interval-list=30m', '-range-min-rsi=28', '-range-max-rsi=80', '-range-p-ema=50,250', '-target-margin-list=1.0,1.5,2.0,2.5,3.0,3.5,4.0,4.5,5.0', '-log-level=WARNING']
2023-11-26 20:10:21;UNIUSDT;30m;1.5;200;32;76;100.0;6;117.34;['-batch-training', '-calc-rsi', '-verbose', '-prediction-mode=index', '-interval-list=30m', '-range-min-rsi=28', '-range-max-rsi=80', '-range-p-ema=50,250', '-target-margin-list=1.0,1.5,2.0,2.5,3.0,3.5,4.0,4.5,5.0', '-log-level=WARNING']
2023-11-26 20:22:43;UNIUSDT;30m;1.5;225;32;76;100.0;6;117.34;['-batch-training', '-calc-rsi', '-verbose', '-prediction-mode=index', '-interval-list=30m', '-range-min-rsi=28', '-range-max-rsi=80', '-range-p-ema=50,250', '-target-margin-list=1.0,1.5,2.0,2.5,3.0,3.5,4.0,4.5,5.0', '-log-level=WARNING']
2023-11-26 20:41:32;UNIUSDT;30m;3.5;250;28;74;100.0;2;117.35;['-batch-training', '-calc-rsi', '-verbose', '-prediction-mode=index', '-interval-list=30m', '-range-min-rsi=28', '-range-max-rsi=80', '-range-p-ema=50,250', '-target-margin-list=1.0,1.5,2.0,2.5,3.0,3.5,4.0,4.5,5.0', '-log-level=WARNING']
2023-11-26 20:38:07;UNIUSDT;30m;2.0;250;36;80;100.0;4;117.37;['-batch-training', '-calc-rsi', '-verbose', '-prediction-mode=index', '-interval-list=30m', '-range-min-rsi=28', '-range-max-rsi=80', '-range-p-ema=50,250', '-target-margin-list=1.0,1.5,2.0,2.5,3.0,3.5,4.0,4.5,5.0', '-log-level=WARNING']
2023-11-26 20:35:21;UNIUSDT;30m;1.5;250;34;72;100.0;5;117.39;['-batch-training', '-calc-rsi', '-verbose', '-prediction-mode=index', '-interval-list=30m', '-range-min-rsi=28', '-range-max-rsi=80', '-range-p-ema=50,250', '-target-margin-list=1.0,1.5,2.0,2.5,3.0,3.5,4.0,4.5,5.0', '-log-level=WARNING']
2023-11-26 20:38:07;UNIUSDT;30m;2.0;250;36;80;100.0;5;117.4;['-batch-training', '-calc-rsi', '-verbose', '-prediction-mode=index', '-interval-list=30m', '-range-min-rsi=28', '-range-max-rsi=80', '-range-p-ema=50,250', '-target-margin-list=1.0,1.5,2.0,2.5,3.0,3.5,4.0,4.5,5.0', '-log-level=WARNING']
2023-11-26 20:32:06;UNIUSDT;30m;4.5;225;36;80;100.0;3;117.43;['-batch-training', '-calc-rsi', '-verbose', '-prediction-mode=index', '-interval-list=30m', '-range-min-rsi=28', '-range-max-rsi=80', '-range-p-ema=50,250', '-target-margin-list=1.0,1.5,2.0,2.5,3.0,3.5,4.0,4.5,5.0', '-log-level=WARNING']
2023-11-26 20:45:48;UNIUSDT;30m;4.5;250;36;80;100.0;3;117.43;['-batch-training', '-calc-rsi', '-verbose', '-prediction-mode=index', '-interval-list=30m', '-range-min-rsi=28', '-range-max-rsi=80', '-range-p-ema=50,250', '-target-margin-list=1.0,1.5,2.0,2.5,3.0,3.5,4.0,4.5,5.0', '-log-level=WARNING']
2023-11-26 20:36:36;UNIUSDT;30m;1.5;250;36;80;100.0;6;117.44;['-batch-training', '-calc-rsi', '-verbose', '-prediction-mode=index', '-interval-list=30m', '-range-min-rsi=28', '-range-max-rsi=80', '-range-p-ema=50,250', '-target-margin-list=1.0,1.5,2.0,2.5,3.0,3.5,4.0,4.5,5.0', '-log-level=WARNING']
2023-11-26 20:40:47;UNIUSDT;30m;3.0;250;34;78;100.0;3;117.45;['-batch-training', '-calc-rsi', '-verbose', '-prediction-mode=index', '-interval-list=30m', '-range-min-rsi=28', '-range-max-rsi=80', '-range-p-ema=50,250', '-target-margin-list=1.0,1.5,2.0,2.5,3.0,3.5,4.0,4.5,5.0', '-log-level=WARNING']
2023-11-26 19:59:48;UNIUSDT;30m;1.5;175;34;72;100.0;2;117.45;['-batch-training', '-calc-rsi', '-verbose', '-prediction-mode=index', '-interval-list=30m', '-range-min-rsi=28', '-range-max-rsi=80', '-range-p-ema=50,250', '-target-margin-list=1.0,1.5,2.0,2.5,3.0,3.5,4.0,4.5,5.0', '-log-level=WARNING']
2023-11-26 19:36:41;UNIUSDT;30m;1.0;125;28;76;100.0;6;117.46;['-batch-training', '-calc-rsi', '-verbose', '-prediction-mode=index', '-interval-list=30m', '-range-min-rsi=28', '-range-max-rsi=80', '-range-p-ema=50,250', '-target-margin-list=1.0,1.5,2.0,2.5,3.0,3.5,4.0,4.5,5.0', '-log-level=WARNING']
2023-11-26 21:02:53;UNIUSDT;30m;1.0;75;28;76;100.0;6;117.46;['-batch-training', '-calc-rsi', '-verbose', '-prediction-mode=index', '-interval-list=30m', '-range-min-rsi=28', '-range-max-rsi=80', '-range-p-ema=50,250', '-target-margin-list=1.0,1.5,2.0,2.5,3.0,3.5,4.0,4.5,5.0', '-log-level=WARNING']
2023-11-26 20:21:08;UNIUSDT;30m;1.0;225;28;76;100.0;6;117.46;['-batch-training', '-calc-rsi', '-verbose', '-prediction-mode=index', '-interval-list=30m', '-range-min-rsi=28', '-range-max-rsi=80', '-range-p-ema=50,250', '-target-margin-list=1.0,1.5,2.0,2.5,3.0,3.5,4.0,4.5,5.0', '-log-level=WARNING']
2023-11-26 19:25:14;UNIUSDT;30m;1.0;100;28;76;100.0;6;117.46;['-batch-training', '-calc-rsi', '-verbose', '-prediction-mode=index', '-interval-list=30m', '-range-min-rsi=28', '-range-max-rsi=80', '-range-p-ema=50,250', '-target-margin-list=1.0,1.5,2.0,2.5,3.0,3.5,4.0,4.5,5.0', '-log-level=WARNING']
2023-11-26 19:25:17;UNIUSDT;30m;1.0;100;30;76;100.0;3;117.46;['-batch-training', '-calc-rsi', '-verbose', '-prediction-mode=index', '-interval-list=30m', '-range-min-rsi=28', '-range-max-rsi=80', '-range-p-ema=50,250', '-target-margin-list=1.0,1.5,2.0,2.5,3.0,3.5,4.0,4.5,5.0', '-log-level=WARNING']
2023-11-26 20:09:01;UNIUSDT;30m;1.0;200;28;76;100.0;6;117.46;['-batch-training', '-calc-rsi', '-verbose', '-prediction-mode=index', '-interval-list=30m', '-range-min-rsi=28', '-range-max-rsi=80', '-range-p-ema=50,250', '-target-margin-list=1.0,1.5,2.0,2.5,3.0,3.5,4.0,4.5,5.0', '-log-level=WARNING']
2023-11-26 19:36:44;UNIUSDT;30m;1.0;125;30;76;100.0;3;117.46;['-batch-training', '-calc-rsi', '-verbose', '-prediction-mode=index', '-interval-list=30m', '-range-min-rsi=28', '-range-max-rsi=80', '-range-p-ema=50,250', '-target-margin-list=1.0,1.5,2.0,2.5,3.0,3.5,4.0,4.5,5.0', '-log-level=WARNING']
2023-11-26 19:58:58;UNIUSDT;30m;1.0;175;28;76;100.0;6;117.46;['-batch-training', '-calc-rsi', '-verbose', '-prediction-mode=index', '-interval-list=30m', '-range-min-rsi=28', '-range-max-rsi=80', '-range-p-ema=50,250', '-target-margin-list=1.0,1.5,2.0,2.5,3.0,3.5,4.0,4.5,5.0', '-log-level=WARNING']
2023-11-26 20:48:07;UNIUSDT;30m;1.0;50;30;76;100.0;3;117.46;['-batch-training', '-calc-rsi', '-verbose', '-prediction-mode=index', '-interval-list=30m', '-range-min-rsi=28', '-range-max-rsi=80', '-range-p-ema=50,250', '-target-margin-list=1.0,1.5,2.0,2.5,3.0,3.5,4.0,4.5,5.0', '-log-level=WARNING']
2023-11-26 21:02:57;UNIUSDT;30m;1.0;75;30;76;100.0;3;117.46;['-batch-training', '-calc-rsi', '-verbose', '-prediction-mode=index', '-interval-list=30m', '-range-min-rsi=28', '-range-max-rsi=80', '-range-p-ema=50,250', '-target-margin-list=1.0,1.5,2.0,2.5,3.0,3.5,4.0,4.5,5.0', '-log-level=WARNING']
2023-11-26 20:48:04;UNIUSDT;30m;1.0;50;28;76;100.0;6;117.46;['-batch-training', '-calc-rsi', '-verbose', '-prediction-mode=index', '-interval-list=30m', '-range-min-rsi=28', '-range-max-rsi=80', '-range-p-ema=50,250', '-target-margin-list=1.0,1.5,2.0,2.5,3.0,3.5,4.0,4.5,5.0', '-log-level=WARNING']
2023-11-26 20:26:28;UNIUSDT;30m;3.0;225;32;72;100.0;2;117.46;['-batch-training', '-calc-rsi', '-verbose', '-prediction-mode=index', '-interval-list=30m', '-range-min-rsi=28', '-range-max-rsi=80', '-range-p-ema=50,250', '-target-margin-list=1.0,1.5,2.0,2.5,3.0,3.5,4.0,4.5,5.0', '-log-level=WARNING']
2023-11-26 19:48:18;UNIUSDT;30m;1.0;150;30;76;100.0;3;117.46;['-batch-training', '-calc-rsi', '-verbose', '-prediction-mode=index', '-interval-list=30m', '-range-min-rsi=28', '-range-max-rsi=80', '-range-p-ema=50,250', '-target-margin-list=1.0,1.5,2.0,2.5,3.0,3.5,4.0,4.5,5.0', '-log-level=WARNING']
2023-11-26 19:48:15;UNIUSDT;30m;1.0;150;28;76;100.0;6;117.46;['-batch-training', '-calc-rsi', '-verbose', '-prediction-mode=index', '-interval-list=30m', '-range-min-rsi=28', '-range-max-rsi=80', '-range-p-ema=50,250', '-target-margin-list=1.0,1.5,2.0,2.5,3.0,3.5,4.0,4.5,5.0', '-log-level=WARNING']
2023-11-26 20:09:53;UNIUSDT;30m;1.5;200;34;72;100.0;2;117.47;['-batch-training', '-calc-rsi', '-verbose', '-prediction-mode=index', '-interval-list=30m', '-range-min-rsi=28', '-range-max-rsi=80', '-range-p-ema=50,250', '-target-margin-list=1.0,1.5,2.0,2.5,3.0,3.5,4.0,4.5,5.0', '-log-level=WARNING']
2023-11-26 19:52:05;UNIUSDT;30m;2.5;150;36;74;100.0;5;117.49;['-batch-training', '-calc-rsi', '-verbose', '-prediction-mode=index', '-interval-list=30m', '-range-min-rsi=28', '-range-max-rsi=80', '-range-p-ema=50,250', '-target-margin-list=1.0,1.5,2.0,2.5,3.0,3.5,4.0,4.5,5.0', '-log-level=WARNING']
2023-11-26 20:39:51;UNIUSDT;30m;3.0;250;34;72;100.0;2;117.51;['-batch-training', '-calc-rsi', '-verbose', '-prediction-mode=index', '-interval-list=30m', '-range-min-rsi=28', '-range-max-rsi=80', '-range-p-ema=50,250', '-target-margin-list=1.0,1.5,2.0,2.5,3.0,3.5,4.0,4.5,5.0', '-log-level=WARNING']
2023-11-26 20:35:56;UNIUSDT;30m;1.5;250;34;76;100.0;6;117.52;['-batch-training', '-calc-rsi', '-verbose', '-prediction-mode=index', '-interval-list=30m', '-range-min-rsi=28', '-range-max-rsi=80', '-range-p-ema=50,250', '-target-margin-list=1.0,1.5,2.0,2.5,3.0,3.5,4.0,4.5,5.0', '-log-level=WARNING']
2023-11-26 20:00:56;UNIUSDT;30m;2.0;175;34;72;100.0;3;117.54;['-batch-training', '-calc-rsi', '-verbose', '-prediction-mode=index', '-interval-list=30m', '-range-min-rsi=28', '-range-max-rsi=80', '-range-p-ema=50,250', '-target-margin-list=1.0,1.5,2.0,2.5,3.0,3.5,4.0,4.5,5.0', '-log-level=WARNING']
2023-11-26 20:13:03;UNIUSDT;30m;2.5;200;34;76;100.0;4;117.55;['-batch-training', '-calc-rsi', '-verbose', '-prediction-mode=index', '-interval-list=30m', '-range-min-rsi=28', '-range-max-rsi=80', '-range-p-ema=50,250', '-target-margin-list=1.0,1.5,2.0,2.5,3.0,3.5,4.0,4.5,5.0', '-log-level=WARNING']
2023-11-26 20:02:30;UNIUSDT;30m;2.5;175;34;76;100.0;4;117.55;['-batch-training', '-calc-rsi', '-verbose', '-prediction-mode=index', '-interval-list=30m', '-range-min-rsi=28', '-range-max-rsi=80', '-range-p-ema=50,250', '-target-margin-list=1.0,1.5,2.0,2.5,3.0,3.5,4.0,4.5,5.0', '-log-level=WARNING']
2023-11-26 19:48:21;UNIUSDT;30m;1.0;150;32;76;100.0;4;117.56;['-batch-training', '-calc-rsi', '-verbose', '-prediction-mode=index', '-interval-list=30m', '-range-min-rsi=28', '-range-max-rsi=80', '-range-p-ema=50,250', '-target-margin-list=1.0,1.5,2.0,2.5,3.0,3.5,4.0,4.5,5.0', '-log-level=WARNING']
2023-11-26 20:01:34;UNIUSDT;30m;2.0;175;32;78;100.0;3;117.57;['-batch-training', '-calc-rsi', '-verbose', '-prediction-mode=index', '-interval-list=30m', '-range-min-rsi=28', '-range-max-rsi=80', '-range-p-ema=50,250', '-target-margin-list=1.0,1.5,2.0,2.5,3.0,3.5,4.0,4.5,5.0', '-log-level=WARNING']
2023-11-26 19:51:13;UNIUSDT;30m;2.0;150;32;78;100.0;3;117.57;['-batch-training', '-calc-rsi', '-verbose', '-prediction-mode=index', '-interval-list=30m', '-range-min-rsi=28', '-range-max-rsi=80', '-range-p-ema=50,250', '-target-margin-list=1.0,1.5,2.0,2.5,3.0,3.5,4.0,4.5,5.0', '-log-level=WARNING']
2023-11-26 19:54:51;UNIUSDT;30m;3.5;150;36;78;100.0;2;117.59;['-batch-training', '-calc-rsi', '-verbose', '-prediction-mode=index', '-interval-list=30m', '-range-min-rsi=28', '-range-max-rsi=80', '-range-p-ema=50,250', '-target-margin-list=1.0,1.5,2.0,2.5,3.0,3.5,4.0,4.5,5.0', '-log-level=WARNING']
2023-11-26 20:20:37;UNIUSDT;30m;1.0;225;30;72;100.0;4;117.59;['-batch-training', '-calc-rsi', '-verbose', '-prediction-mode=index', '-interval-list=30m', '-range-min-rsi=28', '-range-max-rsi=80', '-range-p-ema=50,250', '-target-margin-list=1.0,1.5,2.0,2.5,3.0,3.5,4.0,4.5,5.0', '-log-level=WARNING']
2023-11-26 19:56:19;UNIUSDT;30m;4.5;150;30;72;100.0;2;117.6;['-batch-training', '-calc-rsi', '-verbose', '-prediction-mode=index', '-interval-list=30m', '-range-min-rsi=28', '-range-max-rsi=80', '-range-p-ema=50,250', '-target-margin-list=1.0,1.5,2.0,2.5,3.0,3.5,4.0,4.5,5.0', '-log-level=WARNING']
2023-11-26 20:44:22;UNIUSDT;30m;4.5;250;30;72;100.0;2;117.6;['-batch-training', '-calc-rsi', '-verbose', '-prediction-mode=index', '-interval-list=30m', '-range-min-rsi=28', '-range-max-rsi=80', '-range-p-ema=50,250', '-target-margin-list=1.0,1.5,2.0,2.5,3.0,3.5,4.0,4.5,5.0', '-log-level=WARNING']
2023-11-26 19:45:14;UNIUSDT;30m;4.5;125;30;72;100.0;2;117.6;['-batch-training', '-calc-rsi', '-verbose', '-prediction-mode=index', '-interval-list=30m', '-range-min-rsi=28', '-range-max-rsi=80', '-range-p-ema=50,250', '-target-margin-list=1.0,1.5,2.0,2.5,3.0,3.5,4.0,4.5,5.0', '-log-level=WARNING']
2023-11-26 21:14:34;UNIUSDT;30m;4.5;75;30;72;100.0;2;117.6;['-batch-training', '-calc-rsi', '-verbose', '-prediction-mode=index', '-interval-list=30m', '-range-min-rsi=28', '-range-max-rsi=80', '-range-p-ema=50,250', '-target-margin-list=1.0,1.5,2.0,2.5,3.0,3.5,4.0,4.5,5.0', '-log-level=WARNING']
2023-11-26 20:17:50;UNIUSDT;30m;4.5;200;30;72;100.0;2;117.6;['-batch-training', '-calc-rsi', '-verbose', '-prediction-mode=index', '-interval-list=30m', '-range-min-rsi=28', '-range-max-rsi=80', '-range-p-ema=50,250', '-target-margin-list=1.0,1.5,2.0,2.5,3.0,3.5,4.0,4.5,5.0', '-log-level=WARNING']
2023-11-26 20:58:55;UNIUSDT;30m;4.5;50;30;72;100.0;2;117.6;['-batch-training', '-calc-rsi', '-verbose', '-prediction-mode=index', '-interval-list=30m', '-range-min-rsi=28', '-range-max-rsi=80', '-range-p-ema=50,250', '-target-margin-list=1.0,1.5,2.0,2.5,3.0,3.5,4.0,4.5,5.0', '-log-level=WARNING']
2023-11-26 20:30:46;UNIUSDT;30m;4.5;225;30;72;100.0;2;117.6;['-batch-training', '-calc-rsi', '-verbose', '-prediction-mode=index', '-interval-list=30m', '-range-min-rsi=28', '-range-max-rsi=80', '-range-p-ema=50,250', '-target-margin-list=1.0,1.5,2.0,2.5,3.0,3.5,4.0,4.5,5.0', '-log-level=WARNING']
2023-11-26 20:06:24;UNIUSDT;30m;4.5;175;30;72;100.0;2;117.6;['-batch-training', '-calc-rsi', '-verbose', '-prediction-mode=index', '-interval-list=30m', '-range-min-rsi=28', '-range-max-rsi=80', '-range-p-ema=50,250', '-target-margin-list=1.0,1.5,2.0,2.5,3.0,3.5,4.0,4.5,5.0', '-log-level=WARNING']
2023-11-26 20:41:28;UNIUSDT;30m;3.5;250;36;72;100.0;2;117.6;['-batch-training', '-calc-rsi', '-verbose', '-prediction-mode=index', '-interval-list=30m', '-range-min-rsi=28', '-range-max-rsi=80', '-range-p-ema=50,250', '-target-margin-list=1.0,1.5,2.0,2.5,3.0,3.5,4.0,4.5,5.0', '-log-level=WARNING']
2023-11-26 19:33:40;UNIUSDT;30m;4.5;100;30;72;100.0;2;117.6;['-batch-training', '-calc-rsi', '-verbose', '-prediction-mode=index', '-interval-list=30m', '-range-min-rsi=28', '-range-max-rsi=80', '-range-p-ema=50,250', '-target-margin-list=1.0,1.5,2.0,2.5,3.0,3.5,4.0,4.5,5.0', '-log-level=WARNING']
2023-11-26 21:08:56;UNIUSDT;30m;2.5;75;36;78;100.0;4;117.62;['-batch-training', '-calc-rsi', '-verbose', '-prediction-mode=index', '-interval-list=30m', '-range-min-rsi=28', '-range-max-rsi=80', '-range-p-ema=50,250', '-target-margin-list=1.0,1.5,2.0,2.5,3.0,3.5,4.0,4.5,5.0', '-log-level=WARNING']
2023-11-26 19:26:45;UNIUSDT;30m;1.5;100;36;76;100.0;5;117.62;['-batch-training', '-calc-rsi', '-verbose', '-prediction-mode=index', '-interval-list=30m', '-range-min-rsi=28', '-range-max-rsi=80', '-range-p-ema=50,250', '-target-margin-list=1.0,1.5,2.0,2.5,3.0,3.5,4.0,4.5,5.0', '-log-level=WARNING']
2023-11-26 19:38:14;UNIUSDT;30m;1.5;125;36;76;100.0;5;117.62;['-batch-training', '-calc-rsi', '-verbose', '-prediction-mode=index', '-interval-list=30m', '-range-min-rsi=28', '-range-max-rsi=80', '-range-p-ema=50,250', '-target-margin-list=1.0,1.5,2.0,2.5,3.0,3.5,4.0,4.5,5.0', '-log-level=WARNING']
2023-11-26 20:53:30;UNIUSDT;30m;2.5;50;36;78;100.0;4;117.62;['-batch-training', '-calc-rsi', '-verbose', '-prediction-mode=index', '-interval-list=30m', '-range-min-rsi=28', '-range-max-rsi=80', '-range-p-ema=50,250', '-target-margin-list=1.0,1.5,2.0,2.5,3.0,3.5,4.0,4.5,5.0', '-log-level=WARNING']
2023-11-26 20:49:55;UNIUSDT;30m;1.5;50;36;76;100.0;5;117.62;['-batch-training', '-calc-rsi', '-verbose', '-prediction-mode=index', '-interval-list=30m', '-range-min-rsi=28', '-range-max-rsi=80', '-range-p-ema=50,250', '-target-margin-list=1.0,1.5,2.0,2.5,3.0,3.5,4.0,4.5,5.0', '-log-level=WARNING']
2023-11-26 21:04:56;UNIUSDT;30m;1.5;75;36;76;100.0;5;117.62;['-batch-training', '-calc-rsi', '-verbose', '-prediction-mode=index', '-interval-list=30m', '-range-min-rsi=28', '-range-max-rsi=80', '-range-p-ema=50,250', '-target-margin-list=1.0,1.5,2.0,2.5,3.0,3.5,4.0,4.5,5.0', '-log-level=WARNING']
2023-11-26 19:53:51;UNIUSDT;30m;3.0;150;32;80;100.0;2;117.63;['-batch-training', '-calc-rsi', '-verbose', '-prediction-mode=index', '-interval-list=30m', '-range-min-rsi=28', '-range-max-rsi=80', '-range-p-ema=50,250', '-target-margin-list=1.0,1.5,2.0,2.5,3.0,3.5,4.0,4.5,5.0', '-log-level=WARNING']
2023-11-26 20:48:07;UNIUSDT;30m;1.0;50;30;76;100.0;4;117.64;['-batch-training', '-calc-rsi', '-verbose', '-prediction-mode=index', '-interval-list=30m', '-range-min-rsi=28', '-range-max-rsi=80', '-range-p-ema=50,250', '-target-margin-list=1.0,1.5,2.0,2.5,3.0,3.5,4.0,4.5,5.0', '-log-level=WARNING']
2023-11-26 19:48:18;UNIUSDT;30m;1.0;150;30;76;100.0;4;117.64;['-batch-training', '-calc-rsi', '-verbose', '-prediction-mode=index', '-interval-list=30m', '-range-min-rsi=28', '-range-max-rsi=80', '-range-p-ema=50,250', '-target-margin-list=1.0,1.5,2.0,2.5,3.0,3.5,4.0,4.5,5.0', '-log-level=WARNING']
2023-11-26 19:36:45;UNIUSDT;30m;1.0;125;30;76;100.0;4;117.64;['-batch-training', '-calc-rsi', '-verbose', '-prediction-mode=index', '-interval-list=30m', '-range-min-rsi=28', '-range-max-rsi=80', '-range-p-ema=50,250', '-target-margin-list=1.0,1.5,2.0,2.5,3.0,3.5,4.0,4.5,5.0', '-log-level=WARNING']
2023-11-26 19:25:17;UNIUSDT;30m;1.0;100;30;76;100.0;4;117.64;['-batch-training', '-calc-rsi', '-verbose', '-prediction-mode=index', '-interval-list=30m', '-range-min-rsi=28', '-range-max-rsi=80', '-range-p-ema=50,250', '-target-margin-list=1.0,1.5,2.0,2.5,3.0,3.5,4.0,4.5,5.0', '-log-level=WARNING']
2023-11-26 21:02:57;UNIUSDT;30m;1.0;75;30;76;100.0;4;117.64;['-batch-training', '-calc-rsi', '-verbose', '-prediction-mode=index', '-interval-list=30m', '-range-min-rsi=28', '-range-max-rsi=80', '-range-p-ema=50,250', '-target-margin-list=1.0,1.5,2.0,2.5,3.0,3.5,4.0,4.5,5.0', '-log-level=WARNING']
2023-11-26 20:51:08;UNIUSDT;30m;2.0;50;34;74;100.0;5;117.65;['-batch-training', '-calc-rsi', '-verbose', '-prediction-mode=index', '-interval-list=30m', '-range-min-rsi=28', '-range-max-rsi=80', '-range-p-ema=50,250', '-target-margin-list=1.0,1.5,2.0,2.5,3.0,3.5,4.0,4.5,5.0', '-log-level=WARNING']
2023-11-26 19:27:44;UNIUSDT;30m;2.0;100;34;74;100.0;5;117.65;['-batch-training', '-calc-rsi', '-verbose', '-prediction-mode=index', '-interval-list=30m', '-range-min-rsi=28', '-range-max-rsi=80', '-range-p-ema=50,250', '-target-margin-list=1.0,1.5,2.0,2.5,3.0,3.5,4.0,4.5,5.0', '-log-level=WARNING']
2023-11-26 21:06:19;UNIUSDT;30m;2.0;75;34;74;100.0;5;117.65;['-batch-training', '-calc-rsi', '-verbose', '-prediction-mode=index', '-interval-list=30m', '-range-min-rsi=28', '-range-max-rsi=80', '-range-p-ema=50,250', '-target-margin-list=1.0,1.5,2.0,2.5,3.0,3.5,4.0,4.5,5.0', '-log-level=WARNING']
2023-11-26 19:39:13;UNIUSDT;30m;2.0;125;34;74;100.0;5;117.65;['-batch-training', '-calc-rsi', '-verbose', '-prediction-mode=index', '-interval-list=30m', '-range-min-rsi=28', '-range-max-rsi=80', '-range-p-ema=50,250', '-target-margin-list=1.0,1.5,2.0,2.5,3.0,3.5,4.0,4.5,5.0', '-log-level=WARNING']
2023-11-26 20:21:16;UNIUSDT;30m;1.0;225;32;76;100.0;2;117.66;['-batch-training', '-calc-rsi', '-verbose', '-prediction-mode=index', '-interval-list=30m', '-range-min-rsi=28', '-range-max-rsi=80', '-range-p-ema=50,250', '-target-margin-list=1.0,1.5,2.0,2.5,3.0,3.5,4.0,4.5,5.0', '-log-level=WARNING']
2023-11-26 19:32:58;UNIUSDT;30m;4.0;100;32;76;100.0;3;117.66;['-batch-training', '-calc-rsi', '-verbose', '-prediction-mode=index', '-interval-list=30m', '-range-min-rsi=28', '-range-max-rsi=80', '-range-p-ema=50,250', '-target-margin-list=1.0,1.5,2.0,2.5,3.0,3.5,4.0,4.5,5.0', '-log-level=WARNING']
2023-11-26 20:57:59;UNIUSDT;30m;4.0;50;32;76;100.0;3;117.66;['-batch-training', '-calc-rsi', '-verbose', '-prediction-mode=index', '-interval-list=30m', '-range-min-rsi=28', '-range-max-rsi=80', '-range-p-ema=50,250', '-target-margin-list=1.0,1.5,2.0,2.5,3.0,3.5,4.0,4.5,5.0', '-log-level=WARNING']
2023-11-26 19:44:30;UNIUSDT;30m;4.0;125;32;76;100.0;3;117.66;['-batch-training', '-calc-rsi', '-verbose', '-prediction-mode=index', '-interval-list=30m', '-range-min-rsi=28', '-range-max-rsi=80', '-range-p-ema=50,250', '-target-margin-list=1.0,1.5,2.0,2.5,3.0,3.5,4.0,4.5,5.0', '-log-level=WARNING']
2023-11-26 20:09:07;UNIUSDT;30m;1.0;200;32;76;100.0;2;117.66;['-batch-training', '-calc-rsi', '-verbose', '-prediction-mode=index', '-interval-list=30m', '-range-min-rsi=28', '-range-max-rsi=80', '-range-p-ema=50,250', '-target-margin-list=1.0,1.5,2.0,2.5,3.0,3.5,4.0,4.5,5.0', '-log-level=WARNING']
2023-11-26 21:13:46;UNIUSDT;30m;4.0;75;32;76;100.0;3;117.66;['-batch-training', '-calc-rsi', '-verbose', '-prediction-mode=index', '-interval-list=30m', '-range-min-rsi=28', '-range-max-rsi=80', '-range-p-ema=50,250', '-target-margin-list=1.0,1.5,2.0,2.5,3.0,3.5,4.0,4.5,5.0', '-log-level=WARNING']
2023-11-26 20:38:13;UNIUSDT;30m;2.5;250;30;72;100.0;2;117.67;['-batch-training', '-calc-rsi', '-verbose', '-prediction-mode=index', '-interval-list=30m', '-range-min-rsi=28', '-range-max-rsi=80', '-range-p-ema=50,250', '-target-margin-list=1.0,1.5,2.0,2.5,3.0,3.5,4.0,4.5,5.0', '-log-level=WARNING']
2023-11-26 20:16:47;UNIUSDT;30m;4.0;200;32;74;100.0;2;117.7;['-batch-training', '-calc-rsi', '-verbose', '-prediction-mode=index', '-interval-list=30m', '-range-min-rsi=28', '-range-max-rsi=80', '-range-p-ema=50,250', '-target-margin-list=1.0,1.5,2.0,2.5,3.0,3.5,4.0,4.5,5.0', '-log-level=WARNING']
2023-11-26 20:43:12;UNIUSDT;30m;4.0;250;32;74;100.0;2;117.7;['-batch-training', '-calc-rsi', '-verbose', '-prediction-mode=index', '-interval-list=30m', '-range-min-rsi=28', '-range-max-rsi=80', '-range-p-ema=50,250', '-target-margin-list=1.0,1.5,2.0,2.5,3.0,3.5,4.0,4.5,5.0', '-log-level=WARNING']
2023-11-26 20:05:33;UNIUSDT;30m;4.0;175;32;74;100.0;2;117.7;['-batch-training', '-calc-rsi', '-verbose', '-prediction-mode=index', '-interval-list=30m', '-range-min-rsi=28', '-range-max-rsi=80', '-range-p-ema=50,250', '-target-margin-list=1.0,1.5,2.0,2.5,3.0,3.5,4.0,4.5,5.0', '-log-level=WARNING']
2023-11-26 20:29:40;UNIUSDT;30m;4.0;225;32;74;100.0;2;117.7;['-batch-training', '-calc-rsi', '-verbose', '-prediction-mode=index', '-interval-list=30m', '-range-min-rsi=28', '-range-max-rsi=80', '-range-p-ema=50,250', '-target-margin-list=1.0,1.5,2.0,2.5,3.0,3.5,4.0,4.5,5.0', '-log-level=WARNING']
2023-11-26 19:55:27;UNIUSDT;30m;4.0;150;32;74;100.0;2;117.7;['-batch-training', '-calc-rsi', '-verbose', '-prediction-mode=index', '-interval-list=30m', '-range-min-rsi=28', '-range-max-rsi=80', '-range-p-ema=50,250', '-target-margin-list=1.0,1.5,2.0,2.5,3.0,3.5,4.0,4.5,5.0', '-log-level=WARNING']
2023-11-26 20:26:52;UNIUSDT;30m;3.0;225;36;74;100.0;4;117.71;['-batch-training', '-calc-rsi', '-verbose', '-prediction-mode=index', '-interval-list=30m', '-range-min-rsi=28', '-range-max-rsi=80', '-range-p-ema=50,250', '-target-margin-list=1.0,1.5,2.0,2.5,3.0,3.5,4.0,4.5,5.0', '-log-level=WARNING']
2023-11-26 20:27:27;UNIUSDT;30m;3.0;225;36;78;100.0;3;117.72;['-batch-training', '-calc-rsi', '-verbose', '-prediction-mode=index', '-interval-list=30m', '-range-min-rsi=28', '-range-max-rsi=80', '-range-p-ema=50,250', '-target-margin-list=1.0,1.5,2.0,2.5,3.0,3.5,4.0,4.5,5.0', '-log-level=WARNING']
2023-11-26 19:49:30;UNIUSDT;30m;1.5;150;36;74;100.0;7;117.73;['-batch-training', '-calc-rsi', '-verbose', '-prediction-mode=index', '-interval-list=30m', '-range-min-rsi=28', '-range-max-rsi=80', '-range-p-ema=50,250', '-target-margin-list=1.0,1.5,2.0,2.5,3.0,3.5,4.0,4.5,5.0', '-log-level=WARNING']
2023-11-26 20:09:33;UNIUSDT;30m;1.0;200;30;80;100.0;2;117.74;['-batch-training', '-calc-rsi', '-verbose', '-prediction-mode=index', '-interval-list=30m', '-range-min-rsi=28', '-range-max-rsi=80', '-range-p-ema=50,250', '-target-margin-list=1.0,1.5,2.0,2.5,3.0,3.5,4.0,4.5,5.0', '-log-level=WARNING']
2023-11-26 20:21:47;UNIUSDT;30m;1.0;225;30;80;100.0;2;117.74;['-batch-training', '-calc-rsi', '-verbose', '-prediction-mode=index', '-interval-list=30m', '-range-min-rsi=28', '-range-max-rsi=80', '-range-p-ema=50,250', '-target-margin-list=1.0,1.5,2.0,2.5,3.0,3.5,4.0,4.5,5.0', '-log-level=WARNING']
2023-11-26 19:59:28;UNIUSDT;30m;1.0;175;30;80;100.0;2;117.74;['-batch-training', '-calc-rsi', '-verbose', '-prediction-mode=index', '-interval-list=30m', '-range-min-rsi=28', '-range-max-rsi=80', '-range-p-ema=50,250', '-target-margin-list=1.0,1.5,2.0,2.5,3.0,3.5,4.0,4.5,5.0', '-log-level=WARNING']
2023-11-26 21:13:09;UNIUSDT;30m;4.0;75;34;72;100.0;2;117.76;['-batch-training', '-calc-rsi', '-verbose', '-prediction-mode=index', '-interval-list=30m', '-range-min-rsi=28', '-range-max-rsi=80', '-range-p-ema=50,250', '-target-margin-list=1.0,1.5,2.0,2.5,3.0,3.5,4.0,4.5,5.0', '-log-level=WARNING']
2023-11-26 20:16:20;UNIUSDT;30m;3.5;200;36;80;100.0;4;117.76;['-batch-training', '-calc-rsi', '-verbose', '-prediction-mode=index', '-interval-list=30m', '-range-min-rsi=28', '-range-max-rsi=80', '-range-p-ema=50,250', '-target-margin-list=1.0,1.5,2.0,2.5,3.0,3.5,4.0,4.5,5.0', '-log-level=WARNING']
2023-11-26 19:32:32;UNIUSDT;30m;4.0;100;34;72;100.0;2;117.76;['-batch-training', '-calc-rsi', '-verbose', '-prediction-mode=index', '-interval-list=30m', '-range-min-rsi=28', '-range-max-rsi=80', '-range-p-ema=50,250', '-target-margin-list=1.0,1.5,2.0,2.5,3.0,3.5,4.0,4.5,5.0', '-log-level=WARNING']
2023-11-26 20:05:11;UNIUSDT;30m;3.5;175;36;80;100.0;4;117.76;['-batch-training', '-calc-rsi', '-verbose', '-prediction-mode=index', '-interval-list=30m', '-range-min-rsi=28', '-range-max-rsi=80', '-range-p-ema=50,250', '-target-margin-list=1.0,1.5,2.0,2.5,3.0,3.5,4.0,4.5,5.0', '-log-level=WARNING']
2023-11-26 19:44:03;UNIUSDT;30m;4.0;125;34;72;100.0;2;117.76;['-batch-training', '-calc-rsi', '-verbose', '-prediction-mode=index', '-interval-list=30m', '-range-min-rsi=28', '-range-max-rsi=80', '-range-p-ema=50,250', '-target-margin-list=1.0,1.5,2.0,2.5,3.0,3.5,4.0,4.5,5.0', '-log-level=WARNING']
2023-11-26 20:57:24;UNIUSDT;30m;4.0;50;34;72;100.0;2;117.76;['-batch-training', '-calc-rsi', '-verbose', '-prediction-mode=index', '-interval-list=30m', '-range-min-rsi=28', '-range-max-rsi=80', '-range-p-ema=50,250', '-target-margin-list=1.0,1.5,2.0,2.5,3.0,3.5,4.0,4.5,5.0', '-log-level=WARNING']
2023-11-26 19:59:59;UNIUSDT;30m;1.5;175;32;74;100.0;5;117.77;['-batch-training', '-calc-rsi', '-verbose', '-prediction-mode=index', '-interval-list=30m', '-range-min-rsi=28', '-range-max-rsi=80', '-range-p-ema=50,250', '-target-margin-list=1.0,1.5,2.0,2.5,3.0,3.5,4.0,4.5,5.0', '-log-level=WARNING']
2023-11-26 19:49:24;UNIUSDT;30m;1.5;150;32;74;100.0;5;117.77;['-batch-training', '-calc-rsi', '-verbose', '-prediction-mode=index', '-interval-list=30m', '-range-min-rsi=28', '-range-max-rsi=80', '-range-p-ema=50,250', '-target-margin-list=1.0,1.5,2.0,2.5,3.0,3.5,4.0,4.5,5.0', '-log-level=WARNING']
2023-11-26 20:22:25;UNIUSDT;30m;1.5;225;32;74;100.0;5;117.79;['-batch-training', '-calc-rsi', '-verbose', '-prediction-mode=index', '-interval-list=30m', '-range-min-rsi=28', '-range-max-rsi=80', '-range-p-ema=50,250', '-target-margin-list=1.0,1.5,2.0,2.5,3.0,3.5,4.0,4.5,5.0', '-log-level=WARNING']
2023-11-26 20:10:06;UNIUSDT;30m;1.5;200;32;74;100.0;5;117.79;['-batch-training', '-calc-rsi', '-verbose', '-prediction-mode=index', '-interval-list=30m', '-range-min-rsi=28', '-range-max-rsi=80', '-range-p-ema=50,250', '-target-margin-list=1.0,1.5,2.0,2.5,3.0,3.5,4.0,4.5,5.0', '-log-level=WARNING']
2023-11-26 20:35:56;UNIUSDT;30m;1.5;250;34;76;100.0;2;117.8;['-batch-training', '-calc-rsi', '-verbose', '-prediction-mode=index', '-interval-list=30m', '-range-min-rsi=28', '-range-max-rsi=80', '-range-p-ema=50,250', '-target-margin-list=1.0,1.5,2.0,2.5,3.0,3.5,4.0,4.5,5.0', '-log-level=WARNING']
2023-11-26 20:37:41;UNIUSDT;30m;2.0;250;32;78;100.0;3;117.82;['-batch-training', '-calc-rsi', '-verbose', '-prediction-mode=index', '-interval-list=30m', '-range-min-rsi=28', '-range-max-rsi=80', '-range-p-ema=50,250', '-target-margin-list=1.0,1.5,2.0,2.5,3.0,3.5,4.0,4.5,5.0', '-log-level=WARNING']
2023-11-26 21:17:00;UNIUSDT;30m;5.0;75;36;78;100.0;2;117.84;['-batch-training', '-calc-rsi', '-verbose', '-prediction-mode=index', '-interval-list=30m', '-range-min-rsi=28', '-range-max-rsi=80', '-range-p-ema=50,250', '-target-margin-list=1.0,1.5,2.0,2.5,3.0,3.5,4.0,4.5,5.0', '-log-level=WARNING']
2023-11-26 21:01:47;UNIUSDT;30m;5.0;50;36;78;100.0;2;117.84;['-batch-training', '-calc-rsi', '-verbose', '-prediction-mode=index', '-interval-list=30m', '-range-min-rsi=28', '-range-max-rsi=80', '-range-p-ema=50,250', '-target-margin-list=1.0,1.5,2.0,2.5,3.0,3.5,4.0,4.5,5.0', '-log-level=WARNING']
2023-11-26 20:01:48;UNIUSDT;30m;2.0;175;32;80;100.0;3;117.86;['-batch-training', '-calc-rsi', '-verbose', '-prediction-mode=index', '-interval-list=30m', '-range-min-rsi=28', '-range-max-rsi=80', '-range-p-ema=50,250', '-target-margin-list=1.0,1.5,2.0,2.5,3.0,3.5,4.0,4.5,5.0', '-log-level=WARNING']
2023-11-26 19:51:28;UNIUSDT;30m;2.0;150;32;80;100.0;3;117.86;['-batch-training', '-calc-rsi', '-verbose', '-prediction-mode=index', '-interval-list=30m', '-range-min-rsi=28', '-range-max-rsi=80', '-range-p-ema=50,250', '-target-margin-list=1.0,1.5,2.0,2.5,3.0,3.5,4.0,4.5,5.0', '-log-level=WARNING']
2023-11-26 20:10:24;UNIUSDT;30m;1.5;200;34;76;100.0;6;117.9;['-batch-training', '-calc-rsi', '-verbose', '-prediction-mode=index', '-interval-list=30m', '-range-min-rsi=28', '-range-max-rsi=80', '-range-p-ema=50,250', '-target-margin-list=1.0,1.5,2.0,2.5,3.0,3.5,4.0,4.5,5.0', '-log-level=WARNING']
2023-11-26 20:51:28;UNIUSDT;30m;2.0;50;34;76;100.0;2;117.93;['-batch-training', '-calc-rsi', '-verbose', '-prediction-mode=index', '-interval-list=30m', '-range-min-rsi=28', '-range-max-rsi=80', '-range-p-ema=50,250', '-target-margin-list=1.0,1.5,2.0,2.5,3.0,3.5,4.0,4.5,5.0', '-log-level=WARNING']
2023-11-26 19:29:35;UNIUSDT;30m;2.5;100;36;78;100.0;4;117.93;['-batch-training', '-calc-rsi', '-verbose', '-prediction-mode=index', '-interval-list=30m', '-range-min-rsi=28', '-range-max-rsi=80', '-range-p-ema=50,250', '-target-margin-list=1.0,1.5,2.0,2.5,3.0,3.5,4.0,4.5,5.0', '-log-level=WARNING']
2023-11-26 19:41:04;UNIUSDT;30m;2.5;125;36;78;100.0;4;117.93;['-batch-training', '-calc-rsi', '-verbose', '-prediction-mode=index', '-interval-list=30m', '-range-min-rsi=28', '-range-max-rsi=80', '-range-p-ema=50,250', '-target-margin-list=1.0,1.5,2.0,2.5,3.0,3.5,4.0,4.5,5.0', '-log-level=WARNING']
2023-11-26 19:39:28;UNIUSDT;30m;2.0;125;34;76;100.0;2;117.93;['-batch-training', '-calc-rsi', '-verbose', '-prediction-mode=index', '-interval-list=30m', '-range-min-rsi=28', '-range-max-rsi=80', '-range-p-ema=50,250', '-target-margin-list=1.0,1.5,2.0,2.5,3.0,3.5,4.0,4.5,5.0', '-log-level=WARNING']
2023-11-26 21:06:41;UNIUSDT;30m;2.0;75;34;76;100.0;2;117.93;['-batch-training', '-calc-rsi', '-verbose', '-prediction-mode=index', '-interval-list=30m', '-range-min-rsi=28', '-range-max-rsi=80', '-range-p-ema=50,250', '-target-margin-list=1.0,1.5,2.0,2.5,3.0,3.5,4.0,4.5,5.0', '-log-level=WARNING']
2023-11-26 19:27:59;UNIUSDT;30m;2.0;100;34;76;100.0;2;117.93;['-batch-training', '-calc-rsi', '-verbose', '-prediction-mode=index', '-interval-list=30m', '-range-min-rsi=28', '-range-max-rsi=80', '-range-p-ema=50,250', '-target-margin-list=1.0,1.5,2.0,2.5,3.0,3.5,4.0,4.5,5.0', '-log-level=WARNING']
2023-11-26 20:21:05;UNIUSDT;30m;1.0;225;36;74;100.0;7;117.95;['-batch-training', '-calc-rsi', '-verbose', '-prediction-mode=index', '-interval-list=30m', '-range-min-rsi=28', '-range-max-rsi=80', '-range-p-ema=50,250', '-target-margin-list=1.0,1.5,2.0,2.5,3.0,3.5,4.0,4.5,5.0', '-log-level=WARNING']
2023-11-26 20:10:24;UNIUSDT;30m;1.5;200;34;76;100.0;2;117.96;['-batch-training', '-calc-rsi', '-verbose', '-prediction-mode=index', '-interval-list=30m', '-range-min-rsi=28', '-range-max-rsi=80', '-range-p-ema=50,250', '-target-margin-list=1.0,1.5,2.0,2.5,3.0,3.5,4.0,4.5,5.0', '-log-level=WARNING']
2023-11-26 20:50:44;UNIUSDT;30m;2.0;50;32;72;100.0;2;117.99;['-batch-training', '-calc-rsi', '-verbose', '-prediction-mode=index', '-interval-list=30m', '-range-min-rsi=28', '-range-max-rsi=80', '-range-p-ema=50,250', '-target-margin-list=1.0,1.5,2.0,2.5,3.0,3.5,4.0,4.5,5.0', '-log-level=WARNING']
2023-11-26 19:27:25;UNIUSDT;30m;2.0;100;32;72;100.0;2;117.99;['-batch-training', '-calc-rsi', '-verbose', '-prediction-mode=index', '-interval-list=30m', '-range-min-rsi=28', '-range-max-rsi=80', '-range-p-ema=50,250', '-target-margin-list=1.0,1.5,2.0,2.5,3.0,3.5,4.0,4.5,5.0', '-log-level=WARNING']
2023-11-26 21:05:53;UNIUSDT;30m;2.0;75;32;72;100.0;2;117.99;['-batch-training', '-calc-rsi', '-verbose', '-prediction-mode=index', '-interval-list=30m', '-range-min-rsi=28', '-range-max-rsi=80', '-range-p-ema=50,250', '-target-margin-list=1.0,1.5,2.0,2.5,3.0,3.5,4.0,4.5,5.0', '-log-level=WARNING']
2023-11-26 19:38:54;UNIUSDT;30m;2.0;125;32;72;100.0;2;117.99;['-batch-training', '-calc-rsi', '-verbose', '-prediction-mode=index', '-interval-list=30m', '-range-min-rsi=28', '-range-max-rsi=80', '-range-p-ema=50,250', '-target-margin-list=1.0,1.5,2.0,2.5,3.0,3.5,4.0,4.5,5.0', '-log-level=WARNING']
2023-11-26 19:27:16;UNIUSDT;30m;1.5;100;36;80;100.0;5;118.0;['-batch-training', '-calc-rsi', '-verbose', '-prediction-mode=index', '-interval-list=30m', '-range-min-rsi=28', '-range-max-rsi=80', '-range-p-ema=50,250', '-target-margin-list=1.0,1.5,2.0,2.5,3.0,3.5,4.0,4.5,5.0', '-log-level=WARNING']
2023-11-26 19:38:45;UNIUSDT;30m;1.5;125;36;80;100.0;5;118.0;['-batch-training', '-calc-rsi', '-verbose', '-prediction-mode=index', '-interval-list=30m', '-range-min-rsi=28', '-range-max-rsi=80', '-range-p-ema=50,250', '-target-margin-list=1.0,1.5,2.0,2.5,3.0,3.5,4.0,4.5,5.0', '-log-level=WARNING']
2023-11-26 19:56:27;UNIUSDT;30m;4.5;150;36;72;100.0;2;118.04;['-batch-training', '-calc-rsi', '-verbose', '-prediction-mode=index', '-interval-list=30m', '-range-min-rsi=28', '-range-max-rsi=80', '-range-p-ema=50,250', '-target-margin-list=1.0,1.5,2.0,2.5,3.0,3.5,4.0,4.5,5.0', '-log-level=WARNING']
2023-11-26 20:35:53;UNIUSDT;30m;1.5;250;32;76;100.0;6;118.05;['-batch-training', '-calc-rsi', '-verbose', '-prediction-mode=index', '-interval-list=30m', '-range-min-rsi=28', '-range-max-rsi=80', '-range-p-ema=50,250', '-target-margin-list=1.0,1.5,2.0,2.5,3.0,3.5,4.0,4.5,5.0', '-log-level=WARNING']
2023-11-26 21:09:26;UNIUSDT;30m;3.0;75;30;72;100.0;4;118.07;['-batch-training', '-calc-rsi', '-verbose', '-prediction-mode=index', '-interval-list=30m', '-range-min-rsi=28', '-range-max-rsi=80', '-range-p-ema=50,250', '-target-margin-list=1.0,1.5,2.0,2.5,3.0,3.5,4.0,4.5,5.0', '-log-level=WARNING']
2023-11-26 19:52:54;UNIUSDT;30m;3.0;150;30;72;100.0;4;118.07;['-batch-training', '-calc-rsi', '-verbose', '-prediction-mode=index', '-interval-list=30m', '-range-min-rsi=28', '-range-max-rsi=80', '-range-p-ema=50,250', '-target-margin-list=1.0,1.5,2.0,2.5,3.0,3.5,4.0,4.5,5.0', '-log-level=WARNING']
2023-11-26 20:13:45;UNIUSDT;30m;3.0;200;30;72;100.0;4;118.07;['-batch-training', '-calc-rsi', '-verbose', '-prediction-mode=index', '-interval-list=30m', '-range-min-rsi=28', '-range-max-rsi=80', '-range-p-ema=50,250', '-target-margin-list=1.0,1.5,2.0,2.5,3.0,3.5,4.0,4.5,5.0', '-log-level=WARNING']
2023-11-26 20:39:44;UNIUSDT;30m;3.0;250;30;72;100.0;4;118.07;['-batch-training', '-calc-rsi', '-verbose', '-prediction-mode=index', '-interval-list=30m', '-range-min-rsi=28', '-range-max-rsi=80', '-range-p-ema=50,250', '-target-margin-list=1.0,1.5,2.0,2.5,3.0,3.5,4.0,4.5,5.0', '-log-level=WARNING']
2023-11-26 19:41:25;UNIUSDT;30m;3.0;125;30;72;100.0;4;118.07;['-batch-training', '-calc-rsi', '-verbose', '-prediction-mode=index', '-interval-list=30m', '-range-min-rsi=28', '-range-max-rsi=80', '-range-p-ema=50,250', '-target-margin-list=1.0,1.5,2.0,2.5,3.0,3.5,4.0,4.5,5.0', '-log-level=WARNING']
2023-11-26 19:29:57;UNIUSDT;30m;3.0;100;30;72;100.0;4;118.07;['-batch-training', '-calc-rsi', '-verbose', '-prediction-mode=index', '-interval-list=30m', '-range-min-rsi=28', '-range-max-rsi=80', '-range-p-ema=50,250', '-target-margin-list=1.0,1.5,2.0,2.5,3.0,3.5,4.0,4.5,5.0', '-log-level=WARNING']
2023-11-26 20:53:59;UNIUSDT;30m;3.0;50;30;72;100.0;4;118.07;['-batch-training', '-calc-rsi', '-verbose', '-prediction-mode=index', '-interval-list=30m', '-range-min-rsi=28', '-range-max-rsi=80', '-range-p-ema=50,250', '-target-margin-list=1.0,1.5,2.0,2.5,3.0,3.5,4.0,4.5,5.0', '-log-level=WARNING']
2023-11-26 20:03:05;UNIUSDT;30m;3.0;175;30;72;100.0;4;118.07;['-batch-training', '-calc-rsi', '-verbose', '-prediction-mode=index', '-interval-list=30m', '-range-min-rsi=28', '-range-max-rsi=80', '-range-p-ema=50,250', '-target-margin-list=1.0,1.5,2.0,2.5,3.0,3.5,4.0,4.5,5.0', '-log-level=WARNING']
2023-11-26 20:26:24;UNIUSDT;30m;3.0;225;30;72;100.0;4;118.07;['-batch-training', '-calc-rsi', '-verbose', '-prediction-mode=index', '-interval-list=30m', '-range-min-rsi=28', '-range-max-rsi=80', '-range-p-ema=50,250', '-target-margin-list=1.0,1.5,2.0,2.5,3.0,3.5,4.0,4.5,5.0', '-log-level=WARNING']
2023-11-26 19:35:47;UNIUSDT;30m;5.0;100;34;78;100.0;3;118.09;['-batch-training', '-calc-rsi', '-verbose', '-prediction-mode=index', '-interval-list=30m', '-range-min-rsi=28', '-range-max-rsi=80', '-range-p-ema=50,250', '-target-margin-list=1.0,1.5,2.0,2.5,3.0,3.5,4.0,4.5,5.0', '-log-level=WARNING']
2023-11-26 21:01:44;UNIUSDT;30m;5.0;50;34;78;100.0;3;118.09;['-batch-training', '-calc-rsi', '-verbose', '-prediction-mode=index', '-interval-list=30m', '-range-min-rsi=28', '-range-max-rsi=80', '-range-p-ema=50,250', '-target-margin-list=1.0,1.5,2.0,2.5,3.0,3.5,4.0,4.5,5.0', '-log-level=WARNING']
2023-11-26 21:16:57;UNIUSDT;30m;5.0;75;34;78;100.0;3;118.09;['-batch-training', '-calc-rsi', '-verbose', '-prediction-mode=index', '-interval-list=30m', '-range-min-rsi=28', '-range-max-rsi=80', '-range-p-ema=50,250', '-target-margin-list=1.0,1.5,2.0,2.5,3.0,3.5,4.0,4.5,5.0', '-log-level=WARNING']
2023-11-26 19:47:22;UNIUSDT;30m;5.0;125;34;78;100.0;3;118.09;['-batch-training', '-calc-rsi', '-verbose', '-prediction-mode=index', '-interval-list=30m', '-range-min-rsi=28', '-range-max-rsi=80', '-range-p-ema=50,250', '-target-margin-list=1.0,1.5,2.0,2.5,3.0,3.5,4.0,4.5,5.0', '-log-level=WARNING']
2023-11-26 20:37:58;UNIUSDT;30m;2.0;250;32;80;100.0;3;118.11;['-batch-training', '-calc-rsi', '-verbose', '-prediction-mode=index', '-interval-list=30m', '-range-min-rsi=28', '-range-max-rsi=80', '-range-p-ema=50,250', '-target-margin-list=1.0,1.5,2.0,2.5,3.0,3.5,4.0,4.5,5.0', '-log-level=WARNING']
2023-11-26 20:00:15;UNIUSDT;30m;1.5;175;34;76;100.0;3;118.12;['-batch-training', '-calc-rsi', '-verbose', '-prediction-mode=index', '-interval-list=30m', '-range-min-rsi=28', '-range-max-rsi=80', '-range-p-ema=50,250', '-target-margin-list=1.0,1.5,2.0,2.5,3.0,3.5,4.0,4.5,5.0', '-log-level=WARNING']
2023-11-26 19:35:50;UNIUSDT;30m;5.0;100;36;78;100.0;2;118.14;['-batch-training', '-calc-rsi', '-verbose', '-prediction-mode=index', '-interval-list=30m', '-range-min-rsi=28', '-range-max-rsi=80', '-range-p-ema=50,250', '-target-margin-list=1.0,1.5,2.0,2.5,3.0,3.5,4.0,4.5,5.0', '-log-level=WARNING']
2023-11-26 19:47:25;UNIUSDT;30m;5.0;125;36;78;100.0;2;118.14;['-batch-training', '-calc-rsi', '-verbose', '-prediction-mode=index', '-interval-list=30m', '-range-min-rsi=28', '-range-max-rsi=80', '-range-p-ema=50,250', '-target-margin-list=1.0,1.5,2.0,2.5,3.0,3.5,4.0,4.5,5.0', '-log-level=WARNING']
2023-11-26 20:11:11;UNIUSDT;30m;2.0;200;34;72;100.0;3;118.16;['-batch-training', '-calc-rsi', '-verbose', '-prediction-mode=index', '-interval-list=30m', '-range-min-rsi=28', '-range-max-rsi=80', '-range-p-ema=50,250', '-target-margin-list=1.0,1.5,2.0,2.5,3.0,3.5,4.0,4.5,5.0', '-log-level=WARNING']
2023-11-26 20:24:30;UNIUSDT;30m;2.0;225;34;78;100.0;6;118.18;['-batch-training', '-calc-rsi', '-verbose', '-prediction-mode=index', '-interval-list=30m', '-range-min-rsi=28', '-range-max-rsi=80', '-range-p-ema=50,250', '-target-margin-list=1.0,1.5,2.0,2.5,3.0,3.5,4.0,4.5,5.0', '-log-level=WARNING']
2023-11-26 20:39:56;UNIUSDT;30m;3.0;250;36;72;100.0;2;118.18;['-batch-training', '-calc-rsi', '-verbose', '-prediction-mode=index', '-interval-list=30m', '-range-min-rsi=28', '-range-max-rsi=80', '-range-p-ema=50,250', '-target-margin-list=1.0,1.5,2.0,2.5,3.0,3.5,4.0,4.5,5.0', '-log-level=WARNING']
2023-11-26 20:11:56;UNIUSDT;30m;2.0;200;32;78;100.0;3;118.19;['-batch-training', '-calc-rsi', '-verbose', '-prediction-mode=index', '-interval-list=30m', '-range-min-rsi=28', '-range-max-rsi=80', '-range-p-ema=50,250', '-target-margin-list=1.0,1.5,2.0,2.5,3.0,3.5,4.0,4.5,5.0', '-log-level=WARNING']
2023-11-26 20:53:51;UNIUSDT;30m;2.5;50;36;80;100.0;3;118.19;['-batch-training', '-calc-rsi', '-verbose', '-prediction-mode=index', '-interval-list=30m', '-range-min-rsi=28', '-range-max-rsi=80', '-range-p-ema=50,250', '-target-margin-list=1.0,1.5,2.0,2.5,3.0,3.5,4.0,4.5,5.0', '-log-level=WARNING']
2023-11-26 20:24:27;UNIUSDT;30m;2.0;225;32;78;100.0;3;118.19;['-batch-training', '-calc-rsi', '-verbose', '-prediction-mode=index', '-interval-list=30m', '-range-min-rsi=28', '-range-max-rsi=80', '-range-p-ema=50,250', '-target-margin-list=1.0,1.5,2.0,2.5,3.0,3.5,4.0,4.5,5.0', '-log-level=WARNING']
2023-11-26 20:04:11;UNIUSDT;30m;3.5;175;30;72;100.0;2;118.19;['-batch-training', '-calc-rsi', '-verbose', '-prediction-mode=index', '-interval-list=30m', '-range-min-rsi=28', '-range-max-rsi=80', '-range-p-ema=50,250', '-target-margin-list=1.0,1.5,2.0,2.5,3.0,3.5,4.0,4.5,5.0', '-log-level=WARNING']
2023-11-26 20:15:06;UNIUSDT;30m;3.5;200;30;72;100.0;2;118.19;['-batch-training', '-calc-rsi', '-verbose', '-prediction-mode=index', '-interval-list=30m', '-range-min-rsi=28', '-range-max-rsi=80', '-range-p-ema=50,250', '-target-margin-list=1.0,1.5,2.0,2.5,3.0,3.5,4.0,4.5,5.0', '-log-level=WARNING']
2023-11-26 21:09:17;UNIUSDT;30m;2.5;75;36;80;100.0;3;118.19;['-batch-training', '-calc-rsi', '-verbose', '-prediction-mode=index', '-interval-list=30m', '-range-min-rsi=28', '-range-max-rsi=80', '-range-p-ema=50,250', '-target-margin-list=1.0,1.5,2.0,2.5,3.0,3.5,4.0,4.5,5.0', '-log-level=WARNING']
2023-11-26 20:22:12;UNIUSDT;30m;1.5;225;34;72;100.0;6;118.27;['-batch-training', '-calc-rsi', '-verbose', '-prediction-mode=index', '-interval-list=30m', '-range-min-rsi=28', '-range-max-rsi=80', '-range-p-ema=50,250', '-target-margin-list=1.0,1.5,2.0,2.5,3.0,3.5,4.0,4.5,5.0', '-log-level=WARNING']
2023-11-26 20:52:11;UNIUSDT;30m;2.0;50;36;80;100.0;6;118.29;['-batch-training', '-calc-rsi', '-verbose', '-prediction-mode=index', '-interval-list=30m', '-range-min-rsi=28', '-range-max-rsi=80', '-range-p-ema=50,250', '-target-margin-list=1.0,1.5,2.0,2.5,3.0,3.5,4.0,4.5,5.0', '-log-level=WARNING']
2023-11-26 20:42:38;UNIUSDT;30m;3.5;250;34;80;100.0;4;118.29;['-batch-training', '-calc-rsi', '-verbose', '-prediction-mode=index', '-interval-list=30m', '-range-min-rsi=28', '-range-max-rsi=80', '-range-p-ema=50,250', '-target-margin-list=1.0,1.5,2.0,2.5,3.0,3.5,4.0,4.5,5.0', '-log-level=WARNING']
2023-11-26 21:07:30;UNIUSDT;30m;2.0;75;36;80;100.0;6;118.29;['-batch-training', '-calc-rsi', '-verbose', '-prediction-mode=index', '-interval-list=30m', '-range-min-rsi=28', '-range-max-rsi=80', '-range-p-ema=50,250', '-target-margin-list=1.0,1.5,2.0,2.5,3.0,3.5,4.0,4.5,5.0', '-log-level=WARNING']
2023-11-26 20:10:59;UNIUSDT;30m;1.5;200;36;80;100.0;6;118.31;['-batch-training', '-calc-rsi', '-verbose', '-prediction-mode=index', '-interval-list=30m', '-range-min-rsi=28', '-range-max-rsi=80', '-range-p-ema=50,250', '-target-margin-list=1.0,1.5,2.0,2.5,3.0,3.5,4.0,4.5,5.0', '-log-level=WARNING']
2023-11-26 20:00:45;UNIUSDT;30m;1.5;175;36;80;100.0;6;118.31;['-batch-training', '-calc-rsi', '-verbose', '-prediction-mode=index', '-interval-list=30m', '-range-min-rsi=28', '-range-max-rsi=80', '-range-p-ema=50,250', '-target-margin-list=1.0,1.5,2.0,2.5,3.0,3.5,4.0,4.5,5.0', '-log-level=WARNING']
2023-11-26 19:56:13;UNIUSDT;30m;4.0;150;36;80;100.0;3;118.32;['-batch-training', '-calc-rsi', '-verbose', '-prediction-mode=index', '-interval-list=30m', '-range-min-rsi=28', '-range-max-rsi=80', '-range-p-ema=50,250', '-target-margin-list=1.0,1.5,2.0,2.5,3.0,3.5,4.0,4.5,5.0', '-log-level=WARNING']
2023-11-26 20:31:49;UNIUSDT;30m;4.5;225;36;78;100.0;2;118.32;['-batch-training', '-calc-rsi', '-verbose', '-prediction-mode=index', '-interval-list=30m', '-range-min-rsi=28', '-range-max-rsi=80', '-range-p-ema=50,250', '-target-margin-list=1.0,1.5,2.0,2.5,3.0,3.5,4.0,4.5,5.0', '-log-level=WARNING']
2023-11-26 20:45:29;UNIUSDT;30m;4.5;250;36;78;100.0;2;118.32;['-batch-training', '-calc-rsi', '-verbose', '-prediction-mode=index', '-interval-list=30m', '-range-min-rsi=28', '-range-max-rsi=80', '-range-p-ema=50,250', '-target-margin-list=1.0,1.5,2.0,2.5,3.0,3.5,4.0,4.5,5.0', '-log-level=WARNING']
2023-11-26 20:00:43;UNIUSDT;30m;1.5;175;34;80;100.0;4;118.33;['-batch-training', '-calc-rsi', '-verbose', '-prediction-mode=index', '-interval-list=30m', '-range-min-rsi=28', '-range-max-rsi=80', '-range-p-ema=50,250', '-target-margin-list=1.0,1.5,2.0,2.5,3.0,3.5,4.0,4.5,5.0', '-log-level=WARNING']
2023-11-26 20:01:37;UNIUSDT;30m;2.0;175;34;78;100.0;4;118.34;['-batch-training', '-calc-rsi', '-verbose', '-prediction-mode=index', '-interval-list=30m', '-range-min-rsi=28', '-range-max-rsi=80', '-range-p-ema=50,250', '-target-margin-list=1.0,1.5,2.0,2.5,3.0,3.5,4.0,4.5,5.0', '-log-level=WARNING']
2023-11-26 20:49:51;UNIUSDT;30m;1.5;50;34;76;100.0;2;118.35;['-batch-training', '-calc-rsi', '-verbose', '-prediction-mode=index', '-interval-list=30m', '-range-min-rsi=28', '-range-max-rsi=80', '-range-p-ema=50,250', '-target-margin-list=1.0,1.5,2.0,2.5,3.0,3.5,4.0,4.5,5.0', '-log-level=WARNING']
2023-11-26 19:26:42;UNIUSDT;30m;1.5;100;34;76;100.0;2;118.35;['-batch-training', '-calc-rsi', '-verbose', '-prediction-mode=index', '-interval-list=30m', '-range-min-rsi=28', '-range-max-rsi=80', '-range-p-ema=50,250', '-target-margin-list=1.0,1.5,2.0,2.5,3.0,3.5,4.0,4.5,5.0', '-log-level=WARNING']
2023-11-26 21:04:51;UNIUSDT;30m;1.5;75;34;76;100.0;2;118.35;['-batch-training', '-calc-rsi', '-verbose', '-prediction-mode=index', '-interval-list=30m', '-range-min-rsi=28', '-range-max-rsi=80', '-range-p-ema=50,250', '-target-margin-list=1.0,1.5,2.0,2.5,3.0,3.5,4.0,4.5,5.0', '-log-level=WARNING']
2023-11-26 19:38:10;UNIUSDT;30m;1.5;125;34;76;100.0;2;118.35;['-batch-training', '-calc-rsi', '-verbose', '-prediction-mode=index', '-interval-list=30m', '-range-min-rsi=28', '-range-max-rsi=80', '-range-p-ema=50,250', '-target-margin-list=1.0,1.5,2.0,2.5,3.0,3.5,4.0,4.5,5.0', '-log-level=WARNING']
2023-11-26 20:40:06;UNIUSDT;30m;3.0;250;32;74;100.0;4;118.39;['-batch-training', '-calc-rsi', '-verbose', '-prediction-mode=index', '-interval-list=30m', '-range-min-rsi=28', '-range-max-rsi=80', '-range-p-ema=50,250', '-target-margin-list=1.0,1.5,2.0,2.5,3.0,3.5,4.0,4.5,5.0', '-log-level=WARNING']
2023-11-26 20:53:55;UNIUSDT;30m;3.0;50;28;72;100.0;6;118.41;['-batch-training', '-calc-rsi', '-verbose', '-prediction-mode=index', '-interval-list=30m', '-range-min-rsi=28', '-range-max-rsi=80', '-range-p-ema=50,250', '-target-margin-list=1.0,1.5,2.0,2.5,3.0,3.5,4.0,4.5,5.0', '-log-level=WARNING']
2023-11-26 20:03:03;UNIUSDT;30m;3.0;175;28;72;100.0;6;118.41;['-batch-training', '-calc-rsi', '-verbose', '-prediction-mode=index', '-interval-list=30m', '-range-min-rsi=28', '-range-max-rsi=80', '-range-p-ema=50,250', '-target-margin-list=1.0,1.5,2.0,2.5,3.0,3.5,4.0,4.5,5.0', '-log-level=WARNING']
2023-11-26 20:13:42;UNIUSDT;30m;3.0;200;28;72;100.0;6;118.41;['-batch-training', '-calc-rsi', '-verbose', '-prediction-mode=index', '-interval-list=30m', '-range-min-rsi=28', '-range-max-rsi=80', '-range-p-ema=50,250', '-target-margin-list=1.0,1.5,2.0,2.5,3.0,3.5,4.0,4.5,5.0', '-log-level=WARNING']
2023-11-26 19:29:54;UNIUSDT;30m;3.0;100;28;72;100.0;6;118.41;['-batch-training', '-calc-rsi', '-verbose', '-prediction-mode=index', '-interval-list=30m', '-range-min-rsi=28', '-range-max-rsi=80', '-range-p-ema=50,250', '-target-margin-list=1.0,1.5,2.0,2.5,3.0,3.5,4.0,4.5,5.0', '-log-level=WARNING']
2023-11-26 21:09:21;UNIUSDT;30m;3.0;75;28;72;100.0;6;118.41;['-batch-training', '-calc-rsi', '-verbose', '-prediction-mode=index', '-interval-list=30m', '-range-min-rsi=28', '-range-max-rsi=80', '-range-p-ema=50,250', '-target-margin-list=1.0,1.5,2.0,2.5,3.0,3.5,4.0,4.5,5.0', '-log-level=WARNING']
2023-11-26 19:52:51;UNIUSDT;30m;3.0;150;28;72;100.0;6;118.41;['-batch-training', '-calc-rsi', '-verbose', '-prediction-mode=index', '-interval-list=30m', '-range-min-rsi=28', '-range-max-rsi=80', '-range-p-ema=50,250', '-target-margin-list=1.0,1.5,2.0,2.5,3.0,3.5,4.0,4.5,5.0', '-log-level=WARNING']
2023-11-26 20:26:20;UNIUSDT;30m;3.0;225;28;72;100.0;6;118.41;['-batch-training', '-calc-rsi', '-verbose', '-prediction-mode=index', '-interval-list=30m', '-range-min-rsi=28', '-range-max-rsi=80', '-range-p-ema=50,250', '-target-margin-list=1.0,1.5,2.0,2.5,3.0,3.5,4.0,4.5,5.0', '-log-level=WARNING']
2023-11-26 19:41:23;UNIUSDT;30m;3.0;125;28;72;100.0;6;118.41;['-batch-training', '-calc-rsi', '-verbose', '-prediction-mode=index', '-interval-list=30m', '-range-min-rsi=28', '-range-max-rsi=80', '-range-p-ema=50,250', '-target-margin-list=1.0,1.5,2.0,2.5,3.0,3.5,4.0,4.5,5.0', '-log-level=WARNING']
2023-11-26 20:34:19;UNIUSDT;30m;1.0;250;30;76;100.0;2;118.41;['-batch-training', '-calc-rsi', '-verbose', '-prediction-mode=index', '-interval-list=30m', '-range-min-rsi=28', '-range-max-rsi=80', '-range-p-ema=50,250', '-target-margin-list=1.0,1.5,2.0,2.5,3.0,3.5,4.0,4.5,5.0', '-log-level=WARNING']
2023-11-26 20:06:21;UNIUSDT;30m;4.5;175;28;72;100.0;5;118.43;['-batch-training', '-calc-rsi', '-verbose', '-prediction-mode=index', '-interval-list=30m', '-range-min-rsi=28', '-range-max-rsi=80', '-range-p-ema=50,250', '-target-margin-list=1.0,1.5,2.0,2.5,3.0,3.5,4.0,4.5,5.0', '-log-level=WARNING']
2023-11-26 19:33:37;UNIUSDT;30m;4.5;100;28;72;100.0;5;118.43;['-batch-training', '-calc-rsi', '-verbose', '-prediction-mode=index', '-interval-list=30m', '-range-min-rsi=28', '-range-max-rsi=80', '-range-p-ema=50,250', '-target-margin-list=1.0,1.5,2.0,2.5,3.0,3.5,4.0,4.5,5.0', '-log-level=WARNING']
2023-11-26 20:58:51;UNIUSDT;30m;4.5;50;28;72;100.0;5;118.43;['-batch-training', '-calc-rsi', '-verbose', '-prediction-mode=index', '-interval-list=30m', '-range-min-rsi=28', '-range-max-rsi=80', '-range-p-ema=50,250', '-target-margin-list=1.0,1.5,2.0,2.5,3.0,3.5,4.0,4.5,5.0', '-log-level=WARNING']
2023-11-26 20:17:47;UNIUSDT;30m;4.5;200;28;72;100.0;5;118.43;['-batch-training', '-calc-rsi', '-verbose', '-prediction-mode=index', '-interval-list=30m', '-range-min-rsi=28', '-range-max-rsi=80', '-range-p-ema=50,250', '-target-margin-list=1.0,1.5,2.0,2.5,3.0,3.5,4.0,4.5,5.0', '-log-level=WARNING']
2023-11-26 19:45:10;UNIUSDT;30m;4.5;125;28;72;100.0;5;118.43;['-batch-training', '-calc-rsi', '-verbose', '-prediction-mode=index', '-interval-list=30m', '-range-min-rsi=28', '-range-max-rsi=80', '-range-p-ema=50,250', '-target-margin-list=1.0,1.5,2.0,2.5,3.0,3.5,4.0,4.5,5.0', '-log-level=WARNING']
2023-11-26 19:56:16;UNIUSDT;30m;4.5;150;28;72;100.0;5;118.43;['-batch-training', '-calc-rsi', '-verbose', '-prediction-mode=index', '-interval-list=30m', '-range-min-rsi=28', '-range-max-rsi=80', '-range-p-ema=50,250', '-target-margin-list=1.0,1.5,2.0,2.5,3.0,3.5,4.0,4.5,5.0', '-log-level=WARNING']
2023-11-26 20:44:19;UNIUSDT;30m;4.5;250;28;72;100.0;5;118.43;['-batch-training', '-calc-rsi', '-verbose', '-prediction-mode=index', '-interval-list=30m', '-range-min-rsi=28', '-range-max-rsi=80', '-range-p-ema=50,250', '-target-margin-list=1.0,1.5,2.0,2.5,3.0,3.5,4.0,4.5,5.0', '-log-level=WARNING']
2023-11-26 21:14:31;UNIUSDT;30m;4.5;75;28;72;100.0;5;118.43;['-batch-training', '-calc-rsi', '-verbose', '-prediction-mode=index', '-interval-list=30m', '-range-min-rsi=28', '-range-max-rsi=80', '-range-p-ema=50,250', '-target-margin-list=1.0,1.5,2.0,2.5,3.0,3.5,4.0,4.5,5.0', '-log-level=WARNING']
2023-11-26 20:30:43;UNIUSDT;30m;4.5;225;28;72;100.0;5;118.43;['-batch-training', '-calc-rsi', '-verbose', '-prediction-mode=index', '-interval-list=30m', '-range-min-rsi=28', '-range-max-rsi=80', '-range-p-ema=50,250', '-target-margin-list=1.0,1.5,2.0,2.5,3.0,3.5,4.0,4.5,5.0', '-log-level=WARNING']
2023-11-26 20:30:14;UNIUSDT;30m;4.0;225;32;78;100.0;2;118.44;['-batch-training', '-calc-rsi', '-verbose', '-prediction-mode=index', '-interval-list=30m', '-range-min-rsi=28', '-range-max-rsi=80', '-range-p-ema=50,250', '-target-margin-list=1.0,1.5,2.0,2.5,3.0,3.5,4.0,4.5,5.0', '-log-level=WARNING']
2023-11-26 19:55:54;UNIUSDT;30m;4.0;150;32;78;100.0;2;118.44;['-batch-training', '-calc-rsi', '-verbose', '-prediction-mode=index', '-interval-list=30m', '-range-min-rsi=28', '-range-max-rsi=80', '-range-p-ema=50,250', '-target-margin-list=1.0,1.5,2.0,2.5,3.0,3.5,4.0,4.5,5.0', '-log-level=WARNING']
2023-11-26 20:43:49;UNIUSDT;30m;4.0;250;32;78;100.0;2;118.44;['-batch-training', '-calc-rsi', '-verbose', '-prediction-mode=index', '-interval-list=30m', '-range-min-rsi=28', '-range-max-rsi=80', '-range-p-ema=50,250', '-target-margin-list=1.0,1.5,2.0,2.5,3.0,3.5,4.0,4.5,5.0', '-log-level=WARNING']
2023-11-26 20:17:19;UNIUSDT;30m;4.0;200;32;78;100.0;2;118.44;['-batch-training', '-calc-rsi', '-verbose', '-prediction-mode=index', '-interval-list=30m', '-range-min-rsi=28', '-range-max-rsi=80', '-range-p-ema=50,250', '-target-margin-list=1.0,1.5,2.0,2.5,3.0,3.5,4.0,4.5,5.0', '-log-level=WARNING']
2023-11-26 20:06:00;UNIUSDT;30m;4.0;175;32;78;100.0;2;118.44;['-batch-training', '-calc-rsi', '-verbose', '-prediction-mode=index', '-interval-list=30m', '-range-min-rsi=28', '-range-max-rsi=80', '-range-p-ema=50,250', '-target-margin-list=1.0,1.5,2.0,2.5,3.0,3.5,4.0,4.5,5.0', '-log-level=WARNING']
2023-11-26 19:53:54;UNIUSDT;30m;3.0;150;34;80;100.0;4;118.45;['-batch-training', '-calc-rsi', '-verbose', '-prediction-mode=index', '-interval-list=30m', '-range-min-rsi=28', '-range-max-rsi=80', '-range-p-ema=50,250', '-target-margin-list=1.0,1.5,2.0,2.5,3.0,3.5,4.0,4.5,5.0', '-log-level=WARNING']
2023-11-26 19:49:05;UNIUSDT;30m;1.5;150;30;72;100.0;2;118.46;['-batch-training', '-calc-rsi', '-verbose', '-prediction-mode=index', '-interval-list=30m', '-range-min-rsi=28', '-range-max-rsi=80', '-range-p-ema=50,250', '-target-margin-list=1.0,1.5,2.0,2.5,3.0,3.5,4.0,4.5,5.0', '-log-level=WARNING']
2023-11-26 19:29:50;UNIUSDT;30m;2.5;100;36;80;100.0;3;118.46;['-batch-training', '-calc-rsi', '-verbose', '-prediction-mode=index', '-interval-list=30m', '-range-min-rsi=28', '-range-max-rsi=80', '-range-p-ema=50,250', '-target-margin-list=1.0,1.5,2.0,2.5,3.0,3.5,4.0,4.5,5.0', '-log-level=WARNING']
2023-11-26 19:26:04;UNIUSDT;30m;1.5;100;30;72;100.0;2;118.46;['-batch-training', '-calc-rsi', '-verbose', '-prediction-mode=index', '-interval-list=30m', '-range-min-rsi=28', '-range-max-rsi=80', '-range-p-ema=50,250', '-target-margin-list=1.0,1.5,2.0,2.5,3.0,3.5,4.0,4.5,5.0', '-log-level=WARNING']
2023-11-26 19:37:33;UNIUSDT;30m;1.5;125;30;72;100.0;2;118.46;['-batch-training', '-calc-rsi', '-verbose', '-prediction-mode=index', '-interval-list=30m', '-range-min-rsi=28', '-range-max-rsi=80', '-range-p-ema=50,250', '-target-margin-list=1.0,1.5,2.0,2.5,3.0,3.5,4.0,4.5,5.0', '-log-level=WARNING']
2023-11-26 19:41:19;UNIUSDT;30m;2.5;125;36;80;100.0;3;118.46;['-batch-training', '-calc-rsi', '-verbose', '-prediction-mode=index', '-interval-list=30m', '-range-min-rsi=28', '-range-max-rsi=80', '-range-p-ema=50,250', '-target-margin-list=1.0,1.5,2.0,2.5,3.0,3.5,4.0,4.5,5.0', '-log-level=WARNING']
2023-11-26 21:04:01;UNIUSDT;30m;1.5;75;30;72;100.0;2;118.46;['-batch-training', '-calc-rsi', '-verbose', '-prediction-mode=index', '-interval-list=30m', '-range-min-rsi=28', '-range-max-rsi=80', '-range-p-ema=50,250', '-target-margin-list=1.0,1.5,2.0,2.5,3.0,3.5,4.0,4.5,5.0', '-log-level=WARNING']
2023-11-26 20:49:05;UNIUSDT;30m;1.5;50;30;72;100.0;2;118.46;['-batch-training', '-calc-rsi', '-verbose', '-prediction-mode=index', '-interval-list=30m', '-range-min-rsi=28', '-range-max-rsi=80', '-range-p-ema=50,250', '-target-margin-list=1.0,1.5,2.0,2.5,3.0,3.5,4.0,4.5,5.0', '-log-level=WARNING']
2023-11-26 20:24:45;UNIUSDT;30m;2.0;225;32;80;100.0;3;118.48;['-batch-training', '-calc-rsi', '-verbose', '-prediction-mode=index', '-interval-list=30m', '-range-min-rsi=28', '-range-max-rsi=80', '-range-p-ema=50,250', '-target-margin-list=1.0,1.5,2.0,2.5,3.0,3.5,4.0,4.5,5.0', '-log-level=WARNING']
2023-11-26 20:12:12;UNIUSDT;30m;2.0;200;32;80;100.0;3;118.48;['-batch-training', '-calc-rsi', '-verbose', '-prediction-mode=index', '-interval-list=30m', '-range-min-rsi=28', '-range-max-rsi=80', '-range-p-ema=50,250', '-target-margin-list=1.0,1.5,2.0,2.5,3.0,3.5,4.0,4.5,5.0', '-log-level=WARNING']
2023-11-26 19:55:05;UNIUSDT;30m;3.5;150;36;80;100.0;4;118.48;['-batch-training', '-calc-rsi', '-verbose', '-prediction-mode=index', '-interval-list=30m', '-range-min-rsi=28', '-range-max-rsi=80', '-range-p-ema=50,250', '-target-margin-list=1.0,1.5,2.0,2.5,3.0,3.5,4.0,4.5,5.0', '-log-level=WARNING']
2023-11-26 20:42:24;UNIUSDT;30m;3.5;250;36;78;100.0;4;118.49;['-batch-training', '-calc-rsi', '-verbose', '-prediction-mode=index', '-interval-list=30m', '-range-min-rsi=28', '-range-max-rsi=80', '-range-p-ema=50,250', '-target-margin-list=1.0,1.5,2.0,2.5,3.0,3.5,4.0,4.5,5.0', '-log-level=WARNING']
2023-11-26 20:34:19;UNIUSDT;30m;1.0;250;30;76;100.0;6;118.49;['-batch-training', '-calc-rsi', '-verbose', '-prediction-mode=index', '-interval-list=30m', '-range-min-rsi=28', '-range-max-rsi=80', '-range-p-ema=50,250', '-target-margin-list=1.0,1.5,2.0,2.5,3.0,3.5,4.0,4.5,5.0', '-log-level=WARNING']
2023-11-26 20:34:12;UNIUSDT;30m;1.0;250;36;74;100.0;7;118.5;['-batch-training', '-calc-rsi', '-verbose', '-prediction-mode=index', '-interval-list=30m', '-range-min-rsi=28', '-range-max-rsi=80', '-range-p-ema=50,250', '-target-margin-list=1.0,1.5,2.0,2.5,3.0,3.5,4.0,4.5,5.0', '-log-level=WARNING']
2023-11-26 20:35:35;UNIUSDT;30m;1.5;250;32;74;100.0;5;118.5;['-batch-training', '-calc-rsi', '-verbose', '-prediction-mode=index', '-interval-list=30m', '-range-min-rsi=28', '-range-max-rsi=80', '-range-p-ema=50,250', '-target-margin-list=1.0,1.5,2.0,2.5,3.0,3.5,4.0,4.5,5.0', '-log-level=WARNING']
2023-11-26 20:09:10;UNIUSDT;30m;1.0;200;34;76;100.0;4;118.52;['-batch-training', '-calc-rsi', '-verbose', '-prediction-mode=index', '-interval-list=30m', '-range-min-rsi=28', '-range-max-rsi=80', '-range-p-ema=50,250', '-target-margin-list=1.0,1.5,2.0,2.5,3.0,3.5,4.0,4.5,5.0', '-log-level=WARNING']
2023-11-26 20:22:12;UNIUSDT;30m;1.5;225;34;72;100.0;5;118.54;['-batch-training', '-calc-rsi', '-verbose', '-prediction-mode=index', '-interval-list=30m', '-range-min-rsi=28', '-range-max-rsi=80', '-range-p-ema=50,250', '-target-margin-list=1.0,1.5,2.0,2.5,3.0,3.5,4.0,4.5,5.0', '-log-level=WARNING']
2023-11-26 20:22:05;UNIUSDT;30m;1.5;225;30;72;100.0;2;118.58;['-batch-training', '-calc-rsi', '-verbose', '-prediction-mode=index', '-interval-list=30m', '-range-min-rsi=28', '-range-max-rsi=80', '-range-p-ema=50,250', '-target-margin-list=1.0,1.5,2.0,2.5,3.0,3.5,4.0,4.5,5.0', '-log-level=WARNING']
2023-11-26 19:48:08;UNIUSDT;30m;1.0;150;34;74;100.0;4;118.68;['-batch-training', '-calc-rsi', '-verbose', '-prediction-mode=index', '-interval-list=30m', '-range-min-rsi=28', '-range-max-rsi=80', '-range-p-ema=50,250', '-target-margin-list=1.0,1.5,2.0,2.5,3.0,3.5,4.0,4.5,5.0', '-log-level=WARNING']
2023-11-26 20:37:45;UNIUSDT;30m;2.0;250;34;78;100.0;6;118.69;['-batch-training', '-calc-rsi', '-verbose', '-prediction-mode=index', '-interval-list=30m', '-range-min-rsi=28', '-range-max-rsi=80', '-range-p-ema=50,250', '-target-margin-list=1.0,1.5,2.0,2.5,3.0,3.5,4.0,4.5,5.0', '-log-level=WARNING']
2023-11-26 19:51:16;UNIUSDT;30m;2.0;150;34;78;100.0;4;118.71;['-batch-training', '-calc-rsi', '-verbose', '-prediction-mode=index', '-interval-list=30m', '-range-min-rsi=28', '-range-max-rsi=80', '-range-p-ema=50,250', '-target-margin-list=1.0,1.5,2.0,2.5,3.0,3.5,4.0,4.5,5.0', '-log-level=WARNING']
2023-11-26 20:56:04;UNIUSDT;30m;3.5;50;34;74;100.0;4;118.75;['-batch-training', '-calc-rsi', '-verbose', '-prediction-mode=index', '-interval-list=30m', '-range-min-rsi=28', '-range-max-rsi=80', '-range-p-ema=50,250', '-target-margin-list=1.0,1.5,2.0,2.5,3.0,3.5,4.0,4.5,5.0', '-log-level=WARNING']
2023-11-26 19:43:03;UNIUSDT;30m;3.5;125;34;74;100.0;4;118.75;['-batch-training', '-calc-rsi', '-verbose', '-prediction-mode=index', '-interval-list=30m', '-range-min-rsi=28', '-range-max-rsi=80', '-range-p-ema=50,250', '-target-margin-list=1.0,1.5,2.0,2.5,3.0,3.5,4.0,4.5,5.0', '-log-level=WARNING']
2023-11-26 19:31:33;UNIUSDT;30m;3.5;100;34;74;100.0;4;118.75;['-batch-training', '-calc-rsi', '-verbose', '-prediction-mode=index', '-interval-list=30m', '-range-min-rsi=28', '-range-max-rsi=80', '-range-p-ema=50,250', '-target-margin-list=1.0,1.5,2.0,2.5,3.0,3.5,4.0,4.5,5.0', '-log-level=WARNING']
2023-11-26 20:29:09;UNIUSDT;30m;3.5;225;34;80;100.0;4;118.75;['-batch-training', '-calc-rsi', '-verbose', '-prediction-mode=index', '-interval-list=30m', '-range-min-rsi=28', '-range-max-rsi=80', '-range-p-ema=50,250', '-target-margin-list=1.0,1.5,2.0,2.5,3.0,3.5,4.0,4.5,5.0', '-log-level=WARNING']
2023-11-26 21:11:42;UNIUSDT;30m;3.5;75;34;74;100.0;4;118.75;['-batch-training', '-calc-rsi', '-verbose', '-prediction-mode=index', '-interval-list=30m', '-range-min-rsi=28', '-range-max-rsi=80', '-range-p-ema=50,250', '-target-margin-list=1.0,1.5,2.0,2.5,3.0,3.5,4.0,4.5,5.0', '-log-level=WARNING']
2023-11-26 20:48:00;UNIUSDT;30m;1.0;50;36;74;100.0;5;118.77;['-batch-training', '-calc-rsi', '-verbose', '-prediction-mode=index', '-interval-list=30m', '-range-min-rsi=28', '-range-max-rsi=80', '-range-p-ema=50,250', '-target-margin-list=1.0,1.5,2.0,2.5,3.0,3.5,4.0,4.5,5.0', '-log-level=WARNING']
2023-11-26 21:02:48;UNIUSDT;30m;1.0;75;36;74;100.0;5;118.77;['-batch-training', '-calc-rsi', '-verbose', '-prediction-mode=index', '-interval-list=30m', '-range-min-rsi=28', '-range-max-rsi=80', '-range-p-ema=50,250', '-target-margin-list=1.0,1.5,2.0,2.5,3.0,3.5,4.0,4.5,5.0', '-log-level=WARNING']
2023-11-26 20:14:53;UNIUSDT;30m;3.0;200;32;80;100.0;4;118.78;['-batch-training', '-calc-rsi', '-verbose', '-prediction-mode=index', '-interval-list=30m', '-range-min-rsi=28', '-range-max-rsi=80', '-range-p-ema=50,250', '-target-margin-list=1.0,1.5,2.0,2.5,3.0,3.5,4.0,4.5,5.0', '-log-level=WARNING']
2023-11-26 19:53:51;UNIUSDT;30m;3.0;150;32;80;100.0;4;118.78;['-batch-training', '-calc-rsi', '-verbose', '-prediction-mode=index', '-interval-list=30m', '-range-min-rsi=28', '-range-max-rsi=80', '-range-p-ema=50,250', '-target-margin-list=1.0,1.5,2.0,2.5,3.0,3.5,4.0,4.5,5.0', '-log-level=WARNING']
2023-11-26 19:31:36;UNIUSDT;30m;3.5;100;36;74;100.0;4;118.78;['-batch-training', '-calc-rsi', '-verbose', '-prediction-mode=index', '-interval-list=30m', '-range-min-rsi=28', '-range-max-rsi=80', '-range-p-ema=50,250', '-target-margin-list=1.0,1.5,2.0,2.5,3.0,3.5,4.0,4.5,5.0', '-log-level=WARNING']
2023-11-26 20:41:02;UNIUSDT;30m;3.0;250;32;80;100.0;4;118.78;['-batch-training', '-calc-rsi', '-verbose', '-prediction-mode=index', '-interval-list=30m', '-range-min-rsi=28', '-range-max-rsi=80', '-range-p-ema=50,250', '-target-margin-list=1.0,1.5,2.0,2.5,3.0,3.5,4.0,4.5,5.0', '-log-level=WARNING']
2023-11-26 21:11:46;UNIUSDT;30m;3.5;75;36;74;100.0;4;118.78;['-batch-training', '-calc-rsi', '-verbose', '-prediction-mode=index', '-interval-list=30m', '-range-min-rsi=28', '-range-max-rsi=80', '-range-p-ema=50,250', '-target-margin-list=1.0,1.5,2.0,2.5,3.0,3.5,4.0,4.5,5.0', '-log-level=WARNING']
2023-11-26 20:04:01;UNIUSDT;30m;3.0;175;32;80;100.0;4;118.78;['-batch-training', '-calc-rsi', '-verbose', '-prediction-mode=index', '-interval-list=30m', '-range-min-rsi=28', '-range-max-rsi=80', '-range-p-ema=50,250', '-target-margin-list=1.0,1.5,2.0,2.5,3.0,3.5,4.0,4.5,5.0', '-log-level=WARNING']
2023-11-26 19:43:06;UNIUSDT;30m;3.5;125;36;74;100.0;4;118.78;['-batch-training', '-calc-rsi', '-verbose', '-prediction-mode=index', '-interval-list=30m', '-range-min-rsi=28', '-range-max-rsi=80', '-range-p-ema=50,250', '-target-margin-list=1.0,1.5,2.0,2.5,3.0,3.5,4.0,4.5,5.0', '-log-level=WARNING']
2023-11-26 20:56:08;UNIUSDT;30m;3.5;50;36;74;100.0;4;118.78;['-batch-training', '-calc-rsi', '-verbose', '-prediction-mode=index', '-interval-list=30m', '-range-min-rsi=28', '-range-max-rsi=80', '-range-p-ema=50,250', '-target-margin-list=1.0,1.5,2.0,2.5,3.0,3.5,4.0,4.5,5.0', '-log-level=WARNING']
2023-11-26 20:14:56;UNIUSDT;30m;3.0;200;34;80;100.0;2;118.78;['-batch-training', '-calc-rsi', '-verbose', '-prediction-mode=index', '-interval-list=30m', '-range-min-rsi=28', '-range-max-rsi=80', '-range-p-ema=50,250', '-target-margin-list=1.0,1.5,2.0,2.5,3.0,3.5,4.0,4.5,5.0', '-log-level=WARNING']
2023-11-26 20:27:37;UNIUSDT;30m;3.0;225;32;80;100.0;4;118.78;['-batch-training', '-calc-rsi', '-verbose', '-prediction-mode=index', '-interval-list=30m', '-range-min-rsi=28', '-range-max-rsi=80', '-range-p-ema=50,250', '-target-margin-list=1.0,1.5,2.0,2.5,3.0,3.5,4.0,4.5,5.0', '-log-level=WARNING']
2023-11-26 19:41:43;UNIUSDT;30m;3.0;125;32;74;100.0;4;118.79;['-batch-training', '-calc-rsi', '-verbose', '-prediction-mode=index', '-interval-list=30m', '-range-min-rsi=28', '-range-max-rsi=80', '-range-p-ema=50,250', '-target-margin-list=1.0,1.5,2.0,2.5,3.0,3.5,4.0,4.5,5.0', '-log-level=WARNING']
2023-11-26 21:09:50;UNIUSDT;30m;3.0;75;32;74;100.0;4;118.79;['-batch-training', '-calc-rsi', '-verbose', '-prediction-mode=index', '-interval-list=30m', '-range-min-rsi=28', '-range-max-rsi=80', '-range-p-ema=50,250', '-target-margin-list=1.0,1.5,2.0,2.5,3.0,3.5,4.0,4.5,5.0', '-log-level=WARNING']
2023-11-26 19:30:14;UNIUSDT;30m;3.0;100;32;74;100.0;4;118.79;['-batch-training', '-calc-rsi', '-verbose', '-prediction-mode=index', '-interval-list=30m', '-range-min-rsi=28', '-range-max-rsi=80', '-range-p-ema=50,250', '-target-margin-list=1.0,1.5,2.0,2.5,3.0,3.5,4.0,4.5,5.0', '-log-level=WARNING']
2023-11-26 20:54:23;UNIUSDT;30m;3.0;50;32;74;100.0;4;118.79;['-batch-training', '-calc-rsi', '-verbose', '-prediction-mode=index', '-interval-list=30m', '-range-min-rsi=28', '-range-max-rsi=80', '-range-p-ema=50,250', '-target-margin-list=1.0,1.5,2.0,2.5,3.0,3.5,4.0,4.5,5.0', '-log-level=WARNING']
2023-11-26 20:00:15;UNIUSDT;30m;1.5;175;34;76;100.0;5;118.83;['-batch-training', '-calc-rsi', '-verbose', '-prediction-mode=index', '-interval-list=30m', '-range-min-rsi=28', '-range-max-rsi=80', '-range-p-ema=50,250', '-target-margin-list=1.0,1.5,2.0,2.5,3.0,3.5,4.0,4.5,5.0', '-log-level=WARNING']
2023-11-26 20:02:55;UNIUSDT;30m;2.5;175;32;80;100.0;3;118.92;['-batch-training', '-calc-rsi', '-verbose', '-prediction-mode=index', '-interval-list=30m', '-range-min-rsi=28', '-range-max-rsi=80', '-range-p-ema=50,250', '-target-margin-list=1.0,1.5,2.0,2.5,3.0,3.5,4.0,4.5,5.0', '-log-level=WARNING']
2023-11-26 19:52:43;UNIUSDT;30m;2.5;150;32;80;100.0;3;118.92;['-batch-training', '-calc-rsi', '-verbose', '-prediction-mode=index', '-interval-list=30m', '-range-min-rsi=28', '-range-max-rsi=80', '-range-p-ema=50,250', '-target-margin-list=1.0,1.5,2.0,2.5,3.0,3.5,4.0,4.5,5.0', '-log-level=WARNING']
2023-11-26 20:28:54;UNIUSDT;30m;3.5;225;36;78;100.0;4;118.94;['-batch-training', '-calc-rsi', '-verbose', '-prediction-mode=index', '-interval-list=30m', '-range-min-rsi=28', '-range-max-rsi=80', '-range-p-ema=50,250', '-target-margin-list=1.0,1.5,2.0,2.5,3.0,3.5,4.0,4.5,5.0', '-log-level=WARNING']
2023-11-26 19:47:53;UNIUSDT;30m;1.0;150;34;72;100.0;4;118.94;['-batch-training', '-calc-rsi', '-verbose', '-prediction-mode=index', '-interval-list=30m', '-range-min-rsi=28', '-range-max-rsi=80', '-range-p-ema=50,250', '-target-margin-list=1.0,1.5,2.0,2.5,3.0,3.5,4.0,4.5,5.0', '-log-level=WARNING']
2023-11-26 19:57:22;UNIUSDT;30m;4.5;150;36;80;100.0;2;118.96;['-batch-training', '-calc-rsi', '-verbose', '-prediction-mode=index', '-interval-list=30m', '-range-min-rsi=28', '-range-max-rsi=80', '-range-p-ema=50,250', '-target-margin-list=1.0,1.5,2.0,2.5,3.0,3.5,4.0,4.5,5.0', '-log-level=WARNING']
2023-11-26 20:11:59;UNIUSDT;30m;2.0;200;34;78;100.0;4;118.96;['-batch-training', '-calc-rsi', '-verbose', '-prediction-mode=index', '-interval-list=30m', '-range-min-rsi=28', '-range-max-rsi=80', '-range-p-ema=50,250', '-target-margin-list=1.0,1.5,2.0,2.5,3.0,3.5,4.0,4.5,5.0', '-log-level=WARNING']
2023-11-26 19:58:33;UNIUSDT;30m;1.0;175;30;72;100.0;4;118.97;['-batch-training', '-calc-rsi', '-verbose', '-prediction-mode=index', '-interval-list=30m', '-range-min-rsi=28', '-range-max-rsi=80', '-range-p-ema=50,250', '-target-margin-list=1.0,1.5,2.0,2.5,3.0,3.5,4.0,4.5,5.0', '-log-level=WARNING']
2023-11-26 20:08:36;UNIUSDT;30m;1.0;200;30;72;100.0;4;118.97;['-batch-training', '-calc-rsi', '-verbose', '-prediction-mode=index', '-interval-list=30m', '-range-min-rsi=28', '-range-max-rsi=80', '-range-p-ema=50,250', '-target-margin-list=1.0,1.5,2.0,2.5,3.0,3.5,4.0,4.5,5.0', '-log-level=WARNING']
2023-11-26 21:03:57;UNIUSDT;30m;1.5;75;28;72;100.0;7;118.98;['-batch-training', '-calc-rsi', '-verbose', '-prediction-mode=index', '-interval-list=30m', '-range-min-rsi=28', '-range-max-rsi=80', '-range-p-ema=50,250', '-target-margin-list=1.0,1.5,2.0,2.5,3.0,3.5,4.0,4.5,5.0', '-log-level=WARNING']
2023-11-26 20:22:01;UNIUSDT;30m;1.5;225;28;72;100.0;7;118.98;['-batch-training', '-calc-rsi', '-verbose', '-prediction-mode=index', '-interval-list=30m', '-range-min-rsi=28', '-range-max-rsi=80', '-range-p-ema=50,250', '-target-margin-list=1.0,1.5,2.0,2.5,3.0,3.5,4.0,4.5,5.0', '-log-level=WARNING']
2023-11-26 19:26:01;UNIUSDT;30m;1.5;100;28;72;100.0;7;118.98;['-batch-training', '-calc-rsi', '-verbose', '-prediction-mode=index', '-interval-list=30m', '-range-min-rsi=28', '-range-max-rsi=80', '-range-p-ema=50,250', '-target-margin-list=1.0,1.5,2.0,2.5,3.0,3.5,4.0,4.5,5.0', '-log-level=WARNING']
2023-11-26 19:49:02;UNIUSDT;30m;1.5;150;28;72;100.0;7;118.98;['-batch-training', '-calc-rsi', '-verbose', '-prediction-mode=index', '-interval-list=30m', '-range-min-rsi=28', '-range-max-rsi=80', '-range-p-ema=50,250', '-target-margin-list=1.0,1.5,2.0,2.5,3.0,3.5,4.0,4.5,5.0', '-log-level=WARNING']
2023-11-26 20:49:01;UNIUSDT;30m;1.5;50;28;72;100.0;7;118.98;['-batch-training', '-calc-rsi', '-verbose', '-prediction-mode=index', '-interval-list=30m', '-range-min-rsi=28', '-range-max-rsi=80', '-range-p-ema=50,250', '-target-margin-list=1.0,1.5,2.0,2.5,3.0,3.5,4.0,4.5,5.0', '-log-level=WARNING']
2023-11-26 19:49:08;UNIUSDT;30m;1.5;150;32;72;100.0;5;118.98;['-batch-training', '-calc-rsi', '-verbose', '-prediction-mode=index', '-interval-list=30m', '-range-min-rsi=28', '-range-max-rsi=80', '-range-p-ema=50,250', '-target-margin-list=1.0,1.5,2.0,2.5,3.0,3.5,4.0,4.5,5.0', '-log-level=WARNING']
2023-11-26 19:37:30;UNIUSDT;30m;1.5;125;28;72;100.0;7;118.98;['-batch-training', '-calc-rsi', '-verbose', '-prediction-mode=index', '-interval-list=30m', '-range-min-rsi=28', '-range-max-rsi=80', '-range-p-ema=50,250', '-target-margin-list=1.0,1.5,2.0,2.5,3.0,3.5,4.0,4.5,5.0', '-log-level=WARNING']
2023-11-26 20:09:45;UNIUSDT;30m;1.5;200;28;72;100.0;7;118.98;['-batch-training', '-calc-rsi', '-verbose', '-prediction-mode=index', '-interval-list=30m', '-range-min-rsi=28', '-range-max-rsi=80', '-range-p-ema=50,250', '-target-margin-list=1.0,1.5,2.0,2.5,3.0,3.5,4.0,4.5,5.0', '-log-level=WARNING']
2023-11-26 19:59:40;UNIUSDT;30m;1.5;175;28;72;100.0;7;118.98;['-batch-training', '-calc-rsi', '-verbose', '-prediction-mode=index', '-interval-list=30m', '-range-min-rsi=28', '-range-max-rsi=80', '-range-p-ema=50,250', '-target-margin-list=1.0,1.5,2.0,2.5,3.0,3.5,4.0,4.5,5.0', '-log-level=WARNING']
2023-11-26 19:59:45;UNIUSDT;30m;1.5;175;32;72;100.0;5;118.98;['-batch-training', '-calc-rsi', '-verbose', '-prediction-mode=index', '-interval-list=30m', '-range-min-rsi=28', '-range-max-rsi=80', '-range-p-ema=50,250', '-target-margin-list=1.0,1.5,2.0,2.5,3.0,3.5,4.0,4.5,5.0', '-log-level=WARNING']
2023-11-26 20:09:50;UNIUSDT;30m;1.5;200;32;72;100.0;5;119.0;['-batch-training', '-calc-rsi', '-verbose', '-prediction-mode=index', '-interval-list=30m', '-range-min-rsi=28', '-range-max-rsi=80', '-range-p-ema=50,250', '-target-margin-list=1.0,1.5,2.0,2.5,3.0,3.5,4.0,4.5,5.0', '-log-level=WARNING']
2023-11-26 19:47:57;UNIUSDT;30m;1.0;150;36;72;100.0;4;119.03;['-batch-training', '-calc-rsi', '-verbose', '-prediction-mode=index', '-interval-list=30m', '-range-min-rsi=28', '-range-max-rsi=80', '-range-p-ema=50,250', '-target-margin-list=1.0,1.5,2.0,2.5,3.0,3.5,4.0,4.5,5.0', '-log-level=WARNING']
2023-11-26 19:51:34;UNIUSDT;30m;2.0;150;36;80;100.0;4;119.04;['-batch-training', '-calc-rsi', '-verbose', '-prediction-mode=index', '-interval-list=30m', '-range-min-rsi=28', '-range-max-rsi=80', '-range-p-ema=50,250', '-target-margin-list=1.0,1.5,2.0,2.5,3.0,3.5,4.0,4.5,5.0', '-log-level=WARNING']
2023-11-26 20:50:30;UNIUSDT;30m;1.5;50;34;80;100.0;6;119.05;['-batch-training', '-calc-rsi', '-verbose', '-prediction-mode=index', '-interval-list=30m', '-range-min-rsi=28', '-range-max-rsi=80', '-range-p-ema=50,250', '-target-margin-list=1.0,1.5,2.0,2.5,3.0,3.5,4.0,4.5,5.0', '-log-level=WARNING']
2023-11-26 21:05:37;UNIUSDT;30m;1.5;75;34;80;100.0;6;119.05;['-batch-training', '-calc-rsi', '-verbose', '-prediction-mode=index', '-interval-list=30m', '-range-min-rsi=28', '-range-max-rsi=80', '-range-p-ema=50,250', '-target-margin-list=1.0,1.5,2.0,2.5,3.0,3.5,4.0,4.5,5.0', '-log-level=WARNING']
2023-11-26 19:59:00;UNIUSDT;30m;1.0;175;30;76;100.0;2;119.05;['-batch-training', '-calc-rsi', '-verbose', '-prediction-mode=index', '-interval-list=30m', '-range-min-rsi=28', '-range-max-rsi=80', '-range-p-ema=50,250', '-target-margin-list=1.0,1.5,2.0,2.5,3.0,3.5,4.0,4.5,5.0', '-log-level=WARNING']
2023-11-26 19:27:13;UNIUSDT;30m;1.5;100;34;80;100.0;6;119.05;['-batch-training', '-calc-rsi', '-verbose', '-prediction-mode=index', '-interval-list=30m', '-range-min-rsi=28', '-range-max-rsi=80', '-range-p-ema=50,250', '-target-margin-list=1.0,1.5,2.0,2.5,3.0,3.5,4.0,4.5,5.0', '-log-level=WARNING']
2023-11-26 19:38:42;UNIUSDT;30m;1.5;125;34;80;100.0;6;119.05;['-batch-training', '-calc-rsi', '-verbose', '-prediction-mode=index', '-interval-list=30m', '-range-min-rsi=28', '-range-max-rsi=80', '-range-p-ema=50,250', '-target-margin-list=1.0,1.5,2.0,2.5,3.0,3.5,4.0,4.5,5.0', '-log-level=WARNING']
2023-11-26 20:09:04;UNIUSDT;30m;1.0;200;30;76;100.0;2;119.05;['-batch-training', '-calc-rsi', '-verbose', '-prediction-mode=index', '-interval-list=30m', '-range-min-rsi=28', '-range-max-rsi=80', '-range-p-ema=50,250', '-target-margin-list=1.0,1.5,2.0,2.5,3.0,3.5,4.0,4.5,5.0', '-log-level=WARNING']
2023-11-26 20:21:12;UNIUSDT;30m;1.0;225;30;76;100.0;2;119.05;['-batch-training', '-calc-rsi', '-verbose', '-prediction-mode=index', '-interval-list=30m', '-range-min-rsi=28', '-range-max-rsi=80', '-range-p-ema=50,250', '-target-margin-list=1.0,1.5,2.0,2.5,3.0,3.5,4.0,4.5,5.0', '-log-level=WARNING']
2023-11-26 19:51:16;UNIUSDT;30m;2.0;150;34;78;100.0;6;119.08;['-batch-training', '-calc-rsi', '-verbose', '-prediction-mode=index', '-interval-list=30m', '-range-min-rsi=28', '-range-max-rsi=80', '-range-p-ema=50,250', '-target-margin-list=1.0,1.5,2.0,2.5,3.0,3.5,4.0,4.5,5.0', '-log-level=WARNING']
2023-11-26 19:51:37;UNIUSDT;30m;2.5;150;28;72;100.0;3;119.08;['-batch-training', '-calc-rsi', '-verbose', '-prediction-mode=index', '-interval-list=30m', '-range-min-rsi=28', '-range-max-rsi=80', '-range-p-ema=50,250', '-target-margin-list=1.0,1.5,2.0,2.5,3.0,3.5,4.0,4.5,5.0', '-log-level=WARNING']
2023-11-26 19:28:38;UNIUSDT;30m;2.5;100;28;72;100.0;3;119.08;['-batch-training', '-calc-rsi', '-verbose', '-prediction-mode=index', '-interval-list=30m', '-range-min-rsi=28', '-range-max-rsi=80', '-range-p-ema=50,250', '-target-margin-list=1.0,1.5,2.0,2.5,3.0,3.5,4.0,4.5,5.0', '-log-level=WARNING']
2023-11-26 21:07:34;UNIUSDT;30m;2.5;75;28;72;100.0;3;119.08;['-batch-training', '-calc-rsi', '-verbose', '-prediction-mode=index', '-interval-list=30m', '-range-min-rsi=28', '-range-max-rsi=80', '-range-p-ema=50,250', '-target-margin-list=1.0,1.5,2.0,2.5,3.0,3.5,4.0,4.5,5.0', '-log-level=WARNING']
2023-11-26 20:52:14;UNIUSDT;30m;2.5;50;28;72;100.0;3;119.08;['-batch-training', '-calc-rsi', '-verbose', '-prediction-mode=index', '-interval-list=30m', '-range-min-rsi=28', '-range-max-rsi=80', '-range-p-ema=50,250', '-target-margin-list=1.0,1.5,2.0,2.5,3.0,3.5,4.0,4.5,5.0', '-log-level=WARNING']
2023-11-26 19:40:06;UNIUSDT;30m;2.5;125;28;72;100.0;3;119.08;['-batch-training', '-calc-rsi', '-verbose', '-prediction-mode=index', '-interval-list=30m', '-range-min-rsi=28', '-range-max-rsi=80', '-range-p-ema=50,250', '-target-margin-list=1.0,1.5,2.0,2.5,3.0,3.5,4.0,4.5,5.0', '-log-level=WARNING']
2023-11-26 20:12:21;UNIUSDT;30m;2.5;200;28;72;100.0;3;119.08;['-batch-training', '-calc-rsi', '-verbose', '-prediction-mode=index', '-interval-list=30m', '-range-min-rsi=28', '-range-max-rsi=80', '-range-p-ema=50,250', '-target-margin-list=1.0,1.5,2.0,2.5,3.0,3.5,4.0,4.5,5.0', '-log-level=WARNING']
2023-11-26 20:01:56;UNIUSDT;30m;2.5;175;28;72;100.0;3;119.08;['-batch-training', '-calc-rsi', '-verbose', '-prediction-mode=index', '-interval-list=30m', '-range-min-rsi=28', '-range-max-rsi=80', '-range-p-ema=50,250', '-target-margin-list=1.0,1.5,2.0,2.5,3.0,3.5,4.0,4.5,5.0', '-log-level=WARNING']
2023-11-26 19:48:12;UNIUSDT;30m;1.0;150;36;74;100.0;4;119.1;['-batch-training', '-calc-rsi', '-verbose', '-prediction-mode=index', '-interval-list=30m', '-range-min-rsi=28', '-range-max-rsi=80', '-range-p-ema=50,250', '-target-margin-list=1.0,1.5,2.0,2.5,3.0,3.5,4.0,4.5,5.0', '-log-level=WARNING']
2023-11-26 19:57:08;UNIUSDT;30m;4.5;150;36;78;100.0;2;119.12;['-batch-training', '-calc-rsi', '-verbose', '-prediction-mode=index', '-interval-list=30m', '-range-min-rsi=28', '-range-max-rsi=80', '-range-p-ema=50,250', '-target-margin-list=1.0,1.5,2.0,2.5,3.0,3.5,4.0,4.5,5.0', '-log-level=WARNING']
2023-11-26 19:49:30;UNIUSDT;30m;1.5;150;36;74;100.0;5;119.12;['-batch-training', '-calc-rsi', '-verbose', '-prediction-mode=index', '-interval-list=30m', '-range-min-rsi=28', '-range-max-rsi=80', '-range-p-ema=50,250', '-target-margin-list=1.0,1.5,2.0,2.5,3.0,3.5,4.0,4.5,5.0', '-log-level=WARNING']
2023-11-26 19:36:38;UNIUSDT;30m;1.0;125;36;74;100.0;5;119.13;['-batch-training', '-calc-rsi', '-verbose', '-prediction-mode=index', '-interval-list=30m', '-range-min-rsi=28', '-range-max-rsi=80', '-range-p-ema=50,250', '-target-margin-list=1.0,1.5,2.0,2.5,3.0,3.5,4.0,4.5,5.0', '-log-level=WARNING']
2023-11-26 20:09:04;UNIUSDT;30m;1.0;200;30;76;100.0;6;119.13;['-batch-training', '-calc-rsi', '-verbose', '-prediction-mode=index', '-interval-list=30m', '-range-min-rsi=28', '-range-max-rsi=80', '-range-p-ema=50,250', '-target-margin-list=1.0,1.5,2.0,2.5,3.0,3.5,4.0,4.5,5.0', '-log-level=WARNING']
2023-11-26 19:25:11;UNIUSDT;30m;1.0;100;36;74;100.0;5;119.13;['-batch-training', '-calc-rsi', '-verbose', '-prediction-mode=index', '-interval-list=30m', '-range-min-rsi=28', '-range-max-rsi=80', '-range-p-ema=50,250', '-target-margin-list=1.0,1.5,2.0,2.5,3.0,3.5,4.0,4.5,5.0', '-log-level=WARNING']
2023-11-26 19:59:01;UNIUSDT;30m;1.0;175;30;76;100.0;6;119.13;['-batch-training', '-calc-rsi', '-verbose', '-prediction-mode=index', '-interval-list=30m', '-range-min-rsi=28', '-range-max-rsi=80', '-range-p-ema=50,250', '-target-margin-list=1.0,1.5,2.0,2.5,3.0,3.5,4.0,4.5,5.0', '-log-level=WARNING']
2023-11-26 20:21:12;UNIUSDT;30m;1.0;225;30;76;100.0;6;119.13;['-batch-training', '-calc-rsi', '-verbose', '-prediction-mode=index', '-interval-list=30m', '-range-min-rsi=28', '-range-max-rsi=80', '-range-p-ema=50,250', '-target-margin-list=1.0,1.5,2.0,2.5,3.0,3.5,4.0,4.5,5.0', '-log-level=WARNING']
2023-11-26 20:50:30;UNIUSDT;30m;1.5;50;34;80;100.0;5;119.17;['-batch-training', '-calc-rsi', '-verbose', '-prediction-mode=index', '-interval-list=30m', '-range-min-rsi=28', '-range-max-rsi=80', '-range-p-ema=50,250', '-target-margin-list=1.0,1.5,2.0,2.5,3.0,3.5,4.0,4.5,5.0', '-log-level=WARNING']
2023-11-26 19:27:13;UNIUSDT;30m;1.5;100;34;80;100.0;5;119.17;['-batch-training', '-calc-rsi', '-verbose', '-prediction-mode=index', '-interval-list=30m', '-range-min-rsi=28', '-range-max-rsi=80', '-range-p-ema=50,250', '-target-margin-list=1.0,1.5,2.0,2.5,3.0,3.5,4.0,4.5,5.0', '-log-level=WARNING']
2023-11-26 21:05:37;UNIUSDT;30m;1.5;75;34;80;100.0;5;119.17;['-batch-training', '-calc-rsi', '-verbose', '-prediction-mode=index', '-interval-list=30m', '-range-min-rsi=28', '-range-max-rsi=80', '-range-p-ema=50,250', '-target-margin-list=1.0,1.5,2.0,2.5,3.0,3.5,4.0,4.5,5.0', '-log-level=WARNING']
2023-11-26 19:38:42;UNIUSDT;30m;1.5;125;34;80;100.0;5;119.17;['-batch-training', '-calc-rsi', '-verbose', '-prediction-mode=index', '-interval-list=30m', '-range-min-rsi=28', '-range-max-rsi=80', '-range-p-ema=50,250', '-target-margin-list=1.0,1.5,2.0,2.5,3.0,3.5,4.0,4.5,5.0', '-log-level=WARNING']
2023-11-26 20:40:21;UNIUSDT;30m;3.0;250;30;76;100.0;2;119.23;['-batch-training', '-calc-rsi', '-verbose', '-prediction-mode=index', '-interval-list=30m', '-range-min-rsi=28', '-range-max-rsi=80', '-range-p-ema=50,250', '-target-margin-list=1.0,1.5,2.0,2.5,3.0,3.5,4.0,4.5,5.0', '-log-level=WARNING']
2023-11-26 21:13:46;UNIUSDT;30m;4.0;75;32;76;100.0;2;119.24;['-batch-training', '-calc-rsi', '-verbose', '-prediction-mode=index', '-interval-list=30m', '-range-min-rsi=28', '-range-max-rsi=80', '-range-p-ema=50,250', '-target-margin-list=1.0,1.5,2.0,2.5,3.0,3.5,4.0,4.5,5.0', '-log-level=WARNING']
2023-11-26 19:44:30;UNIUSDT;30m;4.0;125;32;76;100.0;2;119.24;['-batch-training', '-calc-rsi', '-verbose', '-prediction-mode=index', '-interval-list=30m', '-range-min-rsi=28', '-range-max-rsi=80', '-range-p-ema=50,250', '-target-margin-list=1.0,1.5,2.0,2.5,3.0,3.5,4.0,4.5,5.0', '-log-level=WARNING']
2023-11-26 20:41:54;UNIUSDT;30m;3.5;250;30;76;100.0;2;119.24;['-batch-training', '-calc-rsi', '-verbose', '-prediction-mode=index', '-interval-list=30m', '-range-min-rsi=28', '-range-max-rsi=80', '-range-p-ema=50,250', '-target-margin-list=1.0,1.5,2.0,2.5,3.0,3.5,4.0,4.5,5.0', '-log-level=WARNING']
2023-11-26 20:57:59;UNIUSDT;30m;4.0;50;32;76;100.0;2;119.24;['-batch-training', '-calc-rsi', '-verbose', '-prediction-mode=index', '-interval-list=30m', '-range-min-rsi=28', '-range-max-rsi=80', '-range-p-ema=50,250', '-target-margin-list=1.0,1.5,2.0,2.5,3.0,3.5,4.0,4.5,5.0', '-log-level=WARNING']
2023-11-26 19:32:59;UNIUSDT;30m;4.0;100;32;76;100.0;2;119.24;['-batch-training', '-calc-rsi', '-verbose', '-prediction-mode=index', '-interval-list=30m', '-range-min-rsi=28', '-range-max-rsi=80', '-range-p-ema=50,250', '-target-margin-list=1.0,1.5,2.0,2.5,3.0,3.5,4.0,4.5,5.0', '-log-level=WARNING']
2023-11-26 21:08:22;UNIUSDT;30m;2.5;75;30;76;100.0;3;119.27;['-batch-training', '-calc-rsi', '-verbose', '-prediction-mode=index', '-interval-list=30m', '-range-min-rsi=28', '-range-max-rsi=80', '-range-p-ema=50,250', '-target-margin-list=1.0,1.5,2.0,2.5,3.0,3.5,4.0,4.5,5.0', '-log-level=WARNING']
2023-11-26 19:29:11;UNIUSDT;30m;2.5;100;30;76;100.0;3;119.27;['-batch-training', '-calc-rsi', '-verbose', '-prediction-mode=index', '-interval-list=30m', '-range-min-rsi=28', '-range-max-rsi=80', '-range-p-ema=50,250', '-target-margin-list=1.0,1.5,2.0,2.5,3.0,3.5,4.0,4.5,5.0', '-log-level=WARNING']
2023-11-26 19:52:11;UNIUSDT;30m;2.5;150;30;76;100.0;3;119.27;['-batch-training', '-calc-rsi', '-verbose', '-prediction-mode=index', '-interval-list=30m', '-range-min-rsi=28', '-range-max-rsi=80', '-range-p-ema=50,250', '-target-margin-list=1.0,1.5,2.0,2.5,3.0,3.5,4.0,4.5,5.0', '-log-level=WARNING']
2023-11-26 20:12:57;UNIUSDT;30m;2.5;200;30;76;100.0;3;119.27;['-batch-training', '-calc-rsi', '-verbose', '-prediction-mode=index', '-interval-list=30m', '-range-min-rsi=28', '-range-max-rsi=80', '-range-p-ema=50,250', '-target-margin-list=1.0,1.5,2.0,2.5,3.0,3.5,4.0,4.5,5.0', '-log-level=WARNING']
2023-11-26 20:38:49;UNIUSDT;30m;2.5;250;30;76;100.0;3;119.27;['-batch-training', '-calc-rsi', '-verbose', '-prediction-mode=index', '-interval-list=30m', '-range-min-rsi=28', '-range-max-rsi=80', '-range-p-ema=50,250', '-target-margin-list=1.0,1.5,2.0,2.5,3.0,3.5,4.0,4.5,5.0', '-log-level=WARNING']
2023-11-26 20:02:25;UNIUSDT;30m;2.5;175;30;76;100.0;3;119.27;['-batch-training', '-calc-rsi', '-verbose', '-prediction-mode=index', '-interval-list=30m', '-range-min-rsi=28', '-range-max-rsi=80', '-range-p-ema=50,250', '-target-margin-list=1.0,1.5,2.0,2.5,3.0,3.5,4.0,4.5,5.0', '-log-level=WARNING']
2023-11-26 20:25:32;UNIUSDT;30m;2.5;225;30;76;100.0;3;119.27;['-batch-training', '-calc-rsi', '-verbose', '-prediction-mode=index', '-interval-list=30m', '-range-min-rsi=28', '-range-max-rsi=80', '-range-p-ema=50,250', '-target-margin-list=1.0,1.5,2.0,2.5,3.0,3.5,4.0,4.5,5.0', '-log-level=WARNING']
2023-11-26 19:40:40;UNIUSDT;30m;2.5;125;30;76;100.0;3;119.27;['-batch-training', '-calc-rsi', '-verbose', '-prediction-mode=index', '-interval-list=30m', '-range-min-rsi=28', '-range-max-rsi=80', '-range-p-ema=50,250', '-target-margin-list=1.0,1.5,2.0,2.5,3.0,3.5,4.0,4.5,5.0', '-log-level=WARNING']
2023-11-26 20:52:59;UNIUSDT;30m;2.5;50;30;76;100.0;3;119.27;['-batch-training', '-calc-rsi', '-verbose', '-prediction-mode=index', '-interval-list=30m', '-range-min-rsi=28', '-range-max-rsi=80', '-range-p-ema=50,250', '-target-margin-list=1.0,1.5,2.0,2.5,3.0,3.5,4.0,4.5,5.0', '-log-level=WARNING']
2023-11-26 19:36:48;UNIUSDT;30m;1.0;125;32;76;100.0;4;119.3;['-batch-training', '-calc-rsi', '-verbose', '-prediction-mode=index', '-interval-list=30m', '-range-min-rsi=28', '-range-max-rsi=80', '-range-p-ema=50,250', '-target-margin-list=1.0,1.5,2.0,2.5,3.0,3.5,4.0,4.5,5.0', '-log-level=WARNING']
2023-11-26 20:48:11;UNIUSDT;30m;1.0;50;32;76;100.0;4;119.3;['-batch-training', '-calc-rsi', '-verbose', '-prediction-mode=index', '-interval-list=30m', '-range-min-rsi=28', '-range-max-rsi=80', '-range-p-ema=50,250', '-target-margin-list=1.0,1.5,2.0,2.5,3.0,3.5,4.0,4.5,5.0', '-log-level=WARNING']
2023-11-26 19:25:20;UNIUSDT;30m;1.0;100;32;76;100.0;4;119.3;['-batch-training', '-calc-rsi', '-verbose', '-prediction-mode=index', '-interval-list=30m', '-range-min-rsi=28', '-range-max-rsi=80', '-range-p-ema=50,250', '-target-margin-list=1.0,1.5,2.0,2.5,3.0,3.5,4.0,4.5,5.0', '-log-level=WARNING']
2023-11-26 21:03:02;UNIUSDT;30m;1.0;75;32;76;100.0;4;119.3;['-batch-training', '-calc-rsi', '-verbose', '-prediction-mode=index', '-interval-list=30m', '-range-min-rsi=28', '-range-max-rsi=80', '-range-p-ema=50,250', '-target-margin-list=1.0,1.5,2.0,2.5,3.0,3.5,4.0,4.5,5.0', '-log-level=WARNING']
2023-11-26 20:27:37;UNIUSDT;30m;3.0;225;32;80;100.0;2;119.34;['-batch-training', '-calc-rsi', '-verbose', '-prediction-mode=index', '-interval-list=30m', '-range-min-rsi=28', '-range-max-rsi=80', '-range-p-ema=50,250', '-target-margin-list=1.0,1.5,2.0,2.5,3.0,3.5,4.0,4.5,5.0', '-log-level=WARNING']
2023-11-26 20:04:01;UNIUSDT;30m;3.0;175;32;80;100.0;2;119.34;['-batch-training', '-calc-rsi', '-verbose', '-prediction-mode=index', '-interval-list=30m', '-range-min-rsi=28', '-range-max-rsi=80', '-range-p-ema=50,250', '-target-margin-list=1.0,1.5,2.0,2.5,3.0,3.5,4.0,4.5,5.0', '-log-level=WARNING']
2023-11-26 20:14:53;UNIUSDT;30m;3.0;200;32;80;100.0;2;119.34;['-batch-training', '-calc-rsi', '-verbose', '-prediction-mode=index', '-interval-list=30m', '-range-min-rsi=28', '-range-max-rsi=80', '-range-p-ema=50,250', '-target-margin-list=1.0,1.5,2.0,2.5,3.0,3.5,4.0,4.5,5.0', '-log-level=WARNING']
2023-11-26 20:26:35;UNIUSDT;30m;3.0;225;36;72;100.0;4;119.35;['-batch-training', '-calc-rsi', '-verbose', '-prediction-mode=index', '-interval-list=30m', '-range-min-rsi=28', '-range-max-rsi=80', '-range-p-ema=50,250', '-target-margin-list=1.0,1.5,2.0,2.5,3.0,3.5,4.0,4.5,5.0', '-log-level=WARNING']
2023-11-26 21:04:39;UNIUSDT;30m;1.5;75;28;76;100.0;3;119.36;['-batch-training', '-calc-rsi', '-verbose', '-prediction-mode=index', '-interval-list=30m', '-range-min-rsi=28', '-range-max-rsi=80', '-range-p-ema=50,250', '-target-margin-list=1.0,1.5,2.0,2.5,3.0,3.5,4.0,4.5,5.0', '-log-level=WARNING']
2023-11-26 19:38:01;UNIUSDT;30m;1.5;125;28;76;100.0;3;119.36;['-batch-training', '-calc-rsi', '-verbose', '-prediction-mode=index', '-interval-list=30m', '-range-min-rsi=28', '-range-max-rsi=80', '-range-p-ema=50,250', '-target-margin-list=1.0,1.5,2.0,2.5,3.0,3.5,4.0,4.5,5.0', '-log-level=WARNING']
2023-11-26 20:00:07;UNIUSDT;30m;1.5;175;28;76;100.0;3;119.36;['-batch-training', '-calc-rsi', '-verbose', '-prediction-mode=index', '-interval-list=30m', '-range-min-rsi=28', '-range-max-rsi=80', '-range-p-ema=50,250', '-target-margin-list=1.0,1.5,2.0,2.5,3.0,3.5,4.0,4.5,5.0', '-log-level=WARNING']
2023-11-26 20:49:39;UNIUSDT;30m;1.5;50;28;76;100.0;3;119.36;['-batch-training', '-calc-rsi', '-verbose', '-prediction-mode=index', '-interval-list=30m', '-range-min-rsi=28', '-range-max-rsi=80', '-range-p-ema=50,250', '-target-margin-list=1.0,1.5,2.0,2.5,3.0,3.5,4.0,4.5,5.0', '-log-level=WARNING']
2023-11-26 19:49:33;UNIUSDT;30m;1.5;150;28;76;100.0;3;119.36;['-batch-training', '-calc-rsi', '-verbose', '-prediction-mode=index', '-interval-list=30m', '-range-min-rsi=28', '-range-max-rsi=80', '-range-p-ema=50,250', '-target-margin-list=1.0,1.5,2.0,2.5,3.0,3.5,4.0,4.5,5.0', '-log-level=WARNING']
2023-11-26 19:26:32;UNIUSDT;30m;1.5;100;28;76;100.0;3;119.36;['-batch-training', '-calc-rsi', '-verbose', '-prediction-mode=index', '-interval-list=30m', '-range-min-rsi=28', '-range-max-rsi=80', '-range-p-ema=50,250', '-target-margin-list=1.0,1.5,2.0,2.5,3.0,3.5,4.0,4.5,5.0', '-log-level=WARNING']
2023-11-26 20:22:36;UNIUSDT;30m;1.5;225;28;76;100.0;3;119.36;['-batch-training', '-calc-rsi', '-verbose', '-prediction-mode=index', '-interval-list=30m', '-range-min-rsi=28', '-range-max-rsi=80', '-range-p-ema=50,250', '-target-margin-list=1.0,1.5,2.0,2.5,3.0,3.5,4.0,4.5,5.0', '-log-level=WARNING']
2023-11-26 20:10:15;UNIUSDT;30m;1.5;200;28;76;100.0;3;119.36;['-batch-training', '-calc-rsi', '-verbose', '-prediction-mode=index', '-interval-list=30m', '-range-min-rsi=28', '-range-max-rsi=80', '-range-p-ema=50,250', '-target-margin-list=1.0,1.5,2.0,2.5,3.0,3.5,4.0,4.5,5.0', '-log-level=WARNING']
2023-11-26 20:06:18;UNIUSDT;30m;4.0;175;36;80;100.0;3;119.39;['-batch-training', '-calc-rsi', '-verbose', '-prediction-mode=index', '-interval-list=30m', '-range-min-rsi=28', '-range-max-rsi=80', '-range-p-ema=50,250', '-target-margin-list=1.0,1.5,2.0,2.5,3.0,3.5,4.0,4.5,5.0', '-log-level=WARNING']
2023-11-26 20:17:42;UNIUSDT;30m;4.0;200;36;80;100.0;3;119.39;['-batch-training', '-calc-rsi', '-verbose', '-prediction-mode=index', '-interval-list=30m', '-range-min-rsi=28', '-range-max-rsi=80', '-range-p-ema=50,250', '-target-margin-list=1.0,1.5,2.0,2.5,3.0,3.5,4.0,4.5,5.0', '-log-level=WARNING']
2023-11-26 19:37:58;UNIUSDT;30m;1.5;125;36;74;100.0;7;119.5;['-batch-training', '-calc-rsi', '-verbose', '-prediction-mode=index', '-interval-list=30m', '-range-min-rsi=28', '-range-max-rsi=80', '-range-p-ema=50,250', '-target-margin-list=1.0,1.5,2.0,2.5,3.0,3.5,4.0,4.5,5.0', '-log-level=WARNING']
2023-11-26 21:04:35;UNIUSDT;30m;1.5;75;36;74;100.0;7;119.5;['-batch-training', '-calc-rsi', '-verbose', '-prediction-mode=index', '-interval-list=30m', '-range-min-rsi=28', '-range-max-rsi=80', '-range-p-ema=50,250', '-target-margin-list=1.0,1.5,2.0,2.5,3.0,3.5,4.0,4.5,5.0', '-log-level=WARNING']
2023-11-26 20:49:35;UNIUSDT;30m;1.5;50;36;74;100.0;7;119.5;['-batch-training', '-calc-rsi', '-verbose', '-prediction-mode=index', '-interval-list=30m', '-range-min-rsi=28', '-range-max-rsi=80', '-range-p-ema=50,250', '-target-margin-list=1.0,1.5,2.0,2.5,3.0,3.5,4.0,4.5,5.0', '-log-level=WARNING']
2023-11-26 19:26:29;UNIUSDT;30m;1.5;100;36;74;100.0;7;119.5;['-batch-training', '-calc-rsi', '-verbose', '-prediction-mode=index', '-interval-list=30m', '-range-min-rsi=28', '-range-max-rsi=80', '-range-p-ema=50,250', '-target-margin-list=1.0,1.5,2.0,2.5,3.0,3.5,4.0,4.5,5.0', '-log-level=WARNING']
2023-11-26 20:27:09;UNIUSDT;30m;3.0;225;36;76;100.0;2;119.53;['-batch-training', '-calc-rsi', '-verbose', '-prediction-mode=index', '-interval-list=30m', '-range-min-rsi=28', '-range-max-rsi=80', '-range-p-ema=50,250', '-target-margin-list=1.0,1.5,2.0,2.5,3.0,3.5,4.0,4.5,5.0', '-log-level=WARNING']
2023-11-26 20:05:04;UNIUSDT;30m;3.5;175;30;80;100.0;2;119.57;['-batch-training', '-calc-rsi', '-verbose', '-prediction-mode=index', '-interval-list=30m', '-range-min-rsi=28', '-range-max-rsi=80', '-range-p-ema=50,250', '-target-margin-list=1.0,1.5,2.0,2.5,3.0,3.5,4.0,4.5,5.0', '-log-level=WARNING']
2023-11-26 20:29:01;UNIUSDT;30m;3.5;225;30;80;100.0;2;119.57;['-batch-training', '-calc-rsi', '-verbose', '-prediction-mode=index', '-interval-list=30m', '-range-min-rsi=28', '-range-max-rsi=80', '-range-p-ema=50,250', '-target-margin-list=1.0,1.5,2.0,2.5,3.0,3.5,4.0,4.5,5.0', '-log-level=WARNING']
2023-11-26 20:16:11;UNIUSDT;30m;3.5;200;30;80;100.0;2;119.57;['-batch-training', '-calc-rsi', '-verbose', '-prediction-mode=index', '-interval-list=30m', '-range-min-rsi=28', '-range-max-rsi=80', '-range-p-ema=50,250', '-target-margin-list=1.0,1.5,2.0,2.5,3.0,3.5,4.0,4.5,5.0', '-log-level=WARNING']
2023-11-26 20:26:17;UNIUSDT;30m;2.5;225;36;80;100.0;3;119.59;['-batch-training', '-calc-rsi', '-verbose', '-prediction-mode=index', '-interval-list=30m', '-range-min-rsi=28', '-range-max-rsi=80', '-range-p-ema=50,250', '-target-margin-list=1.0,1.5,2.0,2.5,3.0,3.5,4.0,4.5,5.0', '-log-level=WARNING']
2023-11-26 20:22:15;UNIUSDT;30m;1.5;225;36;72;100.0;3;119.66;['-batch-training', '-calc-rsi', '-verbose', '-prediction-mode=index', '-interval-list=30m', '-range-min-rsi=28', '-range-max-rsi=80', '-range-p-ema=50,250', '-target-margin-list=1.0,1.5,2.0,2.5,3.0,3.5,4.0,4.5,5.0', '-log-level=WARNING']
2023-11-26 20:04:04;UNIUSDT;30m;3.0;175;34;80;100.0;4;119.67;['-batch-training', '-calc-rsi', '-verbose', '-prediction-mode=index', '-interval-list=30m', '-range-min-rsi=28', '-range-max-rsi=80', '-range-p-ema=50,250', '-target-margin-list=1.0,1.5,2.0,2.5,3.0,3.5,4.0,4.5,5.0', '-log-level=WARNING']
2023-11-26 19:38:08;UNIUSDT;30m;1.5;125;32;76;100.0;6;119.69;['-batch-training', '-calc-rsi', '-verbose', '-prediction-mode=index', '-interval-list=30m', '-range-min-rsi=28', '-range-max-rsi=80', '-range-p-ema=50,250', '-target-margin-list=1.0,1.5,2.0,2.5,3.0,3.5,4.0,4.5,5.0', '-log-level=WARNING']
2023-11-26 20:49:46;UNIUSDT;30m;1.5;50;32;76;100.0;6;119.69;['-batch-training', '-calc-rsi', '-verbose', '-prediction-mode=index', '-interval-list=30m', '-range-min-rsi=28', '-range-max-rsi=80', '-range-p-ema=50,250', '-target-margin-list=1.0,1.5,2.0,2.5,3.0,3.5,4.0,4.5,5.0', '-log-level=WARNING']
2023-11-26 21:04:47;UNIUSDT;30m;1.5;75;32;76;100.0;6;119.69;['-batch-training', '-calc-rsi', '-verbose', '-prediction-mode=index', '-interval-list=30m', '-range-min-rsi=28', '-range-max-rsi=80', '-range-p-ema=50,250', '-target-margin-list=1.0,1.5,2.0,2.5,3.0,3.5,4.0,4.5,5.0', '-log-level=WARNING']
2023-11-26 19:26:39;UNIUSDT;30m;1.5;100;32;76;100.0;6;119.69;['-batch-training', '-calc-rsi', '-verbose', '-prediction-mode=index', '-interval-list=30m', '-range-min-rsi=28', '-range-max-rsi=80', '-range-p-ema=50,250', '-target-margin-list=1.0,1.5,2.0,2.5,3.0,3.5,4.0,4.5,5.0', '-log-level=WARNING']
2023-11-26 19:53:43;UNIUSDT;30m;3.0;150;36;78;100.0;3;119.7;['-batch-training', '-calc-rsi', '-verbose', '-prediction-mode=index', '-interval-list=30m', '-range-min-rsi=28', '-range-max-rsi=80', '-range-p-ema=50,250', '-target-margin-list=1.0,1.5,2.0,2.5,3.0,3.5,4.0,4.5,5.0', '-log-level=WARNING']
2023-11-26 20:23:38;UNIUSDT;30m;2.0;225;34;72;100.0;5;119.7;['-batch-training', '-calc-rsi', '-verbose', '-prediction-mode=index', '-interval-list=30m', '-range-min-rsi=28', '-range-max-rsi=80', '-range-p-ema=50,250', '-target-margin-list=1.0,1.5,2.0,2.5,3.0,3.5,4.0,4.5,5.0', '-log-level=WARNING']
2023-11-26 20:08:58;UNIUSDT;30m;1.0;200;36;74;100.0;7;119.72;['-batch-training', '-calc-rsi', '-verbose', '-prediction-mode=index', '-interval-list=30m', '-range-min-rsi=28', '-range-max-rsi=80', '-range-p-ema=50,250', '-target-margin-list=1.0,1.5,2.0,2.5,3.0,3.5,4.0,4.5,5.0', '-log-level=WARNING']
2023-11-26 20:52:31;UNIUSDT;30m;2.5;50;36;72;100.0;5;119.76;['-batch-training', '-calc-rsi', '-verbose', '-prediction-mode=index', '-interval-list=30m', '-range-min-rsi=28', '-range-max-rsi=80', '-range-p-ema=50,250', '-target-margin-list=1.0,1.5,2.0,2.5,3.0,3.5,4.0,4.5,5.0', '-log-level=WARNING']
2023-11-26 19:28:50;UNIUSDT;30m;2.5;100;36;72;100.0;5;119.76;['-batch-training', '-calc-rsi', '-verbose', '-prediction-mode=index', '-interval-list=30m', '-range-min-rsi=28', '-range-max-rsi=80', '-range-p-ema=50,250', '-target-margin-list=1.0,1.5,2.0,2.5,3.0,3.5,4.0,4.5,5.0', '-log-level=WARNING']
2023-11-26 21:07:52;UNIUSDT;30m;2.5;75;36;72;100.0;5;119.76;['-batch-training', '-calc-rsi', '-verbose', '-prediction-mode=index', '-interval-list=30m', '-range-min-rsi=28', '-range-max-rsi=80', '-range-p-ema=50,250', '-target-margin-list=1.0,1.5,2.0,2.5,3.0,3.5,4.0,4.5,5.0', '-log-level=WARNING']
2023-11-26 19:40:18;UNIUSDT;30m;2.5;125;36;72;100.0;5;119.76;['-batch-training', '-calc-rsi', '-verbose', '-prediction-mode=index', '-interval-list=30m', '-range-min-rsi=28', '-range-max-rsi=80', '-range-p-ema=50,250', '-target-margin-list=1.0,1.5,2.0,2.5,3.0,3.5,4.0,4.5,5.0', '-log-level=WARNING']
2023-11-26 20:17:33;UNIUSDT;30m;4.0;200;30;80;100.0;2;119.78;['-batch-training', '-calc-rsi', '-verbose', '-prediction-mode=index', '-interval-list=30m', '-range-min-rsi=28', '-range-max-rsi=80', '-range-p-ema=50,250', '-target-margin-list=1.0,1.5,2.0,2.5,3.0,3.5,4.0,4.5,5.0', '-log-level=WARNING']
2023-11-26 20:58:35;UNIUSDT;30m;4.0;50;30;80;100.0;2;119.78;['-batch-training', '-calc-rsi', '-verbose', '-prediction-mode=index', '-interval-list=30m', '-range-min-rsi=28', '-range-max-rsi=80', '-range-p-ema=50,250', '-target-margin-list=1.0,1.5,2.0,2.5,3.0,3.5,4.0,4.5,5.0', '-log-level=WARNING']
2023-11-26 20:06:10;UNIUSDT;30m;4.0;175;30;80;100.0;2;119.78;['-batch-training', '-calc-rsi', '-verbose', '-prediction-mode=index', '-interval-list=30m', '-range-min-rsi=28', '-range-max-rsi=80', '-range-p-ema=50,250', '-target-margin-list=1.0,1.5,2.0,2.5,3.0,3.5,4.0,4.5,5.0', '-log-level=WARNING']
2023-11-26 19:44:58;UNIUSDT;30m;4.0;125;30;80;100.0;2;119.78;['-batch-training', '-calc-rsi', '-verbose', '-prediction-mode=index', '-interval-list=30m', '-range-min-rsi=28', '-range-max-rsi=80', '-range-p-ema=50,250', '-target-margin-list=1.0,1.5,2.0,2.5,3.0,3.5,4.0,4.5,5.0', '-log-level=WARNING']
2023-11-26 20:30:29;UNIUSDT;30m;4.0;225;30;80;100.0;2;119.78;['-batch-training', '-calc-rsi', '-verbose', '-prediction-mode=index', '-interval-list=30m', '-range-min-rsi=28', '-range-max-rsi=80', '-range-p-ema=50,250', '-target-margin-list=1.0,1.5,2.0,2.5,3.0,3.5,4.0,4.5,5.0', '-log-level=WARNING']
2023-11-26 19:33:25;UNIUSDT;30m;4.0;100;30;80;100.0;2;119.78;['-batch-training', '-calc-rsi', '-verbose', '-prediction-mode=index', '-interval-list=30m', '-range-min-rsi=28', '-range-max-rsi=80', '-range-p-ema=50,250', '-target-margin-list=1.0,1.5,2.0,2.5,3.0,3.5,4.0,4.5,5.0', '-log-level=WARNING']
2023-11-26 19:56:05;UNIUSDT;30m;4.0;150;30;80;100.0;2;119.78;['-batch-training', '-calc-rsi', '-verbose', '-prediction-mode=index', '-interval-list=30m', '-range-min-rsi=28', '-range-max-rsi=80', '-range-p-ema=50,250', '-target-margin-list=1.0,1.5,2.0,2.5,3.0,3.5,4.0,4.5,5.0', '-log-level=WARNING']
2023-11-26 20:44:03;UNIUSDT;30m;4.0;250;30;80;100.0;2;119.78;['-batch-training', '-calc-rsi', '-verbose', '-prediction-mode=index', '-interval-list=30m', '-range-min-rsi=28', '-range-max-rsi=80', '-range-p-ema=50,250', '-target-margin-list=1.0,1.5,2.0,2.5,3.0,3.5,4.0,4.5,5.0', '-log-level=WARNING']
2023-11-26 21:14:17;UNIUSDT;30m;4.0;75;30;80;100.0;2;119.78;['-batch-training', '-calc-rsi', '-verbose', '-prediction-mode=index', '-interval-list=30m', '-range-min-rsi=28', '-range-max-rsi=80', '-range-p-ema=50,250', '-target-margin-list=1.0,1.5,2.0,2.5,3.0,3.5,4.0,4.5,5.0', '-log-level=WARNING']
2023-11-26 20:11:47;UNIUSDT;30m;2.0;200;36;76;100.0;5;119.79;['-batch-training', '-calc-rsi', '-verbose', '-prediction-mode=index', '-interval-list=30m', '-range-min-rsi=28', '-range-max-rsi=80', '-range-p-ema=50,250', '-target-margin-list=1.0,1.5,2.0,2.5,3.0,3.5,4.0,4.5,5.0', '-log-level=WARNING']
2023-11-26 20:00:15;UNIUSDT;30m;1.5;175;34;76;100.0;6;119.81;['-batch-training', '-calc-rsi', '-verbose', '-prediction-mode=index', '-interval-list=30m', '-range-min-rsi=28', '-range-max-rsi=80', '-range-p-ema=50,250', '-target-margin-list=1.0,1.5,2.0,2.5,3.0,3.5,4.0,4.5,5.0', '-log-level=WARNING']
2023-11-26 19:30:50;UNIUSDT;30m;3.0;100;36;78;100.0;2;119.81;['-batch-training', '-calc-rsi', '-verbose', '-prediction-mode=index', '-interval-list=30m', '-range-min-rsi=28', '-range-max-rsi=80', '-range-p-ema=50,250', '-target-margin-list=1.0,1.5,2.0,2.5,3.0,3.5,4.0,4.5,5.0', '-log-level=WARNING']
2023-11-26 19:42:21;UNIUSDT;30m;3.0;125;36;78;100.0;2;119.81;['-batch-training', '-calc-rsi', '-verbose', '-prediction-mode=index', '-interval-list=30m', '-range-min-rsi=28', '-range-max-rsi=80', '-range-p-ema=50,250', '-target-margin-list=1.0,1.5,2.0,2.5,3.0,3.5,4.0,4.5,5.0', '-log-level=WARNING']
2023-11-26 20:13:06;UNIUSDT;30m;2.5;200;36;76;100.0;4;119.82;['-batch-training', '-calc-rsi', '-verbose', '-prediction-mode=index', '-interval-list=30m', '-range-min-rsi=28', '-range-max-rsi=80', '-range-p-ema=50,250', '-target-margin-list=1.0,1.5,2.0,2.5,3.0,3.5,4.0,4.5,5.0', '-log-level=WARNING']
2023-11-26 20:04:38;UNIUSDT;30m;3.5;175;30;76;100.0;3;119.83;['-batch-training', '-calc-rsi', '-verbose', '-prediction-mode=index', '-interval-list=30m', '-range-min-rsi=28', '-range-max-rsi=80', '-range-p-ema=50,250', '-target-margin-list=1.0,1.5,2.0,2.5,3.0,3.5,4.0,4.5,5.0', '-log-level=WARNING']
2023-11-26 20:15:38;UNIUSDT;30m;3.5;200;30;76;100.0;3;119.83;['-batch-training', '-calc-rsi', '-verbose', '-prediction-mode=index', '-interval-list=30m', '-range-min-rsi=28', '-range-max-rsi=80', '-range-p-ema=50,250', '-target-margin-list=1.0,1.5,2.0,2.5,3.0,3.5,4.0,4.5,5.0', '-log-level=WARNING']
2023-11-26 21:11:55;UNIUSDT;30m;3.5;75;30;76;100.0;3;119.83;['-batch-training', '-calc-rsi', '-verbose', '-prediction-mode=index', '-interval-list=30m', '-range-min-rsi=28', '-range-max-rsi=80', '-range-p-ema=50,250', '-target-margin-list=1.0,1.5,2.0,2.5,3.0,3.5,4.0,4.5,5.0', '-log-level=WARNING']
2023-11-26 19:31:42;UNIUSDT;30m;3.5;100;30;76;100.0;3;119.83;['-batch-training', '-calc-rsi', '-verbose', '-prediction-mode=index', '-interval-list=30m', '-range-min-rsi=28', '-range-max-rsi=80', '-range-p-ema=50,250', '-target-margin-list=1.0,1.5,2.0,2.5,3.0,3.5,4.0,4.5,5.0', '-log-level=WARNING']
2023-11-26 20:41:54;UNIUSDT;30m;3.5;250;30;76;100.0;3;119.83;['-batch-training', '-calc-rsi', '-verbose', '-prediction-mode=index', '-interval-list=30m', '-range-min-rsi=28', '-range-max-rsi=80', '-range-p-ema=50,250', '-target-margin-list=1.0,1.5,2.0,2.5,3.0,3.5,4.0,4.5,5.0', '-log-level=WARNING']
2023-11-26 19:54:29;UNIUSDT;30m;3.5;150;30;76;100.0;3;119.83;['-batch-training', '-calc-rsi', '-verbose', '-prediction-mode=index', '-interval-list=30m', '-range-min-rsi=28', '-range-max-rsi=80', '-range-p-ema=50,250', '-target-margin-list=1.0,1.5,2.0,2.5,3.0,3.5,4.0,4.5,5.0', '-log-level=WARNING']
2023-11-26 19:43:12;UNIUSDT;30m;3.5;125;30;76;100.0;3;119.83;['-batch-training', '-calc-rsi', '-verbose', '-prediction-mode=index', '-interval-list=30m', '-range-min-rsi=28', '-range-max-rsi=80', '-range-p-ema=50,250', '-target-margin-list=1.0,1.5,2.0,2.5,3.0,3.5,4.0,4.5,5.0', '-log-level=WARNING']
2023-11-26 20:56:15;UNIUSDT;30m;3.5;50;30;76;100.0;3;119.83;['-batch-training', '-calc-rsi', '-verbose', '-prediction-mode=index', '-interval-list=30m', '-range-min-rsi=28', '-range-max-rsi=80', '-range-p-ema=50,250', '-target-margin-list=1.0,1.5,2.0,2.5,3.0,3.5,4.0,4.5,5.0', '-log-level=WARNING']
2023-11-26 20:28:26;UNIUSDT;30m;3.5;225;30;76;100.0;3;119.83;['-batch-training', '-calc-rsi', '-verbose', '-prediction-mode=index', '-interval-list=30m', '-range-min-rsi=28', '-range-max-rsi=80', '-range-p-ema=50,250', '-target-margin-list=1.0,1.5,2.0,2.5,3.0,3.5,4.0,4.5,5.0', '-log-level=WARNING']
2023-11-26 20:24:13;UNIUSDT;30m;2.0;225;34;76;100.0;4;119.84;['-batch-training', '-calc-rsi', '-verbose', '-prediction-mode=index', '-interval-list=30m', '-range-min-rsi=28', '-range-max-rsi=80', '-range-p-ema=50,250', '-target-margin-list=1.0,1.5,2.0,2.5,3.0,3.5,4.0,4.5,5.0', '-log-level=WARNING']
2023-11-26 19:59:06;UNIUSDT;30m;1.0;175;34;76;100.0;4;119.84;['-batch-training', '-calc-rsi', '-verbose', '-prediction-mode=index', '-interval-list=30m', '-range-min-rsi=28', '-range-max-rsi=80', '-range-p-ema=50,250', '-target-margin-list=1.0,1.5,2.0,2.5,3.0,3.5,4.0,4.5,5.0', '-log-level=WARNING']
2023-11-26 19:43:45;UNIUSDT;30m;3.5;125;32;80;100.0;2;119.85;['-batch-training', '-calc-rsi', '-verbose', '-prediction-mode=index', '-interval-list=30m', '-range-min-rsi=28', '-range-max-rsi=80', '-range-p-ema=50,250', '-target-margin-list=1.0,1.5,2.0,2.5,3.0,3.5,4.0,4.5,5.0', '-log-level=WARNING']
2023-11-26 21:11:04;UNIUSDT;30m;3.0;75;36;80;100.0;4;119.85;['-batch-training', '-calc-rsi', '-verbose', '-prediction-mode=index', '-interval-list=30m', '-range-min-rsi=28', '-range-max-rsi=80', '-range-p-ema=50,250', '-target-margin-list=1.0,1.5,2.0,2.5,3.0,3.5,4.0,4.5,5.0', '-log-level=WARNING']
2023-11-26 19:32:14;UNIUSDT;30m;3.5;100;32;80;100.0;2;119.85;['-batch-training', '-calc-rsi', '-verbose', '-prediction-mode=index', '-interval-list=30m', '-range-min-rsi=28', '-range-max-rsi=80', '-range-p-ema=50,250', '-target-margin-list=1.0,1.5,2.0,2.5,3.0,3.5,4.0,4.5,5.0', '-log-level=WARNING']
2023-11-26 21:12:44;UNIUSDT;30m;3.5;75;32;80;100.0;2;119.85;['-batch-training', '-calc-rsi', '-verbose', '-prediction-mode=index', '-interval-list=30m', '-range-min-rsi=28', '-range-max-rsi=80', '-range-p-ema=50,250', '-target-margin-list=1.0,1.5,2.0,2.5,3.0,3.5,4.0,4.5,5.0', '-log-level=WARNING']
2023-11-26 20:55:29;UNIUSDT;30m;3.0;50;36;80;100.0;4;119.85;['-batch-training', '-calc-rsi', '-verbose', '-prediction-mode=index', '-interval-list=30m', '-range-min-rsi=28', '-range-max-rsi=80', '-range-p-ema=50,250', '-target-margin-list=1.0,1.5,2.0,2.5,3.0,3.5,4.0,4.5,5.0', '-log-level=WARNING']
2023-11-26 20:57:00;UNIUSDT;30m;3.5;50;32;80;100.0;2;119.85;['-batch-training', '-calc-rsi', '-verbose', '-prediction-mode=index', '-interval-list=30m', '-range-min-rsi=28', '-range-max-rsi=80', '-range-p-ema=50,250', '-target-margin-list=1.0,1.5,2.0,2.5,3.0,3.5,4.0,4.5,5.0', '-log-level=WARNING']
2023-11-26 20:00:15;UNIUSDT;30m;1.5;175;34;76;100.0;2;119.87;['-batch-training', '-calc-rsi', '-verbose', '-prediction-mode=index', '-interval-list=30m', '-range-min-rsi=28', '-range-max-rsi=80', '-range-p-ema=50,250', '-target-margin-list=1.0,1.5,2.0,2.5,3.0,3.5,4.0,4.5,5.0', '-log-level=WARNING']
2023-11-26 20:03:00;UNIUSDT;30m;2.5;175;36;80;100.0;4;119.9;['-batch-training', '-calc-rsi', '-verbose', '-prediction-mode=index', '-interval-list=30m', '-range-min-rsi=28', '-range-max-rsi=80', '-range-p-ema=50,250', '-target-margin-list=1.0,1.5,2.0,2.5,3.0,3.5,4.0,4.5,5.0', '-log-level=WARNING']
2023-11-26 19:50:29;UNIUSDT;30m;2.0;150;34;72;100.0;3;119.93;['-batch-training', '-calc-rsi', '-verbose', '-prediction-mode=index', '-interval-list=30m', '-range-min-rsi=28', '-range-max-rsi=80', '-range-p-ema=50,250', '-target-margin-list=1.0,1.5,2.0,2.5,3.0,3.5,4.0,4.5,5.0', '-log-level=WARNING']
2023-11-26 19:28:11;UNIUSDT;30m;2.0;100;32;78;100.0;3;119.94;['-batch-training', '-calc-rsi', '-verbose', '-prediction-mode=index', '-interval-list=30m', '-range-min-rsi=28', '-range-max-rsi=80', '-range-p-ema=50,250', '-target-margin-list=1.0,1.5,2.0,2.5,3.0,3.5,4.0,4.5,5.0', '-log-level=WARNING']
2023-11-26 19:39:41;UNIUSDT;30m;2.0;125;32;78;100.0;3;119.94;['-batch-training', '-calc-rsi', '-verbose', '-prediction-mode=index', '-interval-list=30m', '-range-min-rsi=28', '-range-max-rsi=80', '-range-p-ema=50,250', '-target-margin-list=1.0,1.5,2.0,2.5,3.0,3.5,4.0,4.5,5.0', '-log-level=WARNING']
2023-11-26 20:51:43;UNIUSDT;30m;2.0;50;32;78;100.0;3;119.94;['-batch-training', '-calc-rsi', '-verbose', '-prediction-mode=index', '-interval-list=30m', '-range-min-rsi=28', '-range-max-rsi=80', '-range-p-ema=50,250', '-target-margin-list=1.0,1.5,2.0,2.5,3.0,3.5,4.0,4.5,5.0', '-log-level=WARNING']
2023-11-26 21:06:58;UNIUSDT;30m;2.0;75;32;78;100.0;3;119.94;['-batch-training', '-calc-rsi', '-verbose', '-prediction-mode=index', '-interval-list=30m', '-range-min-rsi=28', '-range-max-rsi=80', '-range-p-ema=50,250', '-target-margin-list=1.0,1.5,2.0,2.5,3.0,3.5,4.0,4.5,5.0', '-log-level=WARNING']
2023-11-26 20:39:37;UNIUSDT;30m;2.5;250;36;80;100.0;3;119.98;['-batch-training', '-calc-rsi', '-verbose', '-prediction-mode=index', '-interval-list=30m', '-range-min-rsi=28', '-range-max-rsi=80', '-range-p-ema=50,250', '-target-margin-list=1.0,1.5,2.0,2.5,3.0,3.5,4.0,4.5,5.0', '-log-level=WARNING']
2023-11-26 19:49:42;UNIUSDT;30m;1.5;150;34;76;100.0;3;120.0;['-batch-training', '-calc-rsi', '-verbose', '-prediction-mode=index', '-interval-list=30m', '-range-min-rsi=28', '-range-max-rsi=80', '-range-p-ema=50,250', '-target-margin-list=1.0,1.5,2.0,2.5,3.0,3.5,4.0,4.5,5.0', '-log-level=WARNING']
2023-11-26 20:12:31;UNIUSDT;30m;2.5;200;34;72;100.0;2;120.03;['-batch-training', '-calc-rsi', '-verbose', '-prediction-mode=index', '-interval-list=30m', '-range-min-rsi=28', '-range-max-rsi=80', '-range-p-ema=50,250', '-target-margin-list=1.0,1.5,2.0,2.5,3.0,3.5,4.0,4.5,5.0', '-log-level=WARNING']
2023-11-26 20:09:53;UNIUSDT;30m;1.5;200;34;72;100.0;6;120.04;['-batch-training', '-calc-rsi', '-verbose', '-prediction-mode=index', '-interval-list=30m', '-range-min-rsi=28', '-range-max-rsi=80', '-range-p-ema=50,250', '-target-margin-list=1.0,1.5,2.0,2.5,3.0,3.5,4.0,4.5,5.0', '-log-level=WARNING']
2023-11-26 19:59:48;UNIUSDT;30m;1.5;175;34;72;100.0;6;120.04;['-batch-training', '-calc-rsi', '-verbose', '-prediction-mode=index', '-interval-list=30m', '-range-min-rsi=28', '-range-max-rsi=80', '-range-p-ema=50,250', '-target-margin-list=1.0,1.5,2.0,2.5,3.0,3.5,4.0,4.5,5.0', '-log-level=WARNING']
2023-11-26 19:36:35;UNIUSDT;30m;1.0;125;34;74;100.0;4;120.05;['-batch-training', '-calc-rsi', '-verbose', '-prediction-mode=index', '-interval-list=30m', '-range-min-rsi=28', '-range-max-rsi=80', '-range-p-ema=50,250', '-target-margin-list=1.0,1.5,2.0,2.5,3.0,3.5,4.0,4.5,5.0', '-log-level=WARNING']
2023-11-26 20:47:56;UNIUSDT;30m;1.0;50;34;74;100.0;4;120.05;['-batch-training', '-calc-rsi', '-verbose', '-prediction-mode=index', '-interval-list=30m', '-range-min-rsi=28', '-range-max-rsi=80', '-range-p-ema=50,250', '-target-margin-list=1.0,1.5,2.0,2.5,3.0,3.5,4.0,4.5,5.0', '-log-level=WARNING']
2023-11-26 19:25:07;UNIUSDT;30m;1.0;100;34;74;100.0;4;120.05;['-batch-training', '-calc-rsi', '-verbose', '-prediction-mode=index', '-interval-list=30m', '-range-min-rsi=28', '-range-max-rsi=80', '-range-p-ema=50,250', '-target-margin-list=1.0,1.5,2.0,2.5,3.0,3.5,4.0,4.5,5.0', '-log-level=WARNING']
2023-11-26 21:02:44;UNIUSDT;30m;1.0;75;34;74;100.0;4;120.05;['-batch-training', '-calc-rsi', '-verbose', '-prediction-mode=index', '-interval-list=30m', '-range-min-rsi=28', '-range-max-rsi=80', '-range-p-ema=50,250', '-target-margin-list=1.0,1.5,2.0,2.5,3.0,3.5,4.0,4.5,5.0', '-log-level=WARNING']
2023-11-26 19:50:17;UNIUSDT;30m;1.5;150;36;80;100.0;6;120.06;['-batch-training', '-calc-rsi', '-verbose', '-prediction-mode=index', '-interval-list=30m', '-range-min-rsi=28', '-range-max-rsi=80', '-range-p-ema=50,250', '-target-margin-list=1.0,1.5,2.0,2.5,3.0,3.5,4.0,4.5,5.0', '-log-level=WARNING']
2023-11-26 20:14:11;UNIUSDT;30m;3.0;200;36;74;100.0;4;120.09;['-batch-training', '-calc-rsi', '-verbose', '-prediction-mode=index', '-interval-list=30m', '-range-min-rsi=28', '-range-max-rsi=80', '-range-p-ema=50,250', '-target-margin-list=1.0,1.5,2.0,2.5,3.0,3.5,4.0,4.5,5.0', '-log-level=WARNING']
2023-11-26 20:03:27;UNIUSDT;30m;3.0;175;36;74;100.0;4;120.09;['-batch-training', '-calc-rsi', '-verbose', '-prediction-mode=index', '-interval-list=30m', '-range-min-rsi=28', '-range-max-rsi=80', '-range-p-ema=50,250', '-target-margin-list=1.0,1.5,2.0,2.5,3.0,3.5,4.0,4.5,5.0', '-log-level=WARNING']
2023-11-26 20:35:45;UNIUSDT;30m;1.5;250;28;76;100.0;3;120.09;['-batch-training', '-calc-rsi', '-verbose', '-prediction-mode=index', '-interval-list=30m', '-range-min-rsi=28', '-range-max-rsi=80', '-range-p-ema=50,250', '-target-margin-list=1.0,1.5,2.0,2.5,3.0,3.5,4.0,4.5,5.0', '-log-level=WARNING']
2023-11-26 20:23:38;UNIUSDT;30m;2.0;225;34;72;100.0;2;120.09;['-batch-training', '-calc-rsi', '-verbose', '-prediction-mode=index', '-interval-list=30m', '-range-min-rsi=28', '-range-max-rsi=80', '-range-p-ema=50,250', '-target-margin-list=1.0,1.5,2.0,2.5,3.0,3.5,4.0,4.5,5.0', '-log-level=WARNING']
2023-11-26 20:01:53;UNIUSDT;30m;2.0;175;36;80;100.0;4;120.13;['-batch-training', '-calc-rsi', '-verbose', '-prediction-mode=index', '-interval-list=30m', '-range-min-rsi=28', '-range-max-rsi=80', '-range-p-ema=50,250', '-target-margin-list=1.0,1.5,2.0,2.5,3.0,3.5,4.0,4.5,5.0', '-log-level=WARNING']
2023-11-26 19:37:52;UNIUSDT;30m;1.5;125;32;74;100.0;5;120.14;['-batch-training', '-calc-rsi', '-verbose', '-prediction-mode=index', '-interval-list=30m', '-range-min-rsi=28', '-range-max-rsi=80', '-range-p-ema=50,250', '-target-margin-list=1.0,1.5,2.0,2.5,3.0,3.5,4.0,4.5,5.0', '-log-level=WARNING']
2023-11-26 19:26:23;UNIUSDT;30m;1.5;100;32;74;100.0;5;120.14;['-batch-training', '-calc-rsi', '-verbose', '-prediction-mode=index', '-interval-list=30m', '-range-min-rsi=28', '-range-max-rsi=80', '-range-p-ema=50,250', '-target-margin-list=1.0,1.5,2.0,2.5,3.0,3.5,4.0,4.5,5.0', '-log-level=WARNING']
2023-11-26 20:49:28;UNIUSDT;30m;1.5;50;32;74;100.0;5;120.14;['-batch-training', '-calc-rsi', '-verbose', '-prediction-mode=index', '-interval-list=30m', '-range-min-rsi=28', '-range-max-rsi=80', '-range-p-ema=50,250', '-target-margin-list=1.0,1.5,2.0,2.5,3.0,3.5,4.0,4.5,5.0', '-log-level=WARNING']
2023-11-26 21:04:26;UNIUSDT;30m;1.5;75;32;74;100.0;5;120.14;['-batch-training', '-calc-rsi', '-verbose', '-prediction-mode=index', '-interval-list=30m', '-range-min-rsi=28', '-range-max-rsi=80', '-range-p-ema=50,250', '-target-margin-list=1.0,1.5,2.0,2.5,3.0,3.5,4.0,4.5,5.0', '-log-level=WARNING']
2023-11-26 19:29:14;UNIUSDT;30m;2.5;100;32;76;100.0;2;120.15;['-batch-training', '-calc-rsi', '-verbose', '-prediction-mode=index', '-interval-list=30m', '-range-min-rsi=28', '-range-max-rsi=80', '-range-p-ema=50,250', '-target-margin-list=1.0,1.5,2.0,2.5,3.0,3.5,4.0,4.5,5.0', '-log-level=WARNING']
2023-11-26 20:53:03;UNIUSDT;30m;2.5;50;32;76;100.0;2;120.15;['-batch-training', '-calc-rsi', '-verbose', '-prediction-mode=index', '-interval-list=30m', '-range-min-rsi=28', '-range-max-rsi=80', '-range-p-ema=50,250', '-target-margin-list=1.0,1.5,2.0,2.5,3.0,3.5,4.0,4.5,5.0', '-log-level=WARNING']
2023-11-26 19:40:42;UNIUSDT;30m;2.5;125;32;76;100.0;2;120.15;['-batch-training', '-calc-rsi', '-verbose', '-prediction-mode=index', '-interval-list=30m', '-range-min-rsi=28', '-range-max-rsi=80', '-range-p-ema=50,250', '-target-margin-list=1.0,1.5,2.0,2.5,3.0,3.5,4.0,4.5,5.0', '-log-level=WARNING']
2023-11-26 21:08:27;UNIUSDT;30m;2.5;75;32;76;100.0;2;120.15;['-batch-training', '-calc-rsi', '-verbose', '-prediction-mode=index', '-interval-list=30m', '-range-min-rsi=28', '-range-max-rsi=80', '-range-p-ema=50,250', '-target-margin-list=1.0,1.5,2.0,2.5,3.0,3.5,4.0,4.5,5.0', '-log-level=WARNING']
2023-11-26 20:36:50;UNIUSDT;30m;2.0;250;34;72;100.0;5;120.21;['-batch-training', '-calc-rsi', '-verbose', '-prediction-mode=index', '-interval-list=30m', '-range-min-rsi=28', '-range-max-rsi=80', '-range-p-ema=50,250', '-target-margin-list=1.0,1.5,2.0,2.5,3.0,3.5,4.0,4.5,5.0', '-log-level=WARNING']
2023-11-26 20:42:42;UNIUSDT;30m;3.5;250;36;80;100.0;3;120.23;['-batch-training', '-calc-rsi', '-verbose', '-prediction-mode=index', '-interval-list=30m', '-range-min-rsi=28', '-range-max-rsi=80', '-range-p-ema=50,250', '-target-margin-list=1.0,1.5,2.0,2.5,3.0,3.5,4.0,4.5,5.0', '-log-level=WARNING']
2023-11-26 19:39:56;UNIUSDT;30m;2.0;125;32;80;100.0;3;120.24;['-batch-training', '-calc-rsi', '-verbose', '-prediction-mode=index', '-interval-list=30m', '-range-min-rsi=28', '-range-max-rsi=80', '-range-p-ema=50,250', '-target-margin-list=1.0,1.5,2.0,2.5,3.0,3.5,4.0,4.5,5.0', '-log-level=WARNING']
2023-11-26 21:07:21;UNIUSDT;30m;2.0;75;32;80;100.0;3;120.24;['-batch-training', '-calc-rsi', '-verbose', '-prediction-mode=index', '-interval-list=30m', '-range-min-rsi=28', '-range-max-rsi=80', '-range-p-ema=50,250', '-target-margin-list=1.0,1.5,2.0,2.5,3.0,3.5,4.0,4.5,5.0', '-log-level=WARNING']
2023-11-26 19:28:27;UNIUSDT;30m;2.0;100;32;80;100.0;3;120.24;['-batch-training', '-calc-rsi', '-verbose', '-prediction-mode=index', '-interval-list=30m', '-range-min-rsi=28', '-range-max-rsi=80', '-range-p-ema=50,250', '-target-margin-list=1.0,1.5,2.0,2.5,3.0,3.5,4.0,4.5,5.0', '-log-level=WARNING']
2023-11-26 20:52:03;UNIUSDT;30m;2.0;50;32;80;100.0;3;120.24;['-batch-training', '-calc-rsi', '-verbose', '-prediction-mode=index', '-interval-list=30m', '-range-min-rsi=28', '-range-max-rsi=80', '-range-p-ema=50,250', '-target-margin-list=1.0,1.5,2.0,2.5,3.0,3.5,4.0,4.5,5.0', '-log-level=WARNING']
2023-11-26 21:14:03;UNIUSDT;30m;4.0;75;32;78;100.0;3;120.26;['-batch-training', '-calc-rsi', '-verbose', '-prediction-mode=index', '-interval-list=30m', '-range-min-rsi=28', '-range-max-rsi=80', '-range-p-ema=50,250', '-target-margin-list=1.0,1.5,2.0,2.5,3.0,3.5,4.0,4.5,5.0', '-log-level=WARNING']
2023-11-26 20:58:19;UNIUSDT;30m;4.0;50;32;78;100.0;3;120.26;['-batch-training', '-calc-rsi', '-verbose', '-prediction-mode=index', '-interval-list=30m', '-range-min-rsi=28', '-range-max-rsi=80', '-range-p-ema=50,250', '-target-margin-list=1.0,1.5,2.0,2.5,3.0,3.5,4.0,4.5,5.0', '-log-level=WARNING']
2023-11-26 19:44:45;UNIUSDT;30m;4.0;125;32;78;100.0;3;120.26;['-batch-training', '-calc-rsi', '-verbose', '-prediction-mode=index', '-interval-list=30m', '-range-min-rsi=28', '-range-max-rsi=80', '-range-p-ema=50,250', '-target-margin-list=1.0,1.5,2.0,2.5,3.0,3.5,4.0,4.5,5.0', '-log-level=WARNING']
2023-11-26 19:33:14;UNIUSDT;30m;4.0;100;32;78;100.0;3;120.26;['-batch-training', '-calc-rsi', '-verbose', '-prediction-mode=index', '-interval-list=30m', '-range-min-rsi=28', '-range-max-rsi=80', '-range-p-ema=50,250', '-target-margin-list=1.0,1.5,2.0,2.5,3.0,3.5,4.0,4.5,5.0', '-log-level=WARNING']
2023-11-26 20:41:17;UNIUSDT;30m;3.5;250;30;72;100.0;3;120.28;['-batch-training', '-calc-rsi', '-verbose', '-prediction-mode=index', '-interval-list=30m', '-range-min-rsi=28', '-range-max-rsi=80', '-range-p-ema=50,250', '-target-margin-list=1.0,1.5,2.0,2.5,3.0,3.5,4.0,4.5,5.0', '-log-level=WARNING']
2023-11-26 19:31:12;UNIUSDT;30m;3.5;100;30;72;100.0;3;120.28;['-batch-training', '-calc-rsi', '-verbose', '-prediction-mode=index', '-interval-list=30m', '-range-min-rsi=28', '-range-max-rsi=80', '-range-p-ema=50,250', '-target-margin-list=1.0,1.5,2.0,2.5,3.0,3.5,4.0,4.5,5.0', '-log-level=WARNING']
2023-11-26 19:42:42;UNIUSDT;30m;3.5;125;30;72;100.0;3;120.28;['-batch-training', '-calc-rsi', '-verbose', '-prediction-mode=index', '-interval-list=30m', '-range-min-rsi=28', '-range-max-rsi=80', '-range-p-ema=50,250', '-target-margin-list=1.0,1.5,2.0,2.5,3.0,3.5,4.0,4.5,5.0', '-log-level=WARNING']
2023-11-26 20:27:52;UNIUSDT;30m;3.5;225;30;72;100.0;3;120.28;['-batch-training', '-calc-rsi', '-verbose', '-prediction-mode=index', '-interval-list=30m', '-range-min-rsi=28', '-range-max-rsi=80', '-range-p-ema=50,250', '-target-margin-list=1.0,1.5,2.0,2.5,3.0,3.5,4.0,4.5,5.0', '-log-level=WARNING']
2023-11-26 20:55:36;UNIUSDT;30m;3.5;50;30;72;100.0;3;120.28;['-batch-training', '-calc-rsi', '-verbose', '-prediction-mode=index', '-interval-list=30m', '-range-min-rsi=28', '-range-max-rsi=80', '-range-p-ema=50,250', '-target-margin-list=1.0,1.5,2.0,2.5,3.0,3.5,4.0,4.5,5.0', '-log-level=WARNING']
2023-11-26 20:04:11;UNIUSDT;30m;3.5;175;30;72;100.0;3;120.28;['-batch-training', '-calc-rsi', '-verbose', '-prediction-mode=index', '-interval-list=30m', '-range-min-rsi=28', '-range-max-rsi=80', '-range-p-ema=50,250', '-target-margin-list=1.0,1.5,2.0,2.5,3.0,3.5,4.0,4.5,5.0', '-log-level=WARNING']
2023-11-26 19:54:02;UNIUSDT;30m;3.5;150;30;72;100.0;3;120.28;['-batch-training', '-calc-rsi', '-verbose', '-prediction-mode=index', '-interval-list=30m', '-range-min-rsi=28', '-range-max-rsi=80', '-range-p-ema=50,250', '-target-margin-list=1.0,1.5,2.0,2.5,3.0,3.5,4.0,4.5,5.0', '-log-level=WARNING']
2023-11-26 20:15:06;UNIUSDT;30m;3.5;200;30;72;100.0;3;120.28;['-batch-training', '-calc-rsi', '-verbose', '-prediction-mode=index', '-interval-list=30m', '-range-min-rsi=28', '-range-max-rsi=80', '-range-p-ema=50,250', '-target-margin-list=1.0,1.5,2.0,2.5,3.0,3.5,4.0,4.5,5.0', '-log-level=WARNING']
2023-11-26 21:11:12;UNIUSDT;30m;3.5;75;30;72;100.0;3;120.28;['-batch-training', '-calc-rsi', '-verbose', '-prediction-mode=index', '-interval-list=30m', '-range-min-rsi=28', '-range-max-rsi=80', '-range-p-ema=50,250', '-target-margin-list=1.0,1.5,2.0,2.5,3.0,3.5,4.0,4.5,5.0', '-log-level=WARNING']
2023-11-26 20:12:50;UNIUSDT;30m;2.5;200;36;74;100.0;5;120.3;['-batch-training', '-calc-rsi', '-verbose', '-prediction-mode=index', '-interval-list=30m', '-range-min-rsi=28', '-range-max-rsi=80', '-range-p-ema=50,250', '-target-margin-list=1.0,1.5,2.0,2.5,3.0,3.5,4.0,4.5,5.0', '-log-level=WARNING']
2023-11-26 19:36:18;UNIUSDT;30m;1.0;125;34;72;100.0;4;120.31;['-batch-training', '-calc-rsi', '-verbose', '-prediction-mode=index', '-interval-list=30m', '-range-min-rsi=28', '-range-max-rsi=80', '-range-p-ema=50,250', '-target-margin-list=1.0,1.5,2.0,2.5,3.0,3.5,4.0,4.5,5.0', '-log-level=WARNING']
2023-11-26 19:24:51;UNIUSDT;30m;1.0;100;34;72;100.0;4;120.31;['-batch-training', '-calc-rsi', '-verbose', '-prediction-mode=index', '-interval-list=30m', '-range-min-rsi=28', '-range-max-rsi=80', '-range-p-ema=50,250', '-target-margin-list=1.0,1.5,2.0,2.5,3.0,3.5,4.0,4.5,5.0', '-log-level=WARNING']
2023-11-26 21:02:25;UNIUSDT;30m;1.0;75;34;72;100.0;4;120.31;['-batch-training', '-calc-rsi', '-verbose', '-prediction-mode=index', '-interval-list=30m', '-range-min-rsi=28', '-range-max-rsi=80', '-range-p-ema=50,250', '-target-margin-list=1.0,1.5,2.0,2.5,3.0,3.5,4.0,4.5,5.0', '-log-level=WARNING']
2023-11-26 20:47:37;UNIUSDT;30m;1.0;50;34;72;100.0;4;120.31;['-batch-training', '-calc-rsi', '-verbose', '-prediction-mode=index', '-interval-list=30m', '-range-min-rsi=28', '-range-max-rsi=80', '-range-p-ema=50,250', '-target-margin-list=1.0,1.5,2.0,2.5,3.0,3.5,4.0,4.5,5.0', '-log-level=WARNING']
2023-11-26 19:53:00;UNIUSDT;30m;3.0;150;34;72;100.0;2;120.32;['-batch-training', '-calc-rsi', '-verbose', '-prediction-mode=index', '-interval-list=30m', '-range-min-rsi=28', '-range-max-rsi=80', '-range-p-ema=50,250', '-target-margin-list=1.0,1.5,2.0,2.5,3.0,3.5,4.0,4.5,5.0', '-log-level=WARNING']
2023-11-26 20:51:47;UNIUSDT;30m;2.0;50;34;78;100.0;4;120.35;['-batch-training', '-calc-rsi', '-verbose', '-prediction-mode=index', '-interval-list=30m', '-range-min-rsi=28', '-range-max-rsi=80', '-range-p-ema=50,250', '-target-margin-list=1.0,1.5,2.0,2.5,3.0,3.5,4.0,4.5,5.0', '-log-level=WARNING']
2023-11-26 19:28:14;UNIUSDT;30m;2.0;100;34;78;100.0;4;120.35;['-batch-training', '-calc-rsi', '-verbose', '-prediction-mode=index', '-interval-list=30m', '-range-min-rsi=28', '-range-max-rsi=80', '-range-p-ema=50,250', '-target-margin-list=1.0,1.5,2.0,2.5,3.0,3.5,4.0,4.5,5.0', '-log-level=WARNING']
2023-11-26 19:29:05;UNIUSDT;30m;2.5;100;36;74;100.0;4;120.35;['-batch-training', '-calc-rsi', '-verbose', '-prediction-mode=index', '-interval-list=30m', '-range-min-rsi=28', '-range-max-rsi=80', '-range-p-ema=50,250', '-target-margin-list=1.0,1.5,2.0,2.5,3.0,3.5,4.0,4.5,5.0', '-log-level=WARNING']
2023-11-26 19:40:33;UNIUSDT;30m;2.5;125;36;74;100.0;4;120.35;['-batch-training', '-calc-rsi', '-verbose', '-prediction-mode=index', '-interval-list=30m', '-range-min-rsi=28', '-range-max-rsi=80', '-range-p-ema=50,250', '-target-margin-list=1.0,1.5,2.0,2.5,3.0,3.5,4.0,4.5,5.0', '-log-level=WARNING']
2023-11-26 20:52:51;UNIUSDT;30m;2.5;50;36;74;100.0;4;120.35;['-batch-training', '-calc-rsi', '-verbose', '-prediction-mode=index', '-interval-list=30m', '-range-min-rsi=28', '-range-max-rsi=80', '-range-p-ema=50,250', '-target-margin-list=1.0,1.5,2.0,2.5,3.0,3.5,4.0,4.5,5.0', '-log-level=WARNING']
2023-11-26 21:08:13;UNIUSDT;30m;2.5;75;36;74;100.0;4;120.35;['-batch-training', '-calc-rsi', '-verbose', '-prediction-mode=index', '-interval-list=30m', '-range-min-rsi=28', '-range-max-rsi=80', '-range-p-ema=50,250', '-target-margin-list=1.0,1.5,2.0,2.5,3.0,3.5,4.0,4.5,5.0', '-log-level=WARNING']
2023-11-26 20:37:26;UNIUSDT;30m;2.0;250;34;76;100.0;4;120.35;['-batch-training', '-calc-rsi', '-verbose', '-prediction-mode=index', '-interval-list=30m', '-range-min-rsi=28', '-range-max-rsi=80', '-range-p-ema=50,250', '-target-margin-list=1.0,1.5,2.0,2.5,3.0,3.5,4.0,4.5,5.0', '-log-level=WARNING']
2023-11-26 19:39:44;UNIUSDT;30m;2.0;125;34;78;100.0;4;120.35;['-batch-training', '-calc-rsi', '-verbose', '-prediction-mode=index', '-interval-list=30m', '-range-min-rsi=28', '-range-max-rsi=80', '-range-p-ema=50,250', '-target-margin-list=1.0,1.5,2.0,2.5,3.0,3.5,4.0,4.5,5.0', '-log-level=WARNING']
2023-11-26 21:07:02;UNIUSDT;30m;2.0;75;34;78;100.0;4;120.35;['-batch-training', '-calc-rsi', '-verbose', '-prediction-mode=index', '-interval-list=30m', '-range-min-rsi=28', '-range-max-rsi=80', '-range-p-ema=50,250', '-target-margin-list=1.0,1.5,2.0,2.5,3.0,3.5,4.0,4.5,5.0', '-log-level=WARNING']
2023-11-26 20:33:07;UNIUSDT;30m;5.0;225;30;78;100.0;2;120.36;['-batch-training', '-calc-rsi', '-verbose', '-prediction-mode=index', '-interval-list=30m', '-range-min-rsi=28', '-range-max-rsi=80', '-range-p-ema=50,250', '-target-margin-list=1.0,1.5,2.0,2.5,3.0,3.5,4.0,4.5,5.0', '-log-level=WARNING']
2023-11-26 21:01:37;UNIUSDT;30m;5.0;50;30;78;100.0;2;120.36;['-batch-training', '-calc-rsi', '-verbose', '-prediction-mode=index', '-interval-list=30m', '-range-min-rsi=28', '-range-max-rsi=80', '-range-p-ema=50,250', '-target-margin-list=1.0,1.5,2.0,2.5,3.0,3.5,4.0,4.5,5.0', '-log-level=WARNING']
2023-11-26 20:46:51;UNIUSDT;30m;5.0;250;30;78;100.0;2;120.36;['-batch-training', '-calc-rsi', '-verbose', '-prediction-mode=index', '-interval-list=30m', '-range-min-rsi=28', '-range-max-rsi=80', '-range-p-ema=50,250', '-target-margin-list=1.0,1.5,2.0,2.5,3.0,3.5,4.0,4.5,5.0', '-log-level=WARNING']
2023-11-26 20:20:03;UNIUSDT;30m;5.0;200;30;78;100.0;2;120.36;['-batch-training', '-calc-rsi', '-verbose', '-prediction-mode=index', '-interval-list=30m', '-range-min-rsi=28', '-range-max-rsi=80', '-range-p-ema=50,250', '-target-margin-list=1.0,1.5,2.0,2.5,3.0,3.5,4.0,4.5,5.0', '-log-level=WARNING']
2023-11-26 20:08:09;UNIUSDT;30m;5.0;175;30;78;100.0;2;120.36;['-batch-training', '-calc-rsi', '-verbose', '-prediction-mode=index', '-interval-list=30m', '-range-min-rsi=28', '-range-max-rsi=80', '-range-p-ema=50,250', '-target-margin-list=1.0,1.5,2.0,2.5,3.0,3.5,4.0,4.5,5.0', '-log-level=WARNING']
2023-11-26 21:16:51;UNIUSDT;30m;5.0;75;30;78;100.0;2;120.36;['-batch-training', '-calc-rsi', '-verbose', '-prediction-mode=index', '-interval-list=30m', '-range-min-rsi=28', '-range-max-rsi=80', '-range-p-ema=50,250', '-target-margin-list=1.0,1.5,2.0,2.5,3.0,3.5,4.0,4.5,5.0', '-log-level=WARNING']
2023-11-26 19:47:16;UNIUSDT;30m;5.0;125;30;78;100.0;2;120.36;['-batch-training', '-calc-rsi', '-verbose', '-prediction-mode=index', '-interval-list=30m', '-range-min-rsi=28', '-range-max-rsi=80', '-range-p-ema=50,250', '-target-margin-list=1.0,1.5,2.0,2.5,3.0,3.5,4.0,4.5,5.0', '-log-level=WARNING']
2023-11-26 19:35:40;UNIUSDT;30m;5.0;100;30;78;100.0;2;120.36;['-batch-training', '-calc-rsi', '-verbose', '-prediction-mode=index', '-interval-list=30m', '-range-min-rsi=28', '-range-max-rsi=80', '-range-p-ema=50,250', '-target-margin-list=1.0,1.5,2.0,2.5,3.0,3.5,4.0,4.5,5.0', '-log-level=WARNING']
2023-11-26 19:58:07;UNIUSDT;30m;5.0;150;30;78;100.0;2;120.36;['-batch-training', '-calc-rsi', '-verbose', '-prediction-mode=index', '-interval-list=30m', '-range-min-rsi=28', '-range-max-rsi=80', '-range-p-ema=50,250', '-target-margin-list=1.0,1.5,2.0,2.5,3.0,3.5,4.0,4.5,5.0', '-log-level=WARNING']
2023-11-26 21:14:27;UNIUSDT;30m;4.0;75;36;80;100.0;2;120.41;['-batch-training', '-calc-rsi', '-verbose', '-prediction-mode=index', '-interval-list=30m', '-range-min-rsi=28', '-range-max-rsi=80', '-range-p-ema=50,250', '-target-margin-list=1.0,1.5,2.0,2.5,3.0,3.5,4.0,4.5,5.0', '-log-level=WARNING']
2023-11-26 20:01:53;UNIUSDT;30m;2.0;175;36;80;100.0;5;120.41;['-batch-training', '-calc-rsi', '-verbose', '-prediction-mode=index', '-interval-list=30m', '-range-min-rsi=28', '-range-max-rsi=80', '-range-p-ema=50,250', '-target-margin-list=1.0,1.5,2.0,2.5,3.0,3.5,4.0,4.5,5.0', '-log-level=WARNING']
2023-11-26 20:58:46;UNIUSDT;30m;4.0;50;36;80;100.0;2;120.41;['-batch-training', '-calc-rsi', '-verbose', '-prediction-mode=index', '-interval-list=30m', '-range-min-rsi=28', '-range-max-rsi=80', '-range-p-ema=50,250', '-target-margin-list=1.0,1.5,2.0,2.5,3.0,3.5,4.0,4.5,5.0', '-log-level=WARNING']
2023-11-26 20:12:18;UNIUSDT;30m;2.0;200;36;80;100.0;5;120.41;['-batch-training', '-calc-rsi', '-verbose', '-prediction-mode=index', '-interval-list=30m', '-range-min-rsi=28', '-range-max-rsi=80', '-range-p-ema=50,250', '-target-margin-list=1.0,1.5,2.0,2.5,3.0,3.5,4.0,4.5,5.0', '-log-level=WARNING']
2023-11-26 19:51:47;UNIUSDT;30m;2.5;150;34;72;100.0;2;120.43;['-batch-training', '-calc-rsi', '-verbose', '-prediction-mode=index', '-interval-list=30m', '-range-min-rsi=28', '-range-max-rsi=80', '-range-p-ema=50,250', '-target-margin-list=1.0,1.5,2.0,2.5,3.0,3.5,4.0,4.5,5.0', '-log-level=WARNING']
2023-11-26 19:53:37;UNIUSDT;30m;3.0;150;32;78;100.0;3;120.43;['-batch-training', '-calc-rsi', '-verbose', '-prediction-mode=index', '-interval-list=30m', '-range-min-rsi=28', '-range-max-rsi=80', '-range-p-ema=50,250', '-target-margin-list=1.0,1.5,2.0,2.5,3.0,3.5,4.0,4.5,5.0', '-log-level=WARNING']
2023-11-26 20:55:16;UNIUSDT;30m;3.0;50;30;80;100.0;2;120.47;['-batch-training', '-calc-rsi', '-verbose', '-prediction-mode=index', '-interval-list=30m', '-range-min-rsi=28', '-range-max-rsi=80', '-range-p-ema=50,250', '-target-margin-list=1.0,1.5,2.0,2.5,3.0,3.5,4.0,4.5,5.0', '-log-level=WARNING']
2023-11-26 21:10:51;UNIUSDT;30m;3.0;75;30;80;100.0;2;120.47;['-batch-training', '-calc-rsi', '-verbose', '-prediction-mode=index', '-interval-list=30m', '-range-min-rsi=28', '-range-max-rsi=80', '-range-p-ema=50,250', '-target-margin-list=1.0,1.5,2.0,2.5,3.0,3.5,4.0,4.5,5.0', '-log-level=WARNING']
2023-11-26 19:42:27;UNIUSDT;30m;3.0;125;30;80;100.0;2;120.47;['-batch-training', '-calc-rsi', '-verbose', '-prediction-mode=index', '-interval-list=30m', '-range-min-rsi=28', '-range-max-rsi=80', '-range-p-ema=50,250', '-target-margin-list=1.0,1.5,2.0,2.5,3.0,3.5,4.0,4.5,5.0', '-log-level=WARNING']
2023-11-26 20:27:34;UNIUSDT;30m;3.0;225;30;80;100.0;2;120.47;['-batch-training', '-calc-rsi', '-verbose', '-prediction-mode=index', '-interval-list=30m', '-range-min-rsi=28', '-range-max-rsi=80', '-range-p-ema=50,250', '-target-margin-list=1.0,1.5,2.0,2.5,3.0,3.5,4.0,4.5,5.0', '-log-level=WARNING']
2023-11-26 19:53:48;UNIUSDT;30m;3.0;150;30;80;100.0;2;120.47;['-batch-training', '-calc-rsi', '-verbose', '-prediction-mode=index', '-interval-list=30m', '-range-min-rsi=28', '-range-max-rsi=80', '-range-p-ema=50,250', '-target-margin-list=1.0,1.5,2.0,2.5,3.0,3.5,4.0,4.5,5.0', '-log-level=WARNING']
2023-11-26 20:03:59;UNIUSDT;30m;3.0;175;30;80;100.0;2;120.47;['-batch-training', '-calc-rsi', '-verbose', '-prediction-mode=index', '-interval-list=30m', '-range-min-rsi=28', '-range-max-rsi=80', '-range-p-ema=50,250', '-target-margin-list=1.0,1.5,2.0,2.5,3.0,3.5,4.0,4.5,5.0', '-log-level=WARNING']
2023-11-26 20:14:49;UNIUSDT;30m;3.0;200;30;80;100.0;2;120.47;['-batch-training', '-calc-rsi', '-verbose', '-prediction-mode=index', '-interval-list=30m', '-range-min-rsi=28', '-range-max-rsi=80', '-range-p-ema=50,250', '-target-margin-list=1.0,1.5,2.0,2.5,3.0,3.5,4.0,4.5,5.0', '-log-level=WARNING']
2023-11-26 19:30:57;UNIUSDT;30m;3.0;100;30;80;100.0;2;120.47;['-batch-training', '-calc-rsi', '-verbose', '-prediction-mode=index', '-interval-list=30m', '-range-min-rsi=28', '-range-max-rsi=80', '-range-p-ema=50,250', '-target-margin-list=1.0,1.5,2.0,2.5,3.0,3.5,4.0,4.5,5.0', '-log-level=WARNING']
2023-11-26 20:25:56;UNIUSDT;30m;2.5;225;34;78;100.0;5;120.54;['-batch-training', '-calc-rsi', '-verbose', '-prediction-mode=index', '-interval-list=30m', '-range-min-rsi=28', '-range-max-rsi=80', '-range-p-ema=50,250', '-target-margin-list=1.0,1.5,2.0,2.5,3.0,3.5,4.0,4.5,5.0', '-log-level=WARNING']
2023-11-26 20:39:56;UNIUSDT;30m;3.0;250;36;72;100.0;4;120.56;['-batch-training', '-calc-rsi', '-verbose', '-prediction-mode=index', '-interval-list=30m', '-range-min-rsi=28', '-range-max-rsi=80', '-range-p-ema=50,250', '-target-margin-list=1.0,1.5,2.0,2.5,3.0,3.5,4.0,4.5,5.0', '-log-level=WARNING']
2023-11-26 20:30:39;UNIUSDT;30m;4.0;225;36;80;100.0;3;120.59;['-batch-training', '-calc-rsi', '-verbose', '-prediction-mode=index', '-interval-list=30m', '-range-min-rsi=28', '-range-max-rsi=80', '-range-p-ema=50,250', '-target-margin-list=1.0,1.5,2.0,2.5,3.0,3.5,4.0,4.5,5.0', '-log-level=WARNING']
2023-11-26 20:44:15;UNIUSDT;30m;4.0;250;36;80;100.0;3;120.59;['-batch-training', '-calc-rsi', '-verbose', '-prediction-mode=index', '-interval-list=30m', '-range-min-rsi=28', '-range-max-rsi=80', '-range-p-ema=50,250', '-target-margin-list=1.0,1.5,2.0,2.5,3.0,3.5,4.0,4.5,5.0', '-log-level=WARNING']
2023-11-26 20:36:50;UNIUSDT;30m;2.0;250;34;72;100.0;2;120.61;['-batch-training', '-calc-rsi', '-verbose', '-prediction-mode=index', '-interval-list=30m', '-range-min-rsi=28', '-range-max-rsi=80', '-range-p-ema=50,250', '-target-margin-list=1.0,1.5,2.0,2.5,3.0,3.5,4.0,4.5,5.0', '-log-level=WARNING']
2023-11-26 19:42:18;UNIUSDT;30m;3.0;125;34;78;100.0;3;120.62;['-batch-training', '-calc-rsi', '-verbose', '-prediction-mode=index', '-interval-list=30m', '-range-min-rsi=28', '-range-max-rsi=80', '-range-p-ema=50,250', '-target-margin-list=1.0,1.5,2.0,2.5,3.0,3.5,4.0,4.5,5.0', '-log-level=WARNING']
2023-11-26 21:10:38;UNIUSDT;30m;3.0;75;34;78;100.0;3;120.62;['-batch-training', '-calc-rsi', '-verbose', '-prediction-mode=index', '-interval-list=30m', '-range-min-rsi=28', '-range-max-rsi=80', '-range-p-ema=50,250', '-target-margin-list=1.0,1.5,2.0,2.5,3.0,3.5,4.0,4.5,5.0', '-log-level=WARNING']
2023-11-26 19:30:47;UNIUSDT;30m;3.0;100;34;78;100.0;3;120.62;['-batch-training', '-calc-rsi', '-verbose', '-prediction-mode=index', '-interval-list=30m', '-range-min-rsi=28', '-range-max-rsi=80', '-range-p-ema=50,250', '-target-margin-list=1.0,1.5,2.0,2.5,3.0,3.5,4.0,4.5,5.0', '-log-level=WARNING']
2023-11-26 20:55:05;UNIUSDT;30m;3.0;50;34;78;100.0;3;120.62;['-batch-training', '-calc-rsi', '-verbose', '-prediction-mode=index', '-interval-list=30m', '-range-min-rsi=28', '-range-max-rsi=80', '-range-p-ema=50,250', '-target-margin-list=1.0,1.5,2.0,2.5,3.0,3.5,4.0,4.5,5.0', '-log-level=WARNING']
2023-11-26 20:09:47;UNIUSDT;30m;1.5;200;30;72;100.0;2;120.66;['-batch-training', '-calc-rsi', '-verbose', '-prediction-mode=index', '-interval-list=30m', '-range-min-rsi=28', '-range-max-rsi=80', '-range-p-ema=50,250', '-target-margin-list=1.0,1.5,2.0,2.5,3.0,3.5,4.0,4.5,5.0', '-log-level=WARNING']
2023-11-26 19:59:42;UNIUSDT;30m;1.5;175;30;72;100.0;2;120.66;['-batch-training', '-calc-rsi', '-verbose', '-prediction-mode=index', '-interval-list=30m', '-range-min-rsi=28', '-range-max-rsi=80', '-range-p-ema=50,250', '-target-margin-list=1.0,1.5,2.0,2.5,3.0,3.5,4.0,4.5,5.0', '-log-level=WARNING']
2023-11-26 19:55:05;UNIUSDT;30m;3.5;150;36;80;100.0;2;120.68;['-batch-training', '-calc-rsi', '-verbose', '-prediction-mode=index', '-interval-list=30m', '-range-min-rsi=28', '-range-max-rsi=80', '-range-p-ema=50,250', '-target-margin-list=1.0,1.5,2.0,2.5,3.0,3.5,4.0,4.5,5.0', '-log-level=WARNING']
2023-11-26 21:05:41;UNIUSDT;30m;1.5;75;36;80;100.0;6;120.69;['-batch-training', '-calc-rsi', '-verbose', '-prediction-mode=index', '-interval-list=30m', '-range-min-rsi=28', '-range-max-rsi=80', '-range-p-ema=50,250', '-target-margin-list=1.0,1.5,2.0,2.5,3.0,3.5,4.0,4.5,5.0', '-log-level=WARNING']
2023-11-26 20:50:33;UNIUSDT;30m;1.5;50;36;80;100.0;6;120.69;['-batch-training', '-calc-rsi', '-verbose', '-prediction-mode=index', '-interval-list=30m', '-range-min-rsi=28', '-range-max-rsi=80', '-range-p-ema=50,250', '-target-margin-list=1.0,1.5,2.0,2.5,3.0,3.5,4.0,4.5,5.0', '-log-level=WARNING']
2023-11-26 20:29:12;UNIUSDT;30m;3.5;225;36;80;100.0;3;120.69;['-batch-training', '-calc-rsi', '-verbose', '-prediction-mode=index', '-interval-list=30m', '-range-min-rsi=28', '-range-max-rsi=80', '-range-p-ema=50,250', '-target-margin-list=1.0,1.5,2.0,2.5,3.0,3.5,4.0,4.5,5.0', '-log-level=WARNING']
2023-11-26 19:39:44;UNIUSDT;30m;2.0;125;34;78;100.0;6;120.73;['-batch-training', '-calc-rsi', '-verbose', '-prediction-mode=index', '-interval-list=30m', '-range-min-rsi=28', '-range-max-rsi=80', '-range-p-ema=50,250', '-target-margin-list=1.0,1.5,2.0,2.5,3.0,3.5,4.0,4.5,5.0', '-log-level=WARNING']
2023-11-26 19:49:42;UNIUSDT;30m;1.5;150;34;76;100.0;5;120.73;['-batch-training', '-calc-rsi', '-verbose', '-prediction-mode=index', '-interval-list=30m', '-range-min-rsi=28', '-range-max-rsi=80', '-range-p-ema=50,250', '-target-margin-list=1.0,1.5,2.0,2.5,3.0,3.5,4.0,4.5,5.0', '-log-level=WARNING']
2023-11-26 19:28:15;UNIUSDT;30m;2.0;100;34;78;100.0;6;120.73;['-batch-training', '-calc-rsi', '-verbose', '-prediction-mode=index', '-interval-list=30m', '-range-min-rsi=28', '-range-max-rsi=80', '-range-p-ema=50,250', '-target-margin-list=1.0,1.5,2.0,2.5,3.0,3.5,4.0,4.5,5.0', '-log-level=WARNING']
2023-11-26 20:51:47;UNIUSDT;30m;2.0;50;34;78;100.0;6;120.73;['-batch-training', '-calc-rsi', '-verbose', '-prediction-mode=index', '-interval-list=30m', '-range-min-rsi=28', '-range-max-rsi=80', '-range-p-ema=50,250', '-target-margin-list=1.0,1.5,2.0,2.5,3.0,3.5,4.0,4.5,5.0', '-log-level=WARNING']
2023-11-26 21:07:02;UNIUSDT;30m;2.0;75;34;78;100.0;6;120.73;['-batch-training', '-calc-rsi', '-verbose', '-prediction-mode=index', '-interval-list=30m', '-range-min-rsi=28', '-range-max-rsi=80', '-range-p-ema=50,250', '-target-margin-list=1.0,1.5,2.0,2.5,3.0,3.5,4.0,4.5,5.0', '-log-level=WARNING']
2023-11-26 20:13:45;UNIUSDT;30m;3.0;200;30;72;100.0;2;120.74;['-batch-training', '-calc-rsi', '-verbose', '-prediction-mode=index', '-interval-list=30m', '-range-min-rsi=28', '-range-max-rsi=80', '-range-p-ema=50,250', '-target-margin-list=1.0,1.5,2.0,2.5,3.0,3.5,4.0,4.5,5.0', '-log-level=WARNING']
2023-11-26 19:41:26;UNIUSDT;30m;3.0;125;30;72;100.0;2;120.74;['-batch-training', '-calc-rsi', '-verbose', '-prediction-mode=index', '-interval-list=30m', '-range-min-rsi=28', '-range-max-rsi=80', '-range-p-ema=50,250', '-target-margin-list=1.0,1.5,2.0,2.5,3.0,3.5,4.0,4.5,5.0', '-log-level=WARNING']
2023-11-26 19:29:56;UNIUSDT;30m;3.0;100;30;72;100.0;2;120.74;['-batch-training', '-calc-rsi', '-verbose', '-prediction-mode=index', '-interval-list=30m', '-range-min-rsi=28', '-range-max-rsi=80', '-range-p-ema=50,250', '-target-margin-list=1.0,1.5,2.0,2.5,3.0,3.5,4.0,4.5,5.0', '-log-level=WARNING']
2023-11-26 20:53:59;UNIUSDT;30m;3.0;50;30;72;100.0;2;120.74;['-batch-training', '-calc-rsi', '-verbose', '-prediction-mode=index', '-interval-list=30m', '-range-min-rsi=28', '-range-max-rsi=80', '-range-p-ema=50,250', '-target-margin-list=1.0,1.5,2.0,2.5,3.0,3.5,4.0,4.5,5.0', '-log-level=WARNING']
2023-11-26 19:52:54;UNIUSDT;30m;3.0;150;30;72;100.0;2;120.74;['-batch-training', '-calc-rsi', '-verbose', '-prediction-mode=index', '-interval-list=30m', '-range-min-rsi=28', '-range-max-rsi=80', '-range-p-ema=50,250', '-target-margin-list=1.0,1.5,2.0,2.5,3.0,3.5,4.0,4.5,5.0', '-log-level=WARNING']
2023-11-26 20:03:05;UNIUSDT;30m;3.0;175;30;72;100.0;2;120.74;['-batch-training', '-calc-rsi', '-verbose', '-prediction-mode=index', '-interval-list=30m', '-range-min-rsi=28', '-range-max-rsi=80', '-range-p-ema=50,250', '-target-margin-list=1.0,1.5,2.0,2.5,3.0,3.5,4.0,4.5,5.0', '-log-level=WARNING']
2023-11-26 21:09:26;UNIUSDT;30m;3.0;75;30;72;100.0;2;120.74;['-batch-training', '-calc-rsi', '-verbose', '-prediction-mode=index', '-interval-list=30m', '-range-min-rsi=28', '-range-max-rsi=80', '-range-p-ema=50,250', '-target-margin-list=1.0,1.5,2.0,2.5,3.0,3.5,4.0,4.5,5.0', '-log-level=WARNING']
2023-11-26 20:06:10;UNIUSDT;30m;4.0;175;30;80;100.0;3;120.75;['-batch-training', '-calc-rsi', '-verbose', '-prediction-mode=index', '-interval-list=30m', '-range-min-rsi=28', '-range-max-rsi=80', '-range-p-ema=50,250', '-target-margin-list=1.0,1.5,2.0,2.5,3.0,3.5,4.0,4.5,5.0', '-log-level=WARNING']
2023-11-26 20:30:29;UNIUSDT;30m;4.0;225;30;80;100.0;3;120.75;['-batch-training', '-calc-rsi', '-verbose', '-prediction-mode=index', '-interval-list=30m', '-range-min-rsi=28', '-range-max-rsi=80', '-range-p-ema=50,250', '-target-margin-list=1.0,1.5,2.0,2.5,3.0,3.5,4.0,4.5,5.0', '-log-level=WARNING']
2023-11-26 19:56:05;UNIUSDT;30m;4.0;150;30;80;100.0;3;120.75;['-batch-training', '-calc-rsi', '-verbose', '-prediction-mode=index', '-interval-list=30m', '-range-min-rsi=28', '-range-max-rsi=80', '-range-p-ema=50,250', '-target-margin-list=1.0,1.5,2.0,2.5,3.0,3.5,4.0,4.5,5.0', '-log-level=WARNING']
2023-11-26 20:58:35;UNIUSDT;30m;4.0;50;30;80;100.0;3;120.75;['-batch-training', '-calc-rsi', '-verbose', '-prediction-mode=index', '-interval-list=30m', '-range-min-rsi=28', '-range-max-rsi=80', '-range-p-ema=50,250', '-target-margin-list=1.0,1.5,2.0,2.5,3.0,3.5,4.0,4.5,5.0', '-log-level=WARNING']
2023-11-26 19:33:25;UNIUSDT;30m;4.0;100;30;80;100.0;3;120.75;['-batch-training', '-calc-rsi', '-verbose', '-prediction-mode=index', '-interval-list=30m', '-range-min-rsi=28', '-range-max-rsi=80', '-range-p-ema=50,250', '-target-margin-list=1.0,1.5,2.0,2.5,3.0,3.5,4.0,4.5,5.0', '-log-level=WARNING']
2023-11-26 20:17:33;UNIUSDT;30m;4.0;200;30;80;100.0;3;120.75;['-batch-training', '-calc-rsi', '-verbose', '-prediction-mode=index', '-interval-list=30m', '-range-min-rsi=28', '-range-max-rsi=80', '-range-p-ema=50,250', '-target-margin-list=1.0,1.5,2.0,2.5,3.0,3.5,4.0,4.5,5.0', '-log-level=WARNING']
2023-11-26 20:44:03;UNIUSDT;30m;4.0;250;30;80;100.0;3;120.75;['-batch-training', '-calc-rsi', '-verbose', '-prediction-mode=index', '-interval-list=30m', '-range-min-rsi=28', '-range-max-rsi=80', '-range-p-ema=50,250', '-target-margin-list=1.0,1.5,2.0,2.5,3.0,3.5,4.0,4.5,5.0', '-log-level=WARNING']
2023-11-26 19:44:58;UNIUSDT;30m;4.0;125;30;80;100.0;3;120.75;['-batch-training', '-calc-rsi', '-verbose', '-prediction-mode=index', '-interval-list=30m', '-range-min-rsi=28', '-range-max-rsi=80', '-range-p-ema=50,250', '-target-margin-list=1.0,1.5,2.0,2.5,3.0,3.5,4.0,4.5,5.0', '-log-level=WARNING']
2023-11-26 21:14:17;UNIUSDT;30m;4.0;75;30;80;100.0;3;120.75;['-batch-training', '-calc-rsi', '-verbose', '-prediction-mode=index', '-interval-list=30m', '-range-min-rsi=28', '-range-max-rsi=80', '-range-p-ema=50,250', '-target-margin-list=1.0,1.5,2.0,2.5,3.0,3.5,4.0,4.5,5.0', '-log-level=WARNING']
2023-11-26 20:12:18;UNIUSDT;30m;2.0;200;36;80;100.0;4;120.76;['-batch-training', '-calc-rsi', '-verbose', '-prediction-mode=index', '-interval-list=30m', '-range-min-rsi=28', '-range-max-rsi=80', '-range-p-ema=50,250', '-target-margin-list=1.0,1.5,2.0,2.5,3.0,3.5,4.0,4.5,5.0', '-log-level=WARNING']
2023-11-26 20:00:09;UNIUSDT;30m;1.5;175;30;76;100.0;3;120.77;['-batch-training', '-calc-rsi', '-verbose', '-prediction-mode=index', '-interval-list=30m', '-range-min-rsi=28', '-range-max-rsi=80', '-range-p-ema=50,250', '-target-margin-list=1.0,1.5,2.0,2.5,3.0,3.5,4.0,4.5,5.0', '-log-level=WARNING']
2023-11-26 20:49:42;UNIUSDT;30m;1.5;50;30;76;100.0;3;120.77;['-batch-training', '-calc-rsi', '-verbose', '-prediction-mode=index', '-interval-list=30m', '-range-min-rsi=28', '-range-max-rsi=80', '-range-p-ema=50,250', '-target-margin-list=1.0,1.5,2.0,2.5,3.0,3.5,4.0,4.5,5.0', '-log-level=WARNING']
2023-11-26 19:49:36;UNIUSDT;30m;1.5;150;30;76;100.0;3;120.77;['-batch-training', '-calc-rsi', '-verbose', '-prediction-mode=index', '-interval-list=30m', '-range-min-rsi=28', '-range-max-rsi=80', '-range-p-ema=50,250', '-target-margin-list=1.0,1.5,2.0,2.5,3.0,3.5,4.0,4.5,5.0', '-log-level=WARNING']
2023-11-26 19:38:04;UNIUSDT;30m;1.5;125;30;76;100.0;3;120.77;['-batch-training', '-calc-rsi', '-verbose', '-prediction-mode=index', '-interval-list=30m', '-range-min-rsi=28', '-range-max-rsi=80', '-range-p-ema=50,250', '-target-margin-list=1.0,1.5,2.0,2.5,3.0,3.5,4.0,4.5,5.0', '-log-level=WARNING']
2023-11-26 20:22:39;UNIUSDT;30m;1.5;225;30;76;100.0;3;120.77;['-batch-training', '-calc-rsi', '-verbose', '-prediction-mode=index', '-interval-list=30m', '-range-min-rsi=28', '-range-max-rsi=80', '-range-p-ema=50,250', '-target-margin-list=1.0,1.5,2.0,2.5,3.0,3.5,4.0,4.5,5.0', '-log-level=WARNING']
2023-11-26 19:26:36;UNIUSDT;30m;1.5;100;30;76;100.0;3;120.77;['-batch-training', '-calc-rsi', '-verbose', '-prediction-mode=index', '-interval-list=30m', '-range-min-rsi=28', '-range-max-rsi=80', '-range-p-ema=50,250', '-target-margin-list=1.0,1.5,2.0,2.5,3.0,3.5,4.0,4.5,5.0', '-log-level=WARNING']
2023-11-26 20:10:18;UNIUSDT;30m;1.5;200;30;76;100.0;3;120.77;['-batch-training', '-calc-rsi', '-verbose', '-prediction-mode=index', '-interval-list=30m', '-range-min-rsi=28', '-range-max-rsi=80', '-range-p-ema=50,250', '-target-margin-list=1.0,1.5,2.0,2.5,3.0,3.5,4.0,4.5,5.0', '-log-level=WARNING']
2023-11-26 21:04:43;UNIUSDT;30m;1.5;75;30;76;100.0;3;120.77;['-batch-training', '-calc-rsi', '-verbose', '-prediction-mode=index', '-interval-list=30m', '-range-min-rsi=28', '-range-max-rsi=80', '-range-p-ema=50,250', '-target-margin-list=1.0,1.5,2.0,2.5,3.0,3.5,4.0,4.5,5.0', '-log-level=WARNING']
2023-11-26 19:58:17;UNIUSDT;30m;5.0;150;28;80;100.0;2;120.83;['-batch-training', '-calc-rsi', '-verbose', '-prediction-mode=index', '-interval-list=30m', '-range-min-rsi=28', '-range-max-rsi=80', '-range-p-ema=50,250', '-target-margin-list=1.0,1.5,2.0,2.5,3.0,3.5,4.0,4.5,5.0', '-log-level=WARNING']
2023-11-26 20:20:16;UNIUSDT;30m;5.0;200;28;80;100.0;2;120.83;['-batch-training', '-calc-rsi', '-verbose', '-prediction-mode=index', '-interval-list=30m', '-range-min-rsi=28', '-range-max-rsi=80', '-range-p-ema=50,250', '-target-margin-list=1.0,1.5,2.0,2.5,3.0,3.5,4.0,4.5,5.0', '-log-level=WARNING']
2023-11-26 21:17:04;UNIUSDT;30m;5.0;75;28;80;100.0;2;120.83;['-batch-training', '-calc-rsi', '-verbose', '-prediction-mode=index', '-interval-list=30m', '-range-min-rsi=28', '-range-max-rsi=80', '-range-p-ema=50,250', '-target-margin-list=1.0,1.5,2.0,2.5,3.0,3.5,4.0,4.5,5.0', '-log-level=WARNING']
2023-11-26 19:47:28;UNIUSDT;30m;5.0;125;28;80;100.0;2;120.83;['-batch-training', '-calc-rsi', '-verbose', '-prediction-mode=index', '-interval-list=30m', '-range-min-rsi=28', '-range-max-rsi=80', '-range-p-ema=50,250', '-target-margin-list=1.0,1.5,2.0,2.5,3.0,3.5,4.0,4.5,5.0', '-log-level=WARNING']
2023-11-26 21:01:52;UNIUSDT;30m;5.0;50;28;80;100.0;2;120.83;['-batch-training', '-calc-rsi', '-verbose', '-prediction-mode=index', '-interval-list=30m', '-range-min-rsi=28', '-range-max-rsi=80', '-range-p-ema=50,250', '-target-margin-list=1.0,1.5,2.0,2.5,3.0,3.5,4.0,4.5,5.0', '-log-level=WARNING']
2023-11-26 20:47:07;UNIUSDT;30m;5.0;250;28;80;100.0;2;120.83;['-batch-training', '-calc-rsi', '-verbose', '-prediction-mode=index', '-interval-list=30m', '-range-min-rsi=28', '-range-max-rsi=80', '-range-p-ema=50,250', '-target-margin-list=1.0,1.5,2.0,2.5,3.0,3.5,4.0,4.5,5.0', '-log-level=WARNING']
2023-11-26 20:08:19;UNIUSDT;30m;5.0;175;28;80;100.0;2;120.83;['-batch-training', '-calc-rsi', '-verbose', '-prediction-mode=index', '-interval-list=30m', '-range-min-rsi=28', '-range-max-rsi=80', '-range-p-ema=50,250', '-target-margin-list=1.0,1.5,2.0,2.5,3.0,3.5,4.0,4.5,5.0', '-log-level=WARNING']
2023-11-26 19:35:53;UNIUSDT;30m;5.0;100;28;80;100.0;2;120.83;['-batch-training', '-calc-rsi', '-verbose', '-prediction-mode=index', '-interval-list=30m', '-range-min-rsi=28', '-range-max-rsi=80', '-range-p-ema=50,250', '-target-margin-list=1.0,1.5,2.0,2.5,3.0,3.5,4.0,4.5,5.0', '-log-level=WARNING']
2023-11-26 20:33:21;UNIUSDT;30m;5.0;225;28;80;100.0;2;120.83;['-batch-training', '-calc-rsi', '-verbose', '-prediction-mode=index', '-interval-list=30m', '-range-min-rsi=28', '-range-max-rsi=80', '-range-p-ema=50,250', '-target-margin-list=1.0,1.5,2.0,2.5,3.0,3.5,4.0,4.5,5.0', '-log-level=WARNING']
2023-11-26 20:08:16;UNIUSDT;30m;5.0;175;36;78;100.0;2;120.84;['-batch-training', '-calc-rsi', '-verbose', '-prediction-mode=index', '-interval-list=30m', '-range-min-rsi=28', '-range-max-rsi=80', '-range-p-ema=50,250', '-target-margin-list=1.0,1.5,2.0,2.5,3.0,3.5,4.0,4.5,5.0', '-log-level=WARNING']
2023-11-26 20:20:13;UNIUSDT;30m;5.0;200;36;78;100.0;2;120.84;['-batch-training', '-calc-rsi', '-verbose', '-prediction-mode=index', '-interval-list=30m', '-range-min-rsi=28', '-range-max-rsi=80', '-range-p-ema=50,250', '-target-margin-list=1.0,1.5,2.0,2.5,3.0,3.5,4.0,4.5,5.0', '-log-level=WARNING']
2023-11-26 21:08:09;UNIUSDT;30m;2.5;75;34;74;100.0;2;120.91;['-batch-training', '-calc-rsi', '-verbose', '-prediction-mode=index', '-interval-list=30m', '-range-min-rsi=28', '-range-max-rsi=80', '-range-p-ema=50,250', '-target-margin-list=1.0,1.5,2.0,2.5,3.0,3.5,4.0,4.5,5.0', '-log-level=WARNING']
2023-11-26 19:40:30;UNIUSDT;30m;2.5;125;34;74;100.0;2;120.91;['-batch-training', '-calc-rsi', '-verbose', '-prediction-mode=index', '-interval-list=30m', '-range-min-rsi=28', '-range-max-rsi=80', '-range-p-ema=50,250', '-target-margin-list=1.0,1.5,2.0,2.5,3.0,3.5,4.0,4.5,5.0', '-log-level=WARNING']
2023-11-26 19:29:02;UNIUSDT;30m;2.5;100;34;74;100.0;2;120.91;['-batch-training', '-calc-rsi', '-verbose', '-prediction-mode=index', '-interval-list=30m', '-range-min-rsi=28', '-range-max-rsi=80', '-range-p-ema=50,250', '-target-margin-list=1.0,1.5,2.0,2.5,3.0,3.5,4.0,4.5,5.0', '-log-level=WARNING']
2023-11-26 20:52:46;UNIUSDT;30m;2.5;50;34;74;100.0;2;120.91;['-batch-training', '-calc-rsi', '-verbose', '-prediction-mode=index', '-interval-list=30m', '-range-min-rsi=28', '-range-max-rsi=80', '-range-p-ema=50,250', '-target-margin-list=1.0,1.5,2.0,2.5,3.0,3.5,4.0,4.5,5.0', '-log-level=WARNING']
2023-11-26 20:49:35;UNIUSDT;30m;1.5;50;36;74;100.0;5;120.92;['-batch-training', '-calc-rsi', '-verbose', '-prediction-mode=index', '-interval-list=30m', '-range-min-rsi=28', '-range-max-rsi=80', '-range-p-ema=50,250', '-target-margin-list=1.0,1.5,2.0,2.5,3.0,3.5,4.0,4.5,5.0', '-log-level=WARNING']
2023-11-26 19:26:29;UNIUSDT;30m;1.5;100;36;74;100.0;5;120.92;['-batch-training', '-calc-rsi', '-verbose', '-prediction-mode=index', '-interval-list=30m', '-range-min-rsi=28', '-range-max-rsi=80', '-range-p-ema=50,250', '-target-margin-list=1.0,1.5,2.0,2.5,3.0,3.5,4.0,4.5,5.0', '-log-level=WARNING']
2023-11-26 20:36:39;UNIUSDT;30m;2.0;250;28;72;100.0;2;120.92;['-batch-training', '-calc-rsi', '-verbose', '-prediction-mode=index', '-interval-list=30m', '-range-min-rsi=28', '-range-max-rsi=80', '-range-p-ema=50,250', '-target-margin-list=1.0,1.5,2.0,2.5,3.0,3.5,4.0,4.5,5.0', '-log-level=WARNING']
2023-11-26 19:37:58;UNIUSDT;30m;1.5;125;36;74;100.0;5;120.92;['-batch-training', '-calc-rsi', '-verbose', '-prediction-mode=index', '-interval-list=30m', '-range-min-rsi=28', '-range-max-rsi=80', '-range-p-ema=50,250', '-target-margin-list=1.0,1.5,2.0,2.5,3.0,3.5,4.0,4.5,5.0', '-log-level=WARNING']
2023-11-26 21:04:35;UNIUSDT;30m;1.5;75;36;74;100.0;5;120.92;['-batch-training', '-calc-rsi', '-verbose', '-prediction-mode=index', '-interval-list=30m', '-range-min-rsi=28', '-range-max-rsi=80', '-range-p-ema=50,250', '-target-margin-list=1.0,1.5,2.0,2.5,3.0,3.5,4.0,4.5,5.0', '-log-level=WARNING']
2023-11-26 20:39:15;UNIUSDT;30m;2.5;250;34;78;100.0;5;120.94;['-batch-training', '-calc-rsi', '-verbose', '-prediction-mode=index', '-interval-list=30m', '-range-min-rsi=28', '-range-max-rsi=80', '-range-p-ema=50,250', '-target-margin-list=1.0,1.5,2.0,2.5,3.0,3.5,4.0,4.5,5.0', '-log-level=WARNING']
2023-11-26 20:24:48;UNIUSDT;30m;2.0;225;34;80;100.0;5;120.95;['-batch-training', '-calc-rsi', '-verbose', '-prediction-mode=index', '-interval-list=30m', '-range-min-rsi=28', '-range-max-rsi=80', '-range-p-ema=50,250', '-target-margin-list=1.0,1.5,2.0,2.5,3.0,3.5,4.0,4.5,5.0', '-log-level=WARNING']
2023-11-26 19:53:02;UNIUSDT;30m;3.0;150;36;72;100.0;2;121.0;['-batch-training', '-calc-rsi', '-verbose', '-prediction-mode=index', '-interval-list=30m', '-range-min-rsi=28', '-range-max-rsi=80', '-range-p-ema=50,250', '-target-margin-list=1.0,1.5,2.0,2.5,3.0,3.5,4.0,4.5,5.0', '-log-level=WARNING']
2023-11-26 20:24:13;UNIUSDT;30m;2.0;225;34;76;100.0;6;121.01;['-batch-training', '-calc-rsi', '-verbose', '-prediction-mode=index', '-interval-list=30m', '-range-min-rsi=28', '-range-max-rsi=80', '-range-p-ema=50,250', '-target-margin-list=1.0,1.5,2.0,2.5,3.0,3.5,4.0,4.5,5.0', '-log-level=WARNING']
2023-11-26 19:58:55;UNIUSDT;30m;1.0;175;36;74;100.0;7;121.05;['-batch-training', '-calc-rsi', '-verbose', '-prediction-mode=index', '-interval-list=30m', '-range-min-rsi=28', '-range-max-rsi=80', '-range-p-ema=50,250', '-target-margin-list=1.0,1.5,2.0,2.5,3.0,3.5,4.0,4.5,5.0', '-log-level=WARNING']
2023-11-26 19:52:17;UNIUSDT;30m;2.5;150;34;76;100.0;4;121.12;['-batch-training', '-calc-rsi', '-verbose', '-prediction-mode=index', '-interval-list=30m', '-range-min-rsi=28', '-range-max-rsi=80', '-range-p-ema=50,250', '-target-margin-list=1.0,1.5,2.0,2.5,3.0,3.5,4.0,4.5,5.0', '-log-level=WARNING']
2023-11-26 19:24:55;UNIUSDT;30m;1.0;100;36;72;100.0;4;121.15;['-batch-training', '-calc-rsi', '-verbose', '-prediction-mode=index', '-interval-list=30m', '-range-min-rsi=28', '-range-max-rsi=80', '-range-p-ema=50,250', '-target-margin-list=1.0,1.5,2.0,2.5,3.0,3.5,4.0,4.5,5.0', '-log-level=WARNING']
2023-11-26 21:02:29;UNIUSDT;30m;1.0;75;36;72;100.0;4;121.15;['-batch-training', '-calc-rsi', '-verbose', '-prediction-mode=index', '-interval-list=30m', '-range-min-rsi=28', '-range-max-rsi=80', '-range-p-ema=50,250', '-target-margin-list=1.0,1.5,2.0,2.5,3.0,3.5,4.0,4.5,5.0', '-log-level=WARNING']
2023-11-26 20:47:41;UNIUSDT;30m;1.0;50;36;72;100.0;4;121.15;['-batch-training', '-calc-rsi', '-verbose', '-prediction-mode=index', '-interval-list=30m', '-range-min-rsi=28', '-range-max-rsi=80', '-range-p-ema=50,250', '-target-margin-list=1.0,1.5,2.0,2.5,3.0,3.5,4.0,4.5,5.0', '-log-level=WARNING']
2023-11-26 19:36:21;UNIUSDT;30m;1.0;125;36;72;100.0;4;121.15;['-batch-training', '-calc-rsi', '-verbose', '-prediction-mode=index', '-interval-list=30m', '-range-min-rsi=28', '-range-max-rsi=80', '-range-p-ema=50,250', '-target-margin-list=1.0,1.5,2.0,2.5,3.0,3.5,4.0,4.5,5.0', '-log-level=WARNING']
2023-11-26 20:39:48;UNIUSDT;30m;3.0;250;32;72;100.0;2;121.17;['-batch-training', '-calc-rsi', '-verbose', '-prediction-mode=index', '-interval-list=30m', '-range-min-rsi=28', '-range-max-rsi=80', '-range-p-ema=50,250', '-target-margin-list=1.0,1.5,2.0,2.5,3.0,3.5,4.0,4.5,5.0', '-log-level=WARNING']
2023-11-26 19:25:10;UNIUSDT;30m;1.0;100;36;74;100.0;4;121.22;['-batch-training', '-calc-rsi', '-verbose', '-prediction-mode=index', '-interval-list=30m', '-range-min-rsi=28', '-range-max-rsi=80', '-range-p-ema=50,250', '-target-margin-list=1.0,1.5,2.0,2.5,3.0,3.5,4.0,4.5,5.0', '-log-level=WARNING']
2023-11-26 19:36:38;UNIUSDT;30m;1.0;125;36;74;100.0;4;121.22;['-batch-training', '-calc-rsi', '-verbose', '-prediction-mode=index', '-interval-list=30m', '-range-min-rsi=28', '-range-max-rsi=80', '-range-p-ema=50,250', '-target-margin-list=1.0,1.5,2.0,2.5,3.0,3.5,4.0,4.5,5.0', '-log-level=WARNING']
2023-11-26 19:51:03;UNIUSDT;30m;2.0;150;36;76;100.0;5;121.23;['-batch-training', '-calc-rsi', '-verbose', '-prediction-mode=index', '-interval-list=30m', '-range-min-rsi=28', '-range-max-rsi=80', '-range-p-ema=50,250', '-target-margin-list=1.0,1.5,2.0,2.5,3.0,3.5,4.0,4.5,5.0', '-log-level=WARNING']
2023-11-26 20:14:43;UNIUSDT;30m;3.0;200;36;78;100.0;3;121.28;['-batch-training', '-calc-rsi', '-verbose', '-prediction-mode=index', '-interval-list=30m', '-range-min-rsi=28', '-range-max-rsi=80', '-range-p-ema=50,250', '-target-margin-list=1.0,1.5,2.0,2.5,3.0,3.5,4.0,4.5,5.0', '-log-level=WARNING']
2023-11-26 20:03:52;UNIUSDT;30m;3.0;175;36;78;100.0;3;121.28;['-batch-training', '-calc-rsi', '-verbose', '-prediction-mode=index', '-interval-list=30m', '-range-min-rsi=28', '-range-max-rsi=80', '-range-p-ema=50,250', '-target-margin-list=1.0,1.5,2.0,2.5,3.0,3.5,4.0,4.5,5.0', '-log-level=WARNING']
2023-11-26 19:38:48;UNIUSDT;30m;2.0;125;28;72;100.0;2;121.3;['-batch-training', '-calc-rsi', '-verbose', '-prediction-mode=index', '-interval-list=30m', '-range-min-rsi=28', '-range-max-rsi=80', '-range-p-ema=50,250', '-target-margin-list=1.0,1.5,2.0,2.5,3.0,3.5,4.0,4.5,5.0', '-log-level=WARNING']
2023-11-26 19:27:19;UNIUSDT;30m;2.0;100;28;72;100.0;2;121.3;['-batch-training', '-calc-rsi', '-verbose', '-prediction-mode=index', '-interval-list=30m', '-range-min-rsi=28', '-range-max-rsi=80', '-range-p-ema=50,250', '-target-margin-list=1.0,1.5,2.0,2.5,3.0,3.5,4.0,4.5,5.0', '-log-level=WARNING']
2023-11-26 20:00:48;UNIUSDT;30m;2.0;175;28;72;100.0;2;121.3;['-batch-training', '-calc-rsi', '-verbose', '-prediction-mode=index', '-interval-list=30m', '-range-min-rsi=28', '-range-max-rsi=80', '-range-p-ema=50,250', '-target-margin-list=1.0,1.5,2.0,2.5,3.0,3.5,4.0,4.5,5.0', '-log-level=WARNING']
2023-11-26 20:50:37;UNIUSDT;30m;2.0;50;28;72;100.0;2;121.3;['-batch-training', '-calc-rsi', '-verbose', '-prediction-mode=index', '-interval-list=30m', '-range-min-rsi=28', '-range-max-rsi=80', '-range-p-ema=50,250', '-target-margin-list=1.0,1.5,2.0,2.5,3.0,3.5,4.0,4.5,5.0', '-log-level=WARNING']
2023-11-26 19:50:20;UNIUSDT;30m;2.0;150;28;72;100.0;2;121.3;['-batch-training', '-calc-rsi', '-verbose', '-prediction-mode=index', '-interval-list=30m', '-range-min-rsi=28', '-range-max-rsi=80', '-range-p-ema=50,250', '-target-margin-list=1.0,1.5,2.0,2.5,3.0,3.5,4.0,4.5,5.0', '-log-level=WARNING']
2023-11-26 20:23:28;UNIUSDT;30m;2.0;225;28;72;100.0;2;121.3;['-batch-training', '-calc-rsi', '-verbose', '-prediction-mode=index', '-interval-list=30m', '-range-min-rsi=28', '-range-max-rsi=80', '-range-p-ema=50,250', '-target-margin-list=1.0,1.5,2.0,2.5,3.0,3.5,4.0,4.5,5.0', '-log-level=WARNING']
2023-11-26 21:05:45;UNIUSDT;30m;2.0;75;28;72;100.0;2;121.3;['-batch-training', '-calc-rsi', '-verbose', '-prediction-mode=index', '-interval-list=30m', '-range-min-rsi=28', '-range-max-rsi=80', '-range-p-ema=50,250', '-target-margin-list=1.0,1.5,2.0,2.5,3.0,3.5,4.0,4.5,5.0', '-log-level=WARNING']
2023-11-26 20:11:02;UNIUSDT;30m;2.0;200;28;72;100.0;2;121.3;['-batch-training', '-calc-rsi', '-verbose', '-prediction-mode=index', '-interval-list=30m', '-range-min-rsi=28', '-range-max-rsi=80', '-range-p-ema=50,250', '-target-margin-list=1.0,1.5,2.0,2.5,3.0,3.5,4.0,4.5,5.0', '-log-level=WARNING']
2023-11-26 20:41:06;UNIUSDT;30m;3.0;250;34;80;100.0;2;121.33;['-batch-training', '-calc-rsi', '-verbose', '-prediction-mode=index', '-interval-list=30m', '-range-min-rsi=28', '-range-max-rsi=80', '-range-p-ema=50,250', '-target-margin-list=1.0,1.5,2.0,2.5,3.0,3.5,4.0,4.5,5.0', '-log-level=WARNING']
2023-11-26 19:52:49;UNIUSDT;30m;2.5;150;36;80;100.0;4;121.36;['-batch-training', '-calc-rsi', '-verbose', '-prediction-mode=index', '-interval-list=30m', '-range-min-rsi=28', '-range-max-rsi=80', '-range-p-ema=50,250', '-target-margin-list=1.0,1.5,2.0,2.5,3.0,3.5,4.0,4.5,5.0', '-log-level=WARNING']
2023-11-26 21:04:05;UNIUSDT;30m;1.5;75;32;72;100.0;5;121.38;['-batch-training', '-calc-rsi', '-verbose', '-prediction-mode=index', '-interval-list=30m', '-range-min-rsi=28', '-range-max-rsi=80', '-range-p-ema=50,250', '-target-margin-list=1.0,1.5,2.0,2.5,3.0,3.5,4.0,4.5,5.0', '-log-level=WARNING']
2023-11-26 20:49:08;UNIUSDT;30m;1.5;50;32;72;100.0;5;121.38;['-batch-training', '-calc-rsi', '-verbose', '-prediction-mode=index', '-interval-list=30m', '-range-min-rsi=28', '-range-max-rsi=80', '-range-p-ema=50,250', '-target-margin-list=1.0,1.5,2.0,2.5,3.0,3.5,4.0,4.5,5.0', '-log-level=WARNING']
2023-11-26 19:37:36;UNIUSDT;30m;1.5;125;32;72;100.0;5;121.38;['-batch-training', '-calc-rsi', '-verbose', '-prediction-mode=index', '-interval-list=30m', '-range-min-rsi=28', '-range-max-rsi=80', '-range-p-ema=50,250', '-target-margin-list=1.0,1.5,2.0,2.5,3.0,3.5,4.0,4.5,5.0', '-log-level=WARNING']
2023-11-26 19:29:05;UNIUSDT;30m;2.5;100;36;74;100.0;5;121.38;['-batch-training', '-calc-rsi', '-verbose', '-prediction-mode=index', '-interval-list=30m', '-range-min-rsi=28', '-range-max-rsi=80', '-range-p-ema=50,250', '-target-margin-list=1.0,1.5,2.0,2.5,3.0,3.5,4.0,4.5,5.0', '-log-level=WARNING']
2023-11-26 20:52:51;UNIUSDT;30m;2.5;50;36;74;100.0;5;121.38;['-batch-training', '-calc-rsi', '-verbose', '-prediction-mode=index', '-interval-list=30m', '-range-min-rsi=28', '-range-max-rsi=80', '-range-p-ema=50,250', '-target-margin-list=1.0,1.5,2.0,2.5,3.0,3.5,4.0,4.5,5.0', '-log-level=WARNING']
2023-11-26 21:08:13;UNIUSDT;30m;2.5;75;36;74;100.0;5;121.38;['-batch-training', '-calc-rsi', '-verbose', '-prediction-mode=index', '-interval-list=30m', '-range-min-rsi=28', '-range-max-rsi=80', '-range-p-ema=50,250', '-target-margin-list=1.0,1.5,2.0,2.5,3.0,3.5,4.0,4.5,5.0', '-log-level=WARNING']
2023-11-26 19:40:33;UNIUSDT;30m;2.5;125;36;74;100.0;5;121.38;['-batch-training', '-calc-rsi', '-verbose', '-prediction-mode=index', '-interval-list=30m', '-range-min-rsi=28', '-range-max-rsi=80', '-range-p-ema=50,250', '-target-margin-list=1.0,1.5,2.0,2.5,3.0,3.5,4.0,4.5,5.0', '-log-level=WARNING']
2023-11-26 19:26:07;UNIUSDT;30m;1.5;100;32;72;100.0;5;121.38;['-batch-training', '-calc-rsi', '-verbose', '-prediction-mode=index', '-interval-list=30m', '-range-min-rsi=28', '-range-max-rsi=80', '-range-p-ema=50,250', '-target-margin-list=1.0,1.5,2.0,2.5,3.0,3.5,4.0,4.5,5.0', '-log-level=WARNING']
2023-11-26 20:56:48;UNIUSDT;30m;3.5;50;36;78;100.0;3;121.42;['-batch-training', '-calc-rsi', '-verbose', '-prediction-mode=index', '-interval-list=30m', '-range-min-rsi=28', '-range-max-rsi=80', '-range-p-ema=50,250', '-target-margin-list=1.0,1.5,2.0,2.5,3.0,3.5,4.0,4.5,5.0', '-log-level=WARNING']
2023-11-26 21:12:30;UNIUSDT;30m;3.5;75;36;78;100.0;3;121.42;['-batch-training', '-calc-rsi', '-verbose', '-prediction-mode=index', '-interval-list=30m', '-range-min-rsi=28', '-range-max-rsi=80', '-range-p-ema=50,250', '-target-margin-list=1.0,1.5,2.0,2.5,3.0,3.5,4.0,4.5,5.0', '-log-level=WARNING']
2023-11-26 20:25:22;UNIUSDT;30m;2.5;225;34;74;100.0;4;121.43;['-batch-training', '-calc-rsi', '-verbose', '-prediction-mode=index', '-interval-list=30m', '-range-min-rsi=28', '-range-max-rsi=80', '-range-p-ema=50,250', '-target-margin-list=1.0,1.5,2.0,2.5,3.0,3.5,4.0,4.5,5.0', '-log-level=WARNING']
2023-11-26 19:59:51;UNIUSDT;30m;1.5;175;36;72;100.0;3;121.43;['-batch-training', '-calc-rsi', '-verbose', '-prediction-mode=index', '-interval-list=30m', '-range-min-rsi=28', '-range-max-rsi=80', '-range-p-ema=50,250', '-target-margin-list=1.0,1.5,2.0,2.5,3.0,3.5,4.0,4.5,5.0', '-log-level=WARNING']
2023-11-26 19:28:34;UNIUSDT;30m;2.0;100;36;80;100.0;4;121.45;['-batch-training', '-calc-rsi', '-verbose', '-prediction-mode=index', '-interval-list=30m', '-range-min-rsi=28', '-range-max-rsi=80', '-range-p-ema=50,250', '-target-margin-list=1.0,1.5,2.0,2.5,3.0,3.5,4.0,4.5,5.0', '-log-level=WARNING']
2023-11-26 19:40:03;UNIUSDT;30m;2.0;125;36;80;100.0;4;121.45;['-batch-training', '-calc-rsi', '-verbose', '-prediction-mode=index', '-interval-list=30m', '-range-min-rsi=28', '-range-max-rsi=80', '-range-p-ema=50,250', '-target-margin-list=1.0,1.5,2.0,2.5,3.0,3.5,4.0,4.5,5.0', '-log-level=WARNING']
2023-11-26 20:09:56;UNIUSDT;30m;1.5;200;36;72;100.0;3;121.45;['-batch-training', '-calc-rsi', '-verbose', '-prediction-mode=index', '-interval-list=30m', '-range-min-rsi=28', '-range-max-rsi=80', '-range-p-ema=50,250', '-target-margin-list=1.0,1.5,2.0,2.5,3.0,3.5,4.0,4.5,5.0', '-log-level=WARNING']
2023-11-26 20:39:33;UNIUSDT;30m;2.5;250;34;80;100.0;4;121.46;['-batch-training', '-calc-rsi', '-verbose', '-prediction-mode=index', '-interval-list=30m', '-range-min-rsi=28', '-range-max-rsi=80', '-range-p-ema=50,250', '-target-margin-list=1.0,1.5,2.0,2.5,3.0,3.5,4.0,4.5,5.0', '-log-level=WARNING']
2023-11-26 20:27:24;UNIUSDT;30m;3.0;225;34;78;100.0;4;121.46;['-batch-training', '-calc-rsi', '-verbose', '-prediction-mode=index', '-interval-list=30m', '-range-min-rsi=28', '-range-max-rsi=80', '-range-p-ema=50,250', '-target-margin-list=1.0,1.5,2.0,2.5,3.0,3.5,4.0,4.5,5.0', '-log-level=WARNING']
2023-11-26 19:52:32;UNIUSDT;30m;2.5;150;34;78;100.0;5;121.47;['-batch-training', '-calc-rsi', '-verbose', '-prediction-mode=index', '-interval-list=30m', '-range-min-rsi=28', '-range-max-rsi=80', '-range-p-ema=50,250', '-target-margin-list=1.0,1.5,2.0,2.5,3.0,3.5,4.0,4.5,5.0', '-log-level=WARNING']
2023-11-26 20:02:44;UNIUSDT;30m;2.5;175;34;78;100.0;5;121.47;['-batch-training', '-calc-rsi', '-verbose', '-prediction-mode=index', '-interval-list=30m', '-range-min-rsi=28', '-range-max-rsi=80', '-range-p-ema=50,250', '-target-margin-list=1.0,1.5,2.0,2.5,3.0,3.5,4.0,4.5,5.0', '-log-level=WARNING']
2023-11-26 20:01:37;UNIUSDT;30m;2.0;175;34;78;100.0;6;121.47;['-batch-training', '-calc-rsi', '-verbose', '-prediction-mode=index', '-interval-list=30m', '-range-min-rsi=28', '-range-max-rsi=80', '-range-p-ema=50,250', '-target-margin-list=1.0,1.5,2.0,2.5,3.0,3.5,4.0,4.5,5.0', '-log-level=WARNING']
2023-11-26 20:41:36;UNIUSDT;30m;3.5;250;30;74;100.0;2;121.47;['-batch-training', '-calc-rsi', '-verbose', '-prediction-mode=index', '-interval-list=30m', '-range-min-rsi=28', '-range-max-rsi=80', '-range-p-ema=50,250', '-target-margin-list=1.0,1.5,2.0,2.5,3.0,3.5,4.0,4.5,5.0', '-log-level=WARNING']
2023-11-26 20:35:50;UNIUSDT;30m;1.5;250;30;76;100.0;3;121.5;['-batch-training', '-calc-rsi', '-verbose', '-prediction-mode=index', '-interval-list=30m', '-range-min-rsi=28', '-range-max-rsi=80', '-range-p-ema=50,250', '-target-margin-list=1.0,1.5,2.0,2.5,3.0,3.5,4.0,4.5,5.0', '-log-level=WARNING']
2023-11-26 20:37:26;UNIUSDT;30m;2.0;250;34;76;100.0;6;121.53;['-batch-training', '-calc-rsi', '-verbose', '-prediction-mode=index', '-interval-list=30m', '-range-min-rsi=28', '-range-max-rsi=80', '-range-p-ema=50,250', '-target-margin-list=1.0,1.5,2.0,2.5,3.0,3.5,4.0,4.5,5.0', '-log-level=WARNING']
2023-11-26 20:06:21;UNIUSDT;30m;4.5;175;28;72;100.0;3;121.58;['-batch-training', '-calc-rsi', '-verbose', '-prediction-mode=index', '-interval-list=30m', '-range-min-rsi=28', '-range-max-rsi=80', '-range-p-ema=50,250', '-target-margin-list=1.0,1.5,2.0,2.5,3.0,3.5,4.0,4.5,5.0', '-log-level=WARNING']
2023-11-26 20:17:47;UNIUSDT;30m;4.5;200;28;72;100.0;3;121.58;['-batch-training', '-calc-rsi', '-verbose', '-prediction-mode=index', '-interval-list=30m', '-range-min-rsi=28', '-range-max-rsi=80', '-range-p-ema=50,250', '-target-margin-list=1.0,1.5,2.0,2.5,3.0,3.5,4.0,4.5,5.0', '-log-level=WARNING']
2023-11-26 20:44:19;UNIUSDT;30m;4.5;250;28;72;100.0;3;121.58;['-batch-training', '-calc-rsi', '-verbose', '-prediction-mode=index', '-interval-list=30m', '-range-min-rsi=28', '-range-max-rsi=80', '-range-p-ema=50,250', '-target-margin-list=1.0,1.5,2.0,2.5,3.0,3.5,4.0,4.5,5.0', '-log-level=WARNING']
2023-11-26 20:58:51;UNIUSDT;30m;4.5;50;28;72;100.0;3;121.58;['-batch-training', '-calc-rsi', '-verbose', '-prediction-mode=index', '-interval-list=30m', '-range-min-rsi=28', '-range-max-rsi=80', '-range-p-ema=50,250', '-target-margin-list=1.0,1.5,2.0,2.5,3.0,3.5,4.0,4.5,5.0', '-log-level=WARNING']
2023-11-26 19:56:16;UNIUSDT;30m;4.5;150;28;72;100.0;3;121.58;['-batch-training', '-calc-rsi', '-verbose', '-prediction-mode=index', '-interval-list=30m', '-range-min-rsi=28', '-range-max-rsi=80', '-range-p-ema=50,250', '-target-margin-list=1.0,1.5,2.0,2.5,3.0,3.5,4.0,4.5,5.0', '-log-level=WARNING']
2023-11-26 20:30:42;UNIUSDT;30m;4.5;225;28;72;100.0;3;121.58;['-batch-training', '-calc-rsi', '-verbose', '-prediction-mode=index', '-interval-list=30m', '-range-min-rsi=28', '-range-max-rsi=80', '-range-p-ema=50,250', '-target-margin-list=1.0,1.5,2.0,2.5,3.0,3.5,4.0,4.5,5.0', '-log-level=WARNING']
2023-11-26 19:51:34;UNIUSDT;30m;2.0;150;36;80;100.0;5;121.58;['-batch-training', '-calc-rsi', '-verbose', '-prediction-mode=index', '-interval-list=30m', '-range-min-rsi=28', '-range-max-rsi=80', '-range-p-ema=50,250', '-target-margin-list=1.0,1.5,2.0,2.5,3.0,3.5,4.0,4.5,5.0', '-log-level=WARNING']
2023-11-26 19:45:10;UNIUSDT;30m;4.5;125;28;72;100.0;3;121.58;['-batch-training', '-calc-rsi', '-verbose', '-prediction-mode=index', '-interval-list=30m', '-range-min-rsi=28', '-range-max-rsi=80', '-range-p-ema=50,250', '-target-margin-list=1.0,1.5,2.0,2.5,3.0,3.5,4.0,4.5,5.0', '-log-level=WARNING']
2023-11-26 19:33:37;UNIUSDT;30m;4.5;100;28;72;100.0;3;121.58;['-batch-training', '-calc-rsi', '-verbose', '-prediction-mode=index', '-interval-list=30m', '-range-min-rsi=28', '-range-max-rsi=80', '-range-p-ema=50,250', '-target-margin-list=1.0,1.5,2.0,2.5,3.0,3.5,4.0,4.5,5.0', '-log-level=WARNING']
2023-11-26 21:14:31;UNIUSDT;30m;4.5;75;28;72;100.0;3;121.58;['-batch-training', '-calc-rsi', '-verbose', '-prediction-mode=index', '-interval-list=30m', '-range-min-rsi=28', '-range-max-rsi=80', '-range-p-ema=50,250', '-target-margin-list=1.0,1.5,2.0,2.5,3.0,3.5,4.0,4.5,5.0', '-log-level=WARNING']
2023-11-26 20:00:13;UNIUSDT;30m;1.5;175;32;76;100.0;2;121.59;['-batch-training', '-calc-rsi', '-verbose', '-prediction-mode=index', '-interval-list=30m', '-range-min-rsi=28', '-range-max-rsi=80', '-range-p-ema=50,250', '-target-margin-list=1.0,1.5,2.0,2.5,3.0,3.5,4.0,4.5,5.0', '-log-level=WARNING']
2023-11-26 19:49:39;UNIUSDT;30m;1.5;150;32;76;100.0;2;121.59;['-batch-training', '-calc-rsi', '-verbose', '-prediction-mode=index', '-interval-list=30m', '-range-min-rsi=28', '-range-max-rsi=80', '-range-p-ema=50,250', '-target-margin-list=1.0,1.5,2.0,2.5,3.0,3.5,4.0,4.5,5.0', '-log-level=WARNING']
2023-11-26 20:01:26;UNIUSDT;30m;2.0;175;36;76;100.0;5;121.6;['-batch-training', '-calc-rsi', '-verbose', '-prediction-mode=index', '-interval-list=30m', '-range-min-rsi=28', '-range-max-rsi=80', '-range-p-ema=50,250', '-target-margin-list=1.0,1.5,2.0,2.5,3.0,3.5,4.0,4.5,5.0', '-log-level=WARNING']
2023-11-26 20:10:21;UNIUSDT;30m;1.5;200;32;76;100.0;2;121.61;['-batch-training', '-calc-rsi', '-verbose', '-prediction-mode=index', '-interval-list=30m', '-range-min-rsi=28', '-range-max-rsi=80', '-range-p-ema=50,250', '-target-margin-list=1.0,1.5,2.0,2.5,3.0,3.5,4.0,4.5,5.0', '-log-level=WARNING']
2023-11-26 20:22:43;UNIUSDT;30m;1.5;225;32;76;100.0;2;121.61;['-batch-training', '-calc-rsi', '-verbose', '-prediction-mode=index', '-interval-list=30m', '-range-min-rsi=28', '-range-max-rsi=80', '-range-p-ema=50,250', '-target-margin-list=1.0,1.5,2.0,2.5,3.0,3.5,4.0,4.5,5.0', '-log-level=WARNING']
2023-11-26 20:29:12;UNIUSDT;30m;3.5;225;36;80;100.0;2;121.62;['-batch-training', '-calc-rsi', '-verbose', '-prediction-mode=index', '-interval-list=30m', '-range-min-rsi=28', '-range-max-rsi=80', '-range-p-ema=50,250', '-target-margin-list=1.0,1.5,2.0,2.5,3.0,3.5,4.0,4.5,5.0', '-log-level=WARNING']
2023-11-26 19:49:42;UNIUSDT;30m;1.5;150;34;76;100.0;6;121.72;['-batch-training', '-calc-rsi', '-verbose', '-prediction-mode=index', '-interval-list=30m', '-range-min-rsi=28', '-range-max-rsi=80', '-range-p-ema=50,250', '-target-margin-list=1.0,1.5,2.0,2.5,3.0,3.5,4.0,4.5,5.0', '-log-level=WARNING']
2023-11-26 19:49:08;UNIUSDT;30m;1.5;150;32;72;100.0;3;121.75;['-batch-training', '-calc-rsi', '-verbose', '-prediction-mode=index', '-interval-list=30m', '-range-min-rsi=28', '-range-max-rsi=80', '-range-p-ema=50,250', '-target-margin-list=1.0,1.5,2.0,2.5,3.0,3.5,4.0,4.5,5.0', '-log-level=WARNING']
2023-11-26 19:59:45;UNIUSDT;30m;1.5;175;32;72;100.0;3;121.75;['-batch-training', '-calc-rsi', '-verbose', '-prediction-mode=index', '-interval-list=30m', '-range-min-rsi=28', '-range-max-rsi=80', '-range-p-ema=50,250', '-target-margin-list=1.0,1.5,2.0,2.5,3.0,3.5,4.0,4.5,5.0', '-log-level=WARNING']
2023-11-26 20:55:22;UNIUSDT;30m;3.0;50;32;80;100.0;2;121.76;['-batch-training', '-calc-rsi', '-verbose', '-prediction-mode=index', '-interval-list=30m', '-range-min-rsi=28', '-range-max-rsi=80', '-range-p-ema=50,250', '-target-margin-list=1.0,1.5,2.0,2.5,3.0,3.5,4.0,4.5,5.0', '-log-level=WARNING']
2023-11-26 20:22:08;UNIUSDT;30m;1.5;225;32;72;100.0;3;121.76;['-batch-training', '-calc-rsi', '-verbose', '-prediction-mode=index', '-interval-list=30m', '-range-min-rsi=28', '-range-max-rsi=80', '-range-p-ema=50,250', '-target-margin-list=1.0,1.5,2.0,2.5,3.0,3.5,4.0,4.5,5.0', '-log-level=WARNING']
2023-11-26 19:31:00;UNIUSDT;30m;3.0;100;32;80;100.0;2;121.76;['-batch-training', '-calc-rsi', '-verbose', '-prediction-mode=index', '-interval-list=30m', '-range-min-rsi=28', '-range-max-rsi=80', '-range-p-ema=50,250', '-target-margin-list=1.0,1.5,2.0,2.5,3.0,3.5,4.0,4.5,5.0', '-log-level=WARNING']
2023-11-26 20:17:42;UNIUSDT;30m;4.0;200;36;80;100.0;2;121.76;['-batch-training', '-calc-rsi', '-verbose', '-prediction-mode=index', '-interval-list=30m', '-range-min-rsi=28', '-range-max-rsi=80', '-range-p-ema=50,250', '-target-margin-list=1.0,1.5,2.0,2.5,3.0,3.5,4.0,4.5,5.0', '-log-level=WARNING']
2023-11-26 21:10:55;UNIUSDT;30m;3.0;75;32;80;100.0;2;121.76;['-batch-training', '-calc-rsi', '-verbose', '-prediction-mode=index', '-interval-list=30m', '-range-min-rsi=28', '-range-max-rsi=80', '-range-p-ema=50,250', '-target-margin-list=1.0,1.5,2.0,2.5,3.0,3.5,4.0,4.5,5.0', '-log-level=WARNING']
2023-11-26 20:06:18;UNIUSDT;30m;4.0;175;36;80;100.0;2;121.76;['-batch-training', '-calc-rsi', '-verbose', '-prediction-mode=index', '-interval-list=30m', '-range-min-rsi=28', '-range-max-rsi=80', '-range-p-ema=50,250', '-target-margin-list=1.0,1.5,2.0,2.5,3.0,3.5,4.0,4.5,5.0', '-log-level=WARNING']
2023-11-26 19:42:30;UNIUSDT;30m;3.0;125;32;80;100.0;2;121.76;['-batch-training', '-calc-rsi', '-verbose', '-prediction-mode=index', '-interval-list=30m', '-range-min-rsi=28', '-range-max-rsi=80', '-range-p-ema=50,250', '-target-margin-list=1.0,1.5,2.0,2.5,3.0,3.5,4.0,4.5,5.0', '-log-level=WARNING']
2023-11-26 20:09:50;UNIUSDT;30m;1.5;200;32;72;100.0;3;121.76;['-batch-training', '-calc-rsi', '-verbose', '-prediction-mode=index', '-interval-list=30m', '-range-min-rsi=28', '-range-max-rsi=80', '-range-p-ema=50,250', '-target-margin-list=1.0,1.5,2.0,2.5,3.0,3.5,4.0,4.5,5.0', '-log-level=WARNING']
2023-11-26 19:57:27;UNIUSDT;30m;5.0;150;30;72;100.0;2;121.77;['-batch-training', '-calc-rsi', '-verbose', '-prediction-mode=index', '-interval-list=30m', '-range-min-rsi=28', '-range-max-rsi=80', '-range-p-ema=50,250', '-target-margin-list=1.0,1.5,2.0,2.5,3.0,3.5,4.0,4.5,5.0', '-log-level=WARNING']
2023-11-26 21:00:35;UNIUSDT;30m;5.0;50;30;72;100.0;2;121.77;['-batch-training', '-calc-rsi', '-verbose', '-prediction-mode=index', '-interval-list=30m', '-range-min-rsi=28', '-range-max-rsi=80', '-range-p-ema=50,250', '-target-margin-list=1.0,1.5,2.0,2.5,3.0,3.5,4.0,4.5,5.0', '-log-level=WARNING']
2023-11-26 19:46:30;UNIUSDT;30m;5.0;125;30;72;100.0;2;121.77;['-batch-training', '-calc-rsi', '-verbose', '-prediction-mode=index', '-interval-list=30m', '-range-min-rsi=28', '-range-max-rsi=80', '-range-p-ema=50,250', '-target-margin-list=1.0,1.5,2.0,2.5,3.0,3.5,4.0,4.5,5.0', '-log-level=WARNING']
2023-11-26 20:19:13;UNIUSDT;30m;5.0;200;30;72;100.0;2;121.77;['-batch-training', '-calc-rsi', '-verbose', '-prediction-mode=index', '-interval-list=30m', '-range-min-rsi=28', '-range-max-rsi=80', '-range-p-ema=50,250', '-target-margin-list=1.0,1.5,2.0,2.5,3.0,3.5,4.0,4.5,5.0', '-log-level=WARNING']
2023-11-26 21:15:46;UNIUSDT;30m;4.5;75;32;80;100.0;3;121.77;['-batch-training', '-calc-rsi', '-verbose', '-prediction-mode=index', '-interval-list=30m', '-range-min-rsi=28', '-range-max-rsi=80', '-range-p-ema=50,250', '-target-margin-list=1.0,1.5,2.0,2.5,3.0,3.5,4.0,4.5,5.0', '-log-level=WARNING']
2023-11-26 21:00:20;UNIUSDT;30m;4.5;50;32;80;100.0;3;121.77;['-batch-training', '-calc-rsi', '-verbose', '-prediction-mode=index', '-interval-list=30m', '-range-min-rsi=28', '-range-max-rsi=80', '-range-p-ema=50,250', '-target-margin-list=1.0,1.5,2.0,2.5,3.0,3.5,4.0,4.5,5.0', '-log-level=WARNING']
2023-11-26 20:45:55;UNIUSDT;30m;5.0;250;30;72;100.0;2;121.77;['-batch-training', '-calc-rsi', '-verbose', '-prediction-mode=index', '-interval-list=30m', '-range-min-rsi=28', '-range-max-rsi=80', '-range-p-ema=50,250', '-target-margin-list=1.0,1.5,2.0,2.5,3.0,3.5,4.0,4.5,5.0', '-log-level=WARNING']
2023-11-26 19:34:42;UNIUSDT;30m;4.5;100;32;80;100.0;3;121.77;['-batch-training', '-calc-rsi', '-verbose', '-prediction-mode=index', '-interval-list=30m', '-range-min-rsi=28', '-range-max-rsi=80', '-range-p-ema=50,250', '-target-margin-list=1.0,1.5,2.0,2.5,3.0,3.5,4.0,4.5,5.0', '-log-level=WARNING']
2023-11-26 19:34:55;UNIUSDT;30m;5.0;100;30;72;100.0;2;121.77;['-batch-training', '-calc-rsi', '-verbose', '-prediction-mode=index', '-interval-list=30m', '-range-min-rsi=28', '-range-max-rsi=80', '-range-p-ema=50,250', '-target-margin-list=1.0,1.5,2.0,2.5,3.0,3.5,4.0,4.5,5.0', '-log-level=WARNING']
2023-11-26 20:32:14;UNIUSDT;30m;5.0;225;30;72;100.0;2;121.77;['-batch-training', '-calc-rsi', '-verbose', '-prediction-mode=index', '-interval-list=30m', '-range-min-rsi=28', '-range-max-rsi=80', '-range-p-ema=50,250', '-target-margin-list=1.0,1.5,2.0,2.5,3.0,3.5,4.0,4.5,5.0', '-log-level=WARNING']
2023-11-26 20:07:29;UNIUSDT;30m;5.0;175;30;72;100.0;2;121.77;['-batch-training', '-calc-rsi', '-verbose', '-prediction-mode=index', '-interval-list=30m', '-range-min-rsi=28', '-range-max-rsi=80', '-range-p-ema=50,250', '-target-margin-list=1.0,1.5,2.0,2.5,3.0,3.5,4.0,4.5,5.0', '-log-level=WARNING']
2023-11-26 21:16:00;UNIUSDT;30m;5.0;75;30;72;100.0;2;121.77;['-batch-training', '-calc-rsi', '-verbose', '-prediction-mode=index', '-interval-list=30m', '-range-min-rsi=28', '-range-max-rsi=80', '-range-p-ema=50,250', '-target-margin-list=1.0,1.5,2.0,2.5,3.0,3.5,4.0,4.5,5.0', '-log-level=WARNING']
2023-11-26 19:46:17;UNIUSDT;30m;4.5;125;32;80;100.0;3;121.77;['-batch-training', '-calc-rsi', '-verbose', '-prediction-mode=index', '-interval-list=30m', '-range-min-rsi=28', '-range-max-rsi=80', '-range-p-ema=50,250', '-target-margin-list=1.0,1.5,2.0,2.5,3.0,3.5,4.0,4.5,5.0', '-log-level=WARNING']
2023-11-26 19:58:27;UNIUSDT;30m;5.0;150;36;80;100.0;2;121.79;['-batch-training', '-calc-rsi', '-verbose', '-prediction-mode=index', '-interval-list=30m', '-range-min-rsi=28', '-range-max-rsi=80', '-range-p-ema=50,250', '-target-margin-list=1.0,1.5,2.0,2.5,3.0,3.5,4.0,4.5,5.0', '-log-level=WARNING']
2023-11-26 20:57:46;UNIUSDT;30m;4.0;50;36;74;100.0;3;121.8;['-batch-training', '-calc-rsi', '-verbose', '-prediction-mode=index', '-interval-list=30m', '-range-min-rsi=28', '-range-max-rsi=80', '-range-p-ema=50,250', '-target-margin-list=1.0,1.5,2.0,2.5,3.0,3.5,4.0,4.5,5.0', '-log-level=WARNING']
2023-11-26 21:13:35;UNIUSDT;30m;4.0;75;36;74;100.0;3;121.8;['-batch-training', '-calc-rsi', '-verbose', '-prediction-mode=index', '-interval-list=30m', '-range-min-rsi=28', '-range-max-rsi=80', '-range-p-ema=50,250', '-target-margin-list=1.0,1.5,2.0,2.5,3.0,3.5,4.0,4.5,5.0', '-log-level=WARNING']
2023-11-26 19:44:21;UNIUSDT;30m;4.0;125;36;74;100.0;3;121.8;['-batch-training', '-calc-rsi', '-verbose', '-prediction-mode=index', '-interval-list=30m', '-range-min-rsi=28', '-range-max-rsi=80', '-range-p-ema=50,250', '-target-margin-list=1.0,1.5,2.0,2.5,3.0,3.5,4.0,4.5,5.0', '-log-level=WARNING']
2023-11-26 19:32:50;UNIUSDT;30m;4.0;100;36;74;100.0;3;121.8;['-batch-training', '-calc-rsi', '-verbose', '-prediction-mode=index', '-interval-list=30m', '-range-min-rsi=28', '-range-max-rsi=80', '-range-p-ema=50,250', '-target-margin-list=1.0,1.5,2.0,2.5,3.0,3.5,4.0,4.5,5.0', '-log-level=WARNING']
2023-11-26 20:26:14;UNIUSDT;30m;2.5;225;34;80;100.0;4;121.8;['-batch-training', '-calc-rsi', '-verbose', '-prediction-mode=index', '-interval-list=30m', '-range-min-rsi=28', '-range-max-rsi=80', '-range-p-ema=50,250', '-target-margin-list=1.0,1.5,2.0,2.5,3.0,3.5,4.0,4.5,5.0', '-log-level=WARNING']
2023-11-26 20:38:39;UNIUSDT;30m;2.5;250;34;74;100.0;4;121.82;['-batch-training', '-calc-rsi', '-verbose', '-prediction-mode=index', '-interval-list=30m', '-range-min-rsi=28', '-range-max-rsi=80', '-range-p-ema=50,250', '-target-margin-list=1.0,1.5,2.0,2.5,3.0,3.5,4.0,4.5,5.0', '-log-level=WARNING']
2023-11-26 20:28:48;UNIUSDT;30m;3.5;225;32;78;100.0;3;121.84;['-batch-training', '-calc-rsi', '-verbose', '-prediction-mode=index', '-interval-list=30m', '-range-min-rsi=28', '-range-max-rsi=80', '-range-p-ema=50,250', '-target-margin-list=1.0,1.5,2.0,2.5,3.0,3.5,4.0,4.5,5.0', '-log-level=WARNING']
2023-11-26 20:04:53;UNIUSDT;30m;3.5;175;32;78;100.0;3;121.84;['-batch-training', '-calc-rsi', '-verbose', '-prediction-mode=index', '-interval-list=30m', '-range-min-rsi=28', '-range-max-rsi=80', '-range-p-ema=50,250', '-target-margin-list=1.0,1.5,2.0,2.5,3.0,3.5,4.0,4.5,5.0', '-log-level=WARNING']
2023-11-26 19:54:46;UNIUSDT;30m;3.5;150;32;78;100.0;3;121.84;['-batch-training', '-calc-rsi', '-verbose', '-prediction-mode=index', '-interval-list=30m', '-range-min-rsi=28', '-range-max-rsi=80', '-range-p-ema=50,250', '-target-margin-list=1.0,1.5,2.0,2.5,3.0,3.5,4.0,4.5,5.0', '-log-level=WARNING']
2023-11-26 20:15:58;UNIUSDT;30m;3.5;200;32;78;100.0;3;121.84;['-batch-training', '-calc-rsi', '-verbose', '-prediction-mode=index', '-interval-list=30m', '-range-min-rsi=28', '-range-max-rsi=80', '-range-p-ema=50,250', '-target-margin-list=1.0,1.5,2.0,2.5,3.0,3.5,4.0,4.5,5.0', '-log-level=WARNING']
2023-11-26 20:38:02;UNIUSDT;30m;2.0;250;34;80;100.0;5;121.85;['-batch-training', '-calc-rsi', '-verbose', '-prediction-mode=index', '-interval-list=30m', '-range-min-rsi=28', '-range-max-rsi=80', '-range-p-ema=50,250', '-target-margin-list=1.0,1.5,2.0,2.5,3.0,3.5,4.0,4.5,5.0', '-log-level=WARNING']
2023-11-26 19:27:16;UNIUSDT;30m;1.5;100;36;80;100.0;6;121.87;['-batch-training', '-calc-rsi', '-verbose', '-prediction-mode=index', '-interval-list=30m', '-range-min-rsi=28', '-range-max-rsi=80', '-range-p-ema=50,250', '-target-margin-list=1.0,1.5,2.0,2.5,3.0,3.5,4.0,4.5,5.0', '-log-level=WARNING']
2023-11-26 19:38:45;UNIUSDT;30m;1.5;125;36;80;100.0;6;121.87;['-batch-training', '-calc-rsi', '-verbose', '-prediction-mode=index', '-interval-list=30m', '-range-min-rsi=28', '-range-max-rsi=80', '-range-p-ema=50,250', '-target-margin-list=1.0,1.5,2.0,2.5,3.0,3.5,4.0,4.5,5.0', '-log-level=WARNING']
2023-11-26 21:12:03;UNIUSDT;30m;3.5;75;34;76;100.0;4;121.87;['-batch-training', '-calc-rsi', '-verbose', '-prediction-mode=index', '-interval-list=30m', '-range-min-rsi=28', '-range-max-rsi=80', '-range-p-ema=50,250', '-target-margin-list=1.0,1.5,2.0,2.5,3.0,3.5,4.0,4.5,5.0', '-log-level=WARNING']
2023-11-26 20:56:24;UNIUSDT;30m;3.5;50;34;76;100.0;4;121.87;['-batch-training', '-calc-rsi', '-verbose', '-prediction-mode=index', '-interval-list=30m', '-range-min-rsi=28', '-range-max-rsi=80', '-range-p-ema=50,250', '-target-margin-list=1.0,1.5,2.0,2.5,3.0,3.5,4.0,4.5,5.0', '-log-level=WARNING']
2023-11-26 19:43:18;UNIUSDT;30m;3.5;125;34;76;100.0;4;121.87;['-batch-training', '-calc-rsi', '-verbose', '-prediction-mode=index', '-interval-list=30m', '-range-min-rsi=28', '-range-max-rsi=80', '-range-p-ema=50,250', '-target-margin-list=1.0,1.5,2.0,2.5,3.0,3.5,4.0,4.5,5.0', '-log-level=WARNING']
2023-11-26 19:31:48;UNIUSDT;30m;3.5;100;34;76;100.0;4;121.87;['-batch-training', '-calc-rsi', '-verbose', '-prediction-mode=index', '-interval-list=30m', '-range-min-rsi=28', '-range-max-rsi=80', '-range-p-ema=50,250', '-target-margin-list=1.0,1.5,2.0,2.5,3.0,3.5,4.0,4.5,5.0', '-log-level=WARNING']
2023-11-26 20:18:43;UNIUSDT;30m;4.5;200;32;78;100.0;3;121.91;['-batch-training', '-calc-rsi', '-verbose', '-prediction-mode=index', '-interval-list=30m', '-range-min-rsi=28', '-range-max-rsi=80', '-range-p-ema=50,250', '-target-margin-list=1.0,1.5,2.0,2.5,3.0,3.5,4.0,4.5,5.0', '-log-level=WARNING']
2023-11-26 20:07:06;UNIUSDT;30m;4.5;175;32;78;100.0;3;121.91;['-batch-training', '-calc-rsi', '-verbose', '-prediction-mode=index', '-interval-list=30m', '-range-min-rsi=28', '-range-max-rsi=80', '-range-p-ema=50,250', '-target-margin-list=1.0,1.5,2.0,2.5,3.0,3.5,4.0,4.5,5.0', '-log-level=WARNING']
2023-11-26 19:57:02;UNIUSDT;30m;4.5;150;32;78;100.0;3;121.91;['-batch-training', '-calc-rsi', '-verbose', '-prediction-mode=index', '-interval-list=30m', '-range-min-rsi=28', '-range-max-rsi=80', '-range-p-ema=50,250', '-target-margin-list=1.0,1.5,2.0,2.5,3.0,3.5,4.0,4.5,5.0', '-log-level=WARNING']
2023-11-26 20:45:22;UNIUSDT;30m;4.5;250;32;78;100.0;3;121.91;['-batch-training', '-calc-rsi', '-verbose', '-prediction-mode=index', '-interval-list=30m', '-range-min-rsi=28', '-range-max-rsi=80', '-range-p-ema=50,250', '-target-margin-list=1.0,1.5,2.0,2.5,3.0,3.5,4.0,4.5,5.0', '-log-level=WARNING']
2023-11-26 20:31:42;UNIUSDT;30m;4.5;225;32;78;100.0;3;121.91;['-batch-training', '-calc-rsi', '-verbose', '-prediction-mode=index', '-interval-list=30m', '-range-min-rsi=28', '-range-max-rsi=80', '-range-p-ema=50,250', '-target-margin-list=1.0,1.5,2.0,2.5,3.0,3.5,4.0,4.5,5.0', '-log-level=WARNING']
2023-11-26 20:34:19;UNIUSDT;30m;1.0;250;30;76;100.0;3;121.92;['-batch-training', '-calc-rsi', '-verbose', '-prediction-mode=index', '-interval-list=30m', '-range-min-rsi=28', '-range-max-rsi=80', '-range-p-ema=50,250', '-target-margin-list=1.0,1.5,2.0,2.5,3.0,3.5,4.0,4.5,5.0', '-log-level=WARNING']
2023-11-26 19:49:11;UNIUSDT;30m;1.5;150;34;72;100.0;6;121.93;['-batch-training', '-calc-rsi', '-verbose', '-prediction-mode=index', '-interval-list=30m', '-range-min-rsi=28', '-range-max-rsi=80', '-range-p-ema=50,250', '-target-margin-list=1.0,1.5,2.0,2.5,3.0,3.5,4.0,4.5,5.0', '-log-level=WARNING']
2023-11-26 21:00:28;UNIUSDT;30m;4.5;50;36;80;100.0;3;121.94;['-batch-training', '-calc-rsi', '-verbose', '-prediction-mode=index', '-interval-list=30m', '-range-min-rsi=28', '-range-max-rsi=80', '-range-p-ema=50,250', '-target-margin-list=1.0,1.5,2.0,2.5,3.0,3.5,4.0,4.5,5.0', '-log-level=WARNING']
2023-11-26 20:13:32;UNIUSDT;30m;2.5;200;32;80;100.0;3;121.94;['-batch-training', '-calc-rsi', '-verbose', '-prediction-mode=index', '-interval-list=30m', '-range-min-rsi=28', '-range-max-rsi=80', '-range-p-ema=50,250', '-target-margin-list=1.0,1.5,2.0,2.5,3.0,3.5,4.0,4.5,5.0', '-log-level=WARNING']
2023-11-26 19:34:49;UNIUSDT;30m;4.5;100;36;80;100.0;3;121.94;['-batch-training', '-calc-rsi', '-verbose', '-prediction-mode=index', '-interval-list=30m', '-range-min-rsi=28', '-range-max-rsi=80', '-range-p-ema=50,250', '-target-margin-list=1.0,1.5,2.0,2.5,3.0,3.5,4.0,4.5,5.0', '-log-level=WARNING']
2023-11-26 20:18:32;UNIUSDT;30m;4.5;200;36;76;100.0;2;121.94;['-batch-training', '-calc-rsi', '-verbose', '-prediction-mode=index', '-interval-list=30m', '-range-min-rsi=28', '-range-max-rsi=80', '-range-p-ema=50,250', '-target-margin-list=1.0,1.5,2.0,2.5,3.0,3.5,4.0,4.5,5.0', '-log-level=WARNING']
2023-11-26 19:51:00;UNIUSDT;30m;2.0;150;34;76;100.0;6;121.94;['-batch-training', '-calc-rsi', '-verbose', '-prediction-mode=index', '-interval-list=30m', '-range-min-rsi=28', '-range-max-rsi=80', '-range-p-ema=50,250', '-target-margin-list=1.0,1.5,2.0,2.5,3.0,3.5,4.0,4.5,5.0', '-log-level=WARNING']
2023-11-26 20:18:16;UNIUSDT;30m;4.5;200;36;74;100.0;2;121.94;['-batch-training', '-calc-rsi', '-verbose', '-prediction-mode=index', '-interval-list=30m', '-range-min-rsi=28', '-range-max-rsi=80', '-range-p-ema=50,250', '-target-margin-list=1.0,1.5,2.0,2.5,3.0,3.5,4.0,4.5,5.0', '-log-level=WARNING']
2023-11-26 20:06:44;UNIUSDT;30m;4.5;175;36;74;100.0;2;121.94;['-batch-training', '-calc-rsi', '-verbose', '-prediction-mode=index', '-interval-list=30m', '-range-min-rsi=28', '-range-max-rsi=80', '-range-p-ema=50,250', '-target-margin-list=1.0,1.5,2.0,2.5,3.0,3.5,4.0,4.5,5.0', '-log-level=WARNING']
2023-11-26 20:06:57;UNIUSDT;30m;4.5;175;36;76;100.0;2;121.94;['-batch-training', '-calc-rsi', '-verbose', '-prediction-mode=index', '-interval-list=30m', '-range-min-rsi=28', '-range-max-rsi=80', '-range-p-ema=50,250', '-target-margin-list=1.0,1.5,2.0,2.5,3.0,3.5,4.0,4.5,5.0', '-log-level=WARNING']
2023-11-26 21:15:52;UNIUSDT;30m;4.5;75;36;80;100.0;3;121.94;['-batch-training', '-calc-rsi', '-verbose', '-prediction-mode=index', '-interval-list=30m', '-range-min-rsi=28', '-range-max-rsi=80', '-range-p-ema=50,250', '-target-margin-list=1.0,1.5,2.0,2.5,3.0,3.5,4.0,4.5,5.0', '-log-level=WARNING']
2023-11-26 19:46:24;UNIUSDT;30m;4.5;125;36;80;100.0;3;121.94;['-batch-training', '-calc-rsi', '-verbose', '-prediction-mode=index', '-interval-list=30m', '-range-min-rsi=28', '-range-max-rsi=80', '-range-p-ema=50,250', '-target-margin-list=1.0,1.5,2.0,2.5,3.0,3.5,4.0,4.5,5.0', '-log-level=WARNING']
2023-11-26 20:26:10;UNIUSDT;30m;2.5;225;32;80;100.0;3;121.94;['-batch-training', '-calc-rsi', '-verbose', '-prediction-mode=index', '-interval-list=30m', '-range-min-rsi=28', '-range-max-rsi=80', '-range-p-ema=50,250', '-target-margin-list=1.0,1.5,2.0,2.5,3.0,3.5,4.0,4.5,5.0', '-log-level=WARNING']
2023-11-26 20:14:37;UNIUSDT;30m;3.0;200;32;78;100.0;3;122.0;['-batch-training', '-calc-rsi', '-verbose', '-prediction-mode=index', '-interval-list=30m', '-range-min-rsi=28', '-range-max-rsi=80', '-range-p-ema=50,250', '-target-margin-list=1.0,1.5,2.0,2.5,3.0,3.5,4.0,4.5,5.0', '-log-level=WARNING']
2023-11-26 20:22:28;UNIUSDT;30m;1.5;225;34;74;100.0;5;122.0;['-batch-training', '-calc-rsi', '-verbose', '-prediction-mode=index', '-interval-list=30m', '-range-min-rsi=28', '-range-max-rsi=80', '-range-p-ema=50,250', '-target-margin-list=1.0,1.5,2.0,2.5,3.0,3.5,4.0,4.5,5.0', '-log-level=WARNING']
2023-11-26 20:27:20;UNIUSDT;30m;3.0;225;32;78;100.0;3;122.0;['-batch-training', '-calc-rsi', '-verbose', '-prediction-mode=index', '-interval-list=30m', '-range-min-rsi=28', '-range-max-rsi=80', '-range-p-ema=50,250', '-target-margin-list=1.0,1.5,2.0,2.5,3.0,3.5,4.0,4.5,5.0', '-log-level=WARNING']
2023-11-26 20:03:47;UNIUSDT;30m;3.0;175;32;78;100.0;3;122.0;['-batch-training', '-calc-rsi', '-verbose', '-prediction-mode=index', '-interval-list=30m', '-range-min-rsi=28', '-range-max-rsi=80', '-range-p-ema=50,250', '-target-margin-list=1.0,1.5,2.0,2.5,3.0,3.5,4.0,4.5,5.0', '-log-level=WARNING']
2023-11-26 20:24:48;UNIUSDT;30m;2.0;225;34;80;100.0;4;122.06;['-batch-training', '-calc-rsi', '-verbose', '-prediction-mode=index', '-interval-list=30m', '-range-min-rsi=28', '-range-max-rsi=80', '-range-p-ema=50,250', '-target-margin-list=1.0,1.5,2.0,2.5,3.0,3.5,4.0,4.5,5.0', '-log-level=WARNING']
2023-11-26 20:11:59;UNIUSDT;30m;2.0;200;34;78;100.0;6;122.11;['-batch-training', '-calc-rsi', '-verbose', '-prediction-mode=index', '-interval-list=30m', '-range-min-rsi=28', '-range-max-rsi=80', '-range-p-ema=50,250', '-target-margin-list=1.0,1.5,2.0,2.5,3.0,3.5,4.0,4.5,5.0', '-log-level=WARNING']
2023-11-26 20:39:41;UNIUSDT;30m;3.0;250;28;72;100.0;6;122.15;['-batch-training', '-calc-rsi', '-verbose', '-prediction-mode=index', '-interval-list=30m', '-range-min-rsi=28', '-range-max-rsi=80', '-range-p-ema=50,250', '-target-margin-list=1.0,1.5,2.0,2.5,3.0,3.5,4.0,4.5,5.0', '-log-level=WARNING']
2023-11-26 21:15:49;UNIUSDT;30m;4.5;75;34;80;100.0;3;122.21;['-batch-training', '-calc-rsi', '-verbose', '-prediction-mode=index', '-interval-list=30m', '-range-min-rsi=28', '-range-max-rsi=80', '-range-p-ema=50,250', '-target-margin-list=1.0,1.5,2.0,2.5,3.0,3.5,4.0,4.5,5.0', '-log-level=WARNING']
2023-11-26 21:00:24;UNIUSDT;30m;4.5;50;34;80;100.0;3;122.21;['-batch-training', '-calc-rsi', '-verbose', '-prediction-mode=index', '-interval-list=30m', '-range-min-rsi=28', '-range-max-rsi=80', '-range-p-ema=50,250', '-target-margin-list=1.0,1.5,2.0,2.5,3.0,3.5,4.0,4.5,5.0', '-log-level=WARNING']
2023-11-26 19:34:46;UNIUSDT;30m;4.5;100;34;80;100.0;3;122.21;['-batch-training', '-calc-rsi', '-verbose', '-prediction-mode=index', '-interval-list=30m', '-range-min-rsi=28', '-range-max-rsi=80', '-range-p-ema=50,250', '-target-margin-list=1.0,1.5,2.0,2.5,3.0,3.5,4.0,4.5,5.0', '-log-level=WARNING']
2023-11-26 19:46:20;UNIUSDT;30m;4.5;125;34;80;100.0;3;122.21;['-batch-training', '-calc-rsi', '-verbose', '-prediction-mode=index', '-interval-list=30m', '-range-min-rsi=28', '-range-max-rsi=80', '-range-p-ema=50,250', '-target-margin-list=1.0,1.5,2.0,2.5,3.0,3.5,4.0,4.5,5.0', '-log-level=WARNING']
2023-11-26 21:14:42;UNIUSDT;30m;4.5;75;34;72;100.0;2;122.27;['-batch-training', '-calc-rsi', '-verbose', '-prediction-mode=index', '-interval-list=30m', '-range-min-rsi=28', '-range-max-rsi=80', '-range-p-ema=50,250', '-target-margin-list=1.0,1.5,2.0,2.5,3.0,3.5,4.0,4.5,5.0', '-log-level=WARNING']
2023-11-26 20:59:03;UNIUSDT;30m;4.5;50;34;72;100.0;2;122.27;['-batch-training', '-calc-rsi', '-verbose', '-prediction-mode=index', '-interval-list=30m', '-range-min-rsi=28', '-range-max-rsi=80', '-range-p-ema=50,250', '-target-margin-list=1.0,1.5,2.0,2.5,3.0,3.5,4.0,4.5,5.0', '-log-level=WARNING']
2023-11-26 19:33:46;UNIUSDT;30m;4.5;100;34;72;100.0;2;122.27;['-batch-training', '-calc-rsi', '-verbose', '-prediction-mode=index', '-interval-list=30m', '-range-min-rsi=28', '-range-max-rsi=80', '-range-p-ema=50,250', '-target-margin-list=1.0,1.5,2.0,2.5,3.0,3.5,4.0,4.5,5.0', '-log-level=WARNING']
2023-11-26 19:45:19;UNIUSDT;30m;4.5;125;34;72;100.0;2;122.27;['-batch-training', '-calc-rsi', '-verbose', '-prediction-mode=index', '-interval-list=30m', '-range-min-rsi=28', '-range-max-rsi=80', '-range-p-ema=50,250', '-target-margin-list=1.0,1.5,2.0,2.5,3.0,3.5,4.0,4.5,5.0', '-log-level=WARNING']
2023-11-26 21:04:51;UNIUSDT;30m;1.5;75;34;76;100.0;3;122.34;['-batch-training', '-calc-rsi', '-verbose', '-prediction-mode=index', '-interval-list=30m', '-range-min-rsi=28', '-range-max-rsi=80', '-range-p-ema=50,250', '-target-margin-list=1.0,1.5,2.0,2.5,3.0,3.5,4.0,4.5,5.0', '-log-level=WARNING']
2023-11-26 20:49:51;UNIUSDT;30m;1.5;50;34;76;100.0;3;122.34;['-batch-training', '-calc-rsi', '-verbose', '-prediction-mode=index', '-interval-list=30m', '-range-min-rsi=28', '-range-max-rsi=80', '-range-p-ema=50,250', '-target-margin-list=1.0,1.5,2.0,2.5,3.0,3.5,4.0,4.5,5.0', '-log-level=WARNING']
2023-11-26 21:05:58;UNIUSDT;30m;2.0;75;34;72;100.0;3;122.34;['-batch-training', '-calc-rsi', '-verbose', '-prediction-mode=index', '-interval-list=30m', '-range-min-rsi=28', '-range-max-rsi=80', '-range-p-ema=50,250', '-target-margin-list=1.0,1.5,2.0,2.5,3.0,3.5,4.0,4.5,5.0', '-log-level=WARNING']
2023-11-26 19:38:57;UNIUSDT;30m;2.0;125;34;72;100.0;3;122.34;['-batch-training', '-calc-rsi', '-verbose', '-prediction-mode=index', '-interval-list=30m', '-range-min-rsi=28', '-range-max-rsi=80', '-range-p-ema=50,250', '-target-margin-list=1.0,1.5,2.0,2.5,3.0,3.5,4.0,4.5,5.0', '-log-level=WARNING']
2023-11-26 19:27:28;UNIUSDT;30m;2.0;100;34;72;100.0;3;122.34;['-batch-training', '-calc-rsi', '-verbose', '-prediction-mode=index', '-interval-list=30m', '-range-min-rsi=28', '-range-max-rsi=80', '-range-p-ema=50,250', '-target-margin-list=1.0,1.5,2.0,2.5,3.0,3.5,4.0,4.5,5.0', '-log-level=WARNING']
2023-11-26 20:50:48;UNIUSDT;30m;2.0;50;34;72;100.0;3;122.34;['-batch-training', '-calc-rsi', '-verbose', '-prediction-mode=index', '-interval-list=30m', '-range-min-rsi=28', '-range-max-rsi=80', '-range-p-ema=50,250', '-target-margin-list=1.0,1.5,2.0,2.5,3.0,3.5,4.0,4.5,5.0', '-log-level=WARNING']
2023-11-26 20:35:53;UNIUSDT;30m;1.5;250;32;76;100.0;2;122.34;['-batch-training', '-calc-rsi', '-verbose', '-prediction-mode=index', '-interval-list=30m', '-range-min-rsi=28', '-range-max-rsi=80', '-range-p-ema=50,250', '-target-margin-list=1.0,1.5,2.0,2.5,3.0,3.5,4.0,4.5,5.0', '-log-level=WARNING']
2023-11-26 19:38:11;UNIUSDT;30m;1.5;125;34;76;100.0;3;122.34;['-batch-training', '-calc-rsi', '-verbose', '-prediction-mode=index', '-interval-list=30m', '-range-min-rsi=28', '-range-max-rsi=80', '-range-p-ema=50,250', '-target-margin-list=1.0,1.5,2.0,2.5,3.0,3.5,4.0,4.5,5.0', '-log-level=WARNING']
2023-11-26 19:26:42;UNIUSDT;30m;1.5;100;34;76;100.0;3;122.34;['-batch-training', '-calc-rsi', '-verbose', '-prediction-mode=index', '-interval-list=30m', '-range-min-rsi=28', '-range-max-rsi=80', '-range-p-ema=50,250', '-target-margin-list=1.0,1.5,2.0,2.5,3.0,3.5,4.0,4.5,5.0', '-log-level=WARNING']
2023-11-26 20:10:02;UNIUSDT;30m;1.5;200;30;74;100.0;6;122.37;['-batch-training', '-calc-rsi', '-verbose', '-prediction-mode=index', '-interval-list=30m', '-range-min-rsi=28', '-range-max-rsi=80', '-range-p-ema=50,250', '-target-margin-list=1.0,1.5,2.0,2.5,3.0,3.5,4.0,4.5,5.0', '-log-level=WARNING']
2023-11-26 21:04:22;UNIUSDT;30m;1.5;75;30;74;100.0;6;122.37;['-batch-training', '-calc-rsi', '-verbose', '-prediction-mode=index', '-interval-list=30m', '-range-min-rsi=28', '-range-max-rsi=80', '-range-p-ema=50,250', '-target-margin-list=1.0,1.5,2.0,2.5,3.0,3.5,4.0,4.5,5.0', '-log-level=WARNING']
2023-11-26 20:22:22;UNIUSDT;30m;1.5;225;30;74;100.0;6;122.37;['-batch-training', '-calc-rsi', '-verbose', '-prediction-mode=index', '-interval-list=30m', '-range-min-rsi=28', '-range-max-rsi=80', '-range-p-ema=50,250', '-target-margin-list=1.0,1.5,2.0,2.5,3.0,3.5,4.0,4.5,5.0', '-log-level=WARNING']
2023-11-26 19:37:49;UNIUSDT;30m;1.5;125;30;74;100.0;6;122.37;['-batch-training', '-calc-rsi', '-verbose', '-prediction-mode=index', '-interval-list=30m', '-range-min-rsi=28', '-range-max-rsi=80', '-range-p-ema=50,250', '-target-margin-list=1.0,1.5,2.0,2.5,3.0,3.5,4.0,4.5,5.0', '-log-level=WARNING']
2023-11-26 19:59:56;UNIUSDT;30m;1.5;175;30;74;100.0;6;122.37;['-batch-training', '-calc-rsi', '-verbose', '-prediction-mode=index', '-interval-list=30m', '-range-min-rsi=28', '-range-max-rsi=80', '-range-p-ema=50,250', '-target-margin-list=1.0,1.5,2.0,2.5,3.0,3.5,4.0,4.5,5.0', '-log-level=WARNING']
2023-11-26 19:26:20;UNIUSDT;30m;1.5;100;30;74;100.0;6;122.37;['-batch-training', '-calc-rsi', '-verbose', '-prediction-mode=index', '-interval-list=30m', '-range-min-rsi=28', '-range-max-rsi=80', '-range-p-ema=50,250', '-target-margin-list=1.0,1.5,2.0,2.5,3.0,3.5,4.0,4.5,5.0', '-log-level=WARNING']
2023-11-26 20:49:24;UNIUSDT;30m;1.5;50;30;74;100.0;6;122.37;['-batch-training', '-calc-rsi', '-verbose', '-prediction-mode=index', '-interval-list=30m', '-range-min-rsi=28', '-range-max-rsi=80', '-range-p-ema=50,250', '-target-margin-list=1.0,1.5,2.0,2.5,3.0,3.5,4.0,4.5,5.0', '-log-level=WARNING']
2023-11-26 19:49:21;UNIUSDT;30m;1.5;150;30;74;100.0;6;122.37;['-batch-training', '-calc-rsi', '-verbose', '-prediction-mode=index', '-interval-list=30m', '-range-min-rsi=28', '-range-max-rsi=80', '-range-p-ema=50,250', '-target-margin-list=1.0,1.5,2.0,2.5,3.0,3.5,4.0,4.5,5.0', '-log-level=WARNING']
2023-11-26 19:55:02;UNIUSDT;30m;3.5;150;34;80;100.0;4;122.38;['-batch-training', '-calc-rsi', '-verbose', '-prediction-mode=index', '-interval-list=30m', '-range-min-rsi=28', '-range-max-rsi=80', '-range-p-ema=50,250', '-target-margin-list=1.0,1.5,2.0,2.5,3.0,3.5,4.0,4.5,5.0', '-log-level=WARNING']
2023-11-26 20:16:18;UNIUSDT;30m;3.5;200;34;80;100.0;4;122.38;['-batch-training', '-calc-rsi', '-verbose', '-prediction-mode=index', '-interval-list=30m', '-range-min-rsi=28', '-range-max-rsi=80', '-range-p-ema=50,250', '-target-margin-list=1.0,1.5,2.0,2.5,3.0,3.5,4.0,4.5,5.0', '-log-level=WARNING']
2023-11-26 20:05:09;UNIUSDT;30m;3.5;175;34;80;100.0;4;122.38;['-batch-training', '-calc-rsi', '-verbose', '-prediction-mode=index', '-interval-list=30m', '-range-min-rsi=28', '-range-max-rsi=80', '-range-p-ema=50,250', '-target-margin-list=1.0,1.5,2.0,2.5,3.0,3.5,4.0,4.5,5.0', '-log-level=WARNING']
2023-11-26 20:22:08;UNIUSDT;30m;1.5;225;32;72;100.0;2;122.39;['-batch-training', '-calc-rsi', '-verbose', '-prediction-mode=index', '-interval-list=30m', '-range-min-rsi=28', '-range-max-rsi=80', '-range-p-ema=50,250', '-target-margin-list=1.0,1.5,2.0,2.5,3.0,3.5,4.0,4.5,5.0', '-log-level=WARNING']
2023-11-26 19:59:48;UNIUSDT;30m;1.5;175;34;72;100.0;5;122.41;['-batch-training', '-calc-rsi', '-verbose', '-prediction-mode=index', '-interval-list=30m', '-range-min-rsi=28', '-range-max-rsi=80', '-range-p-ema=50,250', '-target-margin-list=1.0,1.5,2.0,2.5,3.0,3.5,4.0,4.5,5.0', '-log-level=WARNING']
2023-11-26 20:09:53;UNIUSDT;30m;1.5;200;34;72;100.0;5;122.43;['-batch-training', '-calc-rsi', '-verbose', '-prediction-mode=index', '-interval-list=30m', '-range-min-rsi=28', '-range-max-rsi=80', '-range-p-ema=50,250', '-target-margin-list=1.0,1.5,2.0,2.5,3.0,3.5,4.0,4.5,5.0', '-log-level=WARNING']
2023-11-26 20:57:39;UNIUSDT;30m;4.0;50;32;74;100.0;3;122.46;['-batch-training', '-calc-rsi', '-verbose', '-prediction-mode=index', '-interval-list=30m', '-range-min-rsi=28', '-range-max-rsi=80', '-range-p-ema=50,250', '-target-margin-list=1.0,1.5,2.0,2.5,3.0,3.5,4.0,4.5,5.0', '-log-level=WARNING']
2023-11-26 19:44:15;UNIUSDT;30m;4.0;125;32;74;100.0;3;122.46;['-batch-training', '-calc-rsi', '-verbose', '-prediction-mode=index', '-interval-list=30m', '-range-min-rsi=28', '-range-max-rsi=80', '-range-p-ema=50,250', '-target-margin-list=1.0,1.5,2.0,2.5,3.0,3.5,4.0,4.5,5.0', '-log-level=WARNING']
2023-11-26 19:32:44;UNIUSDT;30m;4.0;100;32;74;100.0;3;122.46;['-batch-training', '-calc-rsi', '-verbose', '-prediction-mode=index', '-interval-list=30m', '-range-min-rsi=28', '-range-max-rsi=80', '-range-p-ema=50,250', '-target-margin-list=1.0,1.5,2.0,2.5,3.0,3.5,4.0,4.5,5.0', '-log-level=WARNING']
2023-11-26 21:13:27;UNIUSDT;30m;4.0;75;32;74;100.0;3;122.46;['-batch-training', '-calc-rsi', '-verbose', '-prediction-mode=index', '-interval-list=30m', '-range-min-rsi=28', '-range-max-rsi=80', '-range-p-ema=50,250', '-target-margin-list=1.0,1.5,2.0,2.5,3.0,3.5,4.0,4.5,5.0', '-log-level=WARNING']
2023-11-26 20:04:03;UNIUSDT;30m;3.0;175;34;80;100.0;2;122.47;['-batch-training', '-calc-rsi', '-verbose', '-prediction-mode=index', '-interval-list=30m', '-range-min-rsi=28', '-range-max-rsi=80', '-range-p-ema=50,250', '-target-margin-list=1.0,1.5,2.0,2.5,3.0,3.5,4.0,4.5,5.0', '-log-level=WARNING']
2023-11-26 20:35:17;UNIUSDT;30m;1.5;250;32;72;100.0;3;122.5;['-batch-training', '-calc-rsi', '-verbose', '-prediction-mode=index', '-interval-list=30m', '-range-min-rsi=28', '-range-max-rsi=80', '-range-p-ema=50,250', '-target-margin-list=1.0,1.5,2.0,2.5,3.0,3.5,4.0,4.5,5.0', '-log-level=WARNING']
2023-11-26 20:25:05;UNIUSDT;30m;2.5;225;34;72;100.0;7;122.5;['-batch-training', '-calc-rsi', '-verbose', '-prediction-mode=index', '-interval-list=30m', '-range-min-rsi=28', '-range-max-rsi=80', '-range-p-ema=50,250', '-target-margin-list=1.0,1.5,2.0,2.5,3.0,3.5,4.0,4.5,5.0', '-log-level=WARNING']
2023-11-26 20:15:03;UNIUSDT;30m;3.5;200;28;72;100.0;5;122.55;['-batch-training', '-calc-rsi', '-verbose', '-prediction-mode=index', '-interval-list=30m', '-range-min-rsi=28', '-range-max-rsi=80', '-range-p-ema=50,250', '-target-margin-list=1.0,1.5,2.0,2.5,3.0,3.5,4.0,4.5,5.0', '-log-level=WARNING']
2023-11-26 19:31:09;UNIUSDT;30m;3.5;100;28;72;100.0;5;122.55;['-batch-training', '-calc-rsi', '-verbose', '-prediction-mode=index', '-interval-list=30m', '-range-min-rsi=28', '-range-max-rsi=80', '-range-p-ema=50,250', '-target-margin-list=1.0,1.5,2.0,2.5,3.0,3.5,4.0,4.5,5.0', '-log-level=WARNING']
2023-11-26 20:27:48;UNIUSDT;30m;3.5;225;28;72;100.0;5;122.55;['-batch-training', '-calc-rsi', '-verbose', '-prediction-mode=index', '-interval-list=30m', '-range-min-rsi=28', '-range-max-rsi=80', '-range-p-ema=50,250', '-target-margin-list=1.0,1.5,2.0,2.5,3.0,3.5,4.0,4.5,5.0', '-log-level=WARNING']
2023-11-26 21:11:08;UNIUSDT;30m;3.5;75;28;72;100.0;5;122.55;['-batch-training', '-calc-rsi', '-verbose', '-prediction-mode=index', '-interval-list=30m', '-range-min-rsi=28', '-range-max-rsi=80', '-range-p-ema=50,250', '-target-margin-list=1.0,1.5,2.0,2.5,3.0,3.5,4.0,4.5,5.0', '-log-level=WARNING']
2023-11-26 19:53:59;UNIUSDT;30m;3.5;150;28;72;100.0;5;122.55;['-batch-training', '-calc-rsi', '-verbose', '-prediction-mode=index', '-interval-list=30m', '-range-min-rsi=28', '-range-max-rsi=80', '-range-p-ema=50,250', '-target-margin-list=1.0,1.5,2.0,2.5,3.0,3.5,4.0,4.5,5.0', '-log-level=WARNING']
2023-11-26 19:42:39;UNIUSDT;30m;3.5;125;28;72;100.0;5;122.55;['-batch-training', '-calc-rsi', '-verbose', '-prediction-mode=index', '-interval-list=30m', '-range-min-rsi=28', '-range-max-rsi=80', '-range-p-ema=50,250', '-target-margin-list=1.0,1.5,2.0,2.5,3.0,3.5,4.0,4.5,5.0', '-log-level=WARNING']
2023-11-26 20:55:33;UNIUSDT;30m;3.5;50;28;72;100.0;5;122.55;['-batch-training', '-calc-rsi', '-verbose', '-prediction-mode=index', '-interval-list=30m', '-range-min-rsi=28', '-range-max-rsi=80', '-range-p-ema=50,250', '-target-margin-list=1.0,1.5,2.0,2.5,3.0,3.5,4.0,4.5,5.0', '-log-level=WARNING']
2023-11-26 20:04:08;UNIUSDT;30m;3.5;175;28;72;100.0;5;122.55;['-batch-training', '-calc-rsi', '-verbose', '-prediction-mode=index', '-interval-list=30m', '-range-min-rsi=28', '-range-max-rsi=80', '-range-p-ema=50,250', '-target-margin-list=1.0,1.5,2.0,2.5,3.0,3.5,4.0,4.5,5.0', '-log-level=WARNING']
2023-11-26 21:00:28;UNIUSDT;30m;4.5;50;36;80;100.0;2;122.56;['-batch-training', '-calc-rsi', '-verbose', '-prediction-mode=index', '-interval-list=30m', '-range-min-rsi=28', '-range-max-rsi=80', '-range-p-ema=50,250', '-target-margin-list=1.0,1.5,2.0,2.5,3.0,3.5,4.0,4.5,5.0', '-log-level=WARNING']
2023-11-26 21:15:52;UNIUSDT;30m;4.5;75;36;80;100.0;2;122.56;['-batch-training', '-calc-rsi', '-verbose', '-prediction-mode=index', '-interval-list=30m', '-range-min-rsi=28', '-range-max-rsi=80', '-range-p-ema=50,250', '-target-margin-list=1.0,1.5,2.0,2.5,3.0,3.5,4.0,4.5,5.0', '-log-level=WARNING']
2023-11-26 20:45:29;UNIUSDT;30m;4.5;250;36;78;100.0;3;122.58;['-batch-training', '-calc-rsi', '-verbose', '-prediction-mode=index', '-interval-list=30m', '-range-min-rsi=28', '-range-max-rsi=80', '-range-p-ema=50,250', '-target-margin-list=1.0,1.5,2.0,2.5,3.0,3.5,4.0,4.5,5.0', '-log-level=WARNING']
2023-11-26 20:31:49;UNIUSDT;30m;4.5;225;36;78;100.0;3;122.58;['-batch-training', '-calc-rsi', '-verbose', '-prediction-mode=index', '-interval-list=30m', '-range-min-rsi=28', '-range-max-rsi=80', '-range-p-ema=50,250', '-target-margin-list=1.0,1.5,2.0,2.5,3.0,3.5,4.0,4.5,5.0', '-log-level=WARNING']
2023-11-26 20:21:12;UNIUSDT;30m;1.0;225;30;76;100.0;3;122.58;['-batch-training', '-calc-rsi', '-verbose', '-prediction-mode=index', '-interval-list=30m', '-range-min-rsi=28', '-range-max-rsi=80', '-range-p-ema=50,250', '-target-margin-list=1.0,1.5,2.0,2.5,3.0,3.5,4.0,4.5,5.0', '-log-level=WARNING']
2023-11-26 19:59:00;UNIUSDT;30m;1.0;175;30;76;100.0;3;122.58;['-batch-training', '-calc-rsi', '-verbose', '-prediction-mode=index', '-interval-list=30m', '-range-min-rsi=28', '-range-max-rsi=80', '-range-p-ema=50,250', '-target-margin-list=1.0,1.5,2.0,2.5,3.0,3.5,4.0,4.5,5.0', '-log-level=WARNING']
2023-11-26 20:09:04;UNIUSDT;30m;1.0;200;30;76;100.0;3;122.58;['-batch-training', '-calc-rsi', '-verbose', '-prediction-mode=index', '-interval-list=30m', '-range-min-rsi=28', '-range-max-rsi=80', '-range-p-ema=50,250', '-target-margin-list=1.0,1.5,2.0,2.5,3.0,3.5,4.0,4.5,5.0', '-log-level=WARNING']
2023-11-26 20:38:02;UNIUSDT;30m;2.0;250;34;80;100.0;4;122.59;['-batch-training', '-calc-rsi', '-verbose', '-prediction-mode=index', '-interval-list=30m', '-range-min-rsi=28', '-range-max-rsi=80', '-range-p-ema=50,250', '-target-margin-list=1.0,1.5,2.0,2.5,3.0,3.5,4.0,4.5,5.0', '-log-level=WARNING']
2023-11-26 19:52:38;UNIUSDT;30m;2.5;150;28;80;100.0;7;122.62;['-batch-training', '-calc-rsi', '-verbose', '-prediction-mode=index', '-interval-list=30m', '-range-min-rsi=28', '-range-max-rsi=80', '-range-p-ema=50,250', '-target-margin-list=1.0,1.5,2.0,2.5,3.0,3.5,4.0,4.5,5.0', '-log-level=WARNING']
2023-11-26 20:39:22;UNIUSDT;30m;2.5;250;28;80;100.0;7;122.62;['-batch-training', '-calc-rsi', '-verbose', '-prediction-mode=index', '-interval-list=30m', '-range-min-rsi=28', '-range-max-rsi=80', '-range-p-ema=50,250', '-target-margin-list=1.0,1.5,2.0,2.5,3.0,3.5,4.0,4.5,5.0', '-log-level=WARNING']
2023-11-26 20:02:49;UNIUSDT;30m;2.5;175;28;80;100.0;7;122.62;['-batch-training', '-calc-rsi', '-verbose', '-prediction-mode=index', '-interval-list=30m', '-range-min-rsi=28', '-range-max-rsi=80', '-range-p-ema=50,250', '-target-margin-list=1.0,1.5,2.0,2.5,3.0,3.5,4.0,4.5,5.0', '-log-level=WARNING']
2023-11-26 20:53:34;UNIUSDT;30m;2.5;50;28;80;100.0;7;122.62;['-batch-training', '-calc-rsi', '-verbose', '-prediction-mode=index', '-interval-list=30m', '-range-min-rsi=28', '-range-max-rsi=80', '-range-p-ema=50,250', '-target-margin-list=1.0,1.5,2.0,2.5,3.0,3.5,4.0,4.5,5.0', '-log-level=WARNING']
2023-11-26 19:29:38;UNIUSDT;30m;2.5;100;28;80;100.0;7;122.62;['-batch-training', '-calc-rsi', '-verbose', '-prediction-mode=index', '-interval-list=30m', '-range-min-rsi=28', '-range-max-rsi=80', '-range-p-ema=50,250', '-target-margin-list=1.0,1.5,2.0,2.5,3.0,3.5,4.0,4.5,5.0', '-log-level=WARNING']
2023-11-26 20:26:04;UNIUSDT;30m;2.5;225;28;80;100.0;7;122.62;['-batch-training', '-calc-rsi', '-verbose', '-prediction-mode=index', '-interval-list=30m', '-range-min-rsi=28', '-range-max-rsi=80', '-range-p-ema=50,250', '-target-margin-list=1.0,1.5,2.0,2.5,3.0,3.5,4.0,4.5,5.0', '-log-level=WARNING']
2023-11-26 21:09:01;UNIUSDT;30m;2.5;75;28;80;100.0;7;122.62;['-batch-training', '-calc-rsi', '-verbose', '-prediction-mode=index', '-interval-list=30m', '-range-min-rsi=28', '-range-max-rsi=80', '-range-p-ema=50,250', '-target-margin-list=1.0,1.5,2.0,2.5,3.0,3.5,4.0,4.5,5.0', '-log-level=WARNING']
2023-11-26 20:13:26;UNIUSDT;30m;2.5;200;28;80;100.0;7;122.62;['-batch-training', '-calc-rsi', '-verbose', '-prediction-mode=index', '-interval-list=30m', '-range-min-rsi=28', '-range-max-rsi=80', '-range-p-ema=50,250', '-target-margin-list=1.0,1.5,2.0,2.5,3.0,3.5,4.0,4.5,5.0', '-log-level=WARNING']
2023-11-26 19:41:07;UNIUSDT;30m;2.5;125;28;80;100.0;7;122.62;['-batch-training', '-calc-rsi', '-verbose', '-prediction-mode=index', '-interval-list=30m', '-range-min-rsi=28', '-range-max-rsi=80', '-range-p-ema=50,250', '-target-margin-list=1.0,1.5,2.0,2.5,3.0,3.5,4.0,4.5,5.0', '-log-level=WARNING']
2023-11-26 20:40:14;UNIUSDT;30m;3.0;250;36;74;100.0;4;122.67;['-batch-training', '-calc-rsi', '-verbose', '-prediction-mode=index', '-interval-list=30m', '-range-min-rsi=28', '-range-max-rsi=80', '-range-p-ema=50,250', '-target-margin-list=1.0,1.5,2.0,2.5,3.0,3.5,4.0,4.5,5.0', '-log-level=WARNING']
2023-11-26 20:40:52;UNIUSDT;30m;3.0;250;36;78;100.0;3;122.68;['-batch-training', '-calc-rsi', '-verbose', '-prediction-mode=index', '-interval-list=30m', '-range-min-rsi=28', '-range-max-rsi=80', '-range-p-ema=50,250', '-target-margin-list=1.0,1.5,2.0,2.5,3.0,3.5,4.0,4.5,5.0', '-log-level=WARNING']
2023-11-26 20:39:30;UNIUSDT;30m;2.5;250;32;80;100.0;3;122.68;['-batch-training', '-calc-rsi', '-verbose', '-prediction-mode=index', '-interval-list=30m', '-range-min-rsi=28', '-range-max-rsi=80', '-range-p-ema=50,250', '-target-margin-list=1.0,1.5,2.0,2.5,3.0,3.5,4.0,4.5,5.0', '-log-level=WARNING']
2023-11-26 20:45:44;UNIUSDT;30m;4.5;250;34;80;100.0;3;122.69;['-batch-training', '-calc-rsi', '-verbose', '-prediction-mode=index', '-interval-list=30m', '-range-min-rsi=28', '-range-max-rsi=80', '-range-p-ema=50,250', '-target-margin-list=1.0,1.5,2.0,2.5,3.0,3.5,4.0,4.5,5.0', '-log-level=WARNING']
2023-11-26 20:32:03;UNIUSDT;30m;4.5;225;34;80;100.0;3;122.69;['-batch-training', '-calc-rsi', '-verbose', '-prediction-mode=index', '-interval-list=30m', '-range-min-rsi=28', '-range-max-rsi=80', '-range-p-ema=50,250', '-target-margin-list=1.0,1.5,2.0,2.5,3.0,3.5,4.0,4.5,5.0', '-log-level=WARNING']
2023-11-26 20:23:28;UNIUSDT;30m;2.0;225;28;72;100.0;5;122.71;['-batch-training', '-calc-rsi', '-verbose', '-prediction-mode=index', '-interval-list=30m', '-range-min-rsi=28', '-range-max-rsi=80', '-range-p-ema=50,250', '-target-margin-list=1.0,1.5,2.0,2.5,3.0,3.5,4.0,4.5,5.0', '-log-level=WARNING']
2023-11-26 20:00:48;UNIUSDT;30m;2.0;175;28;72;100.0;5;122.71;['-batch-training', '-calc-rsi', '-verbose', '-prediction-mode=index', '-interval-list=30m', '-range-min-rsi=28', '-range-max-rsi=80', '-range-p-ema=50,250', '-target-margin-list=1.0,1.5,2.0,2.5,3.0,3.5,4.0,4.5,5.0', '-log-level=WARNING']
2023-11-26 19:27:19;UNIUSDT;30m;2.0;100;28;72;100.0;5;122.71;['-batch-training', '-calc-rsi', '-verbose', '-prediction-mode=index', '-interval-list=30m', '-range-min-rsi=28', '-range-max-rsi=80', '-range-p-ema=50,250', '-target-margin-list=1.0,1.5,2.0,2.5,3.0,3.5,4.0,4.5,5.0', '-log-level=WARNING']
2023-11-26 20:11:02;UNIUSDT;30m;2.0;200;28;72;100.0;5;122.71;['-batch-training', '-calc-rsi', '-verbose', '-prediction-mode=index', '-interval-list=30m', '-range-min-rsi=28', '-range-max-rsi=80', '-range-p-ema=50,250', '-target-margin-list=1.0,1.5,2.0,2.5,3.0,3.5,4.0,4.5,5.0', '-log-level=WARNING']
2023-11-26 21:05:45;UNIUSDT;30m;2.0;75;28;72;100.0;5;122.71;['-batch-training', '-calc-rsi', '-verbose', '-prediction-mode=index', '-interval-list=30m', '-range-min-rsi=28', '-range-max-rsi=80', '-range-p-ema=50,250', '-target-margin-list=1.0,1.5,2.0,2.5,3.0,3.5,4.0,4.5,5.0', '-log-level=WARNING']
2023-11-26 20:50:37;UNIUSDT;30m;2.0;50;28;72;100.0;5;122.71;['-batch-training', '-calc-rsi', '-verbose', '-prediction-mode=index', '-interval-list=30m', '-range-min-rsi=28', '-range-max-rsi=80', '-range-p-ema=50,250', '-target-margin-list=1.0,1.5,2.0,2.5,3.0,3.5,4.0,4.5,5.0', '-log-level=WARNING']
2023-11-26 19:38:48;UNIUSDT;30m;2.0;125;28;72;100.0;5;122.71;['-batch-training', '-calc-rsi', '-verbose', '-prediction-mode=index', '-interval-list=30m', '-range-min-rsi=28', '-range-max-rsi=80', '-range-p-ema=50,250', '-target-margin-list=1.0,1.5,2.0,2.5,3.0,3.5,4.0,4.5,5.0', '-log-level=WARNING']
2023-11-26 19:50:20;UNIUSDT;30m;2.0;150;28;72;100.0;5;122.71;['-batch-training', '-calc-rsi', '-verbose', '-prediction-mode=index', '-interval-list=30m', '-range-min-rsi=28', '-range-max-rsi=80', '-range-p-ema=50,250', '-target-margin-list=1.0,1.5,2.0,2.5,3.0,3.5,4.0,4.5,5.0', '-log-level=WARNING']
2023-11-26 21:00:07;UNIUSDT;30m;4.5;50;36;78;100.0;2;122.73;['-batch-training', '-calc-rsi', '-verbose', '-prediction-mode=index', '-interval-list=30m', '-range-min-rsi=28', '-range-max-rsi=80', '-range-p-ema=50,250', '-target-margin-list=1.0,1.5,2.0,2.5,3.0,3.5,4.0,4.5,5.0', '-log-level=WARNING']
2023-11-26 21:15:36;UNIUSDT;30m;4.5;75;36;78;100.0;2;122.73;['-batch-training', '-calc-rsi', '-verbose', '-prediction-mode=index', '-interval-list=30m', '-range-min-rsi=28', '-range-max-rsi=80', '-range-p-ema=50,250', '-target-margin-list=1.0,1.5,2.0,2.5,3.0,3.5,4.0,4.5,5.0', '-log-level=WARNING']
2023-11-26 20:02:04;UNIUSDT;30m;2.5;175;34;72;100.0;7;122.76;['-batch-training', '-calc-rsi', '-verbose', '-prediction-mode=index', '-interval-list=30m', '-range-min-rsi=28', '-range-max-rsi=80', '-range-p-ema=50,250', '-target-margin-list=1.0,1.5,2.0,2.5,3.0,3.5,4.0,4.5,5.0', '-log-level=WARNING']
2023-11-26 20:31:46;UNIUSDT;30m;4.5;225;34;78;100.0;3;122.76;['-batch-training', '-calc-rsi', '-verbose', '-prediction-mode=index', '-interval-list=30m', '-range-min-rsi=28', '-range-max-rsi=80', '-range-p-ema=50,250', '-target-margin-list=1.0,1.5,2.0,2.5,3.0,3.5,4.0,4.5,5.0', '-log-level=WARNING']
2023-11-26 20:45:25;UNIUSDT;30m;4.5;250;34;78;100.0;3;122.76;['-batch-training', '-calc-rsi', '-verbose', '-prediction-mode=index', '-interval-list=30m', '-range-min-rsi=28', '-range-max-rsi=80', '-range-p-ema=50,250', '-target-margin-list=1.0,1.5,2.0,2.5,3.0,3.5,4.0,4.5,5.0', '-log-level=WARNING']
2023-11-26 19:32:06;UNIUSDT;30m;3.5;100;36;78;100.0;3;122.82;['-batch-training', '-calc-rsi', '-verbose', '-prediction-mode=index', '-interval-list=30m', '-range-min-rsi=28', '-range-max-rsi=80', '-range-p-ema=50,250', '-target-margin-list=1.0,1.5,2.0,2.5,3.0,3.5,4.0,4.5,5.0', '-log-level=WARNING']
2023-11-26 19:43:36;UNIUSDT;30m;3.5;125;36;78;100.0;3;122.82;['-batch-training', '-calc-rsi', '-verbose', '-prediction-mode=index', '-interval-list=30m', '-range-min-rsi=28', '-range-max-rsi=80', '-range-p-ema=50,250', '-target-margin-list=1.0,1.5,2.0,2.5,3.0,3.5,4.0,4.5,5.0', '-log-level=WARNING']
2023-11-26 19:49:05;UNIUSDT;30m;1.5;150;30;72;100.0;3;122.83;['-batch-training', '-calc-rsi', '-verbose', '-prediction-mode=index', '-interval-list=30m', '-range-min-rsi=28', '-range-max-rsi=80', '-range-p-ema=50,250', '-target-margin-list=1.0,1.5,2.0,2.5,3.0,3.5,4.0,4.5,5.0', '-log-level=WARNING']
2023-11-26 19:26:04;UNIUSDT;30m;1.5;100;30;72;100.0;3;122.83;['-batch-training', '-calc-rsi', '-verbose', '-prediction-mode=index', '-interval-list=30m', '-range-min-rsi=28', '-range-max-rsi=80', '-range-p-ema=50,250', '-target-margin-list=1.0,1.5,2.0,2.5,3.0,3.5,4.0,4.5,5.0', '-log-level=WARNING']
2023-11-26 20:49:05;UNIUSDT;30m;1.5;50;30;72;100.0;3;122.83;['-batch-training', '-calc-rsi', '-verbose', '-prediction-mode=index', '-interval-list=30m', '-range-min-rsi=28', '-range-max-rsi=80', '-range-p-ema=50,250', '-target-margin-list=1.0,1.5,2.0,2.5,3.0,3.5,4.0,4.5,5.0', '-log-level=WARNING']
2023-11-26 19:37:33;UNIUSDT;30m;1.5;125;30;72;100.0;3;122.83;['-batch-training', '-calc-rsi', '-verbose', '-prediction-mode=index', '-interval-list=30m', '-range-min-rsi=28', '-range-max-rsi=80', '-range-p-ema=50,250', '-target-margin-list=1.0,1.5,2.0,2.5,3.0,3.5,4.0,4.5,5.0', '-log-level=WARNING']
2023-11-26 19:59:42;UNIUSDT;30m;1.5;175;30;72;100.0;3;122.83;['-batch-training', '-calc-rsi', '-verbose', '-prediction-mode=index', '-interval-list=30m', '-range-min-rsi=28', '-range-max-rsi=80', '-range-p-ema=50,250', '-target-margin-list=1.0,1.5,2.0,2.5,3.0,3.5,4.0,4.5,5.0', '-log-level=WARNING']
2023-11-26 20:22:05;UNIUSDT;30m;1.5;225;30;72;100.0;3;122.83;['-batch-training', '-calc-rsi', '-verbose', '-prediction-mode=index', '-interval-list=30m', '-range-min-rsi=28', '-range-max-rsi=80', '-range-p-ema=50,250', '-target-margin-list=1.0,1.5,2.0,2.5,3.0,3.5,4.0,4.5,5.0', '-log-level=WARNING']
2023-11-26 21:04:01;UNIUSDT;30m;1.5;75;30;72;100.0;3;122.83;['-batch-training', '-calc-rsi', '-verbose', '-prediction-mode=index', '-interval-list=30m', '-range-min-rsi=28', '-range-max-rsi=80', '-range-p-ema=50,250', '-target-margin-list=1.0,1.5,2.0,2.5,3.0,3.5,4.0,4.5,5.0', '-log-level=WARNING']
2023-11-26 20:09:47;UNIUSDT;30m;1.5;200;30;72;100.0;3;122.83;['-batch-training', '-calc-rsi', '-verbose', '-prediction-mode=index', '-interval-list=30m', '-range-min-rsi=28', '-range-max-rsi=80', '-range-p-ema=50,250', '-target-margin-list=1.0,1.5,2.0,2.5,3.0,3.5,4.0,4.5,5.0', '-log-level=WARNING']
2023-11-26 20:24:13;UNIUSDT;30m;2.0;225;34;76;100.0;3;122.84;['-batch-training', '-calc-rsi', '-verbose', '-prediction-mode=index', '-interval-list=30m', '-range-min-rsi=28', '-range-max-rsi=80', '-range-p-ema=50,250', '-target-margin-list=1.0,1.5,2.0,2.5,3.0,3.5,4.0,4.5,5.0', '-log-level=WARNING']
2023-11-26 19:57:05;UNIUSDT;30m;4.5;150;34;78;100.0;2;122.84;['-batch-training', '-calc-rsi', '-verbose', '-prediction-mode=index', '-interval-list=30m', '-range-min-rsi=28', '-range-max-rsi=80', '-range-p-ema=50,250', '-target-margin-list=1.0,1.5,2.0,2.5,3.0,3.5,4.0,4.5,5.0', '-log-level=WARNING']
2023-11-26 20:18:46;UNIUSDT;30m;4.5;200;34;78;100.0;2;122.84;['-batch-training', '-calc-rsi', '-verbose', '-prediction-mode=index', '-interval-list=30m', '-range-min-rsi=28', '-range-max-rsi=80', '-range-p-ema=50,250', '-target-margin-list=1.0,1.5,2.0,2.5,3.0,3.5,4.0,4.5,5.0', '-log-level=WARNING']
2023-11-26 20:07:08;UNIUSDT;30m;4.5;175;34;78;100.0;2;122.84;['-batch-training', '-calc-rsi', '-verbose', '-prediction-mode=index', '-interval-list=30m', '-range-min-rsi=28', '-range-max-rsi=80', '-range-p-ema=50,250', '-target-margin-list=1.0,1.5,2.0,2.5,3.0,3.5,4.0,4.5,5.0', '-log-level=WARNING']
2023-11-26 19:51:44;UNIUSDT;30m;2.5;150;32;72;100.0;7;122.87;['-batch-training', '-calc-rsi', '-verbose', '-prediction-mode=index', '-interval-list=30m', '-range-min-rsi=28', '-range-max-rsi=80', '-range-p-ema=50,250', '-target-margin-list=1.0,1.5,2.0,2.5,3.0,3.5,4.0,4.5,5.0', '-log-level=WARNING']
2023-11-26 20:02:01;UNIUSDT;30m;2.5;175;32;72;100.0;7;122.87;['-batch-training', '-calc-rsi', '-verbose', '-prediction-mode=index', '-interval-list=30m', '-range-min-rsi=28', '-range-max-rsi=80', '-range-p-ema=50,250', '-target-margin-list=1.0,1.5,2.0,2.5,3.0,3.5,4.0,4.5,5.0', '-log-level=WARNING']
2023-11-26 19:56:13;UNIUSDT;30m;4.0;150;36;80;100.0;2;122.9;['-batch-training', '-calc-rsi', '-verbose', '-prediction-mode=index', '-interval-list=30m', '-range-min-rsi=28', '-range-max-rsi=80', '-range-p-ema=50,250', '-target-margin-list=1.0,1.5,2.0,2.5,3.0,3.5,4.0,4.5,5.0', '-log-level=WARNING']
2023-11-26 20:38:20;UNIUSDT;30m;2.5;250;34;72;100.0;7;122.9;['-batch-training', '-calc-rsi', '-verbose', '-prediction-mode=index', '-interval-list=30m', '-range-min-rsi=28', '-range-max-rsi=80', '-range-p-ema=50,250', '-target-margin-list=1.0,1.5,2.0,2.5,3.0,3.5,4.0,4.5,5.0', '-log-level=WARNING']
2023-11-26 20:26:31;UNIUSDT;30m;3.0;225;34;72;100.0;6;122.9;['-batch-training', '-calc-rsi', '-verbose', '-prediction-mode=index', '-interval-list=30m', '-range-min-rsi=28', '-range-max-rsi=80', '-range-p-ema=50,250', '-target-margin-list=1.0,1.5,2.0,2.5,3.0,3.5,4.0,4.5,5.0', '-log-level=WARNING']
2023-11-26 20:02:33;UNIUSDT;30m;2.5;175;36;76;100.0;4;122.94;['-batch-training', '-calc-rsi', '-verbose', '-prediction-mode=index', '-interval-list=30m', '-range-min-rsi=28', '-range-max-rsi=80', '-range-p-ema=50,250', '-target-margin-list=1.0,1.5,2.0,2.5,3.0,3.5,4.0,4.5,5.0', '-log-level=WARNING']
2023-11-26 19:31:00;UNIUSDT;30m;3.0;100;32;80;100.0;4;122.95;['-batch-training', '-calc-rsi', '-verbose', '-prediction-mode=index', '-interval-list=30m', '-range-min-rsi=28', '-range-max-rsi=80', '-range-p-ema=50,250', '-target-margin-list=1.0,1.5,2.0,2.5,3.0,3.5,4.0,4.5,5.0', '-log-level=WARNING']
2023-11-26 21:10:55;UNIUSDT;30m;3.0;75;32;80;100.0;4;122.95;['-batch-training', '-calc-rsi', '-verbose', '-prediction-mode=index', '-interval-list=30m', '-range-min-rsi=28', '-range-max-rsi=80', '-range-p-ema=50,250', '-target-margin-list=1.0,1.5,2.0,2.5,3.0,3.5,4.0,4.5,5.0', '-log-level=WARNING']
2023-11-26 19:42:30;UNIUSDT;30m;3.0;125;32;80;100.0;4;122.95;['-batch-training', '-calc-rsi', '-verbose', '-prediction-mode=index', '-interval-list=30m', '-range-min-rsi=28', '-range-max-rsi=80', '-range-p-ema=50,250', '-target-margin-list=1.0,1.5,2.0,2.5,3.0,3.5,4.0,4.5,5.0', '-log-level=WARNING']
2023-11-26 20:55:22;UNIUSDT;30m;3.0;50;32;80;100.0;4;122.95;['-batch-training', '-calc-rsi', '-verbose', '-prediction-mode=index', '-interval-list=30m', '-range-min-rsi=28', '-range-max-rsi=80', '-range-p-ema=50,250', '-target-margin-list=1.0,1.5,2.0,2.5,3.0,3.5,4.0,4.5,5.0', '-log-level=WARNING']
2023-11-26 20:03:13;UNIUSDT;30m;3.0;175;36;72;100.0;4;122.96;['-batch-training', '-calc-rsi', '-verbose', '-prediction-mode=index', '-interval-list=30m', '-range-min-rsi=28', '-range-max-rsi=80', '-range-p-ema=50,250', '-target-margin-list=1.0,1.5,2.0,2.5,3.0,3.5,4.0,4.5,5.0', '-log-level=WARNING']
2023-11-26 20:13:55;UNIUSDT;30m;3.0;200;36;72;100.0;4;122.96;['-batch-training', '-calc-rsi', '-verbose', '-prediction-mode=index', '-interval-list=30m', '-range-min-rsi=28', '-range-max-rsi=80', '-range-p-ema=50,250', '-target-margin-list=1.0,1.5,2.0,2.5,3.0,3.5,4.0,4.5,5.0', '-log-level=WARNING']
2023-11-26 20:44:15;UNIUSDT;30m;4.0;250;36;80;100.0;2;122.99;['-batch-training', '-calc-rsi', '-verbose', '-prediction-mode=index', '-interval-list=30m', '-range-min-rsi=28', '-range-max-rsi=80', '-range-p-ema=50,250', '-target-margin-list=1.0,1.5,2.0,2.5,3.0,3.5,4.0,4.5,5.0', '-log-level=WARNING']
2023-11-26 20:30:39;UNIUSDT;30m;4.0;225;36;80;100.0;2;122.99;['-batch-training', '-calc-rsi', '-verbose', '-prediction-mode=index', '-interval-list=30m', '-range-min-rsi=28', '-range-max-rsi=80', '-range-p-ema=50,250', '-target-margin-list=1.0,1.5,2.0,2.5,3.0,3.5,4.0,4.5,5.0', '-log-level=WARNING']
2023-11-26 20:00:56;UNIUSDT;30m;2.0;175;34;72;100.0;5;123.03;['-batch-training', '-calc-rsi', '-verbose', '-prediction-mode=index', '-interval-list=30m', '-range-min-rsi=28', '-range-max-rsi=80', '-range-p-ema=50,250', '-target-margin-list=1.0,1.5,2.0,2.5,3.0,3.5,4.0,4.5,5.0', '-log-level=WARNING']
2023-11-26 21:10:59;UNIUSDT;30m;3.0;75;34;80;100.0;4;123.05;['-batch-training', '-calc-rsi', '-verbose', '-prediction-mode=index', '-interval-list=30m', '-range-min-rsi=28', '-range-max-rsi=80', '-range-p-ema=50,250', '-target-margin-list=1.0,1.5,2.0,2.5,3.0,3.5,4.0,4.5,5.0', '-log-level=WARNING']
2023-11-26 19:42:33;UNIUSDT;30m;3.0;125;34;80;100.0;4;123.05;['-batch-training', '-calc-rsi', '-verbose', '-prediction-mode=index', '-interval-list=30m', '-range-min-rsi=28', '-range-max-rsi=80', '-range-p-ema=50,250', '-target-margin-list=1.0,1.5,2.0,2.5,3.0,3.5,4.0,4.5,5.0', '-log-level=WARNING']
2023-11-26 20:55:25;UNIUSDT;30m;3.0;50;34;80;100.0;4;123.05;['-batch-training', '-calc-rsi', '-verbose', '-prediction-mode=index', '-interval-list=30m', '-range-min-rsi=28', '-range-max-rsi=80', '-range-p-ema=50,250', '-target-margin-list=1.0,1.5,2.0,2.5,3.0,3.5,4.0,4.5,5.0', '-log-level=WARNING']
2023-11-26 19:31:03;UNIUSDT;30m;3.0;100;34;80;100.0;4;123.05;['-batch-training', '-calc-rsi', '-verbose', '-prediction-mode=index', '-interval-list=30m', '-range-min-rsi=28', '-range-max-rsi=80', '-range-p-ema=50,250', '-target-margin-list=1.0,1.5,2.0,2.5,3.0,3.5,4.0,4.5,5.0', '-log-level=WARNING']
2023-11-26 19:38:11;UNIUSDT;30m;1.5;125;34;76;100.0;5;123.08;['-batch-training', '-calc-rsi', '-verbose', '-prediction-mode=index', '-interval-list=30m', '-range-min-rsi=28', '-range-max-rsi=80', '-range-p-ema=50,250', '-target-margin-list=1.0,1.5,2.0,2.5,3.0,3.5,4.0,4.5,5.0', '-log-level=WARNING']
2023-11-26 19:26:42;UNIUSDT;30m;1.5;100;34;76;100.0;5;123.08;['-batch-training', '-calc-rsi', '-verbose', '-prediction-mode=index', '-interval-list=30m', '-range-min-rsi=28', '-range-max-rsi=80', '-range-p-ema=50,250', '-target-margin-list=1.0,1.5,2.0,2.5,3.0,3.5,4.0,4.5,5.0', '-log-level=WARNING']
2023-11-26 21:04:51;UNIUSDT;30m;1.5;75;34;76;100.0;5;123.08;['-batch-training', '-calc-rsi', '-verbose', '-prediction-mode=index', '-interval-list=30m', '-range-min-rsi=28', '-range-max-rsi=80', '-range-p-ema=50,250', '-target-margin-list=1.0,1.5,2.0,2.5,3.0,3.5,4.0,4.5,5.0', '-log-level=WARNING']
2023-11-26 20:49:51;UNIUSDT;30m;1.5;50;34;76;100.0;5;123.08;['-batch-training', '-calc-rsi', '-verbose', '-prediction-mode=index', '-interval-list=30m', '-range-min-rsi=28', '-range-max-rsi=80', '-range-p-ema=50,250', '-target-margin-list=1.0,1.5,2.0,2.5,3.0,3.5,4.0,4.5,5.0', '-log-level=WARNING']
2023-11-26 20:53:42;UNIUSDT;30m;2.5;50;32;80;100.0;3;123.1;['-batch-training', '-calc-rsi', '-verbose', '-prediction-mode=index', '-interval-list=30m', '-range-min-rsi=28', '-range-max-rsi=80', '-range-p-ema=50,250', '-target-margin-list=1.0,1.5,2.0,2.5,3.0,3.5,4.0,4.5,5.0', '-log-level=WARNING']
2023-11-26 19:41:13;UNIUSDT;30m;2.5;125;32;80;100.0;3;123.1;['-batch-training', '-calc-rsi', '-verbose', '-prediction-mode=index', '-interval-list=30m', '-range-min-rsi=28', '-range-max-rsi=80', '-range-p-ema=50,250', '-target-margin-list=1.0,1.5,2.0,2.5,3.0,3.5,4.0,4.5,5.0', '-log-level=WARNING']
2023-11-26 19:29:44;UNIUSDT;30m;2.5;100;32;80;100.0;3;123.1;['-batch-training', '-calc-rsi', '-verbose', '-prediction-mode=index', '-interval-list=30m', '-range-min-rsi=28', '-range-max-rsi=80', '-range-p-ema=50,250', '-target-margin-list=1.0,1.5,2.0,2.5,3.0,3.5,4.0,4.5,5.0', '-log-level=WARNING']
2023-11-26 21:09:09;UNIUSDT;30m;2.5;75;32;80;100.0;3;123.1;['-batch-training', '-calc-rsi', '-verbose', '-prediction-mode=index', '-interval-list=30m', '-range-min-rsi=28', '-range-max-rsi=80', '-range-p-ema=50,250', '-target-margin-list=1.0,1.5,2.0,2.5,3.0,3.5,4.0,4.5,5.0', '-log-level=WARNING']
2023-11-26 20:35:32;UNIUSDT;30m;1.5;250;30;74;100.0;6;123.12;['-batch-training', '-calc-rsi', '-verbose', '-prediction-mode=index', '-interval-list=30m', '-range-min-rsi=28', '-range-max-rsi=80', '-range-p-ema=50,250', '-target-margin-list=1.0,1.5,2.0,2.5,3.0,3.5,4.0,4.5,5.0', '-log-level=WARNING']
2023-11-26 20:41:02;UNIUSDT;30m;3.0;250;32;80;100.0;2;123.12;['-batch-training', '-calc-rsi', '-verbose', '-prediction-mode=index', '-interval-list=30m', '-range-min-rsi=28', '-range-max-rsi=80', '-range-p-ema=50,250', '-target-margin-list=1.0,1.5,2.0,2.5,3.0,3.5,4.0,4.5,5.0', '-log-level=WARNING']
2023-11-26 20:26:51;UNIUSDT;30m;3.0;225;36;74;100.0;2;123.12;['-batch-training', '-calc-rsi', '-verbose', '-prediction-mode=index', '-interval-list=30m', '-range-min-rsi=28', '-range-max-rsi=80', '-range-p-ema=50,250', '-target-margin-list=1.0,1.5,2.0,2.5,3.0,3.5,4.0,4.5,5.0', '-log-level=WARNING']
2023-11-26 20:14:26;UNIUSDT;30m;3.0;200;36;76;100.0;2;123.15;['-batch-training', '-calc-rsi', '-verbose', '-prediction-mode=index', '-interval-list=30m', '-range-min-rsi=28', '-range-max-rsi=80', '-range-p-ema=50,250', '-target-margin-list=1.0,1.5,2.0,2.5,3.0,3.5,4.0,4.5,5.0', '-log-level=WARNING']
2023-11-26 20:03:39;UNIUSDT;30m;3.0;175;36;76;100.0;2;123.15;['-batch-training', '-calc-rsi', '-verbose', '-prediction-mode=index', '-interval-list=30m', '-range-min-rsi=28', '-range-max-rsi=80', '-range-p-ema=50,250', '-target-margin-list=1.0,1.5,2.0,2.5,3.0,3.5,4.0,4.5,5.0', '-log-level=WARNING']
2023-11-26 20:16:04;UNIUSDT;30m;3.5;200;36;78;100.0;4;123.16;['-batch-training', '-calc-rsi', '-verbose', '-prediction-mode=index', '-interval-list=30m', '-range-min-rsi=28', '-range-max-rsi=80', '-range-p-ema=50,250', '-target-margin-list=1.0,1.5,2.0,2.5,3.0,3.5,4.0,4.5,5.0', '-log-level=WARNING']
2023-11-26 20:55:09;UNIUSDT;30m;3.0;50;36;78;100.0;3;123.16;['-batch-training', '-calc-rsi', '-verbose', '-prediction-mode=index', '-interval-list=30m', '-range-min-rsi=28', '-range-max-rsi=80', '-range-p-ema=50,250', '-target-margin-list=1.0,1.5,2.0,2.5,3.0,3.5,4.0,4.5,5.0', '-log-level=WARNING']
2023-11-26 21:10:42;UNIUSDT;30m;3.0;75;36;78;100.0;3;123.16;['-batch-training', '-calc-rsi', '-verbose', '-prediction-mode=index', '-interval-list=30m', '-range-min-rsi=28', '-range-max-rsi=80', '-range-p-ema=50,250', '-target-margin-list=1.0,1.5,2.0,2.5,3.0,3.5,4.0,4.5,5.0', '-log-level=WARNING']
2023-11-26 20:04:58;UNIUSDT;30m;3.5;175;36;78;100.0;4;123.16;['-batch-training', '-calc-rsi', '-verbose', '-prediction-mode=index', '-interval-list=30m', '-range-min-rsi=28', '-range-max-rsi=80', '-range-p-ema=50,250', '-target-margin-list=1.0,1.5,2.0,2.5,3.0,3.5,4.0,4.5,5.0', '-log-level=WARNING']
2023-11-26 21:07:38;UNIUSDT;30m;2.5;75;30;72;100.0;7;123.17;['-batch-training', '-calc-rsi', '-verbose', '-prediction-mode=index', '-interval-list=30m', '-range-min-rsi=28', '-range-max-rsi=80', '-range-p-ema=50,250', '-target-margin-list=1.0,1.5,2.0,2.5,3.0,3.5,4.0,4.5,5.0', '-log-level=WARNING']
2023-11-26 19:28:41;UNIUSDT;30m;2.5;100;30;72;100.0;7;123.17;['-batch-training', '-calc-rsi', '-verbose', '-prediction-mode=index', '-interval-list=30m', '-range-min-rsi=28', '-range-max-rsi=80', '-range-p-ema=50,250', '-target-margin-list=1.0,1.5,2.0,2.5,3.0,3.5,4.0,4.5,5.0', '-log-level=WARNING']
2023-11-26 20:12:25;UNIUSDT;30m;2.5;200;30;72;100.0;7;123.17;['-batch-training', '-calc-rsi', '-verbose', '-prediction-mode=index', '-interval-list=30m', '-range-min-rsi=28', '-range-max-rsi=80', '-range-p-ema=50,250', '-target-margin-list=1.0,1.5,2.0,2.5,3.0,3.5,4.0,4.5,5.0', '-log-level=WARNING']
2023-11-26 20:01:59;UNIUSDT;30m;2.5;175;30;72;100.0;7;123.17;['-batch-training', '-calc-rsi', '-verbose', '-prediction-mode=index', '-interval-list=30m', '-range-min-rsi=28', '-range-max-rsi=80', '-range-p-ema=50,250', '-target-margin-list=1.0,1.5,2.0,2.5,3.0,3.5,4.0,4.5,5.0', '-log-level=WARNING']
2023-11-26 19:40:09;UNIUSDT;30m;2.5;125;30;72;100.0;7;123.17;['-batch-training', '-calc-rsi', '-verbose', '-prediction-mode=index', '-interval-list=30m', '-range-min-rsi=28', '-range-max-rsi=80', '-range-p-ema=50,250', '-target-margin-list=1.0,1.5,2.0,2.5,3.0,3.5,4.0,4.5,5.0', '-log-level=WARNING']
2023-11-26 20:25:05;UNIUSDT;30m;2.5;225;34;72;100.0;5;123.17;['-batch-training', '-calc-rsi', '-verbose', '-prediction-mode=index', '-interval-list=30m', '-range-min-rsi=28', '-range-max-rsi=80', '-range-p-ema=50,250', '-target-margin-list=1.0,1.5,2.0,2.5,3.0,3.5,4.0,4.5,5.0', '-log-level=WARNING']
2023-11-26 20:24:58;UNIUSDT;30m;2.5;225;30;72;100.0;7;123.17;['-batch-training', '-calc-rsi', '-verbose', '-prediction-mode=index', '-interval-list=30m', '-range-min-rsi=28', '-range-max-rsi=80', '-range-p-ema=50,250', '-target-margin-list=1.0,1.5,2.0,2.5,3.0,3.5,4.0,4.5,5.0', '-log-level=WARNING']
2023-11-26 20:52:19;UNIUSDT;30m;2.5;50;30;72;100.0;7;123.17;['-batch-training', '-calc-rsi', '-verbose', '-prediction-mode=index', '-interval-list=30m', '-range-min-rsi=28', '-range-max-rsi=80', '-range-p-ema=50,250', '-target-margin-list=1.0,1.5,2.0,2.5,3.0,3.5,4.0,4.5,5.0', '-log-level=WARNING']
2023-11-26 19:51:41;UNIUSDT;30m;2.5;150;30;72;100.0;7;123.17;['-batch-training', '-calc-rsi', '-verbose', '-prediction-mode=index', '-interval-list=30m', '-range-min-rsi=28', '-range-max-rsi=80', '-range-p-ema=50,250', '-target-margin-list=1.0,1.5,2.0,2.5,3.0,3.5,4.0,4.5,5.0', '-log-level=WARNING']
2023-11-26 20:01:23;UNIUSDT;30m;2.0;175;34;76;100.0;4;123.18;['-batch-training', '-calc-rsi', '-verbose', '-prediction-mode=index', '-interval-list=30m', '-range-min-rsi=28', '-range-max-rsi=80', '-range-p-ema=50,250', '-target-margin-list=1.0,1.5,2.0,2.5,3.0,3.5,4.0,4.5,5.0', '-log-level=WARNING']
2023-11-26 20:46:18;UNIUSDT;30m;5.0;250;32;74;100.0;2;123.19;['-batch-training', '-calc-rsi', '-verbose', '-prediction-mode=index', '-interval-list=30m', '-range-min-rsi=28', '-range-max-rsi=80', '-range-p-ema=50,250', '-target-margin-list=1.0,1.5,2.0,2.5,3.0,3.5,4.0,4.5,5.0', '-log-level=WARNING']
2023-11-26 20:32:34;UNIUSDT;30m;5.0;225;32;74;100.0;2;123.19;['-batch-training', '-calc-rsi', '-verbose', '-prediction-mode=index', '-interval-list=30m', '-range-min-rsi=28', '-range-max-rsi=80', '-range-p-ema=50,250', '-target-margin-list=1.0,1.5,2.0,2.5,3.0,3.5,4.0,4.5,5.0', '-log-level=WARNING']
2023-11-26 20:07:45;UNIUSDT;30m;5.0;175;32;74;100.0;2;123.19;['-batch-training', '-calc-rsi', '-verbose', '-prediction-mode=index', '-interval-list=30m', '-range-min-rsi=28', '-range-max-rsi=80', '-range-p-ema=50,250', '-target-margin-list=1.0,1.5,2.0,2.5,3.0,3.5,4.0,4.5,5.0', '-log-level=WARNING']
2023-11-26 20:19:33;UNIUSDT;30m;5.0;200;32;74;100.0;2;123.19;['-batch-training', '-calc-rsi', '-verbose', '-prediction-mode=index', '-interval-list=30m', '-range-min-rsi=28', '-range-max-rsi=80', '-range-p-ema=50,250', '-target-margin-list=1.0,1.5,2.0,2.5,3.0,3.5,4.0,4.5,5.0', '-log-level=WARNING']
2023-11-26 19:57:43;UNIUSDT;30m;5.0;150;32;74;100.0;2;123.19;['-batch-training', '-calc-rsi', '-verbose', '-prediction-mode=index', '-interval-list=30m', '-range-min-rsi=28', '-range-max-rsi=80', '-range-p-ema=50,250', '-target-margin-list=1.0,1.5,2.0,2.5,3.0,3.5,4.0,4.5,5.0', '-log-level=WARNING']
2023-11-26 20:38:31;UNIUSDT;30m;2.5;250;30;74;100.0;3;123.23;['-batch-training', '-calc-rsi', '-verbose', '-prediction-mode=index', '-interval-list=30m', '-range-min-rsi=28', '-range-max-rsi=80', '-range-p-ema=50,250', '-target-margin-list=1.0,1.5,2.0,2.5,3.0,3.5,4.0,4.5,5.0', '-log-level=WARNING']
2023-11-26 20:12:40;UNIUSDT;30m;2.5;200;30;74;100.0;3;123.23;['-batch-training', '-calc-rsi', '-verbose', '-prediction-mode=index', '-interval-list=30m', '-range-min-rsi=28', '-range-max-rsi=80', '-range-p-ema=50,250', '-target-margin-list=1.0,1.5,2.0,2.5,3.0,3.5,4.0,4.5,5.0', '-log-level=WARNING']
2023-11-26 20:25:16;UNIUSDT;30m;2.5;225;30;74;100.0;3;123.23;['-batch-training', '-calc-rsi', '-verbose', '-prediction-mode=index', '-interval-list=30m', '-range-min-rsi=28', '-range-max-rsi=80', '-range-p-ema=50,250', '-target-margin-list=1.0,1.5,2.0,2.5,3.0,3.5,4.0,4.5,5.0', '-log-level=WARNING']
2023-11-26 21:08:01;UNIUSDT;30m;2.5;75;30;74;100.0;3;123.23;['-batch-training', '-calc-rsi', '-verbose', '-prediction-mode=index', '-interval-list=30m', '-range-min-rsi=28', '-range-max-rsi=80', '-range-p-ema=50,250', '-target-margin-list=1.0,1.5,2.0,2.5,3.0,3.5,4.0,4.5,5.0', '-log-level=WARNING']
2023-11-26 19:51:56;UNIUSDT;30m;2.5;150;30;74;100.0;3;123.23;['-batch-training', '-calc-rsi', '-verbose', '-prediction-mode=index', '-interval-list=30m', '-range-min-rsi=28', '-range-max-rsi=80', '-range-p-ema=50,250', '-target-margin-list=1.0,1.5,2.0,2.5,3.0,3.5,4.0,4.5,5.0', '-log-level=WARNING']
2023-11-26 20:02:11;UNIUSDT;30m;2.5;175;30;74;100.0;3;123.23;['-batch-training', '-calc-rsi', '-verbose', '-prediction-mode=index', '-interval-list=30m', '-range-min-rsi=28', '-range-max-rsi=80', '-range-p-ema=50,250', '-target-margin-list=1.0,1.5,2.0,2.5,3.0,3.5,4.0,4.5,5.0', '-log-level=WARNING']
2023-11-26 19:40:24;UNIUSDT;30m;2.5;125;30;74;100.0;3;123.23;['-batch-training', '-calc-rsi', '-verbose', '-prediction-mode=index', '-interval-list=30m', '-range-min-rsi=28', '-range-max-rsi=80', '-range-p-ema=50,250', '-target-margin-list=1.0,1.5,2.0,2.5,3.0,3.5,4.0,4.5,5.0', '-log-level=WARNING']
2023-11-26 20:52:38;UNIUSDT;30m;2.5;50;30;74;100.0;3;123.23;['-batch-training', '-calc-rsi', '-verbose', '-prediction-mode=index', '-interval-list=30m', '-range-min-rsi=28', '-range-max-rsi=80', '-range-p-ema=50,250', '-target-margin-list=1.0,1.5,2.0,2.5,3.0,3.5,4.0,4.5,5.0', '-log-level=WARNING']
2023-11-26 19:28:56;UNIUSDT;30m;2.5;100;30;74;100.0;3;123.23;['-batch-training', '-calc-rsi', '-verbose', '-prediction-mode=index', '-interval-list=30m', '-range-min-rsi=28', '-range-max-rsi=80', '-range-p-ema=50,250', '-target-margin-list=1.0,1.5,2.0,2.5,3.0,3.5,4.0,4.5,5.0', '-log-level=WARNING']
2023-11-26 19:38:04;UNIUSDT;30m;1.5;125;30;76;100.0;2;123.26;['-batch-training', '-calc-rsi', '-verbose', '-prediction-mode=index', '-interval-list=30m', '-range-min-rsi=28', '-range-max-rsi=80', '-range-p-ema=50,250', '-target-margin-list=1.0,1.5,2.0,2.5,3.0,3.5,4.0,4.5,5.0', '-log-level=WARNING']
2023-11-26 19:49:36;UNIUSDT;30m;1.5;150;30;76;100.0;2;123.26;['-batch-training', '-calc-rsi', '-verbose', '-prediction-mode=index', '-interval-list=30m', '-range-min-rsi=28', '-range-max-rsi=80', '-range-p-ema=50,250', '-target-margin-list=1.0,1.5,2.0,2.5,3.0,3.5,4.0,4.5,5.0', '-log-level=WARNING']
2023-11-26 20:22:39;UNIUSDT;30m;1.5;225;30;76;100.0;2;123.26;['-batch-training', '-calc-rsi', '-verbose', '-prediction-mode=index', '-interval-list=30m', '-range-min-rsi=28', '-range-max-rsi=80', '-range-p-ema=50,250', '-target-margin-list=1.0,1.5,2.0,2.5,3.0,3.5,4.0,4.5,5.0', '-log-level=WARNING']
2023-11-26 20:10:18;UNIUSDT;30m;1.5;200;30;76;100.0;2;123.26;['-batch-training', '-calc-rsi', '-verbose', '-prediction-mode=index', '-interval-list=30m', '-range-min-rsi=28', '-range-max-rsi=80', '-range-p-ema=50,250', '-target-margin-list=1.0,1.5,2.0,2.5,3.0,3.5,4.0,4.5,5.0', '-log-level=WARNING']
2023-11-26 20:49:42;UNIUSDT;30m;1.5;50;30;76;100.0;2;123.26;['-batch-training', '-calc-rsi', '-verbose', '-prediction-mode=index', '-interval-list=30m', '-range-min-rsi=28', '-range-max-rsi=80', '-range-p-ema=50,250', '-target-margin-list=1.0,1.5,2.0,2.5,3.0,3.5,4.0,4.5,5.0', '-log-level=WARNING']
2023-11-26 21:04:43;UNIUSDT;30m;1.5;75;30;76;100.0;2;123.26;['-batch-training', '-calc-rsi', '-verbose', '-prediction-mode=index', '-interval-list=30m', '-range-min-rsi=28', '-range-max-rsi=80', '-range-p-ema=50,250', '-target-margin-list=1.0,1.5,2.0,2.5,3.0,3.5,4.0,4.5,5.0', '-log-level=WARNING']
2023-11-26 19:26:35;UNIUSDT;30m;1.5;100;30;76;100.0;2;123.26;['-batch-training', '-calc-rsi', '-verbose', '-prediction-mode=index', '-interval-list=30m', '-range-min-rsi=28', '-range-max-rsi=80', '-range-p-ema=50,250', '-target-margin-list=1.0,1.5,2.0,2.5,3.0,3.5,4.0,4.5,5.0', '-log-level=WARNING']
2023-11-26 20:00:09;UNIUSDT;30m;1.5;175;30;76;100.0;2;123.26;['-batch-training', '-calc-rsi', '-verbose', '-prediction-mode=index', '-interval-list=30m', '-range-min-rsi=28', '-range-max-rsi=80', '-range-p-ema=50,250', '-target-margin-list=1.0,1.5,2.0,2.5,3.0,3.5,4.0,4.5,5.0', '-log-level=WARNING']
2023-11-26 20:02:15;UNIUSDT;30m;2.5;175;32;74;100.0;2;123.29;['-batch-training', '-calc-rsi', '-verbose', '-prediction-mode=index', '-interval-list=30m', '-range-min-rsi=28', '-range-max-rsi=80', '-range-p-ema=50,250', '-target-margin-list=1.0,1.5,2.0,2.5,3.0,3.5,4.0,4.5,5.0', '-log-level=WARNING']
2023-11-26 19:51:59;UNIUSDT;30m;2.5;150;32;74;100.0;2;123.29;['-batch-training', '-calc-rsi', '-verbose', '-prediction-mode=index', '-interval-list=30m', '-range-min-rsi=28', '-range-max-rsi=80', '-range-p-ema=50,250', '-target-margin-list=1.0,1.5,2.0,2.5,3.0,3.5,4.0,4.5,5.0', '-log-level=WARNING']
2023-11-26 20:42:20;UNIUSDT;30m;3.5;250;34;78;100.0;4;123.31;['-batch-training', '-calc-rsi', '-verbose', '-prediction-mode=index', '-interval-list=30m', '-range-min-rsi=28', '-range-max-rsi=80', '-range-p-ema=50,250', '-target-margin-list=1.0,1.5,2.0,2.5,3.0,3.5,4.0,4.5,5.0', '-log-level=WARNING']
2023-11-26 20:37:26;UNIUSDT;30m;2.0;250;34;76;100.0;3;123.37;['-batch-training', '-calc-rsi', '-verbose', '-prediction-mode=index', '-interval-list=30m', '-range-min-rsi=28', '-range-max-rsi=80', '-range-p-ema=50,250', '-target-margin-list=1.0,1.5,2.0,2.5,3.0,3.5,4.0,4.5,5.0', '-log-level=WARNING']
2023-11-26 21:13:27;UNIUSDT;30m;4.0;75;32;74;100.0;2;123.38;['-batch-training', '-calc-rsi', '-verbose', '-prediction-mode=index', '-interval-list=30m', '-range-min-rsi=28', '-range-max-rsi=80', '-range-p-ema=50,250', '-target-margin-list=1.0,1.5,2.0,2.5,3.0,3.5,4.0,4.5,5.0', '-log-level=WARNING']
2023-11-26 19:44:15;UNIUSDT;30m;4.0;125;32;74;100.0;2;123.38;['-batch-training', '-calc-rsi', '-verbose', '-prediction-mode=index', '-interval-list=30m', '-range-min-rsi=28', '-range-max-rsi=80', '-range-p-ema=50,250', '-target-margin-list=1.0,1.5,2.0,2.5,3.0,3.5,4.0,4.5,5.0', '-log-level=WARNING']
2023-11-26 19:32:44;UNIUSDT;30m;4.0;100;32;74;100.0;2;123.38;['-batch-training', '-calc-rsi', '-verbose', '-prediction-mode=index', '-interval-list=30m', '-range-min-rsi=28', '-range-max-rsi=80', '-range-p-ema=50,250', '-target-margin-list=1.0,1.5,2.0,2.5,3.0,3.5,4.0,4.5,5.0', '-log-level=WARNING']
2023-11-26 20:57:39;UNIUSDT;30m;4.0;50;32;74;100.0;2;123.38;['-batch-training', '-calc-rsi', '-verbose', '-prediction-mode=index', '-interval-list=30m', '-range-min-rsi=28', '-range-max-rsi=80', '-range-p-ema=50,250', '-target-margin-list=1.0,1.5,2.0,2.5,3.0,3.5,4.0,4.5,5.0', '-log-level=WARNING']
2023-11-26 19:50:29;UNIUSDT;30m;2.0;150;34;72;100.0;5;123.42;['-batch-training', '-calc-rsi', '-verbose', '-prediction-mode=index', '-interval-list=30m', '-range-min-rsi=28', '-range-max-rsi=80', '-range-p-ema=50,250', '-target-margin-list=1.0,1.5,2.0,2.5,3.0,3.5,4.0,4.5,5.0', '-log-level=WARNING']
2023-11-26 20:23:56;UNIUSDT;30m;2.0;225;34;74;100.0;4;123.42;['-batch-training', '-calc-rsi', '-verbose', '-prediction-mode=index', '-interval-list=30m', '-range-min-rsi=28', '-range-max-rsi=80', '-range-p-ema=50,250', '-target-margin-list=1.0,1.5,2.0,2.5,3.0,3.5,4.0,4.5,5.0', '-log-level=WARNING']
2023-11-26 20:00:56;UNIUSDT;30m;2.0;175;34;72;100.0;2;123.44;['-batch-training', '-calc-rsi', '-verbose', '-prediction-mode=index', '-interval-list=30m', '-range-min-rsi=28', '-range-max-rsi=80', '-range-p-ema=50,250', '-target-margin-list=1.0,1.5,2.0,2.5,3.0,3.5,4.0,4.5,5.0', '-log-level=WARNING']
2023-11-26 20:56:48;UNIUSDT;30m;3.5;50;36;78;100.0;2;123.45;['-batch-training', '-calc-rsi', '-verbose', '-prediction-mode=index', '-interval-list=30m', '-range-min-rsi=28', '-range-max-rsi=80', '-range-p-ema=50,250', '-target-margin-list=1.0,1.5,2.0,2.5,3.0,3.5,4.0,4.5,5.0', '-log-level=WARNING']
2023-11-26 21:12:30;UNIUSDT;30m;3.5;75;36;78;100.0;2;123.45;['-batch-training', '-calc-rsi', '-verbose', '-prediction-mode=index', '-interval-list=30m', '-range-min-rsi=28', '-range-max-rsi=80', '-range-p-ema=50,250', '-target-margin-list=1.0,1.5,2.0,2.5,3.0,3.5,4.0,4.5,5.0', '-log-level=WARNING']
2023-11-26 20:22:49;UNIUSDT;30m;1.5;225;36;76;100.0;6;123.51;['-batch-training', '-calc-rsi', '-verbose', '-prediction-mode=index', '-interval-list=30m', '-range-min-rsi=28', '-range-max-rsi=80', '-range-p-ema=50,250', '-target-margin-list=1.0,1.5,2.0,2.5,3.0,3.5,4.0,4.5,5.0', '-log-level=WARNING']
2023-11-26 20:46:59;UNIUSDT;30m;5.0;250;34;78;100.0;2;123.53;['-batch-training', '-calc-rsi', '-verbose', '-prediction-mode=index', '-interval-list=30m', '-range-min-rsi=28', '-range-max-rsi=80', '-range-p-ema=50,250', '-target-margin-list=1.0,1.5,2.0,2.5,3.0,3.5,4.0,4.5,5.0', '-log-level=WARNING']
2023-11-26 20:33:14;UNIUSDT;30m;5.0;225;34;78;100.0;2;123.53;['-batch-training', '-calc-rsi', '-verbose', '-prediction-mode=index', '-interval-list=30m', '-range-min-rsi=28', '-range-max-rsi=80', '-range-p-ema=50,250', '-target-margin-list=1.0,1.5,2.0,2.5,3.0,3.5,4.0,4.5,5.0', '-log-level=WARNING']
2023-11-26 20:13:38;UNIUSDT;30m;2.5;200;36;80;100.0;3;123.56;['-batch-training', '-calc-rsi', '-verbose', '-prediction-mode=index', '-interval-list=30m', '-range-min-rsi=28', '-range-max-rsi=80', '-range-p-ema=50,250', '-target-margin-list=1.0,1.5,2.0,2.5,3.0,3.5,4.0,4.5,5.0', '-log-level=WARNING']
2023-11-26 19:51:00;UNIUSDT;30m;2.0;150;34;76;100.0;4;123.56;['-batch-training', '-calc-rsi', '-verbose', '-prediction-mode=index', '-interval-list=30m', '-range-min-rsi=28', '-range-max-rsi=80', '-range-p-ema=50,250', '-target-margin-list=1.0,1.5,2.0,2.5,3.0,3.5,4.0,4.5,5.0', '-log-level=WARNING']
2023-11-26 20:35:13;UNIUSDT;30m;1.5;250;30;72;100.0;3;123.58;['-batch-training', '-calc-rsi', '-verbose', '-prediction-mode=index', '-interval-list=30m', '-range-min-rsi=28', '-range-max-rsi=80', '-range-p-ema=50,250', '-target-margin-list=1.0,1.5,2.0,2.5,3.0,3.5,4.0,4.5,5.0', '-log-level=WARNING']
2023-11-26 20:38:20;UNIUSDT;30m;2.5;250;34;72;100.0;5;123.58;['-batch-training', '-calc-rsi', '-verbose', '-prediction-mode=index', '-interval-list=30m', '-range-min-rsi=28', '-range-max-rsi=80', '-range-p-ema=50,250', '-target-margin-list=1.0,1.5,2.0,2.5,3.0,3.5,4.0,4.5,5.0', '-log-level=WARNING']
2023-11-26 20:26:35;UNIUSDT;30m;3.0;225;36;72;100.0;6;123.6;['-batch-training', '-calc-rsi', '-verbose', '-prediction-mode=index', '-interval-list=30m', '-range-min-rsi=28', '-range-max-rsi=80', '-range-p-ema=50,250', '-target-margin-list=1.0,1.5,2.0,2.5,3.0,3.5,4.0,4.5,5.0', '-log-level=WARNING']
2023-11-26 19:39:28;UNIUSDT;30m;2.0;125;34;76;100.0;6;123.63;['-batch-training', '-calc-rsi', '-verbose', '-prediction-mode=index', '-interval-list=30m', '-range-min-rsi=28', '-range-max-rsi=80', '-range-p-ema=50,250', '-target-margin-list=1.0,1.5,2.0,2.5,3.0,3.5,4.0,4.5,5.0', '-log-level=WARNING']
2023-11-26 19:27:59;UNIUSDT;30m;2.0;100;34;76;100.0;6;123.63;['-batch-training', '-calc-rsi', '-verbose', '-prediction-mode=index', '-interval-list=30m', '-range-min-rsi=28', '-range-max-rsi=80', '-range-p-ema=50,250', '-target-margin-list=1.0,1.5,2.0,2.5,3.0,3.5,4.0,4.5,5.0', '-log-level=WARNING']
2023-11-26 20:03:00;UNIUSDT;30m;2.5;175;36;80;100.0;3;123.63;['-batch-training', '-calc-rsi', '-verbose', '-prediction-mode=index', '-interval-list=30m', '-range-min-rsi=28', '-range-max-rsi=80', '-range-p-ema=50,250', '-target-margin-list=1.0,1.5,2.0,2.5,3.0,3.5,4.0,4.5,5.0', '-log-level=WARNING']
2023-11-26 20:51:28;UNIUSDT;30m;2.0;50;34;76;100.0;6;123.63;['-batch-training', '-calc-rsi', '-verbose', '-prediction-mode=index', '-interval-list=30m', '-range-min-rsi=28', '-range-max-rsi=80', '-range-p-ema=50,250', '-target-margin-list=1.0,1.5,2.0,2.5,3.0,3.5,4.0,4.5,5.0', '-log-level=WARNING']
2023-11-26 21:06:41;UNIUSDT;30m;2.0;75;34;76;100.0;6;123.63;['-batch-training', '-calc-rsi', '-verbose', '-prediction-mode=index', '-interval-list=30m', '-range-min-rsi=28', '-range-max-rsi=80', '-range-p-ema=50,250', '-target-margin-list=1.0,1.5,2.0,2.5,3.0,3.5,4.0,4.5,5.0', '-log-level=WARNING']
2023-11-26 20:35:38;UNIUSDT;30m;1.5;250;34;74;100.0;5;123.65;['-batch-training', '-calc-rsi', '-verbose', '-prediction-mode=index', '-interval-list=30m', '-range-min-rsi=28', '-range-max-rsi=80', '-range-p-ema=50,250', '-target-margin-list=1.0,1.5,2.0,2.5,3.0,3.5,4.0,4.5,5.0', '-log-level=WARNING']
2023-11-26 19:39:31;UNIUSDT;30m;2.0;125;36;76;100.0;5;123.67;['-batch-training', '-calc-rsi', '-verbose', '-prediction-mode=index', '-interval-list=30m', '-range-min-rsi=28', '-range-max-rsi=80', '-range-p-ema=50,250', '-target-margin-list=1.0,1.5,2.0,2.5,3.0,3.5,4.0,4.5,5.0', '-log-level=WARNING']
2023-11-26 19:28:02;UNIUSDT;30m;2.0;100;36;76;100.0;5;123.67;['-batch-training', '-calc-rsi', '-verbose', '-prediction-mode=index', '-interval-list=30m', '-range-min-rsi=28', '-range-max-rsi=80', '-range-p-ema=50,250', '-target-margin-list=1.0,1.5,2.0,2.5,3.0,3.5,4.0,4.5,5.0', '-log-level=WARNING']
2023-11-26 20:51:32;UNIUSDT;30m;2.0;50;36;76;100.0;5;123.67;['-batch-training', '-calc-rsi', '-verbose', '-prediction-mode=index', '-interval-list=30m', '-range-min-rsi=28', '-range-max-rsi=80', '-range-p-ema=50,250', '-target-margin-list=1.0,1.5,2.0,2.5,3.0,3.5,4.0,4.5,5.0', '-log-level=WARNING']
2023-11-26 21:06:46;UNIUSDT;30m;2.0;75;36;76;100.0;5;123.67;['-batch-training', '-calc-rsi', '-verbose', '-prediction-mode=index', '-interval-list=30m', '-range-min-rsi=28', '-range-max-rsi=80', '-range-p-ema=50,250', '-target-margin-list=1.0,1.5,2.0,2.5,3.0,3.5,4.0,4.5,5.0', '-log-level=WARNING']
2023-11-26 20:11:12;UNIUSDT;30m;2.0;200;34;72;100.0;5;123.68;['-batch-training', '-calc-rsi', '-verbose', '-prediction-mode=index', '-interval-list=30m', '-range-min-rsi=28', '-range-max-rsi=80', '-range-p-ema=50,250', '-target-margin-list=1.0,1.5,2.0,2.5,3.0,3.5,4.0,4.5,5.0', '-log-level=WARNING']
2023-11-26 20:52:11;UNIUSDT;30m;2.0;50;36;80;100.0;5;123.71;['-batch-training', '-calc-rsi', '-verbose', '-prediction-mode=index', '-interval-list=30m', '-range-min-rsi=28', '-range-max-rsi=80', '-range-p-ema=50,250', '-target-margin-list=1.0,1.5,2.0,2.5,3.0,3.5,4.0,4.5,5.0', '-log-level=WARNING']
2023-11-26 19:53:16;UNIUSDT;30m;3.0;150;36;74;100.0;4;123.71;['-batch-training', '-calc-rsi', '-verbose', '-prediction-mode=index', '-interval-list=30m', '-range-min-rsi=28', '-range-max-rsi=80', '-range-p-ema=50,250', '-target-margin-list=1.0,1.5,2.0,2.5,3.0,3.5,4.0,4.5,5.0', '-log-level=WARNING']
2023-11-26 21:07:30;UNIUSDT;30m;2.0;75;36;80;100.0;5;123.71;['-batch-training', '-calc-rsi', '-verbose', '-prediction-mode=index', '-interval-list=30m', '-range-min-rsi=28', '-range-max-rsi=80', '-range-p-ema=50,250', '-target-margin-list=1.0,1.5,2.0,2.5,3.0,3.5,4.0,4.5,5.0', '-log-level=WARNING']
2023-11-26 19:46:24;UNIUSDT;30m;4.5;125;36;80;100.0;2;123.76;['-batch-training', '-calc-rsi', '-verbose', '-prediction-mode=index', '-interval-list=30m', '-range-min-rsi=28', '-range-max-rsi=80', '-range-p-ema=50,250', '-target-margin-list=1.0,1.5,2.0,2.5,3.0,3.5,4.0,4.5,5.0', '-log-level=WARNING']
2023-11-26 19:34:49;UNIUSDT;30m;4.5;100;36;80;100.0;2;123.76;['-batch-training', '-calc-rsi', '-verbose', '-prediction-mode=index', '-interval-list=30m', '-range-min-rsi=28', '-range-max-rsi=80', '-range-p-ema=50,250', '-target-margin-list=1.0,1.5,2.0,2.5,3.0,3.5,4.0,4.5,5.0', '-log-level=WARNING']
2023-11-26 20:24:34;UNIUSDT;30m;2.0;225;36;78;100.0;4;123.77;['-batch-training', '-calc-rsi', '-verbose', '-prediction-mode=index', '-interval-list=30m', '-range-min-rsi=28', '-range-max-rsi=80', '-range-p-ema=50,250', '-target-margin-list=1.0,1.5,2.0,2.5,3.0,3.5,4.0,4.5,5.0', '-log-level=WARNING']
2023-11-26 19:57:02;UNIUSDT;30m;4.5;150;32;78;100.0;2;123.77;['-batch-training', '-calc-rsi', '-verbose', '-prediction-mode=index', '-interval-list=30m', '-range-min-rsi=28', '-range-max-rsi=80', '-range-p-ema=50,250', '-target-margin-list=1.0,1.5,2.0,2.5,3.0,3.5,4.0,4.5,5.0', '-log-level=WARNING']
2023-11-26 20:28:51;UNIUSDT;30m;3.5;225;34;78;100.0;4;123.78;['-batch-training', '-calc-rsi', '-verbose', '-prediction-mode=index', '-interval-list=30m', '-range-min-rsi=28', '-range-max-rsi=80', '-range-p-ema=50,250', '-target-margin-list=1.0,1.5,2.0,2.5,3.0,3.5,4.0,4.5,5.0', '-log-level=WARNING']
2023-11-26 20:03:07;UNIUSDT;30m;3.0;175;32;72;100.0;4;123.79;['-batch-training', '-calc-rsi', '-verbose', '-prediction-mode=index', '-interval-list=30m', '-range-min-rsi=28', '-range-max-rsi=80', '-range-p-ema=50,250', '-target-margin-list=1.0,1.5,2.0,2.5,3.0,3.5,4.0,4.5,5.0', '-log-level=WARNING']
2023-11-26 20:13:48;UNIUSDT;30m;3.0;200;32;72;100.0;4;123.79;['-batch-training', '-calc-rsi', '-verbose', '-prediction-mode=index', '-interval-list=30m', '-range-min-rsi=28', '-range-max-rsi=80', '-range-p-ema=50,250', '-target-margin-list=1.0,1.5,2.0,2.5,3.0,3.5,4.0,4.5,5.0', '-log-level=WARNING']
2023-11-26 20:39:48;UNIUSDT;30m;3.0;250;32;72;100.0;4;123.79;['-batch-training', '-calc-rsi', '-verbose', '-prediction-mode=index', '-interval-list=30m', '-range-min-rsi=28', '-range-max-rsi=80', '-range-p-ema=50,250', '-target-margin-list=1.0,1.5,2.0,2.5,3.0,3.5,4.0,4.5,5.0', '-log-level=WARNING']
2023-11-26 20:26:28;UNIUSDT;30m;3.0;225;32;72;100.0;4;123.79;['-batch-training', '-calc-rsi', '-verbose', '-prediction-mode=index', '-interval-list=30m', '-range-min-rsi=28', '-range-max-rsi=80', '-range-p-ema=50,250', '-target-margin-list=1.0,1.5,2.0,2.5,3.0,3.5,4.0,4.5,5.0', '-log-level=WARNING']
2023-11-26 19:52:57;UNIUSDT;30m;3.0;150;32;72;100.0;4;123.79;['-batch-training', '-calc-rsi', '-verbose', '-prediction-mode=index', '-interval-list=30m', '-range-min-rsi=28', '-range-max-rsi=80', '-range-p-ema=50,250', '-target-margin-list=1.0,1.5,2.0,2.5,3.0,3.5,4.0,4.5,5.0', '-log-level=WARNING']
2023-11-26 20:00:01;UNIUSDT;30m;1.5;175;34;74;100.0;5;123.8;['-batch-training', '-calc-rsi', '-verbose', '-prediction-mode=index', '-interval-list=30m', '-range-min-rsi=28', '-range-max-rsi=80', '-range-p-ema=50,250', '-target-margin-list=1.0,1.5,2.0,2.5,3.0,3.5,4.0,4.5,5.0', '-log-level=WARNING']
2023-11-26 20:10:09;UNIUSDT;30m;1.5;200;34;74;100.0;5;123.82;['-batch-training', '-calc-rsi', '-verbose', '-prediction-mode=index', '-interval-list=30m', '-range-min-rsi=28', '-range-max-rsi=80', '-range-p-ema=50,250', '-target-margin-list=1.0,1.5,2.0,2.5,3.0,3.5,4.0,4.5,5.0', '-log-level=WARNING']
2023-11-26 20:11:44;UNIUSDT;30m;2.0;200;34;76;100.0;4;123.82;['-batch-training', '-calc-rsi', '-verbose', '-prediction-mode=index', '-interval-list=30m', '-range-min-rsi=28', '-range-max-rsi=80', '-range-p-ema=50,250', '-target-margin-list=1.0,1.5,2.0,2.5,3.0,3.5,4.0,4.5,5.0', '-log-level=WARNING']
2023-11-26 19:50:29;UNIUSDT;30m;2.0;150;34;72;100.0;2;123.83;['-batch-training', '-calc-rsi', '-verbose', '-prediction-mode=index', '-interval-list=30m', '-range-min-rsi=28', '-range-max-rsi=80', '-range-p-ema=50,250', '-target-margin-list=1.0,1.5,2.0,2.5,3.0,3.5,4.0,4.5,5.0', '-log-level=WARNING']
2023-11-26 20:29:01;UNIUSDT;30m;3.5;225;30;80;100.0;3;123.84;['-batch-training', '-calc-rsi', '-verbose', '-prediction-mode=index', '-interval-list=30m', '-range-min-rsi=28', '-range-max-rsi=80', '-range-p-ema=50,250', '-target-margin-list=1.0,1.5,2.0,2.5,3.0,3.5,4.0,4.5,5.0', '-log-level=WARNING']
2023-11-26 19:43:42;UNIUSDT;30m;3.5;125;30;80;100.0;3;123.84;['-batch-training', '-calc-rsi', '-verbose', '-prediction-mode=index', '-interval-list=30m', '-range-min-rsi=28', '-range-max-rsi=80', '-range-p-ema=50,250', '-target-margin-list=1.0,1.5,2.0,2.5,3.0,3.5,4.0,4.5,5.0', '-log-level=WARNING']
2023-11-26 20:23:59;UNIUSDT;30m;2.0;225;36;74;100.0;5;123.84;['-batch-training', '-calc-rsi', '-verbose', '-prediction-mode=index', '-interval-list=30m', '-range-min-rsi=28', '-range-max-rsi=80', '-range-p-ema=50,250', '-target-margin-list=1.0,1.5,2.0,2.5,3.0,3.5,4.0,4.5,5.0', '-log-level=WARNING']
2023-11-26 20:56:56;UNIUSDT;30m;3.5;50;30;80;100.0;3;123.84;['-batch-training', '-calc-rsi', '-verbose', '-prediction-mode=index', '-interval-list=30m', '-range-min-rsi=28', '-range-max-rsi=80', '-range-p-ema=50,250', '-target-margin-list=1.0,1.5,2.0,2.5,3.0,3.5,4.0,4.5,5.0', '-log-level=WARNING']
2023-11-26 20:42:31;UNIUSDT;30m;3.5;250;30;80;100.0;3;123.84;['-batch-training', '-calc-rsi', '-verbose', '-prediction-mode=index', '-interval-list=30m', '-range-min-rsi=28', '-range-max-rsi=80', '-range-p-ema=50,250', '-target-margin-list=1.0,1.5,2.0,2.5,3.0,3.5,4.0,4.5,5.0', '-log-level=WARNING']
2023-11-26 20:16:11;UNIUSDT;30m;3.5;200;30;80;100.0;3;123.84;['-batch-training', '-calc-rsi', '-verbose', '-prediction-mode=index', '-interval-list=30m', '-range-min-rsi=28', '-range-max-rsi=80', '-range-p-ema=50,250', '-target-margin-list=1.0,1.5,2.0,2.5,3.0,3.5,4.0,4.5,5.0', '-log-level=WARNING']
2023-11-26 19:32:12;UNIUSDT;30m;3.5;100;30;80;100.0;3;123.84;['-batch-training', '-calc-rsi', '-verbose', '-prediction-mode=index', '-interval-list=30m', '-range-min-rsi=28', '-range-max-rsi=80', '-range-p-ema=50,250', '-target-margin-list=1.0,1.5,2.0,2.5,3.0,3.5,4.0,4.5,5.0', '-log-level=WARNING']
2023-11-26 19:54:56;UNIUSDT;30m;3.5;150;30;80;100.0;3;123.84;['-batch-training', '-calc-rsi', '-verbose', '-prediction-mode=index', '-interval-list=30m', '-range-min-rsi=28', '-range-max-rsi=80', '-range-p-ema=50,250', '-target-margin-list=1.0,1.5,2.0,2.5,3.0,3.5,4.0,4.5,5.0', '-log-level=WARNING']
2023-11-26 20:05:04;UNIUSDT;30m;3.5;175;30;80;100.0;3;123.84;['-batch-training', '-calc-rsi', '-verbose', '-prediction-mode=index', '-interval-list=30m', '-range-min-rsi=28', '-range-max-rsi=80', '-range-p-ema=50,250', '-target-margin-list=1.0,1.5,2.0,2.5,3.0,3.5,4.0,4.5,5.0', '-log-level=WARNING']
2023-11-26 21:12:38;UNIUSDT;30m;3.5;75;30;80;100.0;3;123.84;['-batch-training', '-calc-rsi', '-verbose', '-prediction-mode=index', '-interval-list=30m', '-range-min-rsi=28', '-range-max-rsi=80', '-range-p-ema=50,250', '-target-margin-list=1.0,1.5,2.0,2.5,3.0,3.5,4.0,4.5,5.0', '-log-level=WARNING']
2023-11-26 20:42:31;UNIUSDT;30m;3.5;250;30;80;100.0;2;123.85;['-batch-training', '-calc-rsi', '-verbose', '-prediction-mode=index', '-interval-list=30m', '-range-min-rsi=28', '-range-max-rsi=80', '-range-p-ema=50,250', '-target-margin-list=1.0,1.5,2.0,2.5,3.0,3.5,4.0,4.5,5.0', '-log-level=WARNING']
2023-11-26 19:49:14;UNIUSDT;30m;1.5;150;36;72;100.0;3;123.86;['-batch-training', '-calc-rsi', '-verbose', '-prediction-mode=index', '-interval-list=30m', '-range-min-rsi=28', '-range-max-rsi=80', '-range-p-ema=50,250', '-target-margin-list=1.0,1.5,2.0,2.5,3.0,3.5,4.0,4.5,5.0', '-log-level=WARNING']
2023-11-26 20:06:02;UNIUSDT;30m;4.0;175;34;78;100.0;3;123.89;['-batch-training', '-calc-rsi', '-verbose', '-prediction-mode=index', '-interval-list=30m', '-range-min-rsi=28', '-range-max-rsi=80', '-range-p-ema=50,250', '-target-margin-list=1.0,1.5,2.0,2.5,3.0,3.5,4.0,4.5,5.0', '-log-level=WARNING']
2023-11-26 19:55:57;UNIUSDT;30m;4.0;150;34;78;100.0;3;123.89;['-batch-training', '-calc-rsi', '-verbose', '-prediction-mode=index', '-interval-list=30m', '-range-min-rsi=28', '-range-max-rsi=80', '-range-p-ema=50,250', '-target-margin-list=1.0,1.5,2.0,2.5,3.0,3.5,4.0,4.5,5.0', '-log-level=WARNING']
2023-11-26 20:17:23;UNIUSDT;30m;4.0;200;34;78;100.0;3;123.89;['-batch-training', '-calc-rsi', '-verbose', '-prediction-mode=index', '-interval-list=30m', '-range-min-rsi=28', '-range-max-rsi=80', '-range-p-ema=50,250', '-target-margin-list=1.0,1.5,2.0,2.5,3.0,3.5,4.0,4.5,5.0', '-log-level=WARNING']
2023-11-26 20:03:50;UNIUSDT;30m;3.0;175;34;78;100.0;4;123.91;['-batch-training', '-calc-rsi', '-verbose', '-prediction-mode=index', '-interval-list=30m', '-range-min-rsi=28', '-range-max-rsi=80', '-range-p-ema=50,250', '-target-margin-list=1.0,1.5,2.0,2.5,3.0,3.5,4.0,4.5,5.0', '-log-level=WARNING']
2023-11-26 21:12:08;UNIUSDT;30m;3.5;75;36;76;100.0;3;123.91;['-batch-training', '-calc-rsi', '-verbose', '-prediction-mode=index', '-interval-list=30m', '-range-min-rsi=28', '-range-max-rsi=80', '-range-p-ema=50,250', '-target-margin-list=1.0,1.5,2.0,2.5,3.0,3.5,4.0,4.5,5.0', '-log-level=WARNING']
2023-11-26 20:56:28;UNIUSDT;30m;3.5;50;36;76;100.0;3;123.91;['-batch-training', '-calc-rsi', '-verbose', '-prediction-mode=index', '-interval-list=30m', '-range-min-rsi=28', '-range-max-rsi=80', '-range-p-ema=50,250', '-target-margin-list=1.0,1.5,2.0,2.5,3.0,3.5,4.0,4.5,5.0', '-log-level=WARNING']
2023-11-26 20:14:40;UNIUSDT;30m;3.0;200;34;78;100.0;4;123.91;['-batch-training', '-calc-rsi', '-verbose', '-prediction-mode=index', '-interval-list=30m', '-range-min-rsi=28', '-range-max-rsi=80', '-range-p-ema=50,250', '-target-margin-list=1.0,1.5,2.0,2.5,3.0,3.5,4.0,4.5,5.0', '-log-level=WARNING']
2023-11-26 19:53:40;UNIUSDT;30m;3.0;150;34;78;100.0;4;123.91;['-batch-training', '-calc-rsi', '-verbose', '-prediction-mode=index', '-interval-list=30m', '-range-min-rsi=28', '-range-max-rsi=80', '-range-p-ema=50,250', '-target-margin-list=1.0,1.5,2.0,2.5,3.0,3.5,4.0,4.5,5.0', '-log-level=WARNING']
2023-11-26 19:31:51;UNIUSDT;30m;3.5;100;36;76;100.0;3;123.91;['-batch-training', '-calc-rsi', '-verbose', '-prediction-mode=index', '-interval-list=30m', '-range-min-rsi=28', '-range-max-rsi=80', '-range-p-ema=50,250', '-target-margin-list=1.0,1.5,2.0,2.5,3.0,3.5,4.0,4.5,5.0', '-log-level=WARNING']
2023-11-26 19:43:21;UNIUSDT;30m;3.5;125;36;76;100.0;3;123.91;['-batch-training', '-calc-rsi', '-verbose', '-prediction-mode=index', '-interval-list=30m', '-range-min-rsi=28', '-range-max-rsi=80', '-range-p-ema=50,250', '-target-margin-list=1.0,1.5,2.0,2.5,3.0,3.5,4.0,4.5,5.0', '-log-level=WARNING']
2023-11-26 19:34:33;UNIUSDT;30m;4.5;100;36;78;100.0;2;123.92;['-batch-training', '-calc-rsi', '-verbose', '-prediction-mode=index', '-interval-list=30m', '-range-min-rsi=28', '-range-max-rsi=80', '-range-p-ema=50,250', '-target-margin-list=1.0,1.5,2.0,2.5,3.0,3.5,4.0,4.5,5.0', '-log-level=WARNING']
2023-11-26 19:46:08;UNIUSDT;30m;4.5;125;36;78;100.0;2;123.92;['-batch-training', '-calc-rsi', '-verbose', '-prediction-mode=index', '-interval-list=30m', '-range-min-rsi=28', '-range-max-rsi=80', '-range-p-ema=50,250', '-target-margin-list=1.0,1.5,2.0,2.5,3.0,3.5,4.0,4.5,5.0', '-log-level=WARNING']
2023-11-26 20:38:14;UNIUSDT;30m;2.5;250;30;72;100.0;7;123.92;['-batch-training', '-calc-rsi', '-verbose', '-prediction-mode=index', '-interval-list=30m', '-range-min-rsi=28', '-range-max-rsi=80', '-range-p-ema=50,250', '-target-margin-list=1.0,1.5,2.0,2.5,3.0,3.5,4.0,4.5,5.0', '-log-level=WARNING']
2023-11-26 21:07:30;UNIUSDT;30m;2.0;75;36;80;100.0;3;123.92;['-batch-training', '-calc-rsi', '-verbose', '-prediction-mode=index', '-interval-list=30m', '-range-min-rsi=28', '-range-max-rsi=80', '-range-p-ema=50,250', '-target-margin-list=1.0,1.5,2.0,2.5,3.0,3.5,4.0,4.5,5.0', '-log-level=WARNING']
2023-11-26 19:54:51;UNIUSDT;30m;3.5;150;36;78;100.0;4;123.92;['-batch-training', '-calc-rsi', '-verbose', '-prediction-mode=index', '-interval-list=30m', '-range-min-rsi=28', '-range-max-rsi=80', '-range-p-ema=50,250', '-target-margin-list=1.0,1.5,2.0,2.5,3.0,3.5,4.0,4.5,5.0', '-log-level=WARNING']
2023-11-26 20:52:11;UNIUSDT;30m;2.0;50;36;80;100.0;3;123.92;['-batch-training', '-calc-rsi', '-verbose', '-prediction-mode=index', '-interval-list=30m', '-range-min-rsi=28', '-range-max-rsi=80', '-range-p-ema=50,250', '-target-margin-list=1.0,1.5,2.0,2.5,3.0,3.5,4.0,4.5,5.0', '-log-level=WARNING']
2023-11-26 20:04:22;UNIUSDT;30m;3.5;175;28;74;100.0;3;123.94;['-batch-training', '-calc-rsi', '-verbose', '-prediction-mode=index', '-interval-list=30m', '-range-min-rsi=28', '-range-max-rsi=80', '-range-p-ema=50,250', '-target-margin-list=1.0,1.5,2.0,2.5,3.0,3.5,4.0,4.5,5.0', '-log-level=WARNING']
2023-11-26 20:41:32;UNIUSDT;30m;3.5;250;28;74;100.0;3;123.94;['-batch-training', '-calc-rsi', '-verbose', '-prediction-mode=index', '-interval-list=30m', '-range-min-rsi=28', '-range-max-rsi=80', '-range-p-ema=50,250', '-target-margin-list=1.0,1.5,2.0,2.5,3.0,3.5,4.0,4.5,5.0', '-log-level=WARNING']
2023-11-26 20:55:53;UNIUSDT;30m;3.5;50;28;74;100.0;3;123.94;['-batch-training', '-calc-rsi', '-verbose', '-prediction-mode=index', '-interval-list=30m', '-range-min-rsi=28', '-range-max-rsi=80', '-range-p-ema=50,250', '-target-margin-list=1.0,1.5,2.0,2.5,3.0,3.5,4.0,4.5,5.0', '-log-level=WARNING']
2023-11-26 20:15:19;UNIUSDT;30m;3.5;200;28;74;100.0;3;123.94;['-batch-training', '-calc-rsi', '-verbose', '-prediction-mode=index', '-interval-list=30m', '-range-min-rsi=28', '-range-max-rsi=80', '-range-p-ema=50,250', '-target-margin-list=1.0,1.5,2.0,2.5,3.0,3.5,4.0,4.5,5.0', '-log-level=WARNING']
2023-11-26 19:54:13;UNIUSDT;30m;3.5;150;28;74;100.0;3;123.94;['-batch-training', '-calc-rsi', '-verbose', '-prediction-mode=index', '-interval-list=30m', '-range-min-rsi=28', '-range-max-rsi=80', '-range-p-ema=50,250', '-target-margin-list=1.0,1.5,2.0,2.5,3.0,3.5,4.0,4.5,5.0', '-log-level=WARNING']
2023-11-26 19:42:53;UNIUSDT;30m;3.5;125;28;74;100.0;3;123.94;['-batch-training', '-calc-rsi', '-verbose', '-prediction-mode=index', '-interval-list=30m', '-range-min-rsi=28', '-range-max-rsi=80', '-range-p-ema=50,250', '-target-margin-list=1.0,1.5,2.0,2.5,3.0,3.5,4.0,4.5,5.0', '-log-level=WARNING']
2023-11-26 19:31:24;UNIUSDT;30m;3.5;100;28;74;100.0;3;123.94;['-batch-training', '-calc-rsi', '-verbose', '-prediction-mode=index', '-interval-list=30m', '-range-min-rsi=28', '-range-max-rsi=80', '-range-p-ema=50,250', '-target-margin-list=1.0,1.5,2.0,2.5,3.0,3.5,4.0,4.5,5.0', '-log-level=WARNING']
2023-11-26 21:11:29;UNIUSDT;30m;3.5;75;28;74;100.0;3;123.94;['-batch-training', '-calc-rsi', '-verbose', '-prediction-mode=index', '-interval-list=30m', '-range-min-rsi=28', '-range-max-rsi=80', '-range-p-ema=50,250', '-target-margin-list=1.0,1.5,2.0,2.5,3.0,3.5,4.0,4.5,5.0', '-log-level=WARNING']
2023-11-26 20:28:05;UNIUSDT;30m;3.5;225;28;74;100.0;3;123.94;['-batch-training', '-calc-rsi', '-verbose', '-prediction-mode=index', '-interval-list=30m', '-range-min-rsi=28', '-range-max-rsi=80', '-range-p-ema=50,250', '-target-margin-list=1.0,1.5,2.0,2.5,3.0,3.5,4.0,4.5,5.0', '-log-level=WARNING']
2023-11-26 20:37:08;UNIUSDT;30m;2.0;250;34;74;100.0;4;123.95;['-batch-training', '-calc-rsi', '-verbose', '-prediction-mode=index', '-interval-list=30m', '-range-min-rsi=28', '-range-max-rsi=80', '-range-p-ema=50,250', '-target-margin-list=1.0,1.5,2.0,2.5,3.0,3.5,4.0,4.5,5.0', '-log-level=WARNING']
2023-11-26 20:35:49;UNIUSDT;30m;1.5;250;30;76;100.0;2;124.01;['-batch-training', '-calc-rsi', '-verbose', '-prediction-mode=index', '-interval-list=30m', '-range-min-rsi=28', '-range-max-rsi=80', '-range-p-ema=50,250', '-target-margin-list=1.0,1.5,2.0,2.5,3.0,3.5,4.0,4.5,5.0', '-log-level=WARNING']
2023-11-26 19:40:03;UNIUSDT;30m;2.0;125;36;80;100.0;5;124.03;['-batch-training', '-calc-rsi', '-verbose', '-prediction-mode=index', '-interval-list=30m', '-range-min-rsi=28', '-range-max-rsi=80', '-range-p-ema=50,250', '-target-margin-list=1.0,1.5,2.0,2.5,3.0,3.5,4.0,4.5,5.0', '-log-level=WARNING']
2023-11-26 19:28:34;UNIUSDT;30m;2.0;100;36;80;100.0;5;124.03;['-batch-training', '-calc-rsi', '-verbose', '-prediction-mode=index', '-interval-list=30m', '-range-min-rsi=28', '-range-max-rsi=80', '-range-p-ema=50,250', '-target-margin-list=1.0,1.5,2.0,2.5,3.0,3.5,4.0,4.5,5.0', '-log-level=WARNING']
2023-11-26 19:38:08;UNIUSDT;30m;1.5;125;32;76;100.0;2;124.04;['-batch-training', '-calc-rsi', '-verbose', '-prediction-mode=index', '-interval-list=30m', '-range-min-rsi=28', '-range-max-rsi=80', '-range-p-ema=50,250', '-target-margin-list=1.0,1.5,2.0,2.5,3.0,3.5,4.0,4.5,5.0', '-log-level=WARNING']
2023-11-26 20:49:46;UNIUSDT;30m;1.5;50;32;76;100.0;2;124.04;['-batch-training', '-calc-rsi', '-verbose', '-prediction-mode=index', '-interval-list=30m', '-range-min-rsi=28', '-range-max-rsi=80', '-range-p-ema=50,250', '-target-margin-list=1.0,1.5,2.0,2.5,3.0,3.5,4.0,4.5,5.0', '-log-level=WARNING']
2023-11-26 20:07:11;UNIUSDT;30m;4.5;175;36;78;100.0;2;124.04;['-batch-training', '-calc-rsi', '-verbose', '-prediction-mode=index', '-interval-list=30m', '-range-min-rsi=28', '-range-max-rsi=80', '-range-p-ema=50,250', '-target-margin-list=1.0,1.5,2.0,2.5,3.0,3.5,4.0,4.5,5.0', '-log-level=WARNING']
2023-11-26 20:18:49;UNIUSDT;30m;4.5;200;36;78;100.0;2;124.04;['-batch-training', '-calc-rsi', '-verbose', '-prediction-mode=index', '-interval-list=30m', '-range-min-rsi=28', '-range-max-rsi=80', '-range-p-ema=50,250', '-target-margin-list=1.0,1.5,2.0,2.5,3.0,3.5,4.0,4.5,5.0', '-log-level=WARNING']
2023-11-26 21:04:47;UNIUSDT;30m;1.5;75;32;76;100.0;2;124.04;['-batch-training', '-calc-rsi', '-verbose', '-prediction-mode=index', '-interval-list=30m', '-range-min-rsi=28', '-range-max-rsi=80', '-range-p-ema=50,250', '-target-margin-list=1.0,1.5,2.0,2.5,3.0,3.5,4.0,4.5,5.0', '-log-level=WARNING']
2023-11-26 19:26:39;UNIUSDT;30m;1.5;100;32;76;100.0;2;124.04;['-batch-training', '-calc-rsi', '-verbose', '-prediction-mode=index', '-interval-list=30m', '-range-min-rsi=28', '-range-max-rsi=80', '-range-p-ema=50,250', '-target-margin-list=1.0,1.5,2.0,2.5,3.0,3.5,4.0,4.5,5.0', '-log-level=WARNING']
2023-11-26 20:07:24;UNIUSDT;30m;4.5;175;36;80;100.0;2;124.05;['-batch-training', '-calc-rsi', '-verbose', '-prediction-mode=index', '-interval-list=30m', '-range-min-rsi=28', '-range-max-rsi=80', '-range-p-ema=50,250', '-target-margin-list=1.0,1.5,2.0,2.5,3.0,3.5,4.0,4.5,5.0', '-log-level=WARNING']
2023-11-26 20:19:06;UNIUSDT;30m;4.5;200;36;80;100.0;2;124.05;['-batch-training', '-calc-rsi', '-verbose', '-prediction-mode=index', '-interval-list=30m', '-range-min-rsi=28', '-range-max-rsi=80', '-range-p-ema=50,250', '-target-margin-list=1.0,1.5,2.0,2.5,3.0,3.5,4.0,4.5,5.0', '-log-level=WARNING']
2023-11-26 20:49:51;UNIUSDT;30m;1.5;50;34;76;100.0;6;124.09;['-batch-training', '-calc-rsi', '-verbose', '-prediction-mode=index', '-interval-list=30m', '-range-min-rsi=28', '-range-max-rsi=80', '-range-p-ema=50,250', '-target-margin-list=1.0,1.5,2.0,2.5,3.0,3.5,4.0,4.5,5.0', '-log-level=WARNING']
2023-11-26 19:26:42;UNIUSDT;30m;1.5;100;34;76;100.0;6;124.09;['-batch-training', '-calc-rsi', '-verbose', '-prediction-mode=index', '-interval-list=30m', '-range-min-rsi=28', '-range-max-rsi=80', '-range-p-ema=50,250', '-target-margin-list=1.0,1.5,2.0,2.5,3.0,3.5,4.0,4.5,5.0', '-log-level=WARNING']
2023-11-26 21:04:51;UNIUSDT;30m;1.5;75;34;76;100.0;6;124.09;['-batch-training', '-calc-rsi', '-verbose', '-prediction-mode=index', '-interval-list=30m', '-range-min-rsi=28', '-range-max-rsi=80', '-range-p-ema=50,250', '-target-margin-list=1.0,1.5,2.0,2.5,3.0,3.5,4.0,4.5,5.0', '-log-level=WARNING']
2023-11-26 19:38:11;UNIUSDT;30m;1.5;125;34;76;100.0;6;124.09;['-batch-training', '-calc-rsi', '-verbose', '-prediction-mode=index', '-interval-list=30m', '-range-min-rsi=28', '-range-max-rsi=80', '-range-p-ema=50,250', '-target-margin-list=1.0,1.5,2.0,2.5,3.0,3.5,4.0,4.5,5.0', '-log-level=WARNING']
2023-11-26 20:11:11;UNIUSDT;30m;2.0;200;34;72;100.0;2;124.09;['-batch-training', '-calc-rsi', '-verbose', '-prediction-mode=index', '-interval-list=30m', '-range-min-rsi=28', '-range-max-rsi=80', '-range-p-ema=50,250', '-target-margin-list=1.0,1.5,2.0,2.5,3.0,3.5,4.0,4.5,5.0', '-log-level=WARNING']
2023-11-26 19:33:14;UNIUSDT;30m;4.0;100;32;78;100.0;2;124.15;['-batch-training', '-calc-rsi', '-verbose', '-prediction-mode=index', '-interval-list=30m', '-range-min-rsi=28', '-range-max-rsi=80', '-range-p-ema=50,250', '-target-margin-list=1.0,1.5,2.0,2.5,3.0,3.5,4.0,4.5,5.0', '-log-level=WARNING']
2023-11-26 20:58:19;UNIUSDT;30m;4.0;50;32;78;100.0;2;124.15;['-batch-training', '-calc-rsi', '-verbose', '-prediction-mode=index', '-interval-list=30m', '-range-min-rsi=28', '-range-max-rsi=80', '-range-p-ema=50,250', '-target-margin-list=1.0,1.5,2.0,2.5,3.0,3.5,4.0,4.5,5.0', '-log-level=WARNING']
2023-11-26 19:44:45;UNIUSDT;30m;4.0;125;32;78;100.0;2;124.15;['-batch-training', '-calc-rsi', '-verbose', '-prediction-mode=index', '-interval-list=30m', '-range-min-rsi=28', '-range-max-rsi=80', '-range-p-ema=50,250', '-target-margin-list=1.0,1.5,2.0,2.5,3.0,3.5,4.0,4.5,5.0', '-log-level=WARNING']
2023-11-26 21:14:03;UNIUSDT;30m;4.0;75;32;78;100.0;2;124.15;['-batch-training', '-calc-rsi', '-verbose', '-prediction-mode=index', '-interval-list=30m', '-range-min-rsi=28', '-range-max-rsi=80', '-range-p-ema=50,250', '-target-margin-list=1.0,1.5,2.0,2.5,3.0,3.5,4.0,4.5,5.0', '-log-level=WARNING']
2023-11-26 19:33:49;UNIUSDT;30m;4.5;100;36;72;100.0;2;124.16;['-batch-training', '-calc-rsi', '-verbose', '-prediction-mode=index', '-interval-list=30m', '-range-min-rsi=28', '-range-max-rsi=80', '-range-p-ema=50,250', '-target-margin-list=1.0,1.5,2.0,2.5,3.0,3.5,4.0,4.5,5.0', '-log-level=WARNING']
2023-11-26 20:59:06;UNIUSDT;30m;4.5;50;36;72;100.0;2;124.16;['-batch-training', '-calc-rsi', '-verbose', '-prediction-mode=index', '-interval-list=30m', '-range-min-rsi=28', '-range-max-rsi=80', '-range-p-ema=50,250', '-target-margin-list=1.0,1.5,2.0,2.5,3.0,3.5,4.0,4.5,5.0', '-log-level=WARNING']
2023-11-26 21:14:45;UNIUSDT;30m;4.5;75;36;72;100.0;2;124.16;['-batch-training', '-calc-rsi', '-verbose', '-prediction-mode=index', '-interval-list=30m', '-range-min-rsi=28', '-range-max-rsi=80', '-range-p-ema=50,250', '-target-margin-list=1.0,1.5,2.0,2.5,3.0,3.5,4.0,4.5,5.0', '-log-level=WARNING']
2023-11-26 19:45:22;UNIUSDT;30m;4.5;125;36;72;100.0;2;124.16;['-batch-training', '-calc-rsi', '-verbose', '-prediction-mode=index', '-interval-list=30m', '-range-min-rsi=28', '-range-max-rsi=80', '-range-p-ema=50,250', '-target-margin-list=1.0,1.5,2.0,2.5,3.0,3.5,4.0,4.5,5.0', '-log-level=WARNING']
2023-11-26 20:34:19;UNIUSDT;30m;1.0;250;30;76;100.0;4;124.18;['-batch-training', '-calc-rsi', '-verbose', '-prediction-mode=index', '-interval-list=30m', '-range-min-rsi=28', '-range-max-rsi=80', '-range-p-ema=50,250', '-target-margin-list=1.0,1.5,2.0,2.5,3.0,3.5,4.0,4.5,5.0', '-log-level=WARNING']
2023-11-26 19:37:36;UNIUSDT;30m;1.5;125;32;72;100.0;3;124.2;['-batch-training', '-calc-rsi', '-verbose', '-prediction-mode=index', '-interval-list=30m', '-range-min-rsi=28', '-range-max-rsi=80', '-range-p-ema=50,250', '-target-margin-list=1.0,1.5,2.0,2.5,3.0,3.5,4.0,4.5,5.0', '-log-level=WARNING']
2023-11-26 19:26:07;UNIUSDT;30m;1.5;100;32;72;100.0;3;124.2;['-batch-training', '-calc-rsi', '-verbose', '-prediction-mode=index', '-interval-list=30m', '-range-min-rsi=28', '-range-max-rsi=80', '-range-p-ema=50,250', '-target-margin-list=1.0,1.5,2.0,2.5,3.0,3.5,4.0,4.5,5.0', '-log-level=WARNING']
2023-11-26 21:04:05;UNIUSDT;30m;1.5;75;32;72;100.0;3;124.2;['-batch-training', '-calc-rsi', '-verbose', '-prediction-mode=index', '-interval-list=30m', '-range-min-rsi=28', '-range-max-rsi=80', '-range-p-ema=50,250', '-target-margin-list=1.0,1.5,2.0,2.5,3.0,3.5,4.0,4.5,5.0', '-log-level=WARNING']
2023-11-26 20:49:08;UNIUSDT;30m;1.5;50;32;72;100.0;3;124.2;['-batch-training', '-calc-rsi', '-verbose', '-prediction-mode=index', '-interval-list=30m', '-range-min-rsi=28', '-range-max-rsi=80', '-range-p-ema=50,250', '-target-margin-list=1.0,1.5,2.0,2.5,3.0,3.5,4.0,4.5,5.0', '-log-level=WARNING']
2023-11-26 20:40:59;UNIUSDT;30m;3.0;250;30;80;100.0;2;124.28;['-batch-training', '-calc-rsi', '-verbose', '-prediction-mode=index', '-interval-list=30m', '-range-min-rsi=28', '-range-max-rsi=80', '-range-p-ema=50,250', '-target-margin-list=1.0,1.5,2.0,2.5,3.0,3.5,4.0,4.5,5.0', '-log-level=WARNING']
2023-11-26 20:37:48;UNIUSDT;30m;2.0;250;36;78;100.0;4;124.3;['-batch-training', '-calc-rsi', '-verbose', '-prediction-mode=index', '-interval-list=30m', '-range-min-rsi=28', '-range-max-rsi=80', '-range-p-ema=50,250', '-target-margin-list=1.0,1.5,2.0,2.5,3.0,3.5,4.0,4.5,5.0', '-log-level=WARNING']
2023-11-26 19:26:10;UNIUSDT;30m;1.5;100;34;72;100.0;6;124.3;['-batch-training', '-calc-rsi', '-verbose', '-prediction-mode=index', '-interval-list=30m', '-range-min-rsi=28', '-range-max-rsi=80', '-range-p-ema=50,250', '-target-margin-list=1.0,1.5,2.0,2.5,3.0,3.5,4.0,4.5,5.0', '-log-level=WARNING']
2023-11-26 20:49:12;UNIUSDT;30m;1.5;50;34;72;100.0;6;124.3;['-batch-training', '-calc-rsi', '-verbose', '-prediction-mode=index', '-interval-list=30m', '-range-min-rsi=28', '-range-max-rsi=80', '-range-p-ema=50,250', '-target-margin-list=1.0,1.5,2.0,2.5,3.0,3.5,4.0,4.5,5.0', '-log-level=WARNING']
2023-11-26 21:04:10;UNIUSDT;30m;1.5;75;34;72;100.0;6;124.3;['-batch-training', '-calc-rsi', '-verbose', '-prediction-mode=index', '-interval-list=30m', '-range-min-rsi=28', '-range-max-rsi=80', '-range-p-ema=50,250', '-target-margin-list=1.0,1.5,2.0,2.5,3.0,3.5,4.0,4.5,5.0', '-log-level=WARNING']
2023-11-26 19:37:39;UNIUSDT;30m;1.5;125;34;72;100.0;6;124.3;['-batch-training', '-calc-rsi', '-verbose', '-prediction-mode=index', '-interval-list=30m', '-range-min-rsi=28', '-range-max-rsi=80', '-range-p-ema=50,250', '-target-margin-list=1.0,1.5,2.0,2.5,3.0,3.5,4.0,4.5,5.0', '-log-level=WARNING']
2023-11-26 20:01:59;UNIUSDT;30m;2.5;175;30;72;100.0;4;124.31;['-batch-training', '-calc-rsi', '-verbose', '-prediction-mode=index', '-interval-list=30m', '-range-min-rsi=28', '-range-max-rsi=80', '-range-p-ema=50,250', '-target-margin-list=1.0,1.5,2.0,2.5,3.0,3.5,4.0,4.5,5.0', '-log-level=WARNING']
2023-11-26 21:07:38;UNIUSDT;30m;2.5;75;30;72;100.0;4;124.31;['-batch-training', '-calc-rsi', '-verbose', '-prediction-mode=index', '-interval-list=30m', '-range-min-rsi=28', '-range-max-rsi=80', '-range-p-ema=50,250', '-target-margin-list=1.0,1.5,2.0,2.5,3.0,3.5,4.0,4.5,5.0', '-log-level=WARNING']
2023-11-26 19:51:41;UNIUSDT;30m;2.5;150;30;72;100.0;4;124.31;['-batch-training', '-calc-rsi', '-verbose', '-prediction-mode=index', '-interval-list=30m', '-range-min-rsi=28', '-range-max-rsi=80', '-range-p-ema=50,250', '-target-margin-list=1.0,1.5,2.0,2.5,3.0,3.5,4.0,4.5,5.0', '-log-level=WARNING']
2023-11-26 20:52:19;UNIUSDT;30m;2.5;50;30;72;100.0;4;124.31;['-batch-training', '-calc-rsi', '-verbose', '-prediction-mode=index', '-interval-list=30m', '-range-min-rsi=28', '-range-max-rsi=80', '-range-p-ema=50,250', '-target-margin-list=1.0,1.5,2.0,2.5,3.0,3.5,4.0,4.5,5.0', '-log-level=WARNING']
2023-11-26 20:24:58;UNIUSDT;30m;2.5;225;30;72;100.0;4;124.31;['-batch-training', '-calc-rsi', '-verbose', '-prediction-mode=index', '-interval-list=30m', '-range-min-rsi=28', '-range-max-rsi=80', '-range-p-ema=50,250', '-target-margin-list=1.0,1.5,2.0,2.5,3.0,3.5,4.0,4.5,5.0', '-log-level=WARNING']
2023-11-26 20:12:24;UNIUSDT;30m;2.5;200;30;72;100.0;4;124.31;['-batch-training', '-calc-rsi', '-verbose', '-prediction-mode=index', '-interval-list=30m', '-range-min-rsi=28', '-range-max-rsi=80', '-range-p-ema=50,250', '-target-margin-list=1.0,1.5,2.0,2.5,3.0,3.5,4.0,4.5,5.0', '-log-level=WARNING']
2023-11-26 19:40:09;UNIUSDT;30m;2.5;125;30;72;100.0;4;124.31;['-batch-training', '-calc-rsi', '-verbose', '-prediction-mode=index', '-interval-list=30m', '-range-min-rsi=28', '-range-max-rsi=80', '-range-p-ema=50,250', '-target-margin-list=1.0,1.5,2.0,2.5,3.0,3.5,4.0,4.5,5.0', '-log-level=WARNING']
2023-11-26 19:28:41;UNIUSDT;30m;2.5;100;30;72;100.0;4;124.31;['-batch-training', '-calc-rsi', '-verbose', '-prediction-mode=index', '-interval-list=30m', '-range-min-rsi=28', '-range-max-rsi=80', '-range-p-ema=50,250', '-target-margin-list=1.0,1.5,2.0,2.5,3.0,3.5,4.0,4.5,5.0', '-log-level=WARNING']
2023-11-26 20:05:49;UNIUSDT;30m;4.0;175;34;76;100.0;3;124.34;['-batch-training', '-calc-rsi', '-verbose', '-prediction-mode=index', '-interval-list=30m', '-range-min-rsi=28', '-range-max-rsi=80', '-range-p-ema=50,250', '-target-margin-list=1.0,1.5,2.0,2.5,3.0,3.5,4.0,4.5,5.0', '-log-level=WARNING']
2023-11-26 19:55:44;UNIUSDT;30m;4.0;150;34;76;100.0;3;124.34;['-batch-training', '-calc-rsi', '-verbose', '-prediction-mode=index', '-interval-list=30m', '-range-min-rsi=28', '-range-max-rsi=80', '-range-p-ema=50,250', '-target-margin-list=1.0,1.5,2.0,2.5,3.0,3.5,4.0,4.5,5.0', '-log-level=WARNING']
2023-11-26 20:17:07;UNIUSDT;30m;4.0;200;34;76;100.0;3;124.34;['-batch-training', '-calc-rsi', '-verbose', '-prediction-mode=index', '-interval-list=30m', '-range-min-rsi=28', '-range-max-rsi=80', '-range-p-ema=50,250', '-target-margin-list=1.0,1.5,2.0,2.5,3.0,3.5,4.0,4.5,5.0', '-log-level=WARNING']
2023-11-26 20:05:36;UNIUSDT;30m;4.0;175;34;74;100.0;3;124.34;['-batch-training', '-calc-rsi', '-verbose', '-prediction-mode=index', '-interval-list=30m', '-range-min-rsi=28', '-range-max-rsi=80', '-range-p-ema=50,250', '-target-margin-list=1.0,1.5,2.0,2.5,3.0,3.5,4.0,4.5,5.0', '-log-level=WARNING']
2023-11-26 19:55:30;UNIUSDT;30m;4.0;150;34;74;100.0;3;124.34;['-batch-training', '-calc-rsi', '-verbose', '-prediction-mode=index', '-interval-list=30m', '-range-min-rsi=28', '-range-max-rsi=80', '-range-p-ema=50,250', '-target-margin-list=1.0,1.5,2.0,2.5,3.0,3.5,4.0,4.5,5.0', '-log-level=WARNING']
2023-11-26 20:16:50;UNIUSDT;30m;4.0;200;34;74;100.0;3;124.34;['-batch-training', '-calc-rsi', '-verbose', '-prediction-mode=index', '-interval-list=30m', '-range-min-rsi=28', '-range-max-rsi=80', '-range-p-ema=50,250', '-target-margin-list=1.0,1.5,2.0,2.5,3.0,3.5,4.0,4.5,5.0', '-log-level=WARNING']
2023-11-26 19:30:51;UNIUSDT;30m;3.0;100;36;78;100.0;3;124.36;['-batch-training', '-calc-rsi', '-verbose', '-prediction-mode=index', '-interval-list=30m', '-range-min-rsi=28', '-range-max-rsi=80', '-range-p-ema=50,250', '-target-margin-list=1.0,1.5,2.0,2.5,3.0,3.5,4.0,4.5,5.0', '-log-level=WARNING']
2023-11-26 19:42:21;UNIUSDT;30m;3.0;125;36;78;100.0;3;124.36;['-batch-training', '-calc-rsi', '-verbose', '-prediction-mode=index', '-interval-list=30m', '-range-min-rsi=28', '-range-max-rsi=80', '-range-p-ema=50,250', '-target-margin-list=1.0,1.5,2.0,2.5,3.0,3.5,4.0,4.5,5.0', '-log-level=WARNING']
2023-11-26 19:49:11;UNIUSDT;30m;1.5;150;34;72;100.0;5;124.36;['-batch-training', '-calc-rsi', '-verbose', '-prediction-mode=index', '-interval-list=30m', '-range-min-rsi=28', '-range-max-rsi=80', '-range-p-ema=50,250', '-target-margin-list=1.0,1.5,2.0,2.5,3.0,3.5,4.0,4.5,5.0', '-log-level=WARNING']
2023-11-26 19:53:54;UNIUSDT;30m;3.0;150;34;80;100.0;2;124.37;['-batch-training', '-calc-rsi', '-verbose', '-prediction-mode=index', '-interval-list=30m', '-range-min-rsi=28', '-range-max-rsi=80', '-range-p-ema=50,250', '-target-margin-list=1.0,1.5,2.0,2.5,3.0,3.5,4.0,4.5,5.0', '-log-level=WARNING']
2023-11-26 20:37:12;UNIUSDT;30m;2.0;250;36;74;100.0;5;124.38;['-batch-training', '-calc-rsi', '-verbose', '-prediction-mode=index', '-interval-list=30m', '-range-min-rsi=28', '-range-max-rsi=80', '-range-p-ema=50,250', '-target-margin-list=1.0,1.5,2.0,2.5,3.0,3.5,4.0,4.5,5.0', '-log-level=WARNING']
2023-11-26 20:01:23;UNIUSDT;30m;2.0;175;34;76;100.0;6;124.38;['-batch-training', '-calc-rsi', '-verbose', '-prediction-mode=index', '-interval-list=30m', '-range-min-rsi=28', '-range-max-rsi=80', '-range-p-ema=50,250', '-target-margin-list=1.0,1.5,2.0,2.5,3.0,3.5,4.0,4.5,5.0', '-log-level=WARNING']
2023-11-26 20:05:11;UNIUSDT;30m;3.5;175;36;80;100.0;3;124.38;['-batch-training', '-calc-rsi', '-verbose', '-prediction-mode=index', '-interval-list=30m', '-range-min-rsi=28', '-range-max-rsi=80', '-range-p-ema=50,250', '-target-margin-list=1.0,1.5,2.0,2.5,3.0,3.5,4.0,4.5,5.0', '-log-level=WARNING']
2023-11-26 20:16:21;UNIUSDT;30m;3.5;200;36;80;100.0;3;124.38;['-batch-training', '-calc-rsi', '-verbose', '-prediction-mode=index', '-interval-list=30m', '-range-min-rsi=28', '-range-max-rsi=80', '-range-p-ema=50,250', '-target-margin-list=1.0,1.5,2.0,2.5,3.0,3.5,4.0,4.5,5.0', '-log-level=WARNING']
2023-11-26 19:59:45;UNIUSDT;30m;1.5;175;32;72;100.0;2;124.51;['-batch-training', '-calc-rsi', '-verbose', '-prediction-mode=index', '-interval-list=30m', '-range-min-rsi=28', '-range-max-rsi=80', '-range-p-ema=50,250', '-target-margin-list=1.0,1.5,2.0,2.5,3.0,3.5,4.0,4.5,5.0', '-log-level=WARNING']
2023-11-26 20:09:50;UNIUSDT;30m;1.5;200;32;72;100.0;2;124.53;['-batch-training', '-calc-rsi', '-verbose', '-prediction-mode=index', '-interval-list=30m', '-range-min-rsi=28', '-range-max-rsi=80', '-range-p-ema=50,250', '-target-margin-list=1.0,1.5,2.0,2.5,3.0,3.5,4.0,4.5,5.0', '-log-level=WARNING']
2023-11-26 20:13:19;UNIUSDT;30m;2.5;200;34;78;100.0;5;124.55;['-batch-training', '-calc-rsi', '-verbose', '-prediction-mode=index', '-interval-list=30m', '-range-min-rsi=28', '-range-max-rsi=80', '-range-p-ema=50,250', '-target-margin-list=1.0,1.5,2.0,2.5,3.0,3.5,4.0,4.5,5.0', '-log-level=WARNING']
2023-11-26 20:54:06;UNIUSDT;30m;3.0;50;34;72;100.0;2;124.55;['-batch-training', '-calc-rsi', '-verbose', '-prediction-mode=index', '-interval-list=30m', '-range-min-rsi=28', '-range-max-rsi=80', '-range-p-ema=50,250', '-target-margin-list=1.0,1.5,2.0,2.5,3.0,3.5,4.0,4.5,5.0', '-log-level=WARNING']
2023-11-26 21:09:34;UNIUSDT;30m;3.0;75;34;72;100.0;2;124.55;['-batch-training', '-calc-rsi', '-verbose', '-prediction-mode=index', '-interval-list=30m', '-range-min-rsi=28', '-range-max-rsi=80', '-range-p-ema=50,250', '-target-margin-list=1.0,1.5,2.0,2.5,3.0,3.5,4.0,4.5,5.0', '-log-level=WARNING']
2023-11-26 19:30:03;UNIUSDT;30m;3.0;100;34;72;100.0;2;124.55;['-batch-training', '-calc-rsi', '-verbose', '-prediction-mode=index', '-interval-list=30m', '-range-min-rsi=28', '-range-max-rsi=80', '-range-p-ema=50,250', '-target-margin-list=1.0,1.5,2.0,2.5,3.0,3.5,4.0,4.5,5.0', '-log-level=WARNING']
2023-11-26 19:41:32;UNIUSDT;30m;3.0;125;34;72;100.0;2;124.55;['-batch-training', '-calc-rsi', '-verbose', '-prediction-mode=index', '-interval-list=30m', '-range-min-rsi=28', '-range-max-rsi=80', '-range-p-ema=50,250', '-target-margin-list=1.0,1.5,2.0,2.5,3.0,3.5,4.0,4.5,5.0', '-log-level=WARNING']
2023-11-26 20:40:33;UNIUSDT;30m;3.0;250;36;76;100.0;2;124.56;['-batch-training', '-calc-rsi', '-verbose', '-prediction-mode=index', '-interval-list=30m', '-range-min-rsi=28', '-range-max-rsi=80', '-range-p-ema=50,250', '-target-margin-list=1.0,1.5,2.0,2.5,3.0,3.5,4.0,4.5,5.0', '-log-level=WARNING']
2023-11-26 19:53:51;UNIUSDT;30m;3.0;150;32;80;100.0;3;124.6;['-batch-training', '-calc-rsi', '-verbose', '-prediction-mode=index', '-interval-list=30m', '-range-min-rsi=28', '-range-max-rsi=80', '-range-p-ema=50,250', '-target-margin-list=1.0,1.5,2.0,2.5,3.0,3.5,4.0,4.5,5.0', '-log-level=WARNING']
2023-11-26 21:07:06;UNIUSDT;30m;2.0;75;36;78;100.0;3;124.62;['-batch-training', '-calc-rsi', '-verbose', '-prediction-mode=index', '-interval-list=30m', '-range-min-rsi=28', '-range-max-rsi=80', '-range-p-ema=50,250', '-target-margin-list=1.0,1.5,2.0,2.5,3.0,3.5,4.0,4.5,5.0', '-log-level=WARNING']
2023-11-26 20:51:52;UNIUSDT;30m;2.0;50;36;78;100.0;3;124.62;['-batch-training', '-calc-rsi', '-verbose', '-prediction-mode=index', '-interval-list=30m', '-range-min-rsi=28', '-range-max-rsi=80', '-range-p-ema=50,250', '-target-margin-list=1.0,1.5,2.0,2.5,3.0,3.5,4.0,4.5,5.0', '-log-level=WARNING']
2023-11-26 19:32:06;UNIUSDT;30m;3.5;100;36;78;100.0;2;124.66;['-batch-training', '-calc-rsi', '-verbose', '-prediction-mode=index', '-interval-list=30m', '-range-min-rsi=28', '-range-max-rsi=80', '-range-p-ema=50,250', '-target-margin-list=1.0,1.5,2.0,2.5,3.0,3.5,4.0,4.5,5.0', '-log-level=WARNING']
2023-11-26 21:10:34;UNIUSDT;30m;3.0;75;32;78;100.0;3;124.66;['-batch-training', '-calc-rsi', '-verbose', '-prediction-mode=index', '-interval-list=30m', '-range-min-rsi=28', '-range-max-rsi=80', '-range-p-ema=50,250', '-target-margin-list=1.0,1.5,2.0,2.5,3.0,3.5,4.0,4.5,5.0', '-log-level=WARNING']
2023-11-26 19:28:47;UNIUSDT;30m;2.5;100;34;72;100.0;2;124.66;['-batch-training', '-calc-rsi', '-verbose', '-prediction-mode=index', '-interval-list=30m', '-range-min-rsi=28', '-range-max-rsi=80', '-range-p-ema=50,250', '-target-margin-list=1.0,1.5,2.0,2.5,3.0,3.5,4.0,4.5,5.0', '-log-level=WARNING']
2023-11-26 19:43:36;UNIUSDT;30m;3.5;125;36;78;100.0;2;124.66;['-batch-training', '-calc-rsi', '-verbose', '-prediction-mode=index', '-interval-list=30m', '-range-min-rsi=28', '-range-max-rsi=80', '-range-p-ema=50,250', '-target-margin-list=1.0,1.5,2.0,2.5,3.0,3.5,4.0,4.5,5.0', '-log-level=WARNING']
2023-11-26 20:25:40;UNIUSDT;30m;2.5;225;34;76;100.0;5;124.66;['-batch-training', '-calc-rsi', '-verbose', '-prediction-mode=index', '-interval-list=30m', '-range-min-rsi=28', '-range-max-rsi=80', '-range-p-ema=50,250', '-target-margin-list=1.0,1.5,2.0,2.5,3.0,3.5,4.0,4.5,5.0', '-log-level=WARNING']
2023-11-26 19:42:15;UNIUSDT;30m;3.0;125;32;78;100.0;3;124.66;['-batch-training', '-calc-rsi', '-verbose', '-prediction-mode=index', '-interval-list=30m', '-range-min-rsi=28', '-range-max-rsi=80', '-range-p-ema=50,250', '-target-margin-list=1.0,1.5,2.0,2.5,3.0,3.5,4.0,4.5,5.0', '-log-level=WARNING']
2023-11-26 19:30:44;UNIUSDT;30m;3.0;100;32;78;100.0;3;124.66;['-batch-training', '-calc-rsi', '-verbose', '-prediction-mode=index', '-interval-list=30m', '-range-min-rsi=28', '-range-max-rsi=80', '-range-p-ema=50,250', '-target-margin-list=1.0,1.5,2.0,2.5,3.0,3.5,4.0,4.5,5.0', '-log-level=WARNING']
2023-11-26 21:07:47;UNIUSDT;30m;2.5;75;34;72;100.0;2;124.66;['-batch-training', '-calc-rsi', '-verbose', '-prediction-mode=index', '-interval-list=30m', '-range-min-rsi=28', '-range-max-rsi=80', '-range-p-ema=50,250', '-target-margin-list=1.0,1.5,2.0,2.5,3.0,3.5,4.0,4.5,5.0', '-log-level=WARNING']
2023-11-26 20:55:01;UNIUSDT;30m;3.0;50;32;78;100.0;3;124.66;['-batch-training', '-calc-rsi', '-verbose', '-prediction-mode=index', '-interval-list=30m', '-range-min-rsi=28', '-range-max-rsi=80', '-range-p-ema=50,250', '-target-margin-list=1.0,1.5,2.0,2.5,3.0,3.5,4.0,4.5,5.0', '-log-level=WARNING']
2023-11-26 20:52:27;UNIUSDT;30m;2.5;50;34;72;100.0;2;124.66;['-batch-training', '-calc-rsi', '-verbose', '-prediction-mode=index', '-interval-list=30m', '-range-min-rsi=28', '-range-max-rsi=80', '-range-p-ema=50,250', '-target-margin-list=1.0,1.5,2.0,2.5,3.0,3.5,4.0,4.5,5.0', '-log-level=WARNING']
2023-11-26 19:40:15;UNIUSDT;30m;2.5;125;34;72;100.0;2;124.66;['-batch-training', '-calc-rsi', '-verbose', '-prediction-mode=index', '-interval-list=30m', '-range-min-rsi=28', '-range-max-rsi=80', '-range-p-ema=50,250', '-target-margin-list=1.0,1.5,2.0,2.5,3.0,3.5,4.0,4.5,5.0', '-log-level=WARNING']
2023-11-26 20:27:58;UNIUSDT;30m;3.5;225;34;72;100.0;2;124.69;['-batch-training', '-calc-rsi', '-verbose', '-prediction-mode=index', '-interval-list=30m', '-range-min-rsi=28', '-range-max-rsi=80', '-range-p-ema=50,250', '-target-margin-list=1.0,1.5,2.0,2.5,3.0,3.5,4.0,4.5,5.0', '-log-level=WARNING']
2023-11-26 19:53:37;UNIUSDT;30m;3.0;150;32;78;100.0;2;124.74;['-batch-training', '-calc-rsi', '-verbose', '-prediction-mode=index', '-interval-list=30m', '-range-min-rsi=28', '-range-max-rsi=80', '-range-p-ema=50,250', '-target-margin-list=1.0,1.5,2.0,2.5,3.0,3.5,4.0,4.5,5.0', '-log-level=WARNING']
2023-11-26 20:21:12;UNIUSDT;30m;1.0;225;30;76;100.0;4;124.85;['-batch-training', '-calc-rsi', '-verbose', '-prediction-mode=index', '-interval-list=30m', '-range-min-rsi=28', '-range-max-rsi=80', '-range-p-ema=50,250', '-target-margin-list=1.0,1.5,2.0,2.5,3.0,3.5,4.0,4.5,5.0', '-log-level=WARNING']
2023-11-26 20:09:04;UNIUSDT;30m;1.0;200;30;76;100.0;4;124.85;['-batch-training', '-calc-rsi', '-verbose', '-prediction-mode=index', '-interval-list=30m', '-range-min-rsi=28', '-range-max-rsi=80', '-range-p-ema=50,250', '-target-margin-list=1.0,1.5,2.0,2.5,3.0,3.5,4.0,4.5,5.0', '-log-level=WARNING']
2023-11-26 19:54:48;UNIUSDT;30m;3.5;150;34;78;100.0;2;124.85;['-batch-training', '-calc-rsi', '-verbose', '-prediction-mode=index', '-interval-list=30m', '-range-min-rsi=28', '-range-max-rsi=80', '-range-p-ema=50,250', '-target-margin-list=1.0,1.5,2.0,2.5,3.0,3.5,4.0,4.5,5.0', '-log-level=WARNING']
2023-11-26 19:59:01;UNIUSDT;30m;1.0;175;30;76;100.0;4;124.85;['-batch-training', '-calc-rsi', '-verbose', '-prediction-mode=index', '-interval-list=30m', '-range-min-rsi=28', '-range-max-rsi=80', '-range-p-ema=50,250', '-target-margin-list=1.0,1.5,2.0,2.5,3.0,3.5,4.0,4.5,5.0', '-log-level=WARNING']
2023-11-26 19:49:11;UNIUSDT;30m;1.5;150;34;72;100.0;3;124.89;['-batch-training', '-calc-rsi', '-verbose', '-prediction-mode=index', '-interval-list=30m', '-range-min-rsi=28', '-range-max-rsi=80', '-range-p-ema=50,250', '-target-margin-list=1.0,1.5,2.0,2.5,3.0,3.5,4.0,4.5,5.0', '-log-level=WARNING']
2023-11-26 20:22:15;UNIUSDT;30m;1.5;225;36;72;100.0;7;124.93;['-batch-training', '-calc-rsi', '-verbose', '-prediction-mode=index', '-interval-list=30m', '-range-min-rsi=28', '-range-max-rsi=80', '-range-p-ema=50,250', '-target-margin-list=1.0,1.5,2.0,2.5,3.0,3.5,4.0,4.5,5.0', '-log-level=WARNING']
2023-11-26 20:12:15;UNIUSDT;30m;2.0;200;34;80;100.0;5;124.97;['-batch-training', '-calc-rsi', '-verbose', '-prediction-mode=index', '-interval-list=30m', '-range-min-rsi=28', '-range-max-rsi=80', '-range-p-ema=50,250', '-target-margin-list=1.0,1.5,2.0,2.5,3.0,3.5,4.0,4.5,5.0', '-log-level=WARNING']
2023-11-26 20:01:50;UNIUSDT;30m;2.0;175;34;80;100.0;5;124.97;['-batch-training', '-calc-rsi', '-verbose', '-prediction-mode=index', '-interval-list=30m', '-range-min-rsi=28', '-range-max-rsi=80', '-range-p-ema=50,250', '-target-margin-list=1.0,1.5,2.0,2.5,3.0,3.5,4.0,4.5,5.0', '-log-level=WARNING']
2023-11-26 19:51:31;UNIUSDT;30m;2.0;150;34;80;100.0;5;124.97;['-batch-training', '-calc-rsi', '-verbose', '-prediction-mode=index', '-interval-list=30m', '-range-min-rsi=28', '-range-max-rsi=80', '-range-p-ema=50,250', '-target-margin-list=1.0,1.5,2.0,2.5,3.0,3.5,4.0,4.5,5.0', '-log-level=WARNING']
2023-11-26 20:28:51;UNIUSDT;30m;3.5;225;34;78;100.0;3;124.98;['-batch-training', '-calc-rsi', '-verbose', '-prediction-mode=index', '-interval-list=30m', '-range-min-rsi=28', '-range-max-rsi=80', '-range-p-ema=50,250', '-target-margin-list=1.0,1.5,2.0,2.5,3.0,3.5,4.0,4.5,5.0', '-log-level=WARNING']
2023-11-26 19:56:59;UNIUSDT;30m;4.5;150;30;78;100.0;2;125.02;['-batch-training', '-calc-rsi', '-verbose', '-prediction-mode=index', '-interval-list=30m', '-range-min-rsi=28', '-range-max-rsi=80', '-range-p-ema=50,250', '-target-margin-list=1.0,1.5,2.0,2.5,3.0,3.5,4.0,4.5,5.0', '-log-level=WARNING']
2023-11-26 20:45:18;UNIUSDT;30m;4.5;250;30;78;100.0;2;125.02;['-batch-training', '-calc-rsi', '-verbose', '-prediction-mode=index', '-interval-list=30m', '-range-min-rsi=28', '-range-max-rsi=80', '-range-p-ema=50,250', '-target-margin-list=1.0,1.5,2.0,2.5,3.0,3.5,4.0,4.5,5.0', '-log-level=WARNING']
2023-11-26 20:59:55;UNIUSDT;30m;4.5;50;30;78;100.0;2;125.02;['-batch-training', '-calc-rsi', '-verbose', '-prediction-mode=index', '-interval-list=30m', '-range-min-rsi=28', '-range-max-rsi=80', '-range-p-ema=50,250', '-target-margin-list=1.0,1.5,2.0,2.5,3.0,3.5,4.0,4.5,5.0', '-log-level=WARNING']
2023-11-26 19:34:24;UNIUSDT;30m;4.5;100;30;78;100.0;2;125.02;['-batch-training', '-calc-rsi', '-verbose', '-prediction-mode=index', '-interval-list=30m', '-range-min-rsi=28', '-range-max-rsi=80', '-range-p-ema=50,250', '-target-margin-list=1.0,1.5,2.0,2.5,3.0,3.5,4.0,4.5,5.0', '-log-level=WARNING']
2023-11-26 19:46:00;UNIUSDT;30m;4.5;125;30;78;100.0;2;125.02;['-batch-training', '-calc-rsi', '-verbose', '-prediction-mode=index', '-interval-list=30m', '-range-min-rsi=28', '-range-max-rsi=80', '-range-p-ema=50,250', '-target-margin-list=1.0,1.5,2.0,2.5,3.0,3.5,4.0,4.5,5.0', '-log-level=WARNING']
2023-11-26 20:18:40;UNIUSDT;30m;4.5;200;30;78;100.0;2;125.02;['-batch-training', '-calc-rsi', '-verbose', '-prediction-mode=index', '-interval-list=30m', '-range-min-rsi=28', '-range-max-rsi=80', '-range-p-ema=50,250', '-target-margin-list=1.0,1.5,2.0,2.5,3.0,3.5,4.0,4.5,5.0', '-log-level=WARNING']
2023-11-26 20:31:38;UNIUSDT;30m;4.5;225;30;78;100.0;2;125.02;['-batch-training', '-calc-rsi', '-verbose', '-prediction-mode=index', '-interval-list=30m', '-range-min-rsi=28', '-range-max-rsi=80', '-range-p-ema=50,250', '-target-margin-list=1.0,1.5,2.0,2.5,3.0,3.5,4.0,4.5,5.0', '-log-level=WARNING']
2023-11-26 21:15:25;UNIUSDT;30m;4.5;75;30;78;100.0;2;125.02;['-batch-training', '-calc-rsi', '-verbose', '-prediction-mode=index', '-interval-list=30m', '-range-min-rsi=28', '-range-max-rsi=80', '-range-p-ema=50,250', '-target-margin-list=1.0,1.5,2.0,2.5,3.0,3.5,4.0,4.5,5.0', '-log-level=WARNING']
2023-11-26 20:07:03;UNIUSDT;30m;4.5;175;30;78;100.0;2;125.02;['-batch-training', '-calc-rsi', '-verbose', '-prediction-mode=index', '-interval-list=30m', '-range-min-rsi=28', '-range-max-rsi=80', '-range-p-ema=50,250', '-target-margin-list=1.0,1.5,2.0,2.5,3.0,3.5,4.0,4.5,5.0', '-log-level=WARNING']
2023-11-26 20:11:44;UNIUSDT;30m;2.0;200;34;76;100.0;6;125.04;['-batch-training', '-calc-rsi', '-verbose', '-prediction-mode=index', '-interval-list=30m', '-range-min-rsi=28', '-range-max-rsi=80', '-range-p-ema=50,250', '-target-margin-list=1.0,1.5,2.0,2.5,3.0,3.5,4.0,4.5,5.0', '-log-level=WARNING']
2023-11-26 20:53:51;UNIUSDT;30m;2.5;50;36;80;100.0;4;125.05;['-batch-training', '-calc-rsi', '-verbose', '-prediction-mode=index', '-interval-list=30m', '-range-min-rsi=28', '-range-max-rsi=80', '-range-p-ema=50,250', '-target-margin-list=1.0,1.5,2.0,2.5,3.0,3.5,4.0,4.5,5.0', '-log-level=WARNING']
2023-11-26 21:09:17;UNIUSDT;30m;2.5;75;36;80;100.0;4;125.05;['-batch-training', '-calc-rsi', '-verbose', '-prediction-mode=index', '-interval-list=30m', '-range-min-rsi=28', '-range-max-rsi=80', '-range-p-ema=50,250', '-target-margin-list=1.0,1.5,2.0,2.5,3.0,3.5,4.0,4.5,5.0', '-log-level=WARNING']
2023-11-26 20:38:13;UNIUSDT;30m;2.5;250;30;72;100.0;4;125.06;['-batch-training', '-calc-rsi', '-verbose', '-prediction-mode=index', '-interval-list=30m', '-range-min-rsi=28', '-range-max-rsi=80', '-range-p-ema=50,250', '-target-margin-list=1.0,1.5,2.0,2.5,3.0,3.5,4.0,4.5,5.0', '-log-level=WARNING']
2023-11-26 20:38:56;UNIUSDT;30m;2.5;250;34;76;100.0;5;125.07;['-batch-training', '-calc-rsi', '-verbose', '-prediction-mode=index', '-interval-list=30m', '-range-min-rsi=28', '-range-max-rsi=80', '-range-p-ema=50,250', '-target-margin-list=1.0,1.5,2.0,2.5,3.0,3.5,4.0,4.5,5.0', '-log-level=WARNING']
2023-11-26 20:45:48;UNIUSDT;30m;4.5;250;36;80;100.0;2;125.09;['-batch-training', '-calc-rsi', '-verbose', '-prediction-mode=index', '-interval-list=30m', '-range-min-rsi=28', '-range-max-rsi=80', '-range-p-ema=50,250', '-target-margin-list=1.0,1.5,2.0,2.5,3.0,3.5,4.0,4.5,5.0', '-log-level=WARNING']
2023-11-26 20:32:06;UNIUSDT;30m;4.5;225;36;80;100.0;2;125.09;['-batch-training', '-calc-rsi', '-verbose', '-prediction-mode=index', '-interval-list=30m', '-range-min-rsi=28', '-range-max-rsi=80', '-range-p-ema=50,250', '-target-margin-list=1.0,1.5,2.0,2.5,3.0,3.5,4.0,4.5,5.0', '-log-level=WARNING']
2023-11-26 20:28:41;UNIUSDT;30m;3.5;225;28;78;100.0;2;125.1;['-batch-training', '-calc-rsi', '-verbose', '-prediction-mode=index', '-interval-list=30m', '-range-min-rsi=28', '-range-max-rsi=80', '-range-p-ema=50,250', '-target-margin-list=1.0,1.5,2.0,2.5,3.0,3.5,4.0,4.5,5.0', '-log-level=WARNING']
2023-11-26 21:12:13;UNIUSDT;30m;3.5;75;28;78;100.0;2;125.1;['-batch-training', '-calc-rsi', '-verbose', '-prediction-mode=index', '-interval-list=30m', '-range-min-rsi=28', '-range-max-rsi=80', '-range-p-ema=50,250', '-target-margin-list=1.0,1.5,2.0,2.5,3.0,3.5,4.0,4.5,5.0', '-log-level=WARNING']
2023-11-26 20:56:32;UNIUSDT;30m;3.5;50;28;78;100.0;2;125.1;['-batch-training', '-calc-rsi', '-verbose', '-prediction-mode=index', '-interval-list=30m', '-range-min-rsi=28', '-range-max-rsi=80', '-range-p-ema=50,250', '-target-margin-list=1.0,1.5,2.0,2.5,3.0,3.5,4.0,4.5,5.0', '-log-level=WARNING']
2023-11-26 19:54:40;UNIUSDT;30m;3.5;150;28;78;100.0;2;125.1;['-batch-training', '-calc-rsi', '-verbose', '-prediction-mode=index', '-interval-list=30m', '-range-min-rsi=28', '-range-max-rsi=80', '-range-p-ema=50,250', '-target-margin-list=1.0,1.5,2.0,2.5,3.0,3.5,4.0,4.5,5.0', '-log-level=WARNING']
2023-11-26 20:15:51;UNIUSDT;30m;3.5;200;28;78;100.0;2;125.1;['-batch-training', '-calc-rsi', '-verbose', '-prediction-mode=index', '-interval-list=30m', '-range-min-rsi=28', '-range-max-rsi=80', '-range-p-ema=50,250', '-target-margin-list=1.0,1.5,2.0,2.5,3.0,3.5,4.0,4.5,5.0', '-log-level=WARNING']
2023-11-26 19:43:24;UNIUSDT;30m;3.5;125;28;78;100.0;2;125.1;['-batch-training', '-calc-rsi', '-verbose', '-prediction-mode=index', '-interval-list=30m', '-range-min-rsi=28', '-range-max-rsi=80', '-range-p-ema=50,250', '-target-margin-list=1.0,1.5,2.0,2.5,3.0,3.5,4.0,4.5,5.0', '-log-level=WARNING']
2023-11-26 20:04:48;UNIUSDT;30m;3.5;175;28;78;100.0;2;125.1;['-batch-training', '-calc-rsi', '-verbose', '-prediction-mode=index', '-interval-list=30m', '-range-min-rsi=28', '-range-max-rsi=80', '-range-p-ema=50,250', '-target-margin-list=1.0,1.5,2.0,2.5,3.0,3.5,4.0,4.5,5.0', '-log-level=WARNING']
2023-11-26 19:31:54;UNIUSDT;30m;3.5;100;28;78;100.0;2;125.1;['-batch-training', '-calc-rsi', '-verbose', '-prediction-mode=index', '-interval-list=30m', '-range-min-rsi=28', '-range-max-rsi=80', '-range-p-ema=50,250', '-target-margin-list=1.0,1.5,2.0,2.5,3.0,3.5,4.0,4.5,5.0', '-log-level=WARNING']
2023-11-26 20:36:00;UNIUSDT;30m;1.5;250;36;76;100.0;6;125.19;['-batch-training', '-calc-rsi', '-verbose', '-prediction-mode=index', '-interval-list=30m', '-range-min-rsi=28', '-range-max-rsi=80', '-range-p-ema=50,250', '-target-margin-list=1.0,1.5,2.0,2.5,3.0,3.5,4.0,4.5,5.0', '-log-level=WARNING']
2023-11-26 20:54:10;UNIUSDT;30m;3.0;50;36;72;100.0;2;125.25;['-batch-training', '-calc-rsi', '-verbose', '-prediction-mode=index', '-interval-list=30m', '-range-min-rsi=28', '-range-max-rsi=80', '-range-p-ema=50,250', '-target-margin-list=1.0,1.5,2.0,2.5,3.0,3.5,4.0,4.5,5.0', '-log-level=WARNING']
2023-11-26 21:09:38;UNIUSDT;30m;3.0;75;36;72;100.0;2;125.25;['-batch-training', '-calc-rsi', '-verbose', '-prediction-mode=index', '-interval-list=30m', '-range-min-rsi=28', '-range-max-rsi=80', '-range-p-ema=50,250', '-target-margin-list=1.0,1.5,2.0,2.5,3.0,3.5,4.0,4.5,5.0', '-log-level=WARNING']
2023-11-26 19:30:06;UNIUSDT;30m;3.0;100;36;72;100.0;2;125.25;['-batch-training', '-calc-rsi', '-verbose', '-prediction-mode=index', '-interval-list=30m', '-range-min-rsi=28', '-range-max-rsi=80', '-range-p-ema=50,250', '-target-margin-list=1.0,1.5,2.0,2.5,3.0,3.5,4.0,4.5,5.0', '-log-level=WARNING']
2023-11-26 19:41:35;UNIUSDT;30m;3.0;125;36;72;100.0;2;125.25;['-batch-training', '-calc-rsi', '-verbose', '-prediction-mode=index', '-interval-list=30m', '-range-min-rsi=28', '-range-max-rsi=80', '-range-p-ema=50,250', '-target-margin-list=1.0,1.5,2.0,2.5,3.0,3.5,4.0,4.5,5.0', '-log-level=WARNING']
2023-11-26 19:48:27;UNIUSDT;30m;1.0;150;36;76;100.0;4;125.27;['-batch-training', '-calc-rsi', '-verbose', '-prediction-mode=index', '-interval-list=30m', '-range-min-rsi=28', '-range-max-rsi=80', '-range-p-ema=50,250', '-target-margin-list=1.0,1.5,2.0,2.5,3.0,3.5,4.0,4.5,5.0', '-log-level=WARNING']
2023-11-26 20:51:28;UNIUSDT;30m;2.0;50;34;76;100.0;4;125.27;['-batch-training', '-calc-rsi', '-verbose', '-prediction-mode=index', '-interval-list=30m', '-range-min-rsi=28', '-range-max-rsi=80', '-range-p-ema=50,250', '-target-margin-list=1.0,1.5,2.0,2.5,3.0,3.5,4.0,4.5,5.0', '-log-level=WARNING']
2023-11-26 19:27:59;UNIUSDT;30m;2.0;100;34;76;100.0;4;125.27;['-batch-training', '-calc-rsi', '-verbose', '-prediction-mode=index', '-interval-list=30m', '-range-min-rsi=28', '-range-max-rsi=80', '-range-p-ema=50,250', '-target-margin-list=1.0,1.5,2.0,2.5,3.0,3.5,4.0,4.5,5.0', '-log-level=WARNING']
2023-11-26 21:06:41;UNIUSDT;30m;2.0;75;34;76;100.0;4;125.27;['-batch-training', '-calc-rsi', '-verbose', '-prediction-mode=index', '-interval-list=30m', '-range-min-rsi=28', '-range-max-rsi=80', '-range-p-ema=50,250', '-target-margin-list=1.0,1.5,2.0,2.5,3.0,3.5,4.0,4.5,5.0', '-log-level=WARNING']
2023-11-26 19:39:28;UNIUSDT;30m;2.0;125;34;76;100.0;4;125.27;['-batch-training', '-calc-rsi', '-verbose', '-prediction-mode=index', '-interval-list=30m', '-range-min-rsi=28', '-range-max-rsi=80', '-range-p-ema=50,250', '-target-margin-list=1.0,1.5,2.0,2.5,3.0,3.5,4.0,4.5,5.0', '-log-level=WARNING']
2023-11-26 19:30:54;UNIUSDT;30m;3.0;100;28;80;100.0;7;125.29;['-batch-training', '-calc-rsi', '-verbose', '-prediction-mode=index', '-interval-list=30m', '-range-min-rsi=28', '-range-max-rsi=80', '-range-p-ema=50,250', '-target-margin-list=1.0,1.5,2.0,2.5,3.0,3.5,4.0,4.5,5.0', '-log-level=WARNING']
2023-11-26 20:03:56;UNIUSDT;30m;3.0;175;28;80;100.0;7;125.29;['-batch-training', '-calc-rsi', '-verbose', '-prediction-mode=index', '-interval-list=30m', '-range-min-rsi=28', '-range-max-rsi=80', '-range-p-ema=50,250', '-target-margin-list=1.0,1.5,2.0,2.5,3.0,3.5,4.0,4.5,5.0', '-log-level=WARNING']
2023-11-26 20:03:56;UNIUSDT;30m;3.0;175;28;80;100.0;6;125.29;['-batch-training', '-calc-rsi', '-verbose', '-prediction-mode=index', '-interval-list=30m', '-range-min-rsi=28', '-range-max-rsi=80', '-range-p-ema=50,250', '-target-margin-list=1.0,1.5,2.0,2.5,3.0,3.5,4.0,4.5,5.0', '-log-level=WARNING']
2023-11-26 19:42:24;UNIUSDT;30m;3.0;125;28;80;100.0;6;125.29;['-batch-training', '-calc-rsi', '-verbose', '-prediction-mode=index', '-interval-list=30m', '-range-min-rsi=28', '-range-max-rsi=80', '-range-p-ema=50,250', '-target-margin-list=1.0,1.5,2.0,2.5,3.0,3.5,4.0,4.5,5.0', '-log-level=WARNING']
2023-11-26 21:10:47;UNIUSDT;30m;3.0;75;28;80;100.0;7;125.29;['-batch-training', '-calc-rsi', '-verbose', '-prediction-mode=index', '-interval-list=30m', '-range-min-rsi=28', '-range-max-rsi=80', '-range-p-ema=50,250', '-target-margin-list=1.0,1.5,2.0,2.5,3.0,3.5,4.0,4.5,5.0', '-log-level=WARNING']
2023-11-26 19:42:24;UNIUSDT;30m;3.0;125;28;80;100.0;7;125.29;['-batch-training', '-calc-rsi', '-verbose', '-prediction-mode=index', '-interval-list=30m', '-range-min-rsi=28', '-range-max-rsi=80', '-range-p-ema=50,250', '-target-margin-list=1.0,1.5,2.0,2.5,3.0,3.5,4.0,4.5,5.0', '-log-level=WARNING']
2023-11-26 21:10:47;UNIUSDT;30m;3.0;75;28;80;100.0;6;125.29;['-batch-training', '-calc-rsi', '-verbose', '-prediction-mode=index', '-interval-list=30m', '-range-min-rsi=28', '-range-max-rsi=80', '-range-p-ema=50,250', '-target-margin-list=1.0,1.5,2.0,2.5,3.0,3.5,4.0,4.5,5.0', '-log-level=WARNING']
2023-11-26 20:27:30;UNIUSDT;30m;3.0;225;28;80;100.0;7;125.29;['-batch-training', '-calc-rsi', '-verbose', '-prediction-mode=index', '-interval-list=30m', '-range-min-rsi=28', '-range-max-rsi=80', '-range-p-ema=50,250', '-target-margin-list=1.0,1.5,2.0,2.5,3.0,3.5,4.0,4.5,5.0', '-log-level=WARNING']
2023-11-26 20:14:46;UNIUSDT;30m;3.0;200;28;80;100.0;6;125.29;['-batch-training', '-calc-rsi', '-verbose', '-prediction-mode=index', '-interval-list=30m', '-range-min-rsi=28', '-range-max-rsi=80', '-range-p-ema=50,250', '-target-margin-list=1.0,1.5,2.0,2.5,3.0,3.5,4.0,4.5,5.0', '-log-level=WARNING']
2023-11-26 20:14:46;UNIUSDT;30m;3.0;200;28;80;100.0;7;125.29;['-batch-training', '-calc-rsi', '-verbose', '-prediction-mode=index', '-interval-list=30m', '-range-min-rsi=28', '-range-max-rsi=80', '-range-p-ema=50,250', '-target-margin-list=1.0,1.5,2.0,2.5,3.0,3.5,4.0,4.5,5.0', '-log-level=WARNING']
2023-11-26 19:53:46;UNIUSDT;30m;3.0;150;28;80;100.0;6;125.29;['-batch-training', '-calc-rsi', '-verbose', '-prediction-mode=index', '-interval-list=30m', '-range-min-rsi=28', '-range-max-rsi=80', '-range-p-ema=50,250', '-target-margin-list=1.0,1.5,2.0,2.5,3.0,3.5,4.0,4.5,5.0', '-log-level=WARNING']
2023-11-26 20:27:30;UNIUSDT;30m;3.0;225;28;80;100.0;6;125.29;['-batch-training', '-calc-rsi', '-verbose', '-prediction-mode=index', '-interval-list=30m', '-range-min-rsi=28', '-range-max-rsi=80', '-range-p-ema=50,250', '-target-margin-list=1.0,1.5,2.0,2.5,3.0,3.5,4.0,4.5,5.0', '-log-level=WARNING']
2023-11-26 19:53:46;UNIUSDT;30m;3.0;150;28;80;100.0;7;125.29;['-batch-training', '-calc-rsi', '-verbose', '-prediction-mode=index', '-interval-list=30m', '-range-min-rsi=28', '-range-max-rsi=80', '-range-p-ema=50,250', '-target-margin-list=1.0,1.5,2.0,2.5,3.0,3.5,4.0,4.5,5.0', '-log-level=WARNING']
2023-11-26 19:30:54;UNIUSDT;30m;3.0;100;28;80;100.0;6;125.29;['-batch-training', '-calc-rsi', '-verbose', '-prediction-mode=index', '-interval-list=30m', '-range-min-rsi=28', '-range-max-rsi=80', '-range-p-ema=50,250', '-target-margin-list=1.0,1.5,2.0,2.5,3.0,3.5,4.0,4.5,5.0', '-log-level=WARNING']
2023-11-26 20:40:55;UNIUSDT;30m;3.0;250;28;80;100.0;6;125.29;['-batch-training', '-calc-rsi', '-verbose', '-prediction-mode=index', '-interval-list=30m', '-range-min-rsi=28', '-range-max-rsi=80', '-range-p-ema=50,250', '-target-margin-list=1.0,1.5,2.0,2.5,3.0,3.5,4.0,4.5,5.0', '-log-level=WARNING']
2023-11-26 20:55:13;UNIUSDT;30m;3.0;50;28;80;100.0;7;125.29;['-batch-training', '-calc-rsi', '-verbose', '-prediction-mode=index', '-interval-list=30m', '-range-min-rsi=28', '-range-max-rsi=80', '-range-p-ema=50,250', '-target-margin-list=1.0,1.5,2.0,2.5,3.0,3.5,4.0,4.5,5.0', '-log-level=WARNING']
2023-11-26 20:40:55;UNIUSDT;30m;3.0;250;28;80;100.0;7;125.29;['-batch-training', '-calc-rsi', '-verbose', '-prediction-mode=index', '-interval-list=30m', '-range-min-rsi=28', '-range-max-rsi=80', '-range-p-ema=50,250', '-target-margin-list=1.0,1.5,2.0,2.5,3.0,3.5,4.0,4.5,5.0', '-log-level=WARNING']
2023-11-26 20:55:13;UNIUSDT;30m;3.0;50;28;80;100.0;6;125.29;['-batch-training', '-calc-rsi', '-verbose', '-prediction-mode=index', '-interval-list=30m', '-range-min-rsi=28', '-range-max-rsi=80', '-range-p-ema=50,250', '-target-margin-list=1.0,1.5,2.0,2.5,3.0,3.5,4.0,4.5,5.0', '-log-level=WARNING']
2023-11-26 20:53:06;UNIUSDT;30m;2.5;50;34;76;100.0;4;125.3;['-batch-training', '-calc-rsi', '-verbose', '-prediction-mode=index', '-interval-list=30m', '-range-min-rsi=28', '-range-max-rsi=80', '-range-p-ema=50,250', '-target-margin-list=1.0,1.5,2.0,2.5,3.0,3.5,4.0,4.5,5.0', '-log-level=WARNING']
2023-11-26 19:29:17;UNIUSDT;30m;2.5;100;34;76;100.0;4;125.3;['-batch-training', '-calc-rsi', '-verbose', '-prediction-mode=index', '-interval-list=30m', '-range-min-rsi=28', '-range-max-rsi=80', '-range-p-ema=50,250', '-target-margin-list=1.0,1.5,2.0,2.5,3.0,3.5,4.0,4.5,5.0', '-log-level=WARNING']
2023-11-26 19:40:45;UNIUSDT;30m;2.5;125;34;76;100.0;4;125.3;['-batch-training', '-calc-rsi', '-verbose', '-prediction-mode=index', '-interval-list=30m', '-range-min-rsi=28', '-range-max-rsi=80', '-range-p-ema=50,250', '-target-margin-list=1.0,1.5,2.0,2.5,3.0,3.5,4.0,4.5,5.0', '-log-level=WARNING']
2023-11-26 21:08:31;UNIUSDT;30m;2.5;75;34;76;100.0;4;125.3;['-batch-training', '-calc-rsi', '-verbose', '-prediction-mode=index', '-interval-list=30m', '-range-min-rsi=28', '-range-max-rsi=80', '-range-p-ema=50,250', '-target-margin-list=1.0,1.5,2.0,2.5,3.0,3.5,4.0,4.5,5.0', '-log-level=WARNING']
2023-11-26 20:05:11;UNIUSDT;30m;3.5;175;36;80;100.0;2;125.34;['-batch-training', '-calc-rsi', '-verbose', '-prediction-mode=index', '-interval-list=30m', '-range-min-rsi=28', '-range-max-rsi=80', '-range-p-ema=50,250', '-target-margin-list=1.0,1.5,2.0,2.5,3.0,3.5,4.0,4.5,5.0', '-log-level=WARNING']
2023-11-26 20:16:20;UNIUSDT;30m;3.5;200;36;80;100.0;2;125.34;['-batch-training', '-calc-rsi', '-verbose', '-prediction-mode=index', '-interval-list=30m', '-range-min-rsi=28', '-range-max-rsi=80', '-range-p-ema=50,250', '-target-margin-list=1.0,1.5,2.0,2.5,3.0,3.5,4.0,4.5,5.0', '-log-level=WARNING']
2023-11-26 20:05:07;UNIUSDT;30m;3.5;175;32;80;100.0;2;125.36;['-batch-training', '-calc-rsi', '-verbose', '-prediction-mode=index', '-interval-list=30m', '-range-min-rsi=28', '-range-max-rsi=80', '-range-p-ema=50,250', '-target-margin-list=1.0,1.5,2.0,2.5,3.0,3.5,4.0,4.5,5.0', '-log-level=WARNING']
2023-11-26 20:29:05;UNIUSDT;30m;3.5;225;32;80;100.0;2;125.36;['-batch-training', '-calc-rsi', '-verbose', '-prediction-mode=index', '-interval-list=30m', '-range-min-rsi=28', '-range-max-rsi=80', '-range-p-ema=50,250', '-target-margin-list=1.0,1.5,2.0,2.5,3.0,3.5,4.0,4.5,5.0', '-log-level=WARNING']
2023-11-26 20:16:14;UNIUSDT;30m;3.5;200;32;80;100.0;2;125.36;['-batch-training', '-calc-rsi', '-verbose', '-prediction-mode=index', '-interval-list=30m', '-range-min-rsi=28', '-range-max-rsi=80', '-range-p-ema=50,250', '-target-margin-list=1.0,1.5,2.0,2.5,3.0,3.5,4.0,4.5,5.0', '-log-level=WARNING']
2023-11-26 19:29:50;UNIUSDT;30m;2.5;100;36;80;100.0;4;125.37;['-batch-training', '-calc-rsi', '-verbose', '-prediction-mode=index', '-interval-list=30m', '-range-min-rsi=28', '-range-max-rsi=80', '-range-p-ema=50,250', '-target-margin-list=1.0,1.5,2.0,2.5,3.0,3.5,4.0,4.5,5.0', '-log-level=WARNING']
2023-11-26 19:41:19;UNIUSDT;30m;2.5;125;36;80;100.0;4;125.37;['-batch-training', '-calc-rsi', '-verbose', '-prediction-mode=index', '-interval-list=30m', '-range-min-rsi=28', '-range-max-rsi=80', '-range-p-ema=50,250', '-target-margin-list=1.0,1.5,2.0,2.5,3.0,3.5,4.0,4.5,5.0', '-log-level=WARNING']
2023-11-26 20:35:10;UNIUSDT;30m;1.5;250;28;72;100.0;6;125.45;['-batch-training', '-calc-rsi', '-verbose', '-prediction-mode=index', '-interval-list=30m', '-range-min-rsi=28', '-range-max-rsi=80', '-range-p-ema=50,250', '-target-margin-list=1.0,1.5,2.0,2.5,3.0,3.5,4.0,4.5,5.0', '-log-level=WARNING']
2023-11-26 19:58:01;UNIUSDT;30m;5.0;150;36;76;100.0;2;125.45;['-batch-training', '-calc-rsi', '-verbose', '-prediction-mode=index', '-interval-list=30m', '-range-min-rsi=28', '-range-max-rsi=80', '-range-p-ema=50,250', '-target-margin-list=1.0,1.5,2.0,2.5,3.0,3.5,4.0,4.5,5.0', '-log-level=WARNING']
2023-11-26 19:57:49;UNIUSDT;30m;5.0;150;36;74;100.0;2;125.45;['-batch-training', '-calc-rsi', '-verbose', '-prediction-mode=index', '-interval-list=30m', '-range-min-rsi=28', '-range-max-rsi=80', '-range-p-ema=50,250', '-target-margin-list=1.0,1.5,2.0,2.5,3.0,3.5,4.0,4.5,5.0', '-log-level=WARNING']
2023-11-26 20:01:50;UNIUSDT;30m;2.0;175;34;80;100.0;4;125.46;['-batch-training', '-calc-rsi', '-verbose', '-prediction-mode=index', '-interval-list=30m', '-range-min-rsi=28', '-range-max-rsi=80', '-range-p-ema=50,250', '-target-margin-list=1.0,1.5,2.0,2.5,3.0,3.5,4.0,4.5,5.0', '-log-level=WARNING']
2023-11-26 20:02:17;UNIUSDT;30m;2.5;175;34;74;100.0;4;125.47;['-batch-training', '-calc-rsi', '-verbose', '-prediction-mode=index', '-interval-list=30m', '-range-min-rsi=28', '-range-max-rsi=80', '-range-p-ema=50,250', '-target-margin-list=1.0,1.5,2.0,2.5,3.0,3.5,4.0,4.5,5.0', '-log-level=WARNING']
2023-11-26 20:12:46;UNIUSDT;30m;2.5;200;34;74;100.0;4;125.47;['-batch-training', '-calc-rsi', '-verbose', '-prediction-mode=index', '-interval-list=30m', '-range-min-rsi=28', '-range-max-rsi=80', '-range-p-ema=50,250', '-target-margin-list=1.0,1.5,2.0,2.5,3.0,3.5,4.0,4.5,5.0', '-log-level=WARNING']
2023-11-26 19:32:20;UNIUSDT;30m;3.5;100;36;80;100.0;4;125.48;['-batch-training', '-calc-rsi', '-verbose', '-prediction-mode=index', '-interval-list=30m', '-range-min-rsi=28', '-range-max-rsi=80', '-range-p-ema=50,250', '-target-margin-list=1.0,1.5,2.0,2.5,3.0,3.5,4.0,4.5,5.0', '-log-level=WARNING']
2023-11-26 19:43:51;UNIUSDT;30m;3.5;125;36;80;100.0;4;125.48;['-batch-training', '-calc-rsi', '-verbose', '-prediction-mode=index', '-interval-list=30m', '-range-min-rsi=28', '-range-max-rsi=80', '-range-p-ema=50,250', '-target-margin-list=1.0,1.5,2.0,2.5,3.0,3.5,4.0,4.5,5.0', '-log-level=WARNING']
2023-11-26 21:12:52;UNIUSDT;30m;3.5;75;36;80;100.0;4;125.48;['-batch-training', '-calc-rsi', '-verbose', '-prediction-mode=index', '-interval-list=30m', '-range-min-rsi=28', '-range-max-rsi=80', '-range-p-ema=50,250', '-target-margin-list=1.0,1.5,2.0,2.5,3.0,3.5,4.0,4.5,5.0', '-log-level=WARNING']
2023-11-26 20:57:07;UNIUSDT;30m;3.5;50;36;80;100.0;4;125.48;['-batch-training', '-calc-rsi', '-verbose', '-prediction-mode=index', '-interval-list=30m', '-range-min-rsi=28', '-range-max-rsi=80', '-range-p-ema=50,250', '-target-margin-list=1.0,1.5,2.0,2.5,3.0,3.5,4.0,4.5,5.0', '-log-level=WARNING']
2023-11-26 20:42:42;UNIUSDT;30m;3.5;250;36;80;100.0;2;125.5;['-batch-training', '-calc-rsi', '-verbose', '-prediction-mode=index', '-interval-list=30m', '-range-min-rsi=28', '-range-max-rsi=80', '-range-p-ema=50,250', '-target-margin-list=1.0,1.5,2.0,2.5,3.0,3.5,4.0,4.5,5.0', '-log-level=WARNING']
2023-11-26 20:00:18;UNIUSDT;30m;1.5;175;36;76;100.0;6;125.57;['-batch-training', '-calc-rsi', '-verbose', '-prediction-mode=index', '-interval-list=30m', '-range-min-rsi=28', '-range-max-rsi=80', '-range-p-ema=50,250', '-target-margin-list=1.0,1.5,2.0,2.5,3.0,3.5,4.0,4.5,5.0', '-log-level=WARNING']
2023-11-26 20:10:28;UNIUSDT;30m;1.5;200;36;76;100.0;6;125.59;['-batch-training', '-calc-rsi', '-verbose', '-prediction-mode=index', '-interval-list=30m', '-range-min-rsi=28', '-range-max-rsi=80', '-range-p-ema=50,250', '-target-margin-list=1.0,1.5,2.0,2.5,3.0,3.5,4.0,4.5,5.0', '-log-level=WARNING']
2023-11-26 20:02:30;UNIUSDT;30m;2.5;175;34;76;100.0;5;125.62;['-batch-training', '-calc-rsi', '-verbose', '-prediction-mode=index', '-interval-list=30m', '-range-min-rsi=28', '-range-max-rsi=80', '-range-p-ema=50,250', '-target-margin-list=1.0,1.5,2.0,2.5,3.0,3.5,4.0,4.5,5.0', '-log-level=WARNING']
2023-11-26 19:52:17;UNIUSDT;30m;2.5;150;34;76;100.0;5;125.62;['-batch-training', '-calc-rsi', '-verbose', '-prediction-mode=index', '-interval-list=30m', '-range-min-rsi=28', '-range-max-rsi=80', '-range-p-ema=50,250', '-target-margin-list=1.0,1.5,2.0,2.5,3.0,3.5,4.0,4.5,5.0', '-log-level=WARNING']
2023-11-26 19:29:32;UNIUSDT;30m;2.5;100;34;78;100.0;5;125.66;['-batch-training', '-calc-rsi', '-verbose', '-prediction-mode=index', '-interval-list=30m', '-range-min-rsi=28', '-range-max-rsi=80', '-range-p-ema=50,250', '-target-margin-list=1.0,1.5,2.0,2.5,3.0,3.5,4.0,4.5,5.0', '-log-level=WARNING']
2023-11-26 21:08:51;UNIUSDT;30m;2.5;75;34;78;100.0;5;125.66;['-batch-training', '-calc-rsi', '-verbose', '-prediction-mode=index', '-interval-list=30m', '-range-min-rsi=28', '-range-max-rsi=80', '-range-p-ema=50,250', '-target-margin-list=1.0,1.5,2.0,2.5,3.0,3.5,4.0,4.5,5.0', '-log-level=WARNING']
2023-11-26 19:41:01;UNIUSDT;30m;2.5;125;34;78;100.0;5;125.66;['-batch-training', '-calc-rsi', '-verbose', '-prediction-mode=index', '-interval-list=30m', '-range-min-rsi=28', '-range-max-rsi=80', '-range-p-ema=50,250', '-target-margin-list=1.0,1.5,2.0,2.5,3.0,3.5,4.0,4.5,5.0', '-log-level=WARNING']
2023-11-26 20:53:27;UNIUSDT;30m;2.5;50;34;78;100.0;5;125.66;['-batch-training', '-calc-rsi', '-verbose', '-prediction-mode=index', '-interval-list=30m', '-range-min-rsi=28', '-range-max-rsi=80', '-range-p-ema=50,250', '-target-margin-list=1.0,1.5,2.0,2.5,3.0,3.5,4.0,4.5,5.0', '-log-level=WARNING']
2023-11-26 19:26:14;UNIUSDT;30m;1.5;100;36;72;100.0;3;125.73;['-batch-training', '-calc-rsi', '-verbose', '-prediction-mode=index', '-interval-list=30m', '-range-min-rsi=28', '-range-max-rsi=80', '-range-p-ema=50,250', '-target-margin-list=1.0,1.5,2.0,2.5,3.0,3.5,4.0,4.5,5.0', '-log-level=WARNING']
2023-11-26 20:49:15;UNIUSDT;30m;1.5;50;36;72;100.0;3;125.73;['-batch-training', '-calc-rsi', '-verbose', '-prediction-mode=index', '-interval-list=30m', '-range-min-rsi=28', '-range-max-rsi=80', '-range-p-ema=50,250', '-target-margin-list=1.0,1.5,2.0,2.5,3.0,3.5,4.0,4.5,5.0', '-log-level=WARNING']
2023-11-26 19:37:42;UNIUSDT;30m;1.5;125;36;72;100.0;3;125.73;['-batch-training', '-calc-rsi', '-verbose', '-prediction-mode=index', '-interval-list=30m', '-range-min-rsi=28', '-range-max-rsi=80', '-range-p-ema=50,250', '-target-margin-list=1.0,1.5,2.0,2.5,3.0,3.5,4.0,4.5,5.0', '-log-level=WARNING']
2023-11-26 21:04:14;UNIUSDT;30m;1.5;75;36;72;100.0;3;125.73;['-batch-training', '-calc-rsi', '-verbose', '-prediction-mode=index', '-interval-list=30m', '-range-min-rsi=28', '-range-max-rsi=80', '-range-p-ema=50,250', '-target-margin-list=1.0,1.5,2.0,2.5,3.0,3.5,4.0,4.5,5.0', '-log-level=WARNING']
2023-11-26 19:49:27;UNIUSDT;30m;1.5;150;34;74;100.0;5;125.78;['-batch-training', '-calc-rsi', '-verbose', '-prediction-mode=index', '-interval-list=30m', '-range-min-rsi=28', '-range-max-rsi=80', '-range-p-ema=50,250', '-target-margin-list=1.0,1.5,2.0,2.5,3.0,3.5,4.0,4.5,5.0', '-log-level=WARNING']
2023-11-26 20:30:32;UNIUSDT;30m;4.0;225;32;80;100.0;3;125.82;['-batch-training', '-calc-rsi', '-verbose', '-prediction-mode=index', '-interval-list=30m', '-range-min-rsi=28', '-range-max-rsi=80', '-range-p-ema=50,250', '-target-margin-list=1.0,1.5,2.0,2.5,3.0,3.5,4.0,4.5,5.0', '-log-level=WARNING']
2023-11-26 20:06:13;UNIUSDT;30m;4.0;175;32;80;100.0;3;125.82;['-batch-training', '-calc-rsi', '-verbose', '-prediction-mode=index', '-interval-list=30m', '-range-min-rsi=28', '-range-max-rsi=80', '-range-p-ema=50,250', '-target-margin-list=1.0,1.5,2.0,2.5,3.0,3.5,4.0,4.5,5.0', '-log-level=WARNING']
2023-11-26 20:44:08;UNIUSDT;30m;4.0;250;32;80;100.0;3;125.82;['-batch-training', '-calc-rsi', '-verbose', '-prediction-mode=index', '-interval-list=30m', '-range-min-rsi=28', '-range-max-rsi=80', '-range-p-ema=50,250', '-target-margin-list=1.0,1.5,2.0,2.5,3.0,3.5,4.0,4.5,5.0', '-log-level=WARNING']
2023-11-26 19:56:07;UNIUSDT;30m;4.0;150;32;80;100.0;3;125.82;['-batch-training', '-calc-rsi', '-verbose', '-prediction-mode=index', '-interval-list=30m', '-range-min-rsi=28', '-range-max-rsi=80', '-range-p-ema=50,250', '-target-margin-list=1.0,1.5,2.0,2.5,3.0,3.5,4.0,4.5,5.0', '-log-level=WARNING']
2023-11-26 20:17:36;UNIUSDT;30m;4.0;200;32;80;100.0;3;125.82;['-batch-training', '-calc-rsi', '-verbose', '-prediction-mode=index', '-interval-list=30m', '-range-min-rsi=28', '-range-max-rsi=80', '-range-p-ema=50,250', '-target-margin-list=1.0,1.5,2.0,2.5,3.0,3.5,4.0,4.5,5.0', '-log-level=WARNING']
2023-11-26 20:24:58;UNIUSDT;30m;2.5;225;30;72;100.0;3;125.83;['-batch-training', '-calc-rsi', '-verbose', '-prediction-mode=index', '-interval-list=30m', '-range-min-rsi=28', '-range-max-rsi=80', '-range-p-ema=50,250', '-target-margin-list=1.0,1.5,2.0,2.5,3.0,3.5,4.0,4.5,5.0', '-log-level=WARNING']
2023-11-26 20:13:35;UNIUSDT;30m;2.5;200;34;80;100.0;4;125.85;['-batch-training', '-calc-rsi', '-verbose', '-prediction-mode=index', '-interval-list=30m', '-range-min-rsi=28', '-range-max-rsi=80', '-range-p-ema=50,250', '-target-margin-list=1.0,1.5,2.0,2.5,3.0,3.5,4.0,4.5,5.0', '-log-level=WARNING']
2023-11-26 20:40:43;UNIUSDT;30m;3.0;250;32;78;100.0;3;125.85;['-batch-training', '-calc-rsi', '-verbose', '-prediction-mode=index', '-interval-list=30m', '-range-min-rsi=28', '-range-max-rsi=80', '-range-p-ema=50,250', '-target-margin-list=1.0,1.5,2.0,2.5,3.0,3.5,4.0,4.5,5.0', '-log-level=WARNING']
2023-11-26 19:52:46;UNIUSDT;30m;2.5;150;34;80;100.0;4;125.85;['-batch-training', '-calc-rsi', '-verbose', '-prediction-mode=index', '-interval-list=30m', '-range-min-rsi=28', '-range-max-rsi=80', '-range-p-ema=50,250', '-target-margin-list=1.0,1.5,2.0,2.5,3.0,3.5,4.0,4.5,5.0', '-log-level=WARNING']
2023-11-26 19:51:31;UNIUSDT;30m;2.0;150;34;80;100.0;4;125.85;['-batch-training', '-calc-rsi', '-verbose', '-prediction-mode=index', '-interval-list=30m', '-range-min-rsi=28', '-range-max-rsi=80', '-range-p-ema=50,250', '-target-margin-list=1.0,1.5,2.0,2.5,3.0,3.5,4.0,4.5,5.0', '-log-level=WARNING']
2023-11-26 20:02:58;UNIUSDT;30m;2.5;175;34;80;100.0;4;125.85;['-batch-training', '-calc-rsi', '-verbose', '-prediction-mode=index', '-interval-list=30m', '-range-min-rsi=28', '-range-max-rsi=80', '-range-p-ema=50,250', '-target-margin-list=1.0,1.5,2.0,2.5,3.0,3.5,4.0,4.5,5.0', '-log-level=WARNING']
2023-11-26 20:35:25;UNIUSDT;30m;1.5;250;36;72;100.0;7;125.86;['-batch-training', '-calc-rsi', '-verbose', '-prediction-mode=index', '-interval-list=30m', '-range-min-rsi=28', '-range-max-rsi=80', '-range-p-ema=50,250', '-target-margin-list=1.0,1.5,2.0,2.5,3.0,3.5,4.0,4.5,5.0', '-log-level=WARNING']
2023-11-26 20:12:31;UNIUSDT;30m;2.5;200;34;72;100.0;7;125.88;['-batch-training', '-calc-rsi', '-verbose', '-prediction-mode=index', '-interval-list=30m', '-range-min-rsi=28', '-range-max-rsi=80', '-range-p-ema=50,250', '-target-margin-list=1.0,1.5,2.0,2.5,3.0,3.5,4.0,4.5,5.0', '-log-level=WARNING']
2023-11-26 19:38:58;UNIUSDT;30m;2.0;125;34;72;100.0;5;125.9;['-batch-training', '-calc-rsi', '-verbose', '-prediction-mode=index', '-interval-list=30m', '-range-min-rsi=28', '-range-max-rsi=80', '-range-p-ema=50,250', '-target-margin-list=1.0,1.5,2.0,2.5,3.0,3.5,4.0,4.5,5.0', '-log-level=WARNING']
2023-11-26 19:27:28;UNIUSDT;30m;2.0;100;34;72;100.0;5;125.9;['-batch-training', '-calc-rsi', '-verbose', '-prediction-mode=index', '-interval-list=30m', '-range-min-rsi=28', '-range-max-rsi=80', '-range-p-ema=50,250', '-target-margin-list=1.0,1.5,2.0,2.5,3.0,3.5,4.0,4.5,5.0', '-log-level=WARNING']
2023-11-26 21:05:58;UNIUSDT;30m;2.0;75;34;72;100.0;5;125.9;['-batch-training', '-calc-rsi', '-verbose', '-prediction-mode=index', '-interval-list=30m', '-range-min-rsi=28', '-range-max-rsi=80', '-range-p-ema=50,250', '-target-margin-list=1.0,1.5,2.0,2.5,3.0,3.5,4.0,4.5,5.0', '-log-level=WARNING']
2023-11-26 20:50:49;UNIUSDT;30m;2.0;50;34;72;100.0;5;125.9;['-batch-training', '-calc-rsi', '-verbose', '-prediction-mode=index', '-interval-list=30m', '-range-min-rsi=28', '-range-max-rsi=80', '-range-p-ema=50,250', '-target-margin-list=1.0,1.5,2.0,2.5,3.0,3.5,4.0,4.5,5.0', '-log-level=WARNING']
2023-11-26 20:12:28;UNIUSDT;30m;2.5;200;32;72;100.0;7;125.99;['-batch-training', '-calc-rsi', '-verbose', '-prediction-mode=index', '-interval-list=30m', '-range-min-rsi=28', '-range-max-rsi=80', '-range-p-ema=50,250', '-target-margin-list=1.0,1.5,2.0,2.5,3.0,3.5,4.0,4.5,5.0', '-log-level=WARNING']
2023-11-26 20:25:02;UNIUSDT;30m;2.5;225;32;72;100.0;7;125.99;['-batch-training', '-calc-rsi', '-verbose', '-prediction-mode=index', '-interval-list=30m', '-range-min-rsi=28', '-range-max-rsi=80', '-range-p-ema=50,250', '-target-margin-list=1.0,1.5,2.0,2.5,3.0,3.5,4.0,4.5,5.0', '-log-level=WARNING']
2023-11-26 20:27:44;UNIUSDT;30m;3.0;225;36;80;100.0;3;126.01;['-batch-training', '-calc-rsi', '-verbose', '-prediction-mode=index', '-interval-list=30m', '-range-min-rsi=28', '-range-max-rsi=80', '-range-p-ema=50,250', '-target-margin-list=1.0,1.5,2.0,2.5,3.0,3.5,4.0,4.5,5.0', '-log-level=WARNING']
2023-11-26 21:12:21;UNIUSDT;30m;3.5;75;32;78;100.0;3;126.12;['-batch-training', '-calc-rsi', '-verbose', '-prediction-mode=index', '-interval-list=30m', '-range-min-rsi=28', '-range-max-rsi=80', '-range-p-ema=50,250', '-target-margin-list=1.0,1.5,2.0,2.5,3.0,3.5,4.0,4.5,5.0', '-log-level=WARNING']
2023-11-26 19:43:30;UNIUSDT;30m;3.5;125;32;78;100.0;3;126.12;['-batch-training', '-calc-rsi', '-verbose', '-prediction-mode=index', '-interval-list=30m', '-range-min-rsi=28', '-range-max-rsi=80', '-range-p-ema=50,250', '-target-margin-list=1.0,1.5,2.0,2.5,3.0,3.5,4.0,4.5,5.0', '-log-level=WARNING']
2023-11-26 20:56:39;UNIUSDT;30m;3.5;50;32;78;100.0;3;126.12;['-batch-training', '-calc-rsi', '-verbose', '-prediction-mode=index', '-interval-list=30m', '-range-min-rsi=28', '-range-max-rsi=80', '-range-p-ema=50,250', '-target-margin-list=1.0,1.5,2.0,2.5,3.0,3.5,4.0,4.5,5.0', '-log-level=WARNING']
2023-11-26 20:12:15;UNIUSDT;30m;2.0;200;34;80;100.0;4;126.12;['-batch-training', '-calc-rsi', '-verbose', '-prediction-mode=index', '-interval-list=30m', '-range-min-rsi=28', '-range-max-rsi=80', '-range-p-ema=50,250', '-target-margin-list=1.0,1.5,2.0,2.5,3.0,3.5,4.0,4.5,5.0', '-log-level=WARNING']
2023-11-26 19:32:00;UNIUSDT;30m;3.5;100;32;78;100.0;3;126.12;['-batch-training', '-calc-rsi', '-verbose', '-prediction-mode=index', '-interval-list=30m', '-range-min-rsi=28', '-range-max-rsi=80', '-range-p-ema=50,250', '-target-margin-list=1.0,1.5,2.0,2.5,3.0,3.5,4.0,4.5,5.0', '-log-level=WARNING']
2023-11-26 20:55:29;UNIUSDT;30m;3.0;50;36;80;100.0;2;126.16;['-batch-training', '-calc-rsi', '-verbose', '-prediction-mode=index', '-interval-list=30m', '-range-min-rsi=28', '-range-max-rsi=80', '-range-p-ema=50,250', '-target-margin-list=1.0,1.5,2.0,2.5,3.0,3.5,4.0,4.5,5.0', '-log-level=WARNING']
2023-11-26 21:11:04;UNIUSDT;30m;3.0;75;36;80;100.0;2;126.16;['-batch-training', '-calc-rsi', '-verbose', '-prediction-mode=index', '-interval-list=30m', '-range-min-rsi=28', '-range-max-rsi=80', '-range-p-ema=50,250', '-target-margin-list=1.0,1.5,2.0,2.5,3.0,3.5,4.0,4.5,5.0', '-log-level=WARNING']
2023-11-26 20:42:17;UNIUSDT;30m;3.5;250;32;78;100.0;3;126.2;['-batch-training', '-calc-rsi', '-verbose', '-prediction-mode=index', '-interval-list=30m', '-range-min-rsi=28', '-range-max-rsi=80', '-range-p-ema=50,250', '-target-margin-list=1.0,1.5,2.0,2.5,3.0,3.5,4.0,4.5,5.0', '-log-level=WARNING']
2023-11-26 19:56:46;UNIUSDT;30m;4.5;150;30;76;100.0;2;126.21;['-batch-training', '-calc-rsi', '-verbose', '-prediction-mode=index', '-interval-list=30m', '-range-min-rsi=28', '-range-max-rsi=80', '-range-p-ema=50,250', '-target-margin-list=1.0,1.5,2.0,2.5,3.0,3.5,4.0,4.5,5.0', '-log-level=WARNING']
2023-11-26 20:44:59;UNIUSDT;30m;4.5;250;30;76;100.0;2;126.21;['-batch-training', '-calc-rsi', '-verbose', '-prediction-mode=index', '-interval-list=30m', '-range-min-rsi=28', '-range-max-rsi=80', '-range-p-ema=50,250', '-target-margin-list=1.0,1.5,2.0,2.5,3.0,3.5,4.0,4.5,5.0', '-log-level=WARNING']
2023-11-26 20:06:50;UNIUSDT;30m;4.5;175;30;76;100.0;2;126.21;['-batch-training', '-calc-rsi', '-verbose', '-prediction-mode=index', '-interval-list=30m', '-range-min-rsi=28', '-range-max-rsi=80', '-range-p-ema=50,250', '-target-margin-list=1.0,1.5,2.0,2.5,3.0,3.5,4.0,4.5,5.0', '-log-level=WARNING']
2023-11-26 20:31:21;UNIUSDT;30m;4.5;225;30;76;100.0;2;126.21;['-batch-training', '-calc-rsi', '-verbose', '-prediction-mode=index', '-interval-list=30m', '-range-min-rsi=28', '-range-max-rsi=80', '-range-p-ema=50,250', '-target-margin-list=1.0,1.5,2.0,2.5,3.0,3.5,4.0,4.5,5.0', '-log-level=WARNING']
2023-11-26 20:59:35;UNIUSDT;30m;4.5;50;30;76;100.0;2;126.21;['-batch-training', '-calc-rsi', '-verbose', '-prediction-mode=index', '-interval-list=30m', '-range-min-rsi=28', '-range-max-rsi=80', '-range-p-ema=50,250', '-target-margin-list=1.0,1.5,2.0,2.5,3.0,3.5,4.0,4.5,5.0', '-log-level=WARNING']
2023-11-26 19:34:09;UNIUSDT;30m;4.5;100;30;76;100.0;2;126.21;['-batch-training', '-calc-rsi', '-verbose', '-prediction-mode=index', '-interval-list=30m', '-range-min-rsi=28', '-range-max-rsi=80', '-range-p-ema=50,250', '-target-margin-list=1.0,1.5,2.0,2.5,3.0,3.5,4.0,4.5,5.0', '-log-level=WARNING']
2023-11-26 19:45:43;UNIUSDT;30m;4.5;125;30;76;100.0;2;126.21;['-batch-training', '-calc-rsi', '-verbose', '-prediction-mode=index', '-interval-list=30m', '-range-min-rsi=28', '-range-max-rsi=80', '-range-p-ema=50,250', '-target-margin-list=1.0,1.5,2.0,2.5,3.0,3.5,4.0,4.5,5.0', '-log-level=WARNING']
2023-11-26 21:15:09;UNIUSDT;30m;4.5;75;30;76;100.0;2;126.21;['-batch-training', '-calc-rsi', '-verbose', '-prediction-mode=index', '-interval-list=30m', '-range-min-rsi=28', '-range-max-rsi=80', '-range-p-ema=50,250', '-target-margin-list=1.0,1.5,2.0,2.5,3.0,3.5,4.0,4.5,5.0', '-log-level=WARNING']
2023-11-26 20:18:23;UNIUSDT;30m;4.5;200;30;76;100.0;2;126.21;['-batch-training', '-calc-rsi', '-verbose', '-prediction-mode=index', '-interval-list=30m', '-range-min-rsi=28', '-range-max-rsi=80', '-range-p-ema=50,250', '-target-margin-list=1.0,1.5,2.0,2.5,3.0,3.5,4.0,4.5,5.0', '-log-level=WARNING']
2023-11-26 20:41:03;UNIUSDT;30m;3.0;250;32;80;100.0;3;126.22;['-batch-training', '-calc-rsi', '-verbose', '-prediction-mode=index', '-interval-list=30m', '-range-min-rsi=28', '-range-max-rsi=80', '-range-p-ema=50,250', '-target-margin-list=1.0,1.5,2.0,2.5,3.0,3.5,4.0,4.5,5.0', '-log-level=WARNING']
2023-11-26 20:04:00;UNIUSDT;30m;3.0;175;32;80;100.0;3;126.22;['-batch-training', '-calc-rsi', '-verbose', '-prediction-mode=index', '-interval-list=30m', '-range-min-rsi=28', '-range-max-rsi=80', '-range-p-ema=50,250', '-target-margin-list=1.0,1.5,2.0,2.5,3.0,3.5,4.0,4.5,5.0', '-log-level=WARNING']
2023-11-26 20:27:37;UNIUSDT;30m;3.0;225;32;80;100.0;3;126.22;['-batch-training', '-calc-rsi', '-verbose', '-prediction-mode=index', '-interval-list=30m', '-range-min-rsi=28', '-range-max-rsi=80', '-range-p-ema=50,250', '-target-margin-list=1.0,1.5,2.0,2.5,3.0,3.5,4.0,4.5,5.0', '-log-level=WARNING']
2023-11-26 20:14:53;UNIUSDT;30m;3.0;200;32;80;100.0;3;126.22;['-batch-training', '-calc-rsi', '-verbose', '-prediction-mode=index', '-interval-list=30m', '-range-min-rsi=28', '-range-max-rsi=80', '-range-p-ema=50,250', '-target-margin-list=1.0,1.5,2.0,2.5,3.0,3.5,4.0,4.5,5.0', '-log-level=WARNING']
2023-11-26 20:08:04;UNIUSDT;30m;5.0;175;36;76;100.0;2;126.23;['-batch-training', '-calc-rsi', '-verbose', '-prediction-mode=index', '-interval-list=30m', '-range-min-rsi=28', '-range-max-rsi=80', '-range-p-ema=50,250', '-target-margin-list=1.0,1.5,2.0,2.5,3.0,3.5,4.0,4.5,5.0', '-log-level=WARNING']
2023-11-26 20:19:40;UNIUSDT;30m;5.0;200;36;74;100.0;2;126.23;['-batch-training', '-calc-rsi', '-verbose', '-prediction-mode=index', '-interval-list=30m', '-range-min-rsi=28', '-range-max-rsi=80', '-range-p-ema=50,250', '-target-margin-list=1.0,1.5,2.0,2.5,3.0,3.5,4.0,4.5,5.0', '-log-level=WARNING']
2023-11-26 20:19:57;UNIUSDT;30m;5.0;200;36;76;100.0;2;126.23;['-batch-training', '-calc-rsi', '-verbose', '-prediction-mode=index', '-interval-list=30m', '-range-min-rsi=28', '-range-max-rsi=80', '-range-p-ema=50,250', '-target-margin-list=1.0,1.5,2.0,2.5,3.0,3.5,4.0,4.5,5.0', '-log-level=WARNING']
2023-11-26 20:07:50;UNIUSDT;30m;5.0;175;36;74;100.0;2;126.23;['-batch-training', '-calc-rsi', '-verbose', '-prediction-mode=index', '-interval-list=30m', '-range-min-rsi=28', '-range-max-rsi=80', '-range-p-ema=50,250', '-target-margin-list=1.0,1.5,2.0,2.5,3.0,3.5,4.0,4.5,5.0', '-log-level=WARNING']
2023-11-26 20:02:41;UNIUSDT;30m;2.5;175;32;78;100.0;3;126.27;['-batch-training', '-calc-rsi', '-verbose', '-prediction-mode=index', '-interval-list=30m', '-range-min-rsi=28', '-range-max-rsi=80', '-range-p-ema=50,250', '-target-margin-list=1.0,1.5,2.0,2.5,3.0,3.5,4.0,4.5,5.0', '-log-level=WARNING']
2023-11-26 19:52:29;UNIUSDT;30m;2.5;150;32;78;100.0;3;126.27;['-batch-training', '-calc-rsi', '-verbose', '-prediction-mode=index', '-interval-list=30m', '-range-min-rsi=28', '-range-max-rsi=80', '-range-p-ema=50,250', '-target-margin-list=1.0,1.5,2.0,2.5,3.0,3.5,4.0,4.5,5.0', '-log-level=WARNING']
2023-11-26 20:01:23;UNIUSDT;30m;2.0;175;34;76;100.0;3;126.27;['-batch-training', '-calc-rsi', '-verbose', '-prediction-mode=index', '-interval-list=30m', '-range-min-rsi=28', '-range-max-rsi=80', '-range-p-ema=50,250', '-target-margin-list=1.0,1.5,2.0,2.5,3.0,3.5,4.0,4.5,5.0', '-log-level=WARNING']
2023-11-26 19:51:47;UNIUSDT;30m;2.5;150;34;72;100.0;7;126.29;['-batch-training', '-calc-rsi', '-verbose', '-prediction-mode=index', '-interval-list=30m', '-range-min-rsi=28', '-range-max-rsi=80', '-range-p-ema=50,250', '-target-margin-list=1.0,1.5,2.0,2.5,3.0,3.5,4.0,4.5,5.0', '-log-level=WARNING']
2023-11-26 19:58:12;UNIUSDT;30m;5.0;150;34;78;100.0;2;126.29;['-batch-training', '-calc-rsi', '-verbose', '-prediction-mode=index', '-interval-list=30m', '-range-min-rsi=28', '-range-max-rsi=80', '-range-p-ema=50,250', '-target-margin-list=1.0,1.5,2.0,2.5,3.0,3.5,4.0,4.5,5.0', '-log-level=WARNING']
2023-11-26 19:27:28;UNIUSDT;30m;2.0;100;34;72;100.0;2;126.32;['-batch-training', '-calc-rsi', '-verbose', '-prediction-mode=index', '-interval-list=30m', '-range-min-rsi=28', '-range-max-rsi=80', '-range-p-ema=50,250', '-target-margin-list=1.0,1.5,2.0,2.5,3.0,3.5,4.0,4.5,5.0', '-log-level=WARNING']
2023-11-26 19:38:57;UNIUSDT;30m;2.0;125;34;72;100.0;2;126.32;['-batch-training', '-calc-rsi', '-verbose', '-prediction-mode=index', '-interval-list=30m', '-range-min-rsi=28', '-range-max-rsi=80', '-range-p-ema=50,250', '-target-margin-list=1.0,1.5,2.0,2.5,3.0,3.5,4.0,4.5,5.0', '-log-level=WARNING']
2023-11-26 21:05:57;UNIUSDT;30m;2.0;75;34;72;100.0;2;126.32;['-batch-training', '-calc-rsi', '-verbose', '-prediction-mode=index', '-interval-list=30m', '-range-min-rsi=28', '-range-max-rsi=80', '-range-p-ema=50,250', '-target-margin-list=1.0,1.5,2.0,2.5,3.0,3.5,4.0,4.5,5.0', '-log-level=WARNING']
2023-11-26 20:50:48;UNIUSDT;30m;2.0;50;34;72;100.0;2;126.32;['-batch-training', '-calc-rsi', '-verbose', '-prediction-mode=index', '-interval-list=30m', '-range-min-rsi=28', '-range-max-rsi=80', '-range-p-ema=50,250', '-target-margin-list=1.0,1.5,2.0,2.5,3.0,3.5,4.0,4.5,5.0', '-log-level=WARNING']
2023-11-26 20:22:33;UNIUSDT;30m;1.5;225;36;74;100.0;6;126.4;['-batch-training', '-calc-rsi', '-verbose', '-prediction-mode=index', '-interval-list=30m', '-range-min-rsi=28', '-range-max-rsi=80', '-range-p-ema=50,250', '-target-margin-list=1.0,1.5,2.0,2.5,3.0,3.5,4.0,4.5,5.0', '-log-level=WARNING']
2023-11-26 20:12:43;UNIUSDT;30m;2.5;200;32;74;100.0;2;126.43;['-batch-training', '-calc-rsi', '-verbose', '-prediction-mode=index', '-interval-list=30m', '-range-min-rsi=28', '-range-max-rsi=80', '-range-p-ema=50,250', '-target-margin-list=1.0,1.5,2.0,2.5,3.0,3.5,4.0,4.5,5.0', '-log-level=WARNING']
2023-11-26 20:25:19;UNIUSDT;30m;2.5;225;32;74;100.0;2;126.43;['-batch-training', '-calc-rsi', '-verbose', '-prediction-mode=index', '-interval-list=30m', '-range-min-rsi=28', '-range-max-rsi=80', '-range-p-ema=50,250', '-target-margin-list=1.0,1.5,2.0,2.5,3.0,3.5,4.0,4.5,5.0', '-log-level=WARNING']
2023-11-26 19:55:05;UNIUSDT;30m;3.5;150;36;80;100.0;3;126.52;['-batch-training', '-calc-rsi', '-verbose', '-prediction-mode=index', '-interval-list=30m', '-range-min-rsi=28', '-range-max-rsi=80', '-range-p-ema=50,250', '-target-margin-list=1.0,1.5,2.0,2.5,3.0,3.5,4.0,4.5,5.0', '-log-level=WARNING']
2023-11-26 20:23:56;UNIUSDT;30m;2.0;225;34;74;100.0;6;126.54;['-batch-training', '-calc-rsi', '-verbose', '-prediction-mode=index', '-interval-list=30m', '-range-min-rsi=28', '-range-max-rsi=80', '-range-p-ema=50,250', '-target-margin-list=1.0,1.5,2.0,2.5,3.0,3.5,4.0,4.5,5.0', '-log-level=WARNING']
2023-11-26 20:27:41;UNIUSDT;30m;3.0;225;34;80;100.0;3;126.56;['-batch-training', '-calc-rsi', '-verbose', '-prediction-mode=index', '-interval-list=30m', '-range-min-rsi=28', '-range-max-rsi=80', '-range-p-ema=50,250', '-target-margin-list=1.0,1.5,2.0,2.5,3.0,3.5,4.0,4.5,5.0', '-log-level=WARNING']
2023-11-26 20:40:47;UNIUSDT;30m;3.0;250;34;78;100.0;4;126.57;['-batch-training', '-calc-rsi', '-verbose', '-prediction-mode=index', '-interval-list=30m', '-range-min-rsi=28', '-range-max-rsi=80', '-range-p-ema=50,250', '-target-margin-list=1.0,1.5,2.0,2.5,3.0,3.5,4.0,4.5,5.0', '-log-level=WARNING']
2023-11-26 20:14:36;UNIUSDT;30m;3.0;200;32;78;100.0;2;126.57;['-batch-training', '-calc-rsi', '-verbose', '-prediction-mode=index', '-interval-list=30m', '-range-min-rsi=28', '-range-max-rsi=80', '-range-p-ema=50,250', '-target-margin-list=1.0,1.5,2.0,2.5,3.0,3.5,4.0,4.5,5.0', '-log-level=WARNING']
2023-11-26 20:27:20;UNIUSDT;30m;3.0;225;32;78;100.0;2;126.57;['-batch-training', '-calc-rsi', '-verbose', '-prediction-mode=index', '-interval-list=30m', '-range-min-rsi=28', '-range-max-rsi=80', '-range-p-ema=50,250', '-target-margin-list=1.0,1.5,2.0,2.5,3.0,3.5,4.0,4.5,5.0', '-log-level=WARNING']
2023-11-26 20:03:47;UNIUSDT;30m;3.0;175;32;78;100.0;2;126.57;['-batch-training', '-calc-rsi', '-verbose', '-prediction-mode=index', '-interval-list=30m', '-range-min-rsi=28', '-range-max-rsi=80', '-range-p-ema=50,250', '-target-margin-list=1.0,1.5,2.0,2.5,3.0,3.5,4.0,4.5,5.0', '-log-level=WARNING']
2023-11-26 20:40:43;UNIUSDT;30m;3.0;250;32;78;100.0;2;126.57;['-batch-training', '-calc-rsi', '-verbose', '-prediction-mode=index', '-interval-list=30m', '-range-min-rsi=28', '-range-max-rsi=80', '-range-p-ema=50,250', '-target-margin-list=1.0,1.5,2.0,2.5,3.0,3.5,4.0,4.5,5.0', '-log-level=WARNING']
2023-11-26 19:57:11;UNIUSDT;30m;4.5;150;28;80;100.0;2;126.58;['-batch-training', '-calc-rsi', '-verbose', '-prediction-mode=index', '-interval-list=30m', '-range-min-rsi=28', '-range-max-rsi=80', '-range-p-ema=50,250', '-target-margin-list=1.0,1.5,2.0,2.5,3.0,3.5,4.0,4.5,5.0', '-log-level=WARNING']
2023-11-26 20:31:53;UNIUSDT;30m;4.5;225;28;80;100.0;2;126.58;['-batch-training', '-calc-rsi', '-verbose', '-prediction-mode=index', '-interval-list=30m', '-range-min-rsi=28', '-range-max-rsi=80', '-range-p-ema=50,250', '-target-margin-list=1.0,1.5,2.0,2.5,3.0,3.5,4.0,4.5,5.0', '-log-level=WARNING']
2023-11-26 19:46:11;UNIUSDT;30m;4.5;125;28;80;100.0;2;126.58;['-batch-training', '-calc-rsi', '-verbose', '-prediction-mode=index', '-interval-list=30m', '-range-min-rsi=28', '-range-max-rsi=80', '-range-p-ema=50,250', '-target-margin-list=1.0,1.5,2.0,2.5,3.0,3.5,4.0,4.5,5.0', '-log-level=WARNING']
2023-11-26 19:34:36;UNIUSDT;30m;4.5;100;28;80;100.0;2;126.58;['-batch-training', '-calc-rsi', '-verbose', '-prediction-mode=index', '-interval-list=30m', '-range-min-rsi=28', '-range-max-rsi=80', '-range-p-ema=50,250', '-target-margin-list=1.0,1.5,2.0,2.5,3.0,3.5,4.0,4.5,5.0', '-log-level=WARNING']
2023-11-26 20:45:33;UNIUSDT;30m;4.5;250;28;80;100.0;2;126.58;['-batch-training', '-calc-rsi', '-verbose', '-prediction-mode=index', '-interval-list=30m', '-range-min-rsi=28', '-range-max-rsi=80', '-range-p-ema=50,250', '-target-margin-list=1.0,1.5,2.0,2.5,3.0,3.5,4.0,4.5,5.0', '-log-level=WARNING']
2023-11-26 20:07:13;UNIUSDT;30m;4.5;175;28;80;100.0;2;126.58;['-batch-training', '-calc-rsi', '-verbose', '-prediction-mode=index', '-interval-list=30m', '-range-min-rsi=28', '-range-max-rsi=80', '-range-p-ema=50,250', '-target-margin-list=1.0,1.5,2.0,2.5,3.0,3.5,4.0,4.5,5.0', '-log-level=WARNING']
2023-11-26 21:00:11;UNIUSDT;30m;4.5;50;28;80;100.0;2;126.58;['-batch-training', '-calc-rsi', '-verbose', '-prediction-mode=index', '-interval-list=30m', '-range-min-rsi=28', '-range-max-rsi=80', '-range-p-ema=50,250', '-target-margin-list=1.0,1.5,2.0,2.5,3.0,3.5,4.0,4.5,5.0', '-log-level=WARNING']
2023-11-26 20:18:52;UNIUSDT;30m;4.5;200;28;80;100.0;2;126.58;['-batch-training', '-calc-rsi', '-verbose', '-prediction-mode=index', '-interval-list=30m', '-range-min-rsi=28', '-range-max-rsi=80', '-range-p-ema=50,250', '-target-margin-list=1.0,1.5,2.0,2.5,3.0,3.5,4.0,4.5,5.0', '-log-level=WARNING']
2023-11-26 21:15:39;UNIUSDT;30m;4.5;75;28;80;100.0;2;126.58;['-batch-training', '-calc-rsi', '-verbose', '-prediction-mode=index', '-interval-list=30m', '-range-min-rsi=28', '-range-max-rsi=80', '-range-p-ema=50,250', '-target-margin-list=1.0,1.5,2.0,2.5,3.0,3.5,4.0,4.5,5.0', '-log-level=WARNING']
2023-11-26 20:38:13;UNIUSDT;30m;2.5;250;30;72;100.0;3;126.6;['-batch-training', '-calc-rsi', '-verbose', '-prediction-mode=index', '-interval-list=30m', '-range-min-rsi=28', '-range-max-rsi=80', '-range-p-ema=50,250', '-target-margin-list=1.0,1.5,2.0,2.5,3.0,3.5,4.0,4.5,5.0', '-log-level=WARNING']
2023-11-26 20:03:10;UNIUSDT;30m;3.0;175;34;72;100.0;6;126.62;['-batch-training', '-calc-rsi', '-verbose', '-prediction-mode=index', '-interval-list=30m', '-range-min-rsi=28', '-range-max-rsi=80', '-range-p-ema=50,250', '-target-margin-list=1.0,1.5,2.0,2.5,3.0,3.5,4.0,4.5,5.0', '-log-level=WARNING']
2023-11-26 20:13:51;UNIUSDT;30m;3.0;200;34;72;100.0;6;126.62;['-batch-training', '-calc-rsi', '-verbose', '-prediction-mode=index', '-interval-list=30m', '-range-min-rsi=28', '-range-max-rsi=80', '-range-p-ema=50,250', '-target-margin-list=1.0,1.5,2.0,2.5,3.0,3.5,4.0,4.5,5.0', '-log-level=WARNING']
2023-11-26 19:51:00;UNIUSDT;30m;2.0;150;34;76;100.0;3;126.66;['-batch-training', '-calc-rsi', '-verbose', '-prediction-mode=index', '-interval-list=30m', '-range-min-rsi=28', '-range-max-rsi=80', '-range-p-ema=50,250', '-target-margin-list=1.0,1.5,2.0,2.5,3.0,3.5,4.0,4.5,5.0', '-log-level=WARNING']
2023-11-26 19:53:03;UNIUSDT;30m;3.0;150;36;72;100.0;4;126.69;['-batch-training', '-calc-rsi', '-verbose', '-prediction-mode=index', '-interval-list=30m', '-range-min-rsi=28', '-range-max-rsi=80', '-range-p-ema=50,250', '-target-margin-list=1.0,1.5,2.0,2.5,3.0,3.5,4.0,4.5,5.0', '-log-level=WARNING']
2023-11-26 21:12:52;UNIUSDT;30m;3.5;75;36;80;100.0;2;126.7;['-batch-training', '-calc-rsi', '-verbose', '-prediction-mode=index', '-interval-list=30m', '-range-min-rsi=28', '-range-max-rsi=80', '-range-p-ema=50,250', '-target-margin-list=1.0,1.5,2.0,2.5,3.0,3.5,4.0,4.5,5.0', '-log-level=WARNING']
2023-11-26 20:52:07;UNIUSDT;30m;2.0;50;34;80;100.0;5;126.7;['-batch-training', '-calc-rsi', '-verbose', '-prediction-mode=index', '-interval-list=30m', '-range-min-rsi=28', '-range-max-rsi=80', '-range-p-ema=50,250', '-target-margin-list=1.0,1.5,2.0,2.5,3.0,3.5,4.0,4.5,5.0', '-log-level=WARNING']
2023-11-26 19:40:00;UNIUSDT;30m;2.0;125;34;80;100.0;5;126.7;['-batch-training', '-calc-rsi', '-verbose', '-prediction-mode=index', '-interval-list=30m', '-range-min-rsi=28', '-range-max-rsi=80', '-range-p-ema=50,250', '-target-margin-list=1.0,1.5,2.0,2.5,3.0,3.5,4.0,4.5,5.0', '-log-level=WARNING']
2023-11-26 19:28:31;UNIUSDT;30m;2.0;100;34;80;100.0;5;126.7;['-batch-training', '-calc-rsi', '-verbose', '-prediction-mode=index', '-interval-list=30m', '-range-min-rsi=28', '-range-max-rsi=80', '-range-p-ema=50,250', '-target-margin-list=1.0,1.5,2.0,2.5,3.0,3.5,4.0,4.5,5.0', '-log-level=WARNING']
2023-11-26 20:57:07;UNIUSDT;30m;3.5;50;36;80;100.0;2;126.7;['-batch-training', '-calc-rsi', '-verbose', '-prediction-mode=index', '-interval-list=30m', '-range-min-rsi=28', '-range-max-rsi=80', '-range-p-ema=50,250', '-target-margin-list=1.0,1.5,2.0,2.5,3.0,3.5,4.0,4.5,5.0', '-log-level=WARNING']
2023-11-26 21:07:25;UNIUSDT;30m;2.0;75;34;80;100.0;5;126.7;['-batch-training', '-calc-rsi', '-verbose', '-prediction-mode=index', '-interval-list=30m', '-range-min-rsi=28', '-range-max-rsi=80', '-range-p-ema=50,250', '-target-margin-list=1.0,1.5,2.0,2.5,3.0,3.5,4.0,4.5,5.0', '-log-level=WARNING']
2023-11-26 21:02:08;UNIUSDT;30m;5.0;50;36;80;100.0;2;126.71;['-batch-training', '-calc-rsi', '-verbose', '-prediction-mode=index', '-interval-list=30m', '-range-min-rsi=28', '-range-max-rsi=80', '-range-p-ema=50,250', '-target-margin-list=1.0,1.5,2.0,2.5,3.0,3.5,4.0,4.5,5.0', '-log-level=WARNING']
2023-11-26 20:26:00;UNIUSDT;30m;2.5;225;36;78;100.0;3;126.71;['-batch-training', '-calc-rsi', '-verbose', '-prediction-mode=index', '-interval-list=30m', '-range-min-rsi=28', '-range-max-rsi=80', '-range-p-ema=50,250', '-target-margin-list=1.0,1.5,2.0,2.5,3.0,3.5,4.0,4.5,5.0', '-log-level=WARNING']
2023-11-26 21:17:18;UNIUSDT;30m;5.0;75;36;80;100.0;2;126.71;['-batch-training', '-calc-rsi', '-verbose', '-prediction-mode=index', '-interval-list=30m', '-range-min-rsi=28', '-range-max-rsi=80', '-range-p-ema=50,250', '-target-margin-list=1.0,1.5,2.0,2.5,3.0,3.5,4.0,4.5,5.0', '-log-level=WARNING']
2023-11-26 20:27:06;UNIUSDT;30m;3.0;225;34;76;100.0;4;126.71;['-batch-training', '-calc-rsi', '-verbose', '-prediction-mode=index', '-interval-list=30m', '-range-min-rsi=28', '-range-max-rsi=80', '-range-p-ema=50,250', '-target-margin-list=1.0,1.5,2.0,2.5,3.0,3.5,4.0,4.5,5.0', '-log-level=WARNING']
2023-11-26 20:38:17;UNIUSDT;30m;2.5;250;32;72;100.0;7;126.75;['-batch-training', '-calc-rsi', '-verbose', '-prediction-mode=index', '-interval-list=30m', '-range-min-rsi=28', '-range-max-rsi=80', '-range-p-ema=50,250', '-target-margin-list=1.0,1.5,2.0,2.5,3.0,3.5,4.0,4.5,5.0', '-log-level=WARNING']
2023-11-26 19:37:39;UNIUSDT;30m;1.5;125;34;72;100.0;5;126.79;['-batch-training', '-calc-rsi', '-verbose', '-prediction-mode=index', '-interval-list=30m', '-range-min-rsi=28', '-range-max-rsi=80', '-range-p-ema=50,250', '-target-margin-list=1.0,1.5,2.0,2.5,3.0,3.5,4.0,4.5,5.0', '-log-level=WARNING']
2023-11-26 20:49:12;UNIUSDT;30m;1.5;50;34;72;100.0;5;126.79;['-batch-training', '-calc-rsi', '-verbose', '-prediction-mode=index', '-interval-list=30m', '-range-min-rsi=28', '-range-max-rsi=80', '-range-p-ema=50,250', '-target-margin-list=1.0,1.5,2.0,2.5,3.0,3.5,4.0,4.5,5.0', '-log-level=WARNING']
2023-11-26 19:26:10;UNIUSDT;30m;1.5;100;34;72;100.0;5;126.79;['-batch-training', '-calc-rsi', '-verbose', '-prediction-mode=index', '-interval-list=30m', '-range-min-rsi=28', '-range-max-rsi=80', '-range-p-ema=50,250', '-target-margin-list=1.0,1.5,2.0,2.5,3.0,3.5,4.0,4.5,5.0', '-log-level=WARNING']
2023-11-26 21:04:10;UNIUSDT;30m;1.5;75;34;72;100.0;5;126.79;['-batch-training', '-calc-rsi', '-verbose', '-prediction-mode=index', '-interval-list=30m', '-range-min-rsi=28', '-range-max-rsi=80', '-range-p-ema=50,250', '-target-margin-list=1.0,1.5,2.0,2.5,3.0,3.5,4.0,4.5,5.0', '-log-level=WARNING']
2023-11-26 20:26:35;UNIUSDT;30m;3.0;225;36;72;100.0;3;126.83;['-batch-training', '-calc-rsi', '-verbose', '-prediction-mode=index', '-interval-list=30m', '-range-min-rsi=28', '-range-max-rsi=80', '-range-p-ema=50,250', '-target-margin-list=1.0,1.5,2.0,2.5,3.0,3.5,4.0,4.5,5.0', '-log-level=WARNING']
2023-11-26 20:14:11;UNIUSDT;30m;3.0;200;36;74;100.0;2;126.85;['-batch-training', '-calc-rsi', '-verbose', '-prediction-mode=index', '-interval-list=30m', '-range-min-rsi=28', '-range-max-rsi=80', '-range-p-ema=50,250', '-target-margin-list=1.0,1.5,2.0,2.5,3.0,3.5,4.0,4.5,5.0', '-log-level=WARNING']
2023-11-26 20:04:11;UNIUSDT;30m;3.5;175;30;72;100.0;5;126.85;['-batch-training', '-calc-rsi', '-verbose', '-prediction-mode=index', '-interval-list=30m', '-range-min-rsi=28', '-range-max-rsi=80', '-range-p-ema=50,250', '-target-margin-list=1.0,1.5,2.0,2.5,3.0,3.5,4.0,4.5,5.0', '-log-level=WARNING']
2023-11-26 20:15:06;UNIUSDT;30m;3.5;200;30;72;100.0;5;126.85;['-batch-training', '-calc-rsi', '-verbose', '-prediction-mode=index', '-interval-list=30m', '-range-min-rsi=28', '-range-max-rsi=80', '-range-p-ema=50,250', '-target-margin-list=1.0,1.5,2.0,2.5,3.0,3.5,4.0,4.5,5.0', '-log-level=WARNING']
2023-11-26 20:27:52;UNIUSDT;30m;3.5;225;30;72;100.0;5;126.85;['-batch-training', '-calc-rsi', '-verbose', '-prediction-mode=index', '-interval-list=30m', '-range-min-rsi=28', '-range-max-rsi=80', '-range-p-ema=50,250', '-target-margin-list=1.0,1.5,2.0,2.5,3.0,3.5,4.0,4.5,5.0', '-log-level=WARNING']
2023-11-26 19:52:20;UNIUSDT;30m;2.5;150;36;76;100.0;4;126.85;['-batch-training', '-calc-rsi', '-verbose', '-prediction-mode=index', '-interval-list=30m', '-range-min-rsi=28', '-range-max-rsi=80', '-range-p-ema=50,250', '-target-margin-list=1.0,1.5,2.0,2.5,3.0,3.5,4.0,4.5,5.0', '-log-level=WARNING']
2023-11-26 19:54:02;UNIUSDT;30m;3.5;150;30;72;100.0;5;126.85;['-batch-training', '-calc-rsi', '-verbose', '-prediction-mode=index', '-interval-list=30m', '-range-min-rsi=28', '-range-max-rsi=80', '-range-p-ema=50,250', '-target-margin-list=1.0,1.5,2.0,2.5,3.0,3.5,4.0,4.5,5.0', '-log-level=WARNING']
2023-11-26 20:55:36;UNIUSDT;30m;3.5;50;30;72;100.0;5;126.85;['-batch-training', '-calc-rsi', '-verbose', '-prediction-mode=index', '-interval-list=30m', '-range-min-rsi=28', '-range-max-rsi=80', '-range-p-ema=50,250', '-target-margin-list=1.0,1.5,2.0,2.5,3.0,3.5,4.0,4.5,5.0', '-log-level=WARNING']
2023-11-26 21:11:12;UNIUSDT;30m;3.5;75;30;72;100.0;5;126.85;['-batch-training', '-calc-rsi', '-verbose', '-prediction-mode=index', '-interval-list=30m', '-range-min-rsi=28', '-range-max-rsi=80', '-range-p-ema=50,250', '-target-margin-list=1.0,1.5,2.0,2.5,3.0,3.5,4.0,4.5,5.0', '-log-level=WARNING']
2023-11-26 20:03:26;UNIUSDT;30m;3.0;175;36;74;100.0;2;126.85;['-batch-training', '-calc-rsi', '-verbose', '-prediction-mode=index', '-interval-list=30m', '-range-min-rsi=28', '-range-max-rsi=80', '-range-p-ema=50,250', '-target-margin-list=1.0,1.5,2.0,2.5,3.0,3.5,4.0,4.5,5.0', '-log-level=WARNING']
2023-11-26 19:42:42;UNIUSDT;30m;3.5;125;30;72;100.0;5;126.85;['-batch-training', '-calc-rsi', '-verbose', '-prediction-mode=index', '-interval-list=30m', '-range-min-rsi=28', '-range-max-rsi=80', '-range-p-ema=50,250', '-target-margin-list=1.0,1.5,2.0,2.5,3.0,3.5,4.0,4.5,5.0', '-log-level=WARNING']
2023-11-26 19:31:12;UNIUSDT;30m;3.5;100;30;72;100.0;5;126.85;['-batch-training', '-calc-rsi', '-verbose', '-prediction-mode=index', '-interval-list=30m', '-range-min-rsi=28', '-range-max-rsi=80', '-range-p-ema=50,250', '-target-margin-list=1.0,1.5,2.0,2.5,3.0,3.5,4.0,4.5,5.0', '-log-level=WARNING']
2023-11-26 19:53:29;UNIUSDT;30m;3.0;150;36;76;100.0;2;126.86;['-batch-training', '-calc-rsi', '-verbose', '-prediction-mode=index', '-interval-list=30m', '-range-min-rsi=28', '-range-max-rsi=80', '-range-p-ema=50,250', '-target-margin-list=1.0,1.5,2.0,2.5,3.0,3.5,4.0,4.5,5.0', '-log-level=WARNING']
2023-11-26 20:01:09;UNIUSDT;30m;2.0;175;34;74;100.0;4;126.86;['-batch-training', '-calc-rsi', '-verbose', '-prediction-mode=index', '-interval-list=30m', '-range-min-rsi=28', '-range-max-rsi=80', '-range-p-ema=50,250', '-target-margin-list=1.0,1.5,2.0,2.5,3.0,3.5,4.0,4.5,5.0', '-log-level=WARNING']
2023-11-26 19:53:56;UNIUSDT;30m;3.0;150;36;80;100.0;3;126.88;['-batch-training', '-calc-rsi', '-verbose', '-prediction-mode=index', '-interval-list=30m', '-range-min-rsi=28', '-range-max-rsi=80', '-range-p-ema=50,250', '-target-margin-list=1.0,1.5,2.0,2.5,3.0,3.5,4.0,4.5,5.0', '-log-level=WARNING']
2023-11-26 19:33:34;UNIUSDT;30m;4.0;100;36;80;100.0;3;126.91;['-batch-training', '-calc-rsi', '-verbose', '-prediction-mode=index', '-interval-list=30m', '-range-min-rsi=28', '-range-max-rsi=80', '-range-p-ema=50,250', '-target-margin-list=1.0,1.5,2.0,2.5,3.0,3.5,4.0,4.5,5.0', '-log-level=WARNING']
2023-11-26 19:45:07;UNIUSDT;30m;4.0;125;36;80;100.0;3;126.91;['-batch-training', '-calc-rsi', '-verbose', '-prediction-mode=index', '-interval-list=30m', '-range-min-rsi=28', '-range-max-rsi=80', '-range-p-ema=50,250', '-target-margin-list=1.0,1.5,2.0,2.5,3.0,3.5,4.0,4.5,5.0', '-log-level=WARNING']
2023-11-26 20:11:44;UNIUSDT;30m;2.0;200;34;76;100.0;3;126.93;['-batch-training', '-calc-rsi', '-verbose', '-prediction-mode=index', '-interval-list=30m', '-range-min-rsi=28', '-range-max-rsi=80', '-range-p-ema=50,250', '-target-margin-list=1.0,1.5,2.0,2.5,3.0,3.5,4.0,4.5,5.0', '-log-level=WARNING']
2023-11-26 20:41:13;UNIUSDT;30m;3.5;250;28;72;100.0;5;126.94;['-batch-training', '-calc-rsi', '-verbose', '-prediction-mode=index', '-interval-list=30m', '-range-min-rsi=28', '-range-max-rsi=80', '-range-p-ema=50,250', '-target-margin-list=1.0,1.5,2.0,2.5,3.0,3.5,4.0,4.5,5.0', '-log-level=WARNING']
2023-11-26 19:59:51;UNIUSDT;30m;1.5;175;36;72;100.0;7;127.02;['-batch-training', '-calc-rsi', '-verbose', '-prediction-mode=index', '-interval-list=30m', '-range-min-rsi=28', '-range-max-rsi=80', '-range-p-ema=50,250', '-target-margin-list=1.0,1.5,2.0,2.5,3.0,3.5,4.0,4.5,5.0', '-log-level=WARNING']
2023-11-26 20:09:56;UNIUSDT;30m;1.5;200;36;72;100.0;7;127.02;['-batch-training', '-calc-rsi', '-verbose', '-prediction-mode=index', '-interval-list=30m', '-range-min-rsi=28', '-range-max-rsi=80', '-range-p-ema=50,250', '-target-margin-list=1.0,1.5,2.0,2.5,3.0,3.5,4.0,4.5,5.0', '-log-level=WARNING']
2023-11-26 19:36:05;UNIUSDT;30m;5.0;100;36;80;100.0;2;127.04;['-batch-training', '-calc-rsi', '-verbose', '-prediction-mode=index', '-interval-list=30m', '-range-min-rsi=28', '-range-max-rsi=80', '-range-p-ema=50,250', '-target-margin-list=1.0,1.5,2.0,2.5,3.0,3.5,4.0,4.5,5.0', '-log-level=WARNING']
2023-11-26 19:47:40;UNIUSDT;30m;5.0;125;36;80;100.0;2;127.04;['-batch-training', '-calc-rsi', '-verbose', '-prediction-mode=index', '-interval-list=30m', '-range-min-rsi=28', '-range-max-rsi=80', '-range-p-ema=50,250', '-target-margin-list=1.0,1.5,2.0,2.5,3.0,3.5,4.0,4.5,5.0', '-log-level=WARNING']
2023-11-26 20:37:08;UNIUSDT;30m;2.0;250;34;74;100.0;6;127.09;['-batch-training', '-calc-rsi', '-verbose', '-prediction-mode=index', '-interval-list=30m', '-range-min-rsi=28', '-range-max-rsi=80', '-range-p-ema=50,250', '-target-margin-list=1.0,1.5,2.0,2.5,3.0,3.5,4.0,4.5,5.0', '-log-level=WARNING']
2023-11-26 20:14:17;UNIUSDT;30m;3.0;200;30;76;100.0;3;127.13;['-batch-training', '-calc-rsi', '-verbose', '-prediction-mode=index', '-interval-list=30m', '-range-min-rsi=28', '-range-max-rsi=80', '-range-p-ema=50,250', '-target-margin-list=1.0,1.5,2.0,2.5,3.0,3.5,4.0,4.5,5.0', '-log-level=WARNING']
2023-11-26 20:54:38;UNIUSDT;30m;3.0;50;30;76;100.0;3;127.13;['-batch-training', '-calc-rsi', '-verbose', '-prediction-mode=index', '-interval-list=30m', '-range-min-rsi=28', '-range-max-rsi=80', '-range-p-ema=50,250', '-target-margin-list=1.0,1.5,2.0,2.5,3.0,3.5,4.0,4.5,5.0', '-log-level=WARNING']
2023-11-26 21:10:08;UNIUSDT;30m;3.0;75;30;76;100.0;3;127.13;['-batch-training', '-calc-rsi', '-verbose', '-prediction-mode=index', '-interval-list=30m', '-range-min-rsi=28', '-range-max-rsi=80', '-range-p-ema=50,250', '-target-margin-list=1.0,1.5,2.0,2.5,3.0,3.5,4.0,4.5,5.0', '-log-level=WARNING']
2023-11-26 20:26:59;UNIUSDT;30m;3.0;225;30;76;100.0;3;127.13;['-batch-training', '-calc-rsi', '-verbose', '-prediction-mode=index', '-interval-list=30m', '-range-min-rsi=28', '-range-max-rsi=80', '-range-p-ema=50,250', '-target-margin-list=1.0,1.5,2.0,2.5,3.0,3.5,4.0,4.5,5.0', '-log-level=WARNING']
2023-11-26 19:41:56;UNIUSDT;30m;3.0;125;30;76;100.0;3;127.13;['-batch-training', '-calc-rsi', '-verbose', '-prediction-mode=index', '-interval-list=30m', '-range-min-rsi=28', '-range-max-rsi=80', '-range-p-ema=50,250', '-target-margin-list=1.0,1.5,2.0,2.5,3.0,3.5,4.0,4.5,5.0', '-log-level=WARNING']
2023-11-26 19:53:21;UNIUSDT;30m;3.0;150;30;76;100.0;3;127.13;['-batch-training', '-calc-rsi', '-verbose', '-prediction-mode=index', '-interval-list=30m', '-range-min-rsi=28', '-range-max-rsi=80', '-range-p-ema=50,250', '-target-margin-list=1.0,1.5,2.0,2.5,3.0,3.5,4.0,4.5,5.0', '-log-level=WARNING']
2023-11-26 20:40:21;UNIUSDT;30m;3.0;250;30;76;100.0;3;127.13;['-batch-training', '-calc-rsi', '-verbose', '-prediction-mode=index', '-interval-list=30m', '-range-min-rsi=28', '-range-max-rsi=80', '-range-p-ema=50,250', '-target-margin-list=1.0,1.5,2.0,2.5,3.0,3.5,4.0,4.5,5.0', '-log-level=WARNING']
2023-11-26 20:03:32;UNIUSDT;30m;3.0;175;30;76;100.0;3;127.13;['-batch-training', '-calc-rsi', '-verbose', '-prediction-mode=index', '-interval-list=30m', '-range-min-rsi=28', '-range-max-rsi=80', '-range-p-ema=50,250', '-target-margin-list=1.0,1.5,2.0,2.5,3.0,3.5,4.0,4.5,5.0', '-log-level=WARNING']
2023-11-26 19:30:26;UNIUSDT;30m;3.0;100;30;76;100.0;3;127.13;['-batch-training', '-calc-rsi', '-verbose', '-prediction-mode=index', '-interval-list=30m', '-range-min-rsi=28', '-range-max-rsi=80', '-range-p-ema=50,250', '-target-margin-list=1.0,1.5,2.0,2.5,3.0,3.5,4.0,4.5,5.0', '-log-level=WARNING']
2023-11-26 20:39:18;UNIUSDT;30m;2.5;250;36;78;100.0;3;127.13;['-batch-training', '-calc-rsi', '-verbose', '-prediction-mode=index', '-interval-list=30m', '-range-min-rsi=28', '-range-max-rsi=80', '-range-p-ema=50,250', '-target-margin-list=1.0,1.5,2.0,2.5,3.0,3.5,4.0,4.5,5.0', '-log-level=WARNING']
2023-11-26 20:12:03;UNIUSDT;30m;2.0;200;36;78;100.0;4;127.18;['-batch-training', '-calc-rsi', '-verbose', '-prediction-mode=index', '-interval-list=30m', '-range-min-rsi=28', '-range-max-rsi=80', '-range-p-ema=50,250', '-target-margin-list=1.0,1.5,2.0,2.5,3.0,3.5,4.0,4.5,5.0', '-log-level=WARNING']
2023-11-26 20:52:23;UNIUSDT;30m;2.5;50;32;72;100.0;7;127.19;['-batch-training', '-calc-rsi', '-verbose', '-prediction-mode=index', '-interval-list=30m', '-range-min-rsi=28', '-range-max-rsi=80', '-range-p-ema=50,250', '-target-margin-list=1.0,1.5,2.0,2.5,3.0,3.5,4.0,4.5,5.0', '-log-level=WARNING']
2023-11-26 19:28:44;UNIUSDT;30m;2.5;100;32;72;100.0;7;127.19;['-batch-training', '-calc-rsi', '-verbose', '-prediction-mode=index', '-interval-list=30m', '-range-min-rsi=28', '-range-max-rsi=80', '-range-p-ema=50,250', '-target-margin-list=1.0,1.5,2.0,2.5,3.0,3.5,4.0,4.5,5.0', '-log-level=WARNING']
2023-11-26 19:40:12;UNIUSDT;30m;2.5;125;32;72;100.0;7;127.19;['-batch-training', '-calc-rsi', '-verbose', '-prediction-mode=index', '-interval-list=30m', '-range-min-rsi=28', '-range-max-rsi=80', '-range-p-ema=50,250', '-target-margin-list=1.0,1.5,2.0,2.5,3.0,3.5,4.0,4.5,5.0', '-log-level=WARNING']
2023-11-26 20:38:35;UNIUSDT;30m;2.5;250;32;74;100.0;2;127.19;['-batch-training', '-calc-rsi', '-verbose', '-prediction-mode=index', '-interval-list=30m', '-range-min-rsi=28', '-range-max-rsi=80', '-range-p-ema=50,250', '-target-margin-list=1.0,1.5,2.0,2.5,3.0,3.5,4.0,4.5,5.0', '-log-level=WARNING']
2023-11-26 21:07:42;UNIUSDT;30m;2.5;75;32;72;100.0;7;127.19;['-batch-training', '-calc-rsi', '-verbose', '-prediction-mode=index', '-interval-list=30m', '-range-min-rsi=28', '-range-max-rsi=80', '-range-p-ema=50,250', '-target-margin-list=1.0,1.5,2.0,2.5,3.0,3.5,4.0,4.5,5.0', '-log-level=WARNING']
2023-11-26 20:00:13;UNIUSDT;30m;1.5;175;32;76;100.0;3;127.2;['-batch-training', '-calc-rsi', '-verbose', '-prediction-mode=index', '-interval-list=30m', '-range-min-rsi=28', '-range-max-rsi=80', '-range-p-ema=50,250', '-target-margin-list=1.0,1.5,2.0,2.5,3.0,3.5,4.0,4.5,5.0', '-log-level=WARNING']
2023-11-26 19:49:39;UNIUSDT;30m;1.5;150;32;76;100.0;3;127.2;['-batch-training', '-calc-rsi', '-verbose', '-prediction-mode=index', '-interval-list=30m', '-range-min-rsi=28', '-range-max-rsi=80', '-range-p-ema=50,250', '-target-margin-list=1.0,1.5,2.0,2.5,3.0,3.5,4.0,4.5,5.0', '-log-level=WARNING']
2023-11-26 20:22:43;UNIUSDT;30m;1.5;225;32;76;100.0;3;127.22;['-batch-training', '-calc-rsi', '-verbose', '-prediction-mode=index', '-interval-list=30m', '-range-min-rsi=28', '-range-max-rsi=80', '-range-p-ema=50,250', '-target-margin-list=1.0,1.5,2.0,2.5,3.0,3.5,4.0,4.5,5.0', '-log-level=WARNING']
2023-11-26 20:10:21;UNIUSDT;30m;1.5;200;32;76;100.0;3;127.22;['-batch-training', '-calc-rsi', '-verbose', '-prediction-mode=index', '-interval-list=30m', '-range-min-rsi=28', '-range-max-rsi=80', '-range-p-ema=50,250', '-target-margin-list=1.0,1.5,2.0,2.5,3.0,3.5,4.0,4.5,5.0', '-log-level=WARNING']
2023-11-26 19:50:44;UNIUSDT;30m;2.0;150;34;74;100.0;4;127.26;['-batch-training', '-calc-rsi', '-verbose', '-prediction-mode=index', '-interval-list=30m', '-range-min-rsi=28', '-range-max-rsi=80', '-range-p-ema=50,250', '-target-margin-list=1.0,1.5,2.0,2.5,3.0,3.5,4.0,4.5,5.0', '-log-level=WARNING']
2023-11-26 20:11:31;UNIUSDT;30m;2.0;200;36;74;100.0;5;127.26;['-batch-training', '-calc-rsi', '-verbose', '-prediction-mode=index', '-interval-list=30m', '-range-min-rsi=28', '-range-max-rsi=80', '-range-p-ema=50,250', '-target-margin-list=1.0,1.5,2.0,2.5,3.0,3.5,4.0,4.5,5.0', '-log-level=WARNING']
2023-11-26 19:51:47;UNIUSDT;30m;2.5;150;34;72;100.0;5;127.27;['-batch-training', '-calc-rsi', '-verbose', '-prediction-mode=index', '-interval-list=30m', '-range-min-rsi=28', '-range-max-rsi=80', '-range-p-ema=50,250', '-target-margin-list=1.0,1.5,2.0,2.5,3.0,3.5,4.0,4.5,5.0', '-log-level=WARNING']
2023-11-26 20:12:31;UNIUSDT;30m;2.5;200;34;72;100.0;5;127.27;['-batch-training', '-calc-rsi', '-verbose', '-prediction-mode=index', '-interval-list=30m', '-range-min-rsi=28', '-range-max-rsi=80', '-range-p-ema=50,250', '-target-margin-list=1.0,1.5,2.0,2.5,3.0,3.5,4.0,4.5,5.0', '-log-level=WARNING']
2023-11-26 20:02:04;UNIUSDT;30m;2.5;175;34;72;100.0;5;127.27;['-batch-training', '-calc-rsi', '-verbose', '-prediction-mode=index', '-interval-list=30m', '-range-min-rsi=28', '-range-max-rsi=80', '-range-p-ema=50,250', '-target-margin-list=1.0,1.5,2.0,2.5,3.0,3.5,4.0,4.5,5.0', '-log-level=WARNING']
2023-11-26 20:41:10;UNIUSDT;30m;3.0;250;36;80;100.0;3;127.29;['-batch-training', '-calc-rsi', '-verbose', '-prediction-mode=index', '-interval-list=30m', '-range-min-rsi=28', '-range-max-rsi=80', '-range-p-ema=50,250', '-target-margin-list=1.0,1.5,2.0,2.5,3.0,3.5,4.0,4.5,5.0', '-log-level=WARNING']
2023-11-26 19:26:10;UNIUSDT;30m;1.5;100;34;72;100.0;3;127.33;['-batch-training', '-calc-rsi', '-verbose', '-prediction-mode=index', '-interval-list=30m', '-range-min-rsi=28', '-range-max-rsi=80', '-range-p-ema=50,250', '-target-margin-list=1.0,1.5,2.0,2.5,3.0,3.5,4.0,4.5,5.0', '-log-level=WARNING']
2023-11-26 21:04:09;UNIUSDT;30m;1.5;75;34;72;100.0;3;127.33;['-batch-training', '-calc-rsi', '-verbose', '-prediction-mode=index', '-interval-list=30m', '-range-min-rsi=28', '-range-max-rsi=80', '-range-p-ema=50,250', '-target-margin-list=1.0,1.5,2.0,2.5,3.0,3.5,4.0,4.5,5.0', '-log-level=WARNING']
2023-11-26 19:37:39;UNIUSDT;30m;1.5;125;34;72;100.0;3;127.33;['-batch-training', '-calc-rsi', '-verbose', '-prediction-mode=index', '-interval-list=30m', '-range-min-rsi=28', '-range-max-rsi=80', '-range-p-ema=50,250', '-target-margin-list=1.0,1.5,2.0,2.5,3.0,3.5,4.0,4.5,5.0', '-log-level=WARNING']
2023-11-26 20:49:12;UNIUSDT;30m;1.5;50;34;72;100.0;3;127.33;['-batch-training', '-calc-rsi', '-verbose', '-prediction-mode=index', '-interval-list=30m', '-range-min-rsi=28', '-range-max-rsi=80', '-range-p-ema=50,250', '-target-margin-list=1.0,1.5,2.0,2.5,3.0,3.5,4.0,4.5,5.0', '-log-level=WARNING']
2023-11-26 20:13:55;UNIUSDT;30m;3.0;200;36;72;100.0;6;127.34;['-batch-training', '-calc-rsi', '-verbose', '-prediction-mode=index', '-interval-list=30m', '-range-min-rsi=28', '-range-max-rsi=80', '-range-p-ema=50,250', '-target-margin-list=1.0,1.5,2.0,2.5,3.0,3.5,4.0,4.5,5.0', '-log-level=WARNING']
2023-11-26 20:03:13;UNIUSDT;30m;3.0;175;36;72;100.0;6;127.34;['-batch-training', '-calc-rsi', '-verbose', '-prediction-mode=index', '-interval-list=30m', '-range-min-rsi=28', '-range-max-rsi=80', '-range-p-ema=50,250', '-target-margin-list=1.0,1.5,2.0,2.5,3.0,3.5,4.0,4.5,5.0', '-log-level=WARNING']
2023-11-26 20:30:01;UNIUSDT;30m;4.0;225;34;76;100.0;3;127.36;['-batch-training', '-calc-rsi', '-verbose', '-prediction-mode=index', '-interval-list=30m', '-range-min-rsi=28', '-range-max-rsi=80', '-range-p-ema=50,250', '-target-margin-list=1.0,1.5,2.0,2.5,3.0,3.5,4.0,4.5,5.0', '-log-level=WARNING']
2023-11-26 20:43:34;UNIUSDT;30m;4.0;250;34;76;100.0;3;127.36;['-batch-training', '-calc-rsi', '-verbose', '-prediction-mode=index', '-interval-list=30m', '-range-min-rsi=28', '-range-max-rsi=80', '-range-p-ema=50,250', '-target-margin-list=1.0,1.5,2.0,2.5,3.0,3.5,4.0,4.5,5.0', '-log-level=WARNING']
2023-11-26 19:25:26;UNIUSDT;30m;1.0;100;36;76;100.0;4;127.5;['-batch-training', '-calc-rsi', '-verbose', '-prediction-mode=index', '-interval-list=30m', '-range-min-rsi=28', '-range-max-rsi=80', '-range-p-ema=50,250', '-target-margin-list=1.0,1.5,2.0,2.5,3.0,3.5,4.0,4.5,5.0', '-log-level=WARNING']
2023-11-26 19:36:55;UNIUSDT;30m;1.0;125;36;76;100.0;4;127.5;['-batch-training', '-calc-rsi', '-verbose', '-prediction-mode=index', '-interval-list=30m', '-range-min-rsi=28', '-range-max-rsi=80', '-range-p-ema=50,250', '-target-margin-list=1.0,1.5,2.0,2.5,3.0,3.5,4.0,4.5,5.0', '-log-level=WARNING']
2023-11-26 20:11:28;UNIUSDT;30m;2.0;200;34;74;100.0;4;127.53;['-batch-training', '-calc-rsi', '-verbose', '-prediction-mode=index', '-interval-list=30m', '-range-min-rsi=28', '-range-max-rsi=80', '-range-p-ema=50,250', '-target-margin-list=1.0,1.5,2.0,2.5,3.0,3.5,4.0,4.5,5.0', '-log-level=WARNING']
2023-11-26 20:26:31;UNIUSDT;30m;3.0;225;34;72;100.0;4;127.56;['-batch-training', '-calc-rsi', '-verbose', '-prediction-mode=index', '-interval-list=30m', '-range-min-rsi=28', '-range-max-rsi=80', '-range-p-ema=50,250', '-target-margin-list=1.0,1.5,2.0,2.5,3.0,3.5,4.0,4.5,5.0', '-log-level=WARNING']
2023-11-26 19:48:24;UNIUSDT;30m;1.0;150;34;76;100.0;4;127.58;['-batch-training', '-calc-rsi', '-verbose', '-prediction-mode=index', '-interval-list=30m', '-range-min-rsi=28', '-range-max-rsi=80', '-range-p-ema=50,250', '-target-margin-list=1.0,1.5,2.0,2.5,3.0,3.5,4.0,4.5,5.0', '-log-level=WARNING']
2023-11-26 20:52:07;UNIUSDT;30m;2.0;50;34;80;100.0;4;127.6;['-batch-training', '-calc-rsi', '-verbose', '-prediction-mode=index', '-interval-list=30m', '-range-min-rsi=28', '-range-max-rsi=80', '-range-p-ema=50,250', '-target-margin-list=1.0,1.5,2.0,2.5,3.0,3.5,4.0,4.5,5.0', '-log-level=WARNING']
2023-11-26 21:07:25;UNIUSDT;30m;2.0;75;34;80;100.0;4;127.6;['-batch-training', '-calc-rsi', '-verbose', '-prediction-mode=index', '-interval-list=30m', '-range-min-rsi=28', '-range-max-rsi=80', '-range-p-ema=50,250', '-target-margin-list=1.0,1.5,2.0,2.5,3.0,3.5,4.0,4.5,5.0', '-log-level=WARNING']
2023-11-26 19:40:00;UNIUSDT;30m;2.0;125;34;80;100.0;4;127.6;['-batch-training', '-calc-rsi', '-verbose', '-prediction-mode=index', '-interval-list=30m', '-range-min-rsi=28', '-range-max-rsi=80', '-range-p-ema=50,250', '-target-margin-list=1.0,1.5,2.0,2.5,3.0,3.5,4.0,4.5,5.0', '-log-level=WARNING']
2023-11-26 19:28:31;UNIUSDT;30m;2.0;100;34;80;100.0;4;127.6;['-batch-training', '-calc-rsi', '-verbose', '-prediction-mode=index', '-interval-list=30m', '-range-min-rsi=28', '-range-max-rsi=80', '-range-p-ema=50,250', '-target-margin-list=1.0,1.5,2.0,2.5,3.0,3.5,4.0,4.5,5.0', '-log-level=WARNING']
2023-11-26 21:03:57;UNIUSDT;30m;1.5;75;28;72;100.0;6;127.63;['-batch-training', '-calc-rsi', '-verbose', '-prediction-mode=index', '-interval-list=30m', '-range-min-rsi=28', '-range-max-rsi=80', '-range-p-ema=50,250', '-target-margin-list=1.0,1.5,2.0,2.5,3.0,3.5,4.0,4.5,5.0', '-log-level=WARNING']
2023-11-26 20:49:01;UNIUSDT;30m;1.5;50;28;72;100.0;6;127.63;['-batch-training', '-calc-rsi', '-verbose', '-prediction-mode=index', '-interval-list=30m', '-range-min-rsi=28', '-range-max-rsi=80', '-range-p-ema=50,250', '-target-margin-list=1.0,1.5,2.0,2.5,3.0,3.5,4.0,4.5,5.0', '-log-level=WARNING']
2023-11-26 19:26:01;UNIUSDT;30m;1.5;100;28;72;100.0;6;127.63;['-batch-training', '-calc-rsi', '-verbose', '-prediction-mode=index', '-interval-list=30m', '-range-min-rsi=28', '-range-max-rsi=80', '-range-p-ema=50,250', '-target-margin-list=1.0,1.5,2.0,2.5,3.0,3.5,4.0,4.5,5.0', '-log-level=WARNING']
2023-11-26 20:22:01;UNIUSDT;30m;1.5;225;28;72;100.0;6;127.63;['-batch-training', '-calc-rsi', '-verbose', '-prediction-mode=index', '-interval-list=30m', '-range-min-rsi=28', '-range-max-rsi=80', '-range-p-ema=50,250', '-target-margin-list=1.0,1.5,2.0,2.5,3.0,3.5,4.0,4.5,5.0', '-log-level=WARNING']
2023-11-26 19:49:02;UNIUSDT;30m;1.5;150;28;72;100.0;6;127.63;['-batch-training', '-calc-rsi', '-verbose', '-prediction-mode=index', '-interval-list=30m', '-range-min-rsi=28', '-range-max-rsi=80', '-range-p-ema=50,250', '-target-margin-list=1.0,1.5,2.0,2.5,3.0,3.5,4.0,4.5,5.0', '-log-level=WARNING']
2023-11-26 19:28:59;UNIUSDT;30m;2.5;100;32;74;100.0;2;127.63;['-batch-training', '-calc-rsi', '-verbose', '-prediction-mode=index', '-interval-list=30m', '-range-min-rsi=28', '-range-max-rsi=80', '-range-p-ema=50,250', '-target-margin-list=1.0,1.5,2.0,2.5,3.0,3.5,4.0,4.5,5.0', '-log-level=WARNING']
2023-11-26 19:37:30;UNIUSDT;30m;1.5;125;28;72;100.0;6;127.63;['-batch-training', '-calc-rsi', '-verbose', '-prediction-mode=index', '-interval-list=30m', '-range-min-rsi=28', '-range-max-rsi=80', '-range-p-ema=50,250', '-target-margin-list=1.0,1.5,2.0,2.5,3.0,3.5,4.0,4.5,5.0', '-log-level=WARNING']
2023-11-26 20:52:42;UNIUSDT;30m;2.5;50;32;74;100.0;2;127.63;['-batch-training', '-calc-rsi', '-verbose', '-prediction-mode=index', '-interval-list=30m', '-range-min-rsi=28', '-range-max-rsi=80', '-range-p-ema=50,250', '-target-margin-list=1.0,1.5,2.0,2.5,3.0,3.5,4.0,4.5,5.0', '-log-level=WARNING']
2023-11-26 19:40:27;UNIUSDT;30m;2.5;125;32;74;100.0;2;127.63;['-batch-training', '-calc-rsi', '-verbose', '-prediction-mode=index', '-interval-list=30m', '-range-min-rsi=28', '-range-max-rsi=80', '-range-p-ema=50,250', '-target-margin-list=1.0,1.5,2.0,2.5,3.0,3.5,4.0,4.5,5.0', '-log-level=WARNING']
2023-11-26 20:09:45;UNIUSDT;30m;1.5;200;28;72;100.0;6;127.63;['-batch-training', '-calc-rsi', '-verbose', '-prediction-mode=index', '-interval-list=30m', '-range-min-rsi=28', '-range-max-rsi=80', '-range-p-ema=50,250', '-target-margin-list=1.0,1.5,2.0,2.5,3.0,3.5,4.0,4.5,5.0', '-log-level=WARNING']
2023-11-26 19:59:40;UNIUSDT;30m;1.5;175;28;72;100.0;6;127.63;['-batch-training', '-calc-rsi', '-verbose', '-prediction-mode=index', '-interval-list=30m', '-range-min-rsi=28', '-range-max-rsi=80', '-range-p-ema=50,250', '-target-margin-list=1.0,1.5,2.0,2.5,3.0,3.5,4.0,4.5,5.0', '-log-level=WARNING']
2023-11-26 21:08:04;UNIUSDT;30m;2.5;75;32;74;100.0;2;127.63;['-batch-training', '-calc-rsi', '-verbose', '-prediction-mode=index', '-interval-list=30m', '-range-min-rsi=28', '-range-max-rsi=80', '-range-p-ema=50,250', '-target-margin-list=1.0,1.5,2.0,2.5,3.0,3.5,4.0,4.5,5.0', '-log-level=WARNING']
2023-11-26 20:40:40;UNIUSDT;30m;3.0;250;30;78;100.0;2;127.76;['-batch-training', '-calc-rsi', '-verbose', '-prediction-mode=index', '-interval-list=30m', '-range-min-rsi=28', '-range-max-rsi=80', '-range-p-ema=50,250', '-target-margin-list=1.0,1.5,2.0,2.5,3.0,3.5,4.0,4.5,5.0', '-log-level=WARNING']
2023-11-26 19:30:41;UNIUSDT;30m;3.0;100;30;78;100.0;2;127.76;['-batch-training', '-calc-rsi', '-verbose', '-prediction-mode=index', '-interval-list=30m', '-range-min-rsi=28', '-range-max-rsi=80', '-range-p-ema=50,250', '-target-margin-list=1.0,1.5,2.0,2.5,3.0,3.5,4.0,4.5,5.0', '-log-level=WARNING']
2023-11-26 20:03:45;UNIUSDT;30m;3.0;175;30;78;100.0;2;127.76;['-batch-training', '-calc-rsi', '-verbose', '-prediction-mode=index', '-interval-list=30m', '-range-min-rsi=28', '-range-max-rsi=80', '-range-p-ema=50,250', '-target-margin-list=1.0,1.5,2.0,2.5,3.0,3.5,4.0,4.5,5.0', '-log-level=WARNING']
2023-11-26 19:42:12;UNIUSDT;30m;3.0;125;30;78;100.0;2;127.76;['-batch-training', '-calc-rsi', '-verbose', '-prediction-mode=index', '-interval-list=30m', '-range-min-rsi=28', '-range-max-rsi=80', '-range-p-ema=50,250', '-target-margin-list=1.0,1.5,2.0,2.5,3.0,3.5,4.0,4.5,5.0', '-log-level=WARNING']
2023-11-26 21:10:30;UNIUSDT;30m;3.0;75;30;78;100.0;2;127.76;['-batch-training', '-calc-rsi', '-verbose', '-prediction-mode=index', '-interval-list=30m', '-range-min-rsi=28', '-range-max-rsi=80', '-range-p-ema=50,250', '-target-margin-list=1.0,1.5,2.0,2.5,3.0,3.5,4.0,4.5,5.0', '-log-level=WARNING']
2023-11-26 20:54:58;UNIUSDT;30m;3.0;50;30;78;100.0;2;127.76;['-batch-training', '-calc-rsi', '-verbose', '-prediction-mode=index', '-interval-list=30m', '-range-min-rsi=28', '-range-max-rsi=80', '-range-p-ema=50,250', '-target-margin-list=1.0,1.5,2.0,2.5,3.0,3.5,4.0,4.5,5.0', '-log-level=WARNING']
2023-11-26 20:27:16;UNIUSDT;30m;3.0;225;30;78;100.0;2;127.76;['-batch-training', '-calc-rsi', '-verbose', '-prediction-mode=index', '-interval-list=30m', '-range-min-rsi=28', '-range-max-rsi=80', '-range-p-ema=50,250', '-target-margin-list=1.0,1.5,2.0,2.5,3.0,3.5,4.0,4.5,5.0', '-log-level=WARNING']
2023-11-26 20:14:33;UNIUSDT;30m;3.0;200;30;78;100.0;2;127.76;['-batch-training', '-calc-rsi', '-verbose', '-prediction-mode=index', '-interval-list=30m', '-range-min-rsi=28', '-range-max-rsi=80', '-range-p-ema=50,250', '-target-margin-list=1.0,1.5,2.0,2.5,3.0,3.5,4.0,4.5,5.0', '-log-level=WARNING']
2023-11-26 19:53:34;UNIUSDT;30m;3.0;150;30;78;100.0;2;127.76;['-batch-training', '-calc-rsi', '-verbose', '-prediction-mode=index', '-interval-list=30m', '-range-min-rsi=28', '-range-max-rsi=80', '-range-p-ema=50,250', '-target-margin-list=1.0,1.5,2.0,2.5,3.0,3.5,4.0,4.5,5.0', '-log-level=WARNING']
2023-11-26 19:34:27;UNIUSDT;30m;4.5;100;32;78;100.0;3;127.79;['-batch-training', '-calc-rsi', '-verbose', '-prediction-mode=index', '-interval-list=30m', '-range-min-rsi=28', '-range-max-rsi=80', '-range-p-ema=50,250', '-target-margin-list=1.0,1.5,2.0,2.5,3.0,3.5,4.0,4.5,5.0', '-log-level=WARNING']
2023-11-26 21:15:30;UNIUSDT;30m;4.5;75;32;78;100.0;3;127.79;['-batch-training', '-calc-rsi', '-verbose', '-prediction-mode=index', '-interval-list=30m', '-range-min-rsi=28', '-range-max-rsi=80', '-range-p-ema=50,250', '-target-margin-list=1.0,1.5,2.0,2.5,3.0,3.5,4.0,4.5,5.0', '-log-level=WARNING']
2023-11-26 20:59:59;UNIUSDT;30m;4.5;50;32;78;100.0;3;127.79;['-batch-training', '-calc-rsi', '-verbose', '-prediction-mode=index', '-interval-list=30m', '-range-min-rsi=28', '-range-max-rsi=80', '-range-p-ema=50,250', '-target-margin-list=1.0,1.5,2.0,2.5,3.0,3.5,4.0,4.5,5.0', '-log-level=WARNING']
2023-11-26 19:46:02;UNIUSDT;30m;4.5;125;32;78;100.0;3;127.79;['-batch-training', '-calc-rsi', '-verbose', '-prediction-mode=index', '-interval-list=30m', '-range-min-rsi=28', '-range-max-rsi=80', '-range-p-ema=50,250', '-target-margin-list=1.0,1.5,2.0,2.5,3.0,3.5,4.0,4.5,5.0', '-log-level=WARNING']
2023-11-26 20:41:06;UNIUSDT;30m;3.0;250;34;80;100.0;3;127.85;['-batch-training', '-calc-rsi', '-verbose', '-prediction-mode=index', '-interval-list=30m', '-range-min-rsi=28', '-range-max-rsi=80', '-range-p-ema=50,250', '-target-margin-list=1.0,1.5,2.0,2.5,3.0,3.5,4.0,4.5,5.0', '-log-level=WARNING']
2023-11-26 19:43:51;UNIUSDT;30m;3.5;125;36;80;100.0;2;127.94;['-batch-training', '-calc-rsi', '-verbose', '-prediction-mode=index', '-interval-list=30m', '-range-min-rsi=28', '-range-max-rsi=80', '-range-p-ema=50,250', '-target-margin-list=1.0,1.5,2.0,2.5,3.0,3.5,4.0,4.5,5.0', '-log-level=WARNING']
2023-11-26 19:51:19;UNIUSDT;30m;2.0;150;36;78;100.0;4;127.94;['-batch-training', '-calc-rsi', '-verbose', '-prediction-mode=index', '-interval-list=30m', '-range-min-rsi=28', '-range-max-rsi=80', '-range-p-ema=50,250', '-target-margin-list=1.0,1.5,2.0,2.5,3.0,3.5,4.0,4.5,5.0', '-log-level=WARNING']
2023-11-26 19:32:20;UNIUSDT;30m;3.5;100;36;80;100.0;2;127.94;['-batch-training', '-calc-rsi', '-verbose', '-prediction-mode=index', '-interval-list=30m', '-range-min-rsi=28', '-range-max-rsi=80', '-range-p-ema=50,250', '-target-margin-list=1.0,1.5,2.0,2.5,3.0,3.5,4.0,4.5,5.0', '-log-level=WARNING']
2023-11-26 20:06:16;UNIUSDT;30m;4.0;175;34;80;100.0;2;127.97;['-batch-training', '-calc-rsi', '-verbose', '-prediction-mode=index', '-interval-list=30m', '-range-min-rsi=28', '-range-max-rsi=80', '-range-p-ema=50,250', '-target-margin-list=1.0,1.5,2.0,2.5,3.0,3.5,4.0,4.5,5.0', '-log-level=WARNING']
2023-11-26 20:17:40;UNIUSDT;30m;4.0;200;34;80;100.0;2;127.97;['-batch-training', '-calc-rsi', '-verbose', '-prediction-mode=index', '-interval-list=30m', '-range-min-rsi=28', '-range-max-rsi=80', '-range-p-ema=50,250', '-target-margin-list=1.0,1.5,2.0,2.5,3.0,3.5,4.0,4.5,5.0', '-log-level=WARNING']
2023-11-26 20:35:53;UNIUSDT;30m;1.5;250;32;76;100.0;3;127.99;['-batch-training', '-calc-rsi', '-verbose', '-prediction-mode=index', '-interval-list=30m', '-range-min-rsi=28', '-range-max-rsi=80', '-range-p-ema=50,250', '-target-margin-list=1.0,1.5,2.0,2.5,3.0,3.5,4.0,4.5,5.0', '-log-level=WARNING']
2023-11-26 20:26:48;UNIUSDT;30m;3.0;225;34;74;100.0;3;128.05;['-batch-training', '-calc-rsi', '-verbose', '-prediction-mode=index', '-interval-list=30m', '-range-min-rsi=28', '-range-max-rsi=80', '-range-p-ema=50,250', '-target-margin-list=1.0,1.5,2.0,2.5,3.0,3.5,4.0,4.5,5.0', '-log-level=WARNING']
2023-11-26 20:39:51;UNIUSDT;30m;3.0;250;34;72;100.0;6;128.08;['-batch-training', '-calc-rsi', '-verbose', '-prediction-mode=index', '-interval-list=30m', '-range-min-rsi=28', '-range-max-rsi=80', '-range-p-ema=50,250', '-target-margin-list=1.0,1.5,2.0,2.5,3.0,3.5,4.0,4.5,5.0', '-log-level=WARNING']
2023-11-26 19:49:46;UNIUSDT;30m;1.5;150;36;76;100.0;6;128.09;['-batch-training', '-calc-rsi', '-verbose', '-prediction-mode=index', '-interval-list=30m', '-range-min-rsi=28', '-range-max-rsi=80', '-range-p-ema=50,250', '-target-margin-list=1.0,1.5,2.0,2.5,3.0,3.5,4.0,4.5,5.0', '-log-level=WARNING']
2023-11-26 20:39:56;UNIUSDT;30m;3.0;250;36;72;100.0;3;128.12;['-batch-training', '-calc-rsi', '-verbose', '-prediction-mode=index', '-interval-list=30m', '-range-min-rsi=28', '-range-max-rsi=80', '-range-p-ema=50,250', '-target-margin-list=1.0,1.5,2.0,2.5,3.0,3.5,4.0,4.5,5.0', '-log-level=WARNING']
2023-11-26 20:35:42;UNIUSDT;30m;1.5;250;36;74;100.0;6;128.12;['-batch-training', '-calc-rsi', '-verbose', '-prediction-mode=index', '-interval-list=30m', '-range-min-rsi=28', '-range-max-rsi=80', '-range-p-ema=50,250', '-target-margin-list=1.0,1.5,2.0,2.5,3.0,3.5,4.0,4.5,5.0', '-log-level=WARNING']
2023-11-26 19:41:28;UNIUSDT;30m;3.0;125;32;72;100.0;4;128.13;['-batch-training', '-calc-rsi', '-verbose', '-prediction-mode=index', '-interval-list=30m', '-range-min-rsi=28', '-range-max-rsi=80', '-range-p-ema=50,250', '-target-margin-list=1.0,1.5,2.0,2.5,3.0,3.5,4.0,4.5,5.0', '-log-level=WARNING']
2023-11-26 21:09:30;UNIUSDT;30m;3.0;75;32;72;100.0;4;128.13;['-batch-training', '-calc-rsi', '-verbose', '-prediction-mode=index', '-interval-list=30m', '-range-min-rsi=28', '-range-max-rsi=80', '-range-p-ema=50,250', '-target-margin-list=1.0,1.5,2.0,2.5,3.0,3.5,4.0,4.5,5.0', '-log-level=WARNING']
2023-11-26 20:54:03;UNIUSDT;30m;3.0;50;32;72;100.0;4;128.13;['-batch-training', '-calc-rsi', '-verbose', '-prediction-mode=index', '-interval-list=30m', '-range-min-rsi=28', '-range-max-rsi=80', '-range-p-ema=50,250', '-target-margin-list=1.0,1.5,2.0,2.5,3.0,3.5,4.0,4.5,5.0', '-log-level=WARNING']
2023-11-26 19:30:00;UNIUSDT;30m;3.0;100;32;72;100.0;4;128.13;['-batch-training', '-calc-rsi', '-verbose', '-prediction-mode=index', '-interval-list=30m', '-range-min-rsi=28', '-range-max-rsi=80', '-range-p-ema=50,250', '-target-margin-list=1.0,1.5,2.0,2.5,3.0,3.5,4.0,4.5,5.0', '-log-level=WARNING']
2023-11-26 19:55:02;UNIUSDT;30m;3.5;150;34;80;100.0;2;128.14;['-batch-training', '-calc-rsi', '-verbose', '-prediction-mode=index', '-interval-list=30m', '-range-min-rsi=28', '-range-max-rsi=80', '-range-p-ema=50,250', '-target-margin-list=1.0,1.5,2.0,2.5,3.0,3.5,4.0,4.5,5.0', '-log-level=WARNING']
2023-11-26 20:16:01;UNIUSDT;30m;3.5;200;34;78;100.0;4;128.17;['-batch-training', '-calc-rsi', '-verbose', '-prediction-mode=index', '-interval-list=30m', '-range-min-rsi=28', '-range-max-rsi=80', '-range-p-ema=50,250', '-target-margin-list=1.0,1.5,2.0,2.5,3.0,3.5,4.0,4.5,5.0', '-log-level=WARNING']
2023-11-26 20:04:56;UNIUSDT;30m;3.5;175;34;78;100.0;4;128.17;['-batch-training', '-calc-rsi', '-verbose', '-prediction-mode=index', '-interval-list=30m', '-range-min-rsi=28', '-range-max-rsi=80', '-range-p-ema=50,250', '-target-margin-list=1.0,1.5,2.0,2.5,3.0,3.5,4.0,4.5,5.0', '-log-level=WARNING']
2023-11-26 19:54:48;UNIUSDT;30m;3.5;150;34;78;100.0;4;128.17;['-batch-training', '-calc-rsi', '-verbose', '-prediction-mode=index', '-interval-list=30m', '-range-min-rsi=28', '-range-max-rsi=80', '-range-p-ema=50,250', '-target-margin-list=1.0,1.5,2.0,2.5,3.0,3.5,4.0,4.5,5.0', '-log-level=WARNING']
2023-11-26 20:28:36;UNIUSDT;30m;3.5;225;36;76;100.0;2;128.17;['-batch-training', '-calc-rsi', '-verbose', '-prediction-mode=index', '-interval-list=30m', '-range-min-rsi=28', '-range-max-rsi=80', '-range-p-ema=50,250', '-target-margin-list=1.0,1.5,2.0,2.5,3.0,3.5,4.0,4.5,5.0', '-log-level=WARNING']
2023-11-26 20:23:38;UNIUSDT;30m;2.0;225;34;72;100.0;4;128.2;['-batch-training', '-calc-rsi', '-verbose', '-prediction-mode=index', '-interval-list=30m', '-range-min-rsi=28', '-range-max-rsi=80', '-range-p-ema=50,250', '-target-margin-list=1.0,1.5,2.0,2.5,3.0,3.5,4.0,4.5,5.0', '-log-level=WARNING']
2023-11-26 21:04:31;UNIUSDT;30m;1.5;75;34;74;100.0;5;128.23;['-batch-training', '-calc-rsi', '-verbose', '-prediction-mode=index', '-interval-list=30m', '-range-min-rsi=28', '-range-max-rsi=80', '-range-p-ema=50,250', '-target-margin-list=1.0,1.5,2.0,2.5,3.0,3.5,4.0,4.5,5.0', '-log-level=WARNING']
2023-11-26 19:26:26;UNIUSDT;30m;1.5;100;34;74;100.0;5;128.23;['-batch-training', '-calc-rsi', '-verbose', '-prediction-mode=index', '-interval-list=30m', '-range-min-rsi=28', '-range-max-rsi=80', '-range-p-ema=50,250', '-target-margin-list=1.0,1.5,2.0,2.5,3.0,3.5,4.0,4.5,5.0', '-log-level=WARNING']
2023-11-26 20:49:32;UNIUSDT;30m;1.5;50;34;74;100.0;5;128.23;['-batch-training', '-calc-rsi', '-verbose', '-prediction-mode=index', '-interval-list=30m', '-range-min-rsi=28', '-range-max-rsi=80', '-range-p-ema=50,250', '-target-margin-list=1.0,1.5,2.0,2.5,3.0,3.5,4.0,4.5,5.0', '-log-level=WARNING']
2023-11-26 19:37:55;UNIUSDT;30m;1.5;125;34;74;100.0;5;128.23;['-batch-training', '-calc-rsi', '-verbose', '-prediction-mode=index', '-interval-list=30m', '-range-min-rsi=28', '-range-max-rsi=80', '-range-p-ema=50,250', '-target-margin-list=1.0,1.5,2.0,2.5,3.0,3.5,4.0,4.5,5.0', '-log-level=WARNING']
2023-11-26 20:18:43;UNIUSDT;30m;4.5;200;32;78;100.0;2;128.25;['-batch-training', '-calc-rsi', '-verbose', '-prediction-mode=index', '-interval-list=30m', '-range-min-rsi=28', '-range-max-rsi=80', '-range-p-ema=50,250', '-target-margin-list=1.0,1.5,2.0,2.5,3.0,3.5,4.0,4.5,5.0', '-log-level=WARNING']
2023-11-26 20:31:41;UNIUSDT;30m;4.5;225;32;78;100.0;2;128.25;['-batch-training', '-calc-rsi', '-verbose', '-prediction-mode=index', '-interval-list=30m', '-range-min-rsi=28', '-range-max-rsi=80', '-range-p-ema=50,250', '-target-margin-list=1.0,1.5,2.0,2.5,3.0,3.5,4.0,4.5,5.0', '-log-level=WARNING']
2023-11-26 20:45:22;UNIUSDT;30m;4.5;250;32;78;100.0;2;128.25;['-batch-training', '-calc-rsi', '-verbose', '-prediction-mode=index', '-interval-list=30m', '-range-min-rsi=28', '-range-max-rsi=80', '-range-p-ema=50,250', '-target-margin-list=1.0,1.5,2.0,2.5,3.0,3.5,4.0,4.5,5.0', '-log-level=WARNING']
2023-11-26 20:07:06;UNIUSDT;30m;4.5;175;32;78;100.0;2;128.25;['-batch-training', '-calc-rsi', '-verbose', '-prediction-mode=index', '-interval-list=30m', '-range-min-rsi=28', '-range-max-rsi=80', '-range-p-ema=50,250', '-target-margin-list=1.0,1.5,2.0,2.5,3.0,3.5,4.0,4.5,5.0', '-log-level=WARNING']
2023-11-26 20:05:01;UNIUSDT;30m;3.5;175;28;80;100.0;6;128.28;['-batch-training', '-calc-rsi', '-verbose', '-prediction-mode=index', '-interval-list=30m', '-range-min-rsi=28', '-range-max-rsi=80', '-range-p-ema=50,250', '-target-margin-list=1.0,1.5,2.0,2.5,3.0,3.5,4.0,4.5,5.0', '-log-level=WARNING']
2023-11-26 20:28:58;UNIUSDT;30m;3.5;225;28;80;100.0;5;128.28;['-batch-training', '-calc-rsi', '-verbose', '-prediction-mode=index', '-interval-list=30m', '-range-min-rsi=28', '-range-max-rsi=80', '-range-p-ema=50,250', '-target-margin-list=1.0,1.5,2.0,2.5,3.0,3.5,4.0,4.5,5.0', '-log-level=WARNING']
2023-11-26 20:28:58;UNIUSDT;30m;3.5;225;28;80;100.0;6;128.28;['-batch-training', '-calc-rsi', '-verbose', '-prediction-mode=index', '-interval-list=30m', '-range-min-rsi=28', '-range-max-rsi=80', '-range-p-ema=50,250', '-target-margin-list=1.0,1.5,2.0,2.5,3.0,3.5,4.0,4.5,5.0', '-log-level=WARNING']
2023-11-26 21:12:34;UNIUSDT;30m;3.5;75;28;80;100.0;6;128.28;['-batch-training', '-calc-rsi', '-verbose', '-prediction-mode=index', '-interval-list=30m', '-range-min-rsi=28', '-range-max-rsi=80', '-range-p-ema=50,250', '-target-margin-list=1.0,1.5,2.0,2.5,3.0,3.5,4.0,4.5,5.0', '-log-level=WARNING']
2023-11-26 20:05:01;UNIUSDT;30m;3.5;175;28;80;100.0;7;128.28;['-batch-training', '-calc-rsi', '-verbose', '-prediction-mode=index', '-interval-list=30m', '-range-min-rsi=28', '-range-max-rsi=80', '-range-p-ema=50,250', '-target-margin-list=1.0,1.5,2.0,2.5,3.0,3.5,4.0,4.5,5.0', '-log-level=WARNING']
2023-11-26 21:12:34;UNIUSDT;30m;3.5;75;28;80;100.0;5;128.28;['-batch-training', '-calc-rsi', '-verbose', '-prediction-mode=index', '-interval-list=30m', '-range-min-rsi=28', '-range-max-rsi=80', '-range-p-ema=50,250', '-target-margin-list=1.0,1.5,2.0,2.5,3.0,3.5,4.0,4.5,5.0', '-log-level=WARNING']
2023-11-26 20:16:08;UNIUSDT;30m;3.5;200;28;80;100.0;5;128.28;['-batch-training', '-calc-rsi', '-verbose', '-prediction-mode=index', '-interval-list=30m', '-range-min-rsi=28', '-range-max-rsi=80', '-range-p-ema=50,250', '-target-margin-list=1.0,1.5,2.0,2.5,3.0,3.5,4.0,4.5,5.0', '-log-level=WARNING']
2023-11-26 20:16:08;UNIUSDT;30m;3.5;200;28;80;100.0;7;128.28;['-batch-training', '-calc-rsi', '-verbose', '-prediction-mode=index', '-interval-list=30m', '-range-min-rsi=28', '-range-max-rsi=80', '-range-p-ema=50,250', '-target-margin-list=1.0,1.5,2.0,2.5,3.0,3.5,4.0,4.5,5.0', '-log-level=WARNING']
2023-11-26 20:16:08;UNIUSDT;30m;3.5;200;28;80;100.0;6;128.28;['-batch-training', '-calc-rsi', '-verbose', '-prediction-mode=index', '-interval-list=30m', '-range-min-rsi=28', '-range-max-rsi=80', '-range-p-ema=50,250', '-target-margin-list=1.0,1.5,2.0,2.5,3.0,3.5,4.0,4.5,5.0', '-log-level=WARNING']
2023-11-26 20:56:52;UNIUSDT;30m;3.5;50;28;80;100.0;6;128.28;['-batch-training', '-calc-rsi', '-verbose', '-prediction-mode=index', '-interval-list=30m', '-range-min-rsi=28', '-range-max-rsi=80', '-range-p-ema=50,250', '-target-margin-list=1.0,1.5,2.0,2.5,3.0,3.5,4.0,4.5,5.0', '-log-level=WARNING']
2023-11-26 21:12:34;UNIUSDT;30m;3.5;75;28;80;100.0;7;128.28;['-batch-training', '-calc-rsi', '-verbose', '-prediction-mode=index', '-interval-list=30m', '-range-min-rsi=28', '-range-max-rsi=80', '-range-p-ema=50,250', '-target-margin-list=1.0,1.5,2.0,2.5,3.0,3.5,4.0,4.5,5.0', '-log-level=WARNING']
2023-11-26 20:05:02;UNIUSDT;30m;3.5;175;28;80;100.0;5;128.28;['-batch-training', '-calc-rsi', '-verbose', '-prediction-mode=index', '-interval-list=30m', '-range-min-rsi=28', '-range-max-rsi=80', '-range-p-ema=50,250', '-target-margin-list=1.0,1.5,2.0,2.5,3.0,3.5,4.0,4.5,5.0', '-log-level=WARNING']
2023-11-26 20:42:27;UNIUSDT;30m;3.5;250;28;80;100.0;5;128.28;['-batch-training', '-calc-rsi', '-verbose', '-prediction-mode=index', '-interval-list=30m', '-range-min-rsi=28', '-range-max-rsi=80', '-range-p-ema=50,250', '-target-margin-list=1.0,1.5,2.0,2.5,3.0,3.5,4.0,4.5,5.0', '-log-level=WARNING']
2023-11-26 20:56:52;UNIUSDT;30m;3.5;50;28;80;100.0;5;128.28;['-batch-training', '-calc-rsi', '-verbose', '-prediction-mode=index', '-interval-list=30m', '-range-min-rsi=28', '-range-max-rsi=80', '-range-p-ema=50,250', '-target-margin-list=1.0,1.5,2.0,2.5,3.0,3.5,4.0,4.5,5.0', '-log-level=WARNING']
2023-11-26 19:43:39;UNIUSDT;30m;3.5;125;28;80;100.0;5;128.28;['-batch-training', '-calc-rsi', '-verbose', '-prediction-mode=index', '-interval-list=30m', '-range-min-rsi=28', '-range-max-rsi=80', '-range-p-ema=50,250', '-target-margin-list=1.0,1.5,2.0,2.5,3.0,3.5,4.0,4.5,5.0', '-log-level=WARNING']
2023-11-26 19:54:54;UNIUSDT;30m;3.5;150;28;80;100.0;6;128.28;['-batch-training', '-calc-rsi', '-verbose', '-prediction-mode=index', '-interval-list=30m', '-range-min-rsi=28', '-range-max-rsi=80', '-range-p-ema=50,250', '-target-margin-list=1.0,1.5,2.0,2.5,3.0,3.5,4.0,4.5,5.0', '-log-level=WARNING']
2023-11-26 20:28:58;UNIUSDT;30m;3.5;225;28;80;100.0;7;128.28;['-batch-training', '-calc-rsi', '-verbose', '-prediction-mode=index', '-interval-list=30m', '-range-min-rsi=28', '-range-max-rsi=80', '-range-p-ema=50,250', '-target-margin-list=1.0,1.5,2.0,2.5,3.0,3.5,4.0,4.5,5.0', '-log-level=WARNING']
2023-11-26 19:43:39;UNIUSDT;30m;3.5;125;28;80;100.0;6;128.28;['-batch-training', '-calc-rsi', '-verbose', '-prediction-mode=index', '-interval-list=30m', '-range-min-rsi=28', '-range-max-rsi=80', '-range-p-ema=50,250', '-target-margin-list=1.0,1.5,2.0,2.5,3.0,3.5,4.0,4.5,5.0', '-log-level=WARNING']
2023-11-26 19:32:09;UNIUSDT;30m;3.5;100;28;80;100.0;7;128.28;['-batch-training', '-calc-rsi', '-verbose', '-prediction-mode=index', '-interval-list=30m', '-range-min-rsi=28', '-range-max-rsi=80', '-range-p-ema=50,250', '-target-margin-list=1.0,1.5,2.0,2.5,3.0,3.5,4.0,4.5,5.0', '-log-level=WARNING']
2023-11-26 19:32:09;UNIUSDT;30m;3.5;100;28;80;100.0;6;128.28;['-batch-training', '-calc-rsi', '-verbose', '-prediction-mode=index', '-interval-list=30m', '-range-min-rsi=28', '-range-max-rsi=80', '-range-p-ema=50,250', '-target-margin-list=1.0,1.5,2.0,2.5,3.0,3.5,4.0,4.5,5.0', '-log-level=WARNING']
2023-11-26 20:56:52;UNIUSDT;30m;3.5;50;28;80;100.0;7;128.28;['-batch-training', '-calc-rsi', '-verbose', '-prediction-mode=index', '-interval-list=30m', '-range-min-rsi=28', '-range-max-rsi=80', '-range-p-ema=50,250', '-target-margin-list=1.0,1.5,2.0,2.5,3.0,3.5,4.0,4.5,5.0', '-log-level=WARNING']
2023-11-26 19:54:54;UNIUSDT;30m;3.5;150;28;80;100.0;5;128.28;['-batch-training', '-calc-rsi', '-verbose', '-prediction-mode=index', '-interval-list=30m', '-range-min-rsi=28', '-range-max-rsi=80', '-range-p-ema=50,250', '-target-margin-list=1.0,1.5,2.0,2.5,3.0,3.5,4.0,4.5,5.0', '-log-level=WARNING']
2023-11-26 19:32:09;UNIUSDT;30m;3.5;100;28;80;100.0;5;128.28;['-batch-training', '-calc-rsi', '-verbose', '-prediction-mode=index', '-interval-list=30m', '-range-min-rsi=28', '-range-max-rsi=80', '-range-p-ema=50,250', '-target-margin-list=1.0,1.5,2.0,2.5,3.0,3.5,4.0,4.5,5.0', '-log-level=WARNING']
2023-11-26 19:43:39;UNIUSDT;30m;3.5;125;28;80;100.0;7;128.28;['-batch-training', '-calc-rsi', '-verbose', '-prediction-mode=index', '-interval-list=30m', '-range-min-rsi=28', '-range-max-rsi=80', '-range-p-ema=50,250', '-target-margin-list=1.0,1.5,2.0,2.5,3.0,3.5,4.0,4.5,5.0', '-log-level=WARNING']
2023-11-26 20:42:27;UNIUSDT;30m;3.5;250;28;80;100.0;7;128.28;['-batch-training', '-calc-rsi', '-verbose', '-prediction-mode=index', '-interval-list=30m', '-range-min-rsi=28', '-range-max-rsi=80', '-range-p-ema=50,250', '-target-margin-list=1.0,1.5,2.0,2.5,3.0,3.5,4.0,4.5,5.0', '-log-level=WARNING']
2023-11-26 19:54:54;UNIUSDT;30m;3.5;150;28;80;100.0;7;128.28;['-batch-training', '-calc-rsi', '-verbose', '-prediction-mode=index', '-interval-list=30m', '-range-min-rsi=28', '-range-max-rsi=80', '-range-p-ema=50,250', '-target-margin-list=1.0,1.5,2.0,2.5,3.0,3.5,4.0,4.5,5.0', '-log-level=WARNING']
2023-11-26 20:42:27;UNIUSDT;30m;3.5;250;28;80;100.0;6;128.28;['-batch-training', '-calc-rsi', '-verbose', '-prediction-mode=index', '-interval-list=30m', '-range-min-rsi=28', '-range-max-rsi=80', '-range-p-ema=50,250', '-target-margin-list=1.0,1.5,2.0,2.5,3.0,3.5,4.0,4.5,5.0', '-log-level=WARNING']
2023-11-26 20:40:14;UNIUSDT;30m;3.0;250;36;74;100.0;2;128.31;['-batch-training', '-calc-rsi', '-verbose', '-prediction-mode=index', '-interval-list=30m', '-range-min-rsi=28', '-range-max-rsi=80', '-range-p-ema=50,250', '-target-margin-list=1.0,1.5,2.0,2.5,3.0,3.5,4.0,4.5,5.0', '-log-level=WARNING']
2023-11-26 19:56:40;UNIUSDT;30m;4.5;150;36;74;100.0;2;128.38;['-batch-training', '-calc-rsi', '-verbose', '-prediction-mode=index', '-interval-list=30m', '-range-min-rsi=28', '-range-max-rsi=80', '-range-p-ema=50,250', '-target-margin-list=1.0,1.5,2.0,2.5,3.0,3.5,4.0,4.5,5.0', '-log-level=WARNING']
2023-11-26 19:56:54;UNIUSDT;30m;4.5;150;36;76;100.0;2;128.38;['-batch-training', '-calc-rsi', '-verbose', '-prediction-mode=index', '-interval-list=30m', '-range-min-rsi=28', '-range-max-rsi=80', '-range-p-ema=50,250', '-target-margin-list=1.0,1.5,2.0,2.5,3.0,3.5,4.0,4.5,5.0', '-log-level=WARNING']
2023-11-26 21:06:41;UNIUSDT;30m;2.0;75;34;76;100.0;3;128.42;['-batch-training', '-calc-rsi', '-verbose', '-prediction-mode=index', '-interval-list=30m', '-range-min-rsi=28', '-range-max-rsi=80', '-range-p-ema=50,250', '-target-margin-list=1.0,1.5,2.0,2.5,3.0,3.5,4.0,4.5,5.0', '-log-level=WARNING']
2023-11-26 19:27:59;UNIUSDT;30m;2.0;100;34;76;100.0;3;128.42;['-batch-training', '-calc-rsi', '-verbose', '-prediction-mode=index', '-interval-list=30m', '-range-min-rsi=28', '-range-max-rsi=80', '-range-p-ema=50,250', '-target-margin-list=1.0,1.5,2.0,2.5,3.0,3.5,4.0,4.5,5.0', '-log-level=WARNING']
2023-11-26 20:51:28;UNIUSDT;30m;2.0;50;34;76;100.0;3;128.42;['-batch-training', '-calc-rsi', '-verbose', '-prediction-mode=index', '-interval-list=30m', '-range-min-rsi=28', '-range-max-rsi=80', '-range-p-ema=50,250', '-target-margin-list=1.0,1.5,2.0,2.5,3.0,3.5,4.0,4.5,5.0', '-log-level=WARNING']
2023-11-26 19:41:26;UNIUSDT;30m;3.0;125;30;72;100.0;6;128.42;['-batch-training', '-calc-rsi', '-verbose', '-prediction-mode=index', '-interval-list=30m', '-range-min-rsi=28', '-range-max-rsi=80', '-range-p-ema=50,250', '-target-margin-list=1.0,1.5,2.0,2.5,3.0,3.5,4.0,4.5,5.0', '-log-level=WARNING']
2023-11-26 21:09:26;UNIUSDT;30m;3.0;75;30;72;100.0;6;128.42;['-batch-training', '-calc-rsi', '-verbose', '-prediction-mode=index', '-interval-list=30m', '-range-min-rsi=28', '-range-max-rsi=80', '-range-p-ema=50,250', '-target-margin-list=1.0,1.5,2.0,2.5,3.0,3.5,4.0,4.5,5.0', '-log-level=WARNING']
2023-11-26 19:39:28;UNIUSDT;30m;2.0;125;34;76;100.0;3;128.42;['-batch-training', '-calc-rsi', '-verbose', '-prediction-mode=index', '-interval-list=30m', '-range-min-rsi=28', '-range-max-rsi=80', '-range-p-ema=50,250', '-target-margin-list=1.0,1.5,2.0,2.5,3.0,3.5,4.0,4.5,5.0', '-log-level=WARNING']
2023-11-26 20:26:24;UNIUSDT;30m;3.0;225;30;72;100.0;6;128.42;['-batch-training', '-calc-rsi', '-verbose', '-prediction-mode=index', '-interval-list=30m', '-range-min-rsi=28', '-range-max-rsi=80', '-range-p-ema=50,250', '-target-margin-list=1.0,1.5,2.0,2.5,3.0,3.5,4.0,4.5,5.0', '-log-level=WARNING']
2023-11-26 20:53:59;UNIUSDT;30m;3.0;50;30;72;100.0;6;128.42;['-batch-training', '-calc-rsi', '-verbose', '-prediction-mode=index', '-interval-list=30m', '-range-min-rsi=28', '-range-max-rsi=80', '-range-p-ema=50,250', '-target-margin-list=1.0,1.5,2.0,2.5,3.0,3.5,4.0,4.5,5.0', '-log-level=WARNING']
2023-11-26 19:29:57;UNIUSDT;30m;3.0;100;30;72;100.0;6;128.42;['-batch-training', '-calc-rsi', '-verbose', '-prediction-mode=index', '-interval-list=30m', '-range-min-rsi=28', '-range-max-rsi=80', '-range-p-ema=50,250', '-target-margin-list=1.0,1.5,2.0,2.5,3.0,3.5,4.0,4.5,5.0', '-log-level=WARNING']
2023-11-26 19:52:54;UNIUSDT;30m;3.0;150;30;72;100.0;6;128.42;['-batch-training', '-calc-rsi', '-verbose', '-prediction-mode=index', '-interval-list=30m', '-range-min-rsi=28', '-range-max-rsi=80', '-range-p-ema=50,250', '-target-margin-list=1.0,1.5,2.0,2.5,3.0,3.5,4.0,4.5,5.0', '-log-level=WARNING']
2023-11-26 20:13:45;UNIUSDT;30m;3.0;200;30;72;100.0;6;128.42;['-batch-training', '-calc-rsi', '-verbose', '-prediction-mode=index', '-interval-list=30m', '-range-min-rsi=28', '-range-max-rsi=80', '-range-p-ema=50,250', '-target-margin-list=1.0,1.5,2.0,2.5,3.0,3.5,4.0,4.5,5.0', '-log-level=WARNING']
2023-11-26 20:03:05;UNIUSDT;30m;3.0;175;30;72;100.0;6;128.42;['-batch-training', '-calc-rsi', '-verbose', '-prediction-mode=index', '-interval-list=30m', '-range-min-rsi=28', '-range-max-rsi=80', '-range-p-ema=50,250', '-target-margin-list=1.0,1.5,2.0,2.5,3.0,3.5,4.0,4.5,5.0', '-log-level=WARNING']
2023-11-26 20:25:23;UNIUSDT;30m;2.5;225;34;74;100.0;5;128.43;['-batch-training', '-calc-rsi', '-verbose', '-prediction-mode=index', '-interval-list=30m', '-range-min-rsi=28', '-range-max-rsi=80', '-range-p-ema=50,250', '-target-margin-list=1.0,1.5,2.0,2.5,3.0,3.5,4.0,4.5,5.0', '-log-level=WARNING']
2023-11-26 19:56:08;UNIUSDT;30m;4.0;150;32;80;100.0;2;128.46;['-batch-training', '-calc-rsi', '-verbose', '-prediction-mode=index', '-interval-list=30m', '-range-min-rsi=28', '-range-max-rsi=80', '-range-p-ema=50,250', '-target-margin-list=1.0,1.5,2.0,2.5,3.0,3.5,4.0,4.5,5.0', '-log-level=WARNING']
2023-11-26 20:17:36;UNIUSDT;30m;4.0;200;32;80;100.0;2;128.46;['-batch-training', '-calc-rsi', '-verbose', '-prediction-mode=index', '-interval-list=30m', '-range-min-rsi=28', '-range-max-rsi=80', '-range-p-ema=50,250', '-target-margin-list=1.0,1.5,2.0,2.5,3.0,3.5,4.0,4.5,5.0', '-log-level=WARNING']
2023-11-26 20:30:32;UNIUSDT;30m;4.0;225;32;80;100.0;2;128.46;['-batch-training', '-calc-rsi', '-verbose', '-prediction-mode=index', '-interval-list=30m', '-range-min-rsi=28', '-range-max-rsi=80', '-range-p-ema=50,250', '-target-margin-list=1.0,1.5,2.0,2.5,3.0,3.5,4.0,4.5,5.0', '-log-level=WARNING']
2023-11-26 20:44:08;UNIUSDT;30m;4.0;250;32;80;100.0;2;128.46;['-batch-training', '-calc-rsi', '-verbose', '-prediction-mode=index', '-interval-list=30m', '-range-min-rsi=28', '-range-max-rsi=80', '-range-p-ema=50,250', '-target-margin-list=1.0,1.5,2.0,2.5,3.0,3.5,4.0,4.5,5.0', '-log-level=WARNING']
2023-11-26 20:06:13;UNIUSDT;30m;4.0;175;32;80;100.0;2;128.46;['-batch-training', '-calc-rsi', '-verbose', '-prediction-mode=index', '-interval-list=30m', '-range-min-rsi=28', '-range-max-rsi=80', '-range-p-ema=50,250', '-target-margin-list=1.0,1.5,2.0,2.5,3.0,3.5,4.0,4.5,5.0', '-log-level=WARNING']
2023-11-26 20:07:11;UNIUSDT;30m;4.5;175;36;78;100.0;3;128.5;['-batch-training', '-calc-rsi', '-verbose', '-prediction-mode=index', '-interval-list=30m', '-range-min-rsi=28', '-range-max-rsi=80', '-range-p-ema=50,250', '-target-margin-list=1.0,1.5,2.0,2.5,3.0,3.5,4.0,4.5,5.0', '-log-level=WARNING']
2023-11-26 20:18:49;UNIUSDT;30m;4.5;200;36;78;100.0;3;128.5;['-batch-training', '-calc-rsi', '-verbose', '-prediction-mode=index', '-interval-list=30m', '-range-min-rsi=28', '-range-max-rsi=80', '-range-p-ema=50,250', '-target-margin-list=1.0,1.5,2.0,2.5,3.0,3.5,4.0,4.5,5.0', '-log-level=WARNING']
2023-11-26 20:00:04;UNIUSDT;30m;1.5;175;36;74;100.0;6;128.51;['-batch-training', '-calc-rsi', '-verbose', '-prediction-mode=index', '-interval-list=30m', '-range-min-rsi=28', '-range-max-rsi=80', '-range-p-ema=50,250', '-target-margin-list=1.0,1.5,2.0,2.5,3.0,3.5,4.0,4.5,5.0', '-log-level=WARNING']
2023-11-26 20:25:02;UNIUSDT;30m;2.5;225;32;72;100.0;3;128.51;['-batch-training', '-calc-rsi', '-verbose', '-prediction-mode=index', '-interval-list=30m', '-range-min-rsi=28', '-range-max-rsi=80', '-range-p-ema=50,250', '-target-margin-list=1.0,1.5,2.0,2.5,3.0,3.5,4.0,4.5,5.0', '-log-level=WARNING']
2023-11-26 20:46:55;UNIUSDT;30m;5.0;250;32;78;100.0;2;128.52;['-batch-training', '-calc-rsi', '-verbose', '-prediction-mode=index', '-interval-list=30m', '-range-min-rsi=28', '-range-max-rsi=80', '-range-p-ema=50,250', '-target-margin-list=1.0,1.5,2.0,2.5,3.0,3.5,4.0,4.5,5.0', '-log-level=WARNING']
2023-11-26 20:20:06;UNIUSDT;30m;5.0;200;32;78;100.0;2;128.52;['-batch-training', '-calc-rsi', '-verbose', '-prediction-mode=index', '-interval-list=30m', '-range-min-rsi=28', '-range-max-rsi=80', '-range-p-ema=50,250', '-target-margin-list=1.0,1.5,2.0,2.5,3.0,3.5,4.0,4.5,5.0', '-log-level=WARNING']
2023-11-26 20:08:11;UNIUSDT;30m;5.0;175;32;78;100.0;2;128.52;['-batch-training', '-calc-rsi', '-verbose', '-prediction-mode=index', '-interval-list=30m', '-range-min-rsi=28', '-range-max-rsi=80', '-range-p-ema=50,250', '-target-margin-list=1.0,1.5,2.0,2.5,3.0,3.5,4.0,4.5,5.0', '-log-level=WARNING']
2023-11-26 20:33:11;UNIUSDT;30m;5.0;225;32;78;100.0;2;128.52;['-batch-training', '-calc-rsi', '-verbose', '-prediction-mode=index', '-interval-list=30m', '-range-min-rsi=28', '-range-max-rsi=80', '-range-p-ema=50,250', '-target-margin-list=1.0,1.5,2.0,2.5,3.0,3.5,4.0,4.5,5.0', '-log-level=WARNING']
2023-11-26 19:58:09;UNIUSDT;30m;5.0;150;32;78;100.0;2;128.52;['-batch-training', '-calc-rsi', '-verbose', '-prediction-mode=index', '-interval-list=30m', '-range-min-rsi=28', '-range-max-rsi=80', '-range-p-ema=50,250', '-target-margin-list=1.0,1.5,2.0,2.5,3.0,3.5,4.0,4.5,5.0', '-log-level=WARNING']
2023-11-26 19:35:25;UNIUSDT;30m;5.0;100;30;76;100.0;2;128.53;['-batch-training', '-calc-rsi', '-verbose', '-prediction-mode=index', '-interval-list=30m', '-range-min-rsi=28', '-range-max-rsi=80', '-range-p-ema=50,250', '-target-margin-list=1.0,1.5,2.0,2.5,3.0,3.5,4.0,4.5,5.0', '-log-level=WARNING']
2023-11-26 21:01:15;UNIUSDT;30m;5.0;50;30;76;100.0;2;128.53;['-batch-training', '-calc-rsi', '-verbose', '-prediction-mode=index', '-interval-list=30m', '-range-min-rsi=28', '-range-max-rsi=80', '-range-p-ema=50,250', '-target-margin-list=1.0,1.5,2.0,2.5,3.0,3.5,4.0,4.5,5.0', '-log-level=WARNING']
2023-11-26 20:10:12;UNIUSDT;30m;1.5;200;36;74;100.0;6;128.53;['-batch-training', '-calc-rsi', '-verbose', '-prediction-mode=index', '-interval-list=30m', '-range-min-rsi=28', '-range-max-rsi=80', '-range-p-ema=50,250', '-target-margin-list=1.0,1.5,2.0,2.5,3.0,3.5,4.0,4.5,5.0', '-log-level=WARNING']
2023-11-26 19:47:01;UNIUSDT;30m;5.0;125;30;76;100.0;2;128.53;['-batch-training', '-calc-rsi', '-verbose', '-prediction-mode=index', '-interval-list=30m', '-range-min-rsi=28', '-range-max-rsi=80', '-range-p-ema=50,250', '-target-margin-list=1.0,1.5,2.0,2.5,3.0,3.5,4.0,4.5,5.0', '-log-level=WARNING']
2023-11-26 21:10:00;UNIUSDT;30m;3.0;75;36;74;100.0;4;128.53;['-batch-training', '-calc-rsi', '-verbose', '-prediction-mode=index', '-interval-list=30m', '-range-min-rsi=28', '-range-max-rsi=80', '-range-p-ema=50,250', '-target-margin-list=1.0,1.5,2.0,2.5,3.0,3.5,4.0,4.5,5.0', '-log-level=WARNING']
2023-11-26 21:16:33;UNIUSDT;30m;5.0;75;30;76;100.0;2;128.53;['-batch-training', '-calc-rsi', '-verbose', '-prediction-mode=index', '-interval-list=30m', '-range-min-rsi=28', '-range-max-rsi=80', '-range-p-ema=50,250', '-target-margin-list=1.0,1.5,2.0,2.5,3.0,3.5,4.0,4.5,5.0', '-log-level=WARNING']
2023-11-26 20:32:49;UNIUSDT;30m;5.0;225;30;76;100.0;2;128.53;['-batch-training', '-calc-rsi', '-verbose', '-prediction-mode=index', '-interval-list=30m', '-range-min-rsi=28', '-range-max-rsi=80', '-range-p-ema=50,250', '-target-margin-list=1.0,1.5,2.0,2.5,3.0,3.5,4.0,4.5,5.0', '-log-level=WARNING']
2023-11-26 19:41:50;UNIUSDT;30m;3.0;125;36;74;100.0;4;128.53;['-batch-training', '-calc-rsi', '-verbose', '-prediction-mode=index', '-interval-list=30m', '-range-min-rsi=28', '-range-max-rsi=80', '-range-p-ema=50,250', '-target-margin-list=1.0,1.5,2.0,2.5,3.0,3.5,4.0,4.5,5.0', '-log-level=WARNING']
2023-11-26 20:07:56;UNIUSDT;30m;5.0;175;30;76;100.0;2;128.53;['-batch-training', '-calc-rsi', '-verbose', '-prediction-mode=index', '-interval-list=30m', '-range-min-rsi=28', '-range-max-rsi=80', '-range-p-ema=50,250', '-target-margin-list=1.0,1.5,2.0,2.5,3.0,3.5,4.0,4.5,5.0', '-log-level=WARNING']
2023-11-26 20:19:46;UNIUSDT;30m;5.0;200;30;76;100.0;2;128.53;['-batch-training', '-calc-rsi', '-verbose', '-prediction-mode=index', '-interval-list=30m', '-range-min-rsi=28', '-range-max-rsi=80', '-range-p-ema=50,250', '-target-margin-list=1.0,1.5,2.0,2.5,3.0,3.5,4.0,4.5,5.0', '-log-level=WARNING']
2023-11-26 19:57:53;UNIUSDT;30m;5.0;150;30;76;100.0;2;128.53;['-batch-training', '-calc-rsi', '-verbose', '-prediction-mode=index', '-interval-list=30m', '-range-min-rsi=28', '-range-max-rsi=80', '-range-p-ema=50,250', '-target-margin-list=1.0,1.5,2.0,2.5,3.0,3.5,4.0,4.5,5.0', '-log-level=WARNING']
2023-11-26 20:46:33;UNIUSDT;30m;5.0;250;30;76;100.0;2;128.53;['-batch-training', '-calc-rsi', '-verbose', '-prediction-mode=index', '-interval-list=30m', '-range-min-rsi=28', '-range-max-rsi=80', '-range-p-ema=50,250', '-target-margin-list=1.0,1.5,2.0,2.5,3.0,3.5,4.0,4.5,5.0', '-log-level=WARNING']
2023-11-26 20:54:30;UNIUSDT;30m;3.0;50;36;74;100.0;4;128.53;['-batch-training', '-calc-rsi', '-verbose', '-prediction-mode=index', '-interval-list=30m', '-range-min-rsi=28', '-range-max-rsi=80', '-range-p-ema=50,250', '-target-margin-list=1.0,1.5,2.0,2.5,3.0,3.5,4.0,4.5,5.0', '-log-level=WARNING']
2023-11-26 19:30:20;UNIUSDT;30m;3.0;100;36;74;100.0;4;128.53;['-batch-training', '-calc-rsi', '-verbose', '-prediction-mode=index', '-interval-list=30m', '-range-min-rsi=28', '-range-max-rsi=80', '-range-p-ema=50,250', '-target-margin-list=1.0,1.5,2.0,2.5,3.0,3.5,4.0,4.5,5.0', '-log-level=WARNING']
2023-11-26 20:04:06;UNIUSDT;30m;3.0;175;36;80;100.0;3;128.55;['-batch-training', '-calc-rsi', '-verbose', '-prediction-mode=index', '-interval-list=30m', '-range-min-rsi=28', '-range-max-rsi=80', '-range-p-ema=50,250', '-target-margin-list=1.0,1.5,2.0,2.5,3.0,3.5,4.0,4.5,5.0', '-log-level=WARNING']
2023-11-26 20:14:59;UNIUSDT;30m;3.0;200;36;80;100.0;3;128.55;['-batch-training', '-calc-rsi', '-verbose', '-prediction-mode=index', '-interval-list=30m', '-range-min-rsi=28', '-range-max-rsi=80', '-range-p-ema=50,250', '-target-margin-list=1.0,1.5,2.0,2.5,3.0,3.5,4.0,4.5,5.0', '-log-level=WARNING']
2023-11-26 20:44:48;UNIUSDT;30m;4.5;250;34;74;100.0;2;128.63;['-batch-training', '-calc-rsi', '-verbose', '-prediction-mode=index', '-interval-list=30m', '-range-min-rsi=28', '-range-max-rsi=80', '-range-p-ema=50,250', '-target-margin-list=1.0,1.5,2.0,2.5,3.0,3.5,4.0,4.5,5.0', '-log-level=WARNING']
2023-11-26 20:31:10;UNIUSDT;30m;4.5;225;34;74;100.0;2;128.63;['-batch-training', '-calc-rsi', '-verbose', '-prediction-mode=index', '-interval-list=30m', '-range-min-rsi=28', '-range-max-rsi=80', '-range-p-ema=50,250', '-target-margin-list=1.0,1.5,2.0,2.5,3.0,3.5,4.0,4.5,5.0', '-log-level=WARNING']
2023-11-26 20:43:56;UNIUSDT;30m;4.0;250;36;78;100.0;2;128.64;['-batch-training', '-calc-rsi', '-verbose', '-prediction-mode=index', '-interval-list=30m', '-range-min-rsi=28', '-range-max-rsi=80', '-range-p-ema=50,250', '-target-margin-list=1.0,1.5,2.0,2.5,3.0,3.5,4.0,4.5,5.0', '-log-level=WARNING']
2023-11-26 20:30:21;UNIUSDT;30m;4.0;225;36;78;100.0;2;128.64;['-batch-training', '-calc-rsi', '-verbose', '-prediction-mode=index', '-interval-list=30m', '-range-min-rsi=28', '-range-max-rsi=80', '-range-p-ema=50,250', '-target-margin-list=1.0,1.5,2.0,2.5,3.0,3.5,4.0,4.5,5.0', '-log-level=WARNING']
2023-11-26 20:41:25;UNIUSDT;30m;3.5;250;34;72;100.0;2;128.66;['-batch-training', '-calc-rsi', '-verbose', '-prediction-mode=index', '-interval-list=30m', '-range-min-rsi=28', '-range-max-rsi=80', '-range-p-ema=50,250', '-target-margin-list=1.0,1.5,2.0,2.5,3.0,3.5,4.0,4.5,5.0', '-log-level=WARNING']
2023-11-26 19:57:05;UNIUSDT;30m;4.5;150;34;78;100.0;3;128.69;['-batch-training', '-calc-rsi', '-verbose', '-prediction-mode=index', '-interval-list=30m', '-range-min-rsi=28', '-range-max-rsi=80', '-range-p-ema=50,250', '-target-margin-list=1.0,1.5,2.0,2.5,3.0,3.5,4.0,4.5,5.0', '-log-level=WARNING']
2023-11-26 20:07:08;UNIUSDT;30m;4.5;175;34;78;100.0;3;128.69;['-batch-training', '-calc-rsi', '-verbose', '-prediction-mode=index', '-interval-list=30m', '-range-min-rsi=28', '-range-max-rsi=80', '-range-p-ema=50,250', '-target-margin-list=1.0,1.5,2.0,2.5,3.0,3.5,4.0,4.5,5.0', '-log-level=WARNING']
2023-11-26 20:18:46;UNIUSDT;30m;4.5;200;34;78;100.0;3;128.69;['-batch-training', '-calc-rsi', '-verbose', '-prediction-mode=index', '-interval-list=30m', '-range-min-rsi=28', '-range-max-rsi=80', '-range-p-ema=50,250', '-target-margin-list=1.0,1.5,2.0,2.5,3.0,3.5,4.0,4.5,5.0', '-log-level=WARNING']
2023-11-26 21:15:33;UNIUSDT;30m;4.5;75;34;78;100.0;2;128.71;['-batch-training', '-calc-rsi', '-verbose', '-prediction-mode=index', '-interval-list=30m', '-range-min-rsi=28', '-range-max-rsi=80', '-range-p-ema=50,250', '-target-margin-list=1.0,1.5,2.0,2.5,3.0,3.5,4.0,4.5,5.0', '-log-level=WARNING']
2023-11-26 21:00:03;UNIUSDT;30m;4.5;50;34;78;100.0;2;128.71;['-batch-training', '-calc-rsi', '-verbose', '-prediction-mode=index', '-interval-list=30m', '-range-min-rsi=28', '-range-max-rsi=80', '-range-p-ema=50,250', '-target-margin-list=1.0,1.5,2.0,2.5,3.0,3.5,4.0,4.5,5.0', '-log-level=WARNING']
2023-11-26 19:34:30;UNIUSDT;30m;4.5;100;34;78;100.0;2;128.71;['-batch-training', '-calc-rsi', '-verbose', '-prediction-mode=index', '-interval-list=30m', '-range-min-rsi=28', '-range-max-rsi=80', '-range-p-ema=50,250', '-target-margin-list=1.0,1.5,2.0,2.5,3.0,3.5,4.0,4.5,5.0', '-log-level=WARNING']
2023-11-26 19:46:05;UNIUSDT;30m;4.5;125;34;78;100.0;2;128.71;['-batch-training', '-calc-rsi', '-verbose', '-prediction-mode=index', '-interval-list=30m', '-range-min-rsi=28', '-range-max-rsi=80', '-range-p-ema=50,250', '-target-margin-list=1.0,1.5,2.0,2.5,3.0,3.5,4.0,4.5,5.0', '-log-level=WARNING']
2023-11-26 19:42:18;UNIUSDT;30m;3.0;125;34;78;100.0;4;128.72;['-batch-training', '-calc-rsi', '-verbose', '-prediction-mode=index', '-interval-list=30m', '-range-min-rsi=28', '-range-max-rsi=80', '-range-p-ema=50,250', '-target-margin-list=1.0,1.5,2.0,2.5,3.0,3.5,4.0,4.5,5.0', '-log-level=WARNING']
2023-11-26 21:10:38;UNIUSDT;30m;3.0;75;34;78;100.0;4;128.72;['-batch-training', '-calc-rsi', '-verbose', '-prediction-mode=index', '-interval-list=30m', '-range-min-rsi=28', '-range-max-rsi=80', '-range-p-ema=50,250', '-target-margin-list=1.0,1.5,2.0,2.5,3.0,3.5,4.0,4.5,5.0', '-log-level=WARNING']
2023-11-26 20:55:05;UNIUSDT;30m;3.0;50;34;78;100.0;4;128.72;['-batch-training', '-calc-rsi', '-verbose', '-prediction-mode=index', '-interval-list=30m', '-range-min-rsi=28', '-range-max-rsi=80', '-range-p-ema=50,250', '-target-margin-list=1.0,1.5,2.0,2.5,3.0,3.5,4.0,4.5,5.0', '-log-level=WARNING']
2023-11-26 19:30:48;UNIUSDT;30m;3.0;100;34;78;100.0;4;128.72;['-batch-training', '-calc-rsi', '-verbose', '-prediction-mode=index', '-interval-list=30m', '-range-min-rsi=28', '-range-max-rsi=80', '-range-p-ema=50,250', '-target-margin-list=1.0,1.5,2.0,2.5,3.0,3.5,4.0,4.5,5.0', '-log-level=WARNING']
2023-11-26 20:36:51;UNIUSDT;30m;2.0;250;34;72;100.0;4;128.75;['-batch-training', '-calc-rsi', '-verbose', '-prediction-mode=index', '-interval-list=30m', '-range-min-rsi=28', '-range-max-rsi=80', '-range-p-ema=50,250', '-target-margin-list=1.0,1.5,2.0,2.5,3.0,3.5,4.0,4.5,5.0', '-log-level=WARNING']
2023-11-26 19:51:44;UNIUSDT;30m;2.5;150;32;72;100.0;3;128.76;['-batch-training', '-calc-rsi', '-verbose', '-prediction-mode=index', '-interval-list=30m', '-range-min-rsi=28', '-range-max-rsi=80', '-range-p-ema=50,250', '-target-margin-list=1.0,1.5,2.0,2.5,3.0,3.5,4.0,4.5,5.0', '-log-level=WARNING']
2023-11-26 20:02:01;UNIUSDT;30m;2.5;175;32;72;100.0;3;128.76;['-batch-training', '-calc-rsi', '-verbose', '-prediction-mode=index', '-interval-list=30m', '-range-min-rsi=28', '-range-max-rsi=80', '-range-p-ema=50,250', '-target-margin-list=1.0,1.5,2.0,2.5,3.0,3.5,4.0,4.5,5.0', '-log-level=WARNING']
2023-11-26 19:50:47;UNIUSDT;30m;2.0;150;36;74;100.0;5;128.79;['-batch-training', '-calc-rsi', '-verbose', '-prediction-mode=index', '-interval-list=30m', '-range-min-rsi=28', '-range-max-rsi=80', '-range-p-ema=50,250', '-target-margin-list=1.0,1.5,2.0,2.5,3.0,3.5,4.0,4.5,5.0', '-log-level=WARNING']
2023-11-26 19:54:48;UNIUSDT;30m;3.5;150;34;78;100.0;3;128.8;['-batch-training', '-calc-rsi', '-verbose', '-prediction-mode=index', '-interval-list=30m', '-range-min-rsi=28', '-range-max-rsi=80', '-range-p-ema=50,250', '-target-margin-list=1.0,1.5,2.0,2.5,3.0,3.5,4.0,4.5,5.0', '-log-level=WARNING']
2023-11-26 20:39:56;UNIUSDT;30m;3.0;250;36;72;100.0;6;128.8;['-batch-training', '-calc-rsi', '-verbose', '-prediction-mode=index', '-interval-list=30m', '-range-min-rsi=28', '-range-max-rsi=80', '-range-p-ema=50,250', '-target-margin-list=1.0,1.5,2.0,2.5,3.0,3.5,4.0,4.5,5.0', '-log-level=WARNING']
2023-11-26 20:16:01;UNIUSDT;30m;3.5;200;34;78;100.0;3;128.8;['-batch-training', '-calc-rsi', '-verbose', '-prediction-mode=index', '-interval-list=30m', '-range-min-rsi=28', '-range-max-rsi=80', '-range-p-ema=50,250', '-target-margin-list=1.0,1.5,2.0,2.5,3.0,3.5,4.0,4.5,5.0', '-log-level=WARNING']
2023-11-26 20:04:56;UNIUSDT;30m;3.5;175;34;78;100.0;3;128.8;['-batch-training', '-calc-rsi', '-verbose', '-prediction-mode=index', '-interval-list=30m', '-range-min-rsi=28', '-range-max-rsi=80', '-range-p-ema=50,250', '-target-margin-list=1.0,1.5,2.0,2.5,3.0,3.5,4.0,4.5,5.0', '-log-level=WARNING']
2023-11-26 20:39:33;UNIUSDT;30m;2.5;250;34;80;100.0;7;128.81;['-batch-training', '-calc-rsi', '-verbose', '-prediction-mode=index', '-interval-list=30m', '-range-min-rsi=28', '-range-max-rsi=80', '-range-p-ema=50,250', '-target-margin-list=1.0,1.5,2.0,2.5,3.0,3.5,4.0,4.5,5.0', '-log-level=WARNING']
2023-11-26 20:13:03;UNIUSDT;30m;2.5;200;34;76;100.0;5;128.81;['-batch-training', '-calc-rsi', '-verbose', '-prediction-mode=index', '-interval-list=30m', '-range-min-rsi=28', '-range-max-rsi=80', '-range-p-ema=50,250', '-target-margin-list=1.0,1.5,2.0,2.5,3.0,3.5,4.0,4.5,5.0', '-log-level=WARNING']
2023-11-26 20:38:39;UNIUSDT;30m;2.5;250;34;74;100.0;5;128.85;['-batch-training', '-calc-rsi', '-verbose', '-prediction-mode=index', '-interval-list=30m', '-range-min-rsi=28', '-range-max-rsi=80', '-range-p-ema=50,250', '-target-margin-list=1.0,1.5,2.0,2.5,3.0,3.5,4.0,4.5,5.0', '-log-level=WARNING']
2023-11-26 20:39:51;UNIUSDT;30m;3.0;250;34;72;100.0;4;128.86;['-batch-training', '-calc-rsi', '-verbose', '-prediction-mode=index', '-interval-list=30m', '-range-min-rsi=28', '-range-max-rsi=80', '-range-p-ema=50,250', '-target-margin-list=1.0,1.5,2.0,2.5,3.0,3.5,4.0,4.5,5.0', '-log-level=WARNING']
2023-11-26 20:42:20;UNIUSDT;30m;3.5;250;34;78;100.0;3;128.96;['-batch-training', '-calc-rsi', '-verbose', '-prediction-mode=index', '-interval-list=30m', '-range-min-rsi=28', '-range-max-rsi=80', '-range-p-ema=50,250', '-target-margin-list=1.0,1.5,2.0,2.5,3.0,3.5,4.0,4.5,5.0', '-log-level=WARNING']
2023-11-26 21:10:55;UNIUSDT;30m;3.0;75;32;80;100.0;3;128.98;['-batch-training', '-calc-rsi', '-verbose', '-prediction-mode=index', '-interval-list=30m', '-range-min-rsi=28', '-range-max-rsi=80', '-range-p-ema=50,250', '-target-margin-list=1.0,1.5,2.0,2.5,3.0,3.5,4.0,4.5,5.0', '-log-level=WARNING']
2023-11-26 20:55:22;UNIUSDT;30m;3.0;50;32;80;100.0;3;128.98;['-batch-training', '-calc-rsi', '-verbose', '-prediction-mode=index', '-interval-list=30m', '-range-min-rsi=28', '-range-max-rsi=80', '-range-p-ema=50,250', '-target-margin-list=1.0,1.5,2.0,2.5,3.0,3.5,4.0,4.5,5.0', '-log-level=WARNING']
2023-11-26 19:31:00;UNIUSDT;30m;3.0;100;32;80;100.0;3;128.98;['-batch-training', '-calc-rsi', '-verbose', '-prediction-mode=index', '-interval-list=30m', '-range-min-rsi=28', '-range-max-rsi=80', '-range-p-ema=50,250', '-target-margin-list=1.0,1.5,2.0,2.5,3.0,3.5,4.0,4.5,5.0', '-log-level=WARNING']
2023-11-26 19:42:30;UNIUSDT;30m;3.0;125;32;80;100.0;3;128.98;['-batch-training', '-calc-rsi', '-verbose', '-prediction-mode=index', '-interval-list=30m', '-range-min-rsi=28', '-range-max-rsi=80', '-range-p-ema=50,250', '-target-margin-list=1.0,1.5,2.0,2.5,3.0,3.5,4.0,4.5,5.0', '-log-level=WARNING']
2023-11-26 19:39:13;UNIUSDT;30m;2.0;125;34;74;100.0;4;129.02;['-batch-training', '-calc-rsi', '-verbose', '-prediction-mode=index', '-interval-list=30m', '-range-min-rsi=28', '-range-max-rsi=80', '-range-p-ema=50,250', '-target-margin-list=1.0,1.5,2.0,2.5,3.0,3.5,4.0,4.5,5.0', '-log-level=WARNING']
2023-11-26 19:27:44;UNIUSDT;30m;2.0;100;34;74;100.0;4;129.02;['-batch-training', '-calc-rsi', '-verbose', '-prediction-mode=index', '-interval-list=30m', '-range-min-rsi=28', '-range-max-rsi=80', '-range-p-ema=50,250', '-target-margin-list=1.0,1.5,2.0,2.5,3.0,3.5,4.0,4.5,5.0', '-log-level=WARNING']
2023-11-26 20:51:08;UNIUSDT;30m;2.0;50;34;74;100.0;4;129.02;['-batch-training', '-calc-rsi', '-verbose', '-prediction-mode=index', '-interval-list=30m', '-range-min-rsi=28', '-range-max-rsi=80', '-range-p-ema=50,250', '-target-margin-list=1.0,1.5,2.0,2.5,3.0,3.5,4.0,4.5,5.0', '-log-level=WARNING']
2023-11-26 21:06:19;UNIUSDT;30m;2.0;75;34;74;100.0;4;129.02;['-batch-training', '-calc-rsi', '-verbose', '-prediction-mode=index', '-interval-list=30m', '-range-min-rsi=28', '-range-max-rsi=80', '-range-p-ema=50,250', '-target-margin-list=1.0,1.5,2.0,2.5,3.0,3.5,4.0,4.5,5.0', '-log-level=WARNING']
2023-11-26 20:32:39;UNIUSDT;30m;5.0;225;34;74;100.0;2;129.04;['-batch-training', '-calc-rsi', '-verbose', '-prediction-mode=index', '-interval-list=30m', '-range-min-rsi=28', '-range-max-rsi=80', '-range-p-ema=50,250', '-target-margin-list=1.0,1.5,2.0,2.5,3.0,3.5,4.0,4.5,5.0', '-log-level=WARNING']
2023-11-26 20:32:56;UNIUSDT;30m;5.0;225;34;76;100.0;2;129.04;['-batch-training', '-calc-rsi', '-verbose', '-prediction-mode=index', '-interval-list=30m', '-range-min-rsi=28', '-range-max-rsi=80', '-range-p-ema=50,250', '-target-margin-list=1.0,1.5,2.0,2.5,3.0,3.5,4.0,4.5,5.0', '-log-level=WARNING']
2023-11-26 20:33:32;UNIUSDT;30m;5.0;225;34;80;100.0;2;129.04;['-batch-training', '-calc-rsi', '-verbose', '-prediction-mode=index', '-interval-list=30m', '-range-min-rsi=28', '-range-max-rsi=80', '-range-p-ema=50,250', '-target-margin-list=1.0,1.5,2.0,2.5,3.0,3.5,4.0,4.5,5.0', '-log-level=WARNING']
2023-11-26 20:47:18;UNIUSDT;30m;5.0;250;34;80;100.0;2;129.04;['-batch-training', '-calc-rsi', '-verbose', '-prediction-mode=index', '-interval-list=30m', '-range-min-rsi=28', '-range-max-rsi=80', '-range-p-ema=50,250', '-target-margin-list=1.0,1.5,2.0,2.5,3.0,3.5,4.0,4.5,5.0', '-log-level=WARNING']
2023-11-26 20:46:21;UNIUSDT;30m;5.0;250;34;74;100.0;2;129.04;['-batch-training', '-calc-rsi', '-verbose', '-prediction-mode=index', '-interval-list=30m', '-range-min-rsi=28', '-range-max-rsi=80', '-range-p-ema=50,250', '-target-margin-list=1.0,1.5,2.0,2.5,3.0,3.5,4.0,4.5,5.0', '-log-level=WARNING']
2023-11-26 20:32:21;UNIUSDT;30m;5.0;225;34;72;100.0;2;129.04;['-batch-training', '-calc-rsi', '-verbose', '-prediction-mode=index', '-interval-list=30m', '-range-min-rsi=28', '-range-max-rsi=80', '-range-p-ema=50,250', '-target-margin-list=1.0,1.5,2.0,2.5,3.0,3.5,4.0,4.5,5.0', '-log-level=WARNING']
2023-11-26 20:46:40;UNIUSDT;30m;5.0;250;34;76;100.0;2;129.04;['-batch-training', '-calc-rsi', '-verbose', '-prediction-mode=index', '-interval-list=30m', '-range-min-rsi=28', '-range-max-rsi=80', '-range-p-ema=50,250', '-target-margin-list=1.0,1.5,2.0,2.5,3.0,3.5,4.0,4.5,5.0', '-log-level=WARNING']
2023-11-26 20:46:03;UNIUSDT;30m;5.0;250;34;72;100.0;2;129.04;['-batch-training', '-calc-rsi', '-verbose', '-prediction-mode=index', '-interval-list=30m', '-range-min-rsi=28', '-range-max-rsi=80', '-range-p-ema=50,250', '-target-margin-list=1.0,1.5,2.0,2.5,3.0,3.5,4.0,4.5,5.0', '-log-level=WARNING']
2023-11-26 19:25:23;UNIUSDT;30m;1.0;100;34;76;100.0;4;129.05;['-batch-training', '-calc-rsi', '-verbose', '-prediction-mode=index', '-interval-list=30m', '-range-min-rsi=28', '-range-max-rsi=80', '-range-p-ema=50,250', '-target-margin-list=1.0,1.5,2.0,2.5,3.0,3.5,4.0,4.5,5.0', '-log-level=WARNING']
2023-11-26 21:03:06;UNIUSDT;30m;1.0;75;34;76;100.0;4;129.05;['-batch-training', '-calc-rsi', '-verbose', '-prediction-mode=index', '-interval-list=30m', '-range-min-rsi=28', '-range-max-rsi=80', '-range-p-ema=50,250', '-target-margin-list=1.0,1.5,2.0,2.5,3.0,3.5,4.0,4.5,5.0', '-log-level=WARNING']
2023-11-26 19:36:51;UNIUSDT;30m;1.0;125;34;76;100.0;4;129.05;['-batch-training', '-calc-rsi', '-verbose', '-prediction-mode=index', '-interval-list=30m', '-range-min-rsi=28', '-range-max-rsi=80', '-range-p-ema=50,250', '-target-margin-list=1.0,1.5,2.0,2.5,3.0,3.5,4.0,4.5,5.0', '-log-level=WARNING']
2023-11-26 20:48:15;UNIUSDT;30m;1.0;50;34;76;100.0;4;129.05;['-batch-training', '-calc-rsi', '-verbose', '-prediction-mode=index', '-interval-list=30m', '-range-min-rsi=28', '-range-max-rsi=80', '-range-p-ema=50,250', '-target-margin-list=1.0,1.5,2.0,2.5,3.0,3.5,4.0,4.5,5.0', '-log-level=WARNING']
2023-11-26 20:24:17;UNIUSDT;30m;2.0;225;36;76;100.0;4;129.06;['-batch-training', '-calc-rsi', '-verbose', '-prediction-mode=index', '-interval-list=30m', '-range-min-rsi=28', '-range-max-rsi=80', '-range-p-ema=50,250', '-target-margin-list=1.0,1.5,2.0,2.5,3.0,3.5,4.0,4.5,5.0', '-log-level=WARNING']
2023-11-26 19:56:10;UNIUSDT;30m;4.0;150;34;80;100.0;2;129.09;['-batch-training', '-calc-rsi', '-verbose', '-prediction-mode=index', '-interval-list=30m', '-range-min-rsi=28', '-range-max-rsi=80', '-range-p-ema=50,250', '-target-margin-list=1.0,1.5,2.0,2.5,3.0,3.5,4.0,4.5,5.0', '-log-level=WARNING']
2023-11-26 20:01:39;UNIUSDT;30m;2.0;175;36;78;100.0;4;129.11;['-batch-training', '-calc-rsi', '-verbose', '-prediction-mode=index', '-interval-list=30m', '-range-min-rsi=28', '-range-max-rsi=80', '-range-p-ema=50,250', '-target-margin-list=1.0,1.5,2.0,2.5,3.0,3.5,4.0,4.5,5.0', '-log-level=WARNING']
2023-11-26 20:14:56;UNIUSDT;30m;3.0;200;34;80;100.0;3;129.12;['-batch-training', '-calc-rsi', '-verbose', '-prediction-mode=index', '-interval-list=30m', '-range-min-rsi=28', '-range-max-rsi=80', '-range-p-ema=50,250', '-target-margin-list=1.0,1.5,2.0,2.5,3.0,3.5,4.0,4.5,5.0', '-log-level=WARNING']
2023-11-26 19:42:15;UNIUSDT;30m;3.0;125;32;78;100.0;2;129.13;['-batch-training', '-calc-rsi', '-verbose', '-prediction-mode=index', '-interval-list=30m', '-range-min-rsi=28', '-range-max-rsi=80', '-range-p-ema=50,250', '-target-margin-list=1.0,1.5,2.0,2.5,3.0,3.5,4.0,4.5,5.0', '-log-level=WARNING']
2023-11-26 20:55:01;UNIUSDT;30m;3.0;50;32;78;100.0;2;129.13;['-batch-training', '-calc-rsi', '-verbose', '-prediction-mode=index', '-interval-list=30m', '-range-min-rsi=28', '-range-max-rsi=80', '-range-p-ema=50,250', '-target-margin-list=1.0,1.5,2.0,2.5,3.0,3.5,4.0,4.5,5.0', '-log-level=WARNING']
2023-11-26 21:10:34;UNIUSDT;30m;3.0;75;32;78;100.0;2;129.13;['-batch-training', '-calc-rsi', '-verbose', '-prediction-mode=index', '-interval-list=30m', '-range-min-rsi=28', '-range-max-rsi=80', '-range-p-ema=50,250', '-target-margin-list=1.0,1.5,2.0,2.5,3.0,3.5,4.0,4.5,5.0', '-log-level=WARNING']
2023-11-26 19:30:44;UNIUSDT;30m;3.0;100;32;78;100.0;2;129.13;['-batch-training', '-calc-rsi', '-verbose', '-prediction-mode=index', '-interval-list=30m', '-range-min-rsi=28', '-range-max-rsi=80', '-range-p-ema=50,250', '-target-margin-list=1.0,1.5,2.0,2.5,3.0,3.5,4.0,4.5,5.0', '-log-level=WARNING']
2023-11-26 19:52:23;UNIUSDT;30m;2.5;150;28;78;100.0;7;129.17;['-batch-training', '-calc-rsi', '-verbose', '-prediction-mode=index', '-interval-list=30m', '-range-min-rsi=28', '-range-max-rsi=80', '-range-p-ema=50,250', '-target-margin-list=1.0,1.5,2.0,2.5,3.0,3.5,4.0,4.5,5.0', '-log-level=WARNING']
2023-11-26 20:02:36;UNIUSDT;30m;2.5;175;28;78;100.0;7;129.17;['-batch-training', '-calc-rsi', '-verbose', '-prediction-mode=index', '-interval-list=30m', '-range-min-rsi=28', '-range-max-rsi=80', '-range-p-ema=50,250', '-target-margin-list=1.0,1.5,2.0,2.5,3.0,3.5,4.0,4.5,5.0', '-log-level=WARNING']
2023-11-26 19:29:08;UNIUSDT;30m;2.5;100;28;76;100.0;7;129.17;['-batch-training', '-calc-rsi', '-verbose', '-prediction-mode=index', '-interval-list=30m', '-range-min-rsi=28', '-range-max-rsi=80', '-range-p-ema=50,250', '-target-margin-list=1.0,1.5,2.0,2.5,3.0,3.5,4.0,4.5,5.0', '-log-level=WARNING']
2023-11-26 19:29:23;UNIUSDT;30m;2.5;100;28;78;100.0;7;129.17;['-batch-training', '-calc-rsi', '-verbose', '-prediction-mode=index', '-interval-list=30m', '-range-min-rsi=28', '-range-max-rsi=80', '-range-p-ema=50,250', '-target-margin-list=1.0,1.5,2.0,2.5,3.0,3.5,4.0,4.5,5.0', '-log-level=WARNING']
2023-11-26 19:40:37;UNIUSDT;30m;2.5;125;28;76;100.0;7;129.17;['-batch-training', '-calc-rsi', '-verbose', '-prediction-mode=index', '-interval-list=30m', '-range-min-rsi=28', '-range-max-rsi=80', '-range-p-ema=50,250', '-target-margin-list=1.0,1.5,2.0,2.5,3.0,3.5,4.0,4.5,5.0', '-log-level=WARNING']
2023-11-26 20:02:22;UNIUSDT;30m;2.5;175;28;76;100.0;7;129.17;['-batch-training', '-calc-rsi', '-verbose', '-prediction-mode=index', '-interval-list=30m', '-range-min-rsi=28', '-range-max-rsi=80', '-range-p-ema=50,250', '-target-margin-list=1.0,1.5,2.0,2.5,3.0,3.5,4.0,4.5,5.0', '-log-level=WARNING']
2023-11-26 20:13:09;UNIUSDT;30m;2.5;200;28;78;100.0;7;129.17;['-batch-training', '-calc-rsi', '-verbose', '-prediction-mode=index', '-interval-list=30m', '-range-min-rsi=28', '-range-max-rsi=80', '-range-p-ema=50,250', '-target-margin-list=1.0,1.5,2.0,2.5,3.0,3.5,4.0,4.5,5.0', '-log-level=WARNING']
2023-11-26 20:39:04;UNIUSDT;30m;2.5;250;28;78;100.0;7;129.17;['-batch-training', '-calc-rsi', '-verbose', '-prediction-mode=index', '-interval-list=30m', '-range-min-rsi=28', '-range-max-rsi=80', '-range-p-ema=50,250', '-target-margin-list=1.0,1.5,2.0,2.5,3.0,3.5,4.0,4.5,5.0', '-log-level=WARNING']
2023-11-26 21:07:56;UNIUSDT;30m;2.5;75;28;74;100.0;7;129.17;['-batch-training', '-calc-rsi', '-verbose', '-prediction-mode=index', '-interval-list=30m', '-range-min-rsi=28', '-range-max-rsi=80', '-range-p-ema=50,250', '-target-margin-list=1.0,1.5,2.0,2.5,3.0,3.5,4.0,4.5,5.0', '-log-level=WARNING']
2023-11-26 20:38:27;UNIUSDT;30m;2.5;250;28;74;100.0;7;129.17;['-batch-training', '-calc-rsi', '-verbose', '-prediction-mode=index', '-interval-list=30m', '-range-min-rsi=28', '-range-max-rsi=80', '-range-p-ema=50,250', '-target-margin-list=1.0,1.5,2.0,2.5,3.0,3.5,4.0,4.5,5.0', '-log-level=WARNING']
2023-11-26 21:08:39;UNIUSDT;30m;2.5;75;28;78;100.0;7;129.17;['-batch-training', '-calc-rsi', '-verbose', '-prediction-mode=index', '-interval-list=30m', '-range-min-rsi=28', '-range-max-rsi=80', '-range-p-ema=50,250', '-target-margin-list=1.0,1.5,2.0,2.5,3.0,3.5,4.0,4.5,5.0', '-log-level=WARNING']
2023-11-26 20:25:13;UNIUSDT;30m;2.5;225;28;74;100.0;7;129.17;['-batch-training', '-calc-rsi', '-verbose', '-prediction-mode=index', '-interval-list=30m', '-range-min-rsi=28', '-range-max-rsi=80', '-range-p-ema=50,250', '-target-margin-list=1.0,1.5,2.0,2.5,3.0,3.5,4.0,4.5,5.0', '-log-level=WARNING']
2023-11-26 20:38:46;UNIUSDT;30m;2.5;250;28;76;100.0;7;129.17;['-batch-training', '-calc-rsi', '-verbose', '-prediction-mode=index', '-interval-list=30m', '-range-min-rsi=28', '-range-max-rsi=80', '-range-p-ema=50,250', '-target-margin-list=1.0,1.5,2.0,2.5,3.0,3.5,4.0,4.5,5.0', '-log-level=WARNING']
2023-11-26 20:26:14;UNIUSDT;30m;2.5;225;34;80;100.0;7;129.17;['-batch-training', '-calc-rsi', '-verbose', '-prediction-mode=index', '-interval-list=30m', '-range-min-rsi=28', '-range-max-rsi=80', '-range-p-ema=50,250', '-target-margin-list=1.0,1.5,2.0,2.5,3.0,3.5,4.0,4.5,5.0', '-log-level=WARNING']
2023-11-26 21:08:17;UNIUSDT;30m;2.5;75;28;76;100.0;7;129.17;['-batch-training', '-calc-rsi', '-verbose', '-prediction-mode=index', '-interval-list=30m', '-range-min-rsi=28', '-range-max-rsi=80', '-range-p-ema=50,250', '-target-margin-list=1.0,1.5,2.0,2.5,3.0,3.5,4.0,4.5,5.0', '-log-level=WARNING']
2023-11-26 20:12:54;UNIUSDT;30m;2.5;200;28;76;100.0;7;129.17;['-batch-training', '-calc-rsi', '-verbose', '-prediction-mode=index', '-interval-list=30m', '-range-min-rsi=28', '-range-max-rsi=80', '-range-p-ema=50,250', '-target-margin-list=1.0,1.5,2.0,2.5,3.0,3.5,4.0,4.5,5.0', '-log-level=WARNING']
2023-11-26 19:40:52;UNIUSDT;30m;2.5;125;28;78;100.0;7;129.17;['-batch-training', '-calc-rsi', '-verbose', '-prediction-mode=index', '-interval-list=30m', '-range-min-rsi=28', '-range-max-rsi=80', '-range-p-ema=50,250', '-target-margin-list=1.0,1.5,2.0,2.5,3.0,3.5,4.0,4.5,5.0', '-log-level=WARNING']
2023-11-26 19:28:53;UNIUSDT;30m;2.5;100;28;74;100.0;7;129.17;['-batch-training', '-calc-rsi', '-verbose', '-prediction-mode=index', '-interval-list=30m', '-range-min-rsi=28', '-range-max-rsi=80', '-range-p-ema=50,250', '-target-margin-list=1.0,1.5,2.0,2.5,3.0,3.5,4.0,4.5,5.0', '-log-level=WARNING']
2023-11-26 20:25:46;UNIUSDT;30m;2.5;225;28;78;100.0;7;129.17;['-batch-training', '-calc-rsi', '-verbose', '-prediction-mode=index', '-interval-list=30m', '-range-min-rsi=28', '-range-max-rsi=80', '-range-p-ema=50,250', '-target-margin-list=1.0,1.5,2.0,2.5,3.0,3.5,4.0,4.5,5.0', '-log-level=WARNING']
2023-11-26 20:12:37;UNIUSDT;30m;2.5;200;28;74;100.0;7;129.17;['-batch-training', '-calc-rsi', '-verbose', '-prediction-mode=index', '-interval-list=30m', '-range-min-rsi=28', '-range-max-rsi=80', '-range-p-ema=50,250', '-target-margin-list=1.0,1.5,2.0,2.5,3.0,3.5,4.0,4.5,5.0', '-log-level=WARNING']
2023-11-26 19:51:53;UNIUSDT;30m;2.5;150;28;74;100.0;7;129.17;['-batch-training', '-calc-rsi', '-verbose', '-prediction-mode=index', '-interval-list=30m', '-range-min-rsi=28', '-range-max-rsi=80', '-range-p-ema=50,250', '-target-margin-list=1.0,1.5,2.0,2.5,3.0,3.5,4.0,4.5,5.0', '-log-level=WARNING']
2023-11-26 20:52:55;UNIUSDT;30m;2.5;50;28;76;100.0;7;129.17;['-batch-training', '-calc-rsi', '-verbose', '-prediction-mode=index', '-interval-list=30m', '-range-min-rsi=28', '-range-max-rsi=80', '-range-p-ema=50,250', '-target-margin-list=1.0,1.5,2.0,2.5,3.0,3.5,4.0,4.5,5.0', '-log-level=WARNING']
2023-11-26 19:52:08;UNIUSDT;30m;2.5;150;28;76;100.0;7;129.17;['-batch-training', '-calc-rsi', '-verbose', '-prediction-mode=index', '-interval-list=30m', '-range-min-rsi=28', '-range-max-rsi=80', '-range-p-ema=50,250', '-target-margin-list=1.0,1.5,2.0,2.5,3.0,3.5,4.0,4.5,5.0', '-log-level=WARNING']
2023-11-26 20:25:29;UNIUSDT;30m;2.5;225;28;76;100.0;7;129.17;['-batch-training', '-calc-rsi', '-verbose', '-prediction-mode=index', '-interval-list=30m', '-range-min-rsi=28', '-range-max-rsi=80', '-range-p-ema=50,250', '-target-margin-list=1.0,1.5,2.0,2.5,3.0,3.5,4.0,4.5,5.0', '-log-level=WARNING']
2023-11-26 19:40:21;UNIUSDT;30m;2.5;125;28;74;100.0;7;129.17;['-batch-training', '-calc-rsi', '-verbose', '-prediction-mode=index', '-interval-list=30m', '-range-min-rsi=28', '-range-max-rsi=80', '-range-p-ema=50,250', '-target-margin-list=1.0,1.5,2.0,2.5,3.0,3.5,4.0,4.5,5.0', '-log-level=WARNING']
2023-11-26 20:53:14;UNIUSDT;30m;2.5;50;28;78;100.0;7;129.17;['-batch-training', '-calc-rsi', '-verbose', '-prediction-mode=index', '-interval-list=30m', '-range-min-rsi=28', '-range-max-rsi=80', '-range-p-ema=50,250', '-target-margin-list=1.0,1.5,2.0,2.5,3.0,3.5,4.0,4.5,5.0', '-log-level=WARNING']
2023-11-26 20:52:35;UNIUSDT;30m;2.5;50;28;74;100.0;7;129.17;['-batch-training', '-calc-rsi', '-verbose', '-prediction-mode=index', '-interval-list=30m', '-range-min-rsi=28', '-range-max-rsi=80', '-range-p-ema=50,250', '-target-margin-list=1.0,1.5,2.0,2.5,3.0,3.5,4.0,4.5,5.0', '-log-level=WARNING']
2023-11-26 20:02:09;UNIUSDT;30m;2.5;175;28;74;100.0;7;129.17;['-batch-training', '-calc-rsi', '-verbose', '-prediction-mode=index', '-interval-list=30m', '-range-min-rsi=28', '-range-max-rsi=80', '-range-p-ema=50,250', '-target-margin-list=1.0,1.5,2.0,2.5,3.0,3.5,4.0,4.5,5.0', '-log-level=WARNING']
2023-11-26 20:01:12;UNIUSDT;30m;2.0;175;36;74;100.0;5;129.18;['-batch-training', '-calc-rsi', '-verbose', '-prediction-mode=index', '-interval-list=30m', '-range-min-rsi=28', '-range-max-rsi=80', '-range-p-ema=50,250', '-target-margin-list=1.0,1.5,2.0,2.5,3.0,3.5,4.0,4.5,5.0', '-log-level=WARNING']
2023-11-26 20:55:25;UNIUSDT;30m;3.0;50;34;80;100.0;2;129.2;['-batch-training', '-calc-rsi', '-verbose', '-prediction-mode=index', '-interval-list=30m', '-range-min-rsi=28', '-range-max-rsi=80', '-range-p-ema=50,250', '-target-margin-list=1.0,1.5,2.0,2.5,3.0,3.5,4.0,4.5,5.0', '-log-level=WARNING']
2023-11-26 21:10:59;UNIUSDT;30m;3.0;75;34;80;100.0;2;129.2;['-batch-training', '-calc-rsi', '-verbose', '-prediction-mode=index', '-interval-list=30m', '-range-min-rsi=28', '-range-max-rsi=80', '-range-p-ema=50,250', '-target-margin-list=1.0,1.5,2.0,2.5,3.0,3.5,4.0,4.5,5.0', '-log-level=WARNING']
2023-11-26 19:42:33;UNIUSDT;30m;3.0;125;34;80;100.0;2;129.2;['-batch-training', '-calc-rsi', '-verbose', '-prediction-mode=index', '-interval-list=30m', '-range-min-rsi=28', '-range-max-rsi=80', '-range-p-ema=50,250', '-target-margin-list=1.0,1.5,2.0,2.5,3.0,3.5,4.0,4.5,5.0', '-log-level=WARNING']
2023-11-26 19:31:03;UNIUSDT;30m;3.0;100;34;80;100.0;2;129.2;['-batch-training', '-calc-rsi', '-verbose', '-prediction-mode=index', '-interval-list=30m', '-range-min-rsi=28', '-range-max-rsi=80', '-range-p-ema=50,250', '-target-margin-list=1.0,1.5,2.0,2.5,3.0,3.5,4.0,4.5,5.0', '-log-level=WARNING']
2023-11-26 20:31:46;UNIUSDT;30m;4.5;225;34;78;100.0;2;129.22;['-batch-training', '-calc-rsi', '-verbose', '-prediction-mode=index', '-interval-list=30m', '-range-min-rsi=28', '-range-max-rsi=80', '-range-p-ema=50,250', '-target-margin-list=1.0,1.5,2.0,2.5,3.0,3.5,4.0,4.5,5.0', '-log-level=WARNING']
2023-11-26 20:45:25;UNIUSDT;30m;4.5;250;34;78;100.0;2;129.22;['-batch-training', '-calc-rsi', '-verbose', '-prediction-mode=index', '-interval-list=30m', '-range-min-rsi=28', '-range-max-rsi=80', '-range-p-ema=50,250', '-target-margin-list=1.0,1.5,2.0,2.5,3.0,3.5,4.0,4.5,5.0', '-log-level=WARNING']
2023-11-26 19:53:27;UNIUSDT;30m;3.0;150;34;76;100.0;4;129.27;['-batch-training', '-calc-rsi', '-verbose', '-prediction-mode=index', '-interval-list=30m', '-range-min-rsi=28', '-range-max-rsi=80', '-range-p-ema=50,250', '-target-margin-list=1.0,1.5,2.0,2.5,3.0,3.5,4.0,4.5,5.0', '-log-level=WARNING']
2023-11-26 20:03:37;UNIUSDT;30m;3.0;175;34;76;100.0;4;129.27;['-batch-training', '-calc-rsi', '-verbose', '-prediction-mode=index', '-interval-list=30m', '-range-min-rsi=28', '-range-max-rsi=80', '-range-p-ema=50,250', '-target-margin-list=1.0,1.5,2.0,2.5,3.0,3.5,4.0,4.5,5.0', '-log-level=WARNING']
2023-11-26 20:14:23;UNIUSDT;30m;3.0;200;34;76;100.0;4;129.27;['-batch-training', '-calc-rsi', '-verbose', '-prediction-mode=index', '-interval-list=30m', '-range-min-rsi=28', '-range-max-rsi=80', '-range-p-ema=50,250', '-target-margin-list=1.0,1.5,2.0,2.5,3.0,3.5,4.0,4.5,5.0', '-log-level=WARNING']
2023-11-26 19:52:02;UNIUSDT;30m;2.5;150;34;74;100.0;4;129.27;['-batch-training', '-calc-rsi', '-verbose', '-prediction-mode=index', '-interval-list=30m', '-range-min-rsi=28', '-range-max-rsi=80', '-range-p-ema=50,250', '-target-margin-list=1.0,1.5,2.0,2.5,3.0,3.5,4.0,4.5,5.0', '-log-level=WARNING']
2023-11-26 19:40:09;UNIUSDT;30m;2.5;125;30;72;100.0;3;129.28;['-batch-training', '-calc-rsi', '-verbose', '-prediction-mode=index', '-interval-list=30m', '-range-min-rsi=28', '-range-max-rsi=80', '-range-p-ema=50,250', '-target-margin-list=1.0,1.5,2.0,2.5,3.0,3.5,4.0,4.5,5.0', '-log-level=WARNING']
2023-11-26 19:51:41;UNIUSDT;30m;2.5;150;30;72;100.0;3;129.28;['-batch-training', '-calc-rsi', '-verbose', '-prediction-mode=index', '-interval-list=30m', '-range-min-rsi=28', '-range-max-rsi=80', '-range-p-ema=50,250', '-target-margin-list=1.0,1.5,2.0,2.5,3.0,3.5,4.0,4.5,5.0', '-log-level=WARNING']
2023-11-26 19:28:40;UNIUSDT;30m;2.5;100;30;72;100.0;3;129.28;['-batch-training', '-calc-rsi', '-verbose', '-prediction-mode=index', '-interval-list=30m', '-range-min-rsi=28', '-range-max-rsi=80', '-range-p-ema=50,250', '-target-margin-list=1.0,1.5,2.0,2.5,3.0,3.5,4.0,4.5,5.0', '-log-level=WARNING']
2023-11-26 21:07:38;UNIUSDT;30m;2.5;75;30;72;100.0;3;129.28;['-batch-training', '-calc-rsi', '-verbose', '-prediction-mode=index', '-interval-list=30m', '-range-min-rsi=28', '-range-max-rsi=80', '-range-p-ema=50,250', '-target-margin-list=1.0,1.5,2.0,2.5,3.0,3.5,4.0,4.5,5.0', '-log-level=WARNING']
2023-11-26 20:52:19;UNIUSDT;30m;2.5;50;30;72;100.0;3;129.28;['-batch-training', '-calc-rsi', '-verbose', '-prediction-mode=index', '-interval-list=30m', '-range-min-rsi=28', '-range-max-rsi=80', '-range-p-ema=50,250', '-target-margin-list=1.0,1.5,2.0,2.5,3.0,3.5,4.0,4.5,5.0', '-log-level=WARNING']
2023-11-26 20:01:59;UNIUSDT;30m;2.5;175;30;72;100.0;3;129.28;['-batch-training', '-calc-rsi', '-verbose', '-prediction-mode=index', '-interval-list=30m', '-range-min-rsi=28', '-range-max-rsi=80', '-range-p-ema=50,250', '-target-margin-list=1.0,1.5,2.0,2.5,3.0,3.5,4.0,4.5,5.0', '-log-level=WARNING']
2023-11-26 20:12:24;UNIUSDT;30m;2.5;200;30;72;100.0;3;129.28;['-batch-training', '-calc-rsi', '-verbose', '-prediction-mode=index', '-interval-list=30m', '-range-min-rsi=28', '-range-max-rsi=80', '-range-p-ema=50,250', '-target-margin-list=1.0,1.5,2.0,2.5,3.0,3.5,4.0,4.5,5.0', '-log-level=WARNING']
2023-11-26 20:38:17;UNIUSDT;30m;2.5;250;32;72;100.0;3;129.29;['-batch-training', '-calc-rsi', '-verbose', '-prediction-mode=index', '-interval-list=30m', '-range-min-rsi=28', '-range-max-rsi=80', '-range-p-ema=50,250', '-target-margin-list=1.0,1.5,2.0,2.5,3.0,3.5,4.0,4.5,5.0', '-log-level=WARNING']
2023-11-26 19:57:08;UNIUSDT;30m;4.5;150;36;78;100.0;3;129.33;['-batch-training', '-calc-rsi', '-verbose', '-prediction-mode=index', '-interval-list=30m', '-range-min-rsi=28', '-range-max-rsi=80', '-range-p-ema=50,250', '-target-margin-list=1.0,1.5,2.0,2.5,3.0,3.5,4.0,4.5,5.0', '-log-level=WARNING']
2023-11-26 20:40:10;UNIUSDT;30m;3.0;250;34;74;100.0;3;129.35;['-batch-training', '-calc-rsi', '-verbose', '-prediction-mode=index', '-interval-list=30m', '-range-min-rsi=28', '-range-max-rsi=80', '-range-p-ema=50,250', '-target-margin-list=1.0,1.5,2.0,2.5,3.0,3.5,4.0,4.5,5.0', '-log-level=WARNING']
2023-11-26 20:13:55;UNIUSDT;30m;3.0;200;36;72;100.0;3;129.4;['-batch-training', '-calc-rsi', '-verbose', '-prediction-mode=index', '-interval-list=30m', '-range-min-rsi=28', '-range-max-rsi=80', '-range-p-ema=50,250', '-target-margin-list=1.0,1.5,2.0,2.5,3.0,3.5,4.0,4.5,5.0', '-log-level=WARNING']
2023-11-26 20:03:13;UNIUSDT;30m;3.0;175;36;72;100.0;3;129.4;['-batch-training', '-calc-rsi', '-verbose', '-prediction-mode=index', '-interval-list=30m', '-range-min-rsi=28', '-range-max-rsi=80', '-range-p-ema=50,250', '-target-margin-list=1.0,1.5,2.0,2.5,3.0,3.5,4.0,4.5,5.0', '-log-level=WARNING']
2023-11-26 20:23:41;UNIUSDT;30m;2.0;225;36;72;100.0;4;129.41;['-batch-training', '-calc-rsi', '-verbose', '-prediction-mode=index', '-interval-list=30m', '-range-min-rsi=28', '-range-max-rsi=80', '-range-p-ema=50,250', '-target-margin-list=1.0,1.5,2.0,2.5,3.0,3.5,4.0,4.5,5.0', '-log-level=WARNING']
2023-11-26 20:02:17;UNIUSDT;30m;2.5;175;34;74;100.0;5;129.41;['-batch-training', '-calc-rsi', '-verbose', '-prediction-mode=index', '-interval-list=30m', '-range-min-rsi=28', '-range-max-rsi=80', '-range-p-ema=50,250', '-target-margin-list=1.0,1.5,2.0,2.5,3.0,3.5,4.0,4.5,5.0', '-log-level=WARNING']
2023-11-26 19:52:02;UNIUSDT;30m;2.5;150;34;74;100.0;5;129.41;['-batch-training', '-calc-rsi', '-verbose', '-prediction-mode=index', '-interval-list=30m', '-range-min-rsi=28', '-range-max-rsi=80', '-range-p-ema=50,250', '-target-margin-list=1.0,1.5,2.0,2.5,3.0,3.5,4.0,4.5,5.0', '-log-level=WARNING']
2023-11-26 20:13:16;UNIUSDT;30m;2.5;200;32;78;100.0;3;129.48;['-batch-training', '-calc-rsi', '-verbose', '-prediction-mode=index', '-interval-list=30m', '-range-min-rsi=28', '-range-max-rsi=80', '-range-p-ema=50,250', '-target-margin-list=1.0,1.5,2.0,2.5,3.0,3.5,4.0,4.5,5.0', '-log-level=WARNING']
2023-11-26 20:25:53;UNIUSDT;30m;2.5;225;32;78;100.0;3;129.48;['-batch-training', '-calc-rsi', '-verbose', '-prediction-mode=index', '-interval-list=30m', '-range-min-rsi=28', '-range-max-rsi=80', '-range-p-ema=50,250', '-target-margin-list=1.0,1.5,2.0,2.5,3.0,3.5,4.0,4.5,5.0', '-log-level=WARNING']
2023-11-26 19:35:13;UNIUSDT;30m;5.0;100;32;74;100.0;2;129.49;['-batch-training', '-calc-rsi', '-verbose', '-prediction-mode=index', '-interval-list=30m', '-range-min-rsi=28', '-range-max-rsi=80', '-range-p-ema=50,250', '-target-margin-list=1.0,1.5,2.0,2.5,3.0,3.5,4.0,4.5,5.0', '-log-level=WARNING']
2023-11-26 19:46:49;UNIUSDT;30m;5.0;125;32;74;100.0;2;129.49;['-batch-training', '-calc-rsi', '-verbose', '-prediction-mode=index', '-interval-list=30m', '-range-min-rsi=28', '-range-max-rsi=80', '-range-p-ema=50,250', '-target-margin-list=1.0,1.5,2.0,2.5,3.0,3.5,4.0,4.5,5.0', '-log-level=WARNING']
2023-11-26 21:01:00;UNIUSDT;30m;5.0;50;32;74;100.0;2;129.49;['-batch-training', '-calc-rsi', '-verbose', '-prediction-mode=index', '-interval-list=30m', '-range-min-rsi=28', '-range-max-rsi=80', '-range-p-ema=50,250', '-target-margin-list=1.0,1.5,2.0,2.5,3.0,3.5,4.0,4.5,5.0', '-log-level=WARNING']
2023-11-26 21:16:20;UNIUSDT;30m;5.0;75;32;74;100.0;2;129.49;['-batch-training', '-calc-rsi', '-verbose', '-prediction-mode=index', '-interval-list=30m', '-range-min-rsi=28', '-range-max-rsi=80', '-range-p-ema=50,250', '-target-margin-list=1.0,1.5,2.0,2.5,3.0,3.5,4.0,4.5,5.0', '-log-level=WARNING']
2023-11-26 20:42:08;UNIUSDT;30m;3.5;250;28;78;100.0;2;129.58;['-batch-training', '-calc-rsi', '-verbose', '-prediction-mode=index', '-interval-list=30m', '-range-min-rsi=28', '-range-max-rsi=80', '-range-p-ema=50,250', '-target-margin-list=1.0,1.5,2.0,2.5,3.0,3.5,4.0,4.5,5.0', '-log-level=WARNING']
2023-11-26 19:49:15;UNIUSDT;30m;1.5;150;36;72;100.0;7;129.58;['-batch-training', '-calc-rsi', '-verbose', '-prediction-mode=index', '-interval-list=30m', '-range-min-rsi=28', '-range-max-rsi=80', '-range-p-ema=50,250', '-target-margin-list=1.0,1.5,2.0,2.5,3.0,3.5,4.0,4.5,5.0', '-log-level=WARNING']
2023-11-26 20:37:29;UNIUSDT;30m;2.0;250;36;76;100.0;4;129.61;['-batch-training', '-calc-rsi', '-verbose', '-prediction-mode=index', '-interval-list=30m', '-range-min-rsi=28', '-range-max-rsi=80', '-range-p-ema=50,250', '-target-margin-list=1.0,1.5,2.0,2.5,3.0,3.5,4.0,4.5,5.0', '-log-level=WARNING']
2023-11-26 21:14:11;UNIUSDT;30m;4.0;75;36;78;100.0;3;129.63;['-batch-training', '-calc-rsi', '-verbose', '-prediction-mode=index', '-interval-list=30m', '-range-min-rsi=28', '-range-max-rsi=80', '-range-p-ema=50,250', '-target-margin-list=1.0,1.5,2.0,2.5,3.0,3.5,4.0,4.5,5.0', '-log-level=WARNING']
2023-11-26 20:58:27;UNIUSDT;30m;4.0;50;36;78;100.0;3;129.63;['-batch-training', '-calc-rsi', '-verbose', '-prediction-mode=index', '-interval-list=30m', '-range-min-rsi=28', '-range-max-rsi=80', '-range-p-ema=50,250', '-target-margin-list=1.0,1.5,2.0,2.5,3.0,3.5,4.0,4.5,5.0', '-log-level=WARNING']
2023-11-26 19:54:32;UNIUSDT;30m;3.5;150;32;76;100.0;3;129.66;['-batch-training', '-calc-rsi', '-verbose', '-prediction-mode=index', '-interval-list=30m', '-range-min-rsi=28', '-range-max-rsi=80', '-range-p-ema=50,250', '-target-margin-list=1.0,1.5,2.0,2.5,3.0,3.5,4.0,4.5,5.0', '-log-level=WARNING']
2023-11-26 20:15:41;UNIUSDT;30m;3.5;200;32;76;100.0;3;129.66;['-batch-training', '-calc-rsi', '-verbose', '-prediction-mode=index', '-interval-list=30m', '-range-min-rsi=28', '-range-max-rsi=80', '-range-p-ema=50,250', '-target-margin-list=1.0,1.5,2.0,2.5,3.0,3.5,4.0,4.5,5.0', '-log-level=WARNING']
2023-11-26 20:28:30;UNIUSDT;30m;3.5;225;32;76;100.0;3;129.66;['-batch-training', '-calc-rsi', '-verbose', '-prediction-mode=index', '-interval-list=30m', '-range-min-rsi=28', '-range-max-rsi=80', '-range-p-ema=50,250', '-target-margin-list=1.0,1.5,2.0,2.5,3.0,3.5,4.0,4.5,5.0', '-log-level=WARNING']
2023-11-26 20:41:58;UNIUSDT;30m;3.5;250;32;76;100.0;3;129.66;['-batch-training', '-calc-rsi', '-verbose', '-prediction-mode=index', '-interval-list=30m', '-range-min-rsi=28', '-range-max-rsi=80', '-range-p-ema=50,250', '-target-margin-list=1.0,1.5,2.0,2.5,3.0,3.5,4.0,4.5,5.0', '-log-level=WARNING']
2023-11-26 20:04:40;UNIUSDT;30m;3.5;175;32;76;100.0;3;129.66;['-batch-training', '-calc-rsi', '-verbose', '-prediction-mode=index', '-interval-list=30m', '-range-min-rsi=28', '-range-max-rsi=80', '-range-p-ema=50,250', '-target-margin-list=1.0,1.5,2.0,2.5,3.0,3.5,4.0,4.5,5.0', '-log-level=WARNING']
2023-11-26 20:18:53;UNIUSDT;30m;4.5;200;28;80;100.0;4;129.75;['-batch-training', '-calc-rsi', '-verbose', '-prediction-mode=index', '-interval-list=30m', '-range-min-rsi=28', '-range-max-rsi=80', '-range-p-ema=50,250', '-target-margin-list=1.0,1.5,2.0,2.5,3.0,3.5,4.0,4.5,5.0', '-log-level=WARNING']
2023-11-26 20:18:53;UNIUSDT;30m;4.5;200;28;80;100.0;7;129.75;['-batch-training', '-calc-rsi', '-verbose', '-prediction-mode=index', '-interval-list=30m', '-range-min-rsi=28', '-range-max-rsi=80', '-range-p-ema=50,250', '-target-margin-list=1.0,1.5,2.0,2.5,3.0,3.5,4.0,4.5,5.0', '-log-level=WARNING']
2023-11-26 20:18:53;UNIUSDT;30m;4.5;200;28;80;100.0;6;129.75;['-batch-training', '-calc-rsi', '-verbose', '-prediction-mode=index', '-interval-list=30m', '-range-min-rsi=28', '-range-max-rsi=80', '-range-p-ema=50,250', '-target-margin-list=1.0,1.5,2.0,2.5,3.0,3.5,4.0,4.5,5.0', '-log-level=WARNING']
2023-11-26 19:46:11;UNIUSDT;30m;4.5;125;28;80;100.0;6;129.75;['-batch-training', '-calc-rsi', '-verbose', '-prediction-mode=index', '-interval-list=30m', '-range-min-rsi=28', '-range-max-rsi=80', '-range-p-ema=50,250', '-target-margin-list=1.0,1.5,2.0,2.5,3.0,3.5,4.0,4.5,5.0', '-log-level=WARNING']
2023-11-26 20:45:33;UNIUSDT;30m;4.5;250;28;80;100.0;4;129.75;['-batch-training', '-calc-rsi', '-verbose', '-prediction-mode=index', '-interval-list=30m', '-range-min-rsi=28', '-range-max-rsi=80', '-range-p-ema=50,250', '-target-margin-list=1.0,1.5,2.0,2.5,3.0,3.5,4.0,4.5,5.0', '-log-level=WARNING']
2023-11-26 19:34:36;UNIUSDT;30m;4.5;100;28;80;100.0;5;129.75;['-batch-training', '-calc-rsi', '-verbose', '-prediction-mode=index', '-interval-list=30m', '-range-min-rsi=28', '-range-max-rsi=80', '-range-p-ema=50,250', '-target-margin-list=1.0,1.5,2.0,2.5,3.0,3.5,4.0,4.5,5.0', '-log-level=WARNING']
2023-11-26 20:45:33;UNIUSDT;30m;4.5;250;28;80;100.0;6;129.75;['-batch-training', '-calc-rsi', '-verbose', '-prediction-mode=index', '-interval-list=30m', '-range-min-rsi=28', '-range-max-rsi=80', '-range-p-ema=50,250', '-target-margin-list=1.0,1.5,2.0,2.5,3.0,3.5,4.0,4.5,5.0', '-log-level=WARNING']
2023-11-26 20:45:33;UNIUSDT;30m;4.5;250;28;80;100.0;7;129.75;['-batch-training', '-calc-rsi', '-verbose', '-prediction-mode=index', '-interval-list=30m', '-range-min-rsi=28', '-range-max-rsi=80', '-range-p-ema=50,250', '-target-margin-list=1.0,1.5,2.0,2.5,3.0,3.5,4.0,4.5,5.0', '-log-level=WARNING']
2023-11-26 21:00:11;UNIUSDT;30m;4.5;50;28;80;100.0;4;129.75;['-batch-training', '-calc-rsi', '-verbose', '-prediction-mode=index', '-interval-list=30m', '-range-min-rsi=28', '-range-max-rsi=80', '-range-p-ema=50,250', '-target-margin-list=1.0,1.5,2.0,2.5,3.0,3.5,4.0,4.5,5.0', '-log-level=WARNING']
2023-11-26 19:34:36;UNIUSDT;30m;4.5;100;28;80;100.0;7;129.75;['-batch-training', '-calc-rsi', '-verbose', '-prediction-mode=index', '-interval-list=30m', '-range-min-rsi=28', '-range-max-rsi=80', '-range-p-ema=50,250', '-target-margin-list=1.0,1.5,2.0,2.5,3.0,3.5,4.0,4.5,5.0', '-log-level=WARNING']
2023-11-26 20:07:14;UNIUSDT;30m;4.5;175;28;80;100.0;6;129.75;['-batch-training', '-calc-rsi', '-verbose', '-prediction-mode=index', '-interval-list=30m', '-range-min-rsi=28', '-range-max-rsi=80', '-range-p-ema=50,250', '-target-margin-list=1.0,1.5,2.0,2.5,3.0,3.5,4.0,4.5,5.0', '-log-level=WARNING']
2023-11-26 20:45:33;UNIUSDT;30m;4.5;250;28;80;100.0;5;129.75;['-batch-training', '-calc-rsi', '-verbose', '-prediction-mode=index', '-interval-list=30m', '-range-min-rsi=28', '-range-max-rsi=80', '-range-p-ema=50,250', '-target-margin-list=1.0,1.5,2.0,2.5,3.0,3.5,4.0,4.5,5.0', '-log-level=WARNING']
2023-11-26 19:46:11;UNIUSDT;30m;4.5;125;28;80;100.0;7;129.75;['-batch-training', '-calc-rsi', '-verbose', '-prediction-mode=index', '-interval-list=30m', '-range-min-rsi=28', '-range-max-rsi=80', '-range-p-ema=50,250', '-target-margin-list=1.0,1.5,2.0,2.5,3.0,3.5,4.0,4.5,5.0', '-log-level=WARNING']
2023-11-26 21:00:11;UNIUSDT;30m;4.5;50;28;80;100.0;6;129.75;['-batch-training', '-calc-rsi', '-verbose', '-prediction-mode=index', '-interval-list=30m', '-range-min-rsi=28', '-range-max-rsi=80', '-range-p-ema=50,250', '-target-margin-list=1.0,1.5,2.0,2.5,3.0,3.5,4.0,4.5,5.0', '-log-level=WARNING']
2023-11-26 19:34:36;UNIUSDT;30m;4.5;100;28;80;100.0;4;129.75;['-batch-training', '-calc-rsi', '-verbose', '-prediction-mode=index', '-interval-list=30m', '-range-min-rsi=28', '-range-max-rsi=80', '-range-p-ema=50,250', '-target-margin-list=1.0,1.5,2.0,2.5,3.0,3.5,4.0,4.5,5.0', '-log-level=WARNING']
2023-11-26 21:00:11;UNIUSDT;30m;4.5;50;28;80;100.0;7;129.75;['-batch-training', '-calc-rsi', '-verbose', '-prediction-mode=index', '-interval-list=30m', '-range-min-rsi=28', '-range-max-rsi=80', '-range-p-ema=50,250', '-target-margin-list=1.0,1.5,2.0,2.5,3.0,3.5,4.0,4.5,5.0', '-log-level=WARNING']
2023-11-26 19:46:11;UNIUSDT;30m;4.5;125;28;80;100.0;4;129.75;['-batch-training', '-calc-rsi', '-verbose', '-prediction-mode=index', '-interval-list=30m', '-range-min-rsi=28', '-range-max-rsi=80', '-range-p-ema=50,250', '-target-margin-list=1.0,1.5,2.0,2.5,3.0,3.5,4.0,4.5,5.0', '-log-level=WARNING']
2023-11-26 21:00:11;UNIUSDT;30m;4.5;50;28;80;100.0;5;129.75;['-batch-training', '-calc-rsi', '-verbose', '-prediction-mode=index', '-interval-list=30m', '-range-min-rsi=28', '-range-max-rsi=80', '-range-p-ema=50,250', '-target-margin-list=1.0,1.5,2.0,2.5,3.0,3.5,4.0,4.5,5.0', '-log-level=WARNING']
2023-11-26 20:07:13;UNIUSDT;30m;4.5;175;28;80;100.0;7;129.75;['-batch-training', '-calc-rsi', '-verbose', '-prediction-mode=index', '-interval-list=30m', '-range-min-rsi=28', '-range-max-rsi=80', '-range-p-ema=50,250', '-target-margin-list=1.0,1.5,2.0,2.5,3.0,3.5,4.0,4.5,5.0', '-log-level=WARNING']
2023-11-26 19:34:36;UNIUSDT;30m;4.5;100;28;80;100.0;6;129.75;['-batch-training', '-calc-rsi', '-verbose', '-prediction-mode=index', '-interval-list=30m', '-range-min-rsi=28', '-range-max-rsi=80', '-range-p-ema=50,250', '-target-margin-list=1.0,1.5,2.0,2.5,3.0,3.5,4.0,4.5,5.0', '-log-level=WARNING']
2023-11-26 20:07:13;UNIUSDT;30m;4.5;175;28;80;100.0;5;129.75;['-batch-training', '-calc-rsi', '-verbose', '-prediction-mode=index', '-interval-list=30m', '-range-min-rsi=28', '-range-max-rsi=80', '-range-p-ema=50,250', '-target-margin-list=1.0,1.5,2.0,2.5,3.0,3.5,4.0,4.5,5.0', '-log-level=WARNING']
2023-11-26 20:07:13;UNIUSDT;30m;4.5;175;28;80;100.0;4;129.75;['-batch-training', '-calc-rsi', '-verbose', '-prediction-mode=index', '-interval-list=30m', '-range-min-rsi=28', '-range-max-rsi=80', '-range-p-ema=50,250', '-target-margin-list=1.0,1.5,2.0,2.5,3.0,3.5,4.0,4.5,5.0', '-log-level=WARNING']
2023-11-26 20:31:53;UNIUSDT;30m;4.5;225;28;80;100.0;4;129.75;['-batch-training', '-calc-rsi', '-verbose', '-prediction-mode=index', '-interval-list=30m', '-range-min-rsi=28', '-range-max-rsi=80', '-range-p-ema=50,250', '-target-margin-list=1.0,1.5,2.0,2.5,3.0,3.5,4.0,4.5,5.0', '-log-level=WARNING']
2023-11-26 19:57:11;UNIUSDT;30m;4.5;150;28;80;100.0;7;129.75;['-batch-training', '-calc-rsi', '-verbose', '-prediction-mode=index', '-interval-list=30m', '-range-min-rsi=28', '-range-max-rsi=80', '-range-p-ema=50,250', '-target-margin-list=1.0,1.5,2.0,2.5,3.0,3.5,4.0,4.5,5.0', '-log-level=WARNING']
2023-11-26 20:31:53;UNIUSDT;30m;4.5;225;28;80;100.0;5;129.75;['-batch-training', '-calc-rsi', '-verbose', '-prediction-mode=index', '-interval-list=30m', '-range-min-rsi=28', '-range-max-rsi=80', '-range-p-ema=50,250', '-target-margin-list=1.0,1.5,2.0,2.5,3.0,3.5,4.0,4.5,5.0', '-log-level=WARNING']
2023-11-26 20:18:52;UNIUSDT;30m;4.5;200;28;80;100.0;5;129.75;['-batch-training', '-calc-rsi', '-verbose', '-prediction-mode=index', '-interval-list=30m', '-range-min-rsi=28', '-range-max-rsi=80', '-range-p-ema=50,250', '-target-margin-list=1.0,1.5,2.0,2.5,3.0,3.5,4.0,4.5,5.0', '-log-level=WARNING']
2023-11-26 21:15:39;UNIUSDT;30m;4.5;75;28;80;100.0;4;129.75;['-batch-training', '-calc-rsi', '-verbose', '-prediction-mode=index', '-interval-list=30m', '-range-min-rsi=28', '-range-max-rsi=80', '-range-p-ema=50,250', '-target-margin-list=1.0,1.5,2.0,2.5,3.0,3.5,4.0,4.5,5.0', '-log-level=WARNING']
2023-11-26 20:31:53;UNIUSDT;30m;4.5;225;28;80;100.0;6;129.75;['-batch-training', '-calc-rsi', '-verbose', '-prediction-mode=index', '-interval-list=30m', '-range-min-rsi=28', '-range-max-rsi=80', '-range-p-ema=50,250', '-target-margin-list=1.0,1.5,2.0,2.5,3.0,3.5,4.0,4.5,5.0', '-log-level=WARNING']
2023-11-26 19:57:11;UNIUSDT;30m;4.5;150;28;80;100.0;5;129.75;['-batch-training', '-calc-rsi', '-verbose', '-prediction-mode=index', '-interval-list=30m', '-range-min-rsi=28', '-range-max-rsi=80', '-range-p-ema=50,250', '-target-margin-list=1.0,1.5,2.0,2.5,3.0,3.5,4.0,4.5,5.0', '-log-level=WARNING']
2023-11-26 20:31:53;UNIUSDT;30m;4.5;225;28;80;100.0;7;129.75;['-batch-training', '-calc-rsi', '-verbose', '-prediction-mode=index', '-interval-list=30m', '-range-min-rsi=28', '-range-max-rsi=80', '-range-p-ema=50,250', '-target-margin-list=1.0,1.5,2.0,2.5,3.0,3.5,4.0,4.5,5.0', '-log-level=WARNING']
2023-11-26 21:15:39;UNIUSDT;30m;4.5;75;28;80;100.0;6;129.75;['-batch-training', '-calc-rsi', '-verbose', '-prediction-mode=index', '-interval-list=30m', '-range-min-rsi=28', '-range-max-rsi=80', '-range-p-ema=50,250', '-target-margin-list=1.0,1.5,2.0,2.5,3.0,3.5,4.0,4.5,5.0', '-log-level=WARNING']
2023-11-26 21:15:39;UNIUSDT;30m;4.5;75;28;80;100.0;7;129.75;['-batch-training', '-calc-rsi', '-verbose', '-prediction-mode=index', '-interval-list=30m', '-range-min-rsi=28', '-range-max-rsi=80', '-range-p-ema=50,250', '-target-margin-list=1.0,1.5,2.0,2.5,3.0,3.5,4.0,4.5,5.0', '-log-level=WARNING']
2023-11-26 19:46:11;UNIUSDT;30m;4.5;125;28;80;100.0;5;129.75;['-batch-training', '-calc-rsi', '-verbose', '-prediction-mode=index', '-interval-list=30m', '-range-min-rsi=28', '-range-max-rsi=80', '-range-p-ema=50,250', '-target-margin-list=1.0,1.5,2.0,2.5,3.0,3.5,4.0,4.5,5.0', '-log-level=WARNING']
2023-11-26 19:57:11;UNIUSDT;30m;4.5;150;28;80;100.0;4;129.75;['-batch-training', '-calc-rsi', '-verbose', '-prediction-mode=index', '-interval-list=30m', '-range-min-rsi=28', '-range-max-rsi=80', '-range-p-ema=50,250', '-target-margin-list=1.0,1.5,2.0,2.5,3.0,3.5,4.0,4.5,5.0', '-log-level=WARNING']
2023-11-26 19:57:11;UNIUSDT;30m;4.5;150;28;80;100.0;6;129.75;['-batch-training', '-calc-rsi', '-verbose', '-prediction-mode=index', '-interval-list=30m', '-range-min-rsi=28', '-range-max-rsi=80', '-range-p-ema=50,250', '-target-margin-list=1.0,1.5,2.0,2.5,3.0,3.5,4.0,4.5,5.0', '-log-level=WARNING']
2023-11-26 21:15:39;UNIUSDT;30m;4.5;75;28;80;100.0;5;129.75;['-batch-training', '-calc-rsi', '-verbose', '-prediction-mode=index', '-interval-list=30m', '-range-min-rsi=28', '-range-max-rsi=80', '-range-p-ema=50,250', '-target-margin-list=1.0,1.5,2.0,2.5,3.0,3.5,4.0,4.5,5.0', '-log-level=WARNING']
2023-11-26 19:38:08;UNIUSDT;30m;1.5;125;32;76;100.0;3;129.76;['-batch-training', '-calc-rsi', '-verbose', '-prediction-mode=index', '-interval-list=30m', '-range-min-rsi=28', '-range-max-rsi=80', '-range-p-ema=50,250', '-target-margin-list=1.0,1.5,2.0,2.5,3.0,3.5,4.0,4.5,5.0', '-log-level=WARNING']
2023-11-26 21:04:47;UNIUSDT;30m;1.5;75;32;76;100.0;3;129.76;['-batch-training', '-calc-rsi', '-verbose', '-prediction-mode=index', '-interval-list=30m', '-range-min-rsi=28', '-range-max-rsi=80', '-range-p-ema=50,250', '-target-margin-list=1.0,1.5,2.0,2.5,3.0,3.5,4.0,4.5,5.0', '-log-level=WARNING']
2023-11-26 20:49:46;UNIUSDT;30m;1.5;50;32;76;100.0;3;129.76;['-batch-training', '-calc-rsi', '-verbose', '-prediction-mode=index', '-interval-list=30m', '-range-min-rsi=28', '-range-max-rsi=80', '-range-p-ema=50,250', '-target-margin-list=1.0,1.5,2.0,2.5,3.0,3.5,4.0,4.5,5.0', '-log-level=WARNING']
2023-11-26 19:26:39;UNIUSDT;30m;1.5;100;32;76;100.0;3;129.76;['-batch-training', '-calc-rsi', '-verbose', '-prediction-mode=index', '-interval-list=30m', '-range-min-rsi=28', '-range-max-rsi=80', '-range-p-ema=50,250', '-target-margin-list=1.0,1.5,2.0,2.5,3.0,3.5,4.0,4.5,5.0', '-log-level=WARNING']
2023-11-26 20:23:59;UNIUSDT;30m;2.0;225;36;74;100.0;4;129.81;['-batch-training', '-calc-rsi', '-verbose', '-prediction-mode=index', '-interval-list=30m', '-range-min-rsi=28', '-range-max-rsi=80', '-range-p-ema=50,250', '-target-margin-list=1.0,1.5,2.0,2.5,3.0,3.5,4.0,4.5,5.0', '-log-level=WARNING']
2023-11-26 20:42:34;UNIUSDT;30m;3.5;250;32;80;100.0;2;129.85;['-batch-training', '-calc-rsi', '-verbose', '-prediction-mode=index', '-interval-list=30m', '-range-min-rsi=28', '-range-max-rsi=80', '-range-p-ema=50,250', '-target-margin-list=1.0,1.5,2.0,2.5,3.0,3.5,4.0,4.5,5.0', '-log-level=WARNING']
2023-11-26 19:46:02;UNIUSDT;30m;4.5;125;32;78;100.0;2;129.85;['-batch-training', '-calc-rsi', '-verbose', '-prediction-mode=index', '-interval-list=30m', '-range-min-rsi=28', '-range-max-rsi=80', '-range-p-ema=50,250', '-target-margin-list=1.0,1.5,2.0,2.5,3.0,3.5,4.0,4.5,5.0', '-log-level=WARNING']
2023-11-26 19:34:27;UNIUSDT;30m;4.5;100;32;78;100.0;2;129.85;['-batch-training', '-calc-rsi', '-verbose', '-prediction-mode=index', '-interval-list=30m', '-range-min-rsi=28', '-range-max-rsi=80', '-range-p-ema=50,250', '-target-margin-list=1.0,1.5,2.0,2.5,3.0,3.5,4.0,4.5,5.0', '-log-level=WARNING']
2023-11-26 20:59:59;UNIUSDT;30m;4.5;50;32;78;100.0;2;129.85;['-batch-training', '-calc-rsi', '-verbose', '-prediction-mode=index', '-interval-list=30m', '-range-min-rsi=28', '-range-max-rsi=80', '-range-p-ema=50,250', '-target-margin-list=1.0,1.5,2.0,2.5,3.0,3.5,4.0,4.5,5.0', '-log-level=WARNING']
2023-11-26 21:15:29;UNIUSDT;30m;4.5;75;32;78;100.0;2;129.85;['-batch-training', '-calc-rsi', '-verbose', '-prediction-mode=index', '-interval-list=30m', '-range-min-rsi=28', '-range-max-rsi=80', '-range-p-ema=50,250', '-target-margin-list=1.0,1.5,2.0,2.5,3.0,3.5,4.0,4.5,5.0', '-log-level=WARNING']
2023-11-26 20:02:52;UNIUSDT;30m;2.5;175;30;80;100.0;7;129.88;['-batch-training', '-calc-rsi', '-verbose', '-prediction-mode=index', '-interval-list=30m', '-range-min-rsi=28', '-range-max-rsi=80', '-range-p-ema=50,250', '-target-margin-list=1.0,1.5,2.0,2.5,3.0,3.5,4.0,4.5,5.0', '-log-level=WARNING']
2023-11-26 20:13:29;UNIUSDT;30m;2.5;200;30;80;100.0;7;129.88;['-batch-training', '-calc-rsi', '-verbose', '-prediction-mode=index', '-interval-list=30m', '-range-min-rsi=28', '-range-max-rsi=80', '-range-p-ema=50,250', '-target-margin-list=1.0,1.5,2.0,2.5,3.0,3.5,4.0,4.5,5.0', '-log-level=WARNING']
2023-11-26 19:41:10;UNIUSDT;30m;2.5;125;30;80;100.0;7;129.88;['-batch-training', '-calc-rsi', '-verbose', '-prediction-mode=index', '-interval-list=30m', '-range-min-rsi=28', '-range-max-rsi=80', '-range-p-ema=50,250', '-target-margin-list=1.0,1.5,2.0,2.5,3.0,3.5,4.0,4.5,5.0', '-log-level=WARNING']
2023-11-26 20:26:07;UNIUSDT;30m;2.5;225;30;80;100.0;7;129.88;['-batch-training', '-calc-rsi', '-verbose', '-prediction-mode=index', '-interval-list=30m', '-range-min-rsi=28', '-range-max-rsi=80', '-range-p-ema=50,250', '-target-margin-list=1.0,1.5,2.0,2.5,3.0,3.5,4.0,4.5,5.0', '-log-level=WARNING']
2023-11-26 20:39:25;UNIUSDT;30m;2.5;250;30;80;100.0;7;129.88;['-batch-training', '-calc-rsi', '-verbose', '-prediction-mode=index', '-interval-list=30m', '-range-min-rsi=28', '-range-max-rsi=80', '-range-p-ema=50,250', '-target-margin-list=1.0,1.5,2.0,2.5,3.0,3.5,4.0,4.5,5.0', '-log-level=WARNING']
2023-11-26 20:53:38;UNIUSDT;30m;2.5;50;30;80;100.0;7;129.88;['-batch-training', '-calc-rsi', '-verbose', '-prediction-mode=index', '-interval-list=30m', '-range-min-rsi=28', '-range-max-rsi=80', '-range-p-ema=50,250', '-target-margin-list=1.0,1.5,2.0,2.5,3.0,3.5,4.0,4.5,5.0', '-log-level=WARNING']
2023-11-26 19:29:41;UNIUSDT;30m;2.5;100;30;80;100.0;7;129.88;['-batch-training', '-calc-rsi', '-verbose', '-prediction-mode=index', '-interval-list=30m', '-range-min-rsi=28', '-range-max-rsi=80', '-range-p-ema=50,250', '-target-margin-list=1.0,1.5,2.0,2.5,3.0,3.5,4.0,4.5,5.0', '-log-level=WARNING']
2023-11-26 19:52:40;UNIUSDT;30m;2.5;150;30;80;100.0;7;129.88;['-batch-training', '-calc-rsi', '-verbose', '-prediction-mode=index', '-interval-list=30m', '-range-min-rsi=28', '-range-max-rsi=80', '-range-p-ema=50,250', '-target-margin-list=1.0,1.5,2.0,2.5,3.0,3.5,4.0,4.5,5.0', '-log-level=WARNING']
2023-11-26 21:09:05;UNIUSDT;30m;2.5;75;30;80;100.0;7;129.88;['-batch-training', '-calc-rsi', '-verbose', '-prediction-mode=index', '-interval-list=30m', '-range-min-rsi=28', '-range-max-rsi=80', '-range-p-ema=50,250', '-target-margin-list=1.0,1.5,2.0,2.5,3.0,3.5,4.0,4.5,5.0', '-log-level=WARNING']
2023-11-26 20:23:42;UNIUSDT;30m;2.0;225;36;72;100.0;6;129.93;['-batch-training', '-calc-rsi', '-verbose', '-prediction-mode=index', '-interval-list=30m', '-range-min-rsi=28', '-range-max-rsi=80', '-range-p-ema=50,250', '-target-margin-list=1.0,1.5,2.0,2.5,3.0,3.5,4.0,4.5,5.0', '-log-level=WARNING']
2023-11-26 20:29:09;UNIUSDT;30m;3.5;225;34;80;100.0;2;129.93;['-batch-training', '-calc-rsi', '-verbose', '-prediction-mode=index', '-interval-list=30m', '-range-min-rsi=28', '-range-max-rsi=80', '-range-p-ema=50,250', '-target-margin-list=1.0,1.5,2.0,2.5,3.0,3.5,4.0,4.5,5.0', '-log-level=WARNING']
2023-11-26 20:20:30;UNIUSDT;30m;5.0;200;36;80;100.0;2;129.94;['-batch-training', '-calc-rsi', '-verbose', '-prediction-mode=index', '-interval-list=30m', '-range-min-rsi=28', '-range-max-rsi=80', '-range-p-ema=50,250', '-target-margin-list=1.0,1.5,2.0,2.5,3.0,3.5,4.0,4.5,5.0', '-log-level=WARNING']
2023-11-26 20:08:29;UNIUSDT;30m;5.0;175;36;80;100.0;2;129.94;['-batch-training', '-calc-rsi', '-verbose', '-prediction-mode=index', '-interval-list=30m', '-range-min-rsi=28', '-range-max-rsi=80', '-range-p-ema=50,250', '-target-margin-list=1.0,1.5,2.0,2.5,3.0,3.5,4.0,4.5,5.0', '-log-level=WARNING']
2023-11-26 20:04:26;UNIUSDT;30m;3.5;175;32;74;100.0;2;129.95;['-batch-training', '-calc-rsi', '-verbose', '-prediction-mode=index', '-interval-list=30m', '-range-min-rsi=28', '-range-max-rsi=80', '-range-p-ema=50,250', '-target-margin-list=1.0,1.5,2.0,2.5,3.0,3.5,4.0,4.5,5.0', '-log-level=WARNING']
2023-11-26 20:15:25;UNIUSDT;30m;3.5;200;32;74;100.0;2;129.95;['-batch-training', '-calc-rsi', '-verbose', '-prediction-mode=index', '-interval-list=30m', '-range-min-rsi=28', '-range-max-rsi=80', '-range-p-ema=50,250', '-target-margin-list=1.0,1.5,2.0,2.5,3.0,3.5,4.0,4.5,5.0', '-log-level=WARNING']
2023-11-26 20:28:13;UNIUSDT;30m;3.5;225;32;74;100.0;2;129.95;['-batch-training', '-calc-rsi', '-verbose', '-prediction-mode=index', '-interval-list=30m', '-range-min-rsi=28', '-range-max-rsi=80', '-range-p-ema=50,250', '-target-margin-list=1.0,1.5,2.0,2.5,3.0,3.5,4.0,4.5,5.0', '-log-level=WARNING']
2023-11-26 19:54:18;UNIUSDT;30m;3.5;150;32;74;100.0;2;129.95;['-batch-training', '-calc-rsi', '-verbose', '-prediction-mode=index', '-interval-list=30m', '-range-min-rsi=28', '-range-max-rsi=80', '-range-p-ema=50,250', '-target-margin-list=1.0,1.5,2.0,2.5,3.0,3.5,4.0,4.5,5.0', '-log-level=WARNING']
2023-11-26 19:29:17;UNIUSDT;30m;2.5;100;34;76;100.0;5;129.96;['-batch-training', '-calc-rsi', '-verbose', '-prediction-mode=index', '-interval-list=30m', '-range-min-rsi=28', '-range-max-rsi=80', '-range-p-ema=50,250', '-target-margin-list=1.0,1.5,2.0,2.5,3.0,3.5,4.0,4.5,5.0', '-log-level=WARNING']
2023-11-26 19:57:16;UNIUSDT;30m;4.5;150;32;80;100.0;2;129.96;['-batch-training', '-calc-rsi', '-verbose', '-prediction-mode=index', '-interval-list=30m', '-range-min-rsi=28', '-range-max-rsi=80', '-range-p-ema=50,250', '-target-margin-list=1.0,1.5,2.0,2.5,3.0,3.5,4.0,4.5,5.0', '-log-level=WARNING']
2023-11-26 21:08:31;UNIUSDT;30m;2.5;75;34;76;100.0;5;129.96;['-batch-training', '-calc-rsi', '-verbose', '-prediction-mode=index', '-interval-list=30m', '-range-min-rsi=28', '-range-max-rsi=80', '-range-p-ema=50,250', '-target-margin-list=1.0,1.5,2.0,2.5,3.0,3.5,4.0,4.5,5.0', '-log-level=WARNING']
2023-11-26 19:40:46;UNIUSDT;30m;2.5;125;34;76;100.0;5;129.96;['-batch-training', '-calc-rsi', '-verbose', '-prediction-mode=index', '-interval-list=30m', '-range-min-rsi=28', '-range-max-rsi=80', '-range-p-ema=50,250', '-target-margin-list=1.0,1.5,2.0,2.5,3.0,3.5,4.0,4.5,5.0', '-log-level=WARNING']
2023-11-26 20:53:06;UNIUSDT;30m;2.5;50;34;76;100.0;5;129.96;['-batch-training', '-calc-rsi', '-verbose', '-prediction-mode=index', '-interval-list=30m', '-range-min-rsi=28', '-range-max-rsi=80', '-range-p-ema=50,250', '-target-margin-list=1.0,1.5,2.0,2.5,3.0,3.5,4.0,4.5,5.0', '-log-level=WARNING']
2023-11-26 20:36:54;UNIUSDT;30m;2.0;250;36;72;100.0;4;129.97;['-batch-training', '-calc-rsi', '-verbose', '-prediction-mode=index', '-interval-list=30m', '-range-min-rsi=28', '-range-max-rsi=80', '-range-p-ema=50,250', '-target-margin-list=1.0,1.5,2.0,2.5,3.0,3.5,4.0,4.5,5.0', '-log-level=WARNING']
2023-11-26 20:49:55;UNIUSDT;30m;1.5;50;36;76;100.0;6;130.02;['-batch-training', '-calc-rsi', '-verbose', '-prediction-mode=index', '-interval-list=30m', '-range-min-rsi=28', '-range-max-rsi=80', '-range-p-ema=50,250', '-target-margin-list=1.0,1.5,2.0,2.5,3.0,3.5,4.0,4.5,5.0', '-log-level=WARNING']
2023-11-26 19:26:45;UNIUSDT;30m;1.5;100;36;76;100.0;6;130.02;['-batch-training', '-calc-rsi', '-verbose', '-prediction-mode=index', '-interval-list=30m', '-range-min-rsi=28', '-range-max-rsi=80', '-range-p-ema=50,250', '-target-margin-list=1.0,1.5,2.0,2.5,3.0,3.5,4.0,4.5,5.0', '-log-level=WARNING']
2023-11-26 21:04:56;UNIUSDT;30m;1.5;75;36;76;100.0;6;130.02;['-batch-training', '-calc-rsi', '-verbose', '-prediction-mode=index', '-interval-list=30m', '-range-min-rsi=28', '-range-max-rsi=80', '-range-p-ema=50,250', '-target-margin-list=1.0,1.5,2.0,2.5,3.0,3.5,4.0,4.5,5.0', '-log-level=WARNING']
2023-11-26 19:38:14;UNIUSDT;30m;1.5;125;36;76;100.0;6;130.02;['-batch-training', '-calc-rsi', '-verbose', '-prediction-mode=index', '-interval-list=30m', '-range-min-rsi=28', '-range-max-rsi=80', '-range-p-ema=50,250', '-target-margin-list=1.0,1.5,2.0,2.5,3.0,3.5,4.0,4.5,5.0', '-log-level=WARNING']
2023-11-26 20:27:41;UNIUSDT;30m;3.0;225;34;80;100.0;7;130.05;['-batch-training', '-calc-rsi', '-verbose', '-prediction-mode=index', '-interval-list=30m', '-range-min-rsi=28', '-range-max-rsi=80', '-range-p-ema=50,250', '-target-margin-list=1.0,1.5,2.0,2.5,3.0,3.5,4.0,4.5,5.0', '-log-level=WARNING']
2023-11-26 20:27:41;UNIUSDT;30m;3.0;225;34;80;100.0;6;130.05;['-batch-training', '-calc-rsi', '-verbose', '-prediction-mode=index', '-interval-list=30m', '-range-min-rsi=28', '-range-max-rsi=80', '-range-p-ema=50,250', '-target-margin-list=1.0,1.5,2.0,2.5,3.0,3.5,4.0,4.5,5.0', '-log-level=WARNING']
2023-11-26 20:01:09;UNIUSDT;30m;2.0;175;34;74;100.0;6;130.07;['-batch-training', '-calc-rsi', '-verbose', '-prediction-mode=index', '-interval-list=30m', '-range-min-rsi=28', '-range-max-rsi=80', '-range-p-ema=50,250', '-target-margin-list=1.0,1.5,2.0,2.5,3.0,3.5,4.0,4.5,5.0', '-log-level=WARNING']
2023-11-26 20:35:13;UNIUSDT;30m;1.5;250;30;72;100.0;7;130.1;['-batch-training', '-calc-rsi', '-verbose', '-prediction-mode=index', '-interval-list=30m', '-range-min-rsi=28', '-range-max-rsi=80', '-range-p-ema=50,250', '-target-margin-list=1.0,1.5,2.0,2.5,3.0,3.5,4.0,4.5,5.0', '-log-level=WARNING']
2023-11-26 20:43:53;UNIUSDT;30m;4.0;250;34;78;100.0;3;130.17;['-batch-training', '-calc-rsi', '-verbose', '-prediction-mode=index', '-interval-list=30m', '-range-min-rsi=28', '-range-max-rsi=80', '-range-p-ema=50,250', '-target-margin-list=1.0,1.5,2.0,2.5,3.0,3.5,4.0,4.5,5.0', '-log-level=WARNING']
2023-11-26 20:30:18;UNIUSDT;30m;4.0;225;34;78;100.0;3;130.17;['-batch-training', '-calc-rsi', '-verbose', '-prediction-mode=index', '-interval-list=30m', '-range-min-rsi=28', '-range-max-rsi=80', '-range-p-ema=50,250', '-target-margin-list=1.0,1.5,2.0,2.5,3.0,3.5,4.0,4.5,5.0', '-log-level=WARNING']
2023-11-26 20:53:46;UNIUSDT;30m;2.5;50;34;80;100.0;4;130.2;['-batch-training', '-calc-rsi', '-verbose', '-prediction-mode=index', '-interval-list=30m', '-range-min-rsi=28', '-range-max-rsi=80', '-range-p-ema=50,250', '-target-margin-list=1.0,1.5,2.0,2.5,3.0,3.5,4.0,4.5,5.0', '-log-level=WARNING']
2023-11-26 19:29:47;UNIUSDT;30m;2.5;100;34;80;100.0;4;130.2;['-batch-training', '-calc-rsi', '-verbose', '-prediction-mode=index', '-interval-list=30m', '-range-min-rsi=28', '-range-max-rsi=80', '-range-p-ema=50,250', '-target-margin-list=1.0,1.5,2.0,2.5,3.0,3.5,4.0,4.5,5.0', '-log-level=WARNING']
2023-11-26 21:09:13;UNIUSDT;30m;2.5;75;34;80;100.0;4;130.2;['-batch-training', '-calc-rsi', '-verbose', '-prediction-mode=index', '-interval-list=30m', '-range-min-rsi=28', '-range-max-rsi=80', '-range-p-ema=50,250', '-target-margin-list=1.0,1.5,2.0,2.5,3.0,3.5,4.0,4.5,5.0', '-log-level=WARNING']
2023-11-26 19:41:16;UNIUSDT;30m;2.5;125;34;80;100.0;4;130.2;['-batch-training', '-calc-rsi', '-verbose', '-prediction-mode=index', '-interval-list=30m', '-range-min-rsi=28', '-range-max-rsi=80', '-range-p-ema=50,250', '-target-margin-list=1.0,1.5,2.0,2.5,3.0,3.5,4.0,4.5,5.0', '-log-level=WARNING']
2023-11-26 20:29:43;UNIUSDT;30m;4.0;225;34;74;100.0;3;130.26;['-batch-training', '-calc-rsi', '-verbose', '-prediction-mode=index', '-interval-list=30m', '-range-min-rsi=28', '-range-max-rsi=80', '-range-p-ema=50,250', '-target-margin-list=1.0,1.5,2.0,2.5,3.0,3.5,4.0,4.5,5.0', '-log-level=WARNING']
2023-11-26 20:39:11;UNIUSDT;30m;2.5;250;32;78;100.0;3;130.26;['-batch-training', '-calc-rsi', '-verbose', '-prediction-mode=index', '-interval-list=30m', '-range-min-rsi=28', '-range-max-rsi=80', '-range-p-ema=50,250', '-target-margin-list=1.0,1.5,2.0,2.5,3.0,3.5,4.0,4.5,5.0', '-log-level=WARNING']
2023-11-26 20:43:16;UNIUSDT;30m;4.0;250;34;74;100.0;3;130.26;['-batch-training', '-calc-rsi', '-verbose', '-prediction-mode=index', '-interval-list=30m', '-range-min-rsi=28', '-range-max-rsi=80', '-range-p-ema=50,250', '-target-margin-list=1.0,1.5,2.0,2.5,3.0,3.5,4.0,4.5,5.0', '-log-level=WARNING']
2023-11-26 20:29:47;UNIUSDT;30m;4.0;225;36;74;100.0;2;130.28;['-batch-training', '-calc-rsi', '-verbose', '-prediction-mode=index', '-interval-list=30m', '-range-min-rsi=28', '-range-max-rsi=80', '-range-p-ema=50,250', '-target-margin-list=1.0,1.5,2.0,2.5,3.0,3.5,4.0,4.5,5.0', '-log-level=WARNING']
2023-11-26 20:43:20;UNIUSDT;30m;4.0;250;36;74;100.0;2;130.28;['-batch-training', '-calc-rsi', '-verbose', '-prediction-mode=index', '-interval-list=30m', '-range-min-rsi=28', '-range-max-rsi=80', '-range-p-ema=50,250', '-target-margin-list=1.0,1.5,2.0,2.5,3.0,3.5,4.0,4.5,5.0', '-log-level=WARNING']
2023-11-26 20:43:37;UNIUSDT;30m;4.0;250;36;76;100.0;2;130.3;['-batch-training', '-calc-rsi', '-verbose', '-prediction-mode=index', '-interval-list=30m', '-range-min-rsi=28', '-range-max-rsi=80', '-range-p-ema=50,250', '-target-margin-list=1.0,1.5,2.0,2.5,3.0,3.5,4.0,4.5,5.0', '-log-level=WARNING']
2023-11-26 20:30:04;UNIUSDT;30m;4.0;225;36;76;100.0;2;130.3;['-batch-training', '-calc-rsi', '-verbose', '-prediction-mode=index', '-interval-list=30m', '-range-min-rsi=28', '-range-max-rsi=80', '-range-p-ema=50,250', '-target-margin-list=1.0,1.5,2.0,2.5,3.0,3.5,4.0,4.5,5.0', '-log-level=WARNING']
2023-11-26 20:37:12;UNIUSDT;30m;2.0;250;36;74;100.0;4;130.37;['-batch-training', '-calc-rsi', '-verbose', '-prediction-mode=index', '-interval-list=30m', '-range-min-rsi=28', '-range-max-rsi=80', '-range-p-ema=50,250', '-target-margin-list=1.0,1.5,2.0,2.5,3.0,3.5,4.0,4.5,5.0', '-log-level=WARNING']
2023-11-26 21:12:48;UNIUSDT;30m;3.5;75;34;80;100.0;4;130.4;['-batch-training', '-calc-rsi', '-verbose', '-prediction-mode=index', '-interval-list=30m', '-range-min-rsi=28', '-range-max-rsi=80', '-range-p-ema=50,250', '-target-margin-list=1.0,1.5,2.0,2.5,3.0,3.5,4.0,4.5,5.0', '-log-level=WARNING']
2023-11-26 19:43:48;UNIUSDT;30m;3.5;125;34;80;100.0;4;130.4;['-batch-training', '-calc-rsi', '-verbose', '-prediction-mode=index', '-interval-list=30m', '-range-min-rsi=28', '-range-max-rsi=80', '-range-p-ema=50,250', '-target-margin-list=1.0,1.5,2.0,2.5,3.0,3.5,4.0,4.5,5.0', '-log-level=WARNING']
2023-11-26 20:57:03;UNIUSDT;30m;3.5;50;34;80;100.0;4;130.4;['-batch-training', '-calc-rsi', '-verbose', '-prediction-mode=index', '-interval-list=30m', '-range-min-rsi=28', '-range-max-rsi=80', '-range-p-ema=50,250', '-target-margin-list=1.0,1.5,2.0,2.5,3.0,3.5,4.0,4.5,5.0', '-log-level=WARNING']
2023-11-26 19:32:17;UNIUSDT;30m;3.5;100;34;80;100.0;4;130.4;['-batch-training', '-calc-rsi', '-verbose', '-prediction-mode=index', '-interval-list=30m', '-range-min-rsi=28', '-range-max-rsi=80', '-range-p-ema=50,250', '-target-margin-list=1.0,1.5,2.0,2.5,3.0,3.5,4.0,4.5,5.0', '-log-level=WARNING']
2023-11-26 20:45:07;UNIUSDT;30m;4.5;250;34;76;100.0;2;130.45;['-batch-training', '-calc-rsi', '-verbose', '-prediction-mode=index', '-interval-list=30m', '-range-min-rsi=28', '-range-max-rsi=80', '-range-p-ema=50,250', '-target-margin-list=1.0,1.5,2.0,2.5,3.0,3.5,4.0,4.5,5.0', '-log-level=WARNING']
2023-11-26 20:31:28;UNIUSDT;30m;4.5;225;34;76;100.0;2;130.45;['-batch-training', '-calc-rsi', '-verbose', '-prediction-mode=index', '-interval-list=30m', '-range-min-rsi=28', '-range-max-rsi=80', '-range-p-ema=50,250', '-target-margin-list=1.0,1.5,2.0,2.5,3.0,3.5,4.0,4.5,5.0', '-log-level=WARNING']
2023-11-26 19:50:44;UNIUSDT;30m;2.0;150;34;74;100.0;6;130.48;['-batch-training', '-calc-rsi', '-verbose', '-prediction-mode=index', '-interval-list=30m', '-range-min-rsi=28', '-range-max-rsi=80', '-range-p-ema=50,250', '-target-margin-list=1.0,1.5,2.0,2.5,3.0,3.5,4.0,4.5,5.0', '-log-level=WARNING']
2023-11-26 20:36:54;UNIUSDT;30m;2.0;250;36;72;100.0;6;130.49;['-batch-training', '-calc-rsi', '-verbose', '-prediction-mode=index', '-interval-list=30m', '-range-min-rsi=28', '-range-max-rsi=80', '-range-p-ema=50,250', '-target-margin-list=1.0,1.5,2.0,2.5,3.0,3.5,4.0,4.5,5.0', '-log-level=WARNING']
2023-11-26 20:26:14;UNIUSDT;30m;2.5;225;34;80;100.0;3;130.5;['-batch-training', '-calc-rsi', '-verbose', '-prediction-mode=index', '-interval-list=30m', '-range-min-rsi=28', '-range-max-rsi=80', '-range-p-ema=50,250', '-target-margin-list=1.0,1.5,2.0,2.5,3.0,3.5,4.0,4.5,5.0', '-log-level=WARNING']
2023-11-26 19:28:18;UNIUSDT;30m;2.0;100;36;78;100.0;4;130.52;['-batch-training', '-calc-rsi', '-verbose', '-prediction-mode=index', '-interval-list=30m', '-range-min-rsi=28', '-range-max-rsi=80', '-range-p-ema=50,250', '-target-margin-list=1.0,1.5,2.0,2.5,3.0,3.5,4.0,4.5,5.0', '-log-level=WARNING']
2023-11-26 19:39:47;UNIUSDT;30m;2.0;125;36;78;100.0;4;130.52;['-batch-training', '-calc-rsi', '-verbose', '-prediction-mode=index', '-interval-list=30m', '-range-min-rsi=28', '-range-max-rsi=80', '-range-p-ema=50,250', '-target-margin-list=1.0,1.5,2.0,2.5,3.0,3.5,4.0,4.5,5.0', '-log-level=WARNING']
2023-11-26 20:55:29;UNIUSDT;30m;3.0;50;36;80;100.0;3;130.54;['-batch-training', '-calc-rsi', '-verbose', '-prediction-mode=index', '-interval-list=30m', '-range-min-rsi=28', '-range-max-rsi=80', '-range-p-ema=50,250', '-target-margin-list=1.0,1.5,2.0,2.5,3.0,3.5,4.0,4.5,5.0', '-log-level=WARNING']
2023-11-26 21:11:04;UNIUSDT;30m;3.0;75;36;80;100.0;3;130.54;['-batch-training', '-calc-rsi', '-verbose', '-prediction-mode=index', '-interval-list=30m', '-range-min-rsi=28', '-range-max-rsi=80', '-range-p-ema=50,250', '-target-margin-list=1.0,1.5,2.0,2.5,3.0,3.5,4.0,4.5,5.0', '-log-level=WARNING']
2023-11-26 20:59:14;UNIUSDT;30m;4.5;50;30;74;100.0;2;130.55;['-batch-training', '-calc-rsi', '-verbose', '-prediction-mode=index', '-interval-list=30m', '-range-min-rsi=28', '-range-max-rsi=80', '-range-p-ema=50,250', '-target-margin-list=1.0,1.5,2.0,2.5,3.0,3.5,4.0,4.5,5.0', '-log-level=WARNING']
2023-11-26 20:06:37;UNIUSDT;30m;4.5;175;30;74;100.0;2;130.55;['-batch-training', '-calc-rsi', '-verbose', '-prediction-mode=index', '-interval-list=30m', '-range-min-rsi=28', '-range-max-rsi=80', '-range-p-ema=50,250', '-target-margin-list=1.0,1.5,2.0,2.5,3.0,3.5,4.0,4.5,5.0', '-log-level=WARNING']
2023-11-26 19:45:28;UNIUSDT;30m;4.5;125;30;74;100.0;2;130.55;['-batch-training', '-calc-rsi', '-verbose', '-prediction-mode=index', '-interval-list=30m', '-range-min-rsi=28', '-range-max-rsi=80', '-range-p-ema=50,250', '-target-margin-list=1.0,1.5,2.0,2.5,3.0,3.5,4.0,4.5,5.0', '-log-level=WARNING']
2023-11-26 20:18:06;UNIUSDT;30m;4.5;200;30;74;100.0;2;130.55;['-batch-training', '-calc-rsi', '-verbose', '-prediction-mode=index', '-interval-list=30m', '-range-min-rsi=28', '-range-max-rsi=80', '-range-p-ema=50,250', '-target-margin-list=1.0,1.5,2.0,2.5,3.0,3.5,4.0,4.5,5.0', '-log-level=WARNING']
2023-11-26 19:33:55;UNIUSDT;30m;4.5;100;30;74;100.0;2;130.55;['-batch-training', '-calc-rsi', '-verbose', '-prediction-mode=index', '-interval-list=30m', '-range-min-rsi=28', '-range-max-rsi=80', '-range-p-ema=50,250', '-target-margin-list=1.0,1.5,2.0,2.5,3.0,3.5,4.0,4.5,5.0', '-log-level=WARNING']
2023-11-26 21:14:51;UNIUSDT;30m;4.5;75;30;74;100.0;2;130.55;['-batch-training', '-calc-rsi', '-verbose', '-prediction-mode=index', '-interval-list=30m', '-range-min-rsi=28', '-range-max-rsi=80', '-range-p-ema=50,250', '-target-margin-list=1.0,1.5,2.0,2.5,3.0,3.5,4.0,4.5,5.0', '-log-level=WARNING']
2023-11-26 19:56:32;UNIUSDT;30m;4.5;150;30;74;100.0;2;130.55;['-batch-training', '-calc-rsi', '-verbose', '-prediction-mode=index', '-interval-list=30m', '-range-min-rsi=28', '-range-max-rsi=80', '-range-p-ema=50,250', '-target-margin-list=1.0,1.5,2.0,2.5,3.0,3.5,4.0,4.5,5.0', '-log-level=WARNING']
2023-11-26 20:44:41;UNIUSDT;30m;4.5;250;30;74;100.0;2;130.55;['-batch-training', '-calc-rsi', '-verbose', '-prediction-mode=index', '-interval-list=30m', '-range-min-rsi=28', '-range-max-rsi=80', '-range-p-ema=50,250', '-target-margin-list=1.0,1.5,2.0,2.5,3.0,3.5,4.0,4.5,5.0', '-log-level=WARNING']
2023-11-26 20:31:03;UNIUSDT;30m;4.5;225;30;74;100.0;2;130.55;['-batch-training', '-calc-rsi', '-verbose', '-prediction-mode=index', '-interval-list=30m', '-range-min-rsi=28', '-range-max-rsi=80', '-range-p-ema=50,250', '-target-margin-list=1.0,1.5,2.0,2.5,3.0,3.5,4.0,4.5,5.0', '-log-level=WARNING']
2023-11-26 20:14:08;UNIUSDT;30m;3.0;200;34;74;100.0;3;130.63;['-batch-training', '-calc-rsi', '-verbose', '-prediction-mode=index', '-interval-list=30m', '-range-min-rsi=28', '-range-max-rsi=80', '-range-p-ema=50,250', '-target-margin-list=1.0,1.5,2.0,2.5,3.0,3.5,4.0,4.5,5.0', '-log-level=WARNING']
2023-11-26 20:03:24;UNIUSDT;30m;3.0;175;34;74;100.0;3;130.63;['-batch-training', '-calc-rsi', '-verbose', '-prediction-mode=index', '-interval-list=30m', '-range-min-rsi=28', '-range-max-rsi=80', '-range-p-ema=50,250', '-target-margin-list=1.0,1.5,2.0,2.5,3.0,3.5,4.0,4.5,5.0', '-log-level=WARNING']
2023-11-26 20:39:33;UNIUSDT;30m;2.5;250;34;80;100.0;5;130.64;['-batch-training', '-calc-rsi', '-verbose', '-prediction-mode=index', '-interval-list=30m', '-range-min-rsi=28', '-range-max-rsi=80', '-range-p-ema=50,250', '-target-margin-list=1.0,1.5,2.0,2.5,3.0,3.5,4.0,4.5,5.0', '-log-level=WARNING']
2023-11-26 20:04:13;UNIUSDT;30m;3.5;175;32;72;100.0;3;130.66;['-batch-training', '-calc-rsi', '-verbose', '-prediction-mode=index', '-interval-list=30m', '-range-min-rsi=28', '-range-max-rsi=80', '-range-p-ema=50,250', '-target-margin-list=1.0,1.5,2.0,2.5,3.0,3.5,4.0,4.5,5.0', '-log-level=WARNING']
2023-11-26 20:27:55;UNIUSDT;30m;3.5;225;32;72;100.0;3;130.66;['-batch-training', '-calc-rsi', '-verbose', '-prediction-mode=index', '-interval-list=30m', '-range-min-rsi=28', '-range-max-rsi=80', '-range-p-ema=50,250', '-target-margin-list=1.0,1.5,2.0,2.5,3.0,3.5,4.0,4.5,5.0', '-log-level=WARNING']
2023-11-26 20:41:21;UNIUSDT;30m;3.5;250;32;72;100.0;3;130.66;['-batch-training', '-calc-rsi', '-verbose', '-prediction-mode=index', '-interval-list=30m', '-range-min-rsi=28', '-range-max-rsi=80', '-range-p-ema=50,250', '-target-margin-list=1.0,1.5,2.0,2.5,3.0,3.5,4.0,4.5,5.0', '-log-level=WARNING']
2023-11-26 20:15:09;UNIUSDT;30m;3.5;200;32;72;100.0;3;130.66;['-batch-training', '-calc-rsi', '-verbose', '-prediction-mode=index', '-interval-list=30m', '-range-min-rsi=28', '-range-max-rsi=80', '-range-p-ema=50,250', '-target-margin-list=1.0,1.5,2.0,2.5,3.0,3.5,4.0,4.5,5.0', '-log-level=WARNING']
2023-11-26 19:54:04;UNIUSDT;30m;3.5;150;32;72;100.0;3;130.66;['-batch-training', '-calc-rsi', '-verbose', '-prediction-mode=index', '-interval-list=30m', '-range-min-rsi=28', '-range-max-rsi=80', '-range-p-ema=50,250', '-target-margin-list=1.0,1.5,2.0,2.5,3.0,3.5,4.0,4.5,5.0', '-log-level=WARNING']
2023-11-26 19:53:16;UNIUSDT;30m;3.0;150;36;74;100.0;2;130.67;['-batch-training', '-calc-rsi', '-verbose', '-prediction-mode=index', '-interval-list=30m', '-range-min-rsi=28', '-range-max-rsi=80', '-range-p-ema=50,250', '-target-margin-list=1.0,1.5,2.0,2.5,3.0,3.5,4.0,4.5,5.0', '-log-level=WARNING']
2023-11-26 19:40:58;UNIUSDT;30m;2.5;125;32;78;100.0;3;130.71;['-batch-training', '-calc-rsi', '-verbose', '-prediction-mode=index', '-interval-list=30m', '-range-min-rsi=28', '-range-max-rsi=80', '-range-p-ema=50,250', '-target-margin-list=1.0,1.5,2.0,2.5,3.0,3.5,4.0,4.5,5.0', '-log-level=WARNING']
2023-11-26 21:08:47;UNIUSDT;30m;2.5;75;32;78;100.0;3;130.71;['-batch-training', '-calc-rsi', '-verbose', '-prediction-mode=index', '-interval-list=30m', '-range-min-rsi=28', '-range-max-rsi=80', '-range-p-ema=50,250', '-target-margin-list=1.0,1.5,2.0,2.5,3.0,3.5,4.0,4.5,5.0', '-log-level=WARNING']
2023-11-26 20:53:23;UNIUSDT;30m;2.5;50;32;78;100.0;3;130.71;['-batch-training', '-calc-rsi', '-verbose', '-prediction-mode=index', '-interval-list=30m', '-range-min-rsi=28', '-range-max-rsi=80', '-range-p-ema=50,250', '-target-margin-list=1.0,1.5,2.0,2.5,3.0,3.5,4.0,4.5,5.0', '-log-level=WARNING']
2023-11-26 19:29:29;UNIUSDT;30m;2.5;100;32;78;100.0;3;130.71;['-batch-training', '-calc-rsi', '-verbose', '-prediction-mode=index', '-interval-list=30m', '-range-min-rsi=28', '-range-max-rsi=80', '-range-p-ema=50,250', '-target-margin-list=1.0,1.5,2.0,2.5,3.0,3.5,4.0,4.5,5.0', '-log-level=WARNING']
2023-11-26 21:07:48;UNIUSDT;30m;2.5;75;34;72;100.0;7;130.73;['-batch-training', '-calc-rsi', '-verbose', '-prediction-mode=index', '-interval-list=30m', '-range-min-rsi=28', '-range-max-rsi=80', '-range-p-ema=50,250', '-target-margin-list=1.0,1.5,2.0,2.5,3.0,3.5,4.0,4.5,5.0', '-log-level=WARNING']
2023-11-26 19:40:15;UNIUSDT;30m;2.5;125;34;72;100.0;7;130.73;['-batch-training', '-calc-rsi', '-verbose', '-prediction-mode=index', '-interval-list=30m', '-range-min-rsi=28', '-range-max-rsi=80', '-range-p-ema=50,250', '-target-margin-list=1.0,1.5,2.0,2.5,3.0,3.5,4.0,4.5,5.0', '-log-level=WARNING']
2023-11-26 19:28:47;UNIUSDT;30m;2.5;100;34;72;100.0;7;130.73;['-batch-training', '-calc-rsi', '-verbose', '-prediction-mode=index', '-interval-list=30m', '-range-min-rsi=28', '-range-max-rsi=80', '-range-p-ema=50,250', '-target-margin-list=1.0,1.5,2.0,2.5,3.0,3.5,4.0,4.5,5.0', '-log-level=WARNING']
2023-11-26 20:52:27;UNIUSDT;30m;2.5;50;34;72;100.0;7;130.73;['-batch-training', '-calc-rsi', '-verbose', '-prediction-mode=index', '-interval-list=30m', '-range-min-rsi=28', '-range-max-rsi=80', '-range-p-ema=50,250', '-target-margin-list=1.0,1.5,2.0,2.5,3.0,3.5,4.0,4.5,5.0', '-log-level=WARNING']
2023-11-26 20:11:28;UNIUSDT;30m;2.0;200;34;74;100.0;6;130.75;['-batch-training', '-calc-rsi', '-verbose', '-prediction-mode=index', '-interval-list=30m', '-range-min-rsi=28', '-range-max-rsi=80', '-range-p-ema=50,250', '-target-margin-list=1.0,1.5,2.0,2.5,3.0,3.5,4.0,4.5,5.0', '-log-level=WARNING']
2023-11-26 20:28:20;UNIUSDT;30m;3.5;225;36;74;100.0;2;130.76;['-batch-training', '-calc-rsi', '-verbose', '-prediction-mode=index', '-interval-list=30m', '-range-min-rsi=28', '-range-max-rsi=80', '-range-p-ema=50,250', '-target-margin-list=1.0,1.5,2.0,2.5,3.0,3.5,4.0,4.5,5.0', '-log-level=WARNING']
2023-11-26 19:35:35;UNIUSDT;30m;5.0;100;36;76;100.0;2;130.86;['-batch-training', '-calc-rsi', '-verbose', '-prediction-mode=index', '-interval-list=30m', '-range-min-rsi=28', '-range-max-rsi=80', '-range-p-ema=50,250', '-target-margin-list=1.0,1.5,2.0,2.5,3.0,3.5,4.0,4.5,5.0', '-log-level=WARNING']
2023-11-26 19:47:10;UNIUSDT;30m;5.0;125;36;76;100.0;2;130.86;['-batch-training', '-calc-rsi', '-verbose', '-prediction-mode=index', '-interval-list=30m', '-range-min-rsi=28', '-range-max-rsi=80', '-range-p-ema=50,250', '-target-margin-list=1.0,1.5,2.0,2.5,3.0,3.5,4.0,4.5,5.0', '-log-level=WARNING']
2023-11-26 21:01:08;UNIUSDT;30m;5.0;50;36;74;100.0;2;130.86;['-batch-training', '-calc-rsi', '-verbose', '-prediction-mode=index', '-interval-list=30m', '-range-min-rsi=28', '-range-max-rsi=80', '-range-p-ema=50,250', '-target-margin-list=1.0,1.5,2.0,2.5,3.0,3.5,4.0,4.5,5.0', '-log-level=WARNING']
2023-11-26 21:16:27;UNIUSDT;30m;5.0;75;36;74;100.0;2;130.86;['-batch-training', '-calc-rsi', '-verbose', '-prediction-mode=index', '-interval-list=30m', '-range-min-rsi=28', '-range-max-rsi=80', '-range-p-ema=50,250', '-target-margin-list=1.0,1.5,2.0,2.5,3.0,3.5,4.0,4.5,5.0', '-log-level=WARNING']
2023-11-26 19:35:19;UNIUSDT;30m;5.0;100;36;74;100.0;2;130.86;['-batch-training', '-calc-rsi', '-verbose', '-prediction-mode=index', '-interval-list=30m', '-range-min-rsi=28', '-range-max-rsi=80', '-range-p-ema=50,250', '-target-margin-list=1.0,1.5,2.0,2.5,3.0,3.5,4.0,4.5,5.0', '-log-level=WARNING']
2023-11-26 21:01:28;UNIUSDT;30m;5.0;50;36;76;100.0;2;130.86;['-batch-training', '-calc-rsi', '-verbose', '-prediction-mode=index', '-interval-list=30m', '-range-min-rsi=28', '-range-max-rsi=80', '-range-p-ema=50,250', '-target-margin-list=1.0,1.5,2.0,2.5,3.0,3.5,4.0,4.5,5.0', '-log-level=WARNING']
2023-11-26 21:16:43;UNIUSDT;30m;5.0;75;36;76;100.0;2;130.86;['-batch-training', '-calc-rsi', '-verbose', '-prediction-mode=index', '-interval-list=30m', '-range-min-rsi=28', '-range-max-rsi=80', '-range-p-ema=50,250', '-target-margin-list=1.0,1.5,2.0,2.5,3.0,3.5,4.0,4.5,5.0', '-log-level=WARNING']
2023-11-26 19:46:54;UNIUSDT;30m;5.0;125;36;74;100.0;2;130.86;['-batch-training', '-calc-rsi', '-verbose', '-prediction-mode=index', '-interval-list=30m', '-range-min-rsi=28', '-range-max-rsi=80', '-range-p-ema=50,250', '-target-margin-list=1.0,1.5,2.0,2.5,3.0,3.5,4.0,4.5,5.0', '-log-level=WARNING']
2023-11-26 20:13:22;UNIUSDT;30m;2.5;200;36;78;100.0;3;130.93;['-batch-training', '-calc-rsi', '-verbose', '-prediction-mode=index', '-interval-list=30m', '-range-min-rsi=28', '-range-max-rsi=80', '-range-p-ema=50,250', '-target-margin-list=1.0,1.5,2.0,2.5,3.0,3.5,4.0,4.5,5.0', '-log-level=WARNING']
2023-11-26 20:39:33;UNIUSDT;30m;2.5;250;34;80;100.0;3;130.93;['-batch-training', '-calc-rsi', '-verbose', '-prediction-mode=index', '-interval-list=30m', '-range-min-rsi=28', '-range-max-rsi=80', '-range-p-ema=50,250', '-target-margin-list=1.0,1.5,2.0,2.5,3.0,3.5,4.0,4.5,5.0', '-log-level=WARNING']
2023-11-26 20:46:30;UNIUSDT;30m;5.0;250;28;76;100.0;4;130.94;['-batch-training', '-calc-rsi', '-verbose', '-prediction-mode=index', '-interval-list=30m', '-range-min-rsi=28', '-range-max-rsi=80', '-range-p-ema=50,250', '-target-margin-list=1.0,1.5,2.0,2.5,3.0,3.5,4.0,4.5,5.0', '-log-level=WARNING']
2023-11-26 20:46:30;UNIUSDT;30m;5.0;250;28;76;100.0;5;130.94;['-batch-training', '-calc-rsi', '-verbose', '-prediction-mode=index', '-interval-list=30m', '-range-min-rsi=28', '-range-max-rsi=80', '-range-p-ema=50,250', '-target-margin-list=1.0,1.5,2.0,2.5,3.0,3.5,4.0,4.5,5.0', '-log-level=WARNING']
2023-11-26 19:47:28;UNIUSDT;30m;5.0;125;28;80;100.0;5;130.94;['-batch-training', '-calc-rsi', '-verbose', '-prediction-mode=index', '-interval-list=30m', '-range-min-rsi=28', '-range-max-rsi=80', '-range-p-ema=50,250', '-target-margin-list=1.0,1.5,2.0,2.5,3.0,3.5,4.0,4.5,5.0', '-log-level=WARNING']
2023-11-26 20:46:30;UNIUSDT;30m;5.0;250;28;76;100.0;7;130.94;['-batch-training', '-calc-rsi', '-verbose', '-prediction-mode=index', '-interval-list=30m', '-range-min-rsi=28', '-range-max-rsi=80', '-range-p-ema=50,250', '-target-margin-list=1.0,1.5,2.0,2.5,3.0,3.5,4.0,4.5,5.0', '-log-level=WARNING']
2023-11-26 20:47:07;UNIUSDT;30m;5.0;250;28;80;100.0;6;130.94;['-batch-training', '-calc-rsi', '-verbose', '-prediction-mode=index', '-interval-list=30m', '-range-min-rsi=28', '-range-max-rsi=80', '-range-p-ema=50,250', '-target-margin-list=1.0,1.5,2.0,2.5,3.0,3.5,4.0,4.5,5.0', '-log-level=WARNING']
2023-11-26 20:46:30;UNIUSDT;30m;5.0;250;28;76;100.0;6;130.94;['-batch-training', '-calc-rsi', '-verbose', '-prediction-mode=index', '-interval-list=30m', '-range-min-rsi=28', '-range-max-rsi=80', '-range-p-ema=50,250', '-target-margin-list=1.0,1.5,2.0,2.5,3.0,3.5,4.0,4.5,5.0', '-log-level=WARNING']
2023-11-26 20:46:47;UNIUSDT;30m;5.0;250;28;78;100.0;4;130.94;['-batch-training', '-calc-rsi', '-verbose', '-prediction-mode=index', '-interval-list=30m', '-range-min-rsi=28', '-range-max-rsi=80', '-range-p-ema=50,250', '-target-margin-list=1.0,1.5,2.0,2.5,3.0,3.5,4.0,4.5,5.0', '-log-level=WARNING']
2023-11-26 19:46:58;UNIUSDT;30m;5.0;125;28;76;100.0;6;130.94;['-batch-training', '-calc-rsi', '-verbose', '-prediction-mode=index', '-interval-list=30m', '-range-min-rsi=28', '-range-max-rsi=80', '-range-p-ema=50,250', '-target-margin-list=1.0,1.5,2.0,2.5,3.0,3.5,4.0,4.5,5.0', '-log-level=WARNING']
2023-11-26 19:46:57;UNIUSDT;30m;5.0;125;28;76;100.0;4;130.94;['-batch-training', '-calc-rsi', '-verbose', '-prediction-mode=index', '-interval-list=30m', '-range-min-rsi=28', '-range-max-rsi=80', '-range-p-ema=50,250', '-target-margin-list=1.0,1.5,2.0,2.5,3.0,3.5,4.0,4.5,5.0', '-log-level=WARNING']
2023-11-26 20:46:48;UNIUSDT;30m;5.0;250;28;78;100.0;5;130.94;['-batch-training', '-calc-rsi', '-verbose', '-prediction-mode=index', '-interval-list=30m', '-range-min-rsi=28', '-range-max-rsi=80', '-range-p-ema=50,250', '-target-margin-list=1.0,1.5,2.0,2.5,3.0,3.5,4.0,4.5,5.0', '-log-level=WARNING']
2023-11-26 20:47:07;UNIUSDT;30m;5.0;250;28;80;100.0;4;130.94;['-batch-training', '-calc-rsi', '-verbose', '-prediction-mode=index', '-interval-list=30m', '-range-min-rsi=28', '-range-max-rsi=80', '-range-p-ema=50,250', '-target-margin-list=1.0,1.5,2.0,2.5,3.0,3.5,4.0,4.5,5.0', '-log-level=WARNING']
2023-11-26 20:46:48;UNIUSDT;30m;5.0;250;28;78;100.0;7;130.94;['-batch-training', '-calc-rsi', '-verbose', '-prediction-mode=index', '-interval-list=30m', '-range-min-rsi=28', '-range-max-rsi=80', '-range-p-ema=50,250', '-target-margin-list=1.0,1.5,2.0,2.5,3.0,3.5,4.0,4.5,5.0', '-log-level=WARNING']
2023-11-26 19:47:28;UNIUSDT;30m;5.0;125;28;80;100.0;7;130.94;['-batch-training', '-calc-rsi', '-verbose', '-prediction-mode=index', '-interval-list=30m', '-range-min-rsi=28', '-range-max-rsi=80', '-range-p-ema=50,250', '-target-margin-list=1.0,1.5,2.0,2.5,3.0,3.5,4.0,4.5,5.0', '-log-level=WARNING']
2023-11-26 20:46:48;UNIUSDT;30m;5.0;250;28;78;100.0;6;130.94;['-batch-training', '-calc-rsi', '-verbose', '-prediction-mode=index', '-interval-list=30m', '-range-min-rsi=28', '-range-max-rsi=80', '-range-p-ema=50,250', '-target-margin-list=1.0,1.5,2.0,2.5,3.0,3.5,4.0,4.5,5.0', '-log-level=WARNING']
2023-11-26 19:47:28;UNIUSDT;30m;5.0;125;28;80;100.0;4;130.94;['-batch-training', '-calc-rsi', '-verbose', '-prediction-mode=index', '-interval-list=30m', '-range-min-rsi=28', '-range-max-rsi=80', '-range-p-ema=50,250', '-target-margin-list=1.0,1.5,2.0,2.5,3.0,3.5,4.0,4.5,5.0', '-log-level=WARNING']
2023-11-26 19:47:13;UNIUSDT;30m;5.0;125;28;78;100.0;4;130.94;['-batch-training', '-calc-rsi', '-verbose', '-prediction-mode=index', '-interval-list=30m', '-range-min-rsi=28', '-range-max-rsi=80', '-range-p-ema=50,250', '-target-margin-list=1.0,1.5,2.0,2.5,3.0,3.5,4.0,4.5,5.0', '-log-level=WARNING']
2023-11-26 19:46:42;UNIUSDT;30m;5.0;125;28;74;100.0;6;130.94;['-batch-training', '-calc-rsi', '-verbose', '-prediction-mode=index', '-interval-list=30m', '-range-min-rsi=28', '-range-max-rsi=80', '-range-p-ema=50,250', '-target-margin-list=1.0,1.5,2.0,2.5,3.0,3.5,4.0,4.5,5.0', '-log-level=WARNING']
2023-11-26 20:46:11;UNIUSDT;30m;5.0;250;28;74;100.0;4;130.94;['-batch-training', '-calc-rsi', '-verbose', '-prediction-mode=index', '-interval-list=30m', '-range-min-rsi=28', '-range-max-rsi=80', '-range-p-ema=50,250', '-target-margin-list=1.0,1.5,2.0,2.5,3.0,3.5,4.0,4.5,5.0', '-log-level=WARNING']
2023-11-26 19:46:42;UNIUSDT;30m;5.0;125;28;74;100.0;5;130.94;['-batch-training', '-calc-rsi', '-verbose', '-prediction-mode=index', '-interval-list=30m', '-range-min-rsi=28', '-range-max-rsi=80', '-range-p-ema=50,250', '-target-margin-list=1.0,1.5,2.0,2.5,3.0,3.5,4.0,4.5,5.0', '-log-level=WARNING']
2023-11-26 20:46:11;UNIUSDT;30m;5.0;250;28;74;100.0;5;130.94;['-batch-training', '-calc-rsi', '-verbose', '-prediction-mode=index', '-interval-list=30m', '-range-min-rsi=28', '-range-max-rsi=80', '-range-p-ema=50,250', '-target-margin-list=1.0,1.5,2.0,2.5,3.0,3.5,4.0,4.5,5.0', '-log-level=WARNING']
2023-11-26 20:46:11;UNIUSDT;30m;5.0;250;28;74;100.0;7;130.94;['-batch-training', '-calc-rsi', '-verbose', '-prediction-mode=index', '-interval-list=30m', '-range-min-rsi=28', '-range-max-rsi=80', '-range-p-ema=50,250', '-target-margin-list=1.0,1.5,2.0,2.5,3.0,3.5,4.0,4.5,5.0', '-log-level=WARNING']
2023-11-26 19:46:58;UNIUSDT;30m;5.0;125;28;76;100.0;5;130.94;['-batch-training', '-calc-rsi', '-verbose', '-prediction-mode=index', '-interval-list=30m', '-range-min-rsi=28', '-range-max-rsi=80', '-range-p-ema=50,250', '-target-margin-list=1.0,1.5,2.0,2.5,3.0,3.5,4.0,4.5,5.0', '-log-level=WARNING']
2023-11-26 19:46:58;UNIUSDT;30m;5.0;125;28;76;100.0;7;130.94;['-batch-training', '-calc-rsi', '-verbose', '-prediction-mode=index', '-interval-list=30m', '-range-min-rsi=28', '-range-max-rsi=80', '-range-p-ema=50,250', '-target-margin-list=1.0,1.5,2.0,2.5,3.0,3.5,4.0,4.5,5.0', '-log-level=WARNING']
2023-11-26 20:47:07;UNIUSDT;30m;5.0;250;28;80;100.0;7;130.94;['-batch-training', '-calc-rsi', '-verbose', '-prediction-mode=index', '-interval-list=30m', '-range-min-rsi=28', '-range-max-rsi=80', '-range-p-ema=50,250', '-target-margin-list=1.0,1.5,2.0,2.5,3.0,3.5,4.0,4.5,5.0', '-log-level=WARNING']
2023-11-26 20:46:11;UNIUSDT;30m;5.0;250;28;74;100.0;6;130.94;['-batch-training', '-calc-rsi', '-verbose', '-prediction-mode=index', '-interval-list=30m', '-range-min-rsi=28', '-range-max-rsi=80', '-range-p-ema=50,250', '-target-margin-list=1.0,1.5,2.0,2.5,3.0,3.5,4.0,4.5,5.0', '-log-level=WARNING']
2023-11-26 19:47:13;UNIUSDT;30m;5.0;125;28;78;100.0;7;130.94;['-batch-training', '-calc-rsi', '-verbose', '-prediction-mode=index', '-interval-list=30m', '-range-min-rsi=28', '-range-max-rsi=80', '-range-p-ema=50,250', '-target-margin-list=1.0,1.5,2.0,2.5,3.0,3.5,4.0,4.5,5.0', '-log-level=WARNING']
2023-11-26 19:46:42;UNIUSDT;30m;5.0;125;28;74;100.0;7;130.94;['-batch-training', '-calc-rsi', '-verbose', '-prediction-mode=index', '-interval-list=30m', '-range-min-rsi=28', '-range-max-rsi=80', '-range-p-ema=50,250', '-target-margin-list=1.0,1.5,2.0,2.5,3.0,3.5,4.0,4.5,5.0', '-log-level=WARNING']
2023-11-26 19:47:13;UNIUSDT;30m;5.0;125;28;78;100.0;5;130.94;['-batch-training', '-calc-rsi', '-verbose', '-prediction-mode=index', '-interval-list=30m', '-range-min-rsi=28', '-range-max-rsi=80', '-range-p-ema=50,250', '-target-margin-list=1.0,1.5,2.0,2.5,3.0,3.5,4.0,4.5,5.0', '-log-level=WARNING']
2023-11-26 19:47:28;UNIUSDT;30m;5.0;125;28;80;100.0;6;130.94;['-batch-training', '-calc-rsi', '-verbose', '-prediction-mode=index', '-interval-list=30m', '-range-min-rsi=28', '-range-max-rsi=80', '-range-p-ema=50,250', '-target-margin-list=1.0,1.5,2.0,2.5,3.0,3.5,4.0,4.5,5.0', '-log-level=WARNING']
2023-11-26 20:47:07;UNIUSDT;30m;5.0;250;28;80;100.0;5;130.94;['-batch-training', '-calc-rsi', '-verbose', '-prediction-mode=index', '-interval-list=30m', '-range-min-rsi=28', '-range-max-rsi=80', '-range-p-ema=50,250', '-target-margin-list=1.0,1.5,2.0,2.5,3.0,3.5,4.0,4.5,5.0', '-log-level=WARNING']
2023-11-26 19:47:13;UNIUSDT;30m;5.0;125;28;78;100.0;6;130.94;['-batch-training', '-calc-rsi', '-verbose', '-prediction-mode=index', '-interval-list=30m', '-range-min-rsi=28', '-range-max-rsi=80', '-range-p-ema=50,250', '-target-margin-list=1.0,1.5,2.0,2.5,3.0,3.5,4.0,4.5,5.0', '-log-level=WARNING']
2023-11-26 19:46:42;UNIUSDT;30m;5.0;125;28;74;100.0;4;130.94;['-batch-training', '-calc-rsi', '-verbose', '-prediction-mode=index', '-interval-list=30m', '-range-min-rsi=28', '-range-max-rsi=80', '-range-p-ema=50,250', '-target-margin-list=1.0,1.5,2.0,2.5,3.0,3.5,4.0,4.5,5.0', '-log-level=WARNING']
2023-11-26 20:32:46;UNIUSDT;30m;5.0;225;28;76;100.0;7;130.94;['-batch-training', '-calc-rsi', '-verbose', '-prediction-mode=index', '-interval-list=30m', '-range-min-rsi=28', '-range-max-rsi=80', '-range-p-ema=50,250', '-target-margin-list=1.0,1.5,2.0,2.5,3.0,3.5,4.0,4.5,5.0', '-log-level=WARNING']
2023-11-26 20:32:28;UNIUSDT;30m;5.0;225;28;74;100.0;5;130.94;['-batch-training', '-calc-rsi', '-verbose', '-prediction-mode=index', '-interval-list=30m', '-range-min-rsi=28', '-range-max-rsi=80', '-range-p-ema=50,250', '-target-margin-list=1.0,1.5,2.0,2.5,3.0,3.5,4.0,4.5,5.0', '-log-level=WARNING']
2023-11-26 21:01:32;UNIUSDT;30m;5.0;50;28;78;100.0;7;130.94;['-batch-training', '-calc-rsi', '-verbose', '-prediction-mode=index', '-interval-list=30m', '-range-min-rsi=28', '-range-max-rsi=80', '-range-p-ema=50,250', '-target-margin-list=1.0,1.5,2.0,2.5,3.0,3.5,4.0,4.5,5.0', '-log-level=WARNING']
2023-11-26 21:01:32;UNIUSDT;30m;5.0;50;28;78;100.0;6;130.94;['-batch-training', '-calc-rsi', '-verbose', '-prediction-mode=index', '-interval-list=30m', '-range-min-rsi=28', '-range-max-rsi=80', '-range-p-ema=50,250', '-target-margin-list=1.0,1.5,2.0,2.5,3.0,3.5,4.0,4.5,5.0', '-log-level=WARNING']
2023-11-26 21:01:32;UNIUSDT;30m;5.0;50;28;78;100.0;5;130.94;['-batch-training', '-calc-rsi', '-verbose', '-prediction-mode=index', '-interval-list=30m', '-range-min-rsi=28', '-range-max-rsi=80', '-range-p-ema=50,250', '-target-margin-list=1.0,1.5,2.0,2.5,3.0,3.5,4.0,4.5,5.0', '-log-level=WARNING']
2023-11-26 21:01:32;UNIUSDT;30m;5.0;50;28;78;100.0;4;130.94;['-batch-training', '-calc-rsi', '-verbose', '-prediction-mode=index', '-interval-list=30m', '-range-min-rsi=28', '-range-max-rsi=80', '-range-p-ema=50,250', '-target-margin-list=1.0,1.5,2.0,2.5,3.0,3.5,4.0,4.5,5.0', '-log-level=WARNING']
2023-11-26 19:35:37;UNIUSDT;30m;5.0;100;28;78;100.0;4;130.94;['-batch-training', '-calc-rsi', '-verbose', '-prediction-mode=index', '-interval-list=30m', '-range-min-rsi=28', '-range-max-rsi=80', '-range-p-ema=50,250', '-target-margin-list=1.0,1.5,2.0,2.5,3.0,3.5,4.0,4.5,5.0', '-log-level=WARNING']
2023-11-26 19:35:38;UNIUSDT;30m;5.0;100;28;78;100.0;7;130.94;['-batch-training', '-calc-rsi', '-verbose', '-prediction-mode=index', '-interval-list=30m', '-range-min-rsi=28', '-range-max-rsi=80', '-range-p-ema=50,250', '-target-margin-list=1.0,1.5,2.0,2.5,3.0,3.5,4.0,4.5,5.0', '-log-level=WARNING']
2023-11-26 19:35:38;UNIUSDT;30m;5.0;100;28;78;100.0;5;130.94;['-batch-training', '-calc-rsi', '-verbose', '-prediction-mode=index', '-interval-list=30m', '-range-min-rsi=28', '-range-max-rsi=80', '-range-p-ema=50,250', '-target-margin-list=1.0,1.5,2.0,2.5,3.0,3.5,4.0,4.5,5.0', '-log-level=WARNING']
2023-11-26 19:35:38;UNIUSDT;30m;5.0;100;28;78;100.0;6;130.94;['-batch-training', '-calc-rsi', '-verbose', '-prediction-mode=index', '-interval-list=30m', '-range-min-rsi=28', '-range-max-rsi=80', '-range-p-ema=50,250', '-target-margin-list=1.0,1.5,2.0,2.5,3.0,3.5,4.0,4.5,5.0', '-log-level=WARNING']
2023-11-26 20:19:43;UNIUSDT;30m;5.0;200;28;76;100.0;4;130.94;['-batch-training', '-calc-rsi', '-verbose', '-prediction-mode=index', '-interval-list=30m', '-range-min-rsi=28', '-range-max-rsi=80', '-range-p-ema=50,250', '-target-margin-list=1.0,1.5,2.0,2.5,3.0,3.5,4.0,4.5,5.0', '-log-level=WARNING']
2023-11-26 20:33:03;UNIUSDT;30m;5.0;225;28;78;100.0;7;130.94;['-batch-training', '-calc-rsi', '-verbose', '-prediction-mode=index', '-interval-list=30m', '-range-min-rsi=28', '-range-max-rsi=80', '-range-p-ema=50,250', '-target-margin-list=1.0,1.5,2.0,2.5,3.0,3.5,4.0,4.5,5.0', '-log-level=WARNING']
2023-11-26 20:33:03;UNIUSDT;30m;5.0;225;28;78;100.0;6;130.94;['-batch-training', '-calc-rsi', '-verbose', '-prediction-mode=index', '-interval-list=30m', '-range-min-rsi=28', '-range-max-rsi=80', '-range-p-ema=50,250', '-target-margin-list=1.0,1.5,2.0,2.5,3.0,3.5,4.0,4.5,5.0', '-log-level=WARNING']
2023-11-26 20:33:03;UNIUSDT;30m;5.0;225;28;78;100.0;5;130.94;['-batch-training', '-calc-rsi', '-verbose', '-prediction-mode=index', '-interval-list=30m', '-range-min-rsi=28', '-range-max-rsi=80', '-range-p-ema=50,250', '-target-margin-list=1.0,1.5,2.0,2.5,3.0,3.5,4.0,4.5,5.0', '-log-level=WARNING']
2023-11-26 19:35:07;UNIUSDT;30m;5.0;100;28;74;100.0;6;130.94;['-batch-training', '-calc-rsi', '-verbose', '-prediction-mode=index', '-interval-list=30m', '-range-min-rsi=28', '-range-max-rsi=80', '-range-p-ema=50,250', '-target-margin-list=1.0,1.5,2.0,2.5,3.0,3.5,4.0,4.5,5.0', '-log-level=WARNING']
2023-11-26 20:33:03;UNIUSDT;30m;5.0;225;28;78;100.0;4;130.94;['-batch-training', '-calc-rsi', '-verbose', '-prediction-mode=index', '-interval-list=30m', '-range-min-rsi=28', '-range-max-rsi=80', '-range-p-ema=50,250', '-target-margin-list=1.0,1.5,2.0,2.5,3.0,3.5,4.0,4.5,5.0', '-log-level=WARNING']
2023-11-26 20:19:43;UNIUSDT;30m;5.0;200;28;76;100.0;7;130.94;['-batch-training', '-calc-rsi', '-verbose', '-prediction-mode=index', '-interval-list=30m', '-range-min-rsi=28', '-range-max-rsi=80', '-range-p-ema=50,250', '-target-margin-list=1.0,1.5,2.0,2.5,3.0,3.5,4.0,4.5,5.0', '-log-level=WARNING']
2023-11-26 21:01:12;UNIUSDT;30m;5.0;50;28;76;100.0;7;130.94;['-batch-training', '-calc-rsi', '-verbose', '-prediction-mode=index', '-interval-list=30m', '-range-min-rsi=28', '-range-max-rsi=80', '-range-p-ema=50,250', '-target-margin-list=1.0,1.5,2.0,2.5,3.0,3.5,4.0,4.5,5.0', '-log-level=WARNING']
2023-11-26 21:01:12;UNIUSDT;30m;5.0;50;28;76;100.0;6;130.94;['-batch-training', '-calc-rsi', '-verbose', '-prediction-mode=index', '-interval-list=30m', '-range-min-rsi=28', '-range-max-rsi=80', '-range-p-ema=50,250', '-target-margin-list=1.0,1.5,2.0,2.5,3.0,3.5,4.0,4.5,5.0', '-log-level=WARNING']
2023-11-26 20:19:43;UNIUSDT;30m;5.0;200;28;76;100.0;5;130.94;['-batch-training', '-calc-rsi', '-verbose', '-prediction-mode=index', '-interval-list=30m', '-range-min-rsi=28', '-range-max-rsi=80', '-range-p-ema=50,250', '-target-margin-list=1.0,1.5,2.0,2.5,3.0,3.5,4.0,4.5,5.0', '-log-level=WARNING']
2023-11-26 21:01:12;UNIUSDT;30m;5.0;50;28;76;100.0;4;130.94;['-batch-training', '-calc-rsi', '-verbose', '-prediction-mode=index', '-interval-list=30m', '-range-min-rsi=28', '-range-max-rsi=80', '-range-p-ema=50,250', '-target-margin-list=1.0,1.5,2.0,2.5,3.0,3.5,4.0,4.5,5.0', '-log-level=WARNING']
2023-11-26 21:01:12;UNIUSDT;30m;5.0;50;28;76;100.0;5;130.94;['-batch-training', '-calc-rsi', '-verbose', '-prediction-mode=index', '-interval-list=30m', '-range-min-rsi=28', '-range-max-rsi=80', '-range-p-ema=50,250', '-target-margin-list=1.0,1.5,2.0,2.5,3.0,3.5,4.0,4.5,5.0', '-log-level=WARNING']
2023-11-26 20:32:46;UNIUSDT;30m;5.0;225;28;76;100.0;6;130.94;['-batch-training', '-calc-rsi', '-verbose', '-prediction-mode=index', '-interval-list=30m', '-range-min-rsi=28', '-range-max-rsi=80', '-range-p-ema=50,250', '-target-margin-list=1.0,1.5,2.0,2.5,3.0,3.5,4.0,4.5,5.0', '-log-level=WARNING']
2023-11-26 20:32:46;UNIUSDT;30m;5.0;225;28;76;100.0;5;130.94;['-batch-training', '-calc-rsi', '-verbose', '-prediction-mode=index', '-interval-list=30m', '-range-min-rsi=28', '-range-max-rsi=80', '-range-p-ema=50,250', '-target-margin-list=1.0,1.5,2.0,2.5,3.0,3.5,4.0,4.5,5.0', '-log-level=WARNING']
2023-11-26 20:32:46;UNIUSDT;30m;5.0;225;28;76;100.0;4;130.94;['-batch-training', '-calc-rsi', '-verbose', '-prediction-mode=index', '-interval-list=30m', '-range-min-rsi=28', '-range-max-rsi=80', '-range-p-ema=50,250', '-target-margin-list=1.0,1.5,2.0,2.5,3.0,3.5,4.0,4.5,5.0', '-log-level=WARNING']
2023-11-26 20:08:19;UNIUSDT;30m;5.0;175;28;80;100.0;4;130.94;['-batch-training', '-calc-rsi', '-verbose', '-prediction-mode=index', '-interval-list=30m', '-range-min-rsi=28', '-range-max-rsi=80', '-range-p-ema=50,250', '-target-margin-list=1.0,1.5,2.0,2.5,3.0,3.5,4.0,4.5,5.0', '-log-level=WARNING']
2023-11-26 21:16:47;UNIUSDT;30m;5.0;75;28;78;100.0;4;130.94;['-batch-training', '-calc-rsi', '-verbose', '-prediction-mode=index', '-interval-list=30m', '-range-min-rsi=28', '-range-max-rsi=80', '-range-p-ema=50,250', '-target-margin-list=1.0,1.5,2.0,2.5,3.0,3.5,4.0,4.5,5.0', '-log-level=WARNING']
2023-11-26 21:16:47;UNIUSDT;30m;5.0;75;28;78;100.0;5;130.94;['-batch-training', '-calc-rsi', '-verbose', '-prediction-mode=index', '-interval-list=30m', '-range-min-rsi=28', '-range-max-rsi=80', '-range-p-ema=50,250', '-target-margin-list=1.0,1.5,2.0,2.5,3.0,3.5,4.0,4.5,5.0', '-log-level=WARNING']
2023-11-26 21:16:48;UNIUSDT;30m;5.0;75;28;78;100.0;6;130.94;['-batch-training', '-calc-rsi', '-verbose', '-prediction-mode=index', '-interval-list=30m', '-range-min-rsi=28', '-range-max-rsi=80', '-range-p-ema=50,250', '-target-margin-list=1.0,1.5,2.0,2.5,3.0,3.5,4.0,4.5,5.0', '-log-level=WARNING']
2023-11-26 20:08:19;UNIUSDT;30m;5.0;175;28;80;100.0;7;130.94;['-batch-training', '-calc-rsi', '-verbose', '-prediction-mode=index', '-interval-list=30m', '-range-min-rsi=28', '-range-max-rsi=80', '-range-p-ema=50,250', '-target-margin-list=1.0,1.5,2.0,2.5,3.0,3.5,4.0,4.5,5.0', '-log-level=WARNING']
2023-11-26 21:16:48;UNIUSDT;30m;5.0;75;28;78;100.0;7;130.94;['-batch-training', '-calc-rsi', '-verbose', '-prediction-mode=index', '-interval-list=30m', '-range-min-rsi=28', '-range-max-rsi=80', '-range-p-ema=50,250', '-target-margin-list=1.0,1.5,2.0,2.5,3.0,3.5,4.0,4.5,5.0', '-log-level=WARNING']
2023-11-26 21:16:30;UNIUSDT;30m;5.0;75;28;76;100.0;7;130.94;['-batch-training', '-calc-rsi', '-verbose', '-prediction-mode=index', '-interval-list=30m', '-range-min-rsi=28', '-range-max-rsi=80', '-range-p-ema=50,250', '-target-margin-list=1.0,1.5,2.0,2.5,3.0,3.5,4.0,4.5,5.0', '-log-level=WARNING']
2023-11-26 21:16:30;UNIUSDT;30m;5.0;75;28;76;100.0;6;130.94;['-batch-training', '-calc-rsi', '-verbose', '-prediction-mode=index', '-interval-list=30m', '-range-min-rsi=28', '-range-max-rsi=80', '-range-p-ema=50,250', '-target-margin-list=1.0,1.5,2.0,2.5,3.0,3.5,4.0,4.5,5.0', '-log-level=WARNING']
2023-11-26 21:16:30;UNIUSDT;30m;5.0;75;28;76;100.0;5;130.94;['-batch-training', '-calc-rsi', '-verbose', '-prediction-mode=index', '-interval-list=30m', '-range-min-rsi=28', '-range-max-rsi=80', '-range-p-ema=50,250', '-target-margin-list=1.0,1.5,2.0,2.5,3.0,3.5,4.0,4.5,5.0', '-log-level=WARNING']
2023-11-26 21:16:30;UNIUSDT;30m;5.0;75;28;76;100.0;4;130.94;['-batch-training', '-calc-rsi', '-verbose', '-prediction-mode=index', '-interval-list=30m', '-range-min-rsi=28', '-range-max-rsi=80', '-range-p-ema=50,250', '-target-margin-list=1.0,1.5,2.0,2.5,3.0,3.5,4.0,4.5,5.0', '-log-level=WARNING']
2023-11-26 19:35:07;UNIUSDT;30m;5.0;100;28;74;100.0;5;130.94;['-batch-training', '-calc-rsi', '-verbose', '-prediction-mode=index', '-interval-list=30m', '-range-min-rsi=28', '-range-max-rsi=80', '-range-p-ema=50,250', '-target-margin-list=1.0,1.5,2.0,2.5,3.0,3.5,4.0,4.5,5.0', '-log-level=WARNING']
2023-11-26 19:35:07;UNIUSDT;30m;5.0;100;28;74;100.0;4;130.94;['-batch-training', '-calc-rsi', '-verbose', '-prediction-mode=index', '-interval-list=30m', '-range-min-rsi=28', '-range-max-rsi=80', '-range-p-ema=50,250', '-target-margin-list=1.0,1.5,2.0,2.5,3.0,3.5,4.0,4.5,5.0', '-log-level=WARNING']
2023-11-26 19:35:22;UNIUSDT;30m;5.0;100;28;76;100.0;4;130.94;['-batch-training', '-calc-rsi', '-verbose', '-prediction-mode=index', '-interval-list=30m', '-range-min-rsi=28', '-range-max-rsi=80', '-range-p-ema=50,250', '-target-margin-list=1.0,1.5,2.0,2.5,3.0,3.5,4.0,4.5,5.0', '-log-level=WARNING']
2023-11-26 19:35:22;UNIUSDT;30m;5.0;100;28;76;100.0;6;130.94;['-batch-training', '-calc-rsi', '-verbose', '-prediction-mode=index', '-interval-list=30m', '-range-min-rsi=28', '-range-max-rsi=80', '-range-p-ema=50,250', '-target-margin-list=1.0,1.5,2.0,2.5,3.0,3.5,4.0,4.5,5.0', '-log-level=WARNING']
2023-11-26 19:35:22;UNIUSDT;30m;5.0;100;28;76;100.0;7;130.94;['-batch-training', '-calc-rsi', '-verbose', '-prediction-mode=index', '-interval-list=30m', '-range-min-rsi=28', '-range-max-rsi=80', '-range-p-ema=50,250', '-target-margin-list=1.0,1.5,2.0,2.5,3.0,3.5,4.0,4.5,5.0', '-log-level=WARNING']
2023-11-26 19:35:22;UNIUSDT;30m;5.0;100;28;76;100.0;5;130.94;['-batch-training', '-calc-rsi', '-verbose', '-prediction-mode=index', '-interval-list=30m', '-range-min-rsi=28', '-range-max-rsi=80', '-range-p-ema=50,250', '-target-margin-list=1.0,1.5,2.0,2.5,3.0,3.5,4.0,4.5,5.0', '-log-level=WARNING']
2023-11-26 19:57:38;UNIUSDT;30m;5.0;150;28;74;100.0;4;130.94;['-batch-training', '-calc-rsi', '-verbose', '-prediction-mode=index', '-interval-list=30m', '-range-min-rsi=28', '-range-max-rsi=80', '-range-p-ema=50,250', '-target-margin-list=1.0,1.5,2.0,2.5,3.0,3.5,4.0,4.5,5.0', '-log-level=WARNING']
2023-11-26 19:57:38;UNIUSDT;30m;5.0;150;28;74;100.0;5;130.94;['-batch-training', '-calc-rsi', '-verbose', '-prediction-mode=index', '-interval-list=30m', '-range-min-rsi=28', '-range-max-rsi=80', '-range-p-ema=50,250', '-target-margin-list=1.0,1.5,2.0,2.5,3.0,3.5,4.0,4.5,5.0', '-log-level=WARNING']
2023-11-26 19:57:38;UNIUSDT;30m;5.0;150;28;74;100.0;7;130.94;['-batch-training', '-calc-rsi', '-verbose', '-prediction-mode=index', '-interval-list=30m', '-range-min-rsi=28', '-range-max-rsi=80', '-range-p-ema=50,250', '-target-margin-list=1.0,1.5,2.0,2.5,3.0,3.5,4.0,4.5,5.0', '-log-level=WARNING']
2023-11-26 19:57:38;UNIUSDT;30m;5.0;150;28;74;100.0;6;130.94;['-batch-training', '-calc-rsi', '-verbose', '-prediction-mode=index', '-interval-list=30m', '-range-min-rsi=28', '-range-max-rsi=80', '-range-p-ema=50,250', '-target-margin-list=1.0,1.5,2.0,2.5,3.0,3.5,4.0,4.5,5.0', '-log-level=WARNING']
2023-11-26 20:19:26;UNIUSDT;30m;5.0;200;28;74;100.0;6;130.94;['-batch-training', '-calc-rsi', '-verbose', '-prediction-mode=index', '-interval-list=30m', '-range-min-rsi=28', '-range-max-rsi=80', '-range-p-ema=50,250', '-target-margin-list=1.0,1.5,2.0,2.5,3.0,3.5,4.0,4.5,5.0', '-log-level=WARNING']
2023-11-26 20:19:26;UNIUSDT;30m;5.0;200;28;74;100.0;5;130.94;['-batch-training', '-calc-rsi', '-verbose', '-prediction-mode=index', '-interval-list=30m', '-range-min-rsi=28', '-range-max-rsi=80', '-range-p-ema=50,250', '-target-margin-list=1.0,1.5,2.0,2.5,3.0,3.5,4.0,4.5,5.0', '-log-level=WARNING']
2023-11-26 21:16:13;UNIUSDT;30m;5.0;75;28;74;100.0;4;130.94;['-batch-training', '-calc-rsi', '-verbose', '-prediction-mode=index', '-interval-list=30m', '-range-min-rsi=28', '-range-max-rsi=80', '-range-p-ema=50,250', '-target-margin-list=1.0,1.5,2.0,2.5,3.0,3.5,4.0,4.5,5.0', '-log-level=WARNING']
2023-11-26 21:16:13;UNIUSDT;30m;5.0;75;28;74;100.0;5;130.94;['-batch-training', '-calc-rsi', '-verbose', '-prediction-mode=index', '-interval-list=30m', '-range-min-rsi=28', '-range-max-rsi=80', '-range-p-ema=50,250', '-target-margin-list=1.0,1.5,2.0,2.5,3.0,3.5,4.0,4.5,5.0', '-log-level=WARNING']
2023-11-26 20:08:19;UNIUSDT;30m;5.0;175;28;80;100.0;6;130.94;['-batch-training', '-calc-rsi', '-verbose', '-prediction-mode=index', '-interval-list=30m', '-range-min-rsi=28', '-range-max-rsi=80', '-range-p-ema=50,250', '-target-margin-list=1.0,1.5,2.0,2.5,3.0,3.5,4.0,4.5,5.0', '-log-level=WARNING']
2023-11-26 19:57:51;UNIUSDT;30m;5.0;150;28;76;100.0;5;130.94;['-batch-training', '-calc-rsi', '-verbose', '-prediction-mode=index', '-interval-list=30m', '-range-min-rsi=28', '-range-max-rsi=80', '-range-p-ema=50,250', '-target-margin-list=1.0,1.5,2.0,2.5,3.0,3.5,4.0,4.5,5.0', '-log-level=WARNING']
2023-11-26 21:16:13;UNIUSDT;30m;5.0;75;28;74;100.0;6;130.94;['-batch-training', '-calc-rsi', '-verbose', '-prediction-mode=index', '-interval-list=30m', '-range-min-rsi=28', '-range-max-rsi=80', '-range-p-ema=50,250', '-target-margin-list=1.0,1.5,2.0,2.5,3.0,3.5,4.0,4.5,5.0', '-log-level=WARNING']
2023-11-26 20:19:26;UNIUSDT;30m;5.0;200;28;74;100.0;4;130.94;['-batch-training', '-calc-rsi', '-verbose', '-prediction-mode=index', '-interval-list=30m', '-range-min-rsi=28', '-range-max-rsi=80', '-range-p-ema=50,250', '-target-margin-list=1.0,1.5,2.0,2.5,3.0,3.5,4.0,4.5,5.0', '-log-level=WARNING']
2023-11-26 21:01:53;UNIUSDT;30m;5.0;50;28;80;100.0;6;130.94;['-batch-training', '-calc-rsi', '-verbose', '-prediction-mode=index', '-interval-list=30m', '-range-min-rsi=28', '-range-max-rsi=80', '-range-p-ema=50,250', '-target-margin-list=1.0,1.5,2.0,2.5,3.0,3.5,4.0,4.5,5.0', '-log-level=WARNING']
2023-11-26 21:01:53;UNIUSDT;30m;5.0;50;28;80;100.0;5;130.94;['-batch-training', '-calc-rsi', '-verbose', '-prediction-mode=index', '-interval-list=30m', '-range-min-rsi=28', '-range-max-rsi=80', '-range-p-ema=50,250', '-target-margin-list=1.0,1.5,2.0,2.5,3.0,3.5,4.0,4.5,5.0', '-log-level=WARNING']
2023-11-26 21:16:13;UNIUSDT;30m;5.0;75;28;74;100.0;7;130.94;['-batch-training', '-calc-rsi', '-verbose', '-prediction-mode=index', '-interval-list=30m', '-range-min-rsi=28', '-range-max-rsi=80', '-range-p-ema=50,250', '-target-margin-list=1.0,1.5,2.0,2.5,3.0,3.5,4.0,4.5,5.0', '-log-level=WARNING']
2023-11-26 20:19:26;UNIUSDT;30m;5.0;200;28;74;100.0;7;130.94;['-batch-training', '-calc-rsi', '-verbose', '-prediction-mode=index', '-interval-list=30m', '-range-min-rsi=28', '-range-max-rsi=80', '-range-p-ema=50,250', '-target-margin-list=1.0,1.5,2.0,2.5,3.0,3.5,4.0,4.5,5.0', '-log-level=WARNING']
2023-11-26 19:57:51;UNIUSDT;30m;5.0;150;28;76;100.0;6;130.94;['-batch-training', '-calc-rsi', '-verbose', '-prediction-mode=index', '-interval-list=30m', '-range-min-rsi=28', '-range-max-rsi=80', '-range-p-ema=50,250', '-target-margin-list=1.0,1.5,2.0,2.5,3.0,3.5,4.0,4.5,5.0', '-log-level=WARNING']
2023-11-26 21:01:53;UNIUSDT;30m;5.0;50;28;80;100.0;4;130.94;['-batch-training', '-calc-rsi', '-verbose', '-prediction-mode=index', '-interval-list=30m', '-range-min-rsi=28', '-range-max-rsi=80', '-range-p-ema=50,250', '-target-margin-list=1.0,1.5,2.0,2.5,3.0,3.5,4.0,4.5,5.0', '-log-level=WARNING']
2023-11-26 20:33:21;UNIUSDT;30m;5.0;225;28;80;100.0;5;130.94;['-batch-training', '-calc-rsi', '-verbose', '-prediction-mode=index', '-interval-list=30m', '-range-min-rsi=28', '-range-max-rsi=80', '-range-p-ema=50,250', '-target-margin-list=1.0,1.5,2.0,2.5,3.0,3.5,4.0,4.5,5.0', '-log-level=WARNING']
2023-11-26 20:33:21;UNIUSDT;30m;5.0;225;28;80;100.0;7;130.94;['-batch-training', '-calc-rsi', '-verbose', '-prediction-mode=index', '-interval-list=30m', '-range-min-rsi=28', '-range-max-rsi=80', '-range-p-ema=50,250', '-target-margin-list=1.0,1.5,2.0,2.5,3.0,3.5,4.0,4.5,5.0', '-log-level=WARNING']
2023-11-26 20:33:21;UNIUSDT;30m;5.0;225;28;80;100.0;6;130.94;['-batch-training', '-calc-rsi', '-verbose', '-prediction-mode=index', '-interval-list=30m', '-range-min-rsi=28', '-range-max-rsi=80', '-range-p-ema=50,250', '-target-margin-list=1.0,1.5,2.0,2.5,3.0,3.5,4.0,4.5,5.0', '-log-level=WARNING']
2023-11-26 20:33:21;UNIUSDT;30m;5.0;225;28;80;100.0;4;130.94;['-batch-training', '-calc-rsi', '-verbose', '-prediction-mode=index', '-interval-list=30m', '-range-min-rsi=28', '-range-max-rsi=80', '-range-p-ema=50,250', '-target-margin-list=1.0,1.5,2.0,2.5,3.0,3.5,4.0,4.5,5.0', '-log-level=WARNING']
2023-11-26 19:57:51;UNIUSDT;30m;5.0;150;28;76;100.0;7;130.94;['-batch-training', '-calc-rsi', '-verbose', '-prediction-mode=index', '-interval-list=30m', '-range-min-rsi=28', '-range-max-rsi=80', '-range-p-ema=50,250', '-target-margin-list=1.0,1.5,2.0,2.5,3.0,3.5,4.0,4.5,5.0', '-log-level=WARNING']
2023-11-26 19:57:51;UNIUSDT;30m;5.0;150;28;76;100.0;4;130.94;['-batch-training', '-calc-rsi', '-verbose', '-prediction-mode=index', '-interval-list=30m', '-range-min-rsi=28', '-range-max-rsi=80', '-range-p-ema=50,250', '-target-margin-list=1.0,1.5,2.0,2.5,3.0,3.5,4.0,4.5,5.0', '-log-level=WARNING']
2023-11-26 21:01:53;UNIUSDT;30m;5.0;50;28;80;100.0;7;130.94;['-batch-training', '-calc-rsi', '-verbose', '-prediction-mode=index', '-interval-list=30m', '-range-min-rsi=28', '-range-max-rsi=80', '-range-p-ema=50,250', '-target-margin-list=1.0,1.5,2.0,2.5,3.0,3.5,4.0,4.5,5.0', '-log-level=WARNING']
2023-11-26 20:20:00;UNIUSDT;30m;5.0;200;28;78;100.0;4;130.94;['-batch-training', '-calc-rsi', '-verbose', '-prediction-mode=index', '-interval-list=30m', '-range-min-rsi=28', '-range-max-rsi=80', '-range-p-ema=50,250', '-target-margin-list=1.0,1.5,2.0,2.5,3.0,3.5,4.0,4.5,5.0', '-log-level=WARNING']
2023-11-26 20:19:43;UNIUSDT;30m;5.0;200;28;76;100.0;6;130.94;['-batch-training', '-calc-rsi', '-verbose', '-prediction-mode=index', '-interval-list=30m', '-range-min-rsi=28', '-range-max-rsi=80', '-range-p-ema=50,250', '-target-margin-list=1.0,1.5,2.0,2.5,3.0,3.5,4.0,4.5,5.0', '-log-level=WARNING']
2023-11-26 19:35:07;UNIUSDT;30m;5.0;100;28;74;100.0;7;130.94;['-batch-training', '-calc-rsi', '-verbose', '-prediction-mode=index', '-interval-list=30m', '-range-min-rsi=28', '-range-max-rsi=80', '-range-p-ema=50,250', '-target-margin-list=1.0,1.5,2.0,2.5,3.0,3.5,4.0,4.5,5.0', '-log-level=WARNING']
2023-11-26 20:20:00;UNIUSDT;30m;5.0;200;28;78;100.0;5;130.94;['-batch-training', '-calc-rsi', '-verbose', '-prediction-mode=index', '-interval-list=30m', '-range-min-rsi=28', '-range-max-rsi=80', '-range-p-ema=50,250', '-target-margin-list=1.0,1.5,2.0,2.5,3.0,3.5,4.0,4.5,5.0', '-log-level=WARNING']
2023-11-26 20:08:19;UNIUSDT;30m;5.0;175;28;80;100.0;5;130.94;['-batch-training', '-calc-rsi', '-verbose', '-prediction-mode=index', '-interval-list=30m', '-range-min-rsi=28', '-range-max-rsi=80', '-range-p-ema=50,250', '-target-margin-list=1.0,1.5,2.0,2.5,3.0,3.5,4.0,4.5,5.0', '-log-level=WARNING']
2023-11-26 19:58:17;UNIUSDT;30m;5.0;150;28;80;100.0;7;130.94;['-batch-training', '-calc-rsi', '-verbose', '-prediction-mode=index', '-interval-list=30m', '-range-min-rsi=28', '-range-max-rsi=80', '-range-p-ema=50,250', '-target-margin-list=1.0,1.5,2.0,2.5,3.0,3.5,4.0,4.5,5.0', '-log-level=WARNING']
2023-11-26 20:20:16;UNIUSDT;30m;5.0;200;28;80;100.0;4;130.94;['-batch-training', '-calc-rsi', '-verbose', '-prediction-mode=index', '-interval-list=30m', '-range-min-rsi=28', '-range-max-rsi=80', '-range-p-ema=50,250', '-target-margin-list=1.0,1.5,2.0,2.5,3.0,3.5,4.0,4.5,5.0', '-log-level=WARNING']
2023-11-26 20:20:16;UNIUSDT;30m;5.0;200;28;80;100.0;6;130.94;['-batch-training', '-calc-rsi', '-verbose', '-prediction-mode=index', '-interval-list=30m', '-range-min-rsi=28', '-range-max-rsi=80', '-range-p-ema=50,250', '-target-margin-list=1.0,1.5,2.0,2.5,3.0,3.5,4.0,4.5,5.0', '-log-level=WARNING']
2023-11-26 19:58:17;UNIUSDT;30m;5.0;150;28;80;100.0;6;130.94;['-batch-training', '-calc-rsi', '-verbose', '-prediction-mode=index', '-interval-list=30m', '-range-min-rsi=28', '-range-max-rsi=80', '-range-p-ema=50,250', '-target-margin-list=1.0,1.5,2.0,2.5,3.0,3.5,4.0,4.5,5.0', '-log-level=WARNING']
2023-11-26 19:58:17;UNIUSDT;30m;5.0;150;28;80;100.0;4;130.94;['-batch-training', '-calc-rsi', '-verbose', '-prediction-mode=index', '-interval-list=30m', '-range-min-rsi=28', '-range-max-rsi=80', '-range-p-ema=50,250', '-target-margin-list=1.0,1.5,2.0,2.5,3.0,3.5,4.0,4.5,5.0', '-log-level=WARNING']
2023-11-26 19:58:17;UNIUSDT;30m;5.0;150;28;80;100.0;5;130.94;['-batch-training', '-calc-rsi', '-verbose', '-prediction-mode=index', '-interval-list=30m', '-range-min-rsi=28', '-range-max-rsi=80', '-range-p-ema=50,250', '-target-margin-list=1.0,1.5,2.0,2.5,3.0,3.5,4.0,4.5,5.0', '-log-level=WARNING']
2023-11-26 20:32:28;UNIUSDT;30m;5.0;225;28;74;100.0;7;130.94;['-batch-training', '-calc-rsi', '-verbose', '-prediction-mode=index', '-interval-list=30m', '-range-min-rsi=28', '-range-max-rsi=80', '-range-p-ema=50,250', '-target-margin-list=1.0,1.5,2.0,2.5,3.0,3.5,4.0,4.5,5.0', '-log-level=WARNING']
2023-11-26 20:07:40;UNIUSDT;30m;5.0;175;28;74;100.0;6;130.94;['-batch-training', '-calc-rsi', '-verbose', '-prediction-mode=index', '-interval-list=30m', '-range-min-rsi=28', '-range-max-rsi=80', '-range-p-ema=50,250', '-target-margin-list=1.0,1.5,2.0,2.5,3.0,3.5,4.0,4.5,5.0', '-log-level=WARNING']
2023-11-26 21:17:04;UNIUSDT;30m;5.0;75;28;80;100.0;7;130.94;['-batch-training', '-calc-rsi', '-verbose', '-prediction-mode=index', '-interval-list=30m', '-range-min-rsi=28', '-range-max-rsi=80', '-range-p-ema=50,250', '-target-margin-list=1.0,1.5,2.0,2.5,3.0,3.5,4.0,4.5,5.0', '-log-level=WARNING']
2023-11-26 21:17:04;UNIUSDT;30m;5.0;75;28;80;100.0;6;130.94;['-batch-training', '-calc-rsi', '-verbose', '-prediction-mode=index', '-interval-list=30m', '-range-min-rsi=28', '-range-max-rsi=80', '-range-p-ema=50,250', '-target-margin-list=1.0,1.5,2.0,2.5,3.0,3.5,4.0,4.5,5.0', '-log-level=WARNING']
2023-11-26 19:35:52;UNIUSDT;30m;5.0;100;28;80;100.0;4;130.94;['-batch-training', '-calc-rsi', '-verbose', '-prediction-mode=index', '-interval-list=30m', '-range-min-rsi=28', '-range-max-rsi=80', '-range-p-ema=50,250', '-target-margin-list=1.0,1.5,2.0,2.5,3.0,3.5,4.0,4.5,5.0', '-log-level=WARNING']
2023-11-26 21:17:04;UNIUSDT;30m;5.0;75;28;80;100.0;5;130.94;['-batch-training', '-calc-rsi', '-verbose', '-prediction-mode=index', '-interval-list=30m', '-range-min-rsi=28', '-range-max-rsi=80', '-range-p-ema=50,250', '-target-margin-list=1.0,1.5,2.0,2.5,3.0,3.5,4.0,4.5,5.0', '-log-level=WARNING']
2023-11-26 19:35:53;UNIUSDT;30m;5.0;100;28;80;100.0;7;130.94;['-batch-training', '-calc-rsi', '-verbose', '-prediction-mode=index', '-interval-list=30m', '-range-min-rsi=28', '-range-max-rsi=80', '-range-p-ema=50,250', '-target-margin-list=1.0,1.5,2.0,2.5,3.0,3.5,4.0,4.5,5.0', '-log-level=WARNING']
2023-11-26 21:17:04;UNIUSDT;30m;5.0;75;28;80;100.0;4;130.94;['-batch-training', '-calc-rsi', '-verbose', '-prediction-mode=index', '-interval-list=30m', '-range-min-rsi=28', '-range-max-rsi=80', '-range-p-ema=50,250', '-target-margin-list=1.0,1.5,2.0,2.5,3.0,3.5,4.0,4.5,5.0', '-log-level=WARNING']
2023-11-26 20:07:40;UNIUSDT;30m;5.0;175;28;74;100.0;4;130.94;['-batch-training', '-calc-rsi', '-verbose', '-prediction-mode=index', '-interval-list=30m', '-range-min-rsi=28', '-range-max-rsi=80', '-range-p-ema=50,250', '-target-margin-list=1.0,1.5,2.0,2.5,3.0,3.5,4.0,4.5,5.0', '-log-level=WARNING']
2023-11-26 20:07:40;UNIUSDT;30m;5.0;175;28;74;100.0;7;130.94;['-batch-training', '-calc-rsi', '-verbose', '-prediction-mode=index', '-interval-list=30m', '-range-min-rsi=28', '-range-max-rsi=80', '-range-p-ema=50,250', '-target-margin-list=1.0,1.5,2.0,2.5,3.0,3.5,4.0,4.5,5.0', '-log-level=WARNING']
2023-11-26 19:35:53;UNIUSDT;30m;5.0;100;28;80;100.0;6;130.94;['-batch-training', '-calc-rsi', '-verbose', '-prediction-mode=index', '-interval-list=30m', '-range-min-rsi=28', '-range-max-rsi=80', '-range-p-ema=50,250', '-target-margin-list=1.0,1.5,2.0,2.5,3.0,3.5,4.0,4.5,5.0', '-log-level=WARNING']
2023-11-26 20:20:16;UNIUSDT;30m;5.0;200;28;80;100.0;5;130.94;['-batch-training', '-calc-rsi', '-verbose', '-prediction-mode=index', '-interval-list=30m', '-range-min-rsi=28', '-range-max-rsi=80', '-range-p-ema=50,250', '-target-margin-list=1.0,1.5,2.0,2.5,3.0,3.5,4.0,4.5,5.0', '-log-level=WARNING']
2023-11-26 20:20:16;UNIUSDT;30m;5.0;200;28;80;100.0;7;130.94;['-batch-training', '-calc-rsi', '-verbose', '-prediction-mode=index', '-interval-list=30m', '-range-min-rsi=28', '-range-max-rsi=80', '-range-p-ema=50,250', '-target-margin-list=1.0,1.5,2.0,2.5,3.0,3.5,4.0,4.5,5.0', '-log-level=WARNING']
2023-11-26 20:20:00;UNIUSDT;30m;5.0;200;28;78;100.0;7;130.94;['-batch-training', '-calc-rsi', '-verbose', '-prediction-mode=index', '-interval-list=30m', '-range-min-rsi=28', '-range-max-rsi=80', '-range-p-ema=50,250', '-target-margin-list=1.0,1.5,2.0,2.5,3.0,3.5,4.0,4.5,5.0', '-log-level=WARNING']
2023-11-26 21:00:53;UNIUSDT;30m;5.0;50;28;74;100.0;4;130.94;['-batch-training', '-calc-rsi', '-verbose', '-prediction-mode=index', '-interval-list=30m', '-range-min-rsi=28', '-range-max-rsi=80', '-range-p-ema=50,250', '-target-margin-list=1.0,1.5,2.0,2.5,3.0,3.5,4.0,4.5,5.0', '-log-level=WARNING']
2023-11-26 20:08:06;UNIUSDT;30m;5.0;175;28;78;100.0;7;130.94;['-batch-training', '-calc-rsi', '-verbose', '-prediction-mode=index', '-interval-list=30m', '-range-min-rsi=28', '-range-max-rsi=80', '-range-p-ema=50,250', '-target-margin-list=1.0,1.5,2.0,2.5,3.0,3.5,4.0,4.5,5.0', '-log-level=WARNING']
2023-11-26 20:32:28;UNIUSDT;30m;5.0;225;28;74;100.0;6;130.94;['-batch-training', '-calc-rsi', '-verbose', '-prediction-mode=index', '-interval-list=30m', '-range-min-rsi=28', '-range-max-rsi=80', '-range-p-ema=50,250', '-target-margin-list=1.0,1.5,2.0,2.5,3.0,3.5,4.0,4.5,5.0', '-log-level=WARNING']
2023-11-26 20:32:28;UNIUSDT;30m;5.0;225;28;74;100.0;4;130.94;['-batch-training', '-calc-rsi', '-verbose', '-prediction-mode=index', '-interval-list=30m', '-range-min-rsi=28', '-range-max-rsi=80', '-range-p-ema=50,250', '-target-margin-list=1.0,1.5,2.0,2.5,3.0,3.5,4.0,4.5,5.0', '-log-level=WARNING']
2023-11-26 20:08:06;UNIUSDT;30m;5.0;175;28;78;100.0;4;130.94;['-batch-training', '-calc-rsi', '-verbose', '-prediction-mode=index', '-interval-list=30m', '-range-min-rsi=28', '-range-max-rsi=80', '-range-p-ema=50,250', '-target-margin-list=1.0,1.5,2.0,2.5,3.0,3.5,4.0,4.5,5.0', '-log-level=WARNING']
2023-11-26 19:58:04;UNIUSDT;30m;5.0;150;28;78;100.0;5;130.94;['-batch-training', '-calc-rsi', '-verbose', '-prediction-mode=index', '-interval-list=30m', '-range-min-rsi=28', '-range-max-rsi=80', '-range-p-ema=50,250', '-target-margin-list=1.0,1.5,2.0,2.5,3.0,3.5,4.0,4.5,5.0', '-log-level=WARNING']
2023-11-26 19:58:04;UNIUSDT;30m;5.0;150;28;78;100.0;4;130.94;['-batch-training', '-calc-rsi', '-verbose', '-prediction-mode=index', '-interval-list=30m', '-range-min-rsi=28', '-range-max-rsi=80', '-range-p-ema=50,250', '-target-margin-list=1.0,1.5,2.0,2.5,3.0,3.5,4.0,4.5,5.0', '-log-level=WARNING']
2023-11-26 19:58:04;UNIUSDT;30m;5.0;150;28;78;100.0;7;130.94;['-batch-training', '-calc-rsi', '-verbose', '-prediction-mode=index', '-interval-list=30m', '-range-min-rsi=28', '-range-max-rsi=80', '-range-p-ema=50,250', '-target-margin-list=1.0,1.5,2.0,2.5,3.0,3.5,4.0,4.5,5.0', '-log-level=WARNING']
2023-11-26 19:58:04;UNIUSDT;30m;5.0;150;28;78;100.0;6;130.94;['-batch-training', '-calc-rsi', '-verbose', '-prediction-mode=index', '-interval-list=30m', '-range-min-rsi=28', '-range-max-rsi=80', '-range-p-ema=50,250', '-target-margin-list=1.0,1.5,2.0,2.5,3.0,3.5,4.0,4.5,5.0', '-log-level=WARNING']
2023-11-26 20:07:40;UNIUSDT;30m;5.0;175;28;74;100.0;5;130.94;['-batch-training', '-calc-rsi', '-verbose', '-prediction-mode=index', '-interval-list=30m', '-range-min-rsi=28', '-range-max-rsi=80', '-range-p-ema=50,250', '-target-margin-list=1.0,1.5,2.0,2.5,3.0,3.5,4.0,4.5,5.0', '-log-level=WARNING']
2023-11-26 19:35:53;UNIUSDT;30m;5.0;100;28;80;100.0;5;130.94;['-batch-training', '-calc-rsi', '-verbose', '-prediction-mode=index', '-interval-list=30m', '-range-min-rsi=28', '-range-max-rsi=80', '-range-p-ema=50,250', '-target-margin-list=1.0,1.5,2.0,2.5,3.0,3.5,4.0,4.5,5.0', '-log-level=WARNING']
2023-11-26 20:07:53;UNIUSDT;30m;5.0;175;28;76;100.0;4;130.94;['-batch-training', '-calc-rsi', '-verbose', '-prediction-mode=index', '-interval-list=30m', '-range-min-rsi=28', '-range-max-rsi=80', '-range-p-ema=50,250', '-target-margin-list=1.0,1.5,2.0,2.5,3.0,3.5,4.0,4.5,5.0', '-log-level=WARNING']
2023-11-26 20:07:53;UNIUSDT;30m;5.0;175;28;76;100.0;5;130.94;['-batch-training', '-calc-rsi', '-verbose', '-prediction-mode=index', '-interval-list=30m', '-range-min-rsi=28', '-range-max-rsi=80', '-range-p-ema=50,250', '-target-margin-list=1.0,1.5,2.0,2.5,3.0,3.5,4.0,4.5,5.0', '-log-level=WARNING']
2023-11-26 20:07:52;UNIUSDT;30m;5.0;175;28;76;100.0;7;130.94;['-batch-training', '-calc-rsi', '-verbose', '-prediction-mode=index', '-interval-list=30m', '-range-min-rsi=28', '-range-max-rsi=80', '-range-p-ema=50,250', '-target-margin-list=1.0,1.5,2.0,2.5,3.0,3.5,4.0,4.5,5.0', '-log-level=WARNING']
2023-11-26 21:00:53;UNIUSDT;30m;5.0;50;28;74;100.0;6;130.94;['-batch-training', '-calc-rsi', '-verbose', '-prediction-mode=index', '-interval-list=30m', '-range-min-rsi=28', '-range-max-rsi=80', '-range-p-ema=50,250', '-target-margin-list=1.0,1.5,2.0,2.5,3.0,3.5,4.0,4.5,5.0', '-log-level=WARNING']
2023-11-26 20:08:06;UNIUSDT;30m;5.0;175;28;78;100.0;6;130.94;['-batch-training', '-calc-rsi', '-verbose', '-prediction-mode=index', '-interval-list=30m', '-range-min-rsi=28', '-range-max-rsi=80', '-range-p-ema=50,250', '-target-margin-list=1.0,1.5,2.0,2.5,3.0,3.5,4.0,4.5,5.0', '-log-level=WARNING']
2023-11-26 20:08:06;UNIUSDT;30m;5.0;175;28;78;100.0;5;130.94;['-batch-training', '-calc-rsi', '-verbose', '-prediction-mode=index', '-interval-list=30m', '-range-min-rsi=28', '-range-max-rsi=80', '-range-p-ema=50,250', '-target-margin-list=1.0,1.5,2.0,2.5,3.0,3.5,4.0,4.5,5.0', '-log-level=WARNING']
2023-11-26 21:00:53;UNIUSDT;30m;5.0;50;28;74;100.0;7;130.94;['-batch-training', '-calc-rsi', '-verbose', '-prediction-mode=index', '-interval-list=30m', '-range-min-rsi=28', '-range-max-rsi=80', '-range-p-ema=50,250', '-target-margin-list=1.0,1.5,2.0,2.5,3.0,3.5,4.0,4.5,5.0', '-log-level=WARNING']
2023-11-26 20:20:00;UNIUSDT;30m;5.0;200;28;78;100.0;6;130.94;['-batch-training', '-calc-rsi', '-verbose', '-prediction-mode=index', '-interval-list=30m', '-range-min-rsi=28', '-range-max-rsi=80', '-range-p-ema=50,250', '-target-margin-list=1.0,1.5,2.0,2.5,3.0,3.5,4.0,4.5,5.0', '-log-level=WARNING']
2023-11-26 21:00:53;UNIUSDT;30m;5.0;50;28;74;100.0;5;130.94;['-batch-training', '-calc-rsi', '-verbose', '-prediction-mode=index', '-interval-list=30m', '-range-min-rsi=28', '-range-max-rsi=80', '-range-p-ema=50,250', '-target-margin-list=1.0,1.5,2.0,2.5,3.0,3.5,4.0,4.5,5.0', '-log-level=WARNING']
2023-11-26 20:07:53;UNIUSDT;30m;5.0;175;28;76;100.0;6;130.94;['-batch-training', '-calc-rsi', '-verbose', '-prediction-mode=index', '-interval-list=30m', '-range-min-rsi=28', '-range-max-rsi=80', '-range-p-ema=50,250', '-target-margin-list=1.0,1.5,2.0,2.5,3.0,3.5,4.0,4.5,5.0', '-log-level=WARNING']
2023-11-26 20:27:44;UNIUSDT;30m;3.0;225;36;80;100.0;6;131.0;['-batch-training', '-calc-rsi', '-verbose', '-prediction-mode=index', '-interval-list=30m', '-range-min-rsi=28', '-range-max-rsi=80', '-range-p-ema=50,250', '-target-margin-list=1.0,1.5,2.0,2.5,3.0,3.5,4.0,4.5,5.0', '-log-level=WARNING']
2023-11-26 20:27:44;UNIUSDT;30m;3.0;225;36;80;100.0;7;131.0;['-batch-training', '-calc-rsi', '-verbose', '-prediction-mode=index', '-interval-list=30m', '-range-min-rsi=28', '-range-max-rsi=80', '-range-p-ema=50,250', '-target-margin-list=1.0,1.5,2.0,2.5,3.0,3.5,4.0,4.5,5.0', '-log-level=WARNING']
2023-11-26 20:26:14;UNIUSDT;30m;2.5;225;34;80;100.0;5;131.0;['-batch-training', '-calc-rsi', '-verbose', '-prediction-mode=index', '-interval-list=30m', '-range-min-rsi=28', '-range-max-rsi=80', '-range-p-ema=50,250', '-target-margin-list=1.0,1.5,2.0,2.5,3.0,3.5,4.0,4.5,5.0', '-log-level=WARNING']
2023-11-26 20:02:46;UNIUSDT;30m;2.5;175;36;78;100.0;3;131.0;['-batch-training', '-calc-rsi', '-verbose', '-prediction-mode=index', '-interval-list=30m', '-range-min-rsi=28', '-range-max-rsi=80', '-range-p-ema=50,250', '-target-margin-list=1.0,1.5,2.0,2.5,3.0,3.5,4.0,4.5,5.0', '-log-level=WARNING']
2023-11-26 19:40:48;UNIUSDT;30m;2.5;125;36;76;100.0;4;131.04;['-batch-training', '-calc-rsi', '-verbose', '-prediction-mode=index', '-interval-list=30m', '-range-min-rsi=28', '-range-max-rsi=80', '-range-p-ema=50,250', '-target-margin-list=1.0,1.5,2.0,2.5,3.0,3.5,4.0,4.5,5.0', '-log-level=WARNING']
2023-11-26 20:53:10;UNIUSDT;30m;2.5;50;36;76;100.0;4;131.04;['-batch-training', '-calc-rsi', '-verbose', '-prediction-mode=index', '-interval-list=30m', '-range-min-rsi=28', '-range-max-rsi=80', '-range-p-ema=50,250', '-target-margin-list=1.0,1.5,2.0,2.5,3.0,3.5,4.0,4.5,5.0', '-log-level=WARNING']
2023-11-26 21:08:35;UNIUSDT;30m;2.5;75;36;76;100.0;4;131.04;['-batch-training', '-calc-rsi', '-verbose', '-prediction-mode=index', '-interval-list=30m', '-range-min-rsi=28', '-range-max-rsi=80', '-range-p-ema=50,250', '-target-margin-list=1.0,1.5,2.0,2.5,3.0,3.5,4.0,4.5,5.0', '-log-level=WARNING']
2023-11-26 19:29:20;UNIUSDT;30m;2.5;100;36;76;100.0;4;131.04;['-batch-training', '-calc-rsi', '-verbose', '-prediction-mode=index', '-interval-list=30m', '-range-min-rsi=28', '-range-max-rsi=80', '-range-p-ema=50,250', '-target-margin-list=1.0,1.5,2.0,2.5,3.0,3.5,4.0,4.5,5.0', '-log-level=WARNING']
2023-11-26 19:49:30;UNIUSDT;30m;1.5;150;36;74;100.0;6;131.08;['-batch-training', '-calc-rsi', '-verbose', '-prediction-mode=index', '-interval-list=30m', '-range-min-rsi=28', '-range-max-rsi=80', '-range-p-ema=50,250', '-target-margin-list=1.0,1.5,2.0,2.5,3.0,3.5,4.0,4.5,5.0', '-log-level=WARNING']
2023-11-26 20:54:10;UNIUSDT;30m;3.0;50;36;72;100.0;4;131.14;['-batch-training', '-calc-rsi', '-verbose', '-prediction-mode=index', '-interval-list=30m', '-range-min-rsi=28', '-range-max-rsi=80', '-range-p-ema=50,250', '-target-margin-list=1.0,1.5,2.0,2.5,3.0,3.5,4.0,4.5,5.0', '-log-level=WARNING']
2023-11-26 21:09:38;UNIUSDT;30m;3.0;75;36;72;100.0;4;131.14;['-batch-training', '-calc-rsi', '-verbose', '-prediction-mode=index', '-interval-list=30m', '-range-min-rsi=28', '-range-max-rsi=80', '-range-p-ema=50,250', '-target-margin-list=1.0,1.5,2.0,2.5,3.0,3.5,4.0,4.5,5.0', '-log-level=WARNING']
2023-11-26 19:30:06;UNIUSDT;30m;3.0;100;36;72;100.0;4;131.14;['-batch-training', '-calc-rsi', '-verbose', '-prediction-mode=index', '-interval-list=30m', '-range-min-rsi=28', '-range-max-rsi=80', '-range-p-ema=50,250', '-target-margin-list=1.0,1.5,2.0,2.5,3.0,3.5,4.0,4.5,5.0', '-log-level=WARNING']
2023-11-26 19:41:35;UNIUSDT;30m;3.0;125;36;72;100.0;4;131.14;['-batch-training', '-calc-rsi', '-verbose', '-prediction-mode=index', '-interval-list=30m', '-range-min-rsi=28', '-range-max-rsi=80', '-range-p-ema=50,250', '-target-margin-list=1.0,1.5,2.0,2.5,3.0,3.5,4.0,4.5,5.0', '-log-level=WARNING']
2023-11-26 19:53:00;UNIUSDT;30m;3.0;150;34;72;100.0;6;131.14;['-batch-training', '-calc-rsi', '-verbose', '-prediction-mode=index', '-interval-list=30m', '-range-min-rsi=28', '-range-max-rsi=80', '-range-p-ema=50,250', '-target-margin-list=1.0,1.5,2.0,2.5,3.0,3.5,4.0,4.5,5.0', '-log-level=WARNING']
2023-11-26 21:12:30;UNIUSDT;30m;3.5;75;36;78;100.0;4;131.23;['-batch-training', '-calc-rsi', '-verbose', '-prediction-mode=index', '-interval-list=30m', '-range-min-rsi=28', '-range-max-rsi=80', '-range-p-ema=50,250', '-target-margin-list=1.0,1.5,2.0,2.5,3.0,3.5,4.0,4.5,5.0', '-log-level=WARNING']
2023-11-26 19:32:06;UNIUSDT;30m;3.5;100;36;78;100.0;4;131.23;['-batch-training', '-calc-rsi', '-verbose', '-prediction-mode=index', '-interval-list=30m', '-range-min-rsi=28', '-range-max-rsi=80', '-range-p-ema=50,250', '-target-margin-list=1.0,1.5,2.0,2.5,3.0,3.5,4.0,4.5,5.0', '-log-level=WARNING']
2023-11-26 20:56:48;UNIUSDT;30m;3.5;50;36;78;100.0;4;131.23;['-batch-training', '-calc-rsi', '-verbose', '-prediction-mode=index', '-interval-list=30m', '-range-min-rsi=28', '-range-max-rsi=80', '-range-p-ema=50,250', '-target-margin-list=1.0,1.5,2.0,2.5,3.0,3.5,4.0,4.5,5.0', '-log-level=WARNING']
2023-11-26 19:43:36;UNIUSDT;30m;3.5;125;36;78;100.0;4;131.23;['-batch-training', '-calc-rsi', '-verbose', '-prediction-mode=index', '-interval-list=30m', '-range-min-rsi=28', '-range-max-rsi=80', '-range-p-ema=50,250', '-target-margin-list=1.0,1.5,2.0,2.5,3.0,3.5,4.0,4.5,5.0', '-log-level=WARNING']
2023-11-26 20:24:30;UNIUSDT;30m;2.0;225;34;78;100.0;3;131.25;['-batch-training', '-calc-rsi', '-verbose', '-prediction-mode=index', '-interval-list=30m', '-range-min-rsi=28', '-range-max-rsi=80', '-range-p-ema=50,250', '-target-margin-list=1.0,1.5,2.0,2.5,3.0,3.5,4.0,4.5,5.0', '-log-level=WARNING']
2023-11-26 20:36:44;UNIUSDT;30m;2.0;250;30;72;100.0;2;131.26;['-batch-training', '-calc-rsi', '-verbose', '-prediction-mode=index', '-interval-list=30m', '-range-min-rsi=28', '-range-max-rsi=80', '-range-p-ema=50,250', '-target-margin-list=1.0,1.5,2.0,2.5,3.0,3.5,4.0,4.5,5.0', '-log-level=WARNING']
2023-11-26 20:06:08;UNIUSDT;30m;4.0;175;28;80;100.0;6;131.3;['-batch-training', '-calc-rsi', '-verbose', '-prediction-mode=index', '-interval-list=30m', '-range-min-rsi=28', '-range-max-rsi=80', '-range-p-ema=50,250', '-target-margin-list=1.0,1.5,2.0,2.5,3.0,3.5,4.0,4.5,5.0', '-log-level=WARNING']
2023-11-26 20:06:08;UNIUSDT;30m;4.0;175;28;80;100.0;7;131.3;['-batch-training', '-calc-rsi', '-verbose', '-prediction-mode=index', '-interval-list=30m', '-range-min-rsi=28', '-range-max-rsi=80', '-range-p-ema=50,250', '-target-margin-list=1.0,1.5,2.0,2.5,3.0,3.5,4.0,4.5,5.0', '-log-level=WARNING']
2023-11-26 20:58:31;UNIUSDT;30m;4.0;50;28;80;100.0;6;131.3;['-batch-training', '-calc-rsi', '-verbose', '-prediction-mode=index', '-interval-list=30m', '-range-min-rsi=28', '-range-max-rsi=80', '-range-p-ema=50,250', '-target-margin-list=1.0,1.5,2.0,2.5,3.0,3.5,4.0,4.5,5.0', '-log-level=WARNING']
2023-11-26 20:06:08;UNIUSDT;30m;4.0;175;28;80;100.0;5;131.3;['-batch-training', '-calc-rsi', '-verbose', '-prediction-mode=index', '-interval-list=30m', '-range-min-rsi=28', '-range-max-rsi=80', '-range-p-ema=50,250', '-target-margin-list=1.0,1.5,2.0,2.5,3.0,3.5,4.0,4.5,5.0', '-log-level=WARNING']
2023-11-26 19:56:02;UNIUSDT;30m;4.0;150;28;80;100.0;6;131.3;['-batch-training', '-calc-rsi', '-verbose', '-prediction-mode=index', '-interval-list=30m', '-range-min-rsi=28', '-range-max-rsi=80', '-range-p-ema=50,250', '-target-margin-list=1.0,1.5,2.0,2.5,3.0,3.5,4.0,4.5,5.0', '-log-level=WARNING']
2023-11-26 19:56:02;UNIUSDT;30m;4.0;150;28;80;100.0;5;131.3;['-batch-training', '-calc-rsi', '-verbose', '-prediction-mode=index', '-interval-list=30m', '-range-min-rsi=28', '-range-max-rsi=80', '-range-p-ema=50,250', '-target-margin-list=1.0,1.5,2.0,2.5,3.0,3.5,4.0,4.5,5.0', '-log-level=WARNING']
2023-11-26 20:44:00;UNIUSDT;30m;4.0;250;28;80;100.0;5;131.3;['-batch-training', '-calc-rsi', '-verbose', '-prediction-mode=index', '-interval-list=30m', '-range-min-rsi=28', '-range-max-rsi=80', '-range-p-ema=50,250', '-target-margin-list=1.0,1.5,2.0,2.5,3.0,3.5,4.0,4.5,5.0', '-log-level=WARNING']
2023-11-26 19:44:54;UNIUSDT;30m;4.0;125;28;80;100.0;6;131.3;['-batch-training', '-calc-rsi', '-verbose', '-prediction-mode=index', '-interval-list=30m', '-range-min-rsi=28', '-range-max-rsi=80', '-range-p-ema=50,250', '-target-margin-list=1.0,1.5,2.0,2.5,3.0,3.5,4.0,4.5,5.0', '-log-level=WARNING']
2023-11-26 20:17:30;UNIUSDT;30m;4.0;200;28;80;100.0;7;131.3;['-batch-training', '-calc-rsi', '-verbose', '-prediction-mode=index', '-interval-list=30m', '-range-min-rsi=28', '-range-max-rsi=80', '-range-p-ema=50,250', '-target-margin-list=1.0,1.5,2.0,2.5,3.0,3.5,4.0,4.5,5.0', '-log-level=WARNING']
2023-11-26 19:44:54;UNIUSDT;30m;4.0;125;28;80;100.0;5;131.3;['-batch-training', '-calc-rsi', '-verbose', '-prediction-mode=index', '-interval-list=30m', '-range-min-rsi=28', '-range-max-rsi=80', '-range-p-ema=50,250', '-target-margin-list=1.0,1.5,2.0,2.5,3.0,3.5,4.0,4.5,5.0', '-log-level=WARNING']
2023-11-26 20:17:30;UNIUSDT;30m;4.0;200;28;80;100.0;6;131.3;['-batch-training', '-calc-rsi', '-verbose', '-prediction-mode=index', '-interval-list=30m', '-range-min-rsi=28', '-range-max-rsi=80', '-range-p-ema=50,250', '-target-margin-list=1.0,1.5,2.0,2.5,3.0,3.5,4.0,4.5,5.0', '-log-level=WARNING']
2023-11-26 20:58:31;UNIUSDT;30m;4.0;50;28;80;100.0;7;131.3;['-batch-training', '-calc-rsi', '-verbose', '-prediction-mode=index', '-interval-list=30m', '-range-min-rsi=28', '-range-max-rsi=80', '-range-p-ema=50,250', '-target-margin-list=1.0,1.5,2.0,2.5,3.0,3.5,4.0,4.5,5.0', '-log-level=WARNING']
2023-11-26 19:44:54;UNIUSDT;30m;4.0;125;28;80;100.0;7;131.3;['-batch-training', '-calc-rsi', '-verbose', '-prediction-mode=index', '-interval-list=30m', '-range-min-rsi=28', '-range-max-rsi=80', '-range-p-ema=50,250', '-target-margin-list=1.0,1.5,2.0,2.5,3.0,3.5,4.0,4.5,5.0', '-log-level=WARNING']
2023-11-26 19:56:02;UNIUSDT;30m;4.0;150;28;80;100.0;7;131.3;['-batch-training', '-calc-rsi', '-verbose', '-prediction-mode=index', '-interval-list=30m', '-range-min-rsi=28', '-range-max-rsi=80', '-range-p-ema=50,250', '-target-margin-list=1.0,1.5,2.0,2.5,3.0,3.5,4.0,4.5,5.0', '-log-level=WARNING']
2023-11-26 20:17:30;UNIUSDT;30m;4.0;200;28;80;100.0;5;131.3;['-batch-training', '-calc-rsi', '-verbose', '-prediction-mode=index', '-interval-list=30m', '-range-min-rsi=28', '-range-max-rsi=80', '-range-p-ema=50,250', '-target-margin-list=1.0,1.5,2.0,2.5,3.0,3.5,4.0,4.5,5.0', '-log-level=WARNING']
2023-11-26 21:14:14;UNIUSDT;30m;4.0;75;28;80;100.0;7;131.3;['-batch-training', '-calc-rsi', '-verbose', '-prediction-mode=index', '-interval-list=30m', '-range-min-rsi=28', '-range-max-rsi=80', '-range-p-ema=50,250', '-target-margin-list=1.0,1.5,2.0,2.5,3.0,3.5,4.0,4.5,5.0', '-log-level=WARNING']
2023-11-26 20:44:00;UNIUSDT;30m;4.0;250;28;80;100.0;6;131.3;['-batch-training', '-calc-rsi', '-verbose', '-prediction-mode=index', '-interval-list=30m', '-range-min-rsi=28', '-range-max-rsi=80', '-range-p-ema=50,250', '-target-margin-list=1.0,1.5,2.0,2.5,3.0,3.5,4.0,4.5,5.0', '-log-level=WARNING']
2023-11-26 21:14:14;UNIUSDT;30m;4.0;75;28;80;100.0;6;131.3;['-batch-training', '-calc-rsi', '-verbose', '-prediction-mode=index', '-interval-list=30m', '-range-min-rsi=28', '-range-max-rsi=80', '-range-p-ema=50,250', '-target-margin-list=1.0,1.5,2.0,2.5,3.0,3.5,4.0,4.5,5.0', '-log-level=WARNING']
2023-11-26 20:30:25;UNIUSDT;30m;4.0;225;28;80;100.0;6;131.3;['-batch-training', '-calc-rsi', '-verbose', '-prediction-mode=index', '-interval-list=30m', '-range-min-rsi=28', '-range-max-rsi=80', '-range-p-ema=50,250', '-target-margin-list=1.0,1.5,2.0,2.5,3.0,3.5,4.0,4.5,5.0', '-log-level=WARNING']
2023-11-26 20:44:00;UNIUSDT;30m;4.0;250;28;80;100.0;7;131.3;['-batch-training', '-calc-rsi', '-verbose', '-prediction-mode=index', '-interval-list=30m', '-range-min-rsi=28', '-range-max-rsi=80', '-range-p-ema=50,250', '-target-margin-list=1.0,1.5,2.0,2.5,3.0,3.5,4.0,4.5,5.0', '-log-level=WARNING']
2023-11-26 21:14:14;UNIUSDT;30m;4.0;75;28;80;100.0;5;131.3;['-batch-training', '-calc-rsi', '-verbose', '-prediction-mode=index', '-interval-list=30m', '-range-min-rsi=28', '-range-max-rsi=80', '-range-p-ema=50,250', '-target-margin-list=1.0,1.5,2.0,2.5,3.0,3.5,4.0,4.5,5.0', '-log-level=WARNING']
2023-11-26 20:30:25;UNIUSDT;30m;4.0;225;28;80;100.0;7;131.3;['-batch-training', '-calc-rsi', '-verbose', '-prediction-mode=index', '-interval-list=30m', '-range-min-rsi=28', '-range-max-rsi=80', '-range-p-ema=50,250', '-target-margin-list=1.0,1.5,2.0,2.5,3.0,3.5,4.0,4.5,5.0', '-log-level=WARNING']
2023-11-26 19:33:22;UNIUSDT;30m;4.0;100;28;80;100.0;5;131.3;['-batch-training', '-calc-rsi', '-verbose', '-prediction-mode=index', '-interval-list=30m', '-range-min-rsi=28', '-range-max-rsi=80', '-range-p-ema=50,250', '-target-margin-list=1.0,1.5,2.0,2.5,3.0,3.5,4.0,4.5,5.0', '-log-level=WARNING']
2023-11-26 19:33:22;UNIUSDT;30m;4.0;100;28;80;100.0;6;131.3;['-batch-training', '-calc-rsi', '-verbose', '-prediction-mode=index', '-interval-list=30m', '-range-min-rsi=28', '-range-max-rsi=80', '-range-p-ema=50,250', '-target-margin-list=1.0,1.5,2.0,2.5,3.0,3.5,4.0,4.5,5.0', '-log-level=WARNING']
2023-11-26 19:33:22;UNIUSDT;30m;4.0;100;28;80;100.0;7;131.3;['-batch-training', '-calc-rsi', '-verbose', '-prediction-mode=index', '-interval-list=30m', '-range-min-rsi=28', '-range-max-rsi=80', '-range-p-ema=50,250', '-target-margin-list=1.0,1.5,2.0,2.5,3.0,3.5,4.0,4.5,5.0', '-log-level=WARNING']
2023-11-26 20:58:31;UNIUSDT;30m;4.0;50;28;80;100.0;5;131.3;['-batch-training', '-calc-rsi', '-verbose', '-prediction-mode=index', '-interval-list=30m', '-range-min-rsi=28', '-range-max-rsi=80', '-range-p-ema=50,250', '-target-margin-list=1.0,1.5,2.0,2.5,3.0,3.5,4.0,4.5,5.0', '-log-level=WARNING']
2023-11-26 20:30:26;UNIUSDT;30m;4.0;225;28;80;100.0;5;131.3;['-batch-training', '-calc-rsi', '-verbose', '-prediction-mode=index', '-interval-list=30m', '-range-min-rsi=28', '-range-max-rsi=80', '-range-p-ema=50,250', '-target-margin-list=1.0,1.5,2.0,2.5,3.0,3.5,4.0,4.5,5.0', '-log-level=WARNING']
2023-11-26 20:12:28;UNIUSDT;30m;2.5;200;32;72;100.0;4;131.32;['-batch-training', '-calc-rsi', '-verbose', '-prediction-mode=index', '-interval-list=30m', '-range-min-rsi=28', '-range-max-rsi=80', '-range-p-ema=50,250', '-target-margin-list=1.0,1.5,2.0,2.5,3.0,3.5,4.0,4.5,5.0', '-log-level=WARNING']
2023-11-26 19:51:44;UNIUSDT;30m;2.5;150;32;72;100.0;4;131.32;['-batch-training', '-calc-rsi', '-verbose', '-prediction-mode=index', '-interval-list=30m', '-range-min-rsi=28', '-range-max-rsi=80', '-range-p-ema=50,250', '-target-margin-list=1.0,1.5,2.0,2.5,3.0,3.5,4.0,4.5,5.0', '-log-level=WARNING']
2023-11-26 20:25:02;UNIUSDT;30m;2.5;225;32;72;100.0;4;131.32;['-batch-training', '-calc-rsi', '-verbose', '-prediction-mode=index', '-interval-list=30m', '-range-min-rsi=28', '-range-max-rsi=80', '-range-p-ema=50,250', '-target-margin-list=1.0,1.5,2.0,2.5,3.0,3.5,4.0,4.5,5.0', '-log-level=WARNING']
2023-11-26 20:02:01;UNIUSDT;30m;2.5;175;32;72;100.0;4;131.32;['-batch-training', '-calc-rsi', '-verbose', '-prediction-mode=index', '-interval-list=30m', '-range-min-rsi=28', '-range-max-rsi=80', '-range-p-ema=50,250', '-target-margin-list=1.0,1.5,2.0,2.5,3.0,3.5,4.0,4.5,5.0', '-log-level=WARNING']
2023-11-26 20:41:06;UNIUSDT;30m;3.0;250;34;80;100.0;6;131.37;['-batch-training', '-calc-rsi', '-verbose', '-prediction-mode=index', '-interval-list=30m', '-range-min-rsi=28', '-range-max-rsi=80', '-range-p-ema=50,250', '-target-margin-list=1.0,1.5,2.0,2.5,3.0,3.5,4.0,4.5,5.0', '-log-level=WARNING']
2023-11-26 20:41:06;UNIUSDT;30m;3.0;250;34;80;100.0;7;131.37;['-batch-training', '-calc-rsi', '-verbose', '-prediction-mode=index', '-interval-list=30m', '-range-min-rsi=28', '-range-max-rsi=80', '-range-p-ema=50,250', '-target-margin-list=1.0,1.5,2.0,2.5,3.0,3.5,4.0,4.5,5.0', '-log-level=WARNING']
2023-11-26 21:06:24;UNIUSDT;30m;2.0;75;36;74;100.0;5;131.38;['-batch-training', '-calc-rsi', '-verbose', '-prediction-mode=index', '-interval-list=30m', '-range-min-rsi=28', '-range-max-rsi=80', '-range-p-ema=50,250', '-target-margin-list=1.0,1.5,2.0,2.5,3.0,3.5,4.0,4.5,5.0', '-log-level=WARNING']
2023-11-26 19:27:47;UNIUSDT;30m;2.0;100;36;74;100.0;5;131.38;['-batch-training', '-calc-rsi', '-verbose', '-prediction-mode=index', '-interval-list=30m', '-range-min-rsi=28', '-range-max-rsi=80', '-range-p-ema=50,250', '-target-margin-list=1.0,1.5,2.0,2.5,3.0,3.5,4.0,4.5,5.0', '-log-level=WARNING']
2023-11-26 19:39:16;UNIUSDT;30m;2.0;125;36;74;100.0;5;131.38;['-batch-training', '-calc-rsi', '-verbose', '-prediction-mode=index', '-interval-list=30m', '-range-min-rsi=28', '-range-max-rsi=80', '-range-p-ema=50,250', '-target-margin-list=1.0,1.5,2.0,2.5,3.0,3.5,4.0,4.5,5.0', '-log-level=WARNING']
2023-11-26 20:51:12;UNIUSDT;30m;2.0;50;36;74;100.0;5;131.38;['-batch-training', '-calc-rsi', '-verbose', '-prediction-mode=index', '-interval-list=30m', '-range-min-rsi=28', '-range-max-rsi=80', '-range-p-ema=50,250', '-target-margin-list=1.0,1.5,2.0,2.5,3.0,3.5,4.0,4.5,5.0', '-log-level=WARNING']
2023-11-26 20:41:17;UNIUSDT;30m;3.5;250;30;72;100.0;5;131.39;['-batch-training', '-calc-rsi', '-verbose', '-prediction-mode=index', '-interval-list=30m', '-range-min-rsi=28', '-range-max-rsi=80', '-range-p-ema=50,250', '-target-margin-list=1.0,1.5,2.0,2.5,3.0,3.5,4.0,4.5,5.0', '-log-level=WARNING']
2023-11-26 19:53:54;UNIUSDT;30m;3.0;150;34;80;100.0;3;131.41;['-batch-training', '-calc-rsi', '-verbose', '-prediction-mode=index', '-interval-list=30m', '-range-min-rsi=28', '-range-max-rsi=80', '-range-p-ema=50,250', '-target-margin-list=1.0,1.5,2.0,2.5,3.0,3.5,4.0,4.5,5.0', '-log-level=WARNING']
2023-11-26 20:03:10;UNIUSDT;30m;3.0;175;34;72;100.0;4;131.42;['-batch-training', '-calc-rsi', '-verbose', '-prediction-mode=index', '-interval-list=30m', '-range-min-rsi=28', '-range-max-rsi=80', '-range-p-ema=50,250', '-target-margin-list=1.0,1.5,2.0,2.5,3.0,3.5,4.0,4.5,5.0', '-log-level=WARNING']
2023-11-26 20:13:51;UNIUSDT;30m;3.0;200;34;72;100.0;4;131.42;['-batch-training', '-calc-rsi', '-verbose', '-prediction-mode=index', '-interval-list=30m', '-range-min-rsi=28', '-range-max-rsi=80', '-range-p-ema=50,250', '-target-margin-list=1.0,1.5,2.0,2.5,3.0,3.5,4.0,4.5,5.0', '-log-level=WARNING']
2023-11-26 20:02:58;UNIUSDT;30m;2.5;175;34;80;100.0;3;131.51;['-batch-training', '-calc-rsi', '-verbose', '-prediction-mode=index', '-interval-list=30m', '-range-min-rsi=28', '-range-max-rsi=80', '-range-p-ema=50,250', '-target-margin-list=1.0,1.5,2.0,2.5,3.0,3.5,4.0,4.5,5.0', '-log-level=WARNING']
2023-11-26 20:49:16;UNIUSDT;30m;1.5;50;36;72;100.0;7;131.53;['-batch-training', '-calc-rsi', '-verbose', '-prediction-mode=index', '-interval-list=30m', '-range-min-rsi=28', '-range-max-rsi=80', '-range-p-ema=50,250', '-target-margin-list=1.0,1.5,2.0,2.5,3.0,3.5,4.0,4.5,5.0', '-log-level=WARNING']
2023-11-26 21:04:14;UNIUSDT;30m;1.5;75;36;72;100.0;7;131.53;['-batch-training', '-calc-rsi', '-verbose', '-prediction-mode=index', '-interval-list=30m', '-range-min-rsi=28', '-range-max-rsi=80', '-range-p-ema=50,250', '-target-margin-list=1.0,1.5,2.0,2.5,3.0,3.5,4.0,4.5,5.0', '-log-level=WARNING']
2023-11-26 19:37:42;UNIUSDT;30m;1.5;125;36;72;100.0;7;131.53;['-batch-training', '-calc-rsi', '-verbose', '-prediction-mode=index', '-interval-list=30m', '-range-min-rsi=28', '-range-max-rsi=80', '-range-p-ema=50,250', '-target-margin-list=1.0,1.5,2.0,2.5,3.0,3.5,4.0,4.5,5.0', '-log-level=WARNING']
2023-11-26 19:26:14;UNIUSDT;30m;1.5;100;36;72;100.0;7;131.53;['-batch-training', '-calc-rsi', '-verbose', '-prediction-mode=index', '-interval-list=30m', '-range-min-rsi=28', '-range-max-rsi=80', '-range-p-ema=50,250', '-target-margin-list=1.0,1.5,2.0,2.5,3.0,3.5,4.0,4.5,5.0', '-log-level=WARNING']
2023-11-26 19:38:51;UNIUSDT;30m;2.0;125;30;72;100.0;5;131.54;['-batch-training', '-calc-rsi', '-verbose', '-prediction-mode=index', '-interval-list=30m', '-range-min-rsi=28', '-range-max-rsi=80', '-range-p-ema=50,250', '-target-margin-list=1.0,1.5,2.0,2.5,3.0,3.5,4.0,4.5,5.0', '-log-level=WARNING']
2023-11-26 20:11:05;UNIUSDT;30m;2.0;200;30;72;100.0;5;131.54;['-batch-training', '-calc-rsi', '-verbose', '-prediction-mode=index', '-interval-list=30m', '-range-min-rsi=28', '-range-max-rsi=80', '-range-p-ema=50,250', '-target-margin-list=1.0,1.5,2.0,2.5,3.0,3.5,4.0,4.5,5.0', '-log-level=WARNING']
2023-11-26 19:50:23;UNIUSDT;30m;2.0;150;30;72;100.0;5;131.54;['-batch-training', '-calc-rsi', '-verbose', '-prediction-mode=index', '-interval-list=30m', '-range-min-rsi=28', '-range-max-rsi=80', '-range-p-ema=50,250', '-target-margin-list=1.0,1.5,2.0,2.5,3.0,3.5,4.0,4.5,5.0', '-log-level=WARNING']
2023-11-26 21:05:49;UNIUSDT;30m;2.0;75;30;72;100.0;5;131.54;['-batch-training', '-calc-rsi', '-verbose', '-prediction-mode=index', '-interval-list=30m', '-range-min-rsi=28', '-range-max-rsi=80', '-range-p-ema=50,250', '-target-margin-list=1.0,1.5,2.0,2.5,3.0,3.5,4.0,4.5,5.0', '-log-level=WARNING']
2023-11-26 20:50:41;UNIUSDT;30m;2.0;50;30;72;100.0;5;131.54;['-batch-training', '-calc-rsi', '-verbose', '-prediction-mode=index', '-interval-list=30m', '-range-min-rsi=28', '-range-max-rsi=80', '-range-p-ema=50,250', '-target-margin-list=1.0,1.5,2.0,2.5,3.0,3.5,4.0,4.5,5.0', '-log-level=WARNING']
2023-11-26 20:00:51;UNIUSDT;30m;2.0;175;30;72;100.0;5;131.54;['-batch-training', '-calc-rsi', '-verbose', '-prediction-mode=index', '-interval-list=30m', '-range-min-rsi=28', '-range-max-rsi=80', '-range-p-ema=50,250', '-target-margin-list=1.0,1.5,2.0,2.5,3.0,3.5,4.0,4.5,5.0', '-log-level=WARNING']
2023-11-26 19:27:22;UNIUSDT;30m;2.0;100;30;72;100.0;5;131.54;['-batch-training', '-calc-rsi', '-verbose', '-prediction-mode=index', '-interval-list=30m', '-range-min-rsi=28', '-range-max-rsi=80', '-range-p-ema=50,250', '-target-margin-list=1.0,1.5,2.0,2.5,3.0,3.5,4.0,4.5,5.0', '-log-level=WARNING']
2023-11-26 20:23:32;UNIUSDT;30m;2.0;225;30;72;100.0;5;131.54;['-batch-training', '-calc-rsi', '-verbose', '-prediction-mode=index', '-interval-list=30m', '-range-min-rsi=28', '-range-max-rsi=80', '-range-p-ema=50,250', '-target-margin-list=1.0,1.5,2.0,2.5,3.0,3.5,4.0,4.5,5.0', '-log-level=WARNING']
2023-11-26 20:03:07;UNIUSDT;30m;3.0;175;32;72;100.0;6;131.56;['-batch-training', '-calc-rsi', '-verbose', '-prediction-mode=index', '-interval-list=30m', '-range-min-rsi=28', '-range-max-rsi=80', '-range-p-ema=50,250', '-target-margin-list=1.0,1.5,2.0,2.5,3.0,3.5,4.0,4.5,5.0', '-log-level=WARNING']
2023-11-26 19:52:57;UNIUSDT;30m;3.0;150;32;72;100.0;6;131.56;['-batch-training', '-calc-rsi', '-verbose', '-prediction-mode=index', '-interval-list=30m', '-range-min-rsi=28', '-range-max-rsi=80', '-range-p-ema=50,250', '-target-margin-list=1.0,1.5,2.0,2.5,3.0,3.5,4.0,4.5,5.0', '-log-level=WARNING']
2023-11-26 20:13:48;UNIUSDT;30m;3.0;200;32;72;100.0;6;131.56;['-batch-training', '-calc-rsi', '-verbose', '-prediction-mode=index', '-interval-list=30m', '-range-min-rsi=28', '-range-max-rsi=80', '-range-p-ema=50,250', '-target-margin-list=1.0,1.5,2.0,2.5,3.0,3.5,4.0,4.5,5.0', '-log-level=WARNING']
2023-11-26 20:26:28;UNIUSDT;30m;3.0;225;32;72;100.0;6;131.56;['-batch-training', '-calc-rsi', '-verbose', '-prediction-mode=index', '-interval-list=30m', '-range-min-rsi=28', '-range-max-rsi=80', '-range-p-ema=50,250', '-target-margin-list=1.0,1.5,2.0,2.5,3.0,3.5,4.0,4.5,5.0', '-log-level=WARNING']
2023-11-26 20:24:48;UNIUSDT;30m;2.0;225;34;80;100.0;3;131.58;['-batch-training', '-calc-rsi', '-verbose', '-prediction-mode=index', '-interval-list=30m', '-range-min-rsi=28', '-range-max-rsi=80', '-range-p-ema=50,250', '-target-margin-list=1.0,1.5,2.0,2.5,3.0,3.5,4.0,4.5,5.0', '-log-level=WARNING']
2023-11-26 21:16:57;UNIUSDT;30m;5.0;75;34;78;100.0;2;131.74;['-batch-training', '-calc-rsi', '-verbose', '-prediction-mode=index', '-interval-list=30m', '-range-min-rsi=28', '-range-max-rsi=80', '-range-p-ema=50,250', '-target-margin-list=1.0,1.5,2.0,2.5,3.0,3.5,4.0,4.5,5.0', '-log-level=WARNING']
2023-11-26 21:07:48;UNIUSDT;30m;2.5;75;34;72;100.0;5;131.74;['-batch-training', '-calc-rsi', '-verbose', '-prediction-mode=index', '-interval-list=30m', '-range-min-rsi=28', '-range-max-rsi=80', '-range-p-ema=50,250', '-target-margin-list=1.0,1.5,2.0,2.5,3.0,3.5,4.0,4.5,5.0', '-log-level=WARNING']
2023-11-26 20:52:27;UNIUSDT;30m;2.5;50;34;72;100.0;5;131.74;['-batch-training', '-calc-rsi', '-verbose', '-prediction-mode=index', '-interval-list=30m', '-range-min-rsi=28', '-range-max-rsi=80', '-range-p-ema=50,250', '-target-margin-list=1.0,1.5,2.0,2.5,3.0,3.5,4.0,4.5,5.0', '-log-level=WARNING']
2023-11-26 19:28:47;UNIUSDT;30m;2.5;100;34;72;100.0;5;131.74;['-batch-training', '-calc-rsi', '-verbose', '-prediction-mode=index', '-interval-list=30m', '-range-min-rsi=28', '-range-max-rsi=80', '-range-p-ema=50,250', '-target-margin-list=1.0,1.5,2.0,2.5,3.0,3.5,4.0,4.5,5.0', '-log-level=WARNING']
2023-11-26 20:24:48;UNIUSDT;30m;2.0;225;34;80;100.0;6;131.74;['-batch-training', '-calc-rsi', '-verbose', '-prediction-mode=index', '-interval-list=30m', '-range-min-rsi=28', '-range-max-rsi=80', '-range-p-ema=50,250', '-target-margin-list=1.0,1.5,2.0,2.5,3.0,3.5,4.0,4.5,5.0', '-log-level=WARNING']
2023-11-26 19:47:22;UNIUSDT;30m;5.0;125;34;78;100.0;2;131.74;['-batch-training', '-calc-rsi', '-verbose', '-prediction-mode=index', '-interval-list=30m', '-range-min-rsi=28', '-range-max-rsi=80', '-range-p-ema=50,250', '-target-margin-list=1.0,1.5,2.0,2.5,3.0,3.5,4.0,4.5,5.0', '-log-level=WARNING']
2023-11-26 19:35:47;UNIUSDT;30m;5.0;100;34;78;100.0;2;131.74;['-batch-training', '-calc-rsi', '-verbose', '-prediction-mode=index', '-interval-list=30m', '-range-min-rsi=28', '-range-max-rsi=80', '-range-p-ema=50,250', '-target-margin-list=1.0,1.5,2.0,2.5,3.0,3.5,4.0,4.5,5.0', '-log-level=WARNING']
2023-11-26 19:40:15;UNIUSDT;30m;2.5;125;34;72;100.0;5;131.74;['-batch-training', '-calc-rsi', '-verbose', '-prediction-mode=index', '-interval-list=30m', '-range-min-rsi=28', '-range-max-rsi=80', '-range-p-ema=50,250', '-target-margin-list=1.0,1.5,2.0,2.5,3.0,3.5,4.0,4.5,5.0', '-log-level=WARNING']
2023-11-26 21:01:43;UNIUSDT;30m;5.0;50;34;78;100.0;2;131.74;['-batch-training', '-calc-rsi', '-verbose', '-prediction-mode=index', '-interval-list=30m', '-range-min-rsi=28', '-range-max-rsi=80', '-range-p-ema=50,250', '-target-margin-list=1.0,1.5,2.0,2.5,3.0,3.5,4.0,4.5,5.0', '-log-level=WARNING']
2023-11-26 19:42:05;UNIUSDT;30m;3.0;125;36;76;100.0;2;131.8;['-batch-training', '-calc-rsi', '-verbose', '-prediction-mode=index', '-interval-list=30m', '-range-min-rsi=28', '-range-max-rsi=80', '-range-p-ema=50,250', '-target-margin-list=1.0,1.5,2.0,2.5,3.0,3.5,4.0,4.5,5.0', '-log-level=WARNING']
2023-11-26 19:30:35;UNIUSDT;30m;3.0;100;36;76;100.0;2;131.8;['-batch-training', '-calc-rsi', '-verbose', '-prediction-mode=index', '-interval-list=30m', '-range-min-rsi=28', '-range-max-rsi=80', '-range-p-ema=50,250', '-target-margin-list=1.0,1.5,2.0,2.5,3.0,3.5,4.0,4.5,5.0', '-log-level=WARNING']
2023-11-26 20:54:50;UNIUSDT;30m;3.0;50;36;76;100.0;2;131.8;['-batch-training', '-calc-rsi', '-verbose', '-prediction-mode=index', '-interval-list=30m', '-range-min-rsi=28', '-range-max-rsi=80', '-range-p-ema=50,250', '-target-margin-list=1.0,1.5,2.0,2.5,3.0,3.5,4.0,4.5,5.0', '-log-level=WARNING']
2023-11-26 21:10:20;UNIUSDT;30m;3.0;75;36;76;100.0;2;131.8;['-batch-training', '-calc-rsi', '-verbose', '-prediction-mode=index', '-interval-list=30m', '-range-min-rsi=28', '-range-max-rsi=80', '-range-p-ema=50,250', '-target-margin-list=1.0,1.5,2.0,2.5,3.0,3.5,4.0,4.5,5.0', '-log-level=WARNING']
2023-11-26 19:31:06;UNIUSDT;30m;3.0;100;36;80;100.0;3;131.81;['-batch-training', '-calc-rsi', '-verbose', '-prediction-mode=index', '-interval-list=30m', '-range-min-rsi=28', '-range-max-rsi=80', '-range-p-ema=50,250', '-target-margin-list=1.0,1.5,2.0,2.5,3.0,3.5,4.0,4.5,5.0', '-log-level=WARNING']
2023-11-26 19:42:36;UNIUSDT;30m;3.0;125;36;80;100.0;3;131.81;['-batch-training', '-calc-rsi', '-verbose', '-prediction-mode=index', '-interval-list=30m', '-range-min-rsi=28', '-range-max-rsi=80', '-range-p-ema=50,250', '-target-margin-list=1.0,1.5,2.0,2.5,3.0,3.5,4.0,4.5,5.0', '-log-level=WARNING']
2023-11-26 19:45:07;UNIUSDT;30m;4.0;125;36;80;100.0;2;131.82;['-batch-training', '-calc-rsi', '-verbose', '-prediction-mode=index', '-interval-list=30m', '-range-min-rsi=28', '-range-max-rsi=80', '-range-p-ema=50,250', '-target-margin-list=1.0,1.5,2.0,2.5,3.0,3.5,4.0,4.5,5.0', '-log-level=WARNING']
2023-11-26 19:33:34;UNIUSDT;30m;4.0;100;36;80;100.0;2;131.82;['-batch-training', '-calc-rsi', '-verbose', '-prediction-mode=index', '-interval-list=30m', '-range-min-rsi=28', '-range-max-rsi=80', '-range-p-ema=50,250', '-target-margin-list=1.0,1.5,2.0,2.5,3.0,3.5,4.0,4.5,5.0', '-log-level=WARNING']
2023-11-26 20:37:45;UNIUSDT;30m;2.0;250;34;78;100.0;3;131.82;['-batch-training', '-calc-rsi', '-verbose', '-prediction-mode=index', '-interval-list=30m', '-range-min-rsi=28', '-range-max-rsi=80', '-range-p-ema=50,250', '-target-margin-list=1.0,1.5,2.0,2.5,3.0,3.5,4.0,4.5,5.0', '-log-level=WARNING']
2023-11-26 19:53:02;UNIUSDT;30m;3.0;150;36;72;100.0;6;131.88;['-batch-training', '-calc-rsi', '-verbose', '-prediction-mode=index', '-interval-list=30m', '-range-min-rsi=28', '-range-max-rsi=80', '-range-p-ema=50,250', '-target-margin-list=1.0,1.5,2.0,2.5,3.0,3.5,4.0,4.5,5.0', '-log-level=WARNING']
2023-11-26 21:00:43;UNIUSDT;30m;5.0;50;34;72;100.0;2;131.89;['-batch-training', '-calc-rsi', '-verbose', '-prediction-mode=index', '-interval-list=30m', '-range-min-rsi=28', '-range-max-rsi=80', '-range-p-ema=50,250', '-target-margin-list=1.0,1.5,2.0,2.5,3.0,3.5,4.0,4.5,5.0', '-log-level=WARNING']
2023-11-26 19:45:00;UNIUSDT;30m;4.0;125;32;80;100.0;3;131.89;['-batch-training', '-calc-rsi', '-verbose', '-prediction-mode=index', '-interval-list=30m', '-range-min-rsi=28', '-range-max-rsi=80', '-range-p-ema=50,250', '-target-margin-list=1.0,1.5,2.0,2.5,3.0,3.5,4.0,4.5,5.0', '-log-level=WARNING']
2023-11-26 20:58:38;UNIUSDT;30m;4.0;50;32;80;100.0;3;131.89;['-batch-training', '-calc-rsi', '-verbose', '-prediction-mode=index', '-interval-list=30m', '-range-min-rsi=28', '-range-max-rsi=80', '-range-p-ema=50,250', '-target-margin-list=1.0,1.5,2.0,2.5,3.0,3.5,4.0,4.5,5.0', '-log-level=WARNING']
2023-11-26 19:46:36;UNIUSDT;30m;5.0;125;34;72;100.0;2;131.89;['-batch-training', '-calc-rsi', '-verbose', '-prediction-mode=index', '-interval-list=30m', '-range-min-rsi=28', '-range-max-rsi=80', '-range-p-ema=50,250', '-target-margin-list=1.0,1.5,2.0,2.5,3.0,3.5,4.0,4.5,5.0', '-log-level=WARNING']
2023-11-26 19:33:28;UNIUSDT;30m;4.0;100;32;80;100.0;3;131.89;['-batch-training', '-calc-rsi', '-verbose', '-prediction-mode=index', '-interval-list=30m', '-range-min-rsi=28', '-range-max-rsi=80', '-range-p-ema=50,250', '-target-margin-list=1.0,1.5,2.0,2.5,3.0,3.5,4.0,4.5,5.0', '-log-level=WARNING']
2023-11-26 21:16:23;UNIUSDT;30m;5.0;75;34;74;100.0;2;131.89;['-batch-training', '-calc-rsi', '-verbose', '-prediction-mode=index', '-interval-list=30m', '-range-min-rsi=28', '-range-max-rsi=80', '-range-p-ema=50,250', '-target-margin-list=1.0,1.5,2.0,2.5,3.0,3.5,4.0,4.5,5.0', '-log-level=WARNING']
2023-11-26 19:35:01;UNIUSDT;30m;5.0;100;34;72;100.0;2;131.89;['-batch-training', '-calc-rsi', '-verbose', '-prediction-mode=index', '-interval-list=30m', '-range-min-rsi=28', '-range-max-rsi=80', '-range-p-ema=50,250', '-target-margin-list=1.0,1.5,2.0,2.5,3.0,3.5,4.0,4.5,5.0', '-log-level=WARNING']
2023-11-26 21:14:21;UNIUSDT;30m;4.0;75;32;80;100.0;3;131.89;['-batch-training', '-calc-rsi', '-verbose', '-prediction-mode=index', '-interval-list=30m', '-range-min-rsi=28', '-range-max-rsi=80', '-range-p-ema=50,250', '-target-margin-list=1.0,1.5,2.0,2.5,3.0,3.5,4.0,4.5,5.0', '-log-level=WARNING']
2023-11-26 19:35:16;UNIUSDT;30m;5.0;100;34;74;100.0;2;131.89;['-batch-training', '-calc-rsi', '-verbose', '-prediction-mode=index', '-interval-list=30m', '-range-min-rsi=28', '-range-max-rsi=80', '-range-p-ema=50,250', '-target-margin-list=1.0,1.5,2.0,2.5,3.0,3.5,4.0,4.5,5.0', '-log-level=WARNING']
2023-11-26 21:16:06;UNIUSDT;30m;5.0;75;34;72;100.0;2;131.89;['-batch-training', '-calc-rsi', '-verbose', '-prediction-mode=index', '-interval-list=30m', '-range-min-rsi=28', '-range-max-rsi=80', '-range-p-ema=50,250', '-target-margin-list=1.0,1.5,2.0,2.5,3.0,3.5,4.0,4.5,5.0', '-log-level=WARNING']
2023-11-26 21:01:04;UNIUSDT;30m;5.0;50;34;74;100.0;2;131.89;['-batch-training', '-calc-rsi', '-verbose', '-prediction-mode=index', '-interval-list=30m', '-range-min-rsi=28', '-range-max-rsi=80', '-range-p-ema=50,250', '-target-margin-list=1.0,1.5,2.0,2.5,3.0,3.5,4.0,4.5,5.0', '-log-level=WARNING']
2023-11-26 19:46:51;UNIUSDT;30m;5.0;125;34;74;100.0;2;131.89;['-batch-training', '-calc-rsi', '-verbose', '-prediction-mode=index', '-interval-list=30m', '-range-min-rsi=28', '-range-max-rsi=80', '-range-p-ema=50,250', '-target-margin-list=1.0,1.5,2.0,2.5,3.0,3.5,4.0,4.5,5.0', '-log-level=WARNING']
2023-11-26 20:04:40;UNIUSDT;30m;3.5;175;32;76;100.0;2;131.91;['-batch-training', '-calc-rsi', '-verbose', '-prediction-mode=index', '-interval-list=30m', '-range-min-rsi=28', '-range-max-rsi=80', '-range-p-ema=50,250', '-target-margin-list=1.0,1.5,2.0,2.5,3.0,3.5,4.0,4.5,5.0', '-log-level=WARNING']
2023-11-26 20:15:41;UNIUSDT;30m;3.5;200;32;76;100.0;2;131.91;['-batch-training', '-calc-rsi', '-verbose', '-prediction-mode=index', '-interval-list=30m', '-range-min-rsi=28', '-range-max-rsi=80', '-range-p-ema=50,250', '-target-margin-list=1.0,1.5,2.0,2.5,3.0,3.5,4.0,4.5,5.0', '-log-level=WARNING']
2023-11-26 19:54:32;UNIUSDT;30m;3.5;150;32;76;100.0;2;131.91;['-batch-training', '-calc-rsi', '-verbose', '-prediction-mode=index', '-interval-list=30m', '-range-min-rsi=28', '-range-max-rsi=80', '-range-p-ema=50,250', '-target-margin-list=1.0,1.5,2.0,2.5,3.0,3.5,4.0,4.5,5.0', '-log-level=WARNING']
2023-11-26 20:28:30;UNIUSDT;30m;3.5;225;32;76;100.0;2;131.91;['-batch-training', '-calc-rsi', '-verbose', '-prediction-mode=index', '-interval-list=30m', '-range-min-rsi=28', '-range-max-rsi=80', '-range-p-ema=50,250', '-target-margin-list=1.0,1.5,2.0,2.5,3.0,3.5,4.0,4.5,5.0', '-log-level=WARNING']
2023-11-26 20:12:28;UNIUSDT;30m;2.5;200;32;72;100.0;3;132.03;['-batch-training', '-calc-rsi', '-verbose', '-prediction-mode=index', '-interval-list=30m', '-range-min-rsi=28', '-range-max-rsi=80', '-range-p-ema=50,250', '-target-margin-list=1.0,1.5,2.0,2.5,3.0,3.5,4.0,4.5,5.0', '-log-level=WARNING']
2023-11-26 20:40:29;UNIUSDT;30m;3.0;250;34;76;100.0;4;132.04;['-batch-training', '-calc-rsi', '-verbose', '-prediction-mode=index', '-interval-list=30m', '-range-min-rsi=28', '-range-max-rsi=80', '-range-p-ema=50,250', '-target-margin-list=1.0,1.5,2.0,2.5,3.0,3.5,4.0,4.5,5.0', '-log-level=WARNING']
2023-11-26 20:15:12;UNIUSDT;30m;3.5;200;34;72;100.0;5;132.06;['-batch-training', '-calc-rsi', '-verbose', '-prediction-mode=index', '-interval-list=30m', '-range-min-rsi=28', '-range-max-rsi=80', '-range-p-ema=50,250', '-target-margin-list=1.0,1.5,2.0,2.5,3.0,3.5,4.0,4.5,5.0', '-log-level=WARNING']
2023-11-26 20:27:58;UNIUSDT;30m;3.5;225;34;72;100.0;5;132.06;['-batch-training', '-calc-rsi', '-verbose', '-prediction-mode=index', '-interval-list=30m', '-range-min-rsi=28', '-range-max-rsi=80', '-range-p-ema=50,250', '-target-margin-list=1.0,1.5,2.0,2.5,3.0,3.5,4.0,4.5,5.0', '-log-level=WARNING']
2023-11-26 20:04:16;UNIUSDT;30m;3.5;175;34;72;100.0;5;132.06;['-batch-training', '-calc-rsi', '-verbose', '-prediction-mode=index', '-interval-list=30m', '-range-min-rsi=28', '-range-max-rsi=80', '-range-p-ema=50,250', '-target-margin-list=1.0,1.5,2.0,2.5,3.0,3.5,4.0,4.5,5.0', '-log-level=WARNING']
2023-11-26 20:15:15;UNIUSDT;30m;3.5;200;36;72;100.0;5;132.11;['-batch-training', '-calc-rsi', '-verbose', '-prediction-mode=index', '-interval-list=30m', '-range-min-rsi=28', '-range-max-rsi=80', '-range-p-ema=50,250', '-target-margin-list=1.0,1.5,2.0,2.5,3.0,3.5,4.0,4.5,5.0', '-log-level=WARNING']
2023-11-26 20:38:17;UNIUSDT;30m;2.5;250;32;72;100.0;4;132.11;['-batch-training', '-calc-rsi', '-verbose', '-prediction-mode=index', '-interval-list=30m', '-range-min-rsi=28', '-range-max-rsi=80', '-range-p-ema=50,250', '-target-margin-list=1.0,1.5,2.0,2.5,3.0,3.5,4.0,4.5,5.0', '-log-level=WARNING']
2023-11-26 20:04:19;UNIUSDT;30m;3.5;175;36;72;100.0;5;132.11;['-batch-training', '-calc-rsi', '-verbose', '-prediction-mode=index', '-interval-list=30m', '-range-min-rsi=28', '-range-max-rsi=80', '-range-p-ema=50,250', '-target-margin-list=1.0,1.5,2.0,2.5,3.0,3.5,4.0,4.5,5.0', '-log-level=WARNING']
2023-11-26 20:28:02;UNIUSDT;30m;3.5;225;36;72;100.0;5;132.11;['-batch-training', '-calc-rsi', '-verbose', '-prediction-mode=index', '-interval-list=30m', '-range-min-rsi=28', '-range-max-rsi=80', '-range-p-ema=50,250', '-target-margin-list=1.0,1.5,2.0,2.5,3.0,3.5,4.0,4.5,5.0', '-log-level=WARNING']
2023-11-26 20:38:02;UNIUSDT;30m;2.0;250;34;80;100.0;3;132.14;['-batch-training', '-calc-rsi', '-verbose', '-prediction-mode=index', '-interval-list=30m', '-range-min-rsi=28', '-range-max-rsi=80', '-range-p-ema=50,250', '-target-margin-list=1.0,1.5,2.0,2.5,3.0,3.5,4.0,4.5,5.0', '-log-level=WARNING']
2023-11-26 20:42:05;UNIUSDT;30m;3.5;250;36;76;100.0;2;132.25;['-batch-training', '-calc-rsi', '-verbose', '-prediction-mode=index', '-interval-list=30m', '-range-min-rsi=28', '-range-max-rsi=80', '-range-p-ema=50,250', '-target-margin-list=1.0,1.5,2.0,2.5,3.0,3.5,4.0,4.5,5.0', '-log-level=WARNING']
2023-11-26 19:27:44;UNIUSDT;30m;2.0;100;34;74;100.0;6;132.29;['-batch-training', '-calc-rsi', '-verbose', '-prediction-mode=index', '-interval-list=30m', '-range-min-rsi=28', '-range-max-rsi=80', '-range-p-ema=50,250', '-target-margin-list=1.0,1.5,2.0,2.5,3.0,3.5,4.0,4.5,5.0', '-log-level=WARNING']
2023-11-26 21:06:19;UNIUSDT;30m;2.0;75;34;74;100.0;6;132.29;['-batch-training', '-calc-rsi', '-verbose', '-prediction-mode=index', '-interval-list=30m', '-range-min-rsi=28', '-range-max-rsi=80', '-range-p-ema=50,250', '-target-margin-list=1.0,1.5,2.0,2.5,3.0,3.5,4.0,4.5,5.0', '-log-level=WARNING']
2023-11-26 20:51:08;UNIUSDT;30m;2.0;50;34;74;100.0;6;132.29;['-batch-training', '-calc-rsi', '-verbose', '-prediction-mode=index', '-interval-list=30m', '-range-min-rsi=28', '-range-max-rsi=80', '-range-p-ema=50,250', '-target-margin-list=1.0,1.5,2.0,2.5,3.0,3.5,4.0,4.5,5.0', '-log-level=WARNING']
2023-11-26 19:39:13;UNIUSDT;30m;2.0;125;34;74;100.0;6;132.29;['-batch-training', '-calc-rsi', '-verbose', '-prediction-mode=index', '-interval-list=30m', '-range-min-rsi=28', '-range-max-rsi=80', '-range-p-ema=50,250', '-target-margin-list=1.0,1.5,2.0,2.5,3.0,3.5,4.0,4.5,5.0', '-log-level=WARNING']
2023-11-26 20:41:10;UNIUSDT;30m;3.0;250;36;80;100.0;6;132.34;['-batch-training', '-calc-rsi', '-verbose', '-prediction-mode=index', '-interval-list=30m', '-range-min-rsi=28', '-range-max-rsi=80', '-range-p-ema=50,250', '-target-margin-list=1.0,1.5,2.0,2.5,3.0,3.5,4.0,4.5,5.0', '-log-level=WARNING']
2023-11-26 20:41:10;UNIUSDT;30m;3.0;250;36;80;100.0;7;132.34;['-batch-training', '-calc-rsi', '-verbose', '-prediction-mode=index', '-interval-list=30m', '-range-min-rsi=28', '-range-max-rsi=80', '-range-p-ema=50,250', '-target-margin-list=1.0,1.5,2.0,2.5,3.0,3.5,4.0,4.5,5.0', '-log-level=WARNING']
2023-11-26 19:26:04;UNIUSDT;30m;1.5;100;30;72;100.0;7;132.36;['-batch-training', '-calc-rsi', '-verbose', '-prediction-mode=index', '-interval-list=30m', '-range-min-rsi=28', '-range-max-rsi=80', '-range-p-ema=50,250', '-target-margin-list=1.0,1.5,2.0,2.5,3.0,3.5,4.0,4.5,5.0', '-log-level=WARNING']
2023-11-26 20:09:48;UNIUSDT;30m;1.5;200;30;72;100.0;7;132.36;['-batch-training', '-calc-rsi', '-verbose', '-prediction-mode=index', '-interval-list=30m', '-range-min-rsi=28', '-range-max-rsi=80', '-range-p-ema=50,250', '-target-margin-list=1.0,1.5,2.0,2.5,3.0,3.5,4.0,4.5,5.0', '-log-level=WARNING']
2023-11-26 21:04:01;UNIUSDT;30m;1.5;75;30;72;100.0;7;132.36;['-batch-training', '-calc-rsi', '-verbose', '-prediction-mode=index', '-interval-list=30m', '-range-min-rsi=28', '-range-max-rsi=80', '-range-p-ema=50,250', '-target-margin-list=1.0,1.5,2.0,2.5,3.0,3.5,4.0,4.5,5.0', '-log-level=WARNING']
2023-11-26 19:49:06;UNIUSDT;30m;1.5;150;30;72;100.0;7;132.36;['-batch-training', '-calc-rsi', '-verbose', '-prediction-mode=index', '-interval-list=30m', '-range-min-rsi=28', '-range-max-rsi=80', '-range-p-ema=50,250', '-target-margin-list=1.0,1.5,2.0,2.5,3.0,3.5,4.0,4.5,5.0', '-log-level=WARNING']
2023-11-26 19:37:33;UNIUSDT;30m;1.5;125;30;72;100.0;7;132.36;['-batch-training', '-calc-rsi', '-verbose', '-prediction-mode=index', '-interval-list=30m', '-range-min-rsi=28', '-range-max-rsi=80', '-range-p-ema=50,250', '-target-margin-list=1.0,1.5,2.0,2.5,3.0,3.5,4.0,4.5,5.0', '-log-level=WARNING']
2023-11-26 19:59:42;UNIUSDT;30m;1.5;175;30;72;100.0;7;132.36;['-batch-training', '-calc-rsi', '-verbose', '-prediction-mode=index', '-interval-list=30m', '-range-min-rsi=28', '-range-max-rsi=80', '-range-p-ema=50,250', '-target-margin-list=1.0,1.5,2.0,2.5,3.0,3.5,4.0,4.5,5.0', '-log-level=WARNING']
2023-11-26 20:22:05;UNIUSDT;30m;1.5;225;30;72;100.0;7;132.36;['-batch-training', '-calc-rsi', '-verbose', '-prediction-mode=index', '-interval-list=30m', '-range-min-rsi=28', '-range-max-rsi=80', '-range-p-ema=50,250', '-target-margin-list=1.0,1.5,2.0,2.5,3.0,3.5,4.0,4.5,5.0', '-log-level=WARNING']
2023-11-26 20:49:05;UNIUSDT;30m;1.5;50;30;72;100.0;7;132.36;['-batch-training', '-calc-rsi', '-verbose', '-prediction-mode=index', '-interval-list=30m', '-range-min-rsi=28', '-range-max-rsi=80', '-range-p-ema=50,250', '-target-margin-list=1.0,1.5,2.0,2.5,3.0,3.5,4.0,4.5,5.0', '-log-level=WARNING']
2023-11-26 21:12:52;UNIUSDT;30m;3.5;75;36;80;100.0;3;132.47;['-batch-training', '-calc-rsi', '-verbose', '-prediction-mode=index', '-interval-list=30m', '-range-min-rsi=28', '-range-max-rsi=80', '-range-p-ema=50,250', '-target-margin-list=1.0,1.5,2.0,2.5,3.0,3.5,4.0,4.5,5.0', '-log-level=WARNING']
2023-11-26 20:57:07;UNIUSDT;30m;3.5;50;36;80;100.0;3;132.47;['-batch-training', '-calc-rsi', '-verbose', '-prediction-mode=index', '-interval-list=30m', '-range-min-rsi=28', '-range-max-rsi=80', '-range-p-ema=50,250', '-target-margin-list=1.0,1.5,2.0,2.5,3.0,3.5,4.0,4.5,5.0', '-log-level=WARNING']
2023-11-26 20:39:44;UNIUSDT;30m;3.0;250;30;72;100.0;6;132.48;['-batch-training', '-calc-rsi', '-verbose', '-prediction-mode=index', '-interval-list=30m', '-range-min-rsi=28', '-range-max-rsi=80', '-range-p-ema=50,250', '-target-margin-list=1.0,1.5,2.0,2.5,3.0,3.5,4.0,4.5,5.0', '-log-level=WARNING']
2023-11-26 20:11:47;UNIUSDT;30m;2.0;200;36;76;100.0;4;132.62;['-batch-training', '-calc-rsi', '-verbose', '-prediction-mode=index', '-interval-list=30m', '-range-min-rsi=28', '-range-max-rsi=80', '-range-p-ema=50,250', '-target-margin-list=1.0,1.5,2.0,2.5,3.0,3.5,4.0,4.5,5.0', '-log-level=WARNING']
2023-11-26 20:12:47;UNIUSDT;30m;2.5;200;34;74;100.0;5;132.7;['-batch-training', '-calc-rsi', '-verbose', '-prediction-mode=index', '-interval-list=30m', '-range-min-rsi=28', '-range-max-rsi=80', '-range-p-ema=50,250', '-target-margin-list=1.0,1.5,2.0,2.5,3.0,3.5,4.0,4.5,5.0', '-log-level=WARNING']
2023-11-26 20:15:48;UNIUSDT;30m;3.5;200;36;76;100.0;2;132.71;['-batch-training', '-calc-rsi', '-verbose', '-prediction-mode=index', '-interval-list=30m', '-range-min-rsi=28', '-range-max-rsi=80', '-range-p-ema=50,250', '-target-margin-list=1.0,1.5,2.0,2.5,3.0,3.5,4.0,4.5,5.0', '-log-level=WARNING']
2023-11-26 20:04:45;UNIUSDT;30m;3.5;175;36;76;100.0;2;132.71;['-batch-training', '-calc-rsi', '-verbose', '-prediction-mode=index', '-interval-list=30m', '-range-min-rsi=28', '-range-max-rsi=80', '-range-p-ema=50,250', '-target-margin-list=1.0,1.5,2.0,2.5,3.0,3.5,4.0,4.5,5.0', '-log-level=WARNING']
2023-11-26 20:38:02;UNIUSDT;30m;2.0;250;34;80;100.0;6;132.73;['-batch-training', '-calc-rsi', '-verbose', '-prediction-mode=index', '-interval-list=30m', '-range-min-rsi=28', '-range-max-rsi=80', '-range-p-ema=50,250', '-target-margin-list=1.0,1.5,2.0,2.5,3.0,3.5,4.0,4.5,5.0', '-log-level=WARNING']
2023-11-26 20:13:35;UNIUSDT;30m;2.5;200;34;80;100.0;7;132.73;['-batch-training', '-calc-rsi', '-verbose', '-prediction-mode=index', '-interval-list=30m', '-range-min-rsi=28', '-range-max-rsi=80', '-range-p-ema=50,250', '-target-margin-list=1.0,1.5,2.0,2.5,3.0,3.5,4.0,4.5,5.0', '-log-level=WARNING']
2023-11-26 20:02:58;UNIUSDT;30m;2.5;175;34;80;100.0;7;132.73;['-batch-training', '-calc-rsi', '-verbose', '-prediction-mode=index', '-interval-list=30m', '-range-min-rsi=28', '-range-max-rsi=80', '-range-p-ema=50,250', '-target-margin-list=1.0,1.5,2.0,2.5,3.0,3.5,4.0,4.5,5.0', '-log-level=WARNING']
2023-11-26 19:32:12;UNIUSDT;30m;3.5;100;30;80;100.0;6;132.77;['-batch-training', '-calc-rsi', '-verbose', '-prediction-mode=index', '-interval-list=30m', '-range-min-rsi=28', '-range-max-rsi=80', '-range-p-ema=50,250', '-target-margin-list=1.0,1.5,2.0,2.5,3.0,3.5,4.0,4.5,5.0', '-log-level=WARNING']
2023-11-26 19:43:42;UNIUSDT;30m;3.5;125;30;80;100.0;5;132.77;['-batch-training', '-calc-rsi', '-verbose', '-prediction-mode=index', '-interval-list=30m', '-range-min-rsi=28', '-range-max-rsi=80', '-range-p-ema=50,250', '-target-margin-list=1.0,1.5,2.0,2.5,3.0,3.5,4.0,4.5,5.0', '-log-level=WARNING']
2023-11-26 21:12:39;UNIUSDT;30m;3.5;75;30;80;100.0;7;132.77;['-batch-training', '-calc-rsi', '-verbose', '-prediction-mode=index', '-interval-list=30m', '-range-min-rsi=28', '-range-max-rsi=80', '-range-p-ema=50,250', '-target-margin-list=1.0,1.5,2.0,2.5,3.0,3.5,4.0,4.5,5.0', '-log-level=WARNING']
2023-11-26 19:43:42;UNIUSDT;30m;3.5;125;30;80;100.0;6;132.77;['-batch-training', '-calc-rsi', '-verbose', '-prediction-mode=index', '-interval-list=30m', '-range-min-rsi=28', '-range-max-rsi=80', '-range-p-ema=50,250', '-target-margin-list=1.0,1.5,2.0,2.5,3.0,3.5,4.0,4.5,5.0', '-log-level=WARNING']
2023-11-26 20:56:56;UNIUSDT;30m;3.5;50;30;80;100.0;7;132.77;['-batch-training', '-calc-rsi', '-verbose', '-prediction-mode=index', '-interval-list=30m', '-range-min-rsi=28', '-range-max-rsi=80', '-range-p-ema=50,250', '-target-margin-list=1.0,1.5,2.0,2.5,3.0,3.5,4.0,4.5,5.0', '-log-level=WARNING']
2023-11-26 20:29:01;UNIUSDT;30m;3.5;225;30;80;100.0;5;132.77;['-batch-training', '-calc-rsi', '-verbose', '-prediction-mode=index', '-interval-list=30m', '-range-min-rsi=28', '-range-max-rsi=80', '-range-p-ema=50,250', '-target-margin-list=1.0,1.5,2.0,2.5,3.0,3.5,4.0,4.5,5.0', '-log-level=WARNING']
2023-11-26 20:56:56;UNIUSDT;30m;3.5;50;30;80;100.0;6;132.77;['-batch-training', '-calc-rsi', '-verbose', '-prediction-mode=index', '-interval-list=30m', '-range-min-rsi=28', '-range-max-rsi=80', '-range-p-ema=50,250', '-target-margin-list=1.0,1.5,2.0,2.5,3.0,3.5,4.0,4.5,5.0', '-log-level=WARNING']
2023-11-26 20:56:56;UNIUSDT;30m;3.5;50;30;80;100.0;5;132.77;['-batch-training', '-calc-rsi', '-verbose', '-prediction-mode=index', '-interval-list=30m', '-range-min-rsi=28', '-range-max-rsi=80', '-range-p-ema=50,250', '-target-margin-list=1.0,1.5,2.0,2.5,3.0,3.5,4.0,4.5,5.0', '-log-level=WARNING']
2023-11-26 19:32:12;UNIUSDT;30m;3.5;100;30;80;100.0;5;132.77;['-batch-training', '-calc-rsi', '-verbose', '-prediction-mode=index', '-interval-list=30m', '-range-min-rsi=28', '-range-max-rsi=80', '-range-p-ema=50,250', '-target-margin-list=1.0,1.5,2.0,2.5,3.0,3.5,4.0,4.5,5.0', '-log-level=WARNING']
2023-11-26 19:32:12;UNIUSDT;30m;3.5;100;30;80;100.0;7;132.77;['-batch-training', '-calc-rsi', '-verbose', '-prediction-mode=index', '-interval-list=30m', '-range-min-rsi=28', '-range-max-rsi=80', '-range-p-ema=50,250', '-target-margin-list=1.0,1.5,2.0,2.5,3.0,3.5,4.0,4.5,5.0', '-log-level=WARNING']
2023-11-26 19:43:43;UNIUSDT;30m;3.5;125;30;80;100.0;7;132.77;['-batch-training', '-calc-rsi', '-verbose', '-prediction-mode=index', '-interval-list=30m', '-range-min-rsi=28', '-range-max-rsi=80', '-range-p-ema=50,250', '-target-margin-list=1.0,1.5,2.0,2.5,3.0,3.5,4.0,4.5,5.0', '-log-level=WARNING']
2023-11-26 20:29:01;UNIUSDT;30m;3.5;225;30;80;100.0;7;132.77;['-batch-training', '-calc-rsi', '-verbose', '-prediction-mode=index', '-interval-list=30m', '-range-min-rsi=28', '-range-max-rsi=80', '-range-p-ema=50,250', '-target-margin-list=1.0,1.5,2.0,2.5,3.0,3.5,4.0,4.5,5.0', '-log-level=WARNING']
2023-11-26 20:29:01;UNIUSDT;30m;3.5;225;30;80;100.0;6;132.77;['-batch-training', '-calc-rsi', '-verbose', '-prediction-mode=index', '-interval-list=30m', '-range-min-rsi=28', '-range-max-rsi=80', '-range-p-ema=50,250', '-target-margin-list=1.0,1.5,2.0,2.5,3.0,3.5,4.0,4.5,5.0', '-log-level=WARNING']
2023-11-26 21:12:39;UNIUSDT;30m;3.5;75;30;80;100.0;6;132.77;['-batch-training', '-calc-rsi', '-verbose', '-prediction-mode=index', '-interval-list=30m', '-range-min-rsi=28', '-range-max-rsi=80', '-range-p-ema=50,250', '-target-margin-list=1.0,1.5,2.0,2.5,3.0,3.5,4.0,4.5,5.0', '-log-level=WARNING']
2023-11-26 20:05:04;UNIUSDT;30m;3.5;175;30;80;100.0;6;132.77;['-batch-training', '-calc-rsi', '-verbose', '-prediction-mode=index', '-interval-list=30m', '-range-min-rsi=28', '-range-max-rsi=80', '-range-p-ema=50,250', '-target-margin-list=1.0,1.5,2.0,2.5,3.0,3.5,4.0,4.5,5.0', '-log-level=WARNING']
2023-11-26 20:42:31;UNIUSDT;30m;3.5;250;30;80;100.0;5;132.77;['-batch-training', '-calc-rsi', '-verbose', '-prediction-mode=index', '-interval-list=30m', '-range-min-rsi=28', '-range-max-rsi=80', '-range-p-ema=50,250', '-target-margin-list=1.0,1.5,2.0,2.5,3.0,3.5,4.0,4.5,5.0', '-log-level=WARNING']
2023-11-26 20:05:04;UNIUSDT;30m;3.5;175;30;80;100.0;7;132.77;['-batch-training', '-calc-rsi', '-verbose', '-prediction-mode=index', '-interval-list=30m', '-range-min-rsi=28', '-range-max-rsi=80', '-range-p-ema=50,250', '-target-margin-list=1.0,1.5,2.0,2.5,3.0,3.5,4.0,4.5,5.0', '-log-level=WARNING']
2023-11-26 20:16:11;UNIUSDT;30m;3.5;200;30;80;100.0;6;132.77;['-batch-training', '-calc-rsi', '-verbose', '-prediction-mode=index', '-interval-list=30m', '-range-min-rsi=28', '-range-max-rsi=80', '-range-p-ema=50,250', '-target-margin-list=1.0,1.5,2.0,2.5,3.0,3.5,4.0,4.5,5.0', '-log-level=WARNING']
2023-11-26 19:54:57;UNIUSDT;30m;3.5;150;30;80;100.0;5;132.77;['-batch-training', '-calc-rsi', '-verbose', '-prediction-mode=index', '-interval-list=30m', '-range-min-rsi=28', '-range-max-rsi=80', '-range-p-ema=50,250', '-target-margin-list=1.0,1.5,2.0,2.5,3.0,3.5,4.0,4.5,5.0', '-log-level=WARNING']
2023-11-26 20:42:31;UNIUSDT;30m;3.5;250;30;80;100.0;6;132.77;['-batch-training', '-calc-rsi', '-verbose', '-prediction-mode=index', '-interval-list=30m', '-range-min-rsi=28', '-range-max-rsi=80', '-range-p-ema=50,250', '-target-margin-list=1.0,1.5,2.0,2.5,3.0,3.5,4.0,4.5,5.0', '-log-level=WARNING']
2023-11-26 19:54:56;UNIUSDT;30m;3.5;150;30;80;100.0;7;132.77;['-batch-training', '-calc-rsi', '-verbose', '-prediction-mode=index', '-interval-list=30m', '-range-min-rsi=28', '-range-max-rsi=80', '-range-p-ema=50,250', '-target-margin-list=1.0,1.5,2.0,2.5,3.0,3.5,4.0,4.5,5.0', '-log-level=WARNING']
2023-11-26 20:16:11;UNIUSDT;30m;3.5;200;30;80;100.0;7;132.77;['-batch-training', '-calc-rsi', '-verbose', '-prediction-mode=index', '-interval-list=30m', '-range-min-rsi=28', '-range-max-rsi=80', '-range-p-ema=50,250', '-target-margin-list=1.0,1.5,2.0,2.5,3.0,3.5,4.0,4.5,5.0', '-log-level=WARNING']
2023-11-26 20:05:04;UNIUSDT;30m;3.5;175;30;80;100.0;5;132.77;['-batch-training', '-calc-rsi', '-verbose', '-prediction-mode=index', '-interval-list=30m', '-range-min-rsi=28', '-range-max-rsi=80', '-range-p-ema=50,250', '-target-margin-list=1.0,1.5,2.0,2.5,3.0,3.5,4.0,4.5,5.0', '-log-level=WARNING']
2023-11-26 20:42:31;UNIUSDT;30m;3.5;250;30;80;100.0;7;132.77;['-batch-training', '-calc-rsi', '-verbose', '-prediction-mode=index', '-interval-list=30m', '-range-min-rsi=28', '-range-max-rsi=80', '-range-p-ema=50,250', '-target-margin-list=1.0,1.5,2.0,2.5,3.0,3.5,4.0,4.5,5.0', '-log-level=WARNING']
2023-11-26 20:16:11;UNIUSDT;30m;3.5;200;30;80;100.0;5;132.77;['-batch-training', '-calc-rsi', '-verbose', '-prediction-mode=index', '-interval-list=30m', '-range-min-rsi=28', '-range-max-rsi=80', '-range-p-ema=50,250', '-target-margin-list=1.0,1.5,2.0,2.5,3.0,3.5,4.0,4.5,5.0', '-log-level=WARNING']
2023-11-26 21:12:38;UNIUSDT;30m;3.5;75;30;80;100.0;5;132.77;['-batch-training', '-calc-rsi', '-verbose', '-prediction-mode=index', '-interval-list=30m', '-range-min-rsi=28', '-range-max-rsi=80', '-range-p-ema=50,250', '-target-margin-list=1.0,1.5,2.0,2.5,3.0,3.5,4.0,4.5,5.0', '-log-level=WARNING']
2023-11-26 19:54:56;UNIUSDT;30m;3.5;150;30;80;100.0;6;132.77;['-batch-training', '-calc-rsi', '-verbose', '-prediction-mode=index', '-interval-list=30m', '-range-min-rsi=28', '-range-max-rsi=80', '-range-p-ema=50,250', '-target-margin-list=1.0,1.5,2.0,2.5,3.0,3.5,4.0,4.5,5.0', '-log-level=WARNING']
2023-11-26 20:27:09;UNIUSDT;30m;3.0;225;36;76;100.0;3;132.8;['-batch-training', '-calc-rsi', '-verbose', '-prediction-mode=index', '-interval-list=30m', '-range-min-rsi=28', '-range-max-rsi=80', '-range-p-ema=50,250', '-target-margin-list=1.0,1.5,2.0,2.5,3.0,3.5,4.0,4.5,5.0', '-log-level=WARNING']
2023-11-26 20:06:42;UNIUSDT;30m;4.5;175;34;74;100.0;2;132.82;['-batch-training', '-calc-rsi', '-verbose', '-prediction-mode=index', '-interval-list=30m', '-range-min-rsi=28', '-range-max-rsi=80', '-range-p-ema=50,250', '-target-margin-list=1.0,1.5,2.0,2.5,3.0,3.5,4.0,4.5,5.0', '-log-level=WARNING']
2023-11-26 19:56:38;UNIUSDT;30m;4.5;150;34;74;100.0;2;132.82;['-batch-training', '-calc-rsi', '-verbose', '-prediction-mode=index', '-interval-list=30m', '-range-min-rsi=28', '-range-max-rsi=80', '-range-p-ema=50,250', '-target-margin-list=1.0,1.5,2.0,2.5,3.0,3.5,4.0,4.5,5.0', '-log-level=WARNING']
2023-11-26 19:56:51;UNIUSDT;30m;4.5;150;34;76;100.0;2;132.82;['-batch-training', '-calc-rsi', '-verbose', '-prediction-mode=index', '-interval-list=30m', '-range-min-rsi=28', '-range-max-rsi=80', '-range-p-ema=50,250', '-target-margin-list=1.0,1.5,2.0,2.5,3.0,3.5,4.0,4.5,5.0', '-log-level=WARNING']
2023-11-26 20:18:29;UNIUSDT;30m;4.5;200;34;76;100.0;2;132.82;['-batch-training', '-calc-rsi', '-verbose', '-prediction-mode=index', '-interval-list=30m', '-range-min-rsi=28', '-range-max-rsi=80', '-range-p-ema=50,250', '-target-margin-list=1.0,1.5,2.0,2.5,3.0,3.5,4.0,4.5,5.0', '-log-level=WARNING']
2023-11-26 20:06:55;UNIUSDT;30m;4.5;175;34;76;100.0;2;132.82;['-batch-training', '-calc-rsi', '-verbose', '-prediction-mode=index', '-interval-list=30m', '-range-min-rsi=28', '-range-max-rsi=80', '-range-p-ema=50,250', '-target-margin-list=1.0,1.5,2.0,2.5,3.0,3.5,4.0,4.5,5.0', '-log-level=WARNING']
2023-11-26 20:18:13;UNIUSDT;30m;4.5;200;34;74;100.0;2;132.82;['-batch-training', '-calc-rsi', '-verbose', '-prediction-mode=index', '-interval-list=30m', '-range-min-rsi=28', '-range-max-rsi=80', '-range-p-ema=50,250', '-target-margin-list=1.0,1.5,2.0,2.5,3.0,3.5,4.0,4.5,5.0', '-log-level=WARNING']
2023-11-26 20:13:32;UNIUSDT;30m;2.5;200;32;80;100.0;7;132.85;['-batch-training', '-calc-rsi', '-verbose', '-prediction-mode=index', '-interval-list=30m', '-range-min-rsi=28', '-range-max-rsi=80', '-range-p-ema=50,250', '-target-margin-list=1.0,1.5,2.0,2.5,3.0,3.5,4.0,4.5,5.0', '-log-level=WARNING']
2023-11-26 19:52:43;UNIUSDT;30m;2.5;150;32;80;100.0;7;132.85;['-batch-training', '-calc-rsi', '-verbose', '-prediction-mode=index', '-interval-list=30m', '-range-min-rsi=28', '-range-max-rsi=80', '-range-p-ema=50,250', '-target-margin-list=1.0,1.5,2.0,2.5,3.0,3.5,4.0,4.5,5.0', '-log-level=WARNING']
2023-11-26 20:02:55;UNIUSDT;30m;2.5;175;32;80;100.0;7;132.85;['-batch-training', '-calc-rsi', '-verbose', '-prediction-mode=index', '-interval-list=30m', '-range-min-rsi=28', '-range-max-rsi=80', '-range-p-ema=50,250', '-target-margin-list=1.0,1.5,2.0,2.5,3.0,3.5,4.0,4.5,5.0', '-log-level=WARNING']
2023-11-26 20:39:30;UNIUSDT;30m;2.5;250;32;80;100.0;7;132.85;['-batch-training', '-calc-rsi', '-verbose', '-prediction-mode=index', '-interval-list=30m', '-range-min-rsi=28', '-range-max-rsi=80', '-range-p-ema=50,250', '-target-margin-list=1.0,1.5,2.0,2.5,3.0,3.5,4.0,4.5,5.0', '-log-level=WARNING']
2023-11-26 20:26:10;UNIUSDT;30m;2.5;225;32;80;100.0;7;132.85;['-batch-training', '-calc-rsi', '-verbose', '-prediction-mode=index', '-interval-list=30m', '-range-min-rsi=28', '-range-max-rsi=80', '-range-p-ema=50,250', '-target-margin-list=1.0,1.5,2.0,2.5,3.0,3.5,4.0,4.5,5.0', '-log-level=WARNING']
2023-11-26 20:27:55;UNIUSDT;30m;3.5;225;32;72;100.0;5;132.86;['-batch-training', '-calc-rsi', '-verbose', '-prediction-mode=index', '-interval-list=30m', '-range-min-rsi=28', '-range-max-rsi=80', '-range-p-ema=50,250', '-target-margin-list=1.0,1.5,2.0,2.5,3.0,3.5,4.0,4.5,5.0', '-log-level=WARNING']
2023-11-26 20:15:09;UNIUSDT;30m;3.5;200;32;72;100.0;5;132.86;['-batch-training', '-calc-rsi', '-verbose', '-prediction-mode=index', '-interval-list=30m', '-range-min-rsi=28', '-range-max-rsi=80', '-range-p-ema=50,250', '-target-margin-list=1.0,1.5,2.0,2.5,3.0,3.5,4.0,4.5,5.0', '-log-level=WARNING']
2023-11-26 19:54:05;UNIUSDT;30m;3.5;150;32;72;100.0;5;132.86;['-batch-training', '-calc-rsi', '-verbose', '-prediction-mode=index', '-interval-list=30m', '-range-min-rsi=28', '-range-max-rsi=80', '-range-p-ema=50,250', '-target-margin-list=1.0,1.5,2.0,2.5,3.0,3.5,4.0,4.5,5.0', '-log-level=WARNING']
2023-11-26 20:04:13;UNIUSDT;30m;3.5;175;32;72;100.0;5;132.86;['-batch-training', '-calc-rsi', '-verbose', '-prediction-mode=index', '-interval-list=30m', '-range-min-rsi=28', '-range-max-rsi=80', '-range-p-ema=50,250', '-target-margin-list=1.0,1.5,2.0,2.5,3.0,3.5,4.0,4.5,5.0', '-log-level=WARNING']
2023-11-26 20:28:54;UNIUSDT;30m;3.5;225;36;78;100.0;2;132.9;['-batch-training', '-calc-rsi', '-verbose', '-prediction-mode=index', '-interval-list=30m', '-range-min-rsi=28', '-range-max-rsi=80', '-range-p-ema=50,250', '-target-margin-list=1.0,1.5,2.0,2.5,3.0,3.5,4.0,4.5,5.0', '-log-level=WARNING']
2023-11-26 19:33:17;UNIUSDT;30m;4.0;100;34;78;100.0;3;132.96;['-batch-training', '-calc-rsi', '-verbose', '-prediction-mode=index', '-interval-list=30m', '-range-min-rsi=28', '-range-max-rsi=80', '-range-p-ema=50,250', '-target-margin-list=1.0,1.5,2.0,2.5,3.0,3.5,4.0,4.5,5.0', '-log-level=WARNING']
2023-11-26 19:44:48;UNIUSDT;30m;4.0;125;34;78;100.0;3;132.96;['-batch-training', '-calc-rsi', '-verbose', '-prediction-mode=index', '-interval-list=30m', '-range-min-rsi=28', '-range-max-rsi=80', '-range-p-ema=50,250', '-target-margin-list=1.0,1.5,2.0,2.5,3.0,3.5,4.0,4.5,5.0', '-log-level=WARNING']
2023-11-26 21:14:06;UNIUSDT;30m;4.0;75;34;78;100.0;3;132.96;['-batch-training', '-calc-rsi', '-verbose', '-prediction-mode=index', '-interval-list=30m', '-range-min-rsi=28', '-range-max-rsi=80', '-range-p-ema=50,250', '-target-margin-list=1.0,1.5,2.0,2.5,3.0,3.5,4.0,4.5,5.0', '-log-level=WARNING']
2023-11-26 20:58:23;UNIUSDT;30m;4.0;50;34;78;100.0;3;132.96;['-batch-training', '-calc-rsi', '-verbose', '-prediction-mode=index', '-interval-list=30m', '-range-min-rsi=28', '-range-max-rsi=80', '-range-p-ema=50,250', '-target-margin-list=1.0,1.5,2.0,2.5,3.0,3.5,4.0,4.5,5.0', '-log-level=WARNING']
2023-11-26 20:49:35;UNIUSDT;30m;1.5;50;36;74;100.0;6;133.06;['-batch-training', '-calc-rsi', '-verbose', '-prediction-mode=index', '-interval-list=30m', '-range-min-rsi=28', '-range-max-rsi=80', '-range-p-ema=50,250', '-target-margin-list=1.0,1.5,2.0,2.5,3.0,3.5,4.0,4.5,5.0', '-log-level=WARNING']
2023-11-26 19:37:58;UNIUSDT;30m;1.5;125;36;74;100.0;6;133.06;['-batch-training', '-calc-rsi', '-verbose', '-prediction-mode=index', '-interval-list=30m', '-range-min-rsi=28', '-range-max-rsi=80', '-range-p-ema=50,250', '-target-margin-list=1.0,1.5,2.0,2.5,3.0,3.5,4.0,4.5,5.0', '-log-level=WARNING']
2023-11-26 21:04:35;UNIUSDT;30m;1.5;75;36;74;100.0;6;133.06;['-batch-training', '-calc-rsi', '-verbose', '-prediction-mode=index', '-interval-list=30m', '-range-min-rsi=28', '-range-max-rsi=80', '-range-p-ema=50,250', '-target-margin-list=1.0,1.5,2.0,2.5,3.0,3.5,4.0,4.5,5.0', '-log-level=WARNING']
2023-11-26 19:26:29;UNIUSDT;30m;1.5;100;36;74;100.0;6;133.06;['-batch-training', '-calc-rsi', '-verbose', '-prediction-mode=index', '-interval-list=30m', '-range-min-rsi=28', '-range-max-rsi=80', '-range-p-ema=50,250', '-target-margin-list=1.0,1.5,2.0,2.5,3.0,3.5,4.0,4.5,5.0', '-log-level=WARNING']
2023-11-26 20:46:25;UNIUSDT;30m;5.0;250;36;74;100.0;7;133.08;['-batch-training', '-calc-rsi', '-verbose', '-prediction-mode=index', '-interval-list=30m', '-range-min-rsi=28', '-range-max-rsi=80', '-range-p-ema=50,250', '-target-margin-list=1.0,1.5,2.0,2.5,3.0,3.5,4.0,4.5,5.0', '-log-level=WARNING']
2023-11-26 20:46:25;UNIUSDT;30m;5.0;250;36;74;100.0;6;133.08;['-batch-training', '-calc-rsi', '-verbose', '-prediction-mode=index', '-interval-list=30m', '-range-min-rsi=28', '-range-max-rsi=80', '-range-p-ema=50,250', '-target-margin-list=1.0,1.5,2.0,2.5,3.0,3.5,4.0,4.5,5.0', '-log-level=WARNING']
2023-11-26 20:46:25;UNIUSDT;30m;5.0;250;36;74;100.0;5;133.08;['-batch-training', '-calc-rsi', '-verbose', '-prediction-mode=index', '-interval-list=30m', '-range-min-rsi=28', '-range-max-rsi=80', '-range-p-ema=50,250', '-target-margin-list=1.0,1.5,2.0,2.5,3.0,3.5,4.0,4.5,5.0', '-log-level=WARNING']
2023-11-26 20:46:25;UNIUSDT;30m;5.0;250;36;74;100.0;4;133.08;['-batch-training', '-calc-rsi', '-verbose', '-prediction-mode=index', '-interval-list=30m', '-range-min-rsi=28', '-range-max-rsi=80', '-range-p-ema=50,250', '-target-margin-list=1.0,1.5,2.0,2.5,3.0,3.5,4.0,4.5,5.0', '-log-level=WARNING']
2023-11-26 20:32:43;UNIUSDT;30m;5.0;225;36;74;100.0;4;133.08;['-batch-training', '-calc-rsi', '-verbose', '-prediction-mode=index', '-interval-list=30m', '-range-min-rsi=28', '-range-max-rsi=80', '-range-p-ema=50,250', '-target-margin-list=1.0,1.5,2.0,2.5,3.0,3.5,4.0,4.5,5.0', '-log-level=WARNING']
2023-11-26 20:32:43;UNIUSDT;30m;5.0;225;36;74;100.0;7;133.08;['-batch-training', '-calc-rsi', '-verbose', '-prediction-mode=index', '-interval-list=30m', '-range-min-rsi=28', '-range-max-rsi=80', '-range-p-ema=50,250', '-target-margin-list=1.0,1.5,2.0,2.5,3.0,3.5,4.0,4.5,5.0', '-log-level=WARNING']
2023-11-26 20:32:43;UNIUSDT;30m;5.0;225;36;74;100.0;6;133.08;['-batch-training', '-calc-rsi', '-verbose', '-prediction-mode=index', '-interval-list=30m', '-range-min-rsi=28', '-range-max-rsi=80', '-range-p-ema=50,250', '-target-margin-list=1.0,1.5,2.0,2.5,3.0,3.5,4.0,4.5,5.0', '-log-level=WARNING']
2023-11-26 20:32:42;UNIUSDT;30m;5.0;225;36;74;100.0;5;133.08;['-batch-training', '-calc-rsi', '-verbose', '-prediction-mode=index', '-interval-list=30m', '-range-min-rsi=28', '-range-max-rsi=80', '-range-p-ema=50,250', '-target-margin-list=1.0,1.5,2.0,2.5,3.0,3.5,4.0,4.5,5.0', '-log-level=WARNING']
2023-11-26 20:47:21;UNIUSDT;30m;5.0;250;36;80;100.0;7;133.08;['-batch-training', '-calc-rsi', '-verbose', '-prediction-mode=index', '-interval-list=30m', '-range-min-rsi=28', '-range-max-rsi=80', '-range-p-ema=50,250', '-target-margin-list=1.0,1.5,2.0,2.5,3.0,3.5,4.0,4.5,5.0', '-log-level=WARNING']
2023-11-26 20:47:21;UNIUSDT;30m;5.0;250;36;80;100.0;6;133.08;['-batch-training', '-calc-rsi', '-verbose', '-prediction-mode=index', '-interval-list=30m', '-range-min-rsi=28', '-range-max-rsi=80', '-range-p-ema=50,250', '-target-margin-list=1.0,1.5,2.0,2.5,3.0,3.5,4.0,4.5,5.0', '-log-level=WARNING']
2023-11-26 20:47:21;UNIUSDT;30m;5.0;250;36;80;100.0;5;133.08;['-batch-training', '-calc-rsi', '-verbose', '-prediction-mode=index', '-interval-list=30m', '-range-min-rsi=28', '-range-max-rsi=80', '-range-p-ema=50,250', '-target-margin-list=1.0,1.5,2.0,2.5,3.0,3.5,4.0,4.5,5.0', '-log-level=WARNING']
2023-11-26 20:47:03;UNIUSDT;30m;5.0;250;36;78;100.0;4;133.08;['-batch-training', '-calc-rsi', '-verbose', '-prediction-mode=index', '-interval-list=30m', '-range-min-rsi=28', '-range-max-rsi=80', '-range-p-ema=50,250', '-target-margin-list=1.0,1.5,2.0,2.5,3.0,3.5,4.0,4.5,5.0', '-log-level=WARNING']
2023-11-26 20:47:03;UNIUSDT;30m;5.0;250;36;78;100.0;7;133.08;['-batch-training', '-calc-rsi', '-verbose', '-prediction-mode=index', '-interval-list=30m', '-range-min-rsi=28', '-range-max-rsi=80', '-range-p-ema=50,250', '-target-margin-list=1.0,1.5,2.0,2.5,3.0,3.5,4.0,4.5,5.0', '-log-level=WARNING']
2023-11-26 20:47:21;UNIUSDT;30m;5.0;250;36;80;100.0;4;133.08;['-batch-training', '-calc-rsi', '-verbose', '-prediction-mode=index', '-interval-list=30m', '-range-min-rsi=28', '-range-max-rsi=80', '-range-p-ema=50,250', '-target-margin-list=1.0,1.5,2.0,2.5,3.0,3.5,4.0,4.5,5.0', '-log-level=WARNING']
2023-11-26 20:47:03;UNIUSDT;30m;5.0;250;36;78;100.0;6;133.08;['-batch-training', '-calc-rsi', '-verbose', '-prediction-mode=index', '-interval-list=30m', '-range-min-rsi=28', '-range-max-rsi=80', '-range-p-ema=50,250', '-target-margin-list=1.0,1.5,2.0,2.5,3.0,3.5,4.0,4.5,5.0', '-log-level=WARNING']
2023-11-26 20:32:59;UNIUSDT;30m;5.0;225;36;76;100.0;4;133.08;['-batch-training', '-calc-rsi', '-verbose', '-prediction-mode=index', '-interval-list=30m', '-range-min-rsi=28', '-range-max-rsi=80', '-range-p-ema=50,250', '-target-margin-list=1.0,1.5,2.0,2.5,3.0,3.5,4.0,4.5,5.0', '-log-level=WARNING']
2023-11-26 20:32:59;UNIUSDT;30m;5.0;225;36;76;100.0;5;133.08;['-batch-training', '-calc-rsi', '-verbose', '-prediction-mode=index', '-interval-list=30m', '-range-min-rsi=28', '-range-max-rsi=80', '-range-p-ema=50,250', '-target-margin-list=1.0,1.5,2.0,2.5,3.0,3.5,4.0,4.5,5.0', '-log-level=WARNING']
2023-11-26 20:47:03;UNIUSDT;30m;5.0;250;36;78;100.0;5;133.08;['-batch-training', '-calc-rsi', '-verbose', '-prediction-mode=index', '-interval-list=30m', '-range-min-rsi=28', '-range-max-rsi=80', '-range-p-ema=50,250', '-target-margin-list=1.0,1.5,2.0,2.5,3.0,3.5,4.0,4.5,5.0', '-log-level=WARNING']
2023-11-26 20:32:59;UNIUSDT;30m;5.0;225;36;76;100.0;6;133.08;['-batch-training', '-calc-rsi', '-verbose', '-prediction-mode=index', '-interval-list=30m', '-range-min-rsi=28', '-range-max-rsi=80', '-range-p-ema=50,250', '-target-margin-list=1.0,1.5,2.0,2.5,3.0,3.5,4.0,4.5,5.0', '-log-level=WARNING']
2023-11-26 20:33:18;UNIUSDT;30m;5.0;225;36;78;100.0;7;133.08;['-batch-training', '-calc-rsi', '-verbose', '-prediction-mode=index', '-interval-list=30m', '-range-min-rsi=28', '-range-max-rsi=80', '-range-p-ema=50,250', '-target-margin-list=1.0,1.5,2.0,2.5,3.0,3.5,4.0,4.5,5.0', '-log-level=WARNING']
2023-11-26 20:33:18;UNIUSDT;30m;5.0;225;36;78;100.0;6;133.08;['-batch-training', '-calc-rsi', '-verbose', '-prediction-mode=index', '-interval-list=30m', '-range-min-rsi=28', '-range-max-rsi=80', '-range-p-ema=50,250', '-target-margin-list=1.0,1.5,2.0,2.5,3.0,3.5,4.0,4.5,5.0', '-log-level=WARNING']
2023-11-26 20:33:17;UNIUSDT;30m;5.0;225;36;78;100.0;4;133.08;['-batch-training', '-calc-rsi', '-verbose', '-prediction-mode=index', '-interval-list=30m', '-range-min-rsi=28', '-range-max-rsi=80', '-range-p-ema=50,250', '-target-margin-list=1.0,1.5,2.0,2.5,3.0,3.5,4.0,4.5,5.0', '-log-level=WARNING']
2023-11-26 20:46:44;UNIUSDT;30m;5.0;250;36;76;100.0;7;133.08;['-batch-training', '-calc-rsi', '-verbose', '-prediction-mode=index', '-interval-list=30m', '-range-min-rsi=28', '-range-max-rsi=80', '-range-p-ema=50,250', '-target-margin-list=1.0,1.5,2.0,2.5,3.0,3.5,4.0,4.5,5.0', '-log-level=WARNING']
2023-11-26 20:46:44;UNIUSDT;30m;5.0;250;36;76;100.0;5;133.08;['-batch-training', '-calc-rsi', '-verbose', '-prediction-mode=index', '-interval-list=30m', '-range-min-rsi=28', '-range-max-rsi=80', '-range-p-ema=50,250', '-target-margin-list=1.0,1.5,2.0,2.5,3.0,3.5,4.0,4.5,5.0', '-log-level=WARNING']
2023-11-26 20:32:59;UNIUSDT;30m;5.0;225;36;76;100.0;7;133.08;['-batch-training', '-calc-rsi', '-verbose', '-prediction-mode=index', '-interval-list=30m', '-range-min-rsi=28', '-range-max-rsi=80', '-range-p-ema=50,250', '-target-margin-list=1.0,1.5,2.0,2.5,3.0,3.5,4.0,4.5,5.0', '-log-level=WARNING']
2023-11-26 20:46:44;UNIUSDT;30m;5.0;250;36;76;100.0;4;133.08;['-batch-training', '-calc-rsi', '-verbose', '-prediction-mode=index', '-interval-list=30m', '-range-min-rsi=28', '-range-max-rsi=80', '-range-p-ema=50,250', '-target-margin-list=1.0,1.5,2.0,2.5,3.0,3.5,4.0,4.5,5.0', '-log-level=WARNING']
2023-11-26 20:33:36;UNIUSDT;30m;5.0;225;36;80;100.0;4;133.08;['-batch-training', '-calc-rsi', '-verbose', '-prediction-mode=index', '-interval-list=30m', '-range-min-rsi=28', '-range-max-rsi=80', '-range-p-ema=50,250', '-target-margin-list=1.0,1.5,2.0,2.5,3.0,3.5,4.0,4.5,5.0', '-log-level=WARNING']
2023-11-26 20:33:36;UNIUSDT;30m;5.0;225;36;80;100.0;5;133.08;['-batch-training', '-calc-rsi', '-verbose', '-prediction-mode=index', '-interval-list=30m', '-range-min-rsi=28', '-range-max-rsi=80', '-range-p-ema=50,250', '-target-margin-list=1.0,1.5,2.0,2.5,3.0,3.5,4.0,4.5,5.0', '-log-level=WARNING']
2023-11-26 20:46:44;UNIUSDT;30m;5.0;250;36;76;100.0;6;133.08;['-batch-training', '-calc-rsi', '-verbose', '-prediction-mode=index', '-interval-list=30m', '-range-min-rsi=28', '-range-max-rsi=80', '-range-p-ema=50,250', '-target-margin-list=1.0,1.5,2.0,2.5,3.0,3.5,4.0,4.5,5.0', '-log-level=WARNING']
2023-11-26 20:33:18;UNIUSDT;30m;5.0;225;36;78;100.0;5;133.08;['-batch-training', '-calc-rsi', '-verbose', '-prediction-mode=index', '-interval-list=30m', '-range-min-rsi=28', '-range-max-rsi=80', '-range-p-ema=50,250', '-target-margin-list=1.0,1.5,2.0,2.5,3.0,3.5,4.0,4.5,5.0', '-log-level=WARNING']
2023-11-26 20:33:36;UNIUSDT;30m;5.0;225;36;80;100.0;6;133.08;['-batch-training', '-calc-rsi', '-verbose', '-prediction-mode=index', '-interval-list=30m', '-range-min-rsi=28', '-range-max-rsi=80', '-range-p-ema=50,250', '-target-margin-list=1.0,1.5,2.0,2.5,3.0,3.5,4.0,4.5,5.0', '-log-level=WARNING']
2023-11-26 20:33:36;UNIUSDT;30m;5.0;225;36;80;100.0;7;133.08;['-batch-training', '-calc-rsi', '-verbose', '-prediction-mode=index', '-interval-list=30m', '-range-min-rsi=28', '-range-max-rsi=80', '-range-p-ema=50,250', '-target-margin-list=1.0,1.5,2.0,2.5,3.0,3.5,4.0,4.5,5.0', '-log-level=WARNING']
2023-11-26 20:27:06;UNIUSDT;30m;3.0;225;34;76;100.0;3;133.09;['-batch-training', '-calc-rsi', '-verbose', '-prediction-mode=index', '-interval-list=30m', '-range-min-rsi=28', '-range-max-rsi=80', '-range-p-ema=50,250', '-target-margin-list=1.0,1.5,2.0,2.5,3.0,3.5,4.0,4.5,5.0', '-log-level=WARNING']
2023-11-26 20:04:03;UNIUSDT;30m;3.0;175;34;80;100.0;3;133.12;['-batch-training', '-calc-rsi', '-verbose', '-prediction-mode=index', '-interval-list=30m', '-range-min-rsi=28', '-range-max-rsi=80', '-range-p-ema=50,250', '-target-margin-list=1.0,1.5,2.0,2.5,3.0,3.5,4.0,4.5,5.0', '-log-level=WARNING']
2023-11-26 19:50:32;UNIUSDT;30m;2.0;150;36;72;100.0;6;133.14;['-batch-training', '-calc-rsi', '-verbose', '-prediction-mode=index', '-interval-list=30m', '-range-min-rsi=28', '-range-max-rsi=80', '-range-p-ema=50,250', '-target-margin-list=1.0,1.5,2.0,2.5,3.0,3.5,4.0,4.5,5.0', '-log-level=WARNING']
2023-11-26 20:56:43;UNIUSDT;30m;3.5;50;34;78;100.0;2;133.17;['-batch-training', '-calc-rsi', '-verbose', '-prediction-mode=index', '-interval-list=30m', '-range-min-rsi=28', '-range-max-rsi=80', '-range-p-ema=50,250', '-target-margin-list=1.0,1.5,2.0,2.5,3.0,3.5,4.0,4.5,5.0', '-log-level=WARNING']
2023-11-26 21:12:26;UNIUSDT;30m;3.5;75;34;78;100.0;2;133.17;['-batch-training', '-calc-rsi', '-verbose', '-prediction-mode=index', '-interval-list=30m', '-range-min-rsi=28', '-range-max-rsi=80', '-range-p-ema=50,250', '-target-margin-list=1.0,1.5,2.0,2.5,3.0,3.5,4.0,4.5,5.0', '-log-level=WARNING']
2023-11-26 19:32:03;UNIUSDT;30m;3.5;100;34;78;100.0;2;133.17;['-batch-training', '-calc-rsi', '-verbose', '-prediction-mode=index', '-interval-list=30m', '-range-min-rsi=28', '-range-max-rsi=80', '-range-p-ema=50,250', '-target-margin-list=1.0,1.5,2.0,2.5,3.0,3.5,4.0,4.5,5.0', '-log-level=WARNING']
2023-11-26 19:43:33;UNIUSDT;30m;3.5;125;34;78;100.0;2;133.17;['-batch-training', '-calc-rsi', '-verbose', '-prediction-mode=index', '-interval-list=30m', '-range-min-rsi=28', '-range-max-rsi=80', '-range-p-ema=50,250', '-target-margin-list=1.0,1.5,2.0,2.5,3.0,3.5,4.0,4.5,5.0', '-log-level=WARNING']
2023-11-26 19:40:12;UNIUSDT;30m;2.5;125;32;72;100.0;3;133.28;['-batch-training', '-calc-rsi', '-verbose', '-prediction-mode=index', '-interval-list=30m', '-range-min-rsi=28', '-range-max-rsi=80', '-range-p-ema=50,250', '-target-margin-list=1.0,1.5,2.0,2.5,3.0,3.5,4.0,4.5,5.0', '-log-level=WARNING']
2023-11-26 20:52:23;UNIUSDT;30m;2.5;50;32;72;100.0;3;133.28;['-batch-training', '-calc-rsi', '-verbose', '-prediction-mode=index', '-interval-list=30m', '-range-min-rsi=28', '-range-max-rsi=80', '-range-p-ema=50,250', '-target-margin-list=1.0,1.5,2.0,2.5,3.0,3.5,4.0,4.5,5.0', '-log-level=WARNING']
2023-11-26 19:28:44;UNIUSDT;30m;2.5;100;32;72;100.0;3;133.28;['-batch-training', '-calc-rsi', '-verbose', '-prediction-mode=index', '-interval-list=30m', '-range-min-rsi=28', '-range-max-rsi=80', '-range-p-ema=50,250', '-target-margin-list=1.0,1.5,2.0,2.5,3.0,3.5,4.0,4.5,5.0', '-log-level=WARNING']
2023-11-26 21:07:42;UNIUSDT;30m;2.5;75;32;72;100.0;3;133.28;['-batch-training', '-calc-rsi', '-verbose', '-prediction-mode=index', '-interval-list=30m', '-range-min-rsi=28', '-range-max-rsi=80', '-range-p-ema=50,250', '-target-margin-list=1.0,1.5,2.0,2.5,3.0,3.5,4.0,4.5,5.0', '-log-level=WARNING']
2023-11-26 20:11:31;UNIUSDT;30m;2.0;200;36;74;100.0;4;133.39;['-batch-training', '-calc-rsi', '-verbose', '-prediction-mode=index', '-interval-list=30m', '-range-min-rsi=28', '-range-max-rsi=80', '-range-p-ema=50,250', '-target-margin-list=1.0,1.5,2.0,2.5,3.0,3.5,4.0,4.5,5.0', '-log-level=WARNING']
2023-11-26 20:57:43;UNIUSDT;30m;4.0;50;34;74;100.0;3;133.44;['-batch-training', '-calc-rsi', '-verbose', '-prediction-mode=index', '-interval-list=30m', '-range-min-rsi=28', '-range-max-rsi=80', '-range-p-ema=50,250', '-target-margin-list=1.0,1.5,2.0,2.5,3.0,3.5,4.0,4.5,5.0', '-log-level=WARNING']
2023-11-26 19:44:34;UNIUSDT;30m;4.0;125;34;76;100.0;3;133.44;['-batch-training', '-calc-rsi', '-verbose', '-prediction-mode=index', '-interval-list=30m', '-range-min-rsi=28', '-range-max-rsi=80', '-range-p-ema=50,250', '-target-margin-list=1.0,1.5,2.0,2.5,3.0,3.5,4.0,4.5,5.0', '-log-level=WARNING']
2023-11-26 21:13:50;UNIUSDT;30m;4.0;75;34;76;100.0;3;133.44;['-batch-training', '-calc-rsi', '-verbose', '-prediction-mode=index', '-interval-list=30m', '-range-min-rsi=28', '-range-max-rsi=80', '-range-p-ema=50,250', '-target-margin-list=1.0,1.5,2.0,2.5,3.0,3.5,4.0,4.5,5.0', '-log-level=WARNING']
2023-11-26 21:13:31;UNIUSDT;30m;4.0;75;34;74;100.0;3;133.44;['-batch-training', '-calc-rsi', '-verbose', '-prediction-mode=index', '-interval-list=30m', '-range-min-rsi=28', '-range-max-rsi=80', '-range-p-ema=50,250', '-target-margin-list=1.0,1.5,2.0,2.5,3.0,3.5,4.0,4.5,5.0', '-log-level=WARNING']
2023-11-26 19:44:18;UNIUSDT;30m;4.0;125;34;74;100.0;3;133.44;['-batch-training', '-calc-rsi', '-verbose', '-prediction-mode=index', '-interval-list=30m', '-range-min-rsi=28', '-range-max-rsi=80', '-range-p-ema=50,250', '-target-margin-list=1.0,1.5,2.0,2.5,3.0,3.5,4.0,4.5,5.0', '-log-level=WARNING']
2023-11-26 20:58:03;UNIUSDT;30m;4.0;50;34;76;100.0;3;133.44;['-batch-training', '-calc-rsi', '-verbose', '-prediction-mode=index', '-interval-list=30m', '-range-min-rsi=28', '-range-max-rsi=80', '-range-p-ema=50,250', '-target-margin-list=1.0,1.5,2.0,2.5,3.0,3.5,4.0,4.5,5.0', '-log-level=WARNING']
2023-11-26 19:33:02;UNIUSDT;30m;4.0;100;34;76;100.0;3;133.44;['-batch-training', '-calc-rsi', '-verbose', '-prediction-mode=index', '-interval-list=30m', '-range-min-rsi=28', '-range-max-rsi=80', '-range-p-ema=50,250', '-target-margin-list=1.0,1.5,2.0,2.5,3.0,3.5,4.0,4.5,5.0', '-log-level=WARNING']
2023-11-26 19:32:47;UNIUSDT;30m;4.0;100;34;74;100.0;3;133.44;['-batch-training', '-calc-rsi', '-verbose', '-prediction-mode=index', '-interval-list=30m', '-range-min-rsi=28', '-range-max-rsi=80', '-range-p-ema=50,250', '-target-margin-list=1.0,1.5,2.0,2.5,3.0,3.5,4.0,4.5,5.0', '-log-level=WARNING']
2023-11-26 20:08:14;UNIUSDT;30m;5.0;175;34;78;100.0;2;133.48;['-batch-training', '-calc-rsi', '-verbose', '-prediction-mode=index', '-interval-list=30m', '-range-min-rsi=28', '-range-max-rsi=80', '-range-p-ema=50,250', '-target-margin-list=1.0,1.5,2.0,2.5,3.0,3.5,4.0,4.5,5.0', '-log-level=WARNING']
2023-11-26 20:20:10;UNIUSDT;30m;5.0;200;34;78;100.0;2;133.48;['-batch-training', '-calc-rsi', '-verbose', '-prediction-mode=index', '-interval-list=30m', '-range-min-rsi=28', '-range-max-rsi=80', '-range-p-ema=50,250', '-target-margin-list=1.0,1.5,2.0,2.5,3.0,3.5,4.0,4.5,5.0', '-log-level=WARNING']
2023-11-26 21:15:01;UNIUSDT;30m;4.5;75;36;74;100.0;2;133.55;['-batch-training', '-calc-rsi', '-verbose', '-prediction-mode=index', '-interval-list=30m', '-range-min-rsi=28', '-range-max-rsi=80', '-range-p-ema=50,250', '-target-margin-list=1.0,1.5,2.0,2.5,3.0,3.5,4.0,4.5,5.0', '-log-level=WARNING']
2023-11-26 21:15:19;UNIUSDT;30m;4.5;75;36;76;100.0;2;133.55;['-batch-training', '-calc-rsi', '-verbose', '-prediction-mode=index', '-interval-list=30m', '-range-min-rsi=28', '-range-max-rsi=80', '-range-p-ema=50,250', '-target-margin-list=1.0,1.5,2.0,2.5,3.0,3.5,4.0,4.5,5.0', '-log-level=WARNING']
2023-11-26 20:00:59;UNIUSDT;30m;2.0;175;36;72;100.0;6;133.55;['-batch-training', '-calc-rsi', '-verbose', '-prediction-mode=index', '-interval-list=30m', '-range-min-rsi=28', '-range-max-rsi=80', '-range-p-ema=50,250', '-target-margin-list=1.0,1.5,2.0,2.5,3.0,3.5,4.0,4.5,5.0', '-log-level=WARNING']
2023-11-26 19:45:53;UNIUSDT;30m;4.5;125;36;76;100.0;2;133.55;['-batch-training', '-calc-rsi', '-verbose', '-prediction-mode=index', '-interval-list=30m', '-range-min-rsi=28', '-range-max-rsi=80', '-range-p-ema=50,250', '-target-margin-list=1.0,1.5,2.0,2.5,3.0,3.5,4.0,4.5,5.0', '-log-level=WARNING']
2023-11-26 19:34:19;UNIUSDT;30m;4.5;100;36;76;100.0;2;133.55;['-batch-training', '-calc-rsi', '-verbose', '-prediction-mode=index', '-interval-list=30m', '-range-min-rsi=28', '-range-max-rsi=80', '-range-p-ema=50,250', '-target-margin-list=1.0,1.5,2.0,2.5,3.0,3.5,4.0,4.5,5.0', '-log-level=WARNING']
2023-11-26 20:59:27;UNIUSDT;30m;4.5;50;36;74;100.0;2;133.55;['-batch-training', '-calc-rsi', '-verbose', '-prediction-mode=index', '-interval-list=30m', '-range-min-rsi=28', '-range-max-rsi=80', '-range-p-ema=50,250', '-target-margin-list=1.0,1.5,2.0,2.5,3.0,3.5,4.0,4.5,5.0', '-log-level=WARNING']
2023-11-26 19:34:03;UNIUSDT;30m;4.5;100;36;74;100.0;2;133.55;['-batch-training', '-calc-rsi', '-verbose', '-prediction-mode=index', '-interval-list=30m', '-range-min-rsi=28', '-range-max-rsi=80', '-range-p-ema=50,250', '-target-margin-list=1.0,1.5,2.0,2.5,3.0,3.5,4.0,4.5,5.0', '-log-level=WARNING']
2023-11-26 19:45:37;UNIUSDT;30m;4.5;125;36;74;100.0;2;133.55;['-batch-training', '-calc-rsi', '-verbose', '-prediction-mode=index', '-interval-list=30m', '-range-min-rsi=28', '-range-max-rsi=80', '-range-p-ema=50,250', '-target-margin-list=1.0,1.5,2.0,2.5,3.0,3.5,4.0,4.5,5.0', '-log-level=WARNING']
2023-11-26 20:59:46;UNIUSDT;30m;4.5;50;36;76;100.0;2;133.55;['-batch-training', '-calc-rsi', '-verbose', '-prediction-mode=index', '-interval-list=30m', '-range-min-rsi=28', '-range-max-rsi=80', '-range-p-ema=50,250', '-target-margin-list=1.0,1.5,2.0,2.5,3.0,3.5,4.0,4.5,5.0', '-log-level=WARNING']
2023-11-26 19:54:15;UNIUSDT;30m;3.5;150;30;74;100.0;3;133.58;['-batch-training', '-calc-rsi', '-verbose', '-prediction-mode=index', '-interval-list=30m', '-range-min-rsi=28', '-range-max-rsi=80', '-range-p-ema=50,250', '-target-margin-list=1.0,1.5,2.0,2.5,3.0,3.5,4.0,4.5,5.0', '-log-level=WARNING']
2023-11-26 20:28:08;UNIUSDT;30m;3.5;225;30;74;100.0;3;133.58;['-batch-training', '-calc-rsi', '-verbose', '-prediction-mode=index', '-interval-list=30m', '-range-min-rsi=28', '-range-max-rsi=80', '-range-p-ema=50,250', '-target-margin-list=1.0,1.5,2.0,2.5,3.0,3.5,4.0,4.5,5.0', '-log-level=WARNING']
2023-11-26 20:15:22;UNIUSDT;30m;3.5;200;30;74;100.0;3;133.58;['-batch-training', '-calc-rsi', '-verbose', '-prediction-mode=index', '-interval-list=30m', '-range-min-rsi=28', '-range-max-rsi=80', '-range-p-ema=50,250', '-target-margin-list=1.0,1.5,2.0,2.5,3.0,3.5,4.0,4.5,5.0', '-log-level=WARNING']
2023-11-26 20:41:36;UNIUSDT;30m;3.5;250;30;74;100.0;3;133.58;['-batch-training', '-calc-rsi', '-verbose', '-prediction-mode=index', '-interval-list=30m', '-range-min-rsi=28', '-range-max-rsi=80', '-range-p-ema=50,250', '-target-margin-list=1.0,1.5,2.0,2.5,3.0,3.5,4.0,4.5,5.0', '-log-level=WARNING']
2023-11-26 19:31:27;UNIUSDT;30m;3.5;100;30;74;100.0;3;133.58;['-batch-training', '-calc-rsi', '-verbose', '-prediction-mode=index', '-interval-list=30m', '-range-min-rsi=28', '-range-max-rsi=80', '-range-p-ema=50,250', '-target-margin-list=1.0,1.5,2.0,2.5,3.0,3.5,4.0,4.5,5.0', '-log-level=WARNING']
2023-11-26 21:11:33;UNIUSDT;30m;3.5;75;30;74;100.0;3;133.58;['-batch-training', '-calc-rsi', '-verbose', '-prediction-mode=index', '-interval-list=30m', '-range-min-rsi=28', '-range-max-rsi=80', '-range-p-ema=50,250', '-target-margin-list=1.0,1.5,2.0,2.5,3.0,3.5,4.0,4.5,5.0', '-log-level=WARNING']
2023-11-26 20:04:24;UNIUSDT;30m;3.5;175;30;74;100.0;3;133.58;['-batch-training', '-calc-rsi', '-verbose', '-prediction-mode=index', '-interval-list=30m', '-range-min-rsi=28', '-range-max-rsi=80', '-range-p-ema=50,250', '-target-margin-list=1.0,1.5,2.0,2.5,3.0,3.5,4.0,4.5,5.0', '-log-level=WARNING']
2023-11-26 20:55:57;UNIUSDT;30m;3.5;50;30;74;100.0;3;133.58;['-batch-training', '-calc-rsi', '-verbose', '-prediction-mode=index', '-interval-list=30m', '-range-min-rsi=28', '-range-max-rsi=80', '-range-p-ema=50,250', '-target-margin-list=1.0,1.5,2.0,2.5,3.0,3.5,4.0,4.5,5.0', '-log-level=WARNING']
2023-11-26 19:42:57;UNIUSDT;30m;3.5;125;30;74;100.0;3;133.58;['-batch-training', '-calc-rsi', '-verbose', '-prediction-mode=index', '-interval-list=30m', '-range-min-rsi=28', '-range-max-rsi=80', '-range-p-ema=50,250', '-target-margin-list=1.0,1.5,2.0,2.5,3.0,3.5,4.0,4.5,5.0', '-log-level=WARNING']
2023-11-26 20:45:48;UNIUSDT;30m;4.5;250;36;80;100.0;5;133.61;['-batch-training', '-calc-rsi', '-verbose', '-prediction-mode=index', '-interval-list=30m', '-range-min-rsi=28', '-range-max-rsi=80', '-range-p-ema=50,250', '-target-margin-list=1.0,1.5,2.0,2.5,3.0,3.5,4.0,4.5,5.0', '-log-level=WARNING']
2023-11-26 20:45:48;UNIUSDT;30m;4.5;250;36;80;100.0;4;133.61;['-batch-training', '-calc-rsi', '-verbose', '-prediction-mode=index', '-interval-list=30m', '-range-min-rsi=28', '-range-max-rsi=80', '-range-p-ema=50,250', '-target-margin-list=1.0,1.5,2.0,2.5,3.0,3.5,4.0,4.5,5.0', '-log-level=WARNING']
2023-11-26 20:32:06;UNIUSDT;30m;4.5;225;36;80;100.0;7;133.61;['-batch-training', '-calc-rsi', '-verbose', '-prediction-mode=index', '-interval-list=30m', '-range-min-rsi=28', '-range-max-rsi=80', '-range-p-ema=50,250', '-target-margin-list=1.0,1.5,2.0,2.5,3.0,3.5,4.0,4.5,5.0', '-log-level=WARNING']
2023-11-26 20:45:29;UNIUSDT;30m;4.5;250;36;78;100.0;4;133.61;['-batch-training', '-calc-rsi', '-verbose', '-prediction-mode=index', '-interval-list=30m', '-range-min-rsi=28', '-range-max-rsi=80', '-range-p-ema=50,250', '-target-margin-list=1.0,1.5,2.0,2.5,3.0,3.5,4.0,4.5,5.0', '-log-level=WARNING']
2023-11-26 20:31:32;UNIUSDT;30m;4.5;225;36;76;100.0;6;133.61;['-batch-training', '-calc-rsi', '-verbose', '-prediction-mode=index', '-interval-list=30m', '-range-min-rsi=28', '-range-max-rsi=80', '-range-p-ema=50,250', '-target-margin-list=1.0,1.5,2.0,2.5,3.0,3.5,4.0,4.5,5.0', '-log-level=WARNING']
2023-11-26 20:45:29;UNIUSDT;30m;4.5;250;36;78;100.0;6;133.61;['-batch-training', '-calc-rsi', '-verbose', '-prediction-mode=index', '-interval-list=30m', '-range-min-rsi=28', '-range-max-rsi=80', '-range-p-ema=50,250', '-target-margin-list=1.0,1.5,2.0,2.5,3.0,3.5,4.0,4.5,5.0', '-log-level=WARNING']
2023-11-26 20:31:31;UNIUSDT;30m;4.5;225;36;76;100.0;7;133.61;['-batch-training', '-calc-rsi', '-verbose', '-prediction-mode=index', '-interval-list=30m', '-range-min-rsi=28', '-range-max-rsi=80', '-range-p-ema=50,250', '-target-margin-list=1.0,1.5,2.0,2.5,3.0,3.5,4.0,4.5,5.0', '-log-level=WARNING']
2023-11-26 20:31:31;UNIUSDT;30m;4.5;225;36;76;100.0;5;133.61;['-batch-training', '-calc-rsi', '-verbose', '-prediction-mode=index', '-interval-list=30m', '-range-min-rsi=28', '-range-max-rsi=80', '-range-p-ema=50,250', '-target-margin-list=1.0,1.5,2.0,2.5,3.0,3.5,4.0,4.5,5.0', '-log-level=WARNING']
2023-11-26 20:32:06;UNIUSDT;30m;4.5;225;36;80;100.0;6;133.61;['-batch-training', '-calc-rsi', '-verbose', '-prediction-mode=index', '-interval-list=30m', '-range-min-rsi=28', '-range-max-rsi=80', '-range-p-ema=50,250', '-target-margin-list=1.0,1.5,2.0,2.5,3.0,3.5,4.0,4.5,5.0', '-log-level=WARNING']
2023-11-26 20:31:14;UNIUSDT;30m;4.5;225;36;74;100.0;6;133.61;['-batch-training', '-calc-rsi', '-verbose', '-prediction-mode=index', '-interval-list=30m', '-range-min-rsi=28', '-range-max-rsi=80', '-range-p-ema=50,250', '-target-margin-list=1.0,1.5,2.0,2.5,3.0,3.5,4.0,4.5,5.0', '-log-level=WARNING']
2023-11-26 20:31:14;UNIUSDT;30m;4.5;225;36;74;100.0;5;133.61;['-batch-training', '-calc-rsi', '-verbose', '-prediction-mode=index', '-interval-list=30m', '-range-min-rsi=28', '-range-max-rsi=80', '-range-p-ema=50,250', '-target-margin-list=1.0,1.5,2.0,2.5,3.0,3.5,4.0,4.5,5.0', '-log-level=WARNING']
2023-11-26 20:31:14;UNIUSDT;30m;4.5;225;36;74;100.0;4;133.61;['-batch-training', '-calc-rsi', '-verbose', '-prediction-mode=index', '-interval-list=30m', '-range-min-rsi=28', '-range-max-rsi=80', '-range-p-ema=50,250', '-target-margin-list=1.0,1.5,2.0,2.5,3.0,3.5,4.0,4.5,5.0', '-log-level=WARNING']
2023-11-26 20:45:48;UNIUSDT;30m;4.5;250;36;80;100.0;6;133.61;['-batch-training', '-calc-rsi', '-verbose', '-prediction-mode=index', '-interval-list=30m', '-range-min-rsi=28', '-range-max-rsi=80', '-range-p-ema=50,250', '-target-margin-list=1.0,1.5,2.0,2.5,3.0,3.5,4.0,4.5,5.0', '-log-level=WARNING']
2023-11-26 20:45:29;UNIUSDT;30m;4.5;250;36;78;100.0;7;133.61;['-batch-training', '-calc-rsi', '-verbose', '-prediction-mode=index', '-interval-list=30m', '-range-min-rsi=28', '-range-max-rsi=80', '-range-p-ema=50,250', '-target-margin-list=1.0,1.5,2.0,2.5,3.0,3.5,4.0,4.5,5.0', '-log-level=WARNING']
2023-11-26 20:45:48;UNIUSDT;30m;4.5;250;36;80;100.0;7;133.61;['-batch-training', '-calc-rsi', '-verbose', '-prediction-mode=index', '-interval-list=30m', '-range-min-rsi=28', '-range-max-rsi=80', '-range-p-ema=50,250', '-target-margin-list=1.0,1.5,2.0,2.5,3.0,3.5,4.0,4.5,5.0', '-log-level=WARNING']
2023-11-26 20:44:52;UNIUSDT;30m;4.5;250;36;74;100.0;5;133.61;['-batch-training', '-calc-rsi', '-verbose', '-prediction-mode=index', '-interval-list=30m', '-range-min-rsi=28', '-range-max-rsi=80', '-range-p-ema=50,250', '-target-margin-list=1.0,1.5,2.0,2.5,3.0,3.5,4.0,4.5,5.0', '-log-level=WARNING']
2023-11-26 20:44:52;UNIUSDT;30m;4.5;250;36;74;100.0;4;133.61;['-batch-training', '-calc-rsi', '-verbose', '-prediction-mode=index', '-interval-list=30m', '-range-min-rsi=28', '-range-max-rsi=80', '-range-p-ema=50,250', '-target-margin-list=1.0,1.5,2.0,2.5,3.0,3.5,4.0,4.5,5.0', '-log-level=WARNING']
2023-11-26 20:31:31;UNIUSDT;30m;4.5;225;36;76;100.0;4;133.61;['-batch-training', '-calc-rsi', '-verbose', '-prediction-mode=index', '-interval-list=30m', '-range-min-rsi=28', '-range-max-rsi=80', '-range-p-ema=50,250', '-target-margin-list=1.0,1.5,2.0,2.5,3.0,3.5,4.0,4.5,5.0', '-log-level=WARNING']
2023-11-26 20:31:14;UNIUSDT;30m;4.5;225;36;74;100.0;7;133.61;['-batch-training', '-calc-rsi', '-verbose', '-prediction-mode=index', '-interval-list=30m', '-range-min-rsi=28', '-range-max-rsi=80', '-range-p-ema=50,250', '-target-margin-list=1.0,1.5,2.0,2.5,3.0,3.5,4.0,4.5,5.0', '-log-level=WARNING']
2023-11-26 20:44:52;UNIUSDT;30m;4.5;250;36;74;100.0;7;133.61;['-batch-training', '-calc-rsi', '-verbose', '-prediction-mode=index', '-interval-list=30m', '-range-min-rsi=28', '-range-max-rsi=80', '-range-p-ema=50,250', '-target-margin-list=1.0,1.5,2.0,2.5,3.0,3.5,4.0,4.5,5.0', '-log-level=WARNING']
2023-11-26 20:45:11;UNIUSDT;30m;4.5;250;36;76;100.0;6;133.61;['-batch-training', '-calc-rsi', '-verbose', '-prediction-mode=index', '-interval-list=30m', '-range-min-rsi=28', '-range-max-rsi=80', '-range-p-ema=50,250', '-target-margin-list=1.0,1.5,2.0,2.5,3.0,3.5,4.0,4.5,5.0', '-log-level=WARNING']
2023-11-26 20:32:06;UNIUSDT;30m;4.5;225;36;80;100.0;5;133.61;['-batch-training', '-calc-rsi', '-verbose', '-prediction-mode=index', '-interval-list=30m', '-range-min-rsi=28', '-range-max-rsi=80', '-range-p-ema=50,250', '-target-margin-list=1.0,1.5,2.0,2.5,3.0,3.5,4.0,4.5,5.0', '-log-level=WARNING']
2023-11-26 20:31:49;UNIUSDT;30m;4.5;225;36;78;100.0;5;133.61;['-batch-training', '-calc-rsi', '-verbose', '-prediction-mode=index', '-interval-list=30m', '-range-min-rsi=28', '-range-max-rsi=80', '-range-p-ema=50,250', '-target-margin-list=1.0,1.5,2.0,2.5,3.0,3.5,4.0,4.5,5.0', '-log-level=WARNING']
2023-11-26 20:32:06;UNIUSDT;30m;4.5;225;36;80;100.0;4;133.61;['-batch-training', '-calc-rsi', '-verbose', '-prediction-mode=index', '-interval-list=30m', '-range-min-rsi=28', '-range-max-rsi=80', '-range-p-ema=50,250', '-target-margin-list=1.0,1.5,2.0,2.5,3.0,3.5,4.0,4.5,5.0', '-log-level=WARNING']
2023-11-26 20:44:52;UNIUSDT;30m;4.5;250;36;74;100.0;6;133.61;['-batch-training', '-calc-rsi', '-verbose', '-prediction-mode=index', '-interval-list=30m', '-range-min-rsi=28', '-range-max-rsi=80', '-range-p-ema=50,250', '-target-margin-list=1.0,1.5,2.0,2.5,3.0,3.5,4.0,4.5,5.0', '-log-level=WARNING']
2023-11-26 20:45:29;UNIUSDT;30m;4.5;250;36;78;100.0;5;133.61;['-batch-training', '-calc-rsi', '-verbose', '-prediction-mode=index', '-interval-list=30m', '-range-min-rsi=28', '-range-max-rsi=80', '-range-p-ema=50,250', '-target-margin-list=1.0,1.5,2.0,2.5,3.0,3.5,4.0,4.5,5.0', '-log-level=WARNING']
2023-11-26 20:31:49;UNIUSDT;30m;4.5;225;36;78;100.0;6;133.61;['-batch-training', '-calc-rsi', '-verbose', '-prediction-mode=index', '-interval-list=30m', '-range-min-rsi=28', '-range-max-rsi=80', '-range-p-ema=50,250', '-target-margin-list=1.0,1.5,2.0,2.5,3.0,3.5,4.0,4.5,5.0', '-log-level=WARNING']
2023-11-26 20:31:49;UNIUSDT;30m;4.5;225;36;78;100.0;7;133.61;['-batch-training', '-calc-rsi', '-verbose', '-prediction-mode=index', '-interval-list=30m', '-range-min-rsi=28', '-range-max-rsi=80', '-range-p-ema=50,250', '-target-margin-list=1.0,1.5,2.0,2.5,3.0,3.5,4.0,4.5,5.0', '-log-level=WARNING']
2023-11-26 20:45:11;UNIUSDT;30m;4.5;250;36;76;100.0;4;133.61;['-batch-training', '-calc-rsi', '-verbose', '-prediction-mode=index', '-interval-list=30m', '-range-min-rsi=28', '-range-max-rsi=80', '-range-p-ema=50,250', '-target-margin-list=1.0,1.5,2.0,2.5,3.0,3.5,4.0,4.5,5.0', '-log-level=WARNING']
2023-11-26 20:45:11;UNIUSDT;30m;4.5;250;36;76;100.0;5;133.61;['-batch-training', '-calc-rsi', '-verbose', '-prediction-mode=index', '-interval-list=30m', '-range-min-rsi=28', '-range-max-rsi=80', '-range-p-ema=50,250', '-target-margin-list=1.0,1.5,2.0,2.5,3.0,3.5,4.0,4.5,5.0', '-log-level=WARNING']
2023-11-26 20:45:11;UNIUSDT;30m;4.5;250;36;76;100.0;7;133.61;['-batch-training', '-calc-rsi', '-verbose', '-prediction-mode=index', '-interval-list=30m', '-range-min-rsi=28', '-range-max-rsi=80', '-range-p-ema=50,250', '-target-margin-list=1.0,1.5,2.0,2.5,3.0,3.5,4.0,4.5,5.0', '-log-level=WARNING']
2023-11-26 20:31:49;UNIUSDT;30m;4.5;225;36;78;100.0;4;133.61;['-batch-training', '-calc-rsi', '-verbose', '-prediction-mode=index', '-interval-list=30m', '-range-min-rsi=28', '-range-max-rsi=80', '-range-p-ema=50,250', '-target-margin-list=1.0,1.5,2.0,2.5,3.0,3.5,4.0,4.5,5.0', '-log-level=WARNING']
2023-11-26 20:26:48;UNIUSDT;30m;3.0;225;34;74;100.0;4;133.69;['-batch-training', '-calc-rsi', '-verbose', '-prediction-mode=index', '-interval-list=30m', '-range-min-rsi=28', '-range-max-rsi=80', '-range-p-ema=50,250', '-target-margin-list=1.0,1.5,2.0,2.5,3.0,3.5,4.0,4.5,5.0', '-log-level=WARNING']
2023-11-26 19:29:02;UNIUSDT;30m;2.5;100;34;74;100.0;4;133.74;['-batch-training', '-calc-rsi', '-verbose', '-prediction-mode=index', '-interval-list=30m', '-range-min-rsi=28', '-range-max-rsi=80', '-range-p-ema=50,250', '-target-margin-list=1.0,1.5,2.0,2.5,3.0,3.5,4.0,4.5,5.0', '-log-level=WARNING']
2023-11-26 21:08:09;UNIUSDT;30m;2.5;75;34;74;100.0;4;133.74;['-batch-training', '-calc-rsi', '-verbose', '-prediction-mode=index', '-interval-list=30m', '-range-min-rsi=28', '-range-max-rsi=80', '-range-p-ema=50,250', '-target-margin-list=1.0,1.5,2.0,2.5,3.0,3.5,4.0,4.5,5.0', '-log-level=WARNING']
2023-11-26 20:52:46;UNIUSDT;30m;2.5;50;34;74;100.0;4;133.74;['-batch-training', '-calc-rsi', '-verbose', '-prediction-mode=index', '-interval-list=30m', '-range-min-rsi=28', '-range-max-rsi=80', '-range-p-ema=50,250', '-target-margin-list=1.0,1.5,2.0,2.5,3.0,3.5,4.0,4.5,5.0', '-log-level=WARNING']
2023-11-26 19:40:30;UNIUSDT;30m;2.5;125;34;74;100.0;4;133.74;['-batch-training', '-calc-rsi', '-verbose', '-prediction-mode=index', '-interval-list=30m', '-range-min-rsi=28', '-range-max-rsi=80', '-range-p-ema=50,250', '-target-margin-list=1.0,1.5,2.0,2.5,3.0,3.5,4.0,4.5,5.0', '-log-level=WARNING']
2023-11-26 21:08:09;UNIUSDT;30m;2.5;75;34;74;100.0;5;133.88;['-batch-training', '-calc-rsi', '-verbose', '-prediction-mode=index', '-interval-list=30m', '-range-min-rsi=28', '-range-max-rsi=80', '-range-p-ema=50,250', '-target-margin-list=1.0,1.5,2.0,2.5,3.0,3.5,4.0,4.5,5.0', '-log-level=WARNING']
2023-11-26 20:52:46;UNIUSDT;30m;2.5;50;34;74;100.0;5;133.88;['-batch-training', '-calc-rsi', '-verbose', '-prediction-mode=index', '-interval-list=30m', '-range-min-rsi=28', '-range-max-rsi=80', '-range-p-ema=50,250', '-target-margin-list=1.0,1.5,2.0,2.5,3.0,3.5,4.0,4.5,5.0', '-log-level=WARNING']
2023-11-26 19:29:02;UNIUSDT;30m;2.5;100;34;74;100.0;5;133.88;['-batch-training', '-calc-rsi', '-verbose', '-prediction-mode=index', '-interval-list=30m', '-range-min-rsi=28', '-range-max-rsi=80', '-range-p-ema=50,250', '-target-margin-list=1.0,1.5,2.0,2.5,3.0,3.5,4.0,4.5,5.0', '-log-level=WARNING']
2023-11-26 19:40:30;UNIUSDT;30m;2.5;125;34;74;100.0;5;133.88;['-batch-training', '-calc-rsi', '-verbose', '-prediction-mode=index', '-interval-list=30m', '-range-min-rsi=28', '-range-max-rsi=80', '-range-p-ema=50,250', '-target-margin-list=1.0,1.5,2.0,2.5,3.0,3.5,4.0,4.5,5.0', '-log-level=WARNING']
2023-11-26 20:16:18;UNIUSDT;30m;3.5;200;34;80;100.0;2;133.9;['-batch-training', '-calc-rsi', '-verbose', '-prediction-mode=index', '-interval-list=30m', '-range-min-rsi=28', '-range-max-rsi=80', '-range-p-ema=50,250', '-target-margin-list=1.0,1.5,2.0,2.5,3.0,3.5,4.0,4.5,5.0', '-log-level=WARNING']
2023-11-26 20:05:09;UNIUSDT;30m;3.5;175;34;80;100.0;2;133.9;['-batch-training', '-calc-rsi', '-verbose', '-prediction-mode=index', '-interval-list=30m', '-range-min-rsi=28', '-range-max-rsi=80', '-range-p-ema=50,250', '-target-margin-list=1.0,1.5,2.0,2.5,3.0,3.5,4.0,4.5,5.0', '-log-level=WARNING']
2023-11-26 21:09:42;UNIUSDT;30m;3.0;75;28;74;100.0;6;133.91;['-batch-training', '-calc-rsi', '-verbose', '-prediction-mode=index', '-interval-list=30m', '-range-min-rsi=28', '-range-max-rsi=80', '-range-p-ema=50,250', '-target-margin-list=1.0,1.5,2.0,2.5,3.0,3.5,4.0,4.5,5.0', '-log-level=WARNING']
2023-11-26 21:09:42;UNIUSDT;30m;3.0;75;28;74;100.0;7;133.91;['-batch-training', '-calc-rsi', '-verbose', '-prediction-mode=index', '-interval-list=30m', '-range-min-rsi=28', '-range-max-rsi=80', '-range-p-ema=50,250', '-target-margin-list=1.0,1.5,2.0,2.5,3.0,3.5,4.0,4.5,5.0', '-log-level=WARNING']
2023-11-26 21:10:04;UNIUSDT;30m;3.0;75;28;76;100.0;7;133.91;['-batch-training', '-calc-rsi', '-verbose', '-prediction-mode=index', '-interval-list=30m', '-range-min-rsi=28', '-range-max-rsi=80', '-range-p-ema=50,250', '-target-margin-list=1.0,1.5,2.0,2.5,3.0,3.5,4.0,4.5,5.0', '-log-level=WARNING']
2023-11-26 21:10:25;UNIUSDT;30m;3.0;75;28;78;100.0;6;133.91;['-batch-training', '-calc-rsi', '-verbose', '-prediction-mode=index', '-interval-list=30m', '-range-min-rsi=28', '-range-max-rsi=80', '-range-p-ema=50,250', '-target-margin-list=1.0,1.5,2.0,2.5,3.0,3.5,4.0,4.5,5.0', '-log-level=WARNING']
2023-11-26 20:03:29;UNIUSDT;30m;3.0;175;28;76;100.0;6;133.91;['-batch-training', '-calc-rsi', '-verbose', '-prediction-mode=index', '-interval-list=30m', '-range-min-rsi=28', '-range-max-rsi=80', '-range-p-ema=50,250', '-target-margin-list=1.0,1.5,2.0,2.5,3.0,3.5,4.0,4.5,5.0', '-log-level=WARNING']
2023-11-26 20:26:38;UNIUSDT;30m;3.0;225;28;74;100.0;6;133.91;['-batch-training', '-calc-rsi', '-verbose', '-prediction-mode=index', '-interval-list=30m', '-range-min-rsi=28', '-range-max-rsi=80', '-range-p-ema=50,250', '-target-margin-list=1.0,1.5,2.0,2.5,3.0,3.5,4.0,4.5,5.0', '-log-level=WARNING']
2023-11-26 20:26:56;UNIUSDT;30m;3.0;225;28;76;100.0;6;133.91;['-batch-training', '-calc-rsi', '-verbose', '-prediction-mode=index', '-interval-list=30m', '-range-min-rsi=28', '-range-max-rsi=80', '-range-p-ema=50,250', '-target-margin-list=1.0,1.5,2.0,2.5,3.0,3.5,4.0,4.5,5.0', '-log-level=WARNING']
2023-11-26 20:27:12;UNIUSDT;30m;3.0;225;28;78;100.0;6;133.91;['-batch-training', '-calc-rsi', '-verbose', '-prediction-mode=index', '-interval-list=30m', '-range-min-rsi=28', '-range-max-rsi=80', '-range-p-ema=50,250', '-target-margin-list=1.0,1.5,2.0,2.5,3.0,3.5,4.0,4.5,5.0', '-log-level=WARNING']
2023-11-26 20:27:12;UNIUSDT;30m;3.0;225;28;78;100.0;7;133.91;['-batch-training', '-calc-rsi', '-verbose', '-prediction-mode=index', '-interval-list=30m', '-range-min-rsi=28', '-range-max-rsi=80', '-range-p-ema=50,250', '-target-margin-list=1.0,1.5,2.0,2.5,3.0,3.5,4.0,4.5,5.0', '-log-level=WARNING']
2023-11-26 20:26:38;UNIUSDT;30m;3.0;225;28;74;100.0;7;133.91;['-batch-training', '-calc-rsi', '-verbose', '-prediction-mode=index', '-interval-list=30m', '-range-min-rsi=28', '-range-max-rsi=80', '-range-p-ema=50,250', '-target-margin-list=1.0,1.5,2.0,2.5,3.0,3.5,4.0,4.5,5.0', '-log-level=WARNING']
2023-11-26 19:30:38;UNIUSDT;30m;3.0;100;28;78;100.0;6;133.91;['-batch-training', '-calc-rsi', '-verbose', '-prediction-mode=index', '-interval-list=30m', '-range-min-rsi=28', '-range-max-rsi=80', '-range-p-ema=50,250', '-target-margin-list=1.0,1.5,2.0,2.5,3.0,3.5,4.0,4.5,5.0', '-log-level=WARNING']
2023-11-26 19:30:38;UNIUSDT;30m;3.0;100;28;78;100.0;7;133.91;['-batch-training', '-calc-rsi', '-verbose', '-prediction-mode=index', '-interval-list=30m', '-range-min-rsi=28', '-range-max-rsi=80', '-range-p-ema=50,250', '-target-margin-list=1.0,1.5,2.0,2.5,3.0,3.5,4.0,4.5,5.0', '-log-level=WARNING']
2023-11-26 21:10:25;UNIUSDT;30m;3.0;75;28;78;100.0;7;133.91;['-batch-training', '-calc-rsi', '-verbose', '-prediction-mode=index', '-interval-list=30m', '-range-min-rsi=28', '-range-max-rsi=80', '-range-p-ema=50,250', '-target-margin-list=1.0,1.5,2.0,2.5,3.0,3.5,4.0,4.5,5.0', '-log-level=WARNING']
2023-11-26 20:03:29;UNIUSDT;30m;3.0;175;28;76;100.0;7;133.91;['-batch-training', '-calc-rsi', '-verbose', '-prediction-mode=index', '-interval-list=30m', '-range-min-rsi=28', '-range-max-rsi=80', '-range-p-ema=50,250', '-target-margin-list=1.0,1.5,2.0,2.5,3.0,3.5,4.0,4.5,5.0', '-log-level=WARNING']
2023-11-26 19:30:23;UNIUSDT;30m;3.0;100;28;76;100.0;6;133.91;['-batch-training', '-calc-rsi', '-verbose', '-prediction-mode=index', '-interval-list=30m', '-range-min-rsi=28', '-range-max-rsi=80', '-range-p-ema=50,250', '-target-margin-list=1.0,1.5,2.0,2.5,3.0,3.5,4.0,4.5,5.0', '-log-level=WARNING']
2023-11-26 20:03:42;UNIUSDT;30m;3.0;175;28;78;100.0;6;133.91;['-batch-training', '-calc-rsi', '-verbose', '-prediction-mode=index', '-interval-list=30m', '-range-min-rsi=28', '-range-max-rsi=80', '-range-p-ema=50,250', '-target-margin-list=1.0,1.5,2.0,2.5,3.0,3.5,4.0,4.5,5.0', '-log-level=WARNING']
2023-11-26 20:03:42;UNIUSDT;30m;3.0;175;28;78;100.0;7;133.91;['-batch-training', '-calc-rsi', '-verbose', '-prediction-mode=index', '-interval-list=30m', '-range-min-rsi=28', '-range-max-rsi=80', '-range-p-ema=50,250', '-target-margin-list=1.0,1.5,2.0,2.5,3.0,3.5,4.0,4.5,5.0', '-log-level=WARNING']
2023-11-26 19:30:08;UNIUSDT;30m;3.0;100;28;74;100.0;6;133.91;['-batch-training', '-calc-rsi', '-verbose', '-prediction-mode=index', '-interval-list=30m', '-range-min-rsi=28', '-range-max-rsi=80', '-range-p-ema=50,250', '-target-margin-list=1.0,1.5,2.0,2.5,3.0,3.5,4.0,4.5,5.0', '-log-level=WARNING']
2023-11-26 19:30:23;UNIUSDT;30m;3.0;100;28;76;100.0;7;133.91;['-batch-training', '-calc-rsi', '-verbose', '-prediction-mode=index', '-interval-list=30m', '-range-min-rsi=28', '-range-max-rsi=80', '-range-p-ema=50,250', '-target-margin-list=1.0,1.5,2.0,2.5,3.0,3.5,4.0,4.5,5.0', '-log-level=WARNING']
2023-11-26 20:03:16;UNIUSDT;30m;3.0;175;28;74;100.0;6;133.91;['-batch-training', '-calc-rsi', '-verbose', '-prediction-mode=index', '-interval-list=30m', '-range-min-rsi=28', '-range-max-rsi=80', '-range-p-ema=50,250', '-target-margin-list=1.0,1.5,2.0,2.5,3.0,3.5,4.0,4.5,5.0', '-log-level=WARNING']
2023-11-26 20:03:16;UNIUSDT;30m;3.0;175;28;74;100.0;7;133.91;['-batch-training', '-calc-rsi', '-verbose', '-prediction-mode=index', '-interval-list=30m', '-range-min-rsi=28', '-range-max-rsi=80', '-range-p-ema=50,250', '-target-margin-list=1.0,1.5,2.0,2.5,3.0,3.5,4.0,4.5,5.0', '-log-level=WARNING']
2023-11-26 21:10:04;UNIUSDT;30m;3.0;75;28;76;100.0;6;133.91;['-batch-training', '-calc-rsi', '-verbose', '-prediction-mode=index', '-interval-list=30m', '-range-min-rsi=28', '-range-max-rsi=80', '-range-p-ema=50,250', '-target-margin-list=1.0,1.5,2.0,2.5,3.0,3.5,4.0,4.5,5.0', '-log-level=WARNING']
2023-11-26 19:30:08;UNIUSDT;30m;3.0;100;28;74;100.0;7;133.91;['-batch-training', '-calc-rsi', '-verbose', '-prediction-mode=index', '-interval-list=30m', '-range-min-rsi=28', '-range-max-rsi=80', '-range-p-ema=50,250', '-target-margin-list=1.0,1.5,2.0,2.5,3.0,3.5,4.0,4.5,5.0', '-log-level=WARNING']
2023-11-26 20:26:56;UNIUSDT;30m;3.0;225;28;76;100.0;7;133.91;['-batch-training', '-calc-rsi', '-verbose', '-prediction-mode=index', '-interval-list=30m', '-range-min-rsi=28', '-range-max-rsi=80', '-range-p-ema=50,250', '-target-margin-list=1.0,1.5,2.0,2.5,3.0,3.5,4.0,4.5,5.0', '-log-level=WARNING']
2023-11-26 19:41:38;UNIUSDT;30m;3.0;125;28;74;100.0;6;133.91;['-batch-training', '-calc-rsi', '-verbose', '-prediction-mode=index', '-interval-list=30m', '-range-min-rsi=28', '-range-max-rsi=80', '-range-p-ema=50,250', '-target-margin-list=1.0,1.5,2.0,2.5,3.0,3.5,4.0,4.5,5.0', '-log-level=WARNING']
2023-11-26 20:14:30;UNIUSDT;30m;3.0;200;28;78;100.0;6;133.91;['-batch-training', '-calc-rsi', '-verbose', '-prediction-mode=index', '-interval-list=30m', '-range-min-rsi=28', '-range-max-rsi=80', '-range-p-ema=50,250', '-target-margin-list=1.0,1.5,2.0,2.5,3.0,3.5,4.0,4.5,5.0', '-log-level=WARNING']
2023-11-26 20:40:17;UNIUSDT;30m;3.0;250;28;76;100.0;7;133.91;['-batch-training', '-calc-rsi', '-verbose', '-prediction-mode=index', '-interval-list=30m', '-range-min-rsi=28', '-range-max-rsi=80', '-range-p-ema=50,250', '-target-margin-list=1.0,1.5,2.0,2.5,3.0,3.5,4.0,4.5,5.0', '-log-level=WARNING']
2023-11-26 20:39:59;UNIUSDT;30m;3.0;250;28;74;100.0;7;133.91;['-batch-training', '-calc-rsi', '-verbose', '-prediction-mode=index', '-interval-list=30m', '-range-min-rsi=28', '-range-max-rsi=80', '-range-p-ema=50,250', '-target-margin-list=1.0,1.5,2.0,2.5,3.0,3.5,4.0,4.5,5.0', '-log-level=WARNING']
2023-11-26 20:14:14;UNIUSDT;30m;3.0;200;28;76;100.0;7;133.91;['-batch-training', '-calc-rsi', '-verbose', '-prediction-mode=index', '-interval-list=30m', '-range-min-rsi=28', '-range-max-rsi=80', '-range-p-ema=50,250', '-target-margin-list=1.0,1.5,2.0,2.5,3.0,3.5,4.0,4.5,5.0', '-log-level=WARNING']
2023-11-26 20:39:59;UNIUSDT;30m;3.0;250;28;74;100.0;6;133.91;['-batch-training', '-calc-rsi', '-verbose', '-prediction-mode=index', '-interval-list=30m', '-range-min-rsi=28', '-range-max-rsi=80', '-range-p-ema=50,250', '-target-margin-list=1.0,1.5,2.0,2.5,3.0,3.5,4.0,4.5,5.0', '-log-level=WARNING']
2023-11-26 20:54:54;UNIUSDT;30m;3.0;50;28;78;100.0;6;133.91;['-batch-training', '-calc-rsi', '-verbose', '-prediction-mode=index', '-interval-list=30m', '-range-min-rsi=28', '-range-max-rsi=80', '-range-p-ema=50,250', '-target-margin-list=1.0,1.5,2.0,2.5,3.0,3.5,4.0,4.5,5.0', '-log-level=WARNING']
2023-11-26 20:54:54;UNIUSDT;30m;3.0;50;28;78;100.0;7;133.91;['-batch-training', '-calc-rsi', '-verbose', '-prediction-mode=index', '-interval-list=30m', '-range-min-rsi=28', '-range-max-rsi=80', '-range-p-ema=50,250', '-target-margin-list=1.0,1.5,2.0,2.5,3.0,3.5,4.0,4.5,5.0', '-log-level=WARNING']
2023-11-26 20:40:36;UNIUSDT;30m;3.0;250;28;78;100.0;6;133.91;['-batch-training', '-calc-rsi', '-verbose', '-prediction-mode=index', '-interval-list=30m', '-range-min-rsi=28', '-range-max-rsi=80', '-range-p-ema=50,250', '-target-margin-list=1.0,1.5,2.0,2.5,3.0,3.5,4.0,4.5,5.0', '-log-level=WARNING']
2023-11-26 20:40:36;UNIUSDT;30m;3.0;250;28;78;100.0;7;133.91;['-batch-training', '-calc-rsi', '-verbose', '-prediction-mode=index', '-interval-list=30m', '-range-min-rsi=28', '-range-max-rsi=80', '-range-p-ema=50,250', '-target-margin-list=1.0,1.5,2.0,2.5,3.0,3.5,4.0,4.5,5.0', '-log-level=WARNING']
2023-11-26 20:54:34;UNIUSDT;30m;3.0;50;28;76;100.0;7;133.91;['-batch-training', '-calc-rsi', '-verbose', '-prediction-mode=index', '-interval-list=30m', '-range-min-rsi=28', '-range-max-rsi=80', '-range-p-ema=50,250', '-target-margin-list=1.0,1.5,2.0,2.5,3.0,3.5,4.0,4.5,5.0', '-log-level=WARNING']
2023-11-26 20:54:34;UNIUSDT;30m;3.0;50;28;76;100.0;6;133.91;['-batch-training', '-calc-rsi', '-verbose', '-prediction-mode=index', '-interval-list=30m', '-range-min-rsi=28', '-range-max-rsi=80', '-range-p-ema=50,250', '-target-margin-list=1.0,1.5,2.0,2.5,3.0,3.5,4.0,4.5,5.0', '-log-level=WARNING']
2023-11-26 20:14:30;UNIUSDT;30m;3.0;200;28;78;100.0;7;133.91;['-batch-training', '-calc-rsi', '-verbose', '-prediction-mode=index', '-interval-list=30m', '-range-min-rsi=28', '-range-max-rsi=80', '-range-p-ema=50,250', '-target-margin-list=1.0,1.5,2.0,2.5,3.0,3.5,4.0,4.5,5.0', '-log-level=WARNING']
2023-11-26 19:41:53;UNIUSDT;30m;3.0;125;28;76;100.0;6;133.91;['-batch-training', '-calc-rsi', '-verbose', '-prediction-mode=index', '-interval-list=30m', '-range-min-rsi=28', '-range-max-rsi=80', '-range-p-ema=50,250', '-target-margin-list=1.0,1.5,2.0,2.5,3.0,3.5,4.0,4.5,5.0', '-log-level=WARNING']
2023-11-26 20:13:58;UNIUSDT;30m;3.0;200;28;74;100.0;6;133.91;['-batch-training', '-calc-rsi', '-verbose', '-prediction-mode=index', '-interval-list=30m', '-range-min-rsi=28', '-range-max-rsi=80', '-range-p-ema=50,250', '-target-margin-list=1.0,1.5,2.0,2.5,3.0,3.5,4.0,4.5,5.0', '-log-level=WARNING']
2023-11-26 19:41:53;UNIUSDT;30m;3.0;125;28;76;100.0;7;133.91;['-batch-training', '-calc-rsi', '-verbose', '-prediction-mode=index', '-interval-list=30m', '-range-min-rsi=28', '-range-max-rsi=80', '-range-p-ema=50,250', '-target-margin-list=1.0,1.5,2.0,2.5,3.0,3.5,4.0,4.5,5.0', '-log-level=WARNING']
2023-11-26 20:13:58;UNIUSDT;30m;3.0;200;28;74;100.0;7;133.91;['-batch-training', '-calc-rsi', '-verbose', '-prediction-mode=index', '-interval-list=30m', '-range-min-rsi=28', '-range-max-rsi=80', '-range-p-ema=50,250', '-target-margin-list=1.0,1.5,2.0,2.5,3.0,3.5,4.0,4.5,5.0', '-log-level=WARNING']
2023-11-26 19:53:05;UNIUSDT;30m;3.0;150;28;74;100.0;6;133.91;['-batch-training', '-calc-rsi', '-verbose', '-prediction-mode=index', '-interval-list=30m', '-range-min-rsi=28', '-range-max-rsi=80', '-range-p-ema=50,250', '-target-margin-list=1.0,1.5,2.0,2.5,3.0,3.5,4.0,4.5,5.0', '-log-level=WARNING']
2023-11-26 19:53:05;UNIUSDT;30m;3.0;150;28;74;100.0;7;133.91;['-batch-training', '-calc-rsi', '-verbose', '-prediction-mode=index', '-interval-list=30m', '-range-min-rsi=28', '-range-max-rsi=80', '-range-p-ema=50,250', '-target-margin-list=1.0,1.5,2.0,2.5,3.0,3.5,4.0,4.5,5.0', '-log-level=WARNING']
2023-11-26 19:53:19;UNIUSDT;30m;3.0;150;28;76;100.0;7;133.91;['-batch-training', '-calc-rsi', '-verbose', '-prediction-mode=index', '-interval-list=30m', '-range-min-rsi=28', '-range-max-rsi=80', '-range-p-ema=50,250', '-target-margin-list=1.0,1.5,2.0,2.5,3.0,3.5,4.0,4.5,5.0', '-log-level=WARNING']
2023-11-26 20:54:14;UNIUSDT;30m;3.0;50;28;74;100.0;6;133.91;['-batch-training', '-calc-rsi', '-verbose', '-prediction-mode=index', '-interval-list=30m', '-range-min-rsi=28', '-range-max-rsi=80', '-range-p-ema=50,250', '-target-margin-list=1.0,1.5,2.0,2.5,3.0,3.5,4.0,4.5,5.0', '-log-level=WARNING']
2023-11-26 19:41:38;UNIUSDT;30m;3.0;125;28;74;100.0;7;133.91;['-batch-training', '-calc-rsi', '-verbose', '-prediction-mode=index', '-interval-list=30m', '-range-min-rsi=28', '-range-max-rsi=80', '-range-p-ema=50,250', '-target-margin-list=1.0,1.5,2.0,2.5,3.0,3.5,4.0,4.5,5.0', '-log-level=WARNING']
2023-11-26 20:54:14;UNIUSDT;30m;3.0;50;28;74;100.0;7;133.91;['-batch-training', '-calc-rsi', '-verbose', '-prediction-mode=index', '-interval-list=30m', '-range-min-rsi=28', '-range-max-rsi=80', '-range-p-ema=50,250', '-target-margin-list=1.0,1.5,2.0,2.5,3.0,3.5,4.0,4.5,5.0', '-log-level=WARNING']
2023-11-26 19:53:19;UNIUSDT;30m;3.0;150;28;76;100.0;6;133.91;['-batch-training', '-calc-rsi', '-verbose', '-prediction-mode=index', '-interval-list=30m', '-range-min-rsi=28', '-range-max-rsi=80', '-range-p-ema=50,250', '-target-margin-list=1.0,1.5,2.0,2.5,3.0,3.5,4.0,4.5,5.0', '-log-level=WARNING']
2023-11-26 19:53:32;UNIUSDT;30m;3.0;150;28;78;100.0;7;133.91;['-batch-training', '-calc-rsi', '-verbose', '-prediction-mode=index', '-interval-list=30m', '-range-min-rsi=28', '-range-max-rsi=80', '-range-p-ema=50,250', '-target-margin-list=1.0,1.5,2.0,2.5,3.0,3.5,4.0,4.5,5.0', '-log-level=WARNING']
2023-11-26 19:53:32;UNIUSDT;30m;3.0;150;28;78;100.0;6;133.91;['-batch-training', '-calc-rsi', '-verbose', '-prediction-mode=index', '-interval-list=30m', '-range-min-rsi=28', '-range-max-rsi=80', '-range-p-ema=50,250', '-target-margin-list=1.0,1.5,2.0,2.5,3.0,3.5,4.0,4.5,5.0', '-log-level=WARNING']
2023-11-26 19:42:09;UNIUSDT;30m;3.0;125;28;78;100.0;6;133.91;['-batch-training', '-calc-rsi', '-verbose', '-prediction-mode=index', '-interval-list=30m', '-range-min-rsi=28', '-range-max-rsi=80', '-range-p-ema=50,250', '-target-margin-list=1.0,1.5,2.0,2.5,3.0,3.5,4.0,4.5,5.0', '-log-level=WARNING']
2023-11-26 19:42:09;UNIUSDT;30m;3.0;125;28;78;100.0;7;133.91;['-batch-training', '-calc-rsi', '-verbose', '-prediction-mode=index', '-interval-list=30m', '-range-min-rsi=28', '-range-max-rsi=80', '-range-p-ema=50,250', '-target-margin-list=1.0,1.5,2.0,2.5,3.0,3.5,4.0,4.5,5.0', '-log-level=WARNING']
2023-11-26 20:14:14;UNIUSDT;30m;3.0;200;28;76;100.0;6;133.91;['-batch-training', '-calc-rsi', '-verbose', '-prediction-mode=index', '-interval-list=30m', '-range-min-rsi=28', '-range-max-rsi=80', '-range-p-ema=50,250', '-target-margin-list=1.0,1.5,2.0,2.5,3.0,3.5,4.0,4.5,5.0', '-log-level=WARNING']
2023-11-26 20:40:17;UNIUSDT;30m;3.0;250;28;76;100.0;6;133.91;['-batch-training', '-calc-rsi', '-verbose', '-prediction-mode=index', '-interval-list=30m', '-range-min-rsi=28', '-range-max-rsi=80', '-range-p-ema=50,250', '-target-margin-list=1.0,1.5,2.0,2.5,3.0,3.5,4.0,4.5,5.0', '-log-level=WARNING']
2023-11-26 20:06:05;UNIUSDT;30m;4.0;175;36;78;100.0;2;133.95;['-batch-training', '-calc-rsi', '-verbose', '-prediction-mode=index', '-interval-list=30m', '-range-min-rsi=28', '-range-max-rsi=80', '-range-p-ema=50,250', '-target-margin-list=1.0,1.5,2.0,2.5,3.0,3.5,4.0,4.5,5.0', '-log-level=WARNING']
2023-11-26 20:17:27;UNIUSDT;30m;4.0;200;36;78;100.0;2;133.95;['-batch-training', '-calc-rsi', '-verbose', '-prediction-mode=index', '-interval-list=30m', '-range-min-rsi=28', '-range-max-rsi=80', '-range-p-ema=50,250', '-target-margin-list=1.0,1.5,2.0,2.5,3.0,3.5,4.0,4.5,5.0', '-log-level=WARNING']
2023-11-26 19:43:51;UNIUSDT;30m;3.5;125;36;80;100.0;3;133.99;['-batch-training', '-calc-rsi', '-verbose', '-prediction-mode=index', '-interval-list=30m', '-range-min-rsi=28', '-range-max-rsi=80', '-range-p-ema=50,250', '-target-margin-list=1.0,1.5,2.0,2.5,3.0,3.5,4.0,4.5,5.0', '-log-level=WARNING']
2023-11-26 20:04:04;UNIUSDT;30m;3.0;175;34;80;100.0;6;133.99;['-batch-training', '-calc-rsi', '-verbose', '-prediction-mode=index', '-interval-list=30m', '-range-min-rsi=28', '-range-max-rsi=80', '-range-p-ema=50,250', '-target-margin-list=1.0,1.5,2.0,2.5,3.0,3.5,4.0,4.5,5.0', '-log-level=WARNING']
2023-11-26 19:32:20;UNIUSDT;30m;3.5;100;36;80;100.0;3;133.99;['-batch-training', '-calc-rsi', '-verbose', '-prediction-mode=index', '-interval-list=30m', '-range-min-rsi=28', '-range-max-rsi=80', '-range-p-ema=50,250', '-target-margin-list=1.0,1.5,2.0,2.5,3.0,3.5,4.0,4.5,5.0', '-log-level=WARNING']
2023-11-26 20:04:04;UNIUSDT;30m;3.0;175;34;80;100.0;7;133.99;['-batch-training', '-calc-rsi', '-verbose', '-prediction-mode=index', '-interval-list=30m', '-range-min-rsi=28', '-range-max-rsi=80', '-range-p-ema=50,250', '-target-margin-list=1.0,1.5,2.0,2.5,3.0,3.5,4.0,4.5,5.0', '-log-level=WARNING']
2023-11-26 20:14:56;UNIUSDT;30m;3.0;200;34;80;100.0;6;133.99;['-batch-training', '-calc-rsi', '-verbose', '-prediction-mode=index', '-interval-list=30m', '-range-min-rsi=28', '-range-max-rsi=80', '-range-p-ema=50,250', '-target-margin-list=1.0,1.5,2.0,2.5,3.0,3.5,4.0,4.5,5.0', '-log-level=WARNING']
2023-11-26 20:14:56;UNIUSDT;30m;3.0;200;34;80;100.0;7;133.99;['-batch-training', '-calc-rsi', '-verbose', '-prediction-mode=index', '-interval-list=30m', '-range-min-rsi=28', '-range-max-rsi=80', '-range-p-ema=50,250', '-target-margin-list=1.0,1.5,2.0,2.5,3.0,3.5,4.0,4.5,5.0', '-log-level=WARNING']
2023-11-26 20:13:58;UNIUSDT;30m;3.0;200;28;74;100.0;3;134.0;['-batch-training', '-calc-rsi', '-verbose', '-prediction-mode=index', '-interval-list=30m', '-range-min-rsi=28', '-range-max-rsi=80', '-range-p-ema=50,250', '-target-margin-list=1.0,1.5,2.0,2.5,3.0,3.5,4.0,4.5,5.0', '-log-level=WARNING']
2023-11-26 21:09:42;UNIUSDT;30m;3.0;75;28;74;100.0;3;134.0;['-batch-training', '-calc-rsi', '-verbose', '-prediction-mode=index', '-interval-list=30m', '-range-min-rsi=28', '-range-max-rsi=80', '-range-p-ema=50,250', '-target-margin-list=1.0,1.5,2.0,2.5,3.0,3.5,4.0,4.5,5.0', '-log-level=WARNING']
2023-11-26 19:53:05;UNIUSDT;30m;3.0;150;28;74;100.0;3;134.0;['-batch-training', '-calc-rsi', '-verbose', '-prediction-mode=index', '-interval-list=30m', '-range-min-rsi=28', '-range-max-rsi=80', '-range-p-ema=50,250', '-target-margin-list=1.0,1.5,2.0,2.5,3.0,3.5,4.0,4.5,5.0', '-log-level=WARNING']
2023-11-26 20:39:59;UNIUSDT;30m;3.0;250;28;74;100.0;3;134.0;['-batch-training', '-calc-rsi', '-verbose', '-prediction-mode=index', '-interval-list=30m', '-range-min-rsi=28', '-range-max-rsi=80', '-range-p-ema=50,250', '-target-margin-list=1.0,1.5,2.0,2.5,3.0,3.5,4.0,4.5,5.0', '-log-level=WARNING']
2023-11-26 20:03:16;UNIUSDT;30m;3.0;175;28;74;100.0;3;134.0;['-batch-training', '-calc-rsi', '-verbose', '-prediction-mode=index', '-interval-list=30m', '-range-min-rsi=28', '-range-max-rsi=80', '-range-p-ema=50,250', '-target-margin-list=1.0,1.5,2.0,2.5,3.0,3.5,4.0,4.5,5.0', '-log-level=WARNING']
2023-11-26 19:41:37;UNIUSDT;30m;3.0;125;28;74;100.0;3;134.0;['-batch-training', '-calc-rsi', '-verbose', '-prediction-mode=index', '-interval-list=30m', '-range-min-rsi=28', '-range-max-rsi=80', '-range-p-ema=50,250', '-target-margin-list=1.0,1.5,2.0,2.5,3.0,3.5,4.0,4.5,5.0', '-log-level=WARNING']
2023-11-26 20:26:38;UNIUSDT;30m;3.0;225;28;74;100.0;3;134.0;['-batch-training', '-calc-rsi', '-verbose', '-prediction-mode=index', '-interval-list=30m', '-range-min-rsi=28', '-range-max-rsi=80', '-range-p-ema=50,250', '-target-margin-list=1.0,1.5,2.0,2.5,3.0,3.5,4.0,4.5,5.0', '-log-level=WARNING']
2023-11-26 19:30:08;UNIUSDT;30m;3.0;100;28;74;100.0;3;134.0;['-batch-training', '-calc-rsi', '-verbose', '-prediction-mode=index', '-interval-list=30m', '-range-min-rsi=28', '-range-max-rsi=80', '-range-p-ema=50,250', '-target-margin-list=1.0,1.5,2.0,2.5,3.0,3.5,4.0,4.5,5.0', '-log-level=WARNING']
2023-11-26 20:54:14;UNIUSDT;30m;3.0;50;28;74;100.0;3;134.0;['-batch-training', '-calc-rsi', '-verbose', '-prediction-mode=index', '-interval-list=30m', '-range-min-rsi=28', '-range-max-rsi=80', '-range-p-ema=50,250', '-target-margin-list=1.0,1.5,2.0,2.5,3.0,3.5,4.0,4.5,5.0', '-log-level=WARNING']
2023-11-26 19:53:02;UNIUSDT;30m;3.0;150;36;72;100.0;3;134.01;['-batch-training', '-calc-rsi', '-verbose', '-prediction-mode=index', '-interval-list=30m', '-range-min-rsi=28', '-range-max-rsi=80', '-range-p-ema=50,250', '-target-margin-list=1.0,1.5,2.0,2.5,3.0,3.5,4.0,4.5,5.0', '-log-level=WARNING']
2023-11-26 20:42:38;UNIUSDT;30m;3.5;250;34;80;100.0;2;134.07;['-batch-training', '-calc-rsi', '-verbose', '-prediction-mode=index', '-interval-list=30m', '-range-min-rsi=28', '-range-max-rsi=80', '-range-p-ema=50,250', '-target-margin-list=1.0,1.5,2.0,2.5,3.0,3.5,4.0,4.5,5.0', '-log-level=WARNING']
2023-11-26 20:40:33;UNIUSDT;30m;3.0;250;36;76;100.0;3;134.15;['-batch-training', '-calc-rsi', '-verbose', '-prediction-mode=index', '-interval-list=30m', '-range-min-rsi=28', '-range-max-rsi=80', '-range-p-ema=50,250', '-target-margin-list=1.0,1.5,2.0,2.5,3.0,3.5,4.0,4.5,5.0', '-log-level=WARNING']
2023-11-26 20:44:48;UNIUSDT;30m;4.5;250;34;74;100.0;4;134.21;['-batch-training', '-calc-rsi', '-verbose', '-prediction-mode=index', '-interval-list=30m', '-range-min-rsi=28', '-range-max-rsi=80', '-range-p-ema=50,250', '-target-margin-list=1.0,1.5,2.0,2.5,3.0,3.5,4.0,4.5,5.0', '-log-level=WARNING']
2023-11-26 19:51:03;UNIUSDT;30m;2.0;150;36;76;100.0;4;134.21;['-batch-training', '-calc-rsi', '-verbose', '-prediction-mode=index', '-interval-list=30m', '-range-min-rsi=28', '-range-max-rsi=80', '-range-p-ema=50,250', '-target-margin-list=1.0,1.5,2.0,2.5,3.0,3.5,4.0,4.5,5.0', '-log-level=WARNING']
2023-11-26 20:45:44;UNIUSDT;30m;4.5;250;34;80;100.0;5;134.21;['-batch-training', '-calc-rsi', '-verbose', '-prediction-mode=index', '-interval-list=30m', '-range-min-rsi=28', '-range-max-rsi=80', '-range-p-ema=50,250', '-target-margin-list=1.0,1.5,2.0,2.5,3.0,3.5,4.0,4.5,5.0', '-log-level=WARNING']
2023-11-26 20:45:44;UNIUSDT;30m;4.5;250;34;80;100.0;4;134.21;['-batch-training', '-calc-rsi', '-verbose', '-prediction-mode=index', '-interval-list=30m', '-range-min-rsi=28', '-range-max-rsi=80', '-range-p-ema=50,250', '-target-margin-list=1.0,1.5,2.0,2.5,3.0,3.5,4.0,4.5,5.0', '-log-level=WARNING']
2023-11-26 20:45:44;UNIUSDT;30m;4.5;250;34;80;100.0;6;134.21;['-batch-training', '-calc-rsi', '-verbose', '-prediction-mode=index', '-interval-list=30m', '-range-min-rsi=28', '-range-max-rsi=80', '-range-p-ema=50,250', '-target-margin-list=1.0,1.5,2.0,2.5,3.0,3.5,4.0,4.5,5.0', '-log-level=WARNING']
2023-11-26 20:45:44;UNIUSDT;30m;4.5;250;34;80;100.0;7;134.21;['-batch-training', '-calc-rsi', '-verbose', '-prediction-mode=index', '-interval-list=30m', '-range-min-rsi=28', '-range-max-rsi=80', '-range-p-ema=50,250', '-target-margin-list=1.0,1.5,2.0,2.5,3.0,3.5,4.0,4.5,5.0', '-log-level=WARNING']
2023-11-26 20:31:46;UNIUSDT;30m;4.5;225;34;78;100.0;4;134.21;['-batch-training', '-calc-rsi', '-verbose', '-prediction-mode=index', '-interval-list=30m', '-range-min-rsi=28', '-range-max-rsi=80', '-range-p-ema=50,250', '-target-margin-list=1.0,1.5,2.0,2.5,3.0,3.5,4.0,4.5,5.0', '-log-level=WARNING']
2023-11-26 20:56:20;UNIUSDT;30m;3.5;50;32;76;100.0;3;134.21;['-batch-training', '-calc-rsi', '-verbose', '-prediction-mode=index', '-interval-list=30m', '-range-min-rsi=28', '-range-max-rsi=80', '-range-p-ema=50,250', '-target-margin-list=1.0,1.5,2.0,2.5,3.0,3.5,4.0,4.5,5.0', '-log-level=WARNING']
2023-11-26 20:31:10;UNIUSDT;30m;4.5;225;34;74;100.0;4;134.21;['-batch-training', '-calc-rsi', '-verbose', '-prediction-mode=index', '-interval-list=30m', '-range-min-rsi=28', '-range-max-rsi=80', '-range-p-ema=50,250', '-target-margin-list=1.0,1.5,2.0,2.5,3.0,3.5,4.0,4.5,5.0', '-log-level=WARNING']
2023-11-26 20:44:48;UNIUSDT;30m;4.5;250;34;74;100.0;6;134.21;['-batch-training', '-calc-rsi', '-verbose', '-prediction-mode=index', '-interval-list=30m', '-range-min-rsi=28', '-range-max-rsi=80', '-range-p-ema=50,250', '-target-margin-list=1.0,1.5,2.0,2.5,3.0,3.5,4.0,4.5,5.0', '-log-level=WARNING']
2023-11-26 20:31:28;UNIUSDT;30m;4.5;225;34;76;100.0;7;134.21;['-batch-training', '-calc-rsi', '-verbose', '-prediction-mode=index', '-interval-list=30m', '-range-min-rsi=28', '-range-max-rsi=80', '-range-p-ema=50,250', '-target-margin-list=1.0,1.5,2.0,2.5,3.0,3.5,4.0,4.5,5.0', '-log-level=WARNING']
2023-11-26 20:31:28;UNIUSDT;30m;4.5;225;34;76;100.0;5;134.21;['-batch-training', '-calc-rsi', '-verbose', '-prediction-mode=index', '-interval-list=30m', '-range-min-rsi=28', '-range-max-rsi=80', '-range-p-ema=50,250', '-target-margin-list=1.0,1.5,2.0,2.5,3.0,3.5,4.0,4.5,5.0', '-log-level=WARNING']
2023-11-26 21:11:59;UNIUSDT;30m;3.5;75;32;76;100.0;3;134.21;['-batch-training', '-calc-rsi', '-verbose', '-prediction-mode=index', '-interval-list=30m', '-range-min-rsi=28', '-range-max-rsi=80', '-range-p-ema=50,250', '-target-margin-list=1.0,1.5,2.0,2.5,3.0,3.5,4.0,4.5,5.0', '-log-level=WARNING']
2023-11-26 20:31:28;UNIUSDT;30m;4.5;225;34;76;100.0;4;134.21;['-batch-training', '-calc-rsi', '-verbose', '-prediction-mode=index', '-interval-list=30m', '-range-min-rsi=28', '-range-max-rsi=80', '-range-p-ema=50,250', '-target-margin-list=1.0,1.5,2.0,2.5,3.0,3.5,4.0,4.5,5.0', '-log-level=WARNING']
2023-11-26 20:31:28;UNIUSDT;30m;4.5;225;34;76;100.0;6;134.21;['-batch-training', '-calc-rsi', '-verbose', '-prediction-mode=index', '-interval-list=30m', '-range-min-rsi=28', '-range-max-rsi=80', '-range-p-ema=50,250', '-target-margin-list=1.0,1.5,2.0,2.5,3.0,3.5,4.0,4.5,5.0', '-log-level=WARNING']
2023-11-26 20:44:48;UNIUSDT;30m;4.5;250;34;74;100.0;7;134.21;['-batch-training', '-calc-rsi', '-verbose', '-prediction-mode=index', '-interval-list=30m', '-range-min-rsi=28', '-range-max-rsi=80', '-range-p-ema=50,250', '-target-margin-list=1.0,1.5,2.0,2.5,3.0,3.5,4.0,4.5,5.0', '-log-level=WARNING']
2023-11-26 20:44:48;UNIUSDT;30m;4.5;250;34;74;100.0;5;134.21;['-batch-training', '-calc-rsi', '-verbose', '-prediction-mode=index', '-interval-list=30m', '-range-min-rsi=28', '-range-max-rsi=80', '-range-p-ema=50,250', '-target-margin-list=1.0,1.5,2.0,2.5,3.0,3.5,4.0,4.5,5.0', '-log-level=WARNING']
2023-11-26 20:31:10;UNIUSDT;30m;4.5;225;34;74;100.0;6;134.21;['-batch-training', '-calc-rsi', '-verbose', '-prediction-mode=index', '-interval-list=30m', '-range-min-rsi=28', '-range-max-rsi=80', '-range-p-ema=50,250', '-target-margin-list=1.0,1.5,2.0,2.5,3.0,3.5,4.0,4.5,5.0', '-log-level=WARNING']
2023-11-26 20:31:10;UNIUSDT;30m;4.5;225;34;74;100.0;7;134.21;['-batch-training', '-calc-rsi', '-verbose', '-prediction-mode=index', '-interval-list=30m', '-range-min-rsi=28', '-range-max-rsi=80', '-range-p-ema=50,250', '-target-margin-list=1.0,1.5,2.0,2.5,3.0,3.5,4.0,4.5,5.0', '-log-level=WARNING']
2023-11-26 20:45:07;UNIUSDT;30m;4.5;250;34;76;100.0;4;134.21;['-batch-training', '-calc-rsi', '-verbose', '-prediction-mode=index', '-interval-list=30m', '-range-min-rsi=28', '-range-max-rsi=80', '-range-p-ema=50,250', '-target-margin-list=1.0,1.5,2.0,2.5,3.0,3.5,4.0,4.5,5.0', '-log-level=WARNING']
2023-11-26 20:31:10;UNIUSDT;30m;4.5;225;34;74;100.0;5;134.21;['-batch-training', '-calc-rsi', '-verbose', '-prediction-mode=index', '-interval-list=30m', '-range-min-rsi=28', '-range-max-rsi=80', '-range-p-ema=50,250', '-target-margin-list=1.0,1.5,2.0,2.5,3.0,3.5,4.0,4.5,5.0', '-log-level=WARNING']
2023-11-26 20:32:03;UNIUSDT;30m;4.5;225;34;80;100.0;5;134.21;['-batch-training', '-calc-rsi', '-verbose', '-prediction-mode=index', '-interval-list=30m', '-range-min-rsi=28', '-range-max-rsi=80', '-range-p-ema=50,250', '-target-margin-list=1.0,1.5,2.0,2.5,3.0,3.5,4.0,4.5,5.0', '-log-level=WARNING']
2023-11-26 20:45:25;UNIUSDT;30m;4.5;250;34;78;100.0;5;134.21;['-batch-training', '-calc-rsi', '-verbose', '-prediction-mode=index', '-interval-list=30m', '-range-min-rsi=28', '-range-max-rsi=80', '-range-p-ema=50,250', '-target-margin-list=1.0,1.5,2.0,2.5,3.0,3.5,4.0,4.5,5.0', '-log-level=WARNING']
2023-11-26 20:45:07;UNIUSDT;30m;4.5;250;34;76;100.0;6;134.21;['-batch-training', '-calc-rsi', '-verbose', '-prediction-mode=index', '-interval-list=30m', '-range-min-rsi=28', '-range-max-rsi=80', '-range-p-ema=50,250', '-target-margin-list=1.0,1.5,2.0,2.5,3.0,3.5,4.0,4.5,5.0', '-log-level=WARNING']
2023-11-26 20:45:25;UNIUSDT;30m;4.5;250;34;78;100.0;6;134.21;['-batch-training', '-calc-rsi', '-verbose', '-prediction-mode=index', '-interval-list=30m', '-range-min-rsi=28', '-range-max-rsi=80', '-range-p-ema=50,250', '-target-margin-list=1.0,1.5,2.0,2.5,3.0,3.5,4.0,4.5,5.0', '-log-level=WARNING']
2023-11-26 20:31:46;UNIUSDT;30m;4.5;225;34;78;100.0;6;134.21;['-batch-training', '-calc-rsi', '-verbose', '-prediction-mode=index', '-interval-list=30m', '-range-min-rsi=28', '-range-max-rsi=80', '-range-p-ema=50,250', '-target-margin-list=1.0,1.5,2.0,2.5,3.0,3.5,4.0,4.5,5.0', '-log-level=WARNING']
2023-11-26 19:31:45;UNIUSDT;30m;3.5;100;32;76;100.0;3;134.21;['-batch-training', '-calc-rsi', '-verbose', '-prediction-mode=index', '-interval-list=30m', '-range-min-rsi=28', '-range-max-rsi=80', '-range-p-ema=50,250', '-target-margin-list=1.0,1.5,2.0,2.5,3.0,3.5,4.0,4.5,5.0', '-log-level=WARNING']
2023-11-26 20:45:25;UNIUSDT;30m;4.5;250;34;78;100.0;7;134.21;['-batch-training', '-calc-rsi', '-verbose', '-prediction-mode=index', '-interval-list=30m', '-range-min-rsi=28', '-range-max-rsi=80', '-range-p-ema=50,250', '-target-margin-list=1.0,1.5,2.0,2.5,3.0,3.5,4.0,4.5,5.0', '-log-level=WARNING']
2023-11-26 20:45:25;UNIUSDT;30m;4.5;250;34;78;100.0;4;134.21;['-batch-training', '-calc-rsi', '-verbose', '-prediction-mode=index', '-interval-list=30m', '-range-min-rsi=28', '-range-max-rsi=80', '-range-p-ema=50,250', '-target-margin-list=1.0,1.5,2.0,2.5,3.0,3.5,4.0,4.5,5.0', '-log-level=WARNING']
2023-11-26 20:32:03;UNIUSDT;30m;4.5;225;34;80;100.0;7;134.21;['-batch-training', '-calc-rsi', '-verbose', '-prediction-mode=index', '-interval-list=30m', '-range-min-rsi=28', '-range-max-rsi=80', '-range-p-ema=50,250', '-target-margin-list=1.0,1.5,2.0,2.5,3.0,3.5,4.0,4.5,5.0', '-log-level=WARNING']
2023-11-26 20:31:46;UNIUSDT;30m;4.5;225;34;78;100.0;7;134.21;['-batch-training', '-calc-rsi', '-verbose', '-prediction-mode=index', '-interval-list=30m', '-range-min-rsi=28', '-range-max-rsi=80', '-range-p-ema=50,250', '-target-margin-list=1.0,1.5,2.0,2.5,3.0,3.5,4.0,4.5,5.0', '-log-level=WARNING']
2023-11-26 20:45:07;UNIUSDT;30m;4.5;250;34;76;100.0;7;134.21;['-batch-training', '-calc-rsi', '-verbose', '-prediction-mode=index', '-interval-list=30m', '-range-min-rsi=28', '-range-max-rsi=80', '-range-p-ema=50,250', '-target-margin-list=1.0,1.5,2.0,2.5,3.0,3.5,4.0,4.5,5.0', '-log-level=WARNING']
2023-11-26 20:45:07;UNIUSDT;30m;4.5;250;34;76;100.0;5;134.21;['-batch-training', '-calc-rsi', '-verbose', '-prediction-mode=index', '-interval-list=30m', '-range-min-rsi=28', '-range-max-rsi=80', '-range-p-ema=50,250', '-target-margin-list=1.0,1.5,2.0,2.5,3.0,3.5,4.0,4.5,5.0', '-log-level=WARNING']
2023-11-26 20:32:03;UNIUSDT;30m;4.5;225;34;80;100.0;6;134.21;['-batch-training', '-calc-rsi', '-verbose', '-prediction-mode=index', '-interval-list=30m', '-range-min-rsi=28', '-range-max-rsi=80', '-range-p-ema=50,250', '-target-margin-list=1.0,1.5,2.0,2.5,3.0,3.5,4.0,4.5,5.0', '-log-level=WARNING']
2023-11-26 20:31:46;UNIUSDT;30m;4.5;225;34;78;100.0;5;134.21;['-batch-training', '-calc-rsi', '-verbose', '-prediction-mode=index', '-interval-list=30m', '-range-min-rsi=28', '-range-max-rsi=80', '-range-p-ema=50,250', '-target-margin-list=1.0,1.5,2.0,2.5,3.0,3.5,4.0,4.5,5.0', '-log-level=WARNING']
2023-11-26 20:32:03;UNIUSDT;30m;4.5;225;34;80;100.0;4;134.21;['-batch-training', '-calc-rsi', '-verbose', '-prediction-mode=index', '-interval-list=30m', '-range-min-rsi=28', '-range-max-rsi=80', '-range-p-ema=50,250', '-target-margin-list=1.0,1.5,2.0,2.5,3.0,3.5,4.0,4.5,5.0', '-log-level=WARNING']
2023-11-26 19:43:15;UNIUSDT;30m;3.5;125;32;76;100.0;3;134.21;['-batch-training', '-calc-rsi', '-verbose', '-prediction-mode=index', '-interval-list=30m', '-range-min-rsi=28', '-range-max-rsi=80', '-range-p-ema=50,250', '-target-margin-list=1.0,1.5,2.0,2.5,3.0,3.5,4.0,4.5,5.0', '-log-level=WARNING']
2023-11-26 20:11:15;UNIUSDT;30m;2.0;200;36;72;100.0;6;134.25;['-batch-training', '-calc-rsi', '-verbose', '-prediction-mode=index', '-interval-list=30m', '-range-min-rsi=28', '-range-max-rsi=80', '-range-p-ema=50,250', '-target-margin-list=1.0,1.5,2.0,2.5,3.0,3.5,4.0,4.5,5.0', '-log-level=WARNING']
2023-11-26 19:42:03;UNIUSDT;30m;3.0;125;34;76;100.0;4;134.29;['-batch-training', '-calc-rsi', '-verbose', '-prediction-mode=index', '-interval-list=30m', '-range-min-rsi=28', '-range-max-rsi=80', '-range-p-ema=50,250', '-target-margin-list=1.0,1.5,2.0,2.5,3.0,3.5,4.0,4.5,5.0', '-log-level=WARNING']
2023-11-26 19:30:32;UNIUSDT;30m;3.0;100;34;76;100.0;4;134.29;['-batch-training', '-calc-rsi', '-verbose', '-prediction-mode=index', '-interval-list=30m', '-range-min-rsi=28', '-range-max-rsi=80', '-range-p-ema=50,250', '-target-margin-list=1.0,1.5,2.0,2.5,3.0,3.5,4.0,4.5,5.0', '-log-level=WARNING']
2023-11-26 20:54:45;UNIUSDT;30m;3.0;50;34;76;100.0;4;134.29;['-batch-training', '-calc-rsi', '-verbose', '-prediction-mode=index', '-interval-list=30m', '-range-min-rsi=28', '-range-max-rsi=80', '-range-p-ema=50,250', '-target-margin-list=1.0,1.5,2.0,2.5,3.0,3.5,4.0,4.5,5.0', '-log-level=WARNING']
2023-11-26 21:10:16;UNIUSDT;30m;3.0;75;34;76;100.0;4;134.29;['-batch-training', '-calc-rsi', '-verbose', '-prediction-mode=index', '-interval-list=30m', '-range-min-rsi=28', '-range-max-rsi=80', '-range-p-ema=50,250', '-target-margin-list=1.0,1.5,2.0,2.5,3.0,3.5,4.0,4.5,5.0', '-log-level=WARNING']
2023-11-26 19:57:16;UNIUSDT;30m;4.5;150;32;80;100.0;7;134.43;['-batch-training', '-calc-rsi', '-verbose', '-prediction-mode=index', '-interval-list=30m', '-range-min-rsi=28', '-range-max-rsi=80', '-range-p-ema=50,250', '-target-margin-list=1.0,1.5,2.0,2.5,3.0,3.5,4.0,4.5,5.0', '-log-level=WARNING']
2023-11-26 20:18:59;UNIUSDT;30m;4.5;200;32;80;100.0;4;134.43;['-batch-training', '-calc-rsi', '-verbose', '-prediction-mode=index', '-interval-list=30m', '-range-min-rsi=28', '-range-max-rsi=80', '-range-p-ema=50,250', '-target-margin-list=1.0,1.5,2.0,2.5,3.0,3.5,4.0,4.5,5.0', '-log-level=WARNING']
2023-11-26 20:18:59;UNIUSDT;30m;4.5;200;32;80;100.0;6;134.43;['-batch-training', '-calc-rsi', '-verbose', '-prediction-mode=index', '-interval-list=30m', '-range-min-rsi=28', '-range-max-rsi=80', '-range-p-ema=50,250', '-target-margin-list=1.0,1.5,2.0,2.5,3.0,3.5,4.0,4.5,5.0', '-log-level=WARNING']
2023-11-26 20:18:59;UNIUSDT;30m;4.5;200;32;80;100.0;5;134.43;['-batch-training', '-calc-rsi', '-verbose', '-prediction-mode=index', '-interval-list=30m', '-range-min-rsi=28', '-range-max-rsi=80', '-range-p-ema=50,250', '-target-margin-list=1.0,1.5,2.0,2.5,3.0,3.5,4.0,4.5,5.0', '-log-level=WARNING']
2023-11-26 19:57:16;UNIUSDT;30m;4.5;150;32;80;100.0;4;134.43;['-batch-training', '-calc-rsi', '-verbose', '-prediction-mode=index', '-interval-list=30m', '-range-min-rsi=28', '-range-max-rsi=80', '-range-p-ema=50,250', '-target-margin-list=1.0,1.5,2.0,2.5,3.0,3.5,4.0,4.5,5.0', '-log-level=WARNING']
2023-11-26 19:57:16;UNIUSDT;30m;4.5;150;32;80;100.0;5;134.43;['-batch-training', '-calc-rsi', '-verbose', '-prediction-mode=index', '-interval-list=30m', '-range-min-rsi=28', '-range-max-rsi=80', '-range-p-ema=50,250', '-target-margin-list=1.0,1.5,2.0,2.5,3.0,3.5,4.0,4.5,5.0', '-log-level=WARNING']
2023-11-26 20:18:59;UNIUSDT;30m;4.5;200;32;80;100.0;7;134.43;['-batch-training', '-calc-rsi', '-verbose', '-prediction-mode=index', '-interval-list=30m', '-range-min-rsi=28', '-range-max-rsi=80', '-range-p-ema=50,250', '-target-margin-list=1.0,1.5,2.0,2.5,3.0,3.5,4.0,4.5,5.0', '-log-level=WARNING']
2023-11-26 19:57:16;UNIUSDT;30m;4.5;150;32;80;100.0;6;134.43;['-batch-training', '-calc-rsi', '-verbose', '-prediction-mode=index', '-interval-list=30m', '-range-min-rsi=28', '-range-max-rsi=80', '-range-p-ema=50,250', '-target-margin-list=1.0,1.5,2.0,2.5,3.0,3.5,4.0,4.5,5.0', '-log-level=WARNING']
2023-11-26 20:45:41;UNIUSDT;30m;4.5;250;32;80;100.0;4;134.43;['-batch-training', '-calc-rsi', '-verbose', '-prediction-mode=index', '-interval-list=30m', '-range-min-rsi=28', '-range-max-rsi=80', '-range-p-ema=50,250', '-target-margin-list=1.0,1.5,2.0,2.5,3.0,3.5,4.0,4.5,5.0', '-log-level=WARNING']
2023-11-26 20:45:41;UNIUSDT;30m;4.5;250;32;80;100.0;5;134.43;['-batch-training', '-calc-rsi', '-verbose', '-prediction-mode=index', '-interval-list=30m', '-range-min-rsi=28', '-range-max-rsi=80', '-range-p-ema=50,250', '-target-margin-list=1.0,1.5,2.0,2.5,3.0,3.5,4.0,4.5,5.0', '-log-level=WARNING']
2023-11-26 20:45:41;UNIUSDT;30m;4.5;250;32;80;100.0;6;134.43;['-batch-training', '-calc-rsi', '-verbose', '-prediction-mode=index', '-interval-list=30m', '-range-min-rsi=28', '-range-max-rsi=80', '-range-p-ema=50,250', '-target-margin-list=1.0,1.5,2.0,2.5,3.0,3.5,4.0,4.5,5.0', '-log-level=WARNING']
2023-11-26 20:45:41;UNIUSDT;30m;4.5;250;32;80;100.0;7;134.43;['-batch-training', '-calc-rsi', '-verbose', '-prediction-mode=index', '-interval-list=30m', '-range-min-rsi=28', '-range-max-rsi=80', '-range-p-ema=50,250', '-target-margin-list=1.0,1.5,2.0,2.5,3.0,3.5,4.0,4.5,5.0', '-log-level=WARNING']
2023-11-26 20:07:19;UNIUSDT;30m;4.5;175;32;80;100.0;5;134.43;['-batch-training', '-calc-rsi', '-verbose', '-prediction-mode=index', '-interval-list=30m', '-range-min-rsi=28', '-range-max-rsi=80', '-range-p-ema=50,250', '-target-margin-list=1.0,1.5,2.0,2.5,3.0,3.5,4.0,4.5,5.0', '-log-level=WARNING']
2023-11-26 20:32:00;UNIUSDT;30m;4.5;225;32;80;100.0;6;134.43;['-batch-training', '-calc-rsi', '-verbose', '-prediction-mode=index', '-interval-list=30m', '-range-min-rsi=28', '-range-max-rsi=80', '-range-p-ema=50,250', '-target-margin-list=1.0,1.5,2.0,2.5,3.0,3.5,4.0,4.5,5.0', '-log-level=WARNING']
2023-11-26 20:07:19;UNIUSDT;30m;4.5;175;32;80;100.0;4;134.43;['-batch-training', '-calc-rsi', '-verbose', '-prediction-mode=index', '-interval-list=30m', '-range-min-rsi=28', '-range-max-rsi=80', '-range-p-ema=50,250', '-target-margin-list=1.0,1.5,2.0,2.5,3.0,3.5,4.0,4.5,5.0', '-log-level=WARNING']
2023-11-26 20:31:59;UNIUSDT;30m;4.5;225;32;80;100.0;4;134.43;['-batch-training', '-calc-rsi', '-verbose', '-prediction-mode=index', '-interval-list=30m', '-range-min-rsi=28', '-range-max-rsi=80', '-range-p-ema=50,250', '-target-margin-list=1.0,1.5,2.0,2.5,3.0,3.5,4.0,4.5,5.0', '-log-level=WARNING']
2023-11-26 20:31:59;UNIUSDT;30m;4.5;225;32;80;100.0;7;134.43;['-batch-training', '-calc-rsi', '-verbose', '-prediction-mode=index', '-interval-list=30m', '-range-min-rsi=28', '-range-max-rsi=80', '-range-p-ema=50,250', '-target-margin-list=1.0,1.5,2.0,2.5,3.0,3.5,4.0,4.5,5.0', '-log-level=WARNING']
2023-11-26 20:32:00;UNIUSDT;30m;4.5;225;32;80;100.0;5;134.43;['-batch-training', '-calc-rsi', '-verbose', '-prediction-mode=index', '-interval-list=30m', '-range-min-rsi=28', '-range-max-rsi=80', '-range-p-ema=50,250', '-target-margin-list=1.0,1.5,2.0,2.5,3.0,3.5,4.0,4.5,5.0', '-log-level=WARNING']
2023-11-26 20:07:19;UNIUSDT;30m;4.5;175;32;80;100.0;6;134.43;['-batch-training', '-calc-rsi', '-verbose', '-prediction-mode=index', '-interval-list=30m', '-range-min-rsi=28', '-range-max-rsi=80', '-range-p-ema=50,250', '-target-margin-list=1.0,1.5,2.0,2.5,3.0,3.5,4.0,4.5,5.0', '-log-level=WARNING']
2023-11-26 20:07:19;UNIUSDT;30m;4.5;175;32;80;100.0;7;134.43;['-batch-training', '-calc-rsi', '-verbose', '-prediction-mode=index', '-interval-list=30m', '-range-min-rsi=28', '-range-max-rsi=80', '-range-p-ema=50,250', '-target-margin-list=1.0,1.5,2.0,2.5,3.0,3.5,4.0,4.5,5.0', '-log-level=WARNING']
2023-11-26 20:40:29;UNIUSDT;30m;3.0;250;34;76;100.0;3;134.45;['-batch-training', '-calc-rsi', '-verbose', '-prediction-mode=index', '-interval-list=30m', '-range-min-rsi=28', '-range-max-rsi=80', '-range-p-ema=50,250', '-target-margin-list=1.0,1.5,2.0,2.5,3.0,3.5,4.0,4.5,5.0', '-log-level=WARNING']
2023-11-26 20:44:12;UNIUSDT;30m;4.0;250;34;80;100.0;2;134.46;['-batch-training', '-calc-rsi', '-verbose', '-prediction-mode=index', '-interval-list=30m', '-range-min-rsi=28', '-range-max-rsi=80', '-range-p-ema=50,250', '-target-margin-list=1.0,1.5,2.0,2.5,3.0,3.5,4.0,4.5,5.0', '-log-level=WARNING']
2023-11-26 20:30:36;UNIUSDT;30m;4.0;225;34;80;100.0;2;134.46;['-batch-training', '-calc-rsi', '-verbose', '-prediction-mode=index', '-interval-list=30m', '-range-min-rsi=28', '-range-max-rsi=80', '-range-p-ema=50,250', '-target-margin-list=1.0,1.5,2.0,2.5,3.0,3.5,4.0,4.5,5.0', '-log-level=WARNING']
2023-11-26 19:46:08;UNIUSDT;30m;4.5;125;36;78;100.0;3;134.54;['-batch-training', '-calc-rsi', '-verbose', '-prediction-mode=index', '-interval-list=30m', '-range-min-rsi=28', '-range-max-rsi=80', '-range-p-ema=50,250', '-target-margin-list=1.0,1.5,2.0,2.5,3.0,3.5,4.0,4.5,5.0', '-log-level=WARNING']
2023-11-26 19:34:33;UNIUSDT;30m;4.5;100;36;78;100.0;3;134.54;['-batch-training', '-calc-rsi', '-verbose', '-prediction-mode=index', '-interval-list=30m', '-range-min-rsi=28', '-range-max-rsi=80', '-range-p-ema=50,250', '-target-margin-list=1.0,1.5,2.0,2.5,3.0,3.5,4.0,4.5,5.0', '-log-level=WARNING']
2023-11-26 21:00:07;UNIUSDT;30m;4.5;50;36;78;100.0;3;134.54;['-batch-training', '-calc-rsi', '-verbose', '-prediction-mode=index', '-interval-list=30m', '-range-min-rsi=28', '-range-max-rsi=80', '-range-p-ema=50,250', '-target-margin-list=1.0,1.5,2.0,2.5,3.0,3.5,4.0,4.5,5.0', '-log-level=WARNING']
2023-11-26 21:15:36;UNIUSDT;30m;4.5;75;36;78;100.0;3;134.54;['-batch-training', '-calc-rsi', '-verbose', '-prediction-mode=index', '-interval-list=30m', '-range-min-rsi=28', '-range-max-rsi=80', '-range-p-ema=50,250', '-target-margin-list=1.0,1.5,2.0,2.5,3.0,3.5,4.0,4.5,5.0', '-log-level=WARNING']
2023-11-26 20:41:39;UNIUSDT;30m;3.5;250;32;74;100.0;2;134.6;['-batch-training', '-calc-rsi', '-verbose', '-prediction-mode=index', '-interval-list=30m', '-range-min-rsi=28', '-range-max-rsi=80', '-range-p-ema=50,250', '-target-margin-list=1.0,1.5,2.0,2.5,3.0,3.5,4.0,4.5,5.0', '-log-level=WARNING']
2023-11-26 19:53:13;UNIUSDT;30m;3.0;150;34;74;100.0;3;134.6;['-batch-training', '-calc-rsi', '-verbose', '-prediction-mode=index', '-interval-list=30m', '-range-min-rsi=28', '-range-max-rsi=80', '-range-p-ema=50,250', '-target-margin-list=1.0,1.5,2.0,2.5,3.0,3.5,4.0,4.5,5.0', '-log-level=WARNING']
2023-11-26 20:01:25;UNIUSDT;30m;2.0;175;36;76;100.0;4;134.62;['-batch-training', '-calc-rsi', '-verbose', '-prediction-mode=index', '-interval-list=30m', '-range-min-rsi=28', '-range-max-rsi=80', '-range-p-ema=50,250', '-target-margin-list=1.0,1.5,2.0,2.5,3.0,3.5,4.0,4.5,5.0', '-log-level=WARNING']
2023-11-26 19:43:00;UNIUSDT;30m;3.5;125;32;74;100.0;2;134.64;['-batch-training', '-calc-rsi', '-verbose', '-prediction-mode=index', '-interval-list=30m', '-range-min-rsi=28', '-range-max-rsi=80', '-range-p-ema=50,250', '-target-margin-list=1.0,1.5,2.0,2.5,3.0,3.5,4.0,4.5,5.0', '-log-level=WARNING']
2023-11-26 20:28:16;UNIUSDT;30m;3.5;225;34;74;100.0;2;134.64;['-batch-training', '-calc-rsi', '-verbose', '-prediction-mode=index', '-interval-list=30m', '-range-min-rsi=28', '-range-max-rsi=80', '-range-p-ema=50,250', '-target-margin-list=1.0,1.5,2.0,2.5,3.0,3.5,4.0,4.5,5.0', '-log-level=WARNING']
2023-11-26 19:31:30;UNIUSDT;30m;3.5;100;32;74;100.0;2;134.64;['-batch-training', '-calc-rsi', '-verbose', '-prediction-mode=index', '-interval-list=30m', '-range-min-rsi=28', '-range-max-rsi=80', '-range-p-ema=50,250', '-target-margin-list=1.0,1.5,2.0,2.5,3.0,3.5,4.0,4.5,5.0', '-log-level=WARNING']
2023-11-26 20:56:00;UNIUSDT;30m;3.5;50;32;74;100.0;2;134.64;['-batch-training', '-calc-rsi', '-verbose', '-prediction-mode=index', '-interval-list=30m', '-range-min-rsi=28', '-range-max-rsi=80', '-range-p-ema=50,250', '-target-margin-list=1.0,1.5,2.0,2.5,3.0,3.5,4.0,4.5,5.0', '-log-level=WARNING']
2023-11-26 21:11:38;UNIUSDT;30m;3.5;75;32;74;100.0;2;134.64;['-batch-training', '-calc-rsi', '-verbose', '-prediction-mode=index', '-interval-list=30m', '-range-min-rsi=28', '-range-max-rsi=80', '-range-p-ema=50,250', '-target-margin-list=1.0,1.5,2.0,2.5,3.0,3.5,4.0,4.5,5.0', '-log-level=WARNING']
2023-11-26 20:58:38;UNIUSDT;30m;4.0;50;32;80;100.0;2;134.65;['-batch-training', '-calc-rsi', '-verbose', '-prediction-mode=index', '-interval-list=30m', '-range-min-rsi=28', '-range-max-rsi=80', '-range-p-ema=50,250', '-target-margin-list=1.0,1.5,2.0,2.5,3.0,3.5,4.0,4.5,5.0', '-log-level=WARNING']
2023-11-26 21:14:21;UNIUSDT;30m;4.0;75;32;80;100.0;2;134.65;['-batch-training', '-calc-rsi', '-verbose', '-prediction-mode=index', '-interval-list=30m', '-range-min-rsi=28', '-range-max-rsi=80', '-range-p-ema=50,250', '-target-margin-list=1.0,1.5,2.0,2.5,3.0,3.5,4.0,4.5,5.0', '-log-level=WARNING']
2023-11-26 19:45:00;UNIUSDT;30m;4.0;125;32;80;100.0;2;134.65;['-batch-training', '-calc-rsi', '-verbose', '-prediction-mode=index', '-interval-list=30m', '-range-min-rsi=28', '-range-max-rsi=80', '-range-p-ema=50,250', '-target-margin-list=1.0,1.5,2.0,2.5,3.0,3.5,4.0,4.5,5.0', '-log-level=WARNING']
2023-11-26 19:33:28;UNIUSDT;30m;4.0;100;32;80;100.0;2;134.65;['-batch-training', '-calc-rsi', '-verbose', '-prediction-mode=index', '-interval-list=30m', '-range-min-rsi=28', '-range-max-rsi=80', '-range-p-ema=50,250', '-target-margin-list=1.0,1.5,2.0,2.5,3.0,3.5,4.0,4.5,5.0', '-log-level=WARNING']
2023-11-26 19:47:31;UNIUSDT;30m;5.0;125;30;80;100.0;2;134.67;['-batch-training', '-calc-rsi', '-verbose', '-prediction-mode=index', '-interval-list=30m', '-range-min-rsi=28', '-range-max-rsi=80', '-range-p-ema=50,250', '-target-margin-list=1.0,1.5,2.0,2.5,3.0,3.5,4.0,4.5,5.0', '-log-level=WARNING']
2023-11-26 20:33:24;UNIUSDT;30m;5.0;225;30;80;100.0;2;134.67;['-batch-training', '-calc-rsi', '-verbose', '-prediction-mode=index', '-interval-list=30m', '-range-min-rsi=28', '-range-max-rsi=80', '-range-p-ema=50,250', '-target-margin-list=1.0,1.5,2.0,2.5,3.0,3.5,4.0,4.5,5.0', '-log-level=WARNING']
2023-11-26 21:17:07;UNIUSDT;30m;5.0;75;30;80;100.0;2;134.67;['-batch-training', '-calc-rsi', '-verbose', '-prediction-mode=index', '-interval-list=30m', '-range-min-rsi=28', '-range-max-rsi=80', '-range-p-ema=50,250', '-target-margin-list=1.0,1.5,2.0,2.5,3.0,3.5,4.0,4.5,5.0', '-log-level=WARNING']
2023-11-26 19:35:56;UNIUSDT;30m;5.0;100;30;80;100.0;2;134.67;['-batch-training', '-calc-rsi', '-verbose', '-prediction-mode=index', '-interval-list=30m', '-range-min-rsi=28', '-range-max-rsi=80', '-range-p-ema=50,250', '-target-margin-list=1.0,1.5,2.0,2.5,3.0,3.5,4.0,4.5,5.0', '-log-level=WARNING']
2023-11-26 20:47:10;UNIUSDT;30m;5.0;250;30;80;100.0;2;134.67;['-batch-training', '-calc-rsi', '-verbose', '-prediction-mode=index', '-interval-list=30m', '-range-min-rsi=28', '-range-max-rsi=80', '-range-p-ema=50,250', '-target-margin-list=1.0,1.5,2.0,2.5,3.0,3.5,4.0,4.5,5.0', '-log-level=WARNING']
2023-11-26 20:08:22;UNIUSDT;30m;5.0;175;30;80;100.0;2;134.67;['-batch-training', '-calc-rsi', '-verbose', '-prediction-mode=index', '-interval-list=30m', '-range-min-rsi=28', '-range-max-rsi=80', '-range-p-ema=50,250', '-target-margin-list=1.0,1.5,2.0,2.5,3.0,3.5,4.0,4.5,5.0', '-log-level=WARNING']
2023-11-26 21:01:56;UNIUSDT;30m;5.0;50;30;80;100.0;2;134.67;['-batch-training', '-calc-rsi', '-verbose', '-prediction-mode=index', '-interval-list=30m', '-range-min-rsi=28', '-range-max-rsi=80', '-range-p-ema=50,250', '-target-margin-list=1.0,1.5,2.0,2.5,3.0,3.5,4.0,4.5,5.0', '-log-level=WARNING']
2023-11-26 20:20:20;UNIUSDT;30m;5.0;200;30;80;100.0;2;134.67;['-batch-training', '-calc-rsi', '-verbose', '-prediction-mode=index', '-interval-list=30m', '-range-min-rsi=28', '-range-max-rsi=80', '-range-p-ema=50,250', '-target-margin-list=1.0,1.5,2.0,2.5,3.0,3.5,4.0,4.5,5.0', '-log-level=WARNING']
2023-11-26 19:58:20;UNIUSDT;30m;5.0;150;30;80;100.0;2;134.67;['-batch-training', '-calc-rsi', '-verbose', '-prediction-mode=index', '-interval-list=30m', '-range-min-rsi=28', '-range-max-rsi=80', '-range-p-ema=50,250', '-target-margin-list=1.0,1.5,2.0,2.5,3.0,3.5,4.0,4.5,5.0', '-log-level=WARNING']
2023-11-26 21:00:03;UNIUSDT;30m;4.5;50;34;78;100.0;3;134.84;['-batch-training', '-calc-rsi', '-verbose', '-prediction-mode=index', '-interval-list=30m', '-range-min-rsi=28', '-range-max-rsi=80', '-range-p-ema=50,250', '-target-margin-list=1.0,1.5,2.0,2.5,3.0,3.5,4.0,4.5,5.0', '-log-level=WARNING']
2023-11-26 21:15:33;UNIUSDT;30m;4.5;75;34;78;100.0;3;134.84;['-batch-training', '-calc-rsi', '-verbose', '-prediction-mode=index', '-interval-list=30m', '-range-min-rsi=28', '-range-max-rsi=80', '-range-p-ema=50,250', '-target-margin-list=1.0,1.5,2.0,2.5,3.0,3.5,4.0,4.5,5.0', '-log-level=WARNING']
2023-11-26 19:46:05;UNIUSDT;30m;4.5;125;34;78;100.0;3;134.84;['-batch-training', '-calc-rsi', '-verbose', '-prediction-mode=index', '-interval-list=30m', '-range-min-rsi=28', '-range-max-rsi=80', '-range-p-ema=50,250', '-target-margin-list=1.0,1.5,2.0,2.5,3.0,3.5,4.0,4.5,5.0', '-log-level=WARNING']
2023-11-26 19:34:30;UNIUSDT;30m;4.5;100;34;78;100.0;3;134.84;['-batch-training', '-calc-rsi', '-verbose', '-prediction-mode=index', '-interval-list=30m', '-range-min-rsi=28', '-range-max-rsi=80', '-range-p-ema=50,250', '-target-margin-list=1.0,1.5,2.0,2.5,3.0,3.5,4.0,4.5,5.0', '-log-level=WARNING']
2023-11-26 20:13:35;UNIUSDT;30m;2.5;200;34;80;100.0;3;134.85;['-batch-training', '-calc-rsi', '-verbose', '-prediction-mode=index', '-interval-list=30m', '-range-min-rsi=28', '-range-max-rsi=80', '-range-p-ema=50,250', '-target-margin-list=1.0,1.5,2.0,2.5,3.0,3.5,4.0,4.5,5.0', '-log-level=WARNING']
2023-11-26 20:45:41;UNIUSDT;30m;4.5;250;32;80;100.0;2;134.86;['-batch-training', '-calc-rsi', '-verbose', '-prediction-mode=index', '-interval-list=30m', '-range-min-rsi=28', '-range-max-rsi=80', '-range-p-ema=50,250', '-target-margin-list=1.0,1.5,2.0,2.5,3.0,3.5,4.0,4.5,5.0', '-log-level=WARNING']
2023-11-26 20:18:59;UNIUSDT;30m;4.5;200;32;80;100.0;2;134.86;['-batch-training', '-calc-rsi', '-verbose', '-prediction-mode=index', '-interval-list=30m', '-range-min-rsi=28', '-range-max-rsi=80', '-range-p-ema=50,250', '-target-margin-list=1.0,1.5,2.0,2.5,3.0,3.5,4.0,4.5,5.0', '-log-level=WARNING']
2023-11-26 20:31:59;UNIUSDT;30m;4.5;225;32;80;100.0;2;134.86;['-batch-training', '-calc-rsi', '-verbose', '-prediction-mode=index', '-interval-list=30m', '-range-min-rsi=28', '-range-max-rsi=80', '-range-p-ema=50,250', '-target-margin-list=1.0,1.5,2.0,2.5,3.0,3.5,4.0,4.5,5.0', '-log-level=WARNING']
2023-11-26 20:07:19;UNIUSDT;30m;4.5;175;32;80;100.0;2;134.86;['-batch-training', '-calc-rsi', '-verbose', '-prediction-mode=index', '-interval-list=30m', '-range-min-rsi=28', '-range-max-rsi=80', '-range-p-ema=50,250', '-target-margin-list=1.0,1.5,2.0,2.5,3.0,3.5,4.0,4.5,5.0', '-log-level=WARNING']
2023-11-26 20:01:37;UNIUSDT;30m;2.0;175;34;78;100.0;3;134.91;['-batch-training', '-calc-rsi', '-verbose', '-prediction-mode=index', '-interval-list=30m', '-range-min-rsi=28', '-range-max-rsi=80', '-range-p-ema=50,250', '-target-margin-list=1.0,1.5,2.0,2.5,3.0,3.5,4.0,4.5,5.0', '-log-level=WARNING']
2023-11-26 20:41:46;UNIUSDT;30m;3.5;250;36;74;100.0;2;134.93;['-batch-training', '-calc-rsi', '-verbose', '-prediction-mode=index', '-interval-list=30m', '-range-min-rsi=28', '-range-max-rsi=80', '-range-p-ema=50,250', '-target-margin-list=1.0,1.5,2.0,2.5,3.0,3.5,4.0,4.5,5.0', '-log-level=WARNING']
2023-11-26 20:04:06;UNIUSDT;30m;3.0;175;36;80;100.0;6;134.97;['-batch-training', '-calc-rsi', '-verbose', '-prediction-mode=index', '-interval-list=30m', '-range-min-rsi=28', '-range-max-rsi=80', '-range-p-ema=50,250', '-target-margin-list=1.0,1.5,2.0,2.5,3.0,3.5,4.0,4.5,5.0', '-log-level=WARNING']
2023-11-26 20:14:59;UNIUSDT;30m;3.0;200;36;80;100.0;7;134.97;['-batch-training', '-calc-rsi', '-verbose', '-prediction-mode=index', '-interval-list=30m', '-range-min-rsi=28', '-range-max-rsi=80', '-range-p-ema=50,250', '-target-margin-list=1.0,1.5,2.0,2.5,3.0,3.5,4.0,4.5,5.0', '-log-level=WARNING']
2023-11-26 20:14:59;UNIUSDT;30m;3.0;200;36;80;100.0;6;134.97;['-batch-training', '-calc-rsi', '-verbose', '-prediction-mode=index', '-interval-list=30m', '-range-min-rsi=28', '-range-max-rsi=80', '-range-p-ema=50,250', '-target-margin-list=1.0,1.5,2.0,2.5,3.0,3.5,4.0,4.5,5.0', '-log-level=WARNING']
2023-11-26 20:04:06;UNIUSDT;30m;3.0;175;36;80;100.0;7;134.97;['-batch-training', '-calc-rsi', '-verbose', '-prediction-mode=index', '-interval-list=30m', '-range-min-rsi=28', '-range-max-rsi=80', '-range-p-ema=50,250', '-target-margin-list=1.0,1.5,2.0,2.5,3.0,3.5,4.0,4.5,5.0', '-log-level=WARNING']
2023-11-26 19:50:47;UNIUSDT;30m;2.0;150;36;74;100.0;4;134.99;['-batch-training', '-calc-rsi', '-verbose', '-prediction-mode=index', '-interval-list=30m', '-range-min-rsi=28', '-range-max-rsi=80', '-range-p-ema=50,250', '-target-margin-list=1.0,1.5,2.0,2.5,3.0,3.5,4.0,4.5,5.0', '-log-level=WARNING']
2023-11-26 19:35:44;UNIUSDT;30m;5.0;100;32;78;100.0;2;135.09;['-batch-training', '-calc-rsi', '-verbose', '-prediction-mode=index', '-interval-list=30m', '-range-min-rsi=28', '-range-max-rsi=80', '-range-p-ema=50,250', '-target-margin-list=1.0,1.5,2.0,2.5,3.0,3.5,4.0,4.5,5.0', '-log-level=WARNING']
2023-11-26 21:01:40;UNIUSDT;30m;5.0;50;32;78;100.0;2;135.09;['-batch-training', '-calc-rsi', '-verbose', '-prediction-mode=index', '-interval-list=30m', '-range-min-rsi=28', '-range-max-rsi=80', '-range-p-ema=50,250', '-target-margin-list=1.0,1.5,2.0,2.5,3.0,3.5,4.0,4.5,5.0', '-log-level=WARNING']
2023-11-26 19:47:19;UNIUSDT;30m;5.0;125;32;78;100.0;2;135.09;['-batch-training', '-calc-rsi', '-verbose', '-prediction-mode=index', '-interval-list=30m', '-range-min-rsi=28', '-range-max-rsi=80', '-range-p-ema=50,250', '-target-margin-list=1.0,1.5,2.0,2.5,3.0,3.5,4.0,4.5,5.0', '-log-level=WARNING']
2023-11-26 21:16:54;UNIUSDT;30m;5.0;75;32;78;100.0;2;135.09;['-batch-training', '-calc-rsi', '-verbose', '-prediction-mode=index', '-interval-list=30m', '-range-min-rsi=28', '-range-max-rsi=80', '-range-p-ema=50,250', '-target-margin-list=1.0,1.5,2.0,2.5,3.0,3.5,4.0,4.5,5.0', '-log-level=WARNING']
2023-11-26 21:14:27;UNIUSDT;30m;4.0;75;36;80;100.0;3;135.11;['-batch-training', '-calc-rsi', '-verbose', '-prediction-mode=index', '-interval-list=30m', '-range-min-rsi=28', '-range-max-rsi=80', '-range-p-ema=50,250', '-target-margin-list=1.0,1.5,2.0,2.5,3.0,3.5,4.0,4.5,5.0', '-log-level=WARNING']
2023-11-26 20:58:46;UNIUSDT;30m;4.0;50;36;80;100.0;3;135.11;['-batch-training', '-calc-rsi', '-verbose', '-prediction-mode=index', '-interval-list=30m', '-range-min-rsi=28', '-range-max-rsi=80', '-range-p-ema=50,250', '-target-margin-list=1.0,1.5,2.0,2.5,3.0,3.5,4.0,4.5,5.0', '-log-level=WARNING']
2023-11-26 20:26:51;UNIUSDT;30m;3.0;225;36;74;100.0;3;135.15;['-batch-training', '-calc-rsi', '-verbose', '-prediction-mode=index', '-interval-list=30m', '-range-min-rsi=28', '-range-max-rsi=80', '-range-p-ema=50,250', '-target-margin-list=1.0,1.5,2.0,2.5,3.0,3.5,4.0,4.5,5.0', '-log-level=WARNING']
2023-11-26 19:56:00;UNIUSDT;30m;4.0;150;36;78;100.0;2;135.19;['-batch-training', '-calc-rsi', '-verbose', '-prediction-mode=index', '-interval-list=30m', '-range-min-rsi=28', '-range-max-rsi=80', '-range-p-ema=50,250', '-target-margin-list=1.0,1.5,2.0,2.5,3.0,3.5,4.0,4.5,5.0', '-log-level=WARNING']
2023-11-26 20:01:50;UNIUSDT;30m;2.0;175;34;80;100.0;3;135.24;['-batch-training', '-calc-rsi', '-verbose', '-prediction-mode=index', '-interval-list=30m', '-range-min-rsi=28', '-range-max-rsi=80', '-range-p-ema=50,250', '-target-margin-list=1.0,1.5,2.0,2.5,3.0,3.5,4.0,4.5,5.0', '-log-level=WARNING']
2023-11-26 21:11:16;UNIUSDT;30m;3.5;75;32;72;100.0;3;135.25;['-batch-training', '-calc-rsi', '-verbose', '-prediction-mode=index', '-interval-list=30m', '-range-min-rsi=28', '-range-max-rsi=80', '-range-p-ema=50,250', '-target-margin-list=1.0,1.5,2.0,2.5,3.0,3.5,4.0,4.5,5.0', '-log-level=WARNING']
2023-11-26 20:55:40;UNIUSDT;30m;3.5;50;32;72;100.0;3;135.25;['-batch-training', '-calc-rsi', '-verbose', '-prediction-mode=index', '-interval-list=30m', '-range-min-rsi=28', '-range-max-rsi=80', '-range-p-ema=50,250', '-target-margin-list=1.0,1.5,2.0,2.5,3.0,3.5,4.0,4.5,5.0', '-log-level=WARNING']
2023-11-26 19:31:15;UNIUSDT;30m;3.5;100;32;72;100.0;3;135.25;['-batch-training', '-calc-rsi', '-verbose', '-prediction-mode=index', '-interval-list=30m', '-range-min-rsi=28', '-range-max-rsi=80', '-range-p-ema=50,250', '-target-margin-list=1.0,1.5,2.0,2.5,3.0,3.5,4.0,4.5,5.0', '-log-level=WARNING']
2023-11-26 19:42:45;UNIUSDT;30m;3.5;125;32;72;100.0;3;135.25;['-batch-training', '-calc-rsi', '-verbose', '-prediction-mode=index', '-interval-list=30m', '-range-min-rsi=28', '-range-max-rsi=80', '-range-p-ema=50,250', '-target-margin-list=1.0,1.5,2.0,2.5,3.0,3.5,4.0,4.5,5.0', '-log-level=WARNING']
2023-11-26 20:07:16;UNIUSDT;30m;4.5;175;30;80;100.0;4;135.32;['-batch-training', '-calc-rsi', '-verbose', '-prediction-mode=index', '-interval-list=30m', '-range-min-rsi=28', '-range-max-rsi=80', '-range-p-ema=50,250', '-target-margin-list=1.0,1.5,2.0,2.5,3.0,3.5,4.0,4.5,5.0', '-log-level=WARNING']
2023-11-26 19:57:14;UNIUSDT;30m;4.5;150;30;80;100.0;7;135.32;['-batch-training', '-calc-rsi', '-verbose', '-prediction-mode=index', '-interval-list=30m', '-range-min-rsi=28', '-range-max-rsi=80', '-range-p-ema=50,250', '-target-margin-list=1.0,1.5,2.0,2.5,3.0,3.5,4.0,4.5,5.0', '-log-level=WARNING']
2023-11-26 20:45:37;UNIUSDT;30m;4.5;250;30;80;100.0;7;135.32;['-batch-training', '-calc-rsi', '-verbose', '-prediction-mode=index', '-interval-list=30m', '-range-min-rsi=28', '-range-max-rsi=80', '-range-p-ema=50,250', '-target-margin-list=1.0,1.5,2.0,2.5,3.0,3.5,4.0,4.5,5.0', '-log-level=WARNING']
2023-11-26 20:07:16;UNIUSDT;30m;4.5;175;30;80;100.0;6;135.32;['-batch-training', '-calc-rsi', '-verbose', '-prediction-mode=index', '-interval-list=30m', '-range-min-rsi=28', '-range-max-rsi=80', '-range-p-ema=50,250', '-target-margin-list=1.0,1.5,2.0,2.5,3.0,3.5,4.0,4.5,5.0', '-log-level=WARNING']
2023-11-26 20:45:37;UNIUSDT;30m;4.5;250;30;80;100.0;5;135.32;['-batch-training', '-calc-rsi', '-verbose', '-prediction-mode=index', '-interval-list=30m', '-range-min-rsi=28', '-range-max-rsi=80', '-range-p-ema=50,250', '-target-margin-list=1.0,1.5,2.0,2.5,3.0,3.5,4.0,4.5,5.0', '-log-level=WARNING']
2023-11-26 20:31:56;UNIUSDT;30m;4.5;225;30;80;100.0;5;135.32;['-batch-training', '-calc-rsi', '-verbose', '-prediction-mode=index', '-interval-list=30m', '-range-min-rsi=28', '-range-max-rsi=80', '-range-p-ema=50,250', '-target-margin-list=1.0,1.5,2.0,2.5,3.0,3.5,4.0,4.5,5.0', '-log-level=WARNING']
2023-11-26 20:31:56;UNIUSDT;30m;4.5;225;30;80;100.0;4;135.32;['-batch-training', '-calc-rsi', '-verbose', '-prediction-mode=index', '-interval-list=30m', '-range-min-rsi=28', '-range-max-rsi=80', '-range-p-ema=50,250', '-target-margin-list=1.0,1.5,2.0,2.5,3.0,3.5,4.0,4.5,5.0', '-log-level=WARNING']
2023-11-26 20:31:56;UNIUSDT;30m;4.5;225;30;80;100.0;6;135.32;['-batch-training', '-calc-rsi', '-verbose', '-prediction-mode=index', '-interval-list=30m', '-range-min-rsi=28', '-range-max-rsi=80', '-range-p-ema=50,250', '-target-margin-list=1.0,1.5,2.0,2.5,3.0,3.5,4.0,4.5,5.0', '-log-level=WARNING']
2023-11-26 20:31:56;UNIUSDT;30m;4.5;225;30;80;100.0;7;135.32;['-batch-training', '-calc-rsi', '-verbose', '-prediction-mode=index', '-interval-list=30m', '-range-min-rsi=28', '-range-max-rsi=80', '-range-p-ema=50,250', '-target-margin-list=1.0,1.5,2.0,2.5,3.0,3.5,4.0,4.5,5.0', '-log-level=WARNING']
2023-11-26 21:00:15;UNIUSDT;30m;4.5;50;30;80;100.0;4;135.32;['-batch-training', '-calc-rsi', '-verbose', '-prediction-mode=index', '-interval-list=30m', '-range-min-rsi=28', '-range-max-rsi=80', '-range-p-ema=50,250', '-target-margin-list=1.0,1.5,2.0,2.5,3.0,3.5,4.0,4.5,5.0', '-log-level=WARNING']
2023-11-26 21:00:15;UNIUSDT;30m;4.5;50;30;80;100.0;5;135.32;['-batch-training', '-calc-rsi', '-verbose', '-prediction-mode=index', '-interval-list=30m', '-range-min-rsi=28', '-range-max-rsi=80', '-range-p-ema=50,250', '-target-margin-list=1.0,1.5,2.0,2.5,3.0,3.5,4.0,4.5,5.0', '-log-level=WARNING']
2023-11-26 19:46:14;UNIUSDT;30m;4.5;125;30;80;100.0;5;135.32;['-batch-training', '-calc-rsi', '-verbose', '-prediction-mode=index', '-interval-list=30m', '-range-min-rsi=28', '-range-max-rsi=80', '-range-p-ema=50,250', '-target-margin-list=1.0,1.5,2.0,2.5,3.0,3.5,4.0,4.5,5.0', '-log-level=WARNING']
2023-11-26 20:45:37;UNIUSDT;30m;4.5;250;30;80;100.0;6;135.32;['-batch-training', '-calc-rsi', '-verbose', '-prediction-mode=index', '-interval-list=30m', '-range-min-rsi=28', '-range-max-rsi=80', '-range-p-ema=50,250', '-target-margin-list=1.0,1.5,2.0,2.5,3.0,3.5,4.0,4.5,5.0', '-log-level=WARNING']
2023-11-26 21:00:15;UNIUSDT;30m;4.5;50;30;80;100.0;6;135.32;['-batch-training', '-calc-rsi', '-verbose', '-prediction-mode=index', '-interval-list=30m', '-range-min-rsi=28', '-range-max-rsi=80', '-range-p-ema=50,250', '-target-margin-list=1.0,1.5,2.0,2.5,3.0,3.5,4.0,4.5,5.0', '-log-level=WARNING']
2023-11-26 19:46:14;UNIUSDT;30m;4.5;125;30;80;100.0;4;135.32;['-batch-training', '-calc-rsi', '-verbose', '-prediction-mode=index', '-interval-list=30m', '-range-min-rsi=28', '-range-max-rsi=80', '-range-p-ema=50,250', '-target-margin-list=1.0,1.5,2.0,2.5,3.0,3.5,4.0,4.5,5.0', '-log-level=WARNING']
2023-11-26 19:46:14;UNIUSDT;30m;4.5;125;30;80;100.0;7;135.32;['-batch-training', '-calc-rsi', '-verbose', '-prediction-mode=index', '-interval-list=30m', '-range-min-rsi=28', '-range-max-rsi=80', '-range-p-ema=50,250', '-target-margin-list=1.0,1.5,2.0,2.5,3.0,3.5,4.0,4.5,5.0', '-log-level=WARNING']
2023-11-26 21:00:15;UNIUSDT;30m;4.5;50;30;80;100.0;7;135.32;['-batch-training', '-calc-rsi', '-verbose', '-prediction-mode=index', '-interval-list=30m', '-range-min-rsi=28', '-range-max-rsi=80', '-range-p-ema=50,250', '-target-margin-list=1.0,1.5,2.0,2.5,3.0,3.5,4.0,4.5,5.0', '-log-level=WARNING']
2023-11-26 20:07:16;UNIUSDT;30m;4.5;175;30;80;100.0;5;135.32;['-batch-training', '-calc-rsi', '-verbose', '-prediction-mode=index', '-interval-list=30m', '-range-min-rsi=28', '-range-max-rsi=80', '-range-p-ema=50,250', '-target-margin-list=1.0,1.5,2.0,2.5,3.0,3.5,4.0,4.5,5.0', '-log-level=WARNING']
2023-11-26 20:07:16;UNIUSDT;30m;4.5;175;30;80;100.0;7;135.32;['-batch-training', '-calc-rsi', '-verbose', '-prediction-mode=index', '-interval-list=30m', '-range-min-rsi=28', '-range-max-rsi=80', '-range-p-ema=50,250', '-target-margin-list=1.0,1.5,2.0,2.5,3.0,3.5,4.0,4.5,5.0', '-log-level=WARNING']
2023-11-26 19:57:13;UNIUSDT;30m;4.5;150;30;80;100.0;6;135.32;['-batch-training', '-calc-rsi', '-verbose', '-prediction-mode=index', '-interval-list=30m', '-range-min-rsi=28', '-range-max-rsi=80', '-range-p-ema=50,250', '-target-margin-list=1.0,1.5,2.0,2.5,3.0,3.5,4.0,4.5,5.0', '-log-level=WARNING']
2023-11-26 20:45:37;UNIUSDT;30m;4.5;250;30;80;100.0;4;135.32;['-batch-training', '-calc-rsi', '-verbose', '-prediction-mode=index', '-interval-list=30m', '-range-min-rsi=28', '-range-max-rsi=80', '-range-p-ema=50,250', '-target-margin-list=1.0,1.5,2.0,2.5,3.0,3.5,4.0,4.5,5.0', '-log-level=WARNING']
2023-11-26 19:46:14;UNIUSDT;30m;4.5;125;30;80;100.0;6;135.32;['-batch-training', '-calc-rsi', '-verbose', '-prediction-mode=index', '-interval-list=30m', '-range-min-rsi=28', '-range-max-rsi=80', '-range-p-ema=50,250', '-target-margin-list=1.0,1.5,2.0,2.5,3.0,3.5,4.0,4.5,5.0', '-log-level=WARNING']
2023-11-26 19:57:13;UNIUSDT;30m;4.5;150;30;80;100.0;4;135.32;['-batch-training', '-calc-rsi', '-verbose', '-prediction-mode=index', '-interval-list=30m', '-range-min-rsi=28', '-range-max-rsi=80', '-range-p-ema=50,250', '-target-margin-list=1.0,1.5,2.0,2.5,3.0,3.5,4.0,4.5,5.0', '-log-level=WARNING']
2023-11-26 19:34:39;UNIUSDT;30m;4.5;100;30;80;100.0;4;135.32;['-batch-training', '-calc-rsi', '-verbose', '-prediction-mode=index', '-interval-list=30m', '-range-min-rsi=28', '-range-max-rsi=80', '-range-p-ema=50,250', '-target-margin-list=1.0,1.5,2.0,2.5,3.0,3.5,4.0,4.5,5.0', '-log-level=WARNING']
2023-11-26 21:15:43;UNIUSDT;30m;4.5;75;30;80;100.0;6;135.32;['-batch-training', '-calc-rsi', '-verbose', '-prediction-mode=index', '-interval-list=30m', '-range-min-rsi=28', '-range-max-rsi=80', '-range-p-ema=50,250', '-target-margin-list=1.0,1.5,2.0,2.5,3.0,3.5,4.0,4.5,5.0', '-log-level=WARNING']
2023-11-26 21:15:43;UNIUSDT;30m;4.5;75;30;80;100.0;7;135.32;['-batch-training', '-calc-rsi', '-verbose', '-prediction-mode=index', '-interval-list=30m', '-range-min-rsi=28', '-range-max-rsi=80', '-range-p-ema=50,250', '-target-margin-list=1.0,1.5,2.0,2.5,3.0,3.5,4.0,4.5,5.0', '-log-level=WARNING']
2023-11-26 21:15:43;UNIUSDT;30m;4.5;75;30;80;100.0;5;135.32;['-batch-training', '-calc-rsi', '-verbose', '-prediction-mode=index', '-interval-list=30m', '-range-min-rsi=28', '-range-max-rsi=80', '-range-p-ema=50,250', '-target-margin-list=1.0,1.5,2.0,2.5,3.0,3.5,4.0,4.5,5.0', '-log-level=WARNING']
2023-11-26 19:57:13;UNIUSDT;30m;4.5;150;30;80;100.0;5;135.32;['-batch-training', '-calc-rsi', '-verbose', '-prediction-mode=index', '-interval-list=30m', '-range-min-rsi=28', '-range-max-rsi=80', '-range-p-ema=50,250', '-target-margin-list=1.0,1.5,2.0,2.5,3.0,3.5,4.0,4.5,5.0', '-log-level=WARNING']
2023-11-26 19:34:39;UNIUSDT;30m;4.5;100;30;80;100.0;7;135.32;['-batch-training', '-calc-rsi', '-verbose', '-prediction-mode=index', '-interval-list=30m', '-range-min-rsi=28', '-range-max-rsi=80', '-range-p-ema=50,250', '-target-margin-list=1.0,1.5,2.0,2.5,3.0,3.5,4.0,4.5,5.0', '-log-level=WARNING']
2023-11-26 20:18:56;UNIUSDT;30m;4.5;200;30;80;100.0;5;135.32;['-batch-training', '-calc-rsi', '-verbose', '-prediction-mode=index', '-interval-list=30m', '-range-min-rsi=28', '-range-max-rsi=80', '-range-p-ema=50,250', '-target-margin-list=1.0,1.5,2.0,2.5,3.0,3.5,4.0,4.5,5.0', '-log-level=WARNING']
2023-11-26 20:18:56;UNIUSDT;30m;4.5;200;30;80;100.0;6;135.32;['-batch-training', '-calc-rsi', '-verbose', '-prediction-mode=index', '-interval-list=30m', '-range-min-rsi=28', '-range-max-rsi=80', '-range-p-ema=50,250', '-target-margin-list=1.0,1.5,2.0,2.5,3.0,3.5,4.0,4.5,5.0', '-log-level=WARNING']
2023-11-26 21:15:43;UNIUSDT;30m;4.5;75;30;80;100.0;4;135.32;['-batch-training', '-calc-rsi', '-verbose', '-prediction-mode=index', '-interval-list=30m', '-range-min-rsi=28', '-range-max-rsi=80', '-range-p-ema=50,250', '-target-margin-list=1.0,1.5,2.0,2.5,3.0,3.5,4.0,4.5,5.0', '-log-level=WARNING']
2023-11-26 20:18:56;UNIUSDT;30m;4.5;200;30;80;100.0;7;135.32;['-batch-training', '-calc-rsi', '-verbose', '-prediction-mode=index', '-interval-list=30m', '-range-min-rsi=28', '-range-max-rsi=80', '-range-p-ema=50,250', '-target-margin-list=1.0,1.5,2.0,2.5,3.0,3.5,4.0,4.5,5.0', '-log-level=WARNING']
2023-11-26 19:34:39;UNIUSDT;30m;4.5;100;30;80;100.0;6;135.32;['-batch-training', '-calc-rsi', '-verbose', '-prediction-mode=index', '-interval-list=30m', '-range-min-rsi=28', '-range-max-rsi=80', '-range-p-ema=50,250', '-target-margin-list=1.0,1.5,2.0,2.5,3.0,3.5,4.0,4.5,5.0', '-log-level=WARNING']
2023-11-26 20:18:56;UNIUSDT;30m;4.5;200;30;80;100.0;4;135.32;['-batch-training', '-calc-rsi', '-verbose', '-prediction-mode=index', '-interval-list=30m', '-range-min-rsi=28', '-range-max-rsi=80', '-range-p-ema=50,250', '-target-margin-list=1.0,1.5,2.0,2.5,3.0,3.5,4.0,4.5,5.0', '-log-level=WARNING']
2023-11-26 19:34:39;UNIUSDT;30m;4.5;100;30;80;100.0;5;135.32;['-batch-training', '-calc-rsi', '-verbose', '-prediction-mode=index', '-interval-list=30m', '-range-min-rsi=28', '-range-max-rsi=80', '-range-p-ema=50,250', '-target-margin-list=1.0,1.5,2.0,2.5,3.0,3.5,4.0,4.5,5.0', '-log-level=WARNING']
2023-11-26 20:27:27;UNIUSDT;30m;3.0;225;36;78;100.0;7;135.33;['-batch-training', '-calc-rsi', '-verbose', '-prediction-mode=index', '-interval-list=30m', '-range-min-rsi=28', '-range-max-rsi=80', '-range-p-ema=50,250', '-target-margin-list=1.0,1.5,2.0,2.5,3.0,3.5,4.0,4.5,5.0', '-log-level=WARNING']
2023-11-26 20:27:27;UNIUSDT;30m;3.0;225;36;78;100.0;6;135.33;['-batch-training', '-calc-rsi', '-verbose', '-prediction-mode=index', '-interval-list=30m', '-range-min-rsi=28', '-range-max-rsi=80', '-range-p-ema=50,250', '-target-margin-list=1.0,1.5,2.0,2.5,3.0,3.5,4.0,4.5,5.0', '-log-level=WARNING']
2023-11-26 19:51:16;UNIUSDT;30m;2.0;150;34;78;100.0;3;135.33;['-batch-training', '-calc-rsi', '-verbose', '-prediction-mode=index', '-interval-list=30m', '-range-min-rsi=28', '-range-max-rsi=80', '-range-p-ema=50,250', '-target-margin-list=1.0,1.5,2.0,2.5,3.0,3.5,4.0,4.5,5.0', '-log-level=WARNING']
2023-11-26 20:27:09;UNIUSDT;30m;3.0;225;36;76;100.0;6;135.33;['-batch-training', '-calc-rsi', '-verbose', '-prediction-mode=index', '-interval-list=30m', '-range-min-rsi=28', '-range-max-rsi=80', '-range-p-ema=50,250', '-target-margin-list=1.0,1.5,2.0,2.5,3.0,3.5,4.0,4.5,5.0', '-log-level=WARNING']
2023-11-26 20:27:09;UNIUSDT;30m;3.0;225;36;76;100.0;7;135.33;['-batch-training', '-calc-rsi', '-verbose', '-prediction-mode=index', '-interval-list=30m', '-range-min-rsi=28', '-range-max-rsi=80', '-range-p-ema=50,250', '-target-margin-list=1.0,1.5,2.0,2.5,3.0,3.5,4.0,4.5,5.0', '-log-level=WARNING']
2023-11-26 20:26:51;UNIUSDT;30m;3.0;225;36;74;100.0;6;135.33;['-batch-training', '-calc-rsi', '-verbose', '-prediction-mode=index', '-interval-list=30m', '-range-min-rsi=28', '-range-max-rsi=80', '-range-p-ema=50,250', '-target-margin-list=1.0,1.5,2.0,2.5,3.0,3.5,4.0,4.5,5.0', '-log-level=WARNING']
2023-11-26 20:26:51;UNIUSDT;30m;3.0;225;36;74;100.0;7;135.33;['-batch-training', '-calc-rsi', '-verbose', '-prediction-mode=index', '-interval-list=30m', '-range-min-rsi=28', '-range-max-rsi=80', '-range-p-ema=50,250', '-target-margin-list=1.0,1.5,2.0,2.5,3.0,3.5,4.0,4.5,5.0', '-log-level=WARNING']
2023-11-26 20:00:56;UNIUSDT;30m;2.0;175;34;72;100.0;4;135.35;['-batch-training', '-calc-rsi', '-verbose', '-prediction-mode=index', '-interval-list=30m', '-range-min-rsi=28', '-range-max-rsi=80', '-range-p-ema=50,250', '-target-margin-list=1.0,1.5,2.0,2.5,3.0,3.5,4.0,4.5,5.0', '-log-level=WARNING']
2023-11-26 19:52:46;UNIUSDT;30m;2.5;150;34;80;100.0;5;135.36;['-batch-training', '-calc-rsi', '-verbose', '-prediction-mode=index', '-interval-list=30m', '-range-min-rsi=28', '-range-max-rsi=80', '-range-p-ema=50,250', '-target-margin-list=1.0,1.5,2.0,2.5,3.0,3.5,4.0,4.5,5.0', '-log-level=WARNING']
2023-11-26 20:13:35;UNIUSDT;30m;2.5;200;34;80;100.0;5;135.36;['-batch-training', '-calc-rsi', '-verbose', '-prediction-mode=index', '-interval-list=30m', '-range-min-rsi=28', '-range-max-rsi=80', '-range-p-ema=50,250', '-target-margin-list=1.0,1.5,2.0,2.5,3.0,3.5,4.0,4.5,5.0', '-log-level=WARNING']
2023-11-26 20:02:58;UNIUSDT;30m;2.5;175;34;80;100.0;5;135.36;['-batch-training', '-calc-rsi', '-verbose', '-prediction-mode=index', '-interval-list=30m', '-range-min-rsi=28', '-range-max-rsi=80', '-range-p-ema=50,250', '-target-margin-list=1.0,1.5,2.0,2.5,3.0,3.5,4.0,4.5,5.0', '-log-level=WARNING']
2023-11-26 20:15:31;UNIUSDT;30m;3.5;200;36;74;100.0;2;135.4;['-batch-training', '-calc-rsi', '-verbose', '-prediction-mode=index', '-interval-list=30m', '-range-min-rsi=28', '-range-max-rsi=80', '-range-p-ema=50,250', '-target-margin-list=1.0,1.5,2.0,2.5,3.0,3.5,4.0,4.5,5.0', '-log-level=WARNING']
2023-11-26 19:53:00;UNIUSDT;30m;3.0;150;34;72;100.0;4;135.4;['-batch-training', '-calc-rsi', '-verbose', '-prediction-mode=index', '-interval-list=30m', '-range-min-rsi=28', '-range-max-rsi=80', '-range-p-ema=50,250', '-target-margin-list=1.0,1.5,2.0,2.5,3.0,3.5,4.0,4.5,5.0', '-log-level=WARNING']
2023-11-26 20:04:32;UNIUSDT;30m;3.5;175;36;74;100.0;2;135.4;['-batch-training', '-calc-rsi', '-verbose', '-prediction-mode=index', '-interval-list=30m', '-range-min-rsi=28', '-range-max-rsi=80', '-range-p-ema=50,250', '-target-margin-list=1.0,1.5,2.0,2.5,3.0,3.5,4.0,4.5,5.0', '-log-level=WARNING']
2023-11-26 20:01:12;UNIUSDT;30m;2.0;175;36;74;100.0;4;135.41;['-batch-training', '-calc-rsi', '-verbose', '-prediction-mode=index', '-interval-list=30m', '-range-min-rsi=28', '-range-max-rsi=80', '-range-p-ema=50,250', '-target-margin-list=1.0,1.5,2.0,2.5,3.0,3.5,4.0,4.5,5.0', '-log-level=WARNING']
2023-11-26 20:04:50;UNIUSDT;30m;3.5;175;30;78;100.0;2;135.49;['-batch-training', '-calc-rsi', '-verbose', '-prediction-mode=index', '-interval-list=30m', '-range-min-rsi=28', '-range-max-rsi=80', '-range-p-ema=50,250', '-target-margin-list=1.0,1.5,2.0,2.5,3.0,3.5,4.0,4.5,5.0', '-log-level=WARNING']
2023-11-26 20:28:45;UNIUSDT;30m;3.5;225;30;78;100.0;2;135.49;['-batch-training', '-calc-rsi', '-verbose', '-prediction-mode=index', '-interval-list=30m', '-range-min-rsi=28', '-range-max-rsi=80', '-range-p-ema=50,250', '-target-margin-list=1.0,1.5,2.0,2.5,3.0,3.5,4.0,4.5,5.0', '-log-level=WARNING']
2023-11-26 19:52:46;UNIUSDT;30m;2.5;150;34;80;100.0;3;135.49;['-batch-training', '-calc-rsi', '-verbose', '-prediction-mode=index', '-interval-list=30m', '-range-min-rsi=28', '-range-max-rsi=80', '-range-p-ema=50,250', '-target-margin-list=1.0,1.5,2.0,2.5,3.0,3.5,4.0,4.5,5.0', '-log-level=WARNING']
2023-11-26 20:15:54;UNIUSDT;30m;3.5;200;30;78;100.0;2;135.49;['-batch-training', '-calc-rsi', '-verbose', '-prediction-mode=index', '-interval-list=30m', '-range-min-rsi=28', '-range-max-rsi=80', '-range-p-ema=50,250', '-target-margin-list=1.0,1.5,2.0,2.5,3.0,3.5,4.0,4.5,5.0', '-log-level=WARNING']
2023-11-26 20:11:59;UNIUSDT;30m;2.0;200;34;78;100.0;3;135.62;['-batch-training', '-calc-rsi', '-verbose', '-prediction-mode=index', '-interval-list=30m', '-range-min-rsi=28', '-range-max-rsi=80', '-range-p-ema=50,250', '-target-margin-list=1.0,1.5,2.0,2.5,3.0,3.5,4.0,4.5,5.0', '-log-level=WARNING']
2023-11-26 20:39:01;UNIUSDT;30m;2.5;250;36;76;100.0;3;135.64;['-batch-training', '-calc-rsi', '-verbose', '-prediction-mode=index', '-interval-list=30m', '-range-min-rsi=28', '-range-max-rsi=80', '-range-p-ema=50,250', '-target-margin-list=1.0,1.5,2.0,2.5,3.0,3.5,4.0,4.5,5.0', '-log-level=WARNING']
2023-11-26 20:16:53;UNIUSDT;30m;4.0;200;36;74;100.0;2;135.65;['-batch-training', '-calc-rsi', '-verbose', '-prediction-mode=index', '-interval-list=30m', '-range-min-rsi=28', '-range-max-rsi=80', '-range-p-ema=50,250', '-target-margin-list=1.0,1.5,2.0,2.5,3.0,3.5,4.0,4.5,5.0', '-log-level=WARNING']
2023-11-26 20:05:39;UNIUSDT;30m;4.0;175;36;74;100.0;2;135.65;['-batch-training', '-calc-rsi', '-verbose', '-prediction-mode=index', '-interval-list=30m', '-range-min-rsi=28', '-range-max-rsi=80', '-range-p-ema=50,250', '-target-margin-list=1.0,1.5,2.0,2.5,3.0,3.5,4.0,4.5,5.0', '-log-level=WARNING']
2023-11-26 19:51:31;UNIUSDT;30m;2.0;150;34;80;100.0;3;135.67;['-batch-training', '-calc-rsi', '-verbose', '-prediction-mode=index', '-interval-list=30m', '-range-min-rsi=28', '-range-max-rsi=80', '-range-p-ema=50,250', '-target-margin-list=1.0,1.5,2.0,2.5,3.0,3.5,4.0,4.5,5.0', '-log-level=WARNING']
2023-11-26 20:05:51;UNIUSDT;30m;4.0;175;36;76;100.0;2;135.68;['-batch-training', '-calc-rsi', '-verbose', '-prediction-mode=index', '-interval-list=30m', '-range-min-rsi=28', '-range-max-rsi=80', '-range-p-ema=50,250', '-target-margin-list=1.0,1.5,2.0,2.5,3.0,3.5,4.0,4.5,5.0', '-log-level=WARNING']
2023-11-26 20:17:10;UNIUSDT;30m;4.0;200;36;76;100.0;2;135.68;['-batch-training', '-calc-rsi', '-verbose', '-prediction-mode=index', '-interval-list=30m', '-range-min-rsi=28', '-range-max-rsi=80', '-range-p-ema=50,250', '-target-margin-list=1.0,1.5,2.0,2.5,3.0,3.5,4.0,4.5,5.0', '-log-level=WARNING']
2023-11-26 20:39:15;UNIUSDT;30m;2.5;250;34;78;100.0;7;135.7;['-batch-training', '-calc-rsi', '-verbose', '-prediction-mode=index', '-interval-list=30m', '-range-min-rsi=28', '-range-max-rsi=80', '-range-p-ema=50,250', '-target-margin-list=1.0,1.5,2.0,2.5,3.0,3.5,4.0,4.5,5.0', '-log-level=WARNING']
2023-11-26 20:38:39;UNIUSDT;30m;2.5;250;34;74;100.0;7;135.7;['-batch-training', '-calc-rsi', '-verbose', '-prediction-mode=index', '-interval-list=30m', '-range-min-rsi=28', '-range-max-rsi=80', '-range-p-ema=50,250', '-target-margin-list=1.0,1.5,2.0,2.5,3.0,3.5,4.0,4.5,5.0', '-log-level=WARNING']
2023-11-26 20:38:56;UNIUSDT;30m;2.5;250;34;76;100.0;7;135.7;['-batch-training', '-calc-rsi', '-verbose', '-prediction-mode=index', '-interval-list=30m', '-range-min-rsi=28', '-range-max-rsi=80', '-range-p-ema=50,250', '-target-margin-list=1.0,1.5,2.0,2.5,3.0,3.5,4.0,4.5,5.0', '-log-level=WARNING']
2023-11-26 20:39:48;UNIUSDT;30m;3.0;250;32;72;100.0;6;135.72;['-batch-training', '-calc-rsi', '-verbose', '-prediction-mode=index', '-interval-list=30m', '-range-min-rsi=28', '-range-max-rsi=80', '-range-p-ema=50,250', '-target-margin-list=1.0,1.5,2.0,2.5,3.0,3.5,4.0,4.5,5.0', '-log-level=WARNING']
2023-11-26 19:55:32;UNIUSDT;30m;4.0;150;36;74;100.0;2;135.73;['-batch-training', '-calc-rsi', '-verbose', '-prediction-mode=index', '-interval-list=30m', '-range-min-rsi=28', '-range-max-rsi=80', '-range-p-ema=50,250', '-target-margin-list=1.0,1.5,2.0,2.5,3.0,3.5,4.0,4.5,5.0', '-log-level=WARNING']
2023-11-26 19:41:32;UNIUSDT;30m;3.0;125;34;72;100.0;6;135.75;['-batch-training', '-calc-rsi', '-verbose', '-prediction-mode=index', '-interval-list=30m', '-range-min-rsi=28', '-range-max-rsi=80', '-range-p-ema=50,250', '-target-margin-list=1.0,1.5,2.0,2.5,3.0,3.5,4.0,4.5,5.0', '-log-level=WARNING']
2023-11-26 19:30:03;UNIUSDT;30m;3.0;100;34;72;100.0;6;135.75;['-batch-training', '-calc-rsi', '-verbose', '-prediction-mode=index', '-interval-list=30m', '-range-min-rsi=28', '-range-max-rsi=80', '-range-p-ema=50,250', '-target-margin-list=1.0,1.5,2.0,2.5,3.0,3.5,4.0,4.5,5.0', '-log-level=WARNING']
2023-11-26 20:54:06;UNIUSDT;30m;3.0;50;34;72;100.0;6;135.75;['-batch-training', '-calc-rsi', '-verbose', '-prediction-mode=index', '-interval-list=30m', '-range-min-rsi=28', '-range-max-rsi=80', '-range-p-ema=50,250', '-target-margin-list=1.0,1.5,2.0,2.5,3.0,3.5,4.0,4.5,5.0', '-log-level=WARNING']
2023-11-26 21:09:34;UNIUSDT;30m;3.0;75;34;72;100.0;6;135.75;['-batch-training', '-calc-rsi', '-verbose', '-prediction-mode=index', '-interval-list=30m', '-range-min-rsi=28', '-range-max-rsi=80', '-range-p-ema=50,250', '-target-margin-list=1.0,1.5,2.0,2.5,3.0,3.5,4.0,4.5,5.0', '-log-level=WARNING']
2023-11-26 19:55:46;UNIUSDT;30m;4.0;150;36;76;100.0;2;135.76;['-batch-training', '-calc-rsi', '-verbose', '-prediction-mode=index', '-interval-list=30m', '-range-min-rsi=28', '-range-max-rsi=80', '-range-p-ema=50,250', '-target-margin-list=1.0,1.5,2.0,2.5,3.0,3.5,4.0,4.5,5.0', '-log-level=WARNING']
2023-11-26 19:41:50;UNIUSDT;30m;3.0;125;36;74;100.0;2;135.77;['-batch-training', '-calc-rsi', '-verbose', '-prediction-mode=index', '-interval-list=30m', '-range-min-rsi=28', '-range-max-rsi=80', '-range-p-ema=50,250', '-target-margin-list=1.0,1.5,2.0,2.5,3.0,3.5,4.0,4.5,5.0', '-log-level=WARNING']
2023-11-26 20:54:30;UNIUSDT;30m;3.0;50;36;74;100.0;2;135.77;['-batch-training', '-calc-rsi', '-verbose', '-prediction-mode=index', '-interval-list=30m', '-range-min-rsi=28', '-range-max-rsi=80', '-range-p-ema=50,250', '-target-margin-list=1.0,1.5,2.0,2.5,3.0,3.5,4.0,4.5,5.0', '-log-level=WARNING']
2023-11-26 19:30:20;UNIUSDT;30m;3.0;100;36;74;100.0;2;135.77;['-batch-training', '-calc-rsi', '-verbose', '-prediction-mode=index', '-interval-list=30m', '-range-min-rsi=28', '-range-max-rsi=80', '-range-p-ema=50,250', '-target-margin-list=1.0,1.5,2.0,2.5,3.0,3.5,4.0,4.5,5.0', '-log-level=WARNING']
2023-11-26 21:10:00;UNIUSDT;30m;3.0;75;36;74;100.0;2;135.77;['-batch-training', '-calc-rsi', '-verbose', '-prediction-mode=index', '-interval-list=30m', '-range-min-rsi=28', '-range-max-rsi=80', '-range-p-ema=50,250', '-target-margin-list=1.0,1.5,2.0,2.5,3.0,3.5,4.0,4.5,5.0', '-log-level=WARNING']
2023-11-26 19:50:29;UNIUSDT;30m;2.0;150;34;72;100.0;4;135.78;['-batch-training', '-calc-rsi', '-verbose', '-prediction-mode=index', '-interval-list=30m', '-range-min-rsi=28', '-range-max-rsi=80', '-range-p-ema=50,250', '-target-margin-list=1.0,1.5,2.0,2.5,3.0,3.5,4.0,4.5,5.0', '-log-level=WARNING']
2023-11-26 19:58:24;UNIUSDT;30m;5.0;150;34;80;100.0;2;135.81;['-batch-training', '-calc-rsi', '-verbose', '-prediction-mode=index', '-interval-list=30m', '-range-min-rsi=28', '-range-max-rsi=80', '-range-p-ema=50,250', '-target-margin-list=1.0,1.5,2.0,2.5,3.0,3.5,4.0,4.5,5.0', '-log-level=WARNING']
2023-11-26 21:06:02;UNIUSDT;30m;2.0;75;36;72;100.0;6;135.82;['-batch-training', '-calc-rsi', '-verbose', '-prediction-mode=index', '-interval-list=30m', '-range-min-rsi=28', '-range-max-rsi=80', '-range-p-ema=50,250', '-target-margin-list=1.0,1.5,2.0,2.5,3.0,3.5,4.0,4.5,5.0', '-log-level=WARNING']
2023-11-26 19:39:01;UNIUSDT;30m;2.0;125;36;72;100.0;6;135.82;['-batch-training', '-calc-rsi', '-verbose', '-prediction-mode=index', '-interval-list=30m', '-range-min-rsi=28', '-range-max-rsi=80', '-range-p-ema=50,250', '-target-margin-list=1.0,1.5,2.0,2.5,3.0,3.5,4.0,4.5,5.0', '-log-level=WARNING']
2023-11-26 20:07:21;UNIUSDT;30m;4.5;175;34;80;100.0;2;135.82;['-batch-training', '-calc-rsi', '-verbose', '-prediction-mode=index', '-interval-list=30m', '-range-min-rsi=28', '-range-max-rsi=80', '-range-p-ema=50,250', '-target-margin-list=1.0,1.5,2.0,2.5,3.0,3.5,4.0,4.5,5.0', '-log-level=WARNING']
2023-11-26 19:27:31;UNIUSDT;30m;2.0;100;36;72;100.0;6;135.82;['-batch-training', '-calc-rsi', '-verbose', '-prediction-mode=index', '-interval-list=30m', '-range-min-rsi=28', '-range-max-rsi=80', '-range-p-ema=50,250', '-target-margin-list=1.0,1.5,2.0,2.5,3.0,3.5,4.0,4.5,5.0', '-log-level=WARNING']
2023-11-26 20:50:53;UNIUSDT;30m;2.0;50;36;72;100.0;6;135.82;['-batch-training', '-calc-rsi', '-verbose', '-prediction-mode=index', '-interval-list=30m', '-range-min-rsi=28', '-range-max-rsi=80', '-range-p-ema=50,250', '-target-margin-list=1.0,1.5,2.0,2.5,3.0,3.5,4.0,4.5,5.0', '-log-level=WARNING']
2023-11-26 20:19:03;UNIUSDT;30m;4.5;200;34;80;100.0;2;135.82;['-batch-training', '-calc-rsi', '-verbose', '-prediction-mode=index', '-interval-list=30m', '-range-min-rsi=28', '-range-max-rsi=80', '-range-p-ema=50,250', '-target-margin-list=1.0,1.5,2.0,2.5,3.0,3.5,4.0,4.5,5.0', '-log-level=WARNING']
2023-11-26 19:57:19;UNIUSDT;30m;4.5;150;34;80;100.0;2;135.82;['-batch-training', '-calc-rsi', '-verbose', '-prediction-mode=index', '-interval-list=30m', '-range-min-rsi=28', '-range-max-rsi=80', '-range-p-ema=50,250', '-target-margin-list=1.0,1.5,2.0,2.5,3.0,3.5,4.0,4.5,5.0', '-log-level=WARNING']
2023-11-26 19:42:27;UNIUSDT;30m;3.0;125;30;80;100.0;6;135.89;['-batch-training', '-calc-rsi', '-verbose', '-prediction-mode=index', '-interval-list=30m', '-range-min-rsi=28', '-range-max-rsi=80', '-range-p-ema=50,250', '-target-margin-list=1.0,1.5,2.0,2.5,3.0,3.5,4.0,4.5,5.0', '-log-level=WARNING']
2023-11-26 20:55:17;UNIUSDT;30m;3.0;50;30;80;100.0;7;135.89;['-batch-training', '-calc-rsi', '-verbose', '-prediction-mode=index', '-interval-list=30m', '-range-min-rsi=28', '-range-max-rsi=80', '-range-p-ema=50,250', '-target-margin-list=1.0,1.5,2.0,2.5,3.0,3.5,4.0,4.5,5.0', '-log-level=WARNING']
2023-11-26 20:03:58;UNIUSDT;30m;3.0;175;30;80;100.0;6;135.89;['-batch-training', '-calc-rsi', '-verbose', '-prediction-mode=index', '-interval-list=30m', '-range-min-rsi=28', '-range-max-rsi=80', '-range-p-ema=50,250', '-target-margin-list=1.0,1.5,2.0,2.5,3.0,3.5,4.0,4.5,5.0', '-log-level=WARNING']
2023-11-26 20:55:17;UNIUSDT;30m;3.0;50;30;80;100.0;6;135.89;['-batch-training', '-calc-rsi', '-verbose', '-prediction-mode=index', '-interval-list=30m', '-range-min-rsi=28', '-range-max-rsi=80', '-range-p-ema=50,250', '-target-margin-list=1.0,1.5,2.0,2.5,3.0,3.5,4.0,4.5,5.0', '-log-level=WARNING']
2023-11-26 21:10:51;UNIUSDT;30m;3.0;75;30;80;100.0;7;135.89;['-batch-training', '-calc-rsi', '-verbose', '-prediction-mode=index', '-interval-list=30m', '-range-min-rsi=28', '-range-max-rsi=80', '-range-p-ema=50,250', '-target-margin-list=1.0,1.5,2.0,2.5,3.0,3.5,4.0,4.5,5.0', '-log-level=WARNING']
2023-11-26 21:10:51;UNIUSDT;30m;3.0;75;30;80;100.0;6;135.89;['-batch-training', '-calc-rsi', '-verbose', '-prediction-mode=index', '-interval-list=30m', '-range-min-rsi=28', '-range-max-rsi=80', '-range-p-ema=50,250', '-target-margin-list=1.0,1.5,2.0,2.5,3.0,3.5,4.0,4.5,5.0', '-log-level=WARNING']
2023-11-26 20:14:49;UNIUSDT;30m;3.0;200;30;80;100.0;7;135.89;['-batch-training', '-calc-rsi', '-verbose', '-prediction-mode=index', '-interval-list=30m', '-range-min-rsi=28', '-range-max-rsi=80', '-range-p-ema=50,250', '-target-margin-list=1.0,1.5,2.0,2.5,3.0,3.5,4.0,4.5,5.0', '-log-level=WARNING']
2023-11-26 20:14:49;UNIUSDT;30m;3.0;200;30;80;100.0;6;135.89;['-batch-training', '-calc-rsi', '-verbose', '-prediction-mode=index', '-interval-list=30m', '-range-min-rsi=28', '-range-max-rsi=80', '-range-p-ema=50,250', '-target-margin-list=1.0,1.5,2.0,2.5,3.0,3.5,4.0,4.5,5.0', '-log-level=WARNING']
2023-11-26 19:42:27;UNIUSDT;30m;3.0;125;30;80;100.0;7;135.89;['-batch-training', '-calc-rsi', '-verbose', '-prediction-mode=index', '-interval-list=30m', '-range-min-rsi=28', '-range-max-rsi=80', '-range-p-ema=50,250', '-target-margin-list=1.0,1.5,2.0,2.5,3.0,3.5,4.0,4.5,5.0', '-log-level=WARNING']
2023-11-26 20:03:58;UNIUSDT;30m;3.0;175;30;80;100.0;7;135.89;['-batch-training', '-calc-rsi', '-verbose', '-prediction-mode=index', '-interval-list=30m', '-range-min-rsi=28', '-range-max-rsi=80', '-range-p-ema=50,250', '-target-margin-list=1.0,1.5,2.0,2.5,3.0,3.5,4.0,4.5,5.0', '-log-level=WARNING']
2023-11-26 20:27:34;UNIUSDT;30m;3.0;225;30;80;100.0;7;135.89;['-batch-training', '-calc-rsi', '-verbose', '-prediction-mode=index', '-interval-list=30m', '-range-min-rsi=28', '-range-max-rsi=80', '-range-p-ema=50,250', '-target-margin-list=1.0,1.5,2.0,2.5,3.0,3.5,4.0,4.5,5.0', '-log-level=WARNING']
2023-11-26 20:40:59;UNIUSDT;30m;3.0;250;30;80;100.0;7;135.89;['-batch-training', '-calc-rsi', '-verbose', '-prediction-mode=index', '-interval-list=30m', '-range-min-rsi=28', '-range-max-rsi=80', '-range-p-ema=50,250', '-target-margin-list=1.0,1.5,2.0,2.5,3.0,3.5,4.0,4.5,5.0', '-log-level=WARNING']
2023-11-26 19:30:57;UNIUSDT;30m;3.0;100;30;80;100.0;6;135.89;['-batch-training', '-calc-rsi', '-verbose', '-prediction-mode=index', '-interval-list=30m', '-range-min-rsi=28', '-range-max-rsi=80', '-range-p-ema=50,250', '-target-margin-list=1.0,1.5,2.0,2.5,3.0,3.5,4.0,4.5,5.0', '-log-level=WARNING']
2023-11-26 19:30:57;UNIUSDT;30m;3.0;100;30;80;100.0;7;135.89;['-batch-training', '-calc-rsi', '-verbose', '-prediction-mode=index', '-interval-list=30m', '-range-min-rsi=28', '-range-max-rsi=80', '-range-p-ema=50,250', '-target-margin-list=1.0,1.5,2.0,2.5,3.0,3.5,4.0,4.5,5.0', '-log-level=WARNING']
2023-11-26 20:27:34;UNIUSDT;30m;3.0;225;30;80;100.0;6;135.89;['-batch-training', '-calc-rsi', '-verbose', '-prediction-mode=index', '-interval-list=30m', '-range-min-rsi=28', '-range-max-rsi=80', '-range-p-ema=50,250', '-target-margin-list=1.0,1.5,2.0,2.5,3.0,3.5,4.0,4.5,5.0', '-log-level=WARNING']
2023-11-26 20:40:59;UNIUSDT;30m;3.0;250;30;80;100.0;6;135.89;['-batch-training', '-calc-rsi', '-verbose', '-prediction-mode=index', '-interval-list=30m', '-range-min-rsi=28', '-range-max-rsi=80', '-range-p-ema=50,250', '-target-margin-list=1.0,1.5,2.0,2.5,3.0,3.5,4.0,4.5,5.0', '-log-level=WARNING']
2023-11-26 19:53:48;UNIUSDT;30m;3.0;150;30;80;100.0;6;135.89;['-batch-training', '-calc-rsi', '-verbose', '-prediction-mode=index', '-interval-list=30m', '-range-min-rsi=28', '-range-max-rsi=80', '-range-p-ema=50,250', '-target-margin-list=1.0,1.5,2.0,2.5,3.0,3.5,4.0,4.5,5.0', '-log-level=WARNING']
2023-11-26 19:53:48;UNIUSDT;30m;3.0;150;30;80;100.0;7;135.89;['-batch-training', '-calc-rsi', '-verbose', '-prediction-mode=index', '-interval-list=30m', '-range-min-rsi=28', '-range-max-rsi=80', '-range-p-ema=50,250', '-target-margin-list=1.0,1.5,2.0,2.5,3.0,3.5,4.0,4.5,5.0', '-log-level=WARNING']
2023-11-26 19:40:12;UNIUSDT;30m;2.5;125;32;72;100.0;4;135.93;['-batch-training', '-calc-rsi', '-verbose', '-prediction-mode=index', '-interval-list=30m', '-range-min-rsi=28', '-range-max-rsi=80', '-range-p-ema=50,250', '-target-margin-list=1.0,1.5,2.0,2.5,3.0,3.5,4.0,4.5,5.0', '-log-level=WARNING']
2023-11-26 21:07:42;UNIUSDT;30m;2.5;75;32;72;100.0;4;135.93;['-batch-training', '-calc-rsi', '-verbose', '-prediction-mode=index', '-interval-list=30m', '-range-min-rsi=28', '-range-max-rsi=80', '-range-p-ema=50,250', '-target-margin-list=1.0,1.5,2.0,2.5,3.0,3.5,4.0,4.5,5.0', '-log-level=WARNING']
2023-11-26 20:52:23;UNIUSDT;30m;2.5;50;32;72;100.0;4;135.93;['-batch-training', '-calc-rsi', '-verbose', '-prediction-mode=index', '-interval-list=30m', '-range-min-rsi=28', '-range-max-rsi=80', '-range-p-ema=50,250', '-target-margin-list=1.0,1.5,2.0,2.5,3.0,3.5,4.0,4.5,5.0', '-log-level=WARNING']
2023-11-26 19:28:44;UNIUSDT;30m;2.5;100;32;72;100.0;4;135.93;['-batch-training', '-calc-rsi', '-verbose', '-prediction-mode=index', '-interval-list=30m', '-range-min-rsi=28', '-range-max-rsi=80', '-range-p-ema=50,250', '-target-margin-list=1.0,1.5,2.0,2.5,3.0,3.5,4.0,4.5,5.0', '-log-level=WARNING']
2023-11-26 20:12:15;UNIUSDT;30m;2.0;200;34;80;100.0;3;135.96;['-batch-training', '-calc-rsi', '-verbose', '-prediction-mode=index', '-interval-list=30m', '-range-min-rsi=28', '-range-max-rsi=80', '-range-p-ema=50,250', '-target-margin-list=1.0,1.5,2.0,2.5,3.0,3.5,4.0,4.5,5.0', '-log-level=WARNING']
2023-11-26 20:25:43;UNIUSDT;30m;2.5;225;36;76;100.0;3;136.02;['-batch-training', '-calc-rsi', '-verbose', '-prediction-mode=index', '-interval-list=30m', '-range-min-rsi=28', '-range-max-rsi=80', '-range-p-ema=50,250', '-target-margin-list=1.0,1.5,2.0,2.5,3.0,3.5,4.0,4.5,5.0', '-log-level=WARNING']
2023-11-26 20:11:11;UNIUSDT;30m;2.0;200;34;72;100.0;4;136.06;['-batch-training', '-calc-rsi', '-verbose', '-prediction-mode=index', '-interval-list=30m', '-range-min-rsi=28', '-range-max-rsi=80', '-range-p-ema=50,250', '-target-margin-list=1.0,1.5,2.0,2.5,3.0,3.5,4.0,4.5,5.0', '-log-level=WARNING']
2023-11-26 20:25:40;UNIUSDT;30m;2.5;225;34;76;100.0;7;136.07;['-batch-training', '-calc-rsi', '-verbose', '-prediction-mode=index', '-interval-list=30m', '-range-min-rsi=28', '-range-max-rsi=80', '-range-p-ema=50,250', '-target-margin-list=1.0,1.5,2.0,2.5,3.0,3.5,4.0,4.5,5.0', '-log-level=WARNING']
2023-11-26 20:25:56;UNIUSDT;30m;2.5;225;34;78;100.0;7;136.07;['-batch-training', '-calc-rsi', '-verbose', '-prediction-mode=index', '-interval-list=30m', '-range-min-rsi=28', '-range-max-rsi=80', '-range-p-ema=50,250', '-target-margin-list=1.0,1.5,2.0,2.5,3.0,3.5,4.0,4.5,5.0', '-log-level=WARNING']
2023-11-26 20:25:23;UNIUSDT;30m;2.5;225;34;74;100.0;7;136.07;['-batch-training', '-calc-rsi', '-verbose', '-prediction-mode=index', '-interval-list=30m', '-range-min-rsi=28', '-range-max-rsi=80', '-range-p-ema=50,250', '-target-margin-list=1.0,1.5,2.0,2.5,3.0,3.5,4.0,4.5,5.0', '-log-level=WARNING']
2023-11-26 20:12:15;UNIUSDT;30m;2.0;200;34;80;100.0;6;136.13;['-batch-training', '-calc-rsi', '-verbose', '-prediction-mode=index', '-interval-list=30m', '-range-min-rsi=28', '-range-max-rsi=80', '-range-p-ema=50,250', '-target-margin-list=1.0,1.5,2.0,2.5,3.0,3.5,4.0,4.5,5.0', '-log-level=WARNING']
2023-11-26 19:51:31;UNIUSDT;30m;2.0;150;34;80;100.0;6;136.13;['-batch-training', '-calc-rsi', '-verbose', '-prediction-mode=index', '-interval-list=30m', '-range-min-rsi=28', '-range-max-rsi=80', '-range-p-ema=50,250', '-target-margin-list=1.0,1.5,2.0,2.5,3.0,3.5,4.0,4.5,5.0', '-log-level=WARNING']
2023-11-26 20:01:50;UNIUSDT;30m;2.0;175;34;80;100.0;6;136.13;['-batch-training', '-calc-rsi', '-verbose', '-prediction-mode=index', '-interval-list=30m', '-range-min-rsi=28', '-range-max-rsi=80', '-range-p-ema=50,250', '-target-margin-list=1.0,1.5,2.0,2.5,3.0,3.5,4.0,4.5,5.0', '-log-level=WARNING']
2023-11-26 19:30:00;UNIUSDT;30m;3.0;100;32;72;100.0;6;136.18;['-batch-training', '-calc-rsi', '-verbose', '-prediction-mode=index', '-interval-list=30m', '-range-min-rsi=28', '-range-max-rsi=80', '-range-p-ema=50,250', '-target-margin-list=1.0,1.5,2.0,2.5,3.0,3.5,4.0,4.5,5.0', '-log-level=WARNING']
2023-11-26 19:41:29;UNIUSDT;30m;3.0;125;32;72;100.0;6;136.18;['-batch-training', '-calc-rsi', '-verbose', '-prediction-mode=index', '-interval-list=30m', '-range-min-rsi=28', '-range-max-rsi=80', '-range-p-ema=50,250', '-target-margin-list=1.0,1.5,2.0,2.5,3.0,3.5,4.0,4.5,5.0', '-log-level=WARNING']
2023-11-26 21:09:30;UNIUSDT;30m;3.0;75;32;72;100.0;6;136.18;['-batch-training', '-calc-rsi', '-verbose', '-prediction-mode=index', '-interval-list=30m', '-range-min-rsi=28', '-range-max-rsi=80', '-range-p-ema=50,250', '-target-margin-list=1.0,1.5,2.0,2.5,3.0,3.5,4.0,4.5,5.0', '-log-level=WARNING']
2023-11-26 20:54:03;UNIUSDT;30m;3.0;50;32;72;100.0;6;136.18;['-batch-training', '-calc-rsi', '-verbose', '-prediction-mode=index', '-interval-list=30m', '-range-min-rsi=28', '-range-max-rsi=80', '-range-p-ema=50,250', '-target-margin-list=1.0,1.5,2.0,2.5,3.0,3.5,4.0,4.5,5.0', '-log-level=WARNING']
2023-11-26 20:41:25;UNIUSDT;30m;3.5;250;34;72;100.0;5;136.26;['-batch-training', '-calc-rsi', '-verbose', '-prediction-mode=index', '-interval-list=30m', '-range-min-rsi=28', '-range-max-rsi=80', '-range-p-ema=50,250', '-target-margin-list=1.0,1.5,2.0,2.5,3.0,3.5,4.0,4.5,5.0', '-log-level=WARNING']
2023-11-26 20:41:29;UNIUSDT;30m;3.5;250;36;72;100.0;5;136.32;['-batch-training', '-calc-rsi', '-verbose', '-prediction-mode=index', '-interval-list=30m', '-range-min-rsi=28', '-range-max-rsi=80', '-range-p-ema=50,250', '-target-margin-list=1.0,1.5,2.0,2.5,3.0,3.5,4.0,4.5,5.0', '-log-level=WARNING']
2023-11-26 20:26:31;UNIUSDT;30m;3.0;225;34;72;100.0;3;136.35;['-batch-training', '-calc-rsi', '-verbose', '-prediction-mode=index', '-interval-list=30m', '-range-min-rsi=28', '-range-max-rsi=80', '-range-p-ema=50,250', '-target-margin-list=1.0,1.5,2.0,2.5,3.0,3.5,4.0,4.5,5.0', '-log-level=WARNING']
2023-11-26 19:34:42;UNIUSDT;30m;4.5;100;32;80;100.0;2;136.35;['-batch-training', '-calc-rsi', '-verbose', '-prediction-mode=index', '-interval-list=30m', '-range-min-rsi=28', '-range-max-rsi=80', '-range-p-ema=50,250', '-target-margin-list=1.0,1.5,2.0,2.5,3.0,3.5,4.0,4.5,5.0', '-log-level=WARNING']
2023-11-26 21:15:46;UNIUSDT;30m;4.5;75;32;80;100.0;2;136.35;['-batch-training', '-calc-rsi', '-verbose', '-prediction-mode=index', '-interval-list=30m', '-range-min-rsi=28', '-range-max-rsi=80', '-range-p-ema=50,250', '-target-margin-list=1.0,1.5,2.0,2.5,3.0,3.5,4.0,4.5,5.0', '-log-level=WARNING']
2023-11-26 21:00:20;UNIUSDT;30m;4.5;50;32;80;100.0;2;136.35;['-batch-training', '-calc-rsi', '-verbose', '-prediction-mode=index', '-interval-list=30m', '-range-min-rsi=28', '-range-max-rsi=80', '-range-p-ema=50,250', '-target-margin-list=1.0,1.5,2.0,2.5,3.0,3.5,4.0,4.5,5.0', '-log-level=WARNING']
2023-11-26 19:46:17;UNIUSDT;30m;4.5;125;32;80;100.0;2;136.35;['-batch-training', '-calc-rsi', '-verbose', '-prediction-mode=index', '-interval-list=30m', '-range-min-rsi=28', '-range-max-rsi=80', '-range-p-ema=50,250', '-target-margin-list=1.0,1.5,2.0,2.5,3.0,3.5,4.0,4.5,5.0', '-log-level=WARNING']
2023-11-26 20:03:24;UNIUSDT;30m;3.0;175;34;74;100.0;4;136.4;['-batch-training', '-calc-rsi', '-verbose', '-prediction-mode=index', '-interval-list=30m', '-range-min-rsi=28', '-range-max-rsi=80', '-range-p-ema=50,250', '-target-margin-list=1.0,1.5,2.0,2.5,3.0,3.5,4.0,4.5,5.0', '-log-level=WARNING']
2023-11-26 20:14:08;UNIUSDT;30m;3.0;200;34;74;100.0;4;136.4;['-batch-training', '-calc-rsi', '-verbose', '-prediction-mode=index', '-interval-list=30m', '-range-min-rsi=28', '-range-max-rsi=80', '-range-p-ema=50,250', '-target-margin-list=1.0,1.5,2.0,2.5,3.0,3.5,4.0,4.5,5.0', '-log-level=WARNING']
2023-11-26 21:09:38;UNIUSDT;30m;3.0;75;36;72;100.0;6;136.51;['-batch-training', '-calc-rsi', '-verbose', '-prediction-mode=index', '-interval-list=30m', '-range-min-rsi=28', '-range-max-rsi=80', '-range-p-ema=50,250', '-target-margin-list=1.0,1.5,2.0,2.5,3.0,3.5,4.0,4.5,5.0', '-log-level=WARNING']
2023-11-26 19:30:06;UNIUSDT;30m;3.0;100;36;72;100.0;6;136.51;['-batch-training', '-calc-rsi', '-verbose', '-prediction-mode=index', '-interval-list=30m', '-range-min-rsi=28', '-range-max-rsi=80', '-range-p-ema=50,250', '-target-margin-list=1.0,1.5,2.0,2.5,3.0,3.5,4.0,4.5,5.0', '-log-level=WARNING']
2023-11-26 20:55:25;UNIUSDT;30m;3.0;50;34;80;100.0;3;136.51;['-batch-training', '-calc-rsi', '-verbose', '-prediction-mode=index', '-interval-list=30m', '-range-min-rsi=28', '-range-max-rsi=80', '-range-p-ema=50,250', '-target-margin-list=1.0,1.5,2.0,2.5,3.0,3.5,4.0,4.5,5.0', '-log-level=WARNING']
2023-11-26 21:10:59;UNIUSDT;30m;3.0;75;34;80;100.0;3;136.51;['-batch-training', '-calc-rsi', '-verbose', '-prediction-mode=index', '-interval-list=30m', '-range-min-rsi=28', '-range-max-rsi=80', '-range-p-ema=50,250', '-target-margin-list=1.0,1.5,2.0,2.5,3.0,3.5,4.0,4.5,5.0', '-log-level=WARNING']
2023-11-26 20:54:10;UNIUSDT;30m;3.0;50;36;72;100.0;6;136.51;['-batch-training', '-calc-rsi', '-verbose', '-prediction-mode=index', '-interval-list=30m', '-range-min-rsi=28', '-range-max-rsi=80', '-range-p-ema=50,250', '-target-margin-list=1.0,1.5,2.0,2.5,3.0,3.5,4.0,4.5,5.0', '-log-level=WARNING']
2023-11-26 19:42:33;UNIUSDT;30m;3.0;125;34;80;100.0;3;136.51;['-batch-training', '-calc-rsi', '-verbose', '-prediction-mode=index', '-interval-list=30m', '-range-min-rsi=28', '-range-max-rsi=80', '-range-p-ema=50,250', '-target-margin-list=1.0,1.5,2.0,2.5,3.0,3.5,4.0,4.5,5.0', '-log-level=WARNING']
2023-11-26 19:31:03;UNIUSDT;30m;3.0;100;34;80;100.0;3;136.51;['-batch-training', '-calc-rsi', '-verbose', '-prediction-mode=index', '-interval-list=30m', '-range-min-rsi=28', '-range-max-rsi=80', '-range-p-ema=50,250', '-target-margin-list=1.0,1.5,2.0,2.5,3.0,3.5,4.0,4.5,5.0', '-log-level=WARNING']
2023-11-26 19:41:35;UNIUSDT;30m;3.0;125;36;72;100.0;6;136.51;['-batch-training', '-calc-rsi', '-verbose', '-prediction-mode=index', '-interval-list=30m', '-range-min-rsi=28', '-range-max-rsi=80', '-range-p-ema=50,250', '-target-margin-list=1.0,1.5,2.0,2.5,3.0,3.5,4.0,4.5,5.0', '-log-level=WARNING']
2023-11-26 20:40:14;UNIUSDT;30m;3.0;250;36;74;100.0;3;136.53;['-batch-training', '-calc-rsi', '-verbose', '-prediction-mode=index', '-interval-list=30m', '-range-min-rsi=28', '-range-max-rsi=80', '-range-p-ema=50,250', '-target-margin-list=1.0,1.5,2.0,2.5,3.0,3.5,4.0,4.5,5.0', '-log-level=WARNING']
2023-11-26 20:19:16;UNIUSDT;30m;5.0;200;32;72;100.0;2;136.55;['-batch-training', '-calc-rsi', '-verbose', '-prediction-mode=index', '-interval-list=30m', '-range-min-rsi=28', '-range-max-rsi=80', '-range-p-ema=50,250', '-target-margin-list=1.0,1.5,2.0,2.5,3.0,3.5,4.0,4.5,5.0', '-log-level=WARNING']
2023-11-26 19:57:30;UNIUSDT;30m;5.0;150;32;72;100.0;2;136.55;['-batch-training', '-calc-rsi', '-verbose', '-prediction-mode=index', '-interval-list=30m', '-range-min-rsi=28', '-range-max-rsi=80', '-range-p-ema=50,250', '-target-margin-list=1.0,1.5,2.0,2.5,3.0,3.5,4.0,4.5,5.0', '-log-level=WARNING']
2023-11-26 20:32:17;UNIUSDT;30m;5.0;225;32;72;100.0;2;136.55;['-batch-training', '-calc-rsi', '-verbose', '-prediction-mode=index', '-interval-list=30m', '-range-min-rsi=28', '-range-max-rsi=80', '-range-p-ema=50,250', '-target-margin-list=1.0,1.5,2.0,2.5,3.0,3.5,4.0,4.5,5.0', '-log-level=WARNING']
2023-11-26 20:07:32;UNIUSDT;30m;5.0;175;32;72;100.0;2;136.55;['-batch-training', '-calc-rsi', '-verbose', '-prediction-mode=index', '-interval-list=30m', '-range-min-rsi=28', '-range-max-rsi=80', '-range-p-ema=50,250', '-target-margin-list=1.0,1.5,2.0,2.5,3.0,3.5,4.0,4.5,5.0', '-log-level=WARNING']
2023-11-26 20:45:59;UNIUSDT;30m;5.0;250;32;72;100.0;2;136.55;['-batch-training', '-calc-rsi', '-verbose', '-prediction-mode=index', '-interval-list=30m', '-range-min-rsi=28', '-range-max-rsi=80', '-range-p-ema=50,250', '-target-margin-list=1.0,1.5,2.0,2.5,3.0,3.5,4.0,4.5,5.0', '-log-level=WARNING']
2023-11-26 20:56:43;UNIUSDT;30m;3.5;50;34;78;100.0;4;136.58;['-batch-training', '-calc-rsi', '-verbose', '-prediction-mode=index', '-interval-list=30m', '-range-min-rsi=28', '-range-max-rsi=80', '-range-p-ema=50,250', '-target-margin-list=1.0,1.5,2.0,2.5,3.0,3.5,4.0,4.5,5.0', '-log-level=WARNING']
2023-11-26 19:43:33;UNIUSDT;30m;3.5;125;34;78;100.0;4;136.58;['-batch-training', '-calc-rsi', '-verbose', '-prediction-mode=index', '-interval-list=30m', '-range-min-rsi=28', '-range-max-rsi=80', '-range-p-ema=50,250', '-target-margin-list=1.0,1.5,2.0,2.5,3.0,3.5,4.0,4.5,5.0', '-log-level=WARNING']
2023-11-26 21:12:26;UNIUSDT;30m;3.5;75;34;78;100.0;4;136.58;['-batch-training', '-calc-rsi', '-verbose', '-prediction-mode=index', '-interval-list=30m', '-range-min-rsi=28', '-range-max-rsi=80', '-range-p-ema=50,250', '-target-margin-list=1.0,1.5,2.0,2.5,3.0,3.5,4.0,4.5,5.0', '-log-level=WARNING']
2023-11-26 19:32:03;UNIUSDT;30m;3.5;100;34;78;100.0;4;136.58;['-batch-training', '-calc-rsi', '-verbose', '-prediction-mode=index', '-interval-list=30m', '-range-min-rsi=28', '-range-max-rsi=80', '-range-p-ema=50,250', '-target-margin-list=1.0,1.5,2.0,2.5,3.0,3.5,4.0,4.5,5.0', '-log-level=WARNING']
2023-11-26 20:41:58;UNIUSDT;30m;3.5;250;32;76;100.0;2;136.63;['-batch-training', '-calc-rsi', '-verbose', '-prediction-mode=index', '-interval-list=30m', '-range-min-rsi=28', '-range-max-rsi=80', '-range-p-ema=50,250', '-target-margin-list=1.0,1.5,2.0,2.5,3.0,3.5,4.0,4.5,5.0', '-log-level=WARNING']
2023-11-26 21:12:48;UNIUSDT;30m;3.5;75;34;80;100.0;2;136.68;['-batch-training', '-calc-rsi', '-verbose', '-prediction-mode=index', '-interval-list=30m', '-range-min-rsi=28', '-range-max-rsi=80', '-range-p-ema=50,250', '-target-margin-list=1.0,1.5,2.0,2.5,3.0,3.5,4.0,4.5,5.0', '-log-level=WARNING']
2023-11-26 19:43:48;UNIUSDT;30m;3.5;125;34;80;100.0;2;136.68;['-batch-training', '-calc-rsi', '-verbose', '-prediction-mode=index', '-interval-list=30m', '-range-min-rsi=28', '-range-max-rsi=80', '-range-p-ema=50,250', '-target-margin-list=1.0,1.5,2.0,2.5,3.0,3.5,4.0,4.5,5.0', '-log-level=WARNING']
2023-11-26 19:31:45;UNIUSDT;30m;3.5;100;32;76;100.0;2;136.68;['-batch-training', '-calc-rsi', '-verbose', '-prediction-mode=index', '-interval-list=30m', '-range-min-rsi=28', '-range-max-rsi=80', '-range-p-ema=50,250', '-target-margin-list=1.0,1.5,2.0,2.5,3.0,3.5,4.0,4.5,5.0', '-log-level=WARNING']
2023-11-26 20:57:03;UNIUSDT;30m;3.5;50;34;80;100.0;2;136.68;['-batch-training', '-calc-rsi', '-verbose', '-prediction-mode=index', '-interval-list=30m', '-range-min-rsi=28', '-range-max-rsi=80', '-range-p-ema=50,250', '-target-margin-list=1.0,1.5,2.0,2.5,3.0,3.5,4.0,4.5,5.0', '-log-level=WARNING']
2023-11-26 19:32:17;UNIUSDT;30m;3.5;100;34;80;100.0;2;136.68;['-batch-training', '-calc-rsi', '-verbose', '-prediction-mode=index', '-interval-list=30m', '-range-min-rsi=28', '-range-max-rsi=80', '-range-p-ema=50,250', '-target-margin-list=1.0,1.5,2.0,2.5,3.0,3.5,4.0,4.5,5.0', '-log-level=WARNING']
2023-11-26 19:43:15;UNIUSDT;30m;3.5;125;32;76;100.0;2;136.68;['-batch-training', '-calc-rsi', '-verbose', '-prediction-mode=index', '-interval-list=30m', '-range-min-rsi=28', '-range-max-rsi=80', '-range-p-ema=50,250', '-target-margin-list=1.0,1.5,2.0,2.5,3.0,3.5,4.0,4.5,5.0', '-log-level=WARNING']
2023-11-26 21:11:59;UNIUSDT;30m;3.5;75;32;76;100.0;2;136.68;['-batch-training', '-calc-rsi', '-verbose', '-prediction-mode=index', '-interval-list=30m', '-range-min-rsi=28', '-range-max-rsi=80', '-range-p-ema=50,250', '-target-margin-list=1.0,1.5,2.0,2.5,3.0,3.5,4.0,4.5,5.0', '-log-level=WARNING']
2023-11-26 20:56:20;UNIUSDT;30m;3.5;50;32;76;100.0;2;136.68;['-batch-training', '-calc-rsi', '-verbose', '-prediction-mode=index', '-interval-list=30m', '-range-min-rsi=28', '-range-max-rsi=80', '-range-p-ema=50,250', '-target-margin-list=1.0,1.5,2.0,2.5,3.0,3.5,4.0,4.5,5.0', '-log-level=WARNING']
2023-11-26 20:40:14;UNIUSDT;30m;3.0;250;36;74;100.0;7;136.71;['-batch-training', '-calc-rsi', '-verbose', '-prediction-mode=index', '-interval-list=30m', '-range-min-rsi=28', '-range-max-rsi=80', '-range-p-ema=50,250', '-target-margin-list=1.0,1.5,2.0,2.5,3.0,3.5,4.0,4.5,5.0', '-log-level=WARNING']
2023-11-26 20:40:14;UNIUSDT;30m;3.0;250;36;74;100.0;6;136.71;['-batch-training', '-calc-rsi', '-verbose', '-prediction-mode=index', '-interval-list=30m', '-range-min-rsi=28', '-range-max-rsi=80', '-range-p-ema=50,250', '-target-margin-list=1.0,1.5,2.0,2.5,3.0,3.5,4.0,4.5,5.0', '-log-level=WARNING']
2023-11-26 20:40:52;UNIUSDT;30m;3.0;250;36;78;100.0;7;136.71;['-batch-training', '-calc-rsi', '-verbose', '-prediction-mode=index', '-interval-list=30m', '-range-min-rsi=28', '-range-max-rsi=80', '-range-p-ema=50,250', '-target-margin-list=1.0,1.5,2.0,2.5,3.0,3.5,4.0,4.5,5.0', '-log-level=WARNING']
2023-11-26 20:40:33;UNIUSDT;30m;3.0;250;36;76;100.0;7;136.71;['-batch-training', '-calc-rsi', '-verbose', '-prediction-mode=index', '-interval-list=30m', '-range-min-rsi=28', '-range-max-rsi=80', '-range-p-ema=50,250', '-target-margin-list=1.0,1.5,2.0,2.5,3.0,3.5,4.0,4.5,5.0', '-log-level=WARNING']
2023-11-26 20:40:33;UNIUSDT;30m;3.0;250;36;76;100.0;6;136.71;['-batch-training', '-calc-rsi', '-verbose', '-prediction-mode=index', '-interval-list=30m', '-range-min-rsi=28', '-range-max-rsi=80', '-range-p-ema=50,250', '-target-margin-list=1.0,1.5,2.0,2.5,3.0,3.5,4.0,4.5,5.0', '-log-level=WARNING']
2023-11-26 20:40:52;UNIUSDT;30m;3.0;250;36;78;100.0;6;136.71;['-batch-training', '-calc-rsi', '-verbose', '-prediction-mode=index', '-interval-list=30m', '-range-min-rsi=28', '-range-max-rsi=80', '-range-p-ema=50,250', '-target-margin-list=1.0,1.5,2.0,2.5,3.0,3.5,4.0,4.5,5.0', '-log-level=WARNING']
2023-11-26 19:54:07;UNIUSDT;30m;3.5;150;34;72;100.0;5;136.76;['-batch-training', '-calc-rsi', '-verbose', '-prediction-mode=index', '-interval-list=30m', '-range-min-rsi=28', '-range-max-rsi=80', '-range-p-ema=50,250', '-target-margin-list=1.0,1.5,2.0,2.5,3.0,3.5,4.0,4.5,5.0', '-log-level=WARNING']
2023-11-26 19:52:46;UNIUSDT;30m;2.5;150;34;80;100.0;7;136.76;['-batch-training', '-calc-rsi', '-verbose', '-prediction-mode=index', '-interval-list=30m', '-range-min-rsi=28', '-range-max-rsi=80', '-range-p-ema=50,250', '-target-margin-list=1.0,1.5,2.0,2.5,3.0,3.5,4.0,4.5,5.0', '-log-level=WARNING']
2023-11-26 20:12:57;UNIUSDT;30m;2.5;200;30;76;100.0;7;136.82;['-batch-training', '-calc-rsi', '-verbose', '-prediction-mode=index', '-interval-list=30m', '-range-min-rsi=28', '-range-max-rsi=80', '-range-p-ema=50,250', '-target-margin-list=1.0,1.5,2.0,2.5,3.0,3.5,4.0,4.5,5.0', '-log-level=WARNING']
2023-11-26 20:14:26;UNIUSDT;30m;3.0;200;36;76;100.0;3;136.82;['-batch-training', '-calc-rsi', '-verbose', '-prediction-mode=index', '-interval-list=30m', '-range-min-rsi=28', '-range-max-rsi=80', '-range-p-ema=50,250', '-target-margin-list=1.0,1.5,2.0,2.5,3.0,3.5,4.0,4.5,5.0', '-log-level=WARNING']
2023-11-26 20:13:12;UNIUSDT;30m;2.5;200;30;78;100.0;7;136.82;['-batch-training', '-calc-rsi', '-verbose', '-prediction-mode=index', '-interval-list=30m', '-range-min-rsi=28', '-range-max-rsi=80', '-range-p-ema=50,250', '-target-margin-list=1.0,1.5,2.0,2.5,3.0,3.5,4.0,4.5,5.0', '-log-level=WARNING']
2023-11-26 20:53:19;UNIUSDT;30m;2.5;50;30;78;100.0;7;136.82;['-batch-training', '-calc-rsi', '-verbose', '-prediction-mode=index', '-interval-list=30m', '-range-min-rsi=28', '-range-max-rsi=80', '-range-p-ema=50,250', '-target-margin-list=1.0,1.5,2.0,2.5,3.0,3.5,4.0,4.5,5.0', '-log-level=WARNING']
2023-11-26 19:52:26;UNIUSDT;30m;2.5;150;30;78;100.0;7;136.82;['-batch-training', '-calc-rsi', '-verbose', '-prediction-mode=index', '-interval-list=30m', '-range-min-rsi=28', '-range-max-rsi=80', '-range-p-ema=50,250', '-target-margin-list=1.0,1.5,2.0,2.5,3.0,3.5,4.0,4.5,5.0', '-log-level=WARNING']
2023-11-26 19:40:24;UNIUSDT;30m;2.5;125;30;74;100.0;7;136.82;['-batch-training', '-calc-rsi', '-verbose', '-prediction-mode=index', '-interval-list=30m', '-range-min-rsi=28', '-range-max-rsi=80', '-range-p-ema=50,250', '-target-margin-list=1.0,1.5,2.0,2.5,3.0,3.5,4.0,4.5,5.0', '-log-level=WARNING']
2023-11-26 19:52:11;UNIUSDT;30m;2.5;150;30;76;100.0;7;136.82;['-batch-training', '-calc-rsi', '-verbose', '-prediction-mode=index', '-interval-list=30m', '-range-min-rsi=28', '-range-max-rsi=80', '-range-p-ema=50,250', '-target-margin-list=1.0,1.5,2.0,2.5,3.0,3.5,4.0,4.5,5.0', '-log-level=WARNING']
2023-11-26 21:08:23;UNIUSDT;30m;2.5;75;30;76;100.0;7;136.82;['-batch-training', '-calc-rsi', '-verbose', '-prediction-mode=index', '-interval-list=30m', '-range-min-rsi=28', '-range-max-rsi=80', '-range-p-ema=50,250', '-target-margin-list=1.0,1.5,2.0,2.5,3.0,3.5,4.0,4.5,5.0', '-log-level=WARNING']
2023-11-26 19:29:11;UNIUSDT;30m;2.5;100;30;76;100.0;7;136.82;['-batch-training', '-calc-rsi', '-verbose', '-prediction-mode=index', '-interval-list=30m', '-range-min-rsi=28', '-range-max-rsi=80', '-range-p-ema=50,250', '-target-margin-list=1.0,1.5,2.0,2.5,3.0,3.5,4.0,4.5,5.0', '-log-level=WARNING']
2023-11-26 20:25:16;UNIUSDT;30m;2.5;225;30;74;100.0;7;136.82;['-batch-training', '-calc-rsi', '-verbose', '-prediction-mode=index', '-interval-list=30m', '-range-min-rsi=28', '-range-max-rsi=80', '-range-p-ema=50,250', '-target-margin-list=1.0,1.5,2.0,2.5,3.0,3.5,4.0,4.5,5.0', '-log-level=WARNING']
2023-11-26 21:08:43;UNIUSDT;30m;2.5;75;30;78;100.0;7;136.82;['-batch-training', '-calc-rsi', '-verbose', '-prediction-mode=index', '-interval-list=30m', '-range-min-rsi=28', '-range-max-rsi=80', '-range-p-ema=50,250', '-target-margin-list=1.0,1.5,2.0,2.5,3.0,3.5,4.0,4.5,5.0', '-log-level=WARNING']
2023-11-26 19:51:56;UNIUSDT;30m;2.5;150;30;74;100.0;7;136.82;['-batch-training', '-calc-rsi', '-verbose', '-prediction-mode=index', '-interval-list=30m', '-range-min-rsi=28', '-range-max-rsi=80', '-range-p-ema=50,250', '-target-margin-list=1.0,1.5,2.0,2.5,3.0,3.5,4.0,4.5,5.0', '-log-level=WARNING']
2023-11-26 20:52:59;UNIUSDT;30m;2.5;50;30;76;100.0;7;136.82;['-batch-training', '-calc-rsi', '-verbose', '-prediction-mode=index', '-interval-list=30m', '-range-min-rsi=28', '-range-max-rsi=80', '-range-p-ema=50,250', '-target-margin-list=1.0,1.5,2.0,2.5,3.0,3.5,4.0,4.5,5.0', '-log-level=WARNING']
2023-11-26 20:25:32;UNIUSDT;30m;2.5;225;30;76;100.0;7;136.82;['-batch-training', '-calc-rsi', '-verbose', '-prediction-mode=index', '-interval-list=30m', '-range-min-rsi=28', '-range-max-rsi=80', '-range-p-ema=50,250', '-target-margin-list=1.0,1.5,2.0,2.5,3.0,3.5,4.0,4.5,5.0', '-log-level=WARNING']
2023-11-26 19:29:26;UNIUSDT;30m;2.5;100;30;78;100.0;7;136.82;['-batch-training', '-calc-rsi', '-verbose', '-prediction-mode=index', '-interval-list=30m', '-range-min-rsi=28', '-range-max-rsi=80', '-range-p-ema=50,250', '-target-margin-list=1.0,1.5,2.0,2.5,3.0,3.5,4.0,4.5,5.0', '-log-level=WARNING']
2023-11-26 20:03:39;UNIUSDT;30m;3.0;175;36;76;100.0;3;136.82;['-batch-training', '-calc-rsi', '-verbose', '-prediction-mode=index', '-interval-list=30m', '-range-min-rsi=28', '-range-max-rsi=80', '-range-p-ema=50,250', '-target-margin-list=1.0,1.5,2.0,2.5,3.0,3.5,4.0,4.5,5.0', '-log-level=WARNING']
2023-11-26 20:25:50;UNIUSDT;30m;2.5;225;30;78;100.0;7;136.82;['-batch-training', '-calc-rsi', '-verbose', '-prediction-mode=index', '-interval-list=30m', '-range-min-rsi=28', '-range-max-rsi=80', '-range-p-ema=50,250', '-target-margin-list=1.0,1.5,2.0,2.5,3.0,3.5,4.0,4.5,5.0', '-log-level=WARNING']
2023-11-26 19:28:56;UNIUSDT;30m;2.5;100;30;74;100.0;7;136.82;['-batch-training', '-calc-rsi', '-verbose', '-prediction-mode=index', '-interval-list=30m', '-range-min-rsi=28', '-range-max-rsi=80', '-range-p-ema=50,250', '-target-margin-list=1.0,1.5,2.0,2.5,3.0,3.5,4.0,4.5,5.0', '-log-level=WARNING']
2023-11-26 19:40:55;UNIUSDT;30m;2.5;125;30;78;100.0;7;136.82;['-batch-training', '-calc-rsi', '-verbose', '-prediction-mode=index', '-interval-list=30m', '-range-min-rsi=28', '-range-max-rsi=80', '-range-p-ema=50,250', '-target-margin-list=1.0,1.5,2.0,2.5,3.0,3.5,4.0,4.5,5.0', '-log-level=WARNING']
2023-11-26 19:40:40;UNIUSDT;30m;2.5;125;30;76;100.0;7;136.82;['-batch-training', '-calc-rsi', '-verbose', '-prediction-mode=index', '-interval-list=30m', '-range-min-rsi=28', '-range-max-rsi=80', '-range-p-ema=50,250', '-target-margin-list=1.0,1.5,2.0,2.5,3.0,3.5,4.0,4.5,5.0', '-log-level=WARNING']
2023-11-26 20:38:49;UNIUSDT;30m;2.5;250;30;76;100.0;7;136.82;['-batch-training', '-calc-rsi', '-verbose', '-prediction-mode=index', '-interval-list=30m', '-range-min-rsi=28', '-range-max-rsi=80', '-range-p-ema=50,250', '-target-margin-list=1.0,1.5,2.0,2.5,3.0,3.5,4.0,4.5,5.0', '-log-level=WARNING']
2023-11-26 20:39:08;UNIUSDT;30m;2.5;250;30;78;100.0;7;136.82;['-batch-training', '-calc-rsi', '-verbose', '-prediction-mode=index', '-interval-list=30m', '-range-min-rsi=28', '-range-max-rsi=80', '-range-p-ema=50,250', '-target-margin-list=1.0,1.5,2.0,2.5,3.0,3.5,4.0,4.5,5.0', '-log-level=WARNING']
2023-11-26 20:38:31;UNIUSDT;30m;2.5;250;30;74;100.0;7;136.82;['-batch-training', '-calc-rsi', '-verbose', '-prediction-mode=index', '-interval-list=30m', '-range-min-rsi=28', '-range-max-rsi=80', '-range-p-ema=50,250', '-target-margin-list=1.0,1.5,2.0,2.5,3.0,3.5,4.0,4.5,5.0', '-log-level=WARNING']
2023-11-26 20:02:38;UNIUSDT;30m;2.5;175;30;78;100.0;7;136.82;['-batch-training', '-calc-rsi', '-verbose', '-prediction-mode=index', '-interval-list=30m', '-range-min-rsi=28', '-range-max-rsi=80', '-range-p-ema=50,250', '-target-margin-list=1.0,1.5,2.0,2.5,3.0,3.5,4.0,4.5,5.0', '-log-level=WARNING']
2023-11-26 21:08:01;UNIUSDT;30m;2.5;75;30;74;100.0;7;136.82;['-batch-training', '-calc-rsi', '-verbose', '-prediction-mode=index', '-interval-list=30m', '-range-min-rsi=28', '-range-max-rsi=80', '-range-p-ema=50,250', '-target-margin-list=1.0,1.5,2.0,2.5,3.0,3.5,4.0,4.5,5.0', '-log-level=WARNING']
2023-11-26 20:02:11;UNIUSDT;30m;2.5;175;30;74;100.0;7;136.82;['-batch-training', '-calc-rsi', '-verbose', '-prediction-mode=index', '-interval-list=30m', '-range-min-rsi=28', '-range-max-rsi=80', '-range-p-ema=50,250', '-target-margin-list=1.0,1.5,2.0,2.5,3.0,3.5,4.0,4.5,5.0', '-log-level=WARNING']
2023-11-26 20:52:39;UNIUSDT;30m;2.5;50;30;74;100.0;7;136.82;['-batch-training', '-calc-rsi', '-verbose', '-prediction-mode=index', '-interval-list=30m', '-range-min-rsi=28', '-range-max-rsi=80', '-range-p-ema=50,250', '-target-margin-list=1.0,1.5,2.0,2.5,3.0,3.5,4.0,4.5,5.0', '-log-level=WARNING']
2023-11-26 20:02:25;UNIUSDT;30m;2.5;175;30;76;100.0;7;136.82;['-batch-training', '-calc-rsi', '-verbose', '-prediction-mode=index', '-interval-list=30m', '-range-min-rsi=28', '-range-max-rsi=80', '-range-p-ema=50,250', '-target-margin-list=1.0,1.5,2.0,2.5,3.0,3.5,4.0,4.5,5.0', '-log-level=WARNING']
2023-11-26 20:12:40;UNIUSDT;30m;2.5;200;30;74;100.0;7;136.82;['-batch-training', '-calc-rsi', '-verbose', '-prediction-mode=index', '-interval-list=30m', '-range-min-rsi=28', '-range-max-rsi=80', '-range-p-ema=50,250', '-target-margin-list=1.0,1.5,2.0,2.5,3.0,3.5,4.0,4.5,5.0', '-log-level=WARNING']
2023-11-26 19:54:10;UNIUSDT;30m;3.5;150;36;72;100.0;5;136.82;['-batch-training', '-calc-rsi', '-verbose', '-prediction-mode=index', '-interval-list=30m', '-range-min-rsi=28', '-range-max-rsi=80', '-range-p-ema=50,250', '-target-margin-list=1.0,1.5,2.0,2.5,3.0,3.5,4.0,4.5,5.0', '-log-level=WARNING']
2023-11-26 20:29:43;UNIUSDT;30m;4.0;225;34;74;100.0;2;136.91;['-batch-training', '-calc-rsi', '-verbose', '-prediction-mode=index', '-interval-list=30m', '-range-min-rsi=28', '-range-max-rsi=80', '-range-p-ema=50,250', '-target-margin-list=1.0,1.5,2.0,2.5,3.0,3.5,4.0,4.5,5.0', '-log-level=WARNING']
2023-11-26 20:51:32;UNIUSDT;30m;2.0;50;36;76;100.0;4;136.91;['-batch-training', '-calc-rsi', '-verbose', '-prediction-mode=index', '-interval-list=30m', '-range-min-rsi=28', '-range-max-rsi=80', '-range-p-ema=50,250', '-target-margin-list=1.0,1.5,2.0,2.5,3.0,3.5,4.0,4.5,5.0', '-log-level=WARNING']
2023-11-26 21:06:46;UNIUSDT;30m;2.0;75;36;76;100.0;4;136.91;['-batch-training', '-calc-rsi', '-verbose', '-prediction-mode=index', '-interval-list=30m', '-range-min-rsi=28', '-range-max-rsi=80', '-range-p-ema=50,250', '-target-margin-list=1.0,1.5,2.0,2.5,3.0,3.5,4.0,4.5,5.0', '-log-level=WARNING']
2023-11-26 20:43:16;UNIUSDT;30m;4.0;250;34;74;100.0;2;136.91;['-batch-training', '-calc-rsi', '-verbose', '-prediction-mode=index', '-interval-list=30m', '-range-min-rsi=28', '-range-max-rsi=80', '-range-p-ema=50,250', '-target-margin-list=1.0,1.5,2.0,2.5,3.0,3.5,4.0,4.5,5.0', '-log-level=WARNING']
2023-11-26 19:28:02;UNIUSDT;30m;2.0;100;36;76;100.0;4;136.91;['-batch-training', '-calc-rsi', '-verbose', '-prediction-mode=index', '-interval-list=30m', '-range-min-rsi=28', '-range-max-rsi=80', '-range-p-ema=50,250', '-target-margin-list=1.0,1.5,2.0,2.5,3.0,3.5,4.0,4.5,5.0', '-log-level=WARNING']
2023-11-26 19:39:31;UNIUSDT;30m;2.0;125;36;76;100.0;4;136.91;['-batch-training', '-calc-rsi', '-verbose', '-prediction-mode=index', '-interval-list=30m', '-range-min-rsi=28', '-range-max-rsi=80', '-range-p-ema=50,250', '-target-margin-list=1.0,1.5,2.0,2.5,3.0,3.5,4.0,4.5,5.0', '-log-level=WARNING']
2023-11-26 20:15:58;UNIUSDT;30m;3.5;200;32;78;100.0;2;136.92;['-batch-training', '-calc-rsi', '-verbose', '-prediction-mode=index', '-interval-list=30m', '-range-min-rsi=28', '-range-max-rsi=80', '-range-p-ema=50,250', '-target-margin-list=1.0,1.5,2.0,2.5,3.0,3.5,4.0,4.5,5.0', '-log-level=WARNING']
2023-11-26 20:42:38;UNIUSDT;30m;3.5;250;34;80;100.0;5;136.92;['-batch-training', '-calc-rsi', '-verbose', '-prediction-mode=index', '-interval-list=30m', '-range-min-rsi=28', '-range-max-rsi=80', '-range-p-ema=50,250', '-target-margin-list=1.0,1.5,2.0,2.5,3.0,3.5,4.0,4.5,5.0', '-log-level=WARNING']
2023-11-26 20:28:48;UNIUSDT;30m;3.5;225;32;78;100.0;2;136.92;['-batch-training', '-calc-rsi', '-verbose', '-prediction-mode=index', '-interval-list=30m', '-range-min-rsi=28', '-range-max-rsi=80', '-range-p-ema=50,250', '-target-margin-list=1.0,1.5,2.0,2.5,3.0,3.5,4.0,4.5,5.0', '-log-level=WARNING']
2023-11-26 20:42:38;UNIUSDT;30m;3.5;250;34;80;100.0;7;136.92;['-batch-training', '-calc-rsi', '-verbose', '-prediction-mode=index', '-interval-list=30m', '-range-min-rsi=28', '-range-max-rsi=80', '-range-p-ema=50,250', '-target-margin-list=1.0,1.5,2.0,2.5,3.0,3.5,4.0,4.5,5.0', '-log-level=WARNING']
2023-11-26 20:04:53;UNIUSDT;30m;3.5;175;32;78;100.0;2;136.92;['-batch-training', '-calc-rsi', '-verbose', '-prediction-mode=index', '-interval-list=30m', '-range-min-rsi=28', '-range-max-rsi=80', '-range-p-ema=50,250', '-target-margin-list=1.0,1.5,2.0,2.5,3.0,3.5,4.0,4.5,5.0', '-log-level=WARNING']
2023-11-26 20:42:38;UNIUSDT;30m;3.5;250;34;80;100.0;6;136.92;['-batch-training', '-calc-rsi', '-verbose', '-prediction-mode=index', '-interval-list=30m', '-range-min-rsi=28', '-range-max-rsi=80', '-range-p-ema=50,250', '-target-margin-list=1.0,1.5,2.0,2.5,3.0,3.5,4.0,4.5,5.0', '-log-level=WARNING']
2023-11-26 20:03:37;UNIUSDT;30m;3.0;175;34;76;100.0;3;137.12;['-batch-training', '-calc-rsi', '-verbose', '-prediction-mode=index', '-interval-list=30m', '-range-min-rsi=28', '-range-max-rsi=80', '-range-p-ema=50,250', '-target-margin-list=1.0,1.5,2.0,2.5,3.0,3.5,4.0,4.5,5.0', '-log-level=WARNING']
2023-11-26 20:14:23;UNIUSDT;30m;3.0;200;34;76;100.0;3;137.12;['-batch-training', '-calc-rsi', '-verbose', '-prediction-mode=index', '-interval-list=30m', '-range-min-rsi=28', '-range-max-rsi=80', '-range-p-ema=50,250', '-target-margin-list=1.0,1.5,2.0,2.5,3.0,3.5,4.0,4.5,5.0', '-log-level=WARNING']
2023-11-26 20:42:24;UNIUSDT;30m;3.5;250;36;78;100.0;2;137.13;['-batch-training', '-calc-rsi', '-verbose', '-prediction-mode=index', '-interval-list=30m', '-range-min-rsi=28', '-range-max-rsi=80', '-range-p-ema=50,250', '-target-margin-list=1.0,1.5,2.0,2.5,3.0,3.5,4.0,4.5,5.0', '-log-level=WARNING']
2023-11-26 20:30:29;UNIUSDT;30m;4.0;225;30;80;100.0;6;137.16;['-batch-training', '-calc-rsi', '-verbose', '-prediction-mode=index', '-interval-list=30m', '-range-min-rsi=28', '-range-max-rsi=80', '-range-p-ema=50,250', '-target-margin-list=1.0,1.5,2.0,2.5,3.0,3.5,4.0,4.5,5.0', '-log-level=WARNING']
2023-11-26 20:06:10;UNIUSDT;30m;4.0;175;30;80;100.0;5;137.16;['-batch-training', '-calc-rsi', '-verbose', '-prediction-mode=index', '-interval-list=30m', '-range-min-rsi=28', '-range-max-rsi=80', '-range-p-ema=50,250', '-target-margin-list=1.0,1.5,2.0,2.5,3.0,3.5,4.0,4.5,5.0', '-log-level=WARNING']
2023-11-26 20:06:10;UNIUSDT;30m;4.0;175;30;80;100.0;7;137.16;['-batch-training', '-calc-rsi', '-verbose', '-prediction-mode=index', '-interval-list=30m', '-range-min-rsi=28', '-range-max-rsi=80', '-range-p-ema=50,250', '-target-margin-list=1.0,1.5,2.0,2.5,3.0,3.5,4.0,4.5,5.0', '-log-level=WARNING']
2023-11-26 19:56:05;UNIUSDT;30m;4.0;150;30;80;100.0;6;137.16;['-batch-training', '-calc-rsi', '-verbose', '-prediction-mode=index', '-interval-list=30m', '-range-min-rsi=28', '-range-max-rsi=80', '-range-p-ema=50,250', '-target-margin-list=1.0,1.5,2.0,2.5,3.0,3.5,4.0,4.5,5.0', '-log-level=WARNING']
2023-11-26 20:30:29;UNIUSDT;30m;4.0;225;30;80;100.0;5;137.16;['-batch-training', '-calc-rsi', '-verbose', '-prediction-mode=index', '-interval-list=30m', '-range-min-rsi=28', '-range-max-rsi=80', '-range-p-ema=50,250', '-target-margin-list=1.0,1.5,2.0,2.5,3.0,3.5,4.0,4.5,5.0', '-log-level=WARNING']
2023-11-26 19:56:05;UNIUSDT;30m;4.0;150;30;80;100.0;5;137.16;['-batch-training', '-calc-rsi', '-verbose', '-prediction-mode=index', '-interval-list=30m', '-range-min-rsi=28', '-range-max-rsi=80', '-range-p-ema=50,250', '-target-margin-list=1.0,1.5,2.0,2.5,3.0,3.5,4.0,4.5,5.0', '-log-level=WARNING']
2023-11-26 19:44:58;UNIUSDT;30m;4.0;125;30;80;100.0;7;137.16;['-batch-training', '-calc-rsi', '-verbose', '-prediction-mode=index', '-interval-list=30m', '-range-min-rsi=28', '-range-max-rsi=80', '-range-p-ema=50,250', '-target-margin-list=1.0,1.5,2.0,2.5,3.0,3.5,4.0,4.5,5.0', '-log-level=WARNING']
2023-11-26 19:56:05;UNIUSDT;30m;4.0;150;30;80;100.0;7;137.16;['-batch-training', '-calc-rsi', '-verbose', '-prediction-mode=index', '-interval-list=30m', '-range-min-rsi=28', '-range-max-rsi=80', '-range-p-ema=50,250', '-target-margin-list=1.0,1.5,2.0,2.5,3.0,3.5,4.0,4.5,5.0', '-log-level=WARNING']
2023-11-26 19:44:58;UNIUSDT;30m;4.0;125;30;80;100.0;5;137.16;['-batch-training', '-calc-rsi', '-verbose', '-prediction-mode=index', '-interval-list=30m', '-range-min-rsi=28', '-range-max-rsi=80', '-range-p-ema=50,250', '-target-margin-list=1.0,1.5,2.0,2.5,3.0,3.5,4.0,4.5,5.0', '-log-level=WARNING']
2023-11-26 19:44:58;UNIUSDT;30m;4.0;125;30;80;100.0;6;137.16;['-batch-training', '-calc-rsi', '-verbose', '-prediction-mode=index', '-interval-list=30m', '-range-min-rsi=28', '-range-max-rsi=80', '-range-p-ema=50,250', '-target-margin-list=1.0,1.5,2.0,2.5,3.0,3.5,4.0,4.5,5.0', '-log-level=WARNING']
2023-11-26 20:06:10;UNIUSDT;30m;4.0;175;30;80;100.0;6;137.16;['-batch-training', '-calc-rsi', '-verbose', '-prediction-mode=index', '-interval-list=30m', '-range-min-rsi=28', '-range-max-rsi=80', '-range-p-ema=50,250', '-target-margin-list=1.0,1.5,2.0,2.5,3.0,3.5,4.0,4.5,5.0', '-log-level=WARNING']
2023-11-26 21:14:18;UNIUSDT;30m;4.0;75;30;80;100.0;5;137.16;['-batch-training', '-calc-rsi', '-verbose', '-prediction-mode=index', '-interval-list=30m', '-range-min-rsi=28', '-range-max-rsi=80', '-range-p-ema=50,250', '-target-margin-list=1.0,1.5,2.0,2.5,3.0,3.5,4.0,4.5,5.0', '-log-level=WARNING']
2023-11-26 20:58:35;UNIUSDT;30m;4.0;50;30;80;100.0;7;137.16;['-batch-training', '-calc-rsi', '-verbose', '-prediction-mode=index', '-interval-list=30m', '-range-min-rsi=28', '-range-max-rsi=80', '-range-p-ema=50,250', '-target-margin-list=1.0,1.5,2.0,2.5,3.0,3.5,4.0,4.5,5.0', '-log-level=WARNING']
2023-11-26 20:44:03;UNIUSDT;30m;4.0;250;30;80;100.0;5;137.16;['-batch-training', '-calc-rsi', '-verbose', '-prediction-mode=index', '-interval-list=30m', '-range-min-rsi=28', '-range-max-rsi=80', '-range-p-ema=50,250', '-target-margin-list=1.0,1.5,2.0,2.5,3.0,3.5,4.0,4.5,5.0', '-log-level=WARNING']
2023-11-26 20:58:35;UNIUSDT;30m;4.0;50;30;80;100.0;6;137.16;['-batch-training', '-calc-rsi', '-verbose', '-prediction-mode=index', '-interval-list=30m', '-range-min-rsi=28', '-range-max-rsi=80', '-range-p-ema=50,250', '-target-margin-list=1.0,1.5,2.0,2.5,3.0,3.5,4.0,4.5,5.0', '-log-level=WARNING']
2023-11-26 20:58:35;UNIUSDT;30m;4.0;50;30;80;100.0;5;137.16;['-batch-training', '-calc-rsi', '-verbose', '-prediction-mode=index', '-interval-list=30m', '-range-min-rsi=28', '-range-max-rsi=80', '-range-p-ema=50,250', '-target-margin-list=1.0,1.5,2.0,2.5,3.0,3.5,4.0,4.5,5.0', '-log-level=WARNING']
2023-11-26 21:14:18;UNIUSDT;30m;4.0;75;30;80;100.0;6;137.16;['-batch-training', '-calc-rsi', '-verbose', '-prediction-mode=index', '-interval-list=30m', '-range-min-rsi=28', '-range-max-rsi=80', '-range-p-ema=50,250', '-target-margin-list=1.0,1.5,2.0,2.5,3.0,3.5,4.0,4.5,5.0', '-log-level=WARNING']
2023-11-26 21:14:18;UNIUSDT;30m;4.0;75;30;80;100.0;7;137.16;['-batch-training', '-calc-rsi', '-verbose', '-prediction-mode=index', '-interval-list=30m', '-range-min-rsi=28', '-range-max-rsi=80', '-range-p-ema=50,250', '-target-margin-list=1.0,1.5,2.0,2.5,3.0,3.5,4.0,4.5,5.0', '-log-level=WARNING']
2023-11-26 20:44:03;UNIUSDT;30m;4.0;250;30;80;100.0;6;137.16;['-batch-training', '-calc-rsi', '-verbose', '-prediction-mode=index', '-interval-list=30m', '-range-min-rsi=28', '-range-max-rsi=80', '-range-p-ema=50,250', '-target-margin-list=1.0,1.5,2.0,2.5,3.0,3.5,4.0,4.5,5.0', '-log-level=WARNING']
2023-11-26 19:33:25;UNIUSDT;30m;4.0;100;30;80;100.0;6;137.16;['-batch-training', '-calc-rsi', '-verbose', '-prediction-mode=index', '-interval-list=30m', '-range-min-rsi=28', '-range-max-rsi=80', '-range-p-ema=50,250', '-target-margin-list=1.0,1.5,2.0,2.5,3.0,3.5,4.0,4.5,5.0', '-log-level=WARNING']
2023-11-26 20:44:03;UNIUSDT;30m;4.0;250;30;80;100.0;7;137.16;['-batch-training', '-calc-rsi', '-verbose', '-prediction-mode=index', '-interval-list=30m', '-range-min-rsi=28', '-range-max-rsi=80', '-range-p-ema=50,250', '-target-margin-list=1.0,1.5,2.0,2.5,3.0,3.5,4.0,4.5,5.0', '-log-level=WARNING']
2023-11-26 20:30:29;UNIUSDT;30m;4.0;225;30;80;100.0;7;137.16;['-batch-training', '-calc-rsi', '-verbose', '-prediction-mode=index', '-interval-list=30m', '-range-min-rsi=28', '-range-max-rsi=80', '-range-p-ema=50,250', '-target-margin-list=1.0,1.5,2.0,2.5,3.0,3.5,4.0,4.5,5.0', '-log-level=WARNING']
2023-11-26 19:33:25;UNIUSDT;30m;4.0;100;30;80;100.0;7;137.16;['-batch-training', '-calc-rsi', '-verbose', '-prediction-mode=index', '-interval-list=30m', '-range-min-rsi=28', '-range-max-rsi=80', '-range-p-ema=50,250', '-target-margin-list=1.0,1.5,2.0,2.5,3.0,3.5,4.0,4.5,5.0', '-log-level=WARNING']
2023-11-26 20:17:33;UNIUSDT;30m;4.0;200;30;80;100.0;7;137.16;['-batch-training', '-calc-rsi', '-verbose', '-prediction-mode=index', '-interval-list=30m', '-range-min-rsi=28', '-range-max-rsi=80', '-range-p-ema=50,250', '-target-margin-list=1.0,1.5,2.0,2.5,3.0,3.5,4.0,4.5,5.0', '-log-level=WARNING']
2023-11-26 20:17:33;UNIUSDT;30m;4.0;200;30;80;100.0;5;137.16;['-batch-training', '-calc-rsi', '-verbose', '-prediction-mode=index', '-interval-list=30m', '-range-min-rsi=28', '-range-max-rsi=80', '-range-p-ema=50,250', '-target-margin-list=1.0,1.5,2.0,2.5,3.0,3.5,4.0,4.5,5.0', '-log-level=WARNING']
2023-11-26 20:17:33;UNIUSDT;30m;4.0;200;30;80;100.0;6;137.16;['-batch-training', '-calc-rsi', '-verbose', '-prediction-mode=index', '-interval-list=30m', '-range-min-rsi=28', '-range-max-rsi=80', '-range-p-ema=50,250', '-target-margin-list=1.0,1.5,2.0,2.5,3.0,3.5,4.0,4.5,5.0', '-log-level=WARNING']
2023-11-26 19:33:25;UNIUSDT;30m;4.0;100;30;80;100.0;5;137.16;['-batch-training', '-calc-rsi', '-verbose', '-prediction-mode=index', '-interval-list=30m', '-range-min-rsi=28', '-range-max-rsi=80', '-range-p-ema=50,250', '-target-margin-list=1.0,1.5,2.0,2.5,3.0,3.5,4.0,4.5,5.0', '-log-level=WARNING']
2023-11-26 19:28:15;UNIUSDT;30m;2.0;100;34;78;100.0;3;137.21;['-batch-training', '-calc-rsi', '-verbose', '-prediction-mode=index', '-interval-list=30m', '-range-min-rsi=28', '-range-max-rsi=80', '-range-p-ema=50,250', '-target-margin-list=1.0,1.5,2.0,2.5,3.0,3.5,4.0,4.5,5.0', '-log-level=WARNING']
2023-11-26 19:39:44;UNIUSDT;30m;2.0;125;34;78;100.0;3;137.21;['-batch-training', '-calc-rsi', '-verbose', '-prediction-mode=index', '-interval-list=30m', '-range-min-rsi=28', '-range-max-rsi=80', '-range-p-ema=50,250', '-target-margin-list=1.0,1.5,2.0,2.5,3.0,3.5,4.0,4.5,5.0', '-log-level=WARNING']
2023-11-26 20:51:47;UNIUSDT;30m;2.0;50;34;78;100.0;3;137.21;['-batch-training', '-calc-rsi', '-verbose', '-prediction-mode=index', '-interval-list=30m', '-range-min-rsi=28', '-range-max-rsi=80', '-range-p-ema=50,250', '-target-margin-list=1.0,1.5,2.0,2.5,3.0,3.5,4.0,4.5,5.0', '-log-level=WARNING']
2023-11-26 21:07:02;UNIUSDT;30m;2.0;75;34;78;100.0;3;137.21;['-batch-training', '-calc-rsi', '-verbose', '-prediction-mode=index', '-interval-list=30m', '-range-min-rsi=28', '-range-max-rsi=80', '-range-p-ema=50,250', '-target-margin-list=1.0,1.5,2.0,2.5,3.0,3.5,4.0,4.5,5.0', '-log-level=WARNING']
2023-11-26 19:43:33;UNIUSDT;30m;3.5;125;34;78;100.0;3;137.24;['-batch-training', '-calc-rsi', '-verbose', '-prediction-mode=index', '-interval-list=30m', '-range-min-rsi=28', '-range-max-rsi=80', '-range-p-ema=50,250', '-target-margin-list=1.0,1.5,2.0,2.5,3.0,3.5,4.0,4.5,5.0', '-log-level=WARNING']
2023-11-26 19:32:03;UNIUSDT;30m;3.5;100;34;78;100.0;3;137.24;['-batch-training', '-calc-rsi', '-verbose', '-prediction-mode=index', '-interval-list=30m', '-range-min-rsi=28', '-range-max-rsi=80', '-range-p-ema=50,250', '-target-margin-list=1.0,1.5,2.0,2.5,3.0,3.5,4.0,4.5,5.0', '-log-level=WARNING']
2023-11-26 20:56:43;UNIUSDT;30m;3.5;50;34;78;100.0;3;137.24;['-batch-training', '-calc-rsi', '-verbose', '-prediction-mode=index', '-interval-list=30m', '-range-min-rsi=28', '-range-max-rsi=80', '-range-p-ema=50,250', '-target-margin-list=1.0,1.5,2.0,2.5,3.0,3.5,4.0,4.5,5.0', '-log-level=WARNING']
2023-11-26 21:12:26;UNIUSDT;30m;3.5;75;34;78;100.0;3;137.24;['-batch-training', '-calc-rsi', '-verbose', '-prediction-mode=index', '-interval-list=30m', '-range-min-rsi=28', '-range-max-rsi=80', '-range-p-ema=50,250', '-target-margin-list=1.0,1.5,2.0,2.5,3.0,3.5,4.0,4.5,5.0', '-log-level=WARNING']
2023-11-26 20:19:49;UNIUSDT;30m;5.0;200;32;76;100.0;2;137.25;['-batch-training', '-calc-rsi', '-verbose', '-prediction-mode=index', '-interval-list=30m', '-range-min-rsi=28', '-range-max-rsi=80', '-range-p-ema=50,250', '-target-margin-list=1.0,1.5,2.0,2.5,3.0,3.5,4.0,4.5,5.0', '-log-level=WARNING']
2023-11-26 20:46:37;UNIUSDT;30m;5.0;250;32;76;100.0;2;137.25;['-batch-training', '-calc-rsi', '-verbose', '-prediction-mode=index', '-interval-list=30m', '-range-min-rsi=28', '-range-max-rsi=80', '-range-p-ema=50,250', '-target-margin-list=1.0,1.5,2.0,2.5,3.0,3.5,4.0,4.5,5.0', '-log-level=WARNING']
2023-11-26 20:07:58;UNIUSDT;30m;5.0;175;32;76;100.0;2;137.25;['-batch-training', '-calc-rsi', '-verbose', '-prediction-mode=index', '-interval-list=30m', '-range-min-rsi=28', '-range-max-rsi=80', '-range-p-ema=50,250', '-target-margin-list=1.0,1.5,2.0,2.5,3.0,3.5,4.0,4.5,5.0', '-log-level=WARNING']
2023-11-26 19:57:56;UNIUSDT;30m;5.0;150;32;76;100.0;2;137.25;['-batch-training', '-calc-rsi', '-verbose', '-prediction-mode=index', '-interval-list=30m', '-range-min-rsi=28', '-range-max-rsi=80', '-range-p-ema=50,250', '-target-margin-list=1.0,1.5,2.0,2.5,3.0,3.5,4.0,4.5,5.0', '-log-level=WARNING']
2023-11-26 20:32:52;UNIUSDT;30m;5.0;225;32;76;100.0;2;137.25;['-batch-training', '-calc-rsi', '-verbose', '-prediction-mode=index', '-interval-list=30m', '-range-min-rsi=28', '-range-max-rsi=80', '-range-p-ema=50,250', '-target-margin-list=1.0,1.5,2.0,2.5,3.0,3.5,4.0,4.5,5.0', '-log-level=WARNING']
2023-11-26 20:41:46;UNIUSDT;30m;3.5;250;36;74;100.0;3;137.37;['-batch-training', '-calc-rsi', '-verbose', '-prediction-mode=index', '-interval-list=30m', '-range-min-rsi=28', '-range-max-rsi=80', '-range-p-ema=50,250', '-target-margin-list=1.0,1.5,2.0,2.5,3.0,3.5,4.0,4.5,5.0', '-log-level=WARNING']
2023-11-26 20:29:09;UNIUSDT;30m;3.5;225;34;80;100.0;6;137.44;['-batch-training', '-calc-rsi', '-verbose', '-prediction-mode=index', '-interval-list=30m', '-range-min-rsi=28', '-range-max-rsi=80', '-range-p-ema=50,250', '-target-margin-list=1.0,1.5,2.0,2.5,3.0,3.5,4.0,4.5,5.0', '-log-level=WARNING']
2023-11-26 20:29:09;UNIUSDT;30m;3.5;225;34;80;100.0;5;137.44;['-batch-training', '-calc-rsi', '-verbose', '-prediction-mode=index', '-interval-list=30m', '-range-min-rsi=28', '-range-max-rsi=80', '-range-p-ema=50,250', '-target-margin-list=1.0,1.5,2.0,2.5,3.0,3.5,4.0,4.5,5.0', '-log-level=WARNING']
2023-11-26 20:29:09;UNIUSDT;30m;3.5;225;34;80;100.0;7;137.44;['-batch-training', '-calc-rsi', '-verbose', '-prediction-mode=index', '-interval-list=30m', '-range-min-rsi=28', '-range-max-rsi=80', '-range-p-ema=50,250', '-target-margin-list=1.0,1.5,2.0,2.5,3.0,3.5,4.0,4.5,5.0', '-log-level=WARNING']
2023-11-26 20:42:42;UNIUSDT;30m;3.5;250;36;80;100.0;7;137.46;['-batch-training', '-calc-rsi', '-verbose', '-prediction-mode=index', '-interval-list=30m', '-range-min-rsi=28', '-range-max-rsi=80', '-range-p-ema=50,250', '-target-margin-list=1.0,1.5,2.0,2.5,3.0,3.5,4.0,4.5,5.0', '-log-level=WARNING']
2023-11-26 20:42:24;UNIUSDT;30m;3.5;250;36;78;100.0;7;137.46;['-batch-training', '-calc-rsi', '-verbose', '-prediction-mode=index', '-interval-list=30m', '-range-min-rsi=28', '-range-max-rsi=80', '-range-p-ema=50,250', '-target-margin-list=1.0,1.5,2.0,2.5,3.0,3.5,4.0,4.5,5.0', '-log-level=WARNING']
2023-11-26 20:42:24;UNIUSDT;30m;3.5;250;36;78;100.0;6;137.46;['-batch-training', '-calc-rsi', '-verbose', '-prediction-mode=index', '-interval-list=30m', '-range-min-rsi=28', '-range-max-rsi=80', '-range-p-ema=50,250', '-target-margin-list=1.0,1.5,2.0,2.5,3.0,3.5,4.0,4.5,5.0', '-log-level=WARNING']
2023-11-26 20:42:05;UNIUSDT;30m;3.5;250;36;76;100.0;6;137.46;['-batch-training', '-calc-rsi', '-verbose', '-prediction-mode=index', '-interval-list=30m', '-range-min-rsi=28', '-range-max-rsi=80', '-range-p-ema=50,250', '-target-margin-list=1.0,1.5,2.0,2.5,3.0,3.5,4.0,4.5,5.0', '-log-level=WARNING']
2023-11-26 20:41:46;UNIUSDT;30m;3.5;250;36;74;100.0;7;137.46;['-batch-training', '-calc-rsi', '-verbose', '-prediction-mode=index', '-interval-list=30m', '-range-min-rsi=28', '-range-max-rsi=80', '-range-p-ema=50,250', '-target-margin-list=1.0,1.5,2.0,2.5,3.0,3.5,4.0,4.5,5.0', '-log-level=WARNING']
2023-11-26 20:41:46;UNIUSDT;30m;3.5;250;36;74;100.0;6;137.46;['-batch-training', '-calc-rsi', '-verbose', '-prediction-mode=index', '-interval-list=30m', '-range-min-rsi=28', '-range-max-rsi=80', '-range-p-ema=50,250', '-target-margin-list=1.0,1.5,2.0,2.5,3.0,3.5,4.0,4.5,5.0', '-log-level=WARNING']
2023-11-26 20:42:42;UNIUSDT;30m;3.5;250;36;80;100.0;6;137.46;['-batch-training', '-calc-rsi', '-verbose', '-prediction-mode=index', '-interval-list=30m', '-range-min-rsi=28', '-range-max-rsi=80', '-range-p-ema=50,250', '-target-margin-list=1.0,1.5,2.0,2.5,3.0,3.5,4.0,4.5,5.0', '-log-level=WARNING']
2023-11-26 20:42:05;UNIUSDT;30m;3.5;250;36;76;100.0;7;137.46;['-batch-training', '-calc-rsi', '-verbose', '-prediction-mode=index', '-interval-list=30m', '-range-min-rsi=28', '-range-max-rsi=80', '-range-p-ema=50,250', '-target-margin-list=1.0,1.5,2.0,2.5,3.0,3.5,4.0,4.5,5.0', '-log-level=WARNING']
2023-11-26 19:41:13;UNIUSDT;30m;2.5;125;32;80;100.0;7;137.51;['-batch-training', '-calc-rsi', '-verbose', '-prediction-mode=index', '-interval-list=30m', '-range-min-rsi=28', '-range-max-rsi=80', '-range-p-ema=50,250', '-target-margin-list=1.0,1.5,2.0,2.5,3.0,3.5,4.0,4.5,5.0', '-log-level=WARNING']
2023-11-26 21:09:09;UNIUSDT;30m;2.5;75;32;80;100.0;7;137.51;['-batch-training', '-calc-rsi', '-verbose', '-prediction-mode=index', '-interval-list=30m', '-range-min-rsi=28', '-range-max-rsi=80', '-range-p-ema=50,250', '-target-margin-list=1.0,1.5,2.0,2.5,3.0,3.5,4.0,4.5,5.0', '-log-level=WARNING']
2023-11-26 19:29:44;UNIUSDT;30m;2.5;100;32;80;100.0;7;137.51;['-batch-training', '-calc-rsi', '-verbose', '-prediction-mode=index', '-interval-list=30m', '-range-min-rsi=28', '-range-max-rsi=80', '-range-p-ema=50,250', '-target-margin-list=1.0,1.5,2.0,2.5,3.0,3.5,4.0,4.5,5.0', '-log-level=WARNING']
2023-11-26 20:53:42;UNIUSDT;30m;2.5;50;32;80;100.0;7;137.51;['-batch-training', '-calc-rsi', '-verbose', '-prediction-mode=index', '-interval-list=30m', '-range-min-rsi=28', '-range-max-rsi=80', '-range-p-ema=50,250', '-target-margin-list=1.0,1.5,2.0,2.5,3.0,3.5,4.0,4.5,5.0', '-log-level=WARNING']
2023-11-26 19:42:45;UNIUSDT;30m;3.5;125;32;72;100.0;5;137.53;['-batch-training', '-calc-rsi', '-verbose', '-prediction-mode=index', '-interval-list=30m', '-range-min-rsi=28', '-range-max-rsi=80', '-range-p-ema=50,250', '-target-margin-list=1.0,1.5,2.0,2.5,3.0,3.5,4.0,4.5,5.0', '-log-level=WARNING']
2023-11-26 20:55:40;UNIUSDT;30m;3.5;50;32;72;100.0;5;137.53;['-batch-training', '-calc-rsi', '-verbose', '-prediction-mode=index', '-interval-list=30m', '-range-min-rsi=28', '-range-max-rsi=80', '-range-p-ema=50,250', '-target-margin-list=1.0,1.5,2.0,2.5,3.0,3.5,4.0,4.5,5.0', '-log-level=WARNING']
2023-11-26 21:11:16;UNIUSDT;30m;3.5;75;32;72;100.0;5;137.53;['-batch-training', '-calc-rsi', '-verbose', '-prediction-mode=index', '-interval-list=30m', '-range-min-rsi=28', '-range-max-rsi=80', '-range-p-ema=50,250', '-target-margin-list=1.0,1.5,2.0,2.5,3.0,3.5,4.0,4.5,5.0', '-log-level=WARNING']
2023-11-26 19:31:15;UNIUSDT;30m;3.5;100;32;72;100.0;5;137.53;['-batch-training', '-calc-rsi', '-verbose', '-prediction-mode=index', '-interval-list=30m', '-range-min-rsi=28', '-range-max-rsi=80', '-range-p-ema=50,250', '-target-margin-list=1.0,1.5,2.0,2.5,3.0,3.5,4.0,4.5,5.0', '-log-level=WARNING']
2023-11-26 20:52:07;UNIUSDT;30m;2.0;50;34;80;100.0;3;137.55;['-batch-training', '-calc-rsi', '-verbose', '-prediction-mode=index', '-interval-list=30m', '-range-min-rsi=28', '-range-max-rsi=80', '-range-p-ema=50,250', '-target-margin-list=1.0,1.5,2.0,2.5,3.0,3.5,4.0,4.5,5.0', '-log-level=WARNING']
2023-11-26 19:28:31;UNIUSDT;30m;2.0;100;34;80;100.0;3;137.55;['-batch-training', '-calc-rsi', '-verbose', '-prediction-mode=index', '-interval-list=30m', '-range-min-rsi=28', '-range-max-rsi=80', '-range-p-ema=50,250', '-target-margin-list=1.0,1.5,2.0,2.5,3.0,3.5,4.0,4.5,5.0', '-log-level=WARNING']
2023-11-26 21:07:25;UNIUSDT;30m;2.0;75;34;80;100.0;3;137.55;['-batch-training', '-calc-rsi', '-verbose', '-prediction-mode=index', '-interval-list=30m', '-range-min-rsi=28', '-range-max-rsi=80', '-range-p-ema=50,250', '-target-margin-list=1.0,1.5,2.0,2.5,3.0,3.5,4.0,4.5,5.0', '-log-level=WARNING']
2023-11-26 19:40:00;UNIUSDT;30m;2.0;125;34;80;100.0;3;137.55;['-batch-training', '-calc-rsi', '-verbose', '-prediction-mode=index', '-interval-list=30m', '-range-min-rsi=28', '-range-max-rsi=80', '-range-p-ema=50,250', '-target-margin-list=1.0,1.5,2.0,2.5,3.0,3.5,4.0,4.5,5.0', '-log-level=WARNING']
2023-11-26 20:42:34;UNIUSDT;30m;3.5;250;32;80;100.0;3;137.61;['-batch-training', '-calc-rsi', '-verbose', '-prediction-mode=index', '-interval-list=30m', '-range-min-rsi=28', '-range-max-rsi=80', '-range-p-ema=50,250', '-target-margin-list=1.0,1.5,2.0,2.5,3.0,3.5,4.0,4.5,5.0', '-log-level=WARNING']
2023-11-26 19:54:59;UNIUSDT;30m;3.5;150;32;80;100.0;3;137.61;['-batch-training', '-calc-rsi', '-verbose', '-prediction-mode=index', '-interval-list=30m', '-range-min-rsi=28', '-range-max-rsi=80', '-range-p-ema=50,250', '-target-margin-list=1.0,1.5,2.0,2.5,3.0,3.5,4.0,4.5,5.0', '-log-level=WARNING']
2023-11-26 20:05:07;UNIUSDT;30m;3.5;175;32;80;100.0;3;137.61;['-batch-training', '-calc-rsi', '-verbose', '-prediction-mode=index', '-interval-list=30m', '-range-min-rsi=28', '-range-max-rsi=80', '-range-p-ema=50,250', '-target-margin-list=1.0,1.5,2.0,2.5,3.0,3.5,4.0,4.5,5.0', '-log-level=WARNING']
2023-11-26 20:29:06;UNIUSDT;30m;3.5;225;32;80;100.0;3;137.61;['-batch-training', '-calc-rsi', '-verbose', '-prediction-mode=index', '-interval-list=30m', '-range-min-rsi=28', '-range-max-rsi=80', '-range-p-ema=50,250', '-target-margin-list=1.0,1.5,2.0,2.5,3.0,3.5,4.0,4.5,5.0', '-log-level=WARNING']
2023-11-26 20:16:14;UNIUSDT;30m;3.5;200;32;80;100.0;3;137.61;['-batch-training', '-calc-rsi', '-verbose', '-prediction-mode=index', '-interval-list=30m', '-range-min-rsi=28', '-range-max-rsi=80', '-range-p-ema=50,250', '-target-margin-list=1.0,1.5,2.0,2.5,3.0,3.5,4.0,4.5,5.0', '-log-level=WARNING']
2023-11-26 20:04:59;UNIUSDT;30m;3.5;175;36;78;100.0;2;137.61;['-batch-training', '-calc-rsi', '-verbose', '-prediction-mode=index', '-interval-list=30m', '-range-min-rsi=28', '-range-max-rsi=80', '-range-p-ema=50,250', '-target-margin-list=1.0,1.5,2.0,2.5,3.0,3.5,4.0,4.5,5.0', '-log-level=WARNING']
2023-11-26 20:16:04;UNIUSDT;30m;3.5;200;36;78;100.0;2;137.61;['-batch-training', '-calc-rsi', '-verbose', '-prediction-mode=index', '-interval-list=30m', '-range-min-rsi=28', '-range-max-rsi=80', '-range-p-ema=50,250', '-target-margin-list=1.0,1.5,2.0,2.5,3.0,3.5,4.0,4.5,5.0', '-log-level=WARNING']
2023-11-26 20:41:22;UNIUSDT;30m;3.5;250;32;72;100.0;5;137.62;['-batch-training', '-calc-rsi', '-verbose', '-prediction-mode=index', '-interval-list=30m', '-range-min-rsi=28', '-range-max-rsi=80', '-range-p-ema=50,250', '-target-margin-list=1.0,1.5,2.0,2.5,3.0,3.5,4.0,4.5,5.0', '-log-level=WARNING']
2023-11-26 19:27:47;UNIUSDT;30m;2.0;100;36;74;100.0;4;137.71;['-batch-training', '-calc-rsi', '-verbose', '-prediction-mode=index', '-interval-list=30m', '-range-min-rsi=28', '-range-max-rsi=80', '-range-p-ema=50,250', '-target-margin-list=1.0,1.5,2.0,2.5,3.0,3.5,4.0,4.5,5.0', '-log-level=WARNING']
2023-11-26 21:06:23;UNIUSDT;30m;2.0;75;36;74;100.0;4;137.71;['-batch-training', '-calc-rsi', '-verbose', '-prediction-mode=index', '-interval-list=30m', '-range-min-rsi=28', '-range-max-rsi=80', '-range-p-ema=50,250', '-target-margin-list=1.0,1.5,2.0,2.5,3.0,3.5,4.0,4.5,5.0', '-log-level=WARNING']
2023-11-26 20:51:12;UNIUSDT;30m;2.0;50;36;74;100.0;4;137.71;['-batch-training', '-calc-rsi', '-verbose', '-prediction-mode=index', '-interval-list=30m', '-range-min-rsi=28', '-range-max-rsi=80', '-range-p-ema=50,250', '-target-margin-list=1.0,1.5,2.0,2.5,3.0,3.5,4.0,4.5,5.0', '-log-level=WARNING']
2023-11-26 19:39:16;UNIUSDT;30m;2.0;125;36;74;100.0;4;137.71;['-batch-training', '-calc-rsi', '-verbose', '-prediction-mode=index', '-interval-list=30m', '-range-min-rsi=28', '-range-max-rsi=80', '-range-p-ema=50,250', '-target-margin-list=1.0,1.5,2.0,2.5,3.0,3.5,4.0,4.5,5.0', '-log-level=WARNING']
2023-11-26 20:39:51;UNIUSDT;30m;3.0;250;34;72;100.0;3;137.74;['-batch-training', '-calc-rsi', '-verbose', '-prediction-mode=index', '-interval-list=30m', '-range-min-rsi=28', '-range-max-rsi=80', '-range-p-ema=50,250', '-target-margin-list=1.0,1.5,2.0,2.5,3.0,3.5,4.0,4.5,5.0', '-log-level=WARNING']
2023-11-26 20:28:05;UNIUSDT;30m;3.5;225;28;74;100.0;7;137.79;['-batch-training', '-calc-rsi', '-verbose', '-prediction-mode=index', '-interval-list=30m', '-range-min-rsi=28', '-range-max-rsi=80', '-range-p-ema=50,250', '-target-margin-list=1.0,1.5,2.0,2.5,3.0,3.5,4.0,4.5,5.0', '-log-level=WARNING']
2023-11-26 20:56:32;UNIUSDT;30m;3.5;50;28;78;100.0;5;137.79;['-batch-training', '-calc-rsi', '-verbose', '-prediction-mode=index', '-interval-list=30m', '-range-min-rsi=28', '-range-max-rsi=80', '-range-p-ema=50,250', '-target-margin-list=1.0,1.5,2.0,2.5,3.0,3.5,4.0,4.5,5.0', '-log-level=WARNING']
2023-11-26 20:28:05;UNIUSDT;30m;3.5;225;28;74;100.0;5;137.79;['-batch-training', '-calc-rsi', '-verbose', '-prediction-mode=index', '-interval-list=30m', '-range-min-rsi=28', '-range-max-rsi=80', '-range-p-ema=50,250', '-target-margin-list=1.0,1.5,2.0,2.5,3.0,3.5,4.0,4.5,5.0', '-log-level=WARNING']
2023-11-26 20:41:32;UNIUSDT;30m;3.5;250;28;74;100.0;6;137.79;['-batch-training', '-calc-rsi', '-verbose', '-prediction-mode=index', '-interval-list=30m', '-range-min-rsi=28', '-range-max-rsi=80', '-range-p-ema=50,250', '-target-margin-list=1.0,1.5,2.0,2.5,3.0,3.5,4.0,4.5,5.0', '-log-level=WARNING']
2023-11-26 20:28:05;UNIUSDT;30m;3.5;225;28;74;100.0;6;137.79;['-batch-training', '-calc-rsi', '-verbose', '-prediction-mode=index', '-interval-list=30m', '-range-min-rsi=28', '-range-max-rsi=80', '-range-p-ema=50,250', '-target-margin-list=1.0,1.5,2.0,2.5,3.0,3.5,4.0,4.5,5.0', '-log-level=WARNING']
2023-11-26 20:56:12;UNIUSDT;30m;3.5;50;28;76;100.0;5;137.79;['-batch-training', '-calc-rsi', '-verbose', '-prediction-mode=index', '-interval-list=30m', '-range-min-rsi=28', '-range-max-rsi=80', '-range-p-ema=50,250', '-target-margin-list=1.0,1.5,2.0,2.5,3.0,3.5,4.0,4.5,5.0', '-log-level=WARNING']
2023-11-26 20:15:35;UNIUSDT;30m;3.5;200;28;76;100.0;6;137.79;['-batch-training', '-calc-rsi', '-verbose', '-prediction-mode=index', '-interval-list=30m', '-range-min-rsi=28', '-range-max-rsi=80', '-range-p-ema=50,250', '-target-margin-list=1.0,1.5,2.0,2.5,3.0,3.5,4.0,4.5,5.0', '-log-level=WARNING']
2023-11-26 20:56:32;UNIUSDT;30m;3.5;50;28;78;100.0;7;137.79;['-batch-training', '-calc-rsi', '-verbose', '-prediction-mode=index', '-interval-list=30m', '-range-min-rsi=28', '-range-max-rsi=80', '-range-p-ema=50,250', '-target-margin-list=1.0,1.5,2.0,2.5,3.0,3.5,4.0,4.5,5.0', '-log-level=WARNING']
2023-11-26 19:42:53;UNIUSDT;30m;3.5;125;28;74;100.0;7;137.79;['-batch-training', '-calc-rsi', '-verbose', '-prediction-mode=index', '-interval-list=30m', '-range-min-rsi=28', '-range-max-rsi=80', '-range-p-ema=50,250', '-target-margin-list=1.0,1.5,2.0,2.5,3.0,3.5,4.0,4.5,5.0', '-log-level=WARNING']
2023-11-26 19:42:54;UNIUSDT;30m;3.5;125;28;74;100.0;5;137.79;['-batch-training', '-calc-rsi', '-verbose', '-prediction-mode=index', '-interval-list=30m', '-range-min-rsi=28', '-range-max-rsi=80', '-range-p-ema=50,250', '-target-margin-list=1.0,1.5,2.0,2.5,3.0,3.5,4.0,4.5,5.0', '-log-level=WARNING']
2023-11-26 20:56:32;UNIUSDT;30m;3.5;50;28;78;100.0;6;137.79;['-batch-training', '-calc-rsi', '-verbose', '-prediction-mode=index', '-interval-list=30m', '-range-min-rsi=28', '-range-max-rsi=80', '-range-p-ema=50,250', '-target-margin-list=1.0,1.5,2.0,2.5,3.0,3.5,4.0,4.5,5.0', '-log-level=WARNING']
2023-11-26 19:43:09;UNIUSDT;30m;3.5;125;28;76;100.0;5;137.79;['-batch-training', '-calc-rsi', '-verbose', '-prediction-mode=index', '-interval-list=30m', '-range-min-rsi=28', '-range-max-rsi=80', '-range-p-ema=50,250', '-target-margin-list=1.0,1.5,2.0,2.5,3.0,3.5,4.0,4.5,5.0', '-log-level=WARNING']
2023-11-26 19:43:09;UNIUSDT;30m;3.5;125;28;76;100.0;6;137.79;['-batch-training', '-calc-rsi', '-verbose', '-prediction-mode=index', '-interval-list=30m', '-range-min-rsi=28', '-range-max-rsi=80', '-range-p-ema=50,250', '-target-margin-list=1.0,1.5,2.0,2.5,3.0,3.5,4.0,4.5,5.0', '-log-level=WARNING']
2023-11-26 20:28:23;UNIUSDT;30m;3.5;225;28;76;100.0;5;137.79;['-batch-training', '-calc-rsi', '-verbose', '-prediction-mode=index', '-interval-list=30m', '-range-min-rsi=28', '-range-max-rsi=80', '-range-p-ema=50,250', '-target-margin-list=1.0,1.5,2.0,2.5,3.0,3.5,4.0,4.5,5.0', '-log-level=WARNING']
2023-11-26 19:43:09;UNIUSDT;30m;3.5;125;28;76;100.0;7;137.79;['-batch-training', '-calc-rsi', '-verbose', '-prediction-mode=index', '-interval-list=30m', '-range-min-rsi=28', '-range-max-rsi=80', '-range-p-ema=50,250', '-target-margin-list=1.0,1.5,2.0,2.5,3.0,3.5,4.0,4.5,5.0', '-log-level=WARNING']
2023-11-26 20:28:23;UNIUSDT;30m;3.5;225;28;76;100.0;7;137.79;['-batch-training', '-calc-rsi', '-verbose', '-prediction-mode=index', '-interval-list=30m', '-range-min-rsi=28', '-range-max-rsi=80', '-range-p-ema=50,250', '-target-margin-list=1.0,1.5,2.0,2.5,3.0,3.5,4.0,4.5,5.0', '-log-level=WARNING']
2023-11-26 20:55:53;UNIUSDT;30m;3.5;50;28;74;100.0;7;137.79;['-batch-training', '-calc-rsi', '-verbose', '-prediction-mode=index', '-interval-list=30m', '-range-min-rsi=28', '-range-max-rsi=80', '-range-p-ema=50,250', '-target-margin-list=1.0,1.5,2.0,2.5,3.0,3.5,4.0,4.5,5.0', '-log-level=WARNING']
2023-11-26 20:55:53;UNIUSDT;30m;3.5;50;28;74;100.0;6;137.79;['-batch-training', '-calc-rsi', '-verbose', '-prediction-mode=index', '-interval-list=30m', '-range-min-rsi=28', '-range-max-rsi=80', '-range-p-ema=50,250', '-target-margin-list=1.0,1.5,2.0,2.5,3.0,3.5,4.0,4.5,5.0', '-log-level=WARNING']
2023-11-26 20:28:23;UNIUSDT;30m;3.5;225;28;76;100.0;6;137.79;['-batch-training', '-calc-rsi', '-verbose', '-prediction-mode=index', '-interval-list=30m', '-range-min-rsi=28', '-range-max-rsi=80', '-range-p-ema=50,250', '-target-margin-list=1.0,1.5,2.0,2.5,3.0,3.5,4.0,4.5,5.0', '-log-level=WARNING']
2023-11-26 19:42:53;UNIUSDT;30m;3.5;125;28;74;100.0;6;137.79;['-batch-training', '-calc-rsi', '-verbose', '-prediction-mode=index', '-interval-list=30m', '-range-min-rsi=28', '-range-max-rsi=80', '-range-p-ema=50,250', '-target-margin-list=1.0,1.5,2.0,2.5,3.0,3.5,4.0,4.5,5.0', '-log-level=WARNING']
2023-11-26 20:56:12;UNIUSDT;30m;3.5;50;28;76;100.0;6;137.79;['-batch-training', '-calc-rsi', '-verbose', '-prediction-mode=index', '-interval-list=30m', '-range-min-rsi=28', '-range-max-rsi=80', '-range-p-ema=50,250', '-target-margin-list=1.0,1.5,2.0,2.5,3.0,3.5,4.0,4.5,5.0', '-log-level=WARNING']
2023-11-26 19:54:40;UNIUSDT;30m;3.5;150;28;78;100.0;5;137.79;['-batch-training', '-calc-rsi', '-verbose', '-prediction-mode=index', '-interval-list=30m', '-range-min-rsi=28', '-range-max-rsi=80', '-range-p-ema=50,250', '-target-margin-list=1.0,1.5,2.0,2.5,3.0,3.5,4.0,4.5,5.0', '-log-level=WARNING']
2023-11-26 20:15:35;UNIUSDT;30m;3.5;200;28;76;100.0;5;137.79;['-batch-training', '-calc-rsi', '-verbose', '-prediction-mode=index', '-interval-list=30m', '-range-min-rsi=28', '-range-max-rsi=80', '-range-p-ema=50,250', '-target-margin-list=1.0,1.5,2.0,2.5,3.0,3.5,4.0,4.5,5.0', '-log-level=WARNING']
2023-11-26 20:15:19;UNIUSDT;30m;3.5;200;28;74;100.0;6;137.79;['-batch-training', '-calc-rsi', '-verbose', '-prediction-mode=index', '-interval-list=30m', '-range-min-rsi=28', '-range-max-rsi=80', '-range-p-ema=50,250', '-target-margin-list=1.0,1.5,2.0,2.5,3.0,3.5,4.0,4.5,5.0', '-log-level=WARNING']
2023-11-26 20:15:35;UNIUSDT;30m;3.5;200;28;76;100.0;7;137.79;['-batch-training', '-calc-rsi', '-verbose', '-prediction-mode=index', '-interval-list=30m', '-range-min-rsi=28', '-range-max-rsi=80', '-range-p-ema=50,250', '-target-margin-list=1.0,1.5,2.0,2.5,3.0,3.5,4.0,4.5,5.0', '-log-level=WARNING']
2023-11-26 20:15:19;UNIUSDT;30m;3.5;200;28;74;100.0;5;137.79;['-batch-training', '-calc-rsi', '-verbose', '-prediction-mode=index', '-interval-list=30m', '-range-min-rsi=28', '-range-max-rsi=80', '-range-p-ema=50,250', '-target-margin-list=1.0,1.5,2.0,2.5,3.0,3.5,4.0,4.5,5.0', '-log-level=WARNING']
2023-11-26 20:15:51;UNIUSDT;30m;3.5;200;28;78;100.0;5;137.79;['-batch-training', '-calc-rsi', '-verbose', '-prediction-mode=index', '-interval-list=30m', '-range-min-rsi=28', '-range-max-rsi=80', '-range-p-ema=50,250', '-target-margin-list=1.0,1.5,2.0,2.5,3.0,3.5,4.0,4.5,5.0', '-log-level=WARNING']
2023-11-26 20:15:51;UNIUSDT;30m;3.5;200;28;78;100.0;6;137.79;['-batch-training', '-calc-rsi', '-verbose', '-prediction-mode=index', '-interval-list=30m', '-range-min-rsi=28', '-range-max-rsi=80', '-range-p-ema=50,250', '-target-margin-list=1.0,1.5,2.0,2.5,3.0,3.5,4.0,4.5,5.0', '-log-level=WARNING']
2023-11-26 20:15:51;UNIUSDT;30m;3.5;200;28;78;100.0;7;137.79;['-batch-training', '-calc-rsi', '-verbose', '-prediction-mode=index', '-interval-list=30m', '-range-min-rsi=28', '-range-max-rsi=80', '-range-p-ema=50,250', '-target-margin-list=1.0,1.5,2.0,2.5,3.0,3.5,4.0,4.5,5.0', '-log-level=WARNING']
2023-11-26 20:41:51;UNIUSDT;30m;3.5;250;28;76;100.0;5;137.79;['-batch-training', '-calc-rsi', '-verbose', '-prediction-mode=index', '-interval-list=30m', '-range-min-rsi=28', '-range-max-rsi=80', '-range-p-ema=50,250', '-target-margin-list=1.0,1.5,2.0,2.5,3.0,3.5,4.0,4.5,5.0', '-log-level=WARNING']
2023-11-26 20:41:51;UNIUSDT;30m;3.5;250;28;76;100.0;6;137.79;['-batch-training', '-calc-rsi', '-verbose', '-prediction-mode=index', '-interval-list=30m', '-range-min-rsi=28', '-range-max-rsi=80', '-range-p-ema=50,250', '-target-margin-list=1.0,1.5,2.0,2.5,3.0,3.5,4.0,4.5,5.0', '-log-level=WARNING']
2023-11-26 20:41:51;UNIUSDT;30m;3.5;250;28;76;100.0;7;137.79;['-batch-training', '-calc-rsi', '-verbose', '-prediction-mode=index', '-interval-list=30m', '-range-min-rsi=28', '-range-max-rsi=80', '-range-p-ema=50,250', '-target-margin-list=1.0,1.5,2.0,2.5,3.0,3.5,4.0,4.5,5.0', '-log-level=WARNING']
2023-11-26 19:54:13;UNIUSDT;30m;3.5;150;28;74;100.0;5;137.79;['-batch-training', '-calc-rsi', '-verbose', '-prediction-mode=index', '-interval-list=30m', '-range-min-rsi=28', '-range-max-rsi=80', '-range-p-ema=50,250', '-target-margin-list=1.0,1.5,2.0,2.5,3.0,3.5,4.0,4.5,5.0', '-log-level=WARNING']
2023-11-26 19:54:13;UNIUSDT;30m;3.5;150;28;74;100.0;6;137.79;['-batch-training', '-calc-rsi', '-verbose', '-prediction-mode=index', '-interval-list=30m', '-range-min-rsi=28', '-range-max-rsi=80', '-range-p-ema=50,250', '-target-margin-list=1.0,1.5,2.0,2.5,3.0,3.5,4.0,4.5,5.0', '-log-level=WARNING']
2023-11-26 20:04:35;UNIUSDT;30m;3.5;175;28;76;100.0;6;137.79;['-batch-training', '-calc-rsi', '-verbose', '-prediction-mode=index', '-interval-list=30m', '-range-min-rsi=28', '-range-max-rsi=80', '-range-p-ema=50,250', '-target-margin-list=1.0,1.5,2.0,2.5,3.0,3.5,4.0,4.5,5.0', '-log-level=WARNING']
2023-11-26 19:54:13;UNIUSDT;30m;3.5;150;28;74;100.0;7;137.79;['-batch-training', '-calc-rsi', '-verbose', '-prediction-mode=index', '-interval-list=30m', '-range-min-rsi=28', '-range-max-rsi=80', '-range-p-ema=50,250', '-target-margin-list=1.0,1.5,2.0,2.5,3.0,3.5,4.0,4.5,5.0', '-log-level=WARNING']
2023-11-26 20:04:35;UNIUSDT;30m;3.5;175;28;76;100.0;5;137.79;['-batch-training', '-calc-rsi', '-verbose', '-prediction-mode=index', '-interval-list=30m', '-range-min-rsi=28', '-range-max-rsi=80', '-range-p-ema=50,250', '-target-margin-list=1.0,1.5,2.0,2.5,3.0,3.5,4.0,4.5,5.0', '-log-level=WARNING']
2023-11-26 20:04:36;UNIUSDT;30m;3.5;175;28;76;100.0;7;137.79;['-batch-training', '-calc-rsi', '-verbose', '-prediction-mode=index', '-interval-list=30m', '-range-min-rsi=28', '-range-max-rsi=80', '-range-p-ema=50,250', '-target-margin-list=1.0,1.5,2.0,2.5,3.0,3.5,4.0,4.5,5.0', '-log-level=WARNING']
2023-11-26 20:41:32;UNIUSDT;30m;3.5;250;28;74;100.0;5;137.79;['-batch-training', '-calc-rsi', '-verbose', '-prediction-mode=index', '-interval-list=30m', '-range-min-rsi=28', '-range-max-rsi=80', '-range-p-ema=50,250', '-target-margin-list=1.0,1.5,2.0,2.5,3.0,3.5,4.0,4.5,5.0', '-log-level=WARNING']
2023-11-26 20:04:48;UNIUSDT;30m;3.5;175;28;78;100.0;6;137.79;['-batch-training', '-calc-rsi', '-verbose', '-prediction-mode=index', '-interval-list=30m', '-range-min-rsi=28', '-range-max-rsi=80', '-range-p-ema=50,250', '-target-margin-list=1.0,1.5,2.0,2.5,3.0,3.5,4.0,4.5,5.0', '-log-level=WARNING']
2023-11-26 20:04:22;UNIUSDT;30m;3.5;175;28;74;100.0;6;137.79;['-batch-training', '-calc-rsi', '-verbose', '-prediction-mode=index', '-interval-list=30m', '-range-min-rsi=28', '-range-max-rsi=80', '-range-p-ema=50,250', '-target-margin-list=1.0,1.5,2.0,2.5,3.0,3.5,4.0,4.5,5.0', '-log-level=WARNING']
2023-11-26 20:56:12;UNIUSDT;30m;3.5;50;28;76;100.0;7;137.79;['-batch-training', '-calc-rsi', '-verbose', '-prediction-mode=index', '-interval-list=30m', '-range-min-rsi=28', '-range-max-rsi=80', '-range-p-ema=50,250', '-target-margin-list=1.0,1.5,2.0,2.5,3.0,3.5,4.0,4.5,5.0', '-log-level=WARNING']
2023-11-26 19:54:40;UNIUSDT;30m;3.5;150;28;78;100.0;6;137.79;['-batch-training', '-calc-rsi', '-verbose', '-prediction-mode=index', '-interval-list=30m', '-range-min-rsi=28', '-range-max-rsi=80', '-range-p-ema=50,250', '-target-margin-list=1.0,1.5,2.0,2.5,3.0,3.5,4.0,4.5,5.0', '-log-level=WARNING']
2023-11-26 20:41:32;UNIUSDT;30m;3.5;250;28;74;100.0;7;137.79;['-batch-training', '-calc-rsi', '-verbose', '-prediction-mode=index', '-interval-list=30m', '-range-min-rsi=28', '-range-max-rsi=80', '-range-p-ema=50,250', '-target-margin-list=1.0,1.5,2.0,2.5,3.0,3.5,4.0,4.5,5.0', '-log-level=WARNING']
2023-11-26 20:04:48;UNIUSDT;30m;3.5;175;28;78;100.0;5;137.79;['-batch-training', '-calc-rsi', '-verbose', '-prediction-mode=index', '-interval-list=30m', '-range-min-rsi=28', '-range-max-rsi=80', '-range-p-ema=50,250', '-target-margin-list=1.0,1.5,2.0,2.5,3.0,3.5,4.0,4.5,5.0', '-log-level=WARNING']
2023-11-26 19:54:26;UNIUSDT;30m;3.5;150;28;76;100.0;7;137.79;['-batch-training', '-calc-rsi', '-verbose', '-prediction-mode=index', '-interval-list=30m', '-range-min-rsi=28', '-range-max-rsi=80', '-range-p-ema=50,250', '-target-margin-list=1.0,1.5,2.0,2.5,3.0,3.5,4.0,4.5,5.0', '-log-level=WARNING']
2023-11-26 20:04:48;UNIUSDT;30m;3.5;175;28;78;100.0;7;137.79;['-batch-training', '-calc-rsi', '-verbose', '-prediction-mode=index', '-interval-list=30m', '-range-min-rsi=28', '-range-max-rsi=80', '-range-p-ema=50,250', '-target-margin-list=1.0,1.5,2.0,2.5,3.0,3.5,4.0,4.5,5.0', '-log-level=WARNING']
2023-11-26 19:54:26;UNIUSDT;30m;3.5;150;28;76;100.0;5;137.79;['-batch-training', '-calc-rsi', '-verbose', '-prediction-mode=index', '-interval-list=30m', '-range-min-rsi=28', '-range-max-rsi=80', '-range-p-ema=50,250', '-target-margin-list=1.0,1.5,2.0,2.5,3.0,3.5,4.0,4.5,5.0', '-log-level=WARNING']
2023-11-26 20:42:09;UNIUSDT;30m;3.5;250;28;78;100.0;7;137.79;['-batch-training', '-calc-rsi', '-verbose', '-prediction-mode=index', '-interval-list=30m', '-range-min-rsi=28', '-range-max-rsi=80', '-range-p-ema=50,250', '-target-margin-list=1.0,1.5,2.0,2.5,3.0,3.5,4.0,4.5,5.0', '-log-level=WARNING']
2023-11-26 20:04:22;UNIUSDT;30m;3.5;175;28;74;100.0;7;137.79;['-batch-training', '-calc-rsi', '-verbose', '-prediction-mode=index', '-interval-list=30m', '-range-min-rsi=28', '-range-max-rsi=80', '-range-p-ema=50,250', '-target-margin-list=1.0,1.5,2.0,2.5,3.0,3.5,4.0,4.5,5.0', '-log-level=WARNING']
2023-11-26 20:42:09;UNIUSDT;30m;3.5;250;28;78;100.0;6;137.79;['-batch-training', '-calc-rsi', '-verbose', '-prediction-mode=index', '-interval-list=30m', '-range-min-rsi=28', '-range-max-rsi=80', '-range-p-ema=50,250', '-target-margin-list=1.0,1.5,2.0,2.5,3.0,3.5,4.0,4.5,5.0', '-log-level=WARNING']
2023-11-26 20:42:09;UNIUSDT;30m;3.5;250;28;78;100.0;5;137.79;['-batch-training', '-calc-rsi', '-verbose', '-prediction-mode=index', '-interval-list=30m', '-range-min-rsi=28', '-range-max-rsi=80', '-range-p-ema=50,250', '-target-margin-list=1.0,1.5,2.0,2.5,3.0,3.5,4.0,4.5,5.0', '-log-level=WARNING']
2023-11-26 20:15:19;UNIUSDT;30m;3.5;200;28;74;100.0;7;137.79;['-batch-training', '-calc-rsi', '-verbose', '-prediction-mode=index', '-interval-list=30m', '-range-min-rsi=28', '-range-max-rsi=80', '-range-p-ema=50,250', '-target-margin-list=1.0,1.5,2.0,2.5,3.0,3.5,4.0,4.5,5.0', '-log-level=WARNING']
2023-11-26 20:04:22;UNIUSDT;30m;3.5;175;28;74;100.0;5;137.79;['-batch-training', '-calc-rsi', '-verbose', '-prediction-mode=index', '-interval-list=30m', '-range-min-rsi=28', '-range-max-rsi=80', '-range-p-ema=50,250', '-target-margin-list=1.0,1.5,2.0,2.5,3.0,3.5,4.0,4.5,5.0', '-log-level=WARNING']
2023-11-26 19:54:26;UNIUSDT;30m;3.5;150;28;76;100.0;6;137.79;['-batch-training', '-calc-rsi', '-verbose', '-prediction-mode=index', '-interval-list=30m', '-range-min-rsi=28', '-range-max-rsi=80', '-range-p-ema=50,250', '-target-margin-list=1.0,1.5,2.0,2.5,3.0,3.5,4.0,4.5,5.0', '-log-level=WARNING']
2023-11-26 19:54:40;UNIUSDT;30m;3.5;150;28;78;100.0;7;137.79;['-batch-training', '-calc-rsi', '-verbose', '-prediction-mode=index', '-interval-list=30m', '-range-min-rsi=28', '-range-max-rsi=80', '-range-p-ema=50,250', '-target-margin-list=1.0,1.5,2.0,2.5,3.0,3.5,4.0,4.5,5.0', '-log-level=WARNING']
2023-11-26 20:28:41;UNIUSDT;30m;3.5;225;28;78;100.0;6;137.79;['-batch-training', '-calc-rsi', '-verbose', '-prediction-mode=index', '-interval-list=30m', '-range-min-rsi=28', '-range-max-rsi=80', '-range-p-ema=50,250', '-target-margin-list=1.0,1.5,2.0,2.5,3.0,3.5,4.0,4.5,5.0', '-log-level=WARNING']
2023-11-26 19:43:24;UNIUSDT;30m;3.5;125;28;78;100.0;7;137.79;['-batch-training', '-calc-rsi', '-verbose', '-prediction-mode=index', '-interval-list=30m', '-range-min-rsi=28', '-range-max-rsi=80', '-range-p-ema=50,250', '-target-margin-list=1.0,1.5,2.0,2.5,3.0,3.5,4.0,4.5,5.0', '-log-level=WARNING']
2023-11-26 21:11:51;UNIUSDT;30m;3.5;75;28;76;100.0;6;137.79;['-batch-training', '-calc-rsi', '-verbose', '-prediction-mode=index', '-interval-list=30m', '-range-min-rsi=28', '-range-max-rsi=80', '-range-p-ema=50,250', '-target-margin-list=1.0,1.5,2.0,2.5,3.0,3.5,4.0,4.5,5.0', '-log-level=WARNING']
2023-11-26 21:11:29;UNIUSDT;30m;3.5;75;28;74;100.0;5;137.79;['-batch-training', '-calc-rsi', '-verbose', '-prediction-mode=index', '-interval-list=30m', '-range-min-rsi=28', '-range-max-rsi=80', '-range-p-ema=50,250', '-target-margin-list=1.0,1.5,2.0,2.5,3.0,3.5,4.0,4.5,5.0', '-log-level=WARNING']
2023-11-26 21:12:13;UNIUSDT;30m;3.5;75;28;78;100.0;7;137.79;['-batch-training', '-calc-rsi', '-verbose', '-prediction-mode=index', '-interval-list=30m', '-range-min-rsi=28', '-range-max-rsi=80', '-range-p-ema=50,250', '-target-margin-list=1.0,1.5,2.0,2.5,3.0,3.5,4.0,4.5,5.0', '-log-level=WARNING']
2023-11-26 21:11:29;UNIUSDT;30m;3.5;75;28;74;100.0;6;137.79;['-batch-training', '-calc-rsi', '-verbose', '-prediction-mode=index', '-interval-list=30m', '-range-min-rsi=28', '-range-max-rsi=80', '-range-p-ema=50,250', '-target-margin-list=1.0,1.5,2.0,2.5,3.0,3.5,4.0,4.5,5.0', '-log-level=WARNING']
2023-11-26 20:55:53;UNIUSDT;30m;3.5;50;28;74;100.0;5;137.79;['-batch-training', '-calc-rsi', '-verbose', '-prediction-mode=index', '-interval-list=30m', '-range-min-rsi=28', '-range-max-rsi=80', '-range-p-ema=50,250', '-target-margin-list=1.0,1.5,2.0,2.5,3.0,3.5,4.0,4.5,5.0', '-log-level=WARNING']
2023-11-26 21:11:29;UNIUSDT;30m;3.5;75;28;74;100.0;7;137.79;['-batch-training', '-calc-rsi', '-verbose', '-prediction-mode=index', '-interval-list=30m', '-range-min-rsi=28', '-range-max-rsi=80', '-range-p-ema=50,250', '-target-margin-list=1.0,1.5,2.0,2.5,3.0,3.5,4.0,4.5,5.0', '-log-level=WARNING']
2023-11-26 21:11:51;UNIUSDT;30m;3.5;75;28;76;100.0;5;137.79;['-batch-training', '-calc-rsi', '-verbose', '-prediction-mode=index', '-interval-list=30m', '-range-min-rsi=28', '-range-max-rsi=80', '-range-p-ema=50,250', '-target-margin-list=1.0,1.5,2.0,2.5,3.0,3.5,4.0,4.5,5.0', '-log-level=WARNING']
2023-11-26 19:31:39;UNIUSDT;30m;3.5;100;28;76;100.0;6;137.79;['-batch-training', '-calc-rsi', '-verbose', '-prediction-mode=index', '-interval-list=30m', '-range-min-rsi=28', '-range-max-rsi=80', '-range-p-ema=50,250', '-target-margin-list=1.0,1.5,2.0,2.5,3.0,3.5,4.0,4.5,5.0', '-log-level=WARNING']
2023-11-26 19:43:24;UNIUSDT;30m;3.5;125;28;78;100.0;5;137.79;['-batch-training', '-calc-rsi', '-verbose', '-prediction-mode=index', '-interval-list=30m', '-range-min-rsi=28', '-range-max-rsi=80', '-range-p-ema=50,250', '-target-margin-list=1.0,1.5,2.0,2.5,3.0,3.5,4.0,4.5,5.0', '-log-level=WARNING']
2023-11-26 19:31:54;UNIUSDT;30m;3.5;100;28;78;100.0;5;137.79;['-batch-training', '-calc-rsi', '-verbose', '-prediction-mode=index', '-interval-list=30m', '-range-min-rsi=28', '-range-max-rsi=80', '-range-p-ema=50,250', '-target-margin-list=1.0,1.5,2.0,2.5,3.0,3.5,4.0,4.5,5.0', '-log-level=WARNING']
2023-11-26 19:31:24;UNIUSDT;30m;3.5;100;28;74;100.0;7;137.79;['-batch-training', '-calc-rsi', '-verbose', '-prediction-mode=index', '-interval-list=30m', '-range-min-rsi=28', '-range-max-rsi=80', '-range-p-ema=50,250', '-target-margin-list=1.0,1.5,2.0,2.5,3.0,3.5,4.0,4.5,5.0', '-log-level=WARNING']
2023-11-26 19:31:39;UNIUSDT;30m;3.5;100;28;76;100.0;7;137.79;['-batch-training', '-calc-rsi', '-verbose', '-prediction-mode=index', '-interval-list=30m', '-range-min-rsi=28', '-range-max-rsi=80', '-range-p-ema=50,250', '-target-margin-list=1.0,1.5,2.0,2.5,3.0,3.5,4.0,4.5,5.0', '-log-level=WARNING']
2023-11-26 19:31:54;UNIUSDT;30m;3.5;100;28;78;100.0;6;137.79;['-batch-training', '-calc-rsi', '-verbose', '-prediction-mode=index', '-interval-list=30m', '-range-min-rsi=28', '-range-max-rsi=80', '-range-p-ema=50,250', '-target-margin-list=1.0,1.5,2.0,2.5,3.0,3.5,4.0,4.5,5.0', '-log-level=WARNING']
2023-11-26 21:12:13;UNIUSDT;30m;3.5;75;28;78;100.0;5;137.79;['-batch-training', '-calc-rsi', '-verbose', '-prediction-mode=index', '-interval-list=30m', '-range-min-rsi=28', '-range-max-rsi=80', '-range-p-ema=50,250', '-target-margin-list=1.0,1.5,2.0,2.5,3.0,3.5,4.0,4.5,5.0', '-log-level=WARNING']
2023-11-26 19:31:54;UNIUSDT;30m;3.5;100;28;78;100.0;7;137.79;['-batch-training', '-calc-rsi', '-verbose', '-prediction-mode=index', '-interval-list=30m', '-range-min-rsi=28', '-range-max-rsi=80', '-range-p-ema=50,250', '-target-margin-list=1.0,1.5,2.0,2.5,3.0,3.5,4.0,4.5,5.0', '-log-level=WARNING']
2023-11-26 19:31:24;UNIUSDT;30m;3.5;100;28;74;100.0;5;137.79;['-batch-training', '-calc-rsi', '-verbose', '-prediction-mode=index', '-interval-list=30m', '-range-min-rsi=28', '-range-max-rsi=80', '-range-p-ema=50,250', '-target-margin-list=1.0,1.5,2.0,2.5,3.0,3.5,4.0,4.5,5.0', '-log-level=WARNING']
2023-11-26 21:11:51;UNIUSDT;30m;3.5;75;28;76;100.0;7;137.79;['-batch-training', '-calc-rsi', '-verbose', '-prediction-mode=index', '-interval-list=30m', '-range-min-rsi=28', '-range-max-rsi=80', '-range-p-ema=50,250', '-target-margin-list=1.0,1.5,2.0,2.5,3.0,3.5,4.0,4.5,5.0', '-log-level=WARNING']
2023-11-26 20:28:41;UNIUSDT;30m;3.5;225;28;78;100.0;7;137.79;['-batch-training', '-calc-rsi', '-verbose', '-prediction-mode=index', '-interval-list=30m', '-range-min-rsi=28', '-range-max-rsi=80', '-range-p-ema=50,250', '-target-margin-list=1.0,1.5,2.0,2.5,3.0,3.5,4.0,4.5,5.0', '-log-level=WARNING']
2023-11-26 21:12:13;UNIUSDT;30m;3.5;75;28;78;100.0;6;137.79;['-batch-training', '-calc-rsi', '-verbose', '-prediction-mode=index', '-interval-list=30m', '-range-min-rsi=28', '-range-max-rsi=80', '-range-p-ema=50,250', '-target-margin-list=1.0,1.5,2.0,2.5,3.0,3.5,4.0,4.5,5.0', '-log-level=WARNING']
2023-11-26 19:43:24;UNIUSDT;30m;3.5;125;28;78;100.0;6;137.79;['-batch-training', '-calc-rsi', '-verbose', '-prediction-mode=index', '-interval-list=30m', '-range-min-rsi=28', '-range-max-rsi=80', '-range-p-ema=50,250', '-target-margin-list=1.0,1.5,2.0,2.5,3.0,3.5,4.0,4.5,5.0', '-log-level=WARNING']
2023-11-26 20:28:41;UNIUSDT;30m;3.5;225;28;78;100.0;5;137.79;['-batch-training', '-calc-rsi', '-verbose', '-prediction-mode=index', '-interval-list=30m', '-range-min-rsi=28', '-range-max-rsi=80', '-range-p-ema=50,250', '-target-margin-list=1.0,1.5,2.0,2.5,3.0,3.5,4.0,4.5,5.0', '-log-level=WARNING']
2023-11-26 19:31:39;UNIUSDT;30m;3.5;100;28;76;100.0;5;137.79;['-batch-training', '-calc-rsi', '-verbose', '-prediction-mode=index', '-interval-list=30m', '-range-min-rsi=28', '-range-max-rsi=80', '-range-p-ema=50,250', '-target-margin-list=1.0,1.5,2.0,2.5,3.0,3.5,4.0,4.5,5.0', '-log-level=WARNING']
2023-11-26 19:31:24;UNIUSDT;30m;3.5;100;28;74;100.0;6;137.79;['-batch-training', '-calc-rsi', '-verbose', '-prediction-mode=index', '-interval-list=30m', '-range-min-rsi=28', '-range-max-rsi=80', '-range-p-ema=50,250', '-target-margin-list=1.0,1.5,2.0,2.5,3.0,3.5,4.0,4.5,5.0', '-log-level=WARNING']
2023-11-26 20:28:20;UNIUSDT;30m;3.5;225;36;74;100.0;3;137.89;['-batch-training', '-calc-rsi', '-verbose', '-prediction-mode=index', '-interval-list=30m', '-range-min-rsi=28', '-range-max-rsi=80', '-range-p-ema=50,250', '-target-margin-list=1.0,1.5,2.0,2.5,3.0,3.5,4.0,4.5,5.0', '-log-level=WARNING']
2023-11-26 21:01:56;UNIUSDT;30m;5.0;50;30;80;100.0;5;137.94;['-batch-training', '-calc-rsi', '-verbose', '-prediction-mode=index', '-interval-list=30m', '-range-min-rsi=28', '-range-max-rsi=80', '-range-p-ema=50,250', '-target-margin-list=1.0,1.5,2.0,2.5,3.0,3.5,4.0,4.5,5.0', '-log-level=WARNING']
2023-11-26 20:07:43;UNIUSDT;30m;5.0;175;30;74;100.0;7;137.94;['-batch-training', '-calc-rsi', '-verbose', '-prediction-mode=index', '-interval-list=30m', '-range-min-rsi=28', '-range-max-rsi=80', '-range-p-ema=50,250', '-target-margin-list=1.0,1.5,2.0,2.5,3.0,3.5,4.0,4.5,5.0', '-log-level=WARNING']
2023-11-26 21:01:56;UNIUSDT;30m;5.0;50;30;80;100.0;4;137.94;['-batch-training', '-calc-rsi', '-verbose', '-prediction-mode=index', '-interval-list=30m', '-range-min-rsi=28', '-range-max-rsi=80', '-range-p-ema=50,250', '-target-margin-list=1.0,1.5,2.0,2.5,3.0,3.5,4.0,4.5,5.0', '-log-level=WARNING']
2023-11-26 20:07:43;UNIUSDT;30m;5.0;175;30;74;100.0;5;137.94;['-batch-training', '-calc-rsi', '-verbose', '-prediction-mode=index', '-interval-list=30m', '-range-min-rsi=28', '-range-max-rsi=80', '-range-p-ema=50,250', '-target-margin-list=1.0,1.5,2.0,2.5,3.0,3.5,4.0,4.5,5.0', '-log-level=WARNING']
2023-11-26 20:07:43;UNIUSDT;30m;5.0;175;30;74;100.0;6;137.94;['-batch-training', '-calc-rsi', '-verbose', '-prediction-mode=index', '-interval-list=30m', '-range-min-rsi=28', '-range-max-rsi=80', '-range-p-ema=50,250', '-target-margin-list=1.0,1.5,2.0,2.5,3.0,3.5,4.0,4.5,5.0', '-log-level=WARNING']
2023-11-26 21:01:56;UNIUSDT;30m;5.0;50;30;80;100.0;6;137.94;['-batch-training', '-calc-rsi', '-verbose', '-prediction-mode=index', '-interval-list=30m', '-range-min-rsi=28', '-range-max-rsi=80', '-range-p-ema=50,250', '-target-margin-list=1.0,1.5,2.0,2.5,3.0,3.5,4.0,4.5,5.0', '-log-level=WARNING']
2023-11-26 21:01:57;UNIUSDT;30m;5.0;50;30;80;100.0;7;137.94;['-batch-training', '-calc-rsi', '-verbose', '-prediction-mode=index', '-interval-list=30m', '-range-min-rsi=28', '-range-max-rsi=80', '-range-p-ema=50,250', '-target-margin-list=1.0,1.5,2.0,2.5,3.0,3.5,4.0,4.5,5.0', '-log-level=WARNING']
2023-11-26 20:08:22;UNIUSDT;30m;5.0;175;30;80;100.0;4;137.94;['-batch-training', '-calc-rsi', '-verbose', '-prediction-mode=index', '-interval-list=30m', '-range-min-rsi=28', '-range-max-rsi=80', '-range-p-ema=50,250', '-target-margin-list=1.0,1.5,2.0,2.5,3.0,3.5,4.0,4.5,5.0', '-log-level=WARNING']
2023-11-26 19:35:25;UNIUSDT;30m;5.0;100;30;76;100.0;7;137.94;['-batch-training', '-calc-rsi', '-verbose', '-prediction-mode=index', '-interval-list=30m', '-range-min-rsi=28', '-range-max-rsi=80', '-range-p-ema=50,250', '-target-margin-list=1.0,1.5,2.0,2.5,3.0,3.5,4.0,4.5,5.0', '-log-level=WARNING']
2023-11-26 19:47:16;UNIUSDT;30m;5.0;125;30;78;100.0;5;137.94;['-batch-training', '-calc-rsi', '-verbose', '-prediction-mode=index', '-interval-list=30m', '-range-min-rsi=28', '-range-max-rsi=80', '-range-p-ema=50,250', '-target-margin-list=1.0,1.5,2.0,2.5,3.0,3.5,4.0,4.5,5.0', '-log-level=WARNING']
2023-11-26 19:47:16;UNIUSDT;30m;5.0;125;30;78;100.0;7;137.94;['-batch-training', '-calc-rsi', '-verbose', '-prediction-mode=index', '-interval-list=30m', '-range-min-rsi=28', '-range-max-rsi=80', '-range-p-ema=50,250', '-target-margin-list=1.0,1.5,2.0,2.5,3.0,3.5,4.0,4.5,5.0', '-log-level=WARNING']
2023-11-26 19:35:10;UNIUSDT;30m;5.0;100;30;74;100.0;4;137.94;['-batch-training', '-calc-rsi', '-verbose', '-prediction-mode=index', '-interval-list=30m', '-range-min-rsi=28', '-range-max-rsi=80', '-range-p-ema=50,250', '-target-margin-list=1.0,1.5,2.0,2.5,3.0,3.5,4.0,4.5,5.0', '-log-level=WARNING']
2023-11-26 19:35:10;UNIUSDT;30m;5.0;100;30;74;100.0;7;137.94;['-batch-training', '-calc-rsi', '-verbose', '-prediction-mode=index', '-interval-list=30m', '-range-min-rsi=28', '-range-max-rsi=80', '-range-p-ema=50,250', '-target-margin-list=1.0,1.5,2.0,2.5,3.0,3.5,4.0,4.5,5.0', '-log-level=WARNING']
2023-11-26 19:47:16;UNIUSDT;30m;5.0;125;30;78;100.0;6;137.94;['-batch-training', '-calc-rsi', '-verbose', '-prediction-mode=index', '-interval-list=30m', '-range-min-rsi=28', '-range-max-rsi=80', '-range-p-ema=50,250', '-target-margin-list=1.0,1.5,2.0,2.5,3.0,3.5,4.0,4.5,5.0', '-log-level=WARNING']
2023-11-26 20:07:56;UNIUSDT;30m;5.0;175;30;76;100.0;4;137.94;['-batch-training', '-calc-rsi', '-verbose', '-prediction-mode=index', '-interval-list=30m', '-range-min-rsi=28', '-range-max-rsi=80', '-range-p-ema=50,250', '-target-margin-list=1.0,1.5,2.0,2.5,3.0,3.5,4.0,4.5,5.0', '-log-level=WARNING']
2023-11-26 19:35:10;UNIUSDT;30m;5.0;100;30;74;100.0;6;137.94;['-batch-training', '-calc-rsi', '-verbose', '-prediction-mode=index', '-interval-list=30m', '-range-min-rsi=28', '-range-max-rsi=80', '-range-p-ema=50,250', '-target-margin-list=1.0,1.5,2.0,2.5,3.0,3.5,4.0,4.5,5.0', '-log-level=WARNING']
2023-11-26 19:35:10;UNIUSDT;30m;5.0;100;30;74;100.0;5;137.94;['-batch-training', '-calc-rsi', '-verbose', '-prediction-mode=index', '-interval-list=30m', '-range-min-rsi=28', '-range-max-rsi=80', '-range-p-ema=50,250', '-target-margin-list=1.0,1.5,2.0,2.5,3.0,3.5,4.0,4.5,5.0', '-log-level=WARNING']
2023-11-26 20:07:56;UNIUSDT;30m;5.0;175;30;76;100.0;6;137.94;['-batch-training', '-calc-rsi', '-verbose', '-prediction-mode=index', '-interval-list=30m', '-range-min-rsi=28', '-range-max-rsi=80', '-range-p-ema=50,250', '-target-margin-list=1.0,1.5,2.0,2.5,3.0,3.5,4.0,4.5,5.0', '-log-level=WARNING']
2023-11-26 20:07:43;UNIUSDT;30m;5.0;175;30;74;100.0;4;137.94;['-batch-training', '-calc-rsi', '-verbose', '-prediction-mode=index', '-interval-list=30m', '-range-min-rsi=28', '-range-max-rsi=80', '-range-p-ema=50,250', '-target-margin-list=1.0,1.5,2.0,2.5,3.0,3.5,4.0,4.5,5.0', '-log-level=WARNING']
2023-11-26 20:07:56;UNIUSDT;30m;5.0;175;30;76;100.0;7;137.94;['-batch-training', '-calc-rsi', '-verbose', '-prediction-mode=index', '-interval-list=30m', '-range-min-rsi=28', '-range-max-rsi=80', '-range-p-ema=50,250', '-target-margin-list=1.0,1.5,2.0,2.5,3.0,3.5,4.0,4.5,5.0', '-log-level=WARNING']
2023-11-26 19:47:16;UNIUSDT;30m;5.0;125;30;78;100.0;4;137.94;['-batch-training', '-calc-rsi', '-verbose', '-prediction-mode=index', '-interval-list=30m', '-range-min-rsi=28', '-range-max-rsi=80', '-range-p-ema=50,250', '-target-margin-list=1.0,1.5,2.0,2.5,3.0,3.5,4.0,4.5,5.0', '-log-level=WARNING']
2023-11-26 20:46:33;UNIUSDT;30m;5.0;250;30;76;100.0;4;137.94;['-batch-training', '-calc-rsi', '-verbose', '-prediction-mode=index', '-interval-list=30m', '-range-min-rsi=28', '-range-max-rsi=80', '-range-p-ema=50,250', '-target-margin-list=1.0,1.5,2.0,2.5,3.0,3.5,4.0,4.5,5.0', '-log-level=WARNING']
2023-11-26 20:46:33;UNIUSDT;30m;5.0;250;30;76;100.0;6;137.94;['-batch-training', '-calc-rsi', '-verbose', '-prediction-mode=index', '-interval-list=30m', '-range-min-rsi=28', '-range-max-rsi=80', '-range-p-ema=50,250', '-target-margin-list=1.0,1.5,2.0,2.5,3.0,3.5,4.0,4.5,5.0', '-log-level=WARNING']
2023-11-26 20:32:31;UNIUSDT;30m;5.0;225;30;74;100.0;7;137.94;['-batch-training', '-calc-rsi', '-verbose', '-prediction-mode=index', '-interval-list=30m', '-range-min-rsi=28', '-range-max-rsi=80', '-range-p-ema=50,250', '-target-margin-list=1.0,1.5,2.0,2.5,3.0,3.5,4.0,4.5,5.0', '-log-level=WARNING']
2023-11-26 20:46:33;UNIUSDT;30m;5.0;250;30;76;100.0;5;137.94;['-batch-training', '-calc-rsi', '-verbose', '-prediction-mode=index', '-interval-list=30m', '-range-min-rsi=28', '-range-max-rsi=80', '-range-p-ema=50,250', '-target-margin-list=1.0,1.5,2.0,2.5,3.0,3.5,4.0,4.5,5.0', '-log-level=WARNING']
2023-11-26 19:35:25;UNIUSDT;30m;5.0;100;30;76;100.0;5;137.94;['-batch-training', '-calc-rsi', '-verbose', '-prediction-mode=index', '-interval-list=30m', '-range-min-rsi=28', '-range-max-rsi=80', '-range-p-ema=50,250', '-target-margin-list=1.0,1.5,2.0,2.5,3.0,3.5,4.0,4.5,5.0', '-log-level=WARNING']
2023-11-26 19:35:25;UNIUSDT;30m;5.0;100;30;76;100.0;4;137.94;['-batch-training', '-calc-rsi', '-verbose', '-prediction-mode=index', '-interval-list=30m', '-range-min-rsi=28', '-range-max-rsi=80', '-range-p-ema=50,250', '-target-margin-list=1.0,1.5,2.0,2.5,3.0,3.5,4.0,4.5,5.0', '-log-level=WARNING']
2023-11-26 19:35:25;UNIUSDT;30m;5.0;100;30;76;100.0;6;137.94;['-batch-training', '-calc-rsi', '-verbose', '-prediction-mode=index', '-interval-list=30m', '-range-min-rsi=28', '-range-max-rsi=80', '-range-p-ema=50,250', '-target-margin-list=1.0,1.5,2.0,2.5,3.0,3.5,4.0,4.5,5.0', '-log-level=WARNING']
2023-11-26 20:07:56;UNIUSDT;30m;5.0;175;30;76;100.0;5;137.94;['-batch-training', '-calc-rsi', '-verbose', '-prediction-mode=index', '-interval-list=30m', '-range-min-rsi=28', '-range-max-rsi=80', '-range-p-ema=50,250', '-target-margin-list=1.0,1.5,2.0,2.5,3.0,3.5,4.0,4.5,5.0', '-log-level=WARNING']
2023-11-26 21:16:16;UNIUSDT;30m;5.0;75;30;74;100.0;4;137.94;['-batch-training', '-calc-rsi', '-verbose', '-prediction-mode=index', '-interval-list=30m', '-range-min-rsi=28', '-range-max-rsi=80', '-range-p-ema=50,250', '-target-margin-list=1.0,1.5,2.0,2.5,3.0,3.5,4.0,4.5,5.0', '-log-level=WARNING']
2023-11-26 21:16:16;UNIUSDT;30m;5.0;75;30;74;100.0;6;137.94;['-batch-training', '-calc-rsi', '-verbose', '-prediction-mode=index', '-interval-list=30m', '-range-min-rsi=28', '-range-max-rsi=80', '-range-p-ema=50,250', '-target-margin-list=1.0,1.5,2.0,2.5,3.0,3.5,4.0,4.5,5.0', '-log-level=WARNING']
2023-11-26 21:16:16;UNIUSDT;30m;5.0;75;30;74;100.0;7;137.94;['-batch-training', '-calc-rsi', '-verbose', '-prediction-mode=index', '-interval-list=30m', '-range-min-rsi=28', '-range-max-rsi=80', '-range-p-ema=50,250', '-target-margin-list=1.0,1.5,2.0,2.5,3.0,3.5,4.0,4.5,5.0', '-log-level=WARNING']
2023-11-26 21:00:57;UNIUSDT;30m;5.0;50;30;74;100.0;4;137.94;['-batch-training', '-calc-rsi', '-verbose', '-prediction-mode=index', '-interval-list=30m', '-range-min-rsi=28', '-range-max-rsi=80', '-range-p-ema=50,250', '-target-margin-list=1.0,1.5,2.0,2.5,3.0,3.5,4.0,4.5,5.0', '-log-level=WARNING']
2023-11-26 21:00:57;UNIUSDT;30m;5.0;50;30;74;100.0;7;137.94;['-batch-training', '-calc-rsi', '-verbose', '-prediction-mode=index', '-interval-list=30m', '-range-min-rsi=28', '-range-max-rsi=80', '-range-p-ema=50,250', '-target-margin-list=1.0,1.5,2.0,2.5,3.0,3.5,4.0,4.5,5.0', '-log-level=WARNING']
2023-11-26 21:16:51;UNIUSDT;30m;5.0;75;30;78;100.0;5;137.94;['-batch-training', '-calc-rsi', '-verbose', '-prediction-mode=index', '-interval-list=30m', '-range-min-rsi=28', '-range-max-rsi=80', '-range-p-ema=50,250', '-target-margin-list=1.0,1.5,2.0,2.5,3.0,3.5,4.0,4.5,5.0', '-log-level=WARNING']
2023-11-26 21:16:51;UNIUSDT;30m;5.0;75;30;78;100.0;6;137.94;['-batch-training', '-calc-rsi', '-verbose', '-prediction-mode=index', '-interval-list=30m', '-range-min-rsi=28', '-range-max-rsi=80', '-range-p-ema=50,250', '-target-margin-list=1.0,1.5,2.0,2.5,3.0,3.5,4.0,4.5,5.0', '-log-level=WARNING']
2023-11-26 21:16:51;UNIUSDT;30m;5.0;75;30;78;100.0;7;137.94;['-batch-training', '-calc-rsi', '-verbose', '-prediction-mode=index', '-interval-list=30m', '-range-min-rsi=28', '-range-max-rsi=80', '-range-p-ema=50,250', '-target-margin-list=1.0,1.5,2.0,2.5,3.0,3.5,4.0,4.5,5.0', '-log-level=WARNING']
2023-11-26 21:00:56;UNIUSDT;30m;5.0;50;30;74;100.0;5;137.94;['-batch-training', '-calc-rsi', '-verbose', '-prediction-mode=index', '-interval-list=30m', '-range-min-rsi=28', '-range-max-rsi=80', '-range-p-ema=50,250', '-target-margin-list=1.0,1.5,2.0,2.5,3.0,3.5,4.0,4.5,5.0', '-log-level=WARNING']
2023-11-26 20:47:10;UNIUSDT;30m;5.0;250;30;80;100.0;5;137.94;['-batch-training', '-calc-rsi', '-verbose', '-prediction-mode=index', '-interval-list=30m', '-range-min-rsi=28', '-range-max-rsi=80', '-range-p-ema=50,250', '-target-margin-list=1.0,1.5,2.0,2.5,3.0,3.5,4.0,4.5,5.0', '-log-level=WARNING']
2023-11-26 20:47:10;UNIUSDT;30m;5.0;250;30;80;100.0;6;137.94;['-batch-training', '-calc-rsi', '-verbose', '-prediction-mode=index', '-interval-list=30m', '-range-min-rsi=28', '-range-max-rsi=80', '-range-p-ema=50,250', '-target-margin-list=1.0,1.5,2.0,2.5,3.0,3.5,4.0,4.5,5.0', '-log-level=WARNING']
2023-11-26 20:47:10;UNIUSDT;30m;5.0;250;30;80;100.0;4;137.94;['-batch-training', '-calc-rsi', '-verbose', '-prediction-mode=index', '-interval-list=30m', '-range-min-rsi=28', '-range-max-rsi=80', '-range-p-ema=50,250', '-target-margin-list=1.0,1.5,2.0,2.5,3.0,3.5,4.0,4.5,5.0', '-log-level=WARNING']
2023-11-26 21:16:51;UNIUSDT;30m;5.0;75;30;78;100.0;4;137.94;['-batch-training', '-calc-rsi', '-verbose', '-prediction-mode=index', '-interval-list=30m', '-range-min-rsi=28', '-range-max-rsi=80', '-range-p-ema=50,250', '-target-margin-list=1.0,1.5,2.0,2.5,3.0,3.5,4.0,4.5,5.0', '-log-level=WARNING']
2023-11-26 20:47:11;UNIUSDT;30m;5.0;250;30;80;100.0;7;137.94;['-batch-training', '-calc-rsi', '-verbose', '-prediction-mode=index', '-interval-list=30m', '-range-min-rsi=28', '-range-max-rsi=80', '-range-p-ema=50,250', '-target-margin-list=1.0,1.5,2.0,2.5,3.0,3.5,4.0,4.5,5.0', '-log-level=WARNING']
2023-11-26 19:47:01;UNIUSDT;30m;5.0;125;30;76;100.0;5;137.94;['-batch-training', '-calc-rsi', '-verbose', '-prediction-mode=index', '-interval-list=30m', '-range-min-rsi=28', '-range-max-rsi=80', '-range-p-ema=50,250', '-target-margin-list=1.0,1.5,2.0,2.5,3.0,3.5,4.0,4.5,5.0', '-log-level=WARNING']
2023-11-26 19:35:56;UNIUSDT;30m;5.0;100;30;80;100.0;6;137.94;['-batch-training', '-calc-rsi', '-verbose', '-prediction-mode=index', '-interval-list=30m', '-range-min-rsi=28', '-range-max-rsi=80', '-range-p-ema=50,250', '-target-margin-list=1.0,1.5,2.0,2.5,3.0,3.5,4.0,4.5,5.0', '-log-level=WARNING']
2023-11-26 19:35:56;UNIUSDT;30m;5.0;100;30;80;100.0;7;137.94;['-batch-training', '-calc-rsi', '-verbose', '-prediction-mode=index', '-interval-list=30m', '-range-min-rsi=28', '-range-max-rsi=80', '-range-p-ema=50,250', '-target-margin-list=1.0,1.5,2.0,2.5,3.0,3.5,4.0,4.5,5.0', '-log-level=WARNING']
2023-11-26 21:17:07;UNIUSDT;30m;5.0;75;30;80;100.0;4;137.94;['-batch-training', '-calc-rsi', '-verbose', '-prediction-mode=index', '-interval-list=30m', '-range-min-rsi=28', '-range-max-rsi=80', '-range-p-ema=50,250', '-target-margin-list=1.0,1.5,2.0,2.5,3.0,3.5,4.0,4.5,5.0', '-log-level=WARNING']
2023-11-26 19:35:56;UNIUSDT;30m;5.0;100;30;80;100.0;5;137.94;['-batch-training', '-calc-rsi', '-verbose', '-prediction-mode=index', '-interval-list=30m', '-range-min-rsi=28', '-range-max-rsi=80', '-range-p-ema=50,250', '-target-margin-list=1.0,1.5,2.0,2.5,3.0,3.5,4.0,4.5,5.0', '-log-level=WARNING']
2023-11-26 21:17:07;UNIUSDT;30m;5.0;75;30;80;100.0;5;137.94;['-batch-training', '-calc-rsi', '-verbose', '-prediction-mode=index', '-interval-list=30m', '-range-min-rsi=28', '-range-max-rsi=80', '-range-p-ema=50,250', '-target-margin-list=1.0,1.5,2.0,2.5,3.0,3.5,4.0,4.5,5.0', '-log-level=WARNING']
2023-11-26 19:47:01;UNIUSDT;30m;5.0;125;30;76;100.0;7;137.94;['-batch-training', '-calc-rsi', '-verbose', '-prediction-mode=index', '-interval-list=30m', '-range-min-rsi=28', '-range-max-rsi=80', '-range-p-ema=50,250', '-target-margin-list=1.0,1.5,2.0,2.5,3.0,3.5,4.0,4.5,5.0', '-log-level=WARNING']
2023-11-26 21:17:07;UNIUSDT;30m;5.0;75;30;80;100.0;6;137.94;['-batch-training', '-calc-rsi', '-verbose', '-prediction-mode=index', '-interval-list=30m', '-range-min-rsi=28', '-range-max-rsi=80', '-range-p-ema=50,250', '-target-margin-list=1.0,1.5,2.0,2.5,3.0,3.5,4.0,4.5,5.0', '-log-level=WARNING']
2023-11-26 21:17:07;UNIUSDT;30m;5.0;75;30;80;100.0;7;137.94;['-batch-training', '-calc-rsi', '-verbose', '-prediction-mode=index', '-interval-list=30m', '-range-min-rsi=28', '-range-max-rsi=80', '-range-p-ema=50,250', '-target-margin-list=1.0,1.5,2.0,2.5,3.0,3.5,4.0,4.5,5.0', '-log-level=WARNING']
2023-11-26 19:35:56;UNIUSDT;30m;5.0;100;30;80;100.0;4;137.94;['-batch-training', '-calc-rsi', '-verbose', '-prediction-mode=index', '-interval-list=30m', '-range-min-rsi=28', '-range-max-rsi=80', '-range-p-ema=50,250', '-target-margin-list=1.0,1.5,2.0,2.5,3.0,3.5,4.0,4.5,5.0', '-log-level=WARNING']
2023-11-26 21:16:16;UNIUSDT;30m;5.0;75;30;74;100.0;5;137.94;['-batch-training', '-calc-rsi', '-verbose', '-prediction-mode=index', '-interval-list=30m', '-range-min-rsi=28', '-range-max-rsi=80', '-range-p-ema=50,250', '-target-margin-list=1.0,1.5,2.0,2.5,3.0,3.5,4.0,4.5,5.0', '-log-level=WARNING']
2023-11-26 21:00:57;UNIUSDT;30m;5.0;50;30;74;100.0;6;137.94;['-batch-training', '-calc-rsi', '-verbose', '-prediction-mode=index', '-interval-list=30m', '-range-min-rsi=28', '-range-max-rsi=80', '-range-p-ema=50,250', '-target-margin-list=1.0,1.5,2.0,2.5,3.0,3.5,4.0,4.5,5.0', '-log-level=WARNING']
2023-11-26 20:46:51;UNIUSDT;30m;5.0;250;30;78;100.0;6;137.94;['-batch-training', '-calc-rsi', '-verbose', '-prediction-mode=index', '-interval-list=30m', '-range-min-rsi=28', '-range-max-rsi=80', '-range-p-ema=50,250', '-target-margin-list=1.0,1.5,2.0,2.5,3.0,3.5,4.0,4.5,5.0', '-log-level=WARNING']
2023-11-26 19:47:01;UNIUSDT;30m;5.0;125;30;76;100.0;4;137.94;['-batch-training', '-calc-rsi', '-verbose', '-prediction-mode=index', '-interval-list=30m', '-range-min-rsi=28', '-range-max-rsi=80', '-range-p-ema=50,250', '-target-margin-list=1.0,1.5,2.0,2.5,3.0,3.5,4.0,4.5,5.0', '-log-level=WARNING']
2023-11-26 21:01:36;UNIUSDT;30m;5.0;50;30;78;100.0;7;137.94;['-batch-training', '-calc-rsi', '-verbose', '-prediction-mode=index', '-interval-list=30m', '-range-min-rsi=28', '-range-max-rsi=80', '-range-p-ema=50,250', '-target-margin-list=1.0,1.5,2.0,2.5,3.0,3.5,4.0,4.5,5.0', '-log-level=WARNING']
2023-11-26 21:01:36;UNIUSDT;30m;5.0;50;30;78;100.0;6;137.94;['-batch-training', '-calc-rsi', '-verbose', '-prediction-mode=index', '-interval-list=30m', '-range-min-rsi=28', '-range-max-rsi=80', '-range-p-ema=50,250', '-target-margin-list=1.0,1.5,2.0,2.5,3.0,3.5,4.0,4.5,5.0', '-log-level=WARNING']
2023-11-26 21:01:36;UNIUSDT;30m;5.0;50;30;78;100.0;5;137.94;['-batch-training', '-calc-rsi', '-verbose', '-prediction-mode=index', '-interval-list=30m', '-range-min-rsi=28', '-range-max-rsi=80', '-range-p-ema=50,250', '-target-margin-list=1.0,1.5,2.0,2.5,3.0,3.5,4.0,4.5,5.0', '-log-level=WARNING']
2023-11-26 21:01:36;UNIUSDT;30m;5.0;50;30;78;100.0;4;137.94;['-batch-training', '-calc-rsi', '-verbose', '-prediction-mode=index', '-interval-list=30m', '-range-min-rsi=28', '-range-max-rsi=80', '-range-p-ema=50,250', '-target-margin-list=1.0,1.5,2.0,2.5,3.0,3.5,4.0,4.5,5.0', '-log-level=WARNING']
2023-11-26 19:47:01;UNIUSDT;30m;5.0;125;30;76;100.0;6;137.94;['-batch-training', '-calc-rsi', '-verbose', '-prediction-mode=index', '-interval-list=30m', '-range-min-rsi=28', '-range-max-rsi=80', '-range-p-ema=50,250', '-target-margin-list=1.0,1.5,2.0,2.5,3.0,3.5,4.0,4.5,5.0', '-log-level=WARNING']
2023-11-26 21:16:33;UNIUSDT;30m;5.0;75;30;76;100.0;4;137.94;['-batch-training', '-calc-rsi', '-verbose', '-prediction-mode=index', '-interval-list=30m', '-range-min-rsi=28', '-range-max-rsi=80', '-range-p-ema=50,250', '-target-margin-list=1.0,1.5,2.0,2.5,3.0,3.5,4.0,4.5,5.0', '-log-level=WARNING']
2023-11-26 21:16:33;UNIUSDT;30m;5.0;75;30;76;100.0;5;137.94;['-batch-training', '-calc-rsi', '-verbose', '-prediction-mode=index', '-interval-list=30m', '-range-min-rsi=28', '-range-max-rsi=80', '-range-p-ema=50,250', '-target-margin-list=1.0,1.5,2.0,2.5,3.0,3.5,4.0,4.5,5.0', '-log-level=WARNING']
2023-11-26 21:16:33;UNIUSDT;30m;5.0;75;30;76;100.0;6;137.94;['-batch-training', '-calc-rsi', '-verbose', '-prediction-mode=index', '-interval-list=30m', '-range-min-rsi=28', '-range-max-rsi=80', '-range-p-ema=50,250', '-target-margin-list=1.0,1.5,2.0,2.5,3.0,3.5,4.0,4.5,5.0', '-log-level=WARNING']
2023-11-26 20:46:51;UNIUSDT;30m;5.0;250;30;78;100.0;7;137.94;['-batch-training', '-calc-rsi', '-verbose', '-prediction-mode=index', '-interval-list=30m', '-range-min-rsi=28', '-range-max-rsi=80', '-range-p-ema=50,250', '-target-margin-list=1.0,1.5,2.0,2.5,3.0,3.5,4.0,4.5,5.0', '-log-level=WARNING']
2023-11-26 21:01:16;UNIUSDT;30m;5.0;50;30;76;100.0;7;137.94;['-batch-training', '-calc-rsi', '-verbose', '-prediction-mode=index', '-interval-list=30m', '-range-min-rsi=28', '-range-max-rsi=80', '-range-p-ema=50,250', '-target-margin-list=1.0,1.5,2.0,2.5,3.0,3.5,4.0,4.5,5.0', '-log-level=WARNING']
2023-11-26 21:01:16;UNIUSDT;30m;5.0;50;30;76;100.0;6;137.94;['-batch-training', '-calc-rsi', '-verbose', '-prediction-mode=index', '-interval-list=30m', '-range-min-rsi=28', '-range-max-rsi=80', '-range-p-ema=50,250', '-target-margin-list=1.0,1.5,2.0,2.5,3.0,3.5,4.0,4.5,5.0', '-log-level=WARNING']
2023-11-26 21:01:16;UNIUSDT;30m;5.0;50;30;76;100.0;5;137.94;['-batch-training', '-calc-rsi', '-verbose', '-prediction-mode=index', '-interval-list=30m', '-range-min-rsi=28', '-range-max-rsi=80', '-range-p-ema=50,250', '-target-margin-list=1.0,1.5,2.0,2.5,3.0,3.5,4.0,4.5,5.0', '-log-level=WARNING']
2023-11-26 21:01:15;UNIUSDT;30m;5.0;50;30;76;100.0;4;137.94;['-batch-training', '-calc-rsi', '-verbose', '-prediction-mode=index', '-interval-list=30m', '-range-min-rsi=28', '-range-max-rsi=80', '-range-p-ema=50,250', '-target-margin-list=1.0,1.5,2.0,2.5,3.0,3.5,4.0,4.5,5.0', '-log-level=WARNING']
2023-11-26 20:46:51;UNIUSDT;30m;5.0;250;30;78;100.0;5;137.94;['-batch-training', '-calc-rsi', '-verbose', '-prediction-mode=index', '-interval-list=30m', '-range-min-rsi=28', '-range-max-rsi=80', '-range-p-ema=50,250', '-target-margin-list=1.0,1.5,2.0,2.5,3.0,3.5,4.0,4.5,5.0', '-log-level=WARNING']
2023-11-26 19:35:40;UNIUSDT;30m;5.0;100;30;78;100.0;4;137.94;['-batch-training', '-calc-rsi', '-verbose', '-prediction-mode=index', '-interval-list=30m', '-range-min-rsi=28', '-range-max-rsi=80', '-range-p-ema=50,250', '-target-margin-list=1.0,1.5,2.0,2.5,3.0,3.5,4.0,4.5,5.0', '-log-level=WARNING']
2023-11-26 19:35:41;UNIUSDT;30m;5.0;100;30;78;100.0;7;137.94;['-batch-training', '-calc-rsi', '-verbose', '-prediction-mode=index', '-interval-list=30m', '-range-min-rsi=28', '-range-max-rsi=80', '-range-p-ema=50,250', '-target-margin-list=1.0,1.5,2.0,2.5,3.0,3.5,4.0,4.5,5.0', '-log-level=WARNING']
2023-11-26 19:35:41;UNIUSDT;30m;5.0;100;30;78;100.0;5;137.94;['-batch-training', '-calc-rsi', '-verbose', '-prediction-mode=index', '-interval-list=30m', '-range-min-rsi=28', '-range-max-rsi=80', '-range-p-ema=50,250', '-target-margin-list=1.0,1.5,2.0,2.5,3.0,3.5,4.0,4.5,5.0', '-log-level=WARNING']
2023-11-26 19:35:41;UNIUSDT;30m;5.0;100;30;78;100.0;6;137.94;['-batch-training', '-calc-rsi', '-verbose', '-prediction-mode=index', '-interval-list=30m', '-range-min-rsi=28', '-range-max-rsi=80', '-range-p-ema=50,250', '-target-margin-list=1.0,1.5,2.0,2.5,3.0,3.5,4.0,4.5,5.0', '-log-level=WARNING']
2023-11-26 20:46:51;UNIUSDT;30m;5.0;250;30;78;100.0;4;137.94;['-batch-training', '-calc-rsi', '-verbose', '-prediction-mode=index', '-interval-list=30m', '-range-min-rsi=28', '-range-max-rsi=80', '-range-p-ema=50,250', '-target-margin-list=1.0,1.5,2.0,2.5,3.0,3.5,4.0,4.5,5.0', '-log-level=WARNING']
2023-11-26 21:16:33;UNIUSDT;30m;5.0;75;30;76;100.0;7;137.94;['-batch-training', '-calc-rsi', '-verbose', '-prediction-mode=index', '-interval-list=30m', '-range-min-rsi=28', '-range-max-rsi=80', '-range-p-ema=50,250', '-target-margin-list=1.0,1.5,2.0,2.5,3.0,3.5,4.0,4.5,5.0', '-log-level=WARNING']
2023-11-26 19:47:31;UNIUSDT;30m;5.0;125;30;80;100.0;4;137.94;['-batch-training', '-calc-rsi', '-verbose', '-prediction-mode=index', '-interval-list=30m', '-range-min-rsi=28', '-range-max-rsi=80', '-range-p-ema=50,250', '-target-margin-list=1.0,1.5,2.0,2.5,3.0,3.5,4.0,4.5,5.0', '-log-level=WARNING']
2023-11-26 20:46:33;UNIUSDT;30m;5.0;250;30;76;100.0;7;137.94;['-batch-training', '-calc-rsi', '-verbose', '-prediction-mode=index', '-interval-list=30m', '-range-min-rsi=28', '-range-max-rsi=80', '-range-p-ema=50,250', '-target-margin-list=1.0,1.5,2.0,2.5,3.0,3.5,4.0,4.5,5.0', '-log-level=WARNING']
2023-11-26 20:32:49;UNIUSDT;30m;5.0;225;30;76;100.0;7;137.94;['-batch-training', '-calc-rsi', '-verbose', '-prediction-mode=index', '-interval-list=30m', '-range-min-rsi=28', '-range-max-rsi=80', '-range-p-ema=50,250', '-target-margin-list=1.0,1.5,2.0,2.5,3.0,3.5,4.0,4.5,5.0', '-log-level=WARNING']
2023-11-26 20:08:22;UNIUSDT;30m;5.0;175;30;80;100.0;6;137.94;['-batch-training', '-calc-rsi', '-verbose', '-prediction-mode=index', '-interval-list=30m', '-range-min-rsi=28', '-range-max-rsi=80', '-range-p-ema=50,250', '-target-margin-list=1.0,1.5,2.0,2.5,3.0,3.5,4.0,4.5,5.0', '-log-level=WARNING']
2023-11-26 20:32:31;UNIUSDT;30m;5.0;225;30;74;100.0;4;137.94;['-batch-training', '-calc-rsi', '-verbose', '-prediction-mode=index', '-interval-list=30m', '-range-min-rsi=28', '-range-max-rsi=80', '-range-p-ema=50,250', '-target-margin-list=1.0,1.5,2.0,2.5,3.0,3.5,4.0,4.5,5.0', '-log-level=WARNING']
2023-11-26 20:20:03;UNIUSDT;30m;5.0;200;30;78;100.0;6;137.94;['-batch-training', '-calc-rsi', '-verbose', '-prediction-mode=index', '-interval-list=30m', '-range-min-rsi=28', '-range-max-rsi=80', '-range-p-ema=50,250', '-target-margin-list=1.0,1.5,2.0,2.5,3.0,3.5,4.0,4.5,5.0', '-log-level=WARNING']
2023-11-26 20:20:03;UNIUSDT;30m;5.0;200;30;78;100.0;5;137.94;['-batch-training', '-calc-rsi', '-verbose', '-prediction-mode=index', '-interval-list=30m', '-range-min-rsi=28', '-range-max-rsi=80', '-range-p-ema=50,250', '-target-margin-list=1.0,1.5,2.0,2.5,3.0,3.5,4.0,4.5,5.0', '-log-level=WARNING']
2023-11-26 20:46:14;UNIUSDT;30m;5.0;250;30;74;100.0;5;137.94;['-batch-training', '-calc-rsi', '-verbose', '-prediction-mode=index', '-interval-list=30m', '-range-min-rsi=28', '-range-max-rsi=80', '-range-p-ema=50,250', '-target-margin-list=1.0,1.5,2.0,2.5,3.0,3.5,4.0,4.5,5.0', '-log-level=WARNING']
2023-11-26 20:46:14;UNIUSDT;30m;5.0;250;30;74;100.0;6;137.94;['-batch-training', '-calc-rsi', '-verbose', '-prediction-mode=index', '-interval-list=30m', '-range-min-rsi=28', '-range-max-rsi=80', '-range-p-ema=50,250', '-target-margin-list=1.0,1.5,2.0,2.5,3.0,3.5,4.0,4.5,5.0', '-log-level=WARNING']
2023-11-26 19:58:07;UNIUSDT;30m;5.0;150;30;78;100.0;4;137.94;['-batch-training', '-calc-rsi', '-verbose', '-prediction-mode=index', '-interval-list=30m', '-range-min-rsi=28', '-range-max-rsi=80', '-range-p-ema=50,250', '-target-margin-list=1.0,1.5,2.0,2.5,3.0,3.5,4.0,4.5,5.0', '-log-level=WARNING']
2023-11-26 20:46:14;UNIUSDT;30m;5.0;250;30;74;100.0;4;137.94;['-batch-training', '-calc-rsi', '-verbose', '-prediction-mode=index', '-interval-list=30m', '-range-min-rsi=28', '-range-max-rsi=80', '-range-p-ema=50,250', '-target-margin-list=1.0,1.5,2.0,2.5,3.0,3.5,4.0,4.5,5.0', '-log-level=WARNING']
2023-11-26 19:46:45;UNIUSDT;30m;5.0;125;30;74;100.0;4;137.94;['-batch-training', '-calc-rsi', '-verbose', '-prediction-mode=index', '-interval-list=30m', '-range-min-rsi=28', '-range-max-rsi=80', '-range-p-ema=50,250', '-target-margin-list=1.0,1.5,2.0,2.5,3.0,3.5,4.0,4.5,5.0', '-log-level=WARNING']
2023-11-26 19:58:07;UNIUSDT;30m;5.0;150;30;78;100.0;6;137.94;['-batch-training', '-calc-rsi', '-verbose', '-prediction-mode=index', '-interval-list=30m', '-range-min-rsi=28', '-range-max-rsi=80', '-range-p-ema=50,250', '-target-margin-list=1.0,1.5,2.0,2.5,3.0,3.5,4.0,4.5,5.0', '-log-level=WARNING']
2023-11-26 20:33:24;UNIUSDT;30m;5.0;225;30;80;100.0;6;137.94;['-batch-training', '-calc-rsi', '-verbose', '-prediction-mode=index', '-interval-list=30m', '-range-min-rsi=28', '-range-max-rsi=80', '-range-p-ema=50,250', '-target-margin-list=1.0,1.5,2.0,2.5,3.0,3.5,4.0,4.5,5.0', '-log-level=WARNING']
2023-11-26 19:46:45;UNIUSDT;30m;5.0;125;30;74;100.0;7;137.94;['-batch-training', '-calc-rsi', '-verbose', '-prediction-mode=index', '-interval-list=30m', '-range-min-rsi=28', '-range-max-rsi=80', '-range-p-ema=50,250', '-target-margin-list=1.0,1.5,2.0,2.5,3.0,3.5,4.0,4.5,5.0', '-log-level=WARNING']
2023-11-26 19:58:07;UNIUSDT;30m;5.0;150;30;78;100.0;5;137.94;['-batch-training', '-calc-rsi', '-verbose', '-prediction-mode=index', '-interval-list=30m', '-range-min-rsi=28', '-range-max-rsi=80', '-range-p-ema=50,250', '-target-margin-list=1.0,1.5,2.0,2.5,3.0,3.5,4.0,4.5,5.0', '-log-level=WARNING']
2023-11-26 20:33:07;UNIUSDT;30m;5.0;225;30;78;100.0;5;137.94;['-batch-training', '-calc-rsi', '-verbose', '-prediction-mode=index', '-interval-list=30m', '-range-min-rsi=28', '-range-max-rsi=80', '-range-p-ema=50,250', '-target-margin-list=1.0,1.5,2.0,2.5,3.0,3.5,4.0,4.5,5.0', '-log-level=WARNING']
2023-11-26 19:46:45;UNIUSDT;30m;5.0;125;30;74;100.0;5;137.94;['-batch-training', '-calc-rsi', '-verbose', '-prediction-mode=index', '-interval-list=30m', '-range-min-rsi=28', '-range-max-rsi=80', '-range-p-ema=50,250', '-target-margin-list=1.0,1.5,2.0,2.5,3.0,3.5,4.0,4.5,5.0', '-log-level=WARNING']
2023-11-26 20:19:46;UNIUSDT;30m;5.0;200;30;76;100.0;6;137.94;['-batch-training', '-calc-rsi', '-verbose', '-prediction-mode=index', '-interval-list=30m', '-range-min-rsi=28', '-range-max-rsi=80', '-range-p-ema=50,250', '-target-margin-list=1.0,1.5,2.0,2.5,3.0,3.5,4.0,4.5,5.0', '-log-level=WARNING']
2023-11-26 19:46:45;UNIUSDT;30m;5.0;125;30;74;100.0;6;137.94;['-batch-training', '-calc-rsi', '-verbose', '-prediction-mode=index', '-interval-list=30m', '-range-min-rsi=28', '-range-max-rsi=80', '-range-p-ema=50,250', '-target-margin-list=1.0,1.5,2.0,2.5,3.0,3.5,4.0,4.5,5.0', '-log-level=WARNING']
2023-11-26 19:57:53;UNIUSDT;30m;5.0;150;30;76;100.0;7;137.94;['-batch-training', '-calc-rsi', '-verbose', '-prediction-mode=index', '-interval-list=30m', '-range-min-rsi=28', '-range-max-rsi=80', '-range-p-ema=50,250', '-target-margin-list=1.0,1.5,2.0,2.5,3.0,3.5,4.0,4.5,5.0', '-log-level=WARNING']
2023-11-26 19:57:53;UNIUSDT;30m;5.0;150;30;76;100.0;5;137.94;['-batch-training', '-calc-rsi', '-verbose', '-prediction-mode=index', '-interval-list=30m', '-range-min-rsi=28', '-range-max-rsi=80', '-range-p-ema=50,250', '-target-margin-list=1.0,1.5,2.0,2.5,3.0,3.5,4.0,4.5,5.0', '-log-level=WARNING']
2023-11-26 20:33:24;UNIUSDT;30m;5.0;225;30;80;100.0;7;137.94;['-batch-training', '-calc-rsi', '-verbose', '-prediction-mode=index', '-interval-list=30m', '-range-min-rsi=28', '-range-max-rsi=80', '-range-p-ema=50,250', '-target-margin-list=1.0,1.5,2.0,2.5,3.0,3.5,4.0,4.5,5.0', '-log-level=WARNING']
2023-11-26 20:33:25;UNIUSDT;30m;5.0;225;30;80;100.0;5;137.94;['-batch-training', '-calc-rsi', '-verbose', '-prediction-mode=index', '-interval-list=30m', '-range-min-rsi=28', '-range-max-rsi=80', '-range-p-ema=50,250', '-target-margin-list=1.0,1.5,2.0,2.5,3.0,3.5,4.0,4.5,5.0', '-log-level=WARNING']
2023-11-26 20:33:25;UNIUSDT;30m;5.0;225;30;80;100.0;4;137.94;['-batch-training', '-calc-rsi', '-verbose', '-prediction-mode=index', '-interval-list=30m', '-range-min-rsi=28', '-range-max-rsi=80', '-range-p-ema=50,250', '-target-margin-list=1.0,1.5,2.0,2.5,3.0,3.5,4.0,4.5,5.0', '-log-level=WARNING']
2023-11-26 20:19:30;UNIUSDT;30m;5.0;200;30;74;100.0;5;137.94;['-batch-training', '-calc-rsi', '-verbose', '-prediction-mode=index', '-interval-list=30m', '-range-min-rsi=28', '-range-max-rsi=80', '-range-p-ema=50,250', '-target-margin-list=1.0,1.5,2.0,2.5,3.0,3.5,4.0,4.5,5.0', '-log-level=WARNING']
2023-11-26 20:19:30;UNIUSDT;30m;5.0;200;30;74;100.0;7;137.94;['-batch-training', '-calc-rsi', '-verbose', '-prediction-mode=index', '-interval-list=30m', '-range-min-rsi=28', '-range-max-rsi=80', '-range-p-ema=50,250', '-target-margin-list=1.0,1.5,2.0,2.5,3.0,3.5,4.0,4.5,5.0', '-log-level=WARNING']
2023-11-26 20:20:03;UNIUSDT;30m;5.0;200;30;78;100.0;4;137.94;['-batch-training', '-calc-rsi', '-verbose', '-prediction-mode=index', '-interval-list=30m', '-range-min-rsi=28', '-range-max-rsi=80', '-range-p-ema=50,250', '-target-margin-list=1.0,1.5,2.0,2.5,3.0,3.5,4.0,4.5,5.0', '-log-level=WARNING']
2023-11-26 20:19:30;UNIUSDT;30m;5.0;200;30;74;100.0;6;137.94;['-batch-training', '-calc-rsi', '-verbose', '-prediction-mode=index', '-interval-list=30m', '-range-min-rsi=28', '-range-max-rsi=80', '-range-p-ema=50,250', '-target-margin-list=1.0,1.5,2.0,2.5,3.0,3.5,4.0,4.5,5.0', '-log-level=WARNING']
2023-11-26 20:32:31;UNIUSDT;30m;5.0;225;30;74;100.0;5;137.94;['-batch-training', '-calc-rsi', '-verbose', '-prediction-mode=index', '-interval-list=30m', '-range-min-rsi=28', '-range-max-rsi=80', '-range-p-ema=50,250', '-target-margin-list=1.0,1.5,2.0,2.5,3.0,3.5,4.0,4.5,5.0', '-log-level=WARNING']
2023-11-26 20:20:03;UNIUSDT;30m;5.0;200;30;78;100.0;7;137.94;['-batch-training', '-calc-rsi', '-verbose', '-prediction-mode=index', '-interval-list=30m', '-range-min-rsi=28', '-range-max-rsi=80', '-range-p-ema=50,250', '-target-margin-list=1.0,1.5,2.0,2.5,3.0,3.5,4.0,4.5,5.0', '-log-level=WARNING']
2023-11-26 19:47:31;UNIUSDT;30m;5.0;125;30;80;100.0;5;137.94;['-batch-training', '-calc-rsi', '-verbose', '-prediction-mode=index', '-interval-list=30m', '-range-min-rsi=28', '-range-max-rsi=80', '-range-p-ema=50,250', '-target-margin-list=1.0,1.5,2.0,2.5,3.0,3.5,4.0,4.5,5.0', '-log-level=WARNING']
2023-11-26 19:57:41;UNIUSDT;30m;5.0;150;30;74;100.0;6;137.94;['-batch-training', '-calc-rsi', '-verbose', '-prediction-mode=index', '-interval-list=30m', '-range-min-rsi=28', '-range-max-rsi=80', '-range-p-ema=50,250', '-target-margin-list=1.0,1.5,2.0,2.5,3.0,3.5,4.0,4.5,5.0', '-log-level=WARNING']
2023-11-26 19:57:40;UNIUSDT;30m;5.0;150;30;74;100.0;4;137.94;['-batch-training', '-calc-rsi', '-verbose', '-prediction-mode=index', '-interval-list=30m', '-range-min-rsi=28', '-range-max-rsi=80', '-range-p-ema=50,250', '-target-margin-list=1.0,1.5,2.0,2.5,3.0,3.5,4.0,4.5,5.0', '-log-level=WARNING']
2023-11-26 19:57:40;UNIUSDT;30m;5.0;150;30;74;100.0;7;137.94;['-batch-training', '-calc-rsi', '-verbose', '-prediction-mode=index', '-interval-list=30m', '-range-min-rsi=28', '-range-max-rsi=80', '-range-p-ema=50,250', '-target-margin-list=1.0,1.5,2.0,2.5,3.0,3.5,4.0,4.5,5.0', '-log-level=WARNING']
2023-11-26 19:57:40;UNIUSDT;30m;5.0;150;30;74;100.0;5;137.94;['-batch-training', '-calc-rsi', '-verbose', '-prediction-mode=index', '-interval-list=30m', '-range-min-rsi=28', '-range-max-rsi=80', '-range-p-ema=50,250', '-target-margin-list=1.0,1.5,2.0,2.5,3.0,3.5,4.0,4.5,5.0', '-log-level=WARNING']
2023-11-26 20:46:14;UNIUSDT;30m;5.0;250;30;74;100.0;7;137.94;['-batch-training', '-calc-rsi', '-verbose', '-prediction-mode=index', '-interval-list=30m', '-range-min-rsi=28', '-range-max-rsi=80', '-range-p-ema=50,250', '-target-margin-list=1.0,1.5,2.0,2.5,3.0,3.5,4.0,4.5,5.0', '-log-level=WARNING']
2023-11-26 20:19:46;UNIUSDT;30m;5.0;200;30;76;100.0;4;137.94;['-batch-training', '-calc-rsi', '-verbose', '-prediction-mode=index', '-interval-list=30m', '-range-min-rsi=28', '-range-max-rsi=80', '-range-p-ema=50,250', '-target-margin-list=1.0,1.5,2.0,2.5,3.0,3.5,4.0,4.5,5.0', '-log-level=WARNING']
2023-11-26 20:32:49;UNIUSDT;30m;5.0;225;30;76;100.0;6;137.94;['-batch-training', '-calc-rsi', '-verbose', '-prediction-mode=index', '-interval-list=30m', '-range-min-rsi=28', '-range-max-rsi=80', '-range-p-ema=50,250', '-target-margin-list=1.0,1.5,2.0,2.5,3.0,3.5,4.0,4.5,5.0', '-log-level=WARNING']
2023-11-26 20:19:30;UNIUSDT;30m;5.0;200;30;74;100.0;4;137.94;['-batch-training', '-calc-rsi', '-verbose', '-prediction-mode=index', '-interval-list=30m', '-range-min-rsi=28', '-range-max-rsi=80', '-range-p-ema=50,250', '-target-margin-list=1.0,1.5,2.0,2.5,3.0,3.5,4.0,4.5,5.0', '-log-level=WARNING']
2023-11-26 20:33:07;UNIUSDT;30m;5.0;225;30;78;100.0;4;137.94;['-batch-training', '-calc-rsi', '-verbose', '-prediction-mode=index', '-interval-list=30m', '-range-min-rsi=28', '-range-max-rsi=80', '-range-p-ema=50,250', '-target-margin-list=1.0,1.5,2.0,2.5,3.0,3.5,4.0,4.5,5.0', '-log-level=WARNING']
2023-11-26 20:20:21;UNIUSDT;30m;5.0;200;30;80;100.0;6;137.94;['-batch-training', '-calc-rsi', '-verbose', '-prediction-mode=index', '-interval-list=30m', '-range-min-rsi=28', '-range-max-rsi=80', '-range-p-ema=50,250', '-target-margin-list=1.0,1.5,2.0,2.5,3.0,3.5,4.0,4.5,5.0', '-log-level=WARNING']
2023-11-26 19:58:20;UNIUSDT;30m;5.0;150;30;80;100.0;6;137.94;['-batch-training', '-calc-rsi', '-verbose', '-prediction-mode=index', '-interval-list=30m', '-range-min-rsi=28', '-range-max-rsi=80', '-range-p-ema=50,250', '-target-margin-list=1.0,1.5,2.0,2.5,3.0,3.5,4.0,4.5,5.0', '-log-level=WARNING']
2023-11-26 19:57:53;UNIUSDT;30m;5.0;150;30;76;100.0;4;137.94;['-batch-training', '-calc-rsi', '-verbose', '-prediction-mode=index', '-interval-list=30m', '-range-min-rsi=28', '-range-max-rsi=80', '-range-p-ema=50,250', '-target-margin-list=1.0,1.5,2.0,2.5,3.0,3.5,4.0,4.5,5.0', '-log-level=WARNING']
2023-11-26 20:19:46;UNIUSDT;30m;5.0;200;30;76;100.0;7;137.94;['-batch-training', '-calc-rsi', '-verbose', '-prediction-mode=index', '-interval-list=30m', '-range-min-rsi=28', '-range-max-rsi=80', '-range-p-ema=50,250', '-target-margin-list=1.0,1.5,2.0,2.5,3.0,3.5,4.0,4.5,5.0', '-log-level=WARNING']
2023-11-26 19:57:53;UNIUSDT;30m;5.0;150;30;76;100.0;6;137.94;['-batch-training', '-calc-rsi', '-verbose', '-prediction-mode=index', '-interval-list=30m', '-range-min-rsi=28', '-range-max-rsi=80', '-range-p-ema=50,250', '-target-margin-list=1.0,1.5,2.0,2.5,3.0,3.5,4.0,4.5,5.0', '-log-level=WARNING']
2023-11-26 20:20:21;UNIUSDT;30m;5.0;200;30;80;100.0;5;137.94;['-batch-training', '-calc-rsi', '-verbose', '-prediction-mode=index', '-interval-list=30m', '-range-min-rsi=28', '-range-max-rsi=80', '-range-p-ema=50,250', '-target-margin-list=1.0,1.5,2.0,2.5,3.0,3.5,4.0,4.5,5.0', '-log-level=WARNING']
2023-11-26 20:20:21;UNIUSDT;30m;5.0;200;30;80;100.0;4;137.94;['-batch-training', '-calc-rsi', '-verbose', '-prediction-mode=index', '-interval-list=30m', '-range-min-rsi=28', '-range-max-rsi=80', '-range-p-ema=50,250', '-target-margin-list=1.0,1.5,2.0,2.5,3.0,3.5,4.0,4.5,5.0', '-log-level=WARNING']
2023-11-26 19:47:31;UNIUSDT;30m;5.0;125;30;80;100.0;7;137.94;['-batch-training', '-calc-rsi', '-verbose', '-prediction-mode=index', '-interval-list=30m', '-range-min-rsi=28', '-range-max-rsi=80', '-range-p-ema=50,250', '-target-margin-list=1.0,1.5,2.0,2.5,3.0,3.5,4.0,4.5,5.0', '-log-level=WARNING']
2023-11-26 20:33:07;UNIUSDT;30m;5.0;225;30;78;100.0;6;137.94;['-batch-training', '-calc-rsi', '-verbose', '-prediction-mode=index', '-interval-list=30m', '-range-min-rsi=28', '-range-max-rsi=80', '-range-p-ema=50,250', '-target-margin-list=1.0,1.5,2.0,2.5,3.0,3.5,4.0,4.5,5.0', '-log-level=WARNING']
2023-11-26 19:47:31;UNIUSDT;30m;5.0;125;30;80;100.0;6;137.94;['-batch-training', '-calc-rsi', '-verbose', '-prediction-mode=index', '-interval-list=30m', '-range-min-rsi=28', '-range-max-rsi=80', '-range-p-ema=50,250', '-target-margin-list=1.0,1.5,2.0,2.5,3.0,3.5,4.0,4.5,5.0', '-log-level=WARNING']
2023-11-26 20:08:09;UNIUSDT;30m;5.0;175;30;78;100.0;6;137.94;['-batch-training', '-calc-rsi', '-verbose', '-prediction-mode=index', '-interval-list=30m', '-range-min-rsi=28', '-range-max-rsi=80', '-range-p-ema=50,250', '-target-margin-list=1.0,1.5,2.0,2.5,3.0,3.5,4.0,4.5,5.0', '-log-level=WARNING']
2023-11-26 19:58:20;UNIUSDT;30m;5.0;150;30;80;100.0;7;137.94;['-batch-training', '-calc-rsi', '-verbose', '-prediction-mode=index', '-interval-list=30m', '-range-min-rsi=28', '-range-max-rsi=80', '-range-p-ema=50,250', '-target-margin-list=1.0,1.5,2.0,2.5,3.0,3.5,4.0,4.5,5.0', '-log-level=WARNING']
2023-11-26 20:08:09;UNIUSDT;30m;5.0;175;30;78;100.0;7;137.94;['-batch-training', '-calc-rsi', '-verbose', '-prediction-mode=index', '-interval-list=30m', '-range-min-rsi=28', '-range-max-rsi=80', '-range-p-ema=50,250', '-target-margin-list=1.0,1.5,2.0,2.5,3.0,3.5,4.0,4.5,5.0', '-log-level=WARNING']
2023-11-26 20:08:22;UNIUSDT;30m;5.0;175;30;80;100.0;5;137.94;['-batch-training', '-calc-rsi', '-verbose', '-prediction-mode=index', '-interval-list=30m', '-range-min-rsi=28', '-range-max-rsi=80', '-range-p-ema=50,250', '-target-margin-list=1.0,1.5,2.0,2.5,3.0,3.5,4.0,4.5,5.0', '-log-level=WARNING']
2023-11-26 19:58:20;UNIUSDT;30m;5.0;150;30;80;100.0;4;137.94;['-batch-training', '-calc-rsi', '-verbose', '-prediction-mode=index', '-interval-list=30m', '-range-min-rsi=28', '-range-max-rsi=80', '-range-p-ema=50,250', '-target-margin-list=1.0,1.5,2.0,2.5,3.0,3.5,4.0,4.5,5.0', '-log-level=WARNING']
2023-11-26 20:19:46;UNIUSDT;30m;5.0;200;30;76;100.0;5;137.94;['-batch-training', '-calc-rsi', '-verbose', '-prediction-mode=index', '-interval-list=30m', '-range-min-rsi=28', '-range-max-rsi=80', '-range-p-ema=50,250', '-target-margin-list=1.0,1.5,2.0,2.5,3.0,3.5,4.0,4.5,5.0', '-log-level=WARNING']
2023-11-26 20:32:49;UNIUSDT;30m;5.0;225;30;76;100.0;5;137.94;['-batch-training', '-calc-rsi', '-verbose', '-prediction-mode=index', '-interval-list=30m', '-range-min-rsi=28', '-range-max-rsi=80', '-range-p-ema=50,250', '-target-margin-list=1.0,1.5,2.0,2.5,3.0,3.5,4.0,4.5,5.0', '-log-level=WARNING']
2023-11-26 20:32:31;UNIUSDT;30m;5.0;225;30;74;100.0;6;137.94;['-batch-training', '-calc-rsi', '-verbose', '-prediction-mode=index', '-interval-list=30m', '-range-min-rsi=28', '-range-max-rsi=80', '-range-p-ema=50,250', '-target-margin-list=1.0,1.5,2.0,2.5,3.0,3.5,4.0,4.5,5.0', '-log-level=WARNING']
2023-11-26 20:08:22;UNIUSDT;30m;5.0;175;30;80;100.0;7;137.94;['-batch-training', '-calc-rsi', '-verbose', '-prediction-mode=index', '-interval-list=30m', '-range-min-rsi=28', '-range-max-rsi=80', '-range-p-ema=50,250', '-target-margin-list=1.0,1.5,2.0,2.5,3.0,3.5,4.0,4.5,5.0', '-log-level=WARNING']
2023-11-26 20:32:49;UNIUSDT;30m;5.0;225;30;76;100.0;4;137.94;['-batch-training', '-calc-rsi', '-verbose', '-prediction-mode=index', '-interval-list=30m', '-range-min-rsi=28', '-range-max-rsi=80', '-range-p-ema=50,250', '-target-margin-list=1.0,1.5,2.0,2.5,3.0,3.5,4.0,4.5,5.0', '-log-level=WARNING']
2023-11-26 20:33:07;UNIUSDT;30m;5.0;225;30;78;100.0;7;137.94;['-batch-training', '-calc-rsi', '-verbose', '-prediction-mode=index', '-interval-list=30m', '-range-min-rsi=28', '-range-max-rsi=80', '-range-p-ema=50,250', '-target-margin-list=1.0,1.5,2.0,2.5,3.0,3.5,4.0,4.5,5.0', '-log-level=WARNING']
2023-11-26 20:20:21;UNIUSDT;30m;5.0;200;30;80;100.0;7;137.94;['-batch-training', '-calc-rsi', '-verbose', '-prediction-mode=index', '-interval-list=30m', '-range-min-rsi=28', '-range-max-rsi=80', '-range-p-ema=50,250', '-target-margin-list=1.0,1.5,2.0,2.5,3.0,3.5,4.0,4.5,5.0', '-log-level=WARNING']
2023-11-26 19:58:20;UNIUSDT;30m;5.0;150;30;80;100.0;5;137.94;['-batch-training', '-calc-rsi', '-verbose', '-prediction-mode=index', '-interval-list=30m', '-range-min-rsi=28', '-range-max-rsi=80', '-range-p-ema=50,250', '-target-margin-list=1.0,1.5,2.0,2.5,3.0,3.5,4.0,4.5,5.0', '-log-level=WARNING']
2023-11-26 20:08:09;UNIUSDT;30m;5.0;175;30;78;100.0;4;137.94;['-batch-training', '-calc-rsi', '-verbose', '-prediction-mode=index', '-interval-list=30m', '-range-min-rsi=28', '-range-max-rsi=80', '-range-p-ema=50,250', '-target-margin-list=1.0,1.5,2.0,2.5,3.0,3.5,4.0,4.5,5.0', '-log-level=WARNING']
2023-11-26 20:08:09;UNIUSDT;30m;5.0;175;30;78;100.0;5;137.94;['-batch-training', '-calc-rsi', '-verbose', '-prediction-mode=index', '-interval-list=30m', '-range-min-rsi=28', '-range-max-rsi=80', '-range-p-ema=50,250', '-target-margin-list=1.0,1.5,2.0,2.5,3.0,3.5,4.0,4.5,5.0', '-log-level=WARNING']
2023-11-26 19:58:07;UNIUSDT;30m;5.0;150;30;78;100.0;7;137.94;['-batch-training', '-calc-rsi', '-verbose', '-prediction-mode=index', '-interval-list=30m', '-range-min-rsi=28', '-range-max-rsi=80', '-range-p-ema=50,250', '-target-margin-list=1.0,1.5,2.0,2.5,3.0,3.5,4.0,4.5,5.0', '-log-level=WARNING']
2023-11-26 20:28:20;UNIUSDT;30m;3.5;225;36;74;100.0;7;137.99;['-batch-training', '-calc-rsi', '-verbose', '-prediction-mode=index', '-interval-list=30m', '-range-min-rsi=28', '-range-max-rsi=80', '-range-p-ema=50,250', '-target-margin-list=1.0,1.5,2.0,2.5,3.0,3.5,4.0,4.5,5.0', '-log-level=WARNING']
2023-11-26 20:29:12;UNIUSDT;30m;3.5;225;36;80;100.0;7;137.99;['-batch-training', '-calc-rsi', '-verbose', '-prediction-mode=index', '-interval-list=30m', '-range-min-rsi=28', '-range-max-rsi=80', '-range-p-ema=50,250', '-target-margin-list=1.0,1.5,2.0,2.5,3.0,3.5,4.0,4.5,5.0', '-log-level=WARNING']
2023-11-26 20:28:54;UNIUSDT;30m;3.5;225;36;78;100.0;6;137.99;['-batch-training', '-calc-rsi', '-verbose', '-prediction-mode=index', '-interval-list=30m', '-range-min-rsi=28', '-range-max-rsi=80', '-range-p-ema=50,250', '-target-margin-list=1.0,1.5,2.0,2.5,3.0,3.5,4.0,4.5,5.0', '-log-level=WARNING']
2023-11-26 20:28:20;UNIUSDT;30m;3.5;225;36;74;100.0;6;137.99;['-batch-training', '-calc-rsi', '-verbose', '-prediction-mode=index', '-interval-list=30m', '-range-min-rsi=28', '-range-max-rsi=80', '-range-p-ema=50,250', '-target-margin-list=1.0,1.5,2.0,2.5,3.0,3.5,4.0,4.5,5.0', '-log-level=WARNING']
2023-11-26 20:28:37;UNIUSDT;30m;3.5;225;36;76;100.0;6;137.99;['-batch-training', '-calc-rsi', '-verbose', '-prediction-mode=index', '-interval-list=30m', '-range-min-rsi=28', '-range-max-rsi=80', '-range-p-ema=50,250', '-target-margin-list=1.0,1.5,2.0,2.5,3.0,3.5,4.0,4.5,5.0', '-log-level=WARNING']
2023-11-26 20:29:13;UNIUSDT;30m;3.5;225;36;80;100.0;6;137.99;['-batch-training', '-calc-rsi', '-verbose', '-prediction-mode=index', '-interval-list=30m', '-range-min-rsi=28', '-range-max-rsi=80', '-range-p-ema=50,250', '-target-margin-list=1.0,1.5,2.0,2.5,3.0,3.5,4.0,4.5,5.0', '-log-level=WARNING']
2023-11-26 20:28:37;UNIUSDT;30m;3.5;225;36;76;100.0;7;137.99;['-batch-training', '-calc-rsi', '-verbose', '-prediction-mode=index', '-interval-list=30m', '-range-min-rsi=28', '-range-max-rsi=80', '-range-p-ema=50,250', '-target-margin-list=1.0,1.5,2.0,2.5,3.0,3.5,4.0,4.5,5.0', '-log-level=WARNING']
2023-11-26 20:28:54;UNIUSDT;30m;3.5;225;36;78;100.0;7;137.99;['-batch-training', '-calc-rsi', '-verbose', '-prediction-mode=index', '-interval-list=30m', '-range-min-rsi=28', '-range-max-rsi=80', '-range-p-ema=50,250', '-target-margin-list=1.0,1.5,2.0,2.5,3.0,3.5,4.0,4.5,5.0', '-log-level=WARNING']
2023-11-26 21:07:25;UNIUSDT;30m;2.0;75;34;80;100.0;6;138.01;['-batch-training', '-calc-rsi', '-verbose', '-prediction-mode=index', '-interval-list=30m', '-range-min-rsi=28', '-range-max-rsi=80', '-range-p-ema=50,250', '-target-margin-list=1.0,1.5,2.0,2.5,3.0,3.5,4.0,4.5,5.0', '-log-level=WARNING']
2023-11-26 19:40:00;UNIUSDT;30m;2.0;125;34;80;100.0;6;138.01;['-batch-training', '-calc-rsi', '-verbose', '-prediction-mode=index', '-interval-list=30m', '-range-min-rsi=28', '-range-max-rsi=80', '-range-p-ema=50,250', '-target-margin-list=1.0,1.5,2.0,2.5,3.0,3.5,4.0,4.5,5.0', '-log-level=WARNING']
2023-11-26 20:52:07;UNIUSDT;30m;2.0;50;34;80;100.0;6;138.01;['-batch-training', '-calc-rsi', '-verbose', '-prediction-mode=index', '-interval-list=30m', '-range-min-rsi=28', '-range-max-rsi=80', '-range-p-ema=50,250', '-target-margin-list=1.0,1.5,2.0,2.5,3.0,3.5,4.0,4.5,5.0', '-log-level=WARNING']
2023-11-26 19:28:31;UNIUSDT;30m;2.0;100;34;80;100.0;6;138.01;['-batch-training', '-calc-rsi', '-verbose', '-prediction-mode=index', '-interval-list=30m', '-range-min-rsi=28', '-range-max-rsi=80', '-range-p-ema=50,250', '-target-margin-list=1.0,1.5,2.0,2.5,3.0,3.5,4.0,4.5,5.0', '-log-level=WARNING']
2023-11-26 19:53:54;UNIUSDT;30m;3.0;150;34;80;100.0;6;138.05;['-batch-training', '-calc-rsi', '-verbose', '-prediction-mode=index', '-interval-list=30m', '-range-min-rsi=28', '-range-max-rsi=80', '-range-p-ema=50,250', '-target-margin-list=1.0,1.5,2.0,2.5,3.0,3.5,4.0,4.5,5.0', '-log-level=WARNING']
2023-11-26 19:53:54;UNIUSDT;30m;3.0;150;34;80;100.0;7;138.05;['-batch-training', '-calc-rsi', '-verbose', '-prediction-mode=index', '-interval-list=30m', '-range-min-rsi=28', '-range-max-rsi=80', '-range-p-ema=50,250', '-target-margin-list=1.0,1.5,2.0,2.5,3.0,3.5,4.0,4.5,5.0', '-log-level=WARNING']
2023-11-26 21:00:15;UNIUSDT;30m;4.5;50;30;80;100.0;2;138.24;['-batch-training', '-calc-rsi', '-verbose', '-prediction-mode=index', '-interval-list=30m', '-range-min-rsi=28', '-range-max-rsi=80', '-range-p-ema=50,250', '-target-margin-list=1.0,1.5,2.0,2.5,3.0,3.5,4.0,4.5,5.0', '-log-level=WARNING']
2023-11-26 20:07:16;UNIUSDT;30m;4.5;175;30;80;100.0;2;138.24;['-batch-training', '-calc-rsi', '-verbose', '-prediction-mode=index', '-interval-list=30m', '-range-min-rsi=28', '-range-max-rsi=80', '-range-p-ema=50,250', '-target-margin-list=1.0,1.5,2.0,2.5,3.0,3.5,4.0,4.5,5.0', '-log-level=WARNING']
2023-11-26 21:15:43;UNIUSDT;30m;4.5;75;30;80;100.0;2;138.24;['-batch-training', '-calc-rsi', '-verbose', '-prediction-mode=index', '-interval-list=30m', '-range-min-rsi=28', '-range-max-rsi=80', '-range-p-ema=50,250', '-target-margin-list=1.0,1.5,2.0,2.5,3.0,3.5,4.0,4.5,5.0', '-log-level=WARNING']
2023-11-26 19:34:39;UNIUSDT;30m;4.5;100;30;80;100.0;2;138.24;['-batch-training', '-calc-rsi', '-verbose', '-prediction-mode=index', '-interval-list=30m', '-range-min-rsi=28', '-range-max-rsi=80', '-range-p-ema=50,250', '-target-margin-list=1.0,1.5,2.0,2.5,3.0,3.5,4.0,4.5,5.0', '-log-level=WARNING']
2023-11-26 20:18:56;UNIUSDT;30m;4.5;200;30;80;100.0;2;138.24;['-batch-training', '-calc-rsi', '-verbose', '-prediction-mode=index', '-interval-list=30m', '-range-min-rsi=28', '-range-max-rsi=80', '-range-p-ema=50,250', '-target-margin-list=1.0,1.5,2.0,2.5,3.0,3.5,4.0,4.5,5.0', '-log-level=WARNING']
2023-11-26 19:57:13;UNIUSDT;30m;4.5;150;30;80;100.0;2;138.24;['-batch-training', '-calc-rsi', '-verbose', '-prediction-mode=index', '-interval-list=30m', '-range-min-rsi=28', '-range-max-rsi=80', '-range-p-ema=50,250', '-target-margin-list=1.0,1.5,2.0,2.5,3.0,3.5,4.0,4.5,5.0', '-log-level=WARNING']
2023-11-26 19:46:14;UNIUSDT;30m;4.5;125;30;80;100.0;2;138.24;['-batch-training', '-calc-rsi', '-verbose', '-prediction-mode=index', '-interval-list=30m', '-range-min-rsi=28', '-range-max-rsi=80', '-range-p-ema=50,250', '-target-margin-list=1.0,1.5,2.0,2.5,3.0,3.5,4.0,4.5,5.0', '-log-level=WARNING']
2023-11-26 20:45:37;UNIUSDT;30m;4.5;250;30;80;100.0;2;138.24;['-batch-training', '-calc-rsi', '-verbose', '-prediction-mode=index', '-interval-list=30m', '-range-min-rsi=28', '-range-max-rsi=80', '-range-p-ema=50,250', '-target-margin-list=1.0,1.5,2.0,2.5,3.0,3.5,4.0,4.5,5.0', '-log-level=WARNING']
2023-11-26 20:31:56;UNIUSDT;30m;4.5;225;30;80;100.0;2;138.24;['-batch-training', '-calc-rsi', '-verbose', '-prediction-mode=index', '-interval-list=30m', '-range-min-rsi=28', '-range-max-rsi=80', '-range-p-ema=50,250', '-target-margin-list=1.0,1.5,2.0,2.5,3.0,3.5,4.0,4.5,5.0', '-log-level=WARNING']
2023-11-26 20:35:13;UNIUSDT;30m;1.5;250;30;72;100.0;6;138.29;['-batch-training', '-calc-rsi', '-verbose', '-prediction-mode=index', '-interval-list=30m', '-range-min-rsi=28', '-range-max-rsi=80', '-range-p-ema=50,250', '-target-margin-list=1.0,1.5,2.0,2.5,3.0,3.5,4.0,4.5,5.0', '-log-level=WARNING']
2023-11-26 19:54:37;UNIUSDT;30m;3.5;150;36;76;100.0;2;138.5;['-batch-training', '-calc-rsi', '-verbose', '-prediction-mode=index', '-interval-list=30m', '-range-min-rsi=28', '-range-max-rsi=80', '-range-p-ema=50,250', '-target-margin-list=1.0,1.5,2.0,2.5,3.0,3.5,4.0,4.5,5.0', '-log-level=WARNING']
2023-11-26 20:50:48;UNIUSDT;30m;2.0;50;34;72;100.0;4;138.51;['-batch-training', '-calc-rsi', '-verbose', '-prediction-mode=index', '-interval-list=30m', '-range-min-rsi=28', '-range-max-rsi=80', '-range-p-ema=50,250', '-target-margin-list=1.0,1.5,2.0,2.5,3.0,3.5,4.0,4.5,5.0', '-log-level=WARNING']
2023-11-26 19:38:57;UNIUSDT;30m;2.0;125;34;72;100.0;4;138.51;['-batch-training', '-calc-rsi', '-verbose', '-prediction-mode=index', '-interval-list=30m', '-range-min-rsi=28', '-range-max-rsi=80', '-range-p-ema=50,250', '-target-margin-list=1.0,1.5,2.0,2.5,3.0,3.5,4.0,4.5,5.0', '-log-level=WARNING']
2023-11-26 21:05:58;UNIUSDT;30m;2.0;75;34;72;100.0;4;138.51;['-batch-training', '-calc-rsi', '-verbose', '-prediction-mode=index', '-interval-list=30m', '-range-min-rsi=28', '-range-max-rsi=80', '-range-p-ema=50,250', '-target-margin-list=1.0,1.5,2.0,2.5,3.0,3.5,4.0,4.5,5.0', '-log-level=WARNING']
2023-11-26 19:27:28;UNIUSDT;30m;2.0;100;34;72;100.0;4;138.51;['-batch-training', '-calc-rsi', '-verbose', '-prediction-mode=index', '-interval-list=30m', '-range-min-rsi=28', '-range-max-rsi=80', '-range-p-ema=50,250', '-target-margin-list=1.0,1.5,2.0,2.5,3.0,3.5,4.0,4.5,5.0', '-log-level=WARNING']
2023-11-26 19:45:04;UNIUSDT;30m;4.0;125;34;80;100.0;2;138.54;['-batch-training', '-calc-rsi', '-verbose', '-prediction-mode=index', '-interval-list=30m', '-range-min-rsi=28', '-range-max-rsi=80', '-range-p-ema=50,250', '-target-margin-list=1.0,1.5,2.0,2.5,3.0,3.5,4.0,4.5,5.0', '-log-level=WARNING']
2023-11-26 19:33:31;UNIUSDT;30m;4.0;100;34;80;100.0;2;138.54;['-batch-training', '-calc-rsi', '-verbose', '-prediction-mode=index', '-interval-list=30m', '-range-min-rsi=28', '-range-max-rsi=80', '-range-p-ema=50,250', '-target-margin-list=1.0,1.5,2.0,2.5,3.0,3.5,4.0,4.5,5.0', '-log-level=WARNING']
2023-11-26 20:58:42;UNIUSDT;30m;4.0;50;34;80;100.0;2;138.54;['-batch-training', '-calc-rsi', '-verbose', '-prediction-mode=index', '-interval-list=30m', '-range-min-rsi=28', '-range-max-rsi=80', '-range-p-ema=50,250', '-target-margin-list=1.0,1.5,2.0,2.5,3.0,3.5,4.0,4.5,5.0', '-log-level=WARNING']
2023-11-26 21:14:24;UNIUSDT;30m;4.0;75;34;80;100.0;2;138.54;['-batch-training', '-calc-rsi', '-verbose', '-prediction-mode=index', '-interval-list=30m', '-range-min-rsi=28', '-range-max-rsi=80', '-range-p-ema=50,250', '-target-margin-list=1.0,1.5,2.0,2.5,3.0,3.5,4.0,4.5,5.0', '-log-level=WARNING']
2023-11-26 20:25:56;UNIUSDT;30m;2.5;225;34;78;100.0;3;138.57;['-batch-training', '-calc-rsi', '-verbose', '-prediction-mode=index', '-interval-list=30m', '-range-min-rsi=28', '-range-max-rsi=80', '-range-p-ema=50,250', '-target-margin-list=1.0,1.5,2.0,2.5,3.0,3.5,4.0,4.5,5.0', '-log-level=WARNING']
2023-11-26 20:42:01;UNIUSDT;30m;3.5;250;34;76;100.0;3;138.7;['-batch-training', '-calc-rsi', '-verbose', '-prediction-mode=index', '-interval-list=30m', '-range-min-rsi=28', '-range-max-rsi=80', '-range-p-ema=50,250', '-target-margin-list=1.0,1.5,2.0,2.5,3.0,3.5,4.0,4.5,5.0', '-log-level=WARNING']
2023-11-26 21:09:38;UNIUSDT;30m;3.0;75;36;72;100.0;3;138.72;['-batch-training', '-calc-rsi', '-verbose', '-prediction-mode=index', '-interval-list=30m', '-range-min-rsi=28', '-range-max-rsi=80', '-range-p-ema=50,250', '-target-margin-list=1.0,1.5,2.0,2.5,3.0,3.5,4.0,4.5,5.0', '-log-level=WARNING']
2023-11-26 19:41:35;UNIUSDT;30m;3.0;125;36;72;100.0;3;138.72;['-batch-training', '-calc-rsi', '-verbose', '-prediction-mode=index', '-interval-list=30m', '-range-min-rsi=28', '-range-max-rsi=80', '-range-p-ema=50,250', '-target-margin-list=1.0,1.5,2.0,2.5,3.0,3.5,4.0,4.5,5.0', '-log-level=WARNING']
2023-11-26 19:30:06;UNIUSDT;30m;3.0;100;36;72;100.0;3;138.72;['-batch-training', '-calc-rsi', '-verbose', '-prediction-mode=index', '-interval-list=30m', '-range-min-rsi=28', '-range-max-rsi=80', '-range-p-ema=50,250', '-target-margin-list=1.0,1.5,2.0,2.5,3.0,3.5,4.0,4.5,5.0', '-log-level=WARNING']
2023-11-26 20:54:10;UNIUSDT;30m;3.0;50;36;72;100.0;3;138.72;['-batch-training', '-calc-rsi', '-verbose', '-prediction-mode=index', '-interval-list=30m', '-range-min-rsi=28', '-range-max-rsi=80', '-range-p-ema=50,250', '-target-margin-list=1.0,1.5,2.0,2.5,3.0,3.5,4.0,4.5,5.0', '-log-level=WARNING']
2023-11-26 20:41:43;UNIUSDT;30m;3.5;250;34;74;100.0;2;138.93;['-batch-training', '-calc-rsi', '-verbose', '-prediction-mode=index', '-interval-list=30m', '-range-min-rsi=28', '-range-max-rsi=80', '-range-p-ema=50,250', '-target-margin-list=1.0,1.5,2.0,2.5,3.0,3.5,4.0,4.5,5.0', '-log-level=WARNING']
2023-11-26 20:27:06;UNIUSDT;30m;3.0;225;34;76;100.0;6;138.99;['-batch-training', '-calc-rsi', '-verbose', '-prediction-mode=index', '-interval-list=30m', '-range-min-rsi=28', '-range-max-rsi=80', '-range-p-ema=50,250', '-target-margin-list=1.0,1.5,2.0,2.5,3.0,3.5,4.0,4.5,5.0', '-log-level=WARNING']
2023-11-26 20:27:24;UNIUSDT;30m;3.0;225;34;78;100.0;7;138.99;['-batch-training', '-calc-rsi', '-verbose', '-prediction-mode=index', '-interval-list=30m', '-range-min-rsi=28', '-range-max-rsi=80', '-range-p-ema=50,250', '-target-margin-list=1.0,1.5,2.0,2.5,3.0,3.5,4.0,4.5,5.0', '-log-level=WARNING']
2023-11-26 20:27:06;UNIUSDT;30m;3.0;225;34;76;100.0;7;138.99;['-batch-training', '-calc-rsi', '-verbose', '-prediction-mode=index', '-interval-list=30m', '-range-min-rsi=28', '-range-max-rsi=80', '-range-p-ema=50,250', '-target-margin-list=1.0,1.5,2.0,2.5,3.0,3.5,4.0,4.5,5.0', '-log-level=WARNING']
2023-11-26 20:26:48;UNIUSDT;30m;3.0;225;34;74;100.0;6;138.99;['-batch-training', '-calc-rsi', '-verbose', '-prediction-mode=index', '-interval-list=30m', '-range-min-rsi=28', '-range-max-rsi=80', '-range-p-ema=50,250', '-target-margin-list=1.0,1.5,2.0,2.5,3.0,3.5,4.0,4.5,5.0', '-log-level=WARNING']
2023-11-26 20:27:24;UNIUSDT;30m;3.0;225;34;78;100.0;6;138.99;['-batch-training', '-calc-rsi', '-verbose', '-prediction-mode=index', '-interval-list=30m', '-range-min-rsi=28', '-range-max-rsi=80', '-range-p-ema=50,250', '-target-margin-list=1.0,1.5,2.0,2.5,3.0,3.5,4.0,4.5,5.0', '-log-level=WARNING']
2023-11-26 20:26:48;UNIUSDT;30m;3.0;225;34;74;100.0;7;138.99;['-batch-training', '-calc-rsi', '-verbose', '-prediction-mode=index', '-interval-list=30m', '-range-min-rsi=28', '-range-max-rsi=80', '-range-p-ema=50,250', '-target-margin-list=1.0,1.5,2.0,2.5,3.0,3.5,4.0,4.5,5.0', '-log-level=WARNING']
2023-11-26 20:39:15;UNIUSDT;30m;2.5;250;34;78;100.0;3;139.03;['-batch-training', '-calc-rsi', '-verbose', '-prediction-mode=index', '-interval-list=30m', '-range-min-rsi=28', '-range-max-rsi=80', '-range-p-ema=50,250', '-target-margin-list=1.0,1.5,2.0,2.5,3.0,3.5,4.0,4.5,5.0', '-log-level=WARNING']
2023-11-26 19:53:56;UNIUSDT;30m;3.0;150;36;80;100.0;6;139.04;['-batch-training', '-calc-rsi', '-verbose', '-prediction-mode=index', '-interval-list=30m', '-range-min-rsi=28', '-range-max-rsi=80', '-range-p-ema=50,250', '-target-margin-list=1.0,1.5,2.0,2.5,3.0,3.5,4.0,4.5,5.0', '-log-level=WARNING']
2023-11-26 19:53:56;UNIUSDT;30m;3.0;150;36;80;100.0;7;139.04;['-batch-training', '-calc-rsi', '-verbose', '-prediction-mode=index', '-interval-list=30m', '-range-min-rsi=28', '-range-max-rsi=80', '-range-p-ema=50,250', '-target-margin-list=1.0,1.5,2.0,2.5,3.0,3.5,4.0,4.5,5.0', '-log-level=WARNING']
2023-11-26 20:13:51;UNIUSDT;30m;3.0;200;34;72;100.0;3;139.11;['-batch-training', '-calc-rsi', '-verbose', '-prediction-mode=index', '-interval-list=30m', '-range-min-rsi=28', '-range-max-rsi=80', '-range-p-ema=50,250', '-target-margin-list=1.0,1.5,2.0,2.5,3.0,3.5,4.0,4.5,5.0', '-log-level=WARNING']
2023-11-26 20:03:10;UNIUSDT;30m;3.0;175;34;72;100.0;3;139.11;['-batch-training', '-calc-rsi', '-verbose', '-prediction-mode=index', '-interval-list=30m', '-range-min-rsi=28', '-range-max-rsi=80', '-range-p-ema=50,250', '-target-margin-list=1.0,1.5,2.0,2.5,3.0,3.5,4.0,4.5,5.0', '-log-level=WARNING']
2023-11-26 19:45:49;UNIUSDT;30m;4.5;125;34;76;100.0;2;139.16;['-batch-training', '-calc-rsi', '-verbose', '-prediction-mode=index', '-interval-list=30m', '-range-min-rsi=28', '-range-max-rsi=80', '-range-p-ema=50,250', '-target-margin-list=1.0,1.5,2.0,2.5,3.0,3.5,4.0,4.5,5.0', '-log-level=WARNING']
2023-11-26 20:59:42;UNIUSDT;30m;4.5;50;34;76;100.0;2;139.16;['-batch-training', '-calc-rsi', '-verbose', '-prediction-mode=index', '-interval-list=30m', '-range-min-rsi=28', '-range-max-rsi=80', '-range-p-ema=50,250', '-target-margin-list=1.0,1.5,2.0,2.5,3.0,3.5,4.0,4.5,5.0', '-log-level=WARNING']
2023-11-26 21:15:15;UNIUSDT;30m;4.5;75;34;76;100.0;2;139.16;['-batch-training', '-calc-rsi', '-verbose', '-prediction-mode=index', '-interval-list=30m', '-range-min-rsi=28', '-range-max-rsi=80', '-range-p-ema=50,250', '-target-margin-list=1.0,1.5,2.0,2.5,3.0,3.5,4.0,4.5,5.0', '-log-level=WARNING']
2023-11-26 21:14:58;UNIUSDT;30m;4.5;75;34;74;100.0;2;139.16;['-batch-training', '-calc-rsi', '-verbose', '-prediction-mode=index', '-interval-list=30m', '-range-min-rsi=28', '-range-max-rsi=80', '-range-p-ema=50,250', '-target-margin-list=1.0,1.5,2.0,2.5,3.0,3.5,4.0,4.5,5.0', '-log-level=WARNING']
2023-11-26 19:45:34;UNIUSDT;30m;4.5;125;34;74;100.0;2;139.16;['-batch-training', '-calc-rsi', '-verbose', '-prediction-mode=index', '-interval-list=30m', '-range-min-rsi=28', '-range-max-rsi=80', '-range-p-ema=50,250', '-target-margin-list=1.0,1.5,2.0,2.5,3.0,3.5,4.0,4.5,5.0', '-log-level=WARNING']
2023-11-26 19:34:15;UNIUSDT;30m;4.5;100;34;76;100.0;2;139.16;['-batch-training', '-calc-rsi', '-verbose', '-prediction-mode=index', '-interval-list=30m', '-range-min-rsi=28', '-range-max-rsi=80', '-range-p-ema=50,250', '-target-margin-list=1.0,1.5,2.0,2.5,3.0,3.5,4.0,4.5,5.0', '-log-level=WARNING']
2023-11-26 19:34:00;UNIUSDT;30m;4.5;100;34;74;100.0;2;139.16;['-batch-training', '-calc-rsi', '-verbose', '-prediction-mode=index', '-interval-list=30m', '-range-min-rsi=28', '-range-max-rsi=80', '-range-p-ema=50,250', '-target-margin-list=1.0,1.5,2.0,2.5,3.0,3.5,4.0,4.5,5.0', '-log-level=WARNING']
2023-11-26 20:59:23;UNIUSDT;30m;4.5;50;34;74;100.0;2;139.16;['-batch-training', '-calc-rsi', '-verbose', '-prediction-mode=index', '-interval-list=30m', '-range-min-rsi=28', '-range-max-rsi=80', '-range-p-ema=50,250', '-target-margin-list=1.0,1.5,2.0,2.5,3.0,3.5,4.0,4.5,5.0', '-log-level=WARNING']
2023-11-26 20:41:02;UNIUSDT;30m;3.0;250;32;80;100.0;6;139.2;['-batch-training', '-calc-rsi', '-verbose', '-prediction-mode=index', '-interval-list=30m', '-range-min-rsi=28', '-range-max-rsi=80', '-range-p-ema=50,250', '-target-margin-list=1.0,1.5,2.0,2.5,3.0,3.5,4.0,4.5,5.0', '-log-level=WARNING']
2023-11-26 20:27:37;UNIUSDT;30m;3.0;225;32;80;100.0;7;139.2;['-batch-training', '-calc-rsi', '-verbose', '-prediction-mode=index', '-interval-list=30m', '-range-min-rsi=28', '-range-max-rsi=80', '-range-p-ema=50,250', '-target-margin-list=1.0,1.5,2.0,2.5,3.0,3.5,4.0,4.5,5.0', '-log-level=WARNING']
2023-11-26 20:27:37;UNIUSDT;30m;3.0;225;32;80;100.0;6;139.2;['-batch-training', '-calc-rsi', '-verbose', '-prediction-mode=index', '-interval-list=30m', '-range-min-rsi=28', '-range-max-rsi=80', '-range-p-ema=50,250', '-target-margin-list=1.0,1.5,2.0,2.5,3.0,3.5,4.0,4.5,5.0', '-log-level=WARNING']
2023-11-26 19:53:51;UNIUSDT;30m;3.0;150;32;80;100.0;7;139.2;['-batch-training', '-calc-rsi', '-verbose', '-prediction-mode=index', '-interval-list=30m', '-range-min-rsi=28', '-range-max-rsi=80', '-range-p-ema=50,250', '-target-margin-list=1.0,1.5,2.0,2.5,3.0,3.5,4.0,4.5,5.0', '-log-level=WARNING']
2023-11-26 19:53:51;UNIUSDT;30m;3.0;150;32;80;100.0;6;139.2;['-batch-training', '-calc-rsi', '-verbose', '-prediction-mode=index', '-interval-list=30m', '-range-min-rsi=28', '-range-max-rsi=80', '-range-p-ema=50,250', '-target-margin-list=1.0,1.5,2.0,2.5,3.0,3.5,4.0,4.5,5.0', '-log-level=WARNING']
2023-11-26 20:41:03;UNIUSDT;30m;3.0;250;32;80;100.0;7;139.2;['-batch-training', '-calc-rsi', '-verbose', '-prediction-mode=index', '-interval-list=30m', '-range-min-rsi=28', '-range-max-rsi=80', '-range-p-ema=50,250', '-target-margin-list=1.0,1.5,2.0,2.5,3.0,3.5,4.0,4.5,5.0', '-log-level=WARNING']
2023-11-26 20:04:01;UNIUSDT;30m;3.0;175;32;80;100.0;6;139.2;['-batch-training', '-calc-rsi', '-verbose', '-prediction-mode=index', '-interval-list=30m', '-range-min-rsi=28', '-range-max-rsi=80', '-range-p-ema=50,250', '-target-margin-list=1.0,1.5,2.0,2.5,3.0,3.5,4.0,4.5,5.0', '-log-level=WARNING']
2023-11-26 20:04:01;UNIUSDT;30m;3.0;175;32;80;100.0;7;139.2;['-batch-training', '-calc-rsi', '-verbose', '-prediction-mode=index', '-interval-list=30m', '-range-min-rsi=28', '-range-max-rsi=80', '-range-p-ema=50,250', '-target-margin-list=1.0,1.5,2.0,2.5,3.0,3.5,4.0,4.5,5.0', '-log-level=WARNING']
2023-11-26 20:14:53;UNIUSDT;30m;3.0;200;32;80;100.0;6;139.2;['-batch-training', '-calc-rsi', '-verbose', '-prediction-mode=index', '-interval-list=30m', '-range-min-rsi=28', '-range-max-rsi=80', '-range-p-ema=50,250', '-target-margin-list=1.0,1.5,2.0,2.5,3.0,3.5,4.0,4.5,5.0', '-log-level=WARNING']
2023-11-26 20:14:53;UNIUSDT;30m;3.0;200;32;80;100.0;7;139.2;['-batch-training', '-calc-rsi', '-verbose', '-prediction-mode=index', '-interval-list=30m', '-range-min-rsi=28', '-range-max-rsi=80', '-range-p-ema=50,250', '-target-margin-list=1.0,1.5,2.0,2.5,3.0,3.5,4.0,4.5,5.0', '-log-level=WARNING']
2023-11-26 20:29:06;UNIUSDT;30m;3.5;225;32;80;100.0;6;139.21;['-batch-training', '-calc-rsi', '-verbose', '-prediction-mode=index', '-interval-list=30m', '-range-min-rsi=28', '-range-max-rsi=80', '-range-p-ema=50,250', '-target-margin-list=1.0,1.5,2.0,2.5,3.0,3.5,4.0,4.5,5.0', '-log-level=WARNING']
2023-11-26 20:05:07;UNIUSDT;30m;3.5;175;32;80;100.0;5;139.21;['-batch-training', '-calc-rsi', '-verbose', '-prediction-mode=index', '-interval-list=30m', '-range-min-rsi=28', '-range-max-rsi=80', '-range-p-ema=50,250', '-target-margin-list=1.0,1.5,2.0,2.5,3.0,3.5,4.0,4.5,5.0', '-log-level=WARNING']
2023-11-26 19:54:59;UNIUSDT;30m;3.5;150;32;80;100.0;6;139.21;['-batch-training', '-calc-rsi', '-verbose', '-prediction-mode=index', '-interval-list=30m', '-range-min-rsi=28', '-range-max-rsi=80', '-range-p-ema=50,250', '-target-margin-list=1.0,1.5,2.0,2.5,3.0,3.5,4.0,4.5,5.0', '-log-level=WARNING']
2023-11-26 19:54:59;UNIUSDT;30m;3.5;150;32;80;100.0;7;139.21;['-batch-training', '-calc-rsi', '-verbose', '-prediction-mode=index', '-interval-list=30m', '-range-min-rsi=28', '-range-max-rsi=80', '-range-p-ema=50,250', '-target-margin-list=1.0,1.5,2.0,2.5,3.0,3.5,4.0,4.5,5.0', '-log-level=WARNING']
2023-11-26 19:54:59;UNIUSDT;30m;3.5;150;32;80;100.0;5;139.21;['-batch-training', '-calc-rsi', '-verbose', '-prediction-mode=index', '-interval-list=30m', '-range-min-rsi=28', '-range-max-rsi=80', '-range-p-ema=50,250', '-target-margin-list=1.0,1.5,2.0,2.5,3.0,3.5,4.0,4.5,5.0', '-log-level=WARNING']
2023-11-26 20:42:34;UNIUSDT;30m;3.5;250;32;80;100.0;5;139.21;['-batch-training', '-calc-rsi', '-verbose', '-prediction-mode=index', '-interval-list=30m', '-range-min-rsi=28', '-range-max-rsi=80', '-range-p-ema=50,250', '-target-margin-list=1.0,1.5,2.0,2.5,3.0,3.5,4.0,4.5,5.0', '-log-level=WARNING']
2023-11-26 20:16:14;UNIUSDT;30m;3.5;200;32;80;100.0;7;139.21;['-batch-training', '-calc-rsi', '-verbose', '-prediction-mode=index', '-interval-list=30m', '-range-min-rsi=28', '-range-max-rsi=80', '-range-p-ema=50,250', '-target-margin-list=1.0,1.5,2.0,2.5,3.0,3.5,4.0,4.5,5.0', '-log-level=WARNING']
2023-11-26 20:29:06;UNIUSDT;30m;3.5;225;32;80;100.0;7;139.21;['-batch-training', '-calc-rsi', '-verbose', '-prediction-mode=index', '-interval-list=30m', '-range-min-rsi=28', '-range-max-rsi=80', '-range-p-ema=50,250', '-target-margin-list=1.0,1.5,2.0,2.5,3.0,3.5,4.0,4.5,5.0', '-log-level=WARNING']
2023-11-26 20:16:14;UNIUSDT;30m;3.5;200;32;80;100.0;5;139.21;['-batch-training', '-calc-rsi', '-verbose', '-prediction-mode=index', '-interval-list=30m', '-range-min-rsi=28', '-range-max-rsi=80', '-range-p-ema=50,250', '-target-margin-list=1.0,1.5,2.0,2.5,3.0,3.5,4.0,4.5,5.0', '-log-level=WARNING']
2023-11-26 20:42:35;UNIUSDT;30m;3.5;250;32;80;100.0;6;139.21;['-batch-training', '-calc-rsi', '-verbose', '-prediction-mode=index', '-interval-list=30m', '-range-min-rsi=28', '-range-max-rsi=80', '-range-p-ema=50,250', '-target-margin-list=1.0,1.5,2.0,2.5,3.0,3.5,4.0,4.5,5.0', '-log-level=WARNING']
2023-11-26 20:05:07;UNIUSDT;30m;3.5;175;32;80;100.0;7;139.21;['-batch-training', '-calc-rsi', '-verbose', '-prediction-mode=index', '-interval-list=30m', '-range-min-rsi=28', '-range-max-rsi=80', '-range-p-ema=50,250', '-target-margin-list=1.0,1.5,2.0,2.5,3.0,3.5,4.0,4.5,5.0', '-log-level=WARNING']
2023-11-26 20:05:07;UNIUSDT;30m;3.5;175;32;80;100.0;6;139.21;['-batch-training', '-calc-rsi', '-verbose', '-prediction-mode=index', '-interval-list=30m', '-range-min-rsi=28', '-range-max-rsi=80', '-range-p-ema=50,250', '-target-margin-list=1.0,1.5,2.0,2.5,3.0,3.5,4.0,4.5,5.0', '-log-level=WARNING']
2023-11-26 20:29:06;UNIUSDT;30m;3.5;225;32;80;100.0;5;139.21;['-batch-training', '-calc-rsi', '-verbose', '-prediction-mode=index', '-interval-list=30m', '-range-min-rsi=28', '-range-max-rsi=80', '-range-p-ema=50,250', '-target-margin-list=1.0,1.5,2.0,2.5,3.0,3.5,4.0,4.5,5.0', '-log-level=WARNING']
2023-11-26 20:16:14;UNIUSDT;30m;3.5;200;32;80;100.0;6;139.21;['-batch-training', '-calc-rsi', '-verbose', '-prediction-mode=index', '-interval-list=30m', '-range-min-rsi=28', '-range-max-rsi=80', '-range-p-ema=50,250', '-target-margin-list=1.0,1.5,2.0,2.5,3.0,3.5,4.0,4.5,5.0', '-log-level=WARNING']
2023-11-26 20:42:34;UNIUSDT;30m;3.5;250;32;80;100.0;7;139.21;['-batch-training', '-calc-rsi', '-verbose', '-prediction-mode=index', '-interval-list=30m', '-range-min-rsi=28', '-range-max-rsi=80', '-range-p-ema=50,250', '-target-margin-list=1.0,1.5,2.0,2.5,3.0,3.5,4.0,4.5,5.0', '-log-level=WARNING']
2023-11-26 20:28:33;UNIUSDT;30m;3.5;225;34;76;100.0;3;139.23;['-batch-training', '-calc-rsi', '-verbose', '-prediction-mode=index', '-interval-list=30m', '-range-min-rsi=28', '-range-max-rsi=80', '-range-p-ema=50,250', '-target-margin-list=1.0,1.5,2.0,2.5,3.0,3.5,4.0,4.5,5.0', '-log-level=WARNING']
2023-11-26 20:14:11;UNIUSDT;30m;3.0;200;36;74;100.0;3;139.24;['-batch-training', '-calc-rsi', '-verbose', '-prediction-mode=index', '-interval-list=30m', '-range-min-rsi=28', '-range-max-rsi=80', '-range-p-ema=50,250', '-target-margin-list=1.0,1.5,2.0,2.5,3.0,3.5,4.0,4.5,5.0', '-log-level=WARNING']
2023-11-26 20:03:27;UNIUSDT;30m;3.0;175;36;74;100.0;3;139.24;['-batch-training', '-calc-rsi', '-verbose', '-prediction-mode=index', '-interval-list=30m', '-range-min-rsi=28', '-range-max-rsi=80', '-range-p-ema=50,250', '-target-margin-list=1.0,1.5,2.0,2.5,3.0,3.5,4.0,4.5,5.0', '-log-level=WARNING']
2023-11-26 19:53:24;UNIUSDT;30m;3.0;150;32;76;100.0;2;139.28;['-batch-training', '-calc-rsi', '-verbose', '-prediction-mode=index', '-interval-list=30m', '-range-min-rsi=28', '-range-max-rsi=80', '-range-p-ema=50,250', '-target-margin-list=1.0,1.5,2.0,2.5,3.0,3.5,4.0,4.5,5.0', '-log-level=WARNING']
2023-11-26 20:03:34;UNIUSDT;30m;3.0;175;32;76;100.0;2;139.28;['-batch-training', '-calc-rsi', '-verbose', '-prediction-mode=index', '-interval-list=30m', '-range-min-rsi=28', '-range-max-rsi=80', '-range-p-ema=50,250', '-target-margin-list=1.0,1.5,2.0,2.5,3.0,3.5,4.0,4.5,5.0', '-log-level=WARNING']
2023-11-26 20:14:20;UNIUSDT;30m;3.0;200;32;76;100.0;2;139.28;['-batch-training', '-calc-rsi', '-verbose', '-prediction-mode=index', '-interval-list=30m', '-range-min-rsi=28', '-range-max-rsi=80', '-range-p-ema=50,250', '-target-margin-list=1.0,1.5,2.0,2.5,3.0,3.5,4.0,4.5,5.0', '-log-level=WARNING']
2023-11-26 20:27:02;UNIUSDT;30m;3.0;225;32;76;100.0;2;139.28;['-batch-training', '-calc-rsi', '-verbose', '-prediction-mode=index', '-interval-list=30m', '-range-min-rsi=28', '-range-max-rsi=80', '-range-p-ema=50,250', '-target-margin-list=1.0,1.5,2.0,2.5,3.0,3.5,4.0,4.5,5.0', '-log-level=WARNING']
2023-11-26 20:40:10;UNIUSDT;30m;3.0;250;34;74;100.0;4;139.32;['-batch-training', '-calc-rsi', '-verbose', '-prediction-mode=index', '-interval-list=30m', '-range-min-rsi=28', '-range-max-rsi=80', '-range-p-ema=50,250', '-target-margin-list=1.0,1.5,2.0,2.5,3.0,3.5,4.0,4.5,5.0', '-log-level=WARNING']
2023-11-26 20:38:42;UNIUSDT;30m;2.5;250;36;74;100.0;3;139.34;['-batch-training', '-calc-rsi', '-verbose', '-prediction-mode=index', '-interval-list=30m', '-range-min-rsi=28', '-range-max-rsi=80', '-range-p-ema=50,250', '-target-margin-list=1.0,1.5,2.0,2.5,3.0,3.5,4.0,4.5,5.0', '-log-level=WARNING']
2023-11-26 20:19:50;UNIUSDT;30m;5.0;200;32;76;100.0;4;139.36;['-batch-training', '-calc-rsi', '-verbose', '-prediction-mode=index', '-interval-list=30m', '-range-min-rsi=28', '-range-max-rsi=80', '-range-p-ema=50,250', '-target-margin-list=1.0,1.5,2.0,2.5,3.0,3.5,4.0,4.5,5.0', '-log-level=WARNING']
2023-11-26 20:08:11;UNIUSDT;30m;5.0;175;32;78;100.0;6;139.36;['-batch-training', '-calc-rsi', '-verbose', '-prediction-mode=index', '-interval-list=30m', '-range-min-rsi=28', '-range-max-rsi=80', '-range-p-ema=50,250', '-target-margin-list=1.0,1.5,2.0,2.5,3.0,3.5,4.0,4.5,5.0', '-log-level=WARNING']
2023-11-26 20:46:18;UNIUSDT;30m;5.0;250;32;74;100.0;7;139.36;['-batch-training', '-calc-rsi', '-verbose', '-prediction-mode=index', '-interval-list=30m', '-range-min-rsi=28', '-range-max-rsi=80', '-range-p-ema=50,250', '-target-margin-list=1.0,1.5,2.0,2.5,3.0,3.5,4.0,4.5,5.0', '-log-level=WARNING']
2023-11-26 20:08:11;UNIUSDT;30m;5.0;175;32;78;100.0;7;139.36;['-batch-training', '-calc-rsi', '-verbose', '-prediction-mode=index', '-interval-list=30m', '-range-min-rsi=28', '-range-max-rsi=80', '-range-p-ema=50,250', '-target-margin-list=1.0,1.5,2.0,2.5,3.0,3.5,4.0,4.5,5.0', '-log-level=WARNING']
2023-11-26 20:46:18;UNIUSDT;30m;5.0;250;32;74;100.0;6;139.36;['-batch-training', '-calc-rsi', '-verbose', '-prediction-mode=index', '-interval-list=30m', '-range-min-rsi=28', '-range-max-rsi=80', '-range-p-ema=50,250', '-target-margin-list=1.0,1.5,2.0,2.5,3.0,3.5,4.0,4.5,5.0', '-log-level=WARNING']
2023-11-26 20:46:18;UNIUSDT;30m;5.0;250;32;74;100.0;5;139.36;['-batch-training', '-calc-rsi', '-verbose', '-prediction-mode=index', '-interval-list=30m', '-range-min-rsi=28', '-range-max-rsi=80', '-range-p-ema=50,250', '-target-margin-list=1.0,1.5,2.0,2.5,3.0,3.5,4.0,4.5,5.0', '-log-level=WARNING']
2023-11-26 20:46:18;UNIUSDT;30m;5.0;250;32;74;100.0;4;139.36;['-batch-training', '-calc-rsi', '-verbose', '-prediction-mode=index', '-interval-list=30m', '-range-min-rsi=28', '-range-max-rsi=80', '-range-p-ema=50,250', '-target-margin-list=1.0,1.5,2.0,2.5,3.0,3.5,4.0,4.5,5.0', '-log-level=WARNING']
2023-11-26 19:58:09;UNIUSDT;30m;5.0;150;32;78;100.0;5;139.36;['-batch-training', '-calc-rsi', '-verbose', '-prediction-mode=index', '-interval-list=30m', '-range-min-rsi=28', '-range-max-rsi=80', '-range-p-ema=50,250', '-target-margin-list=1.0,1.5,2.0,2.5,3.0,3.5,4.0,4.5,5.0', '-log-level=WARNING']
2023-11-26 20:19:50;UNIUSDT;30m;5.0;200;32;76;100.0;6;139.36;['-batch-training', '-calc-rsi', '-verbose', '-prediction-mode=index', '-interval-list=30m', '-range-min-rsi=28', '-range-max-rsi=80', '-range-p-ema=50,250', '-target-margin-list=1.0,1.5,2.0,2.5,3.0,3.5,4.0,4.5,5.0', '-log-level=WARNING']
2023-11-26 20:19:33;UNIUSDT;30m;5.0;200;32;74;100.0;7;139.36;['-batch-training', '-calc-rsi', '-verbose', '-prediction-mode=index', '-interval-list=30m', '-range-min-rsi=28', '-range-max-rsi=80', '-range-p-ema=50,250', '-target-margin-list=1.0,1.5,2.0,2.5,3.0,3.5,4.0,4.5,5.0', '-log-level=WARNING']
2023-11-26 19:58:09;UNIUSDT;30m;5.0;150;32;78;100.0;7;139.36;['-batch-training', '-calc-rsi', '-verbose', '-prediction-mode=index', '-interval-list=30m', '-range-min-rsi=28', '-range-max-rsi=80', '-range-p-ema=50,250', '-target-margin-list=1.0,1.5,2.0,2.5,3.0,3.5,4.0,4.5,5.0', '-log-level=WARNING']
2023-11-26 20:08:24;UNIUSDT;30m;5.0;175;32;80;100.0;5;139.36;['-batch-training', '-calc-rsi', '-verbose', '-prediction-mode=index', '-interval-list=30m', '-range-min-rsi=28', '-range-max-rsi=80', '-range-p-ema=50,250', '-target-margin-list=1.0,1.5,2.0,2.5,3.0,3.5,4.0,4.5,5.0', '-log-level=WARNING']
2023-11-26 19:57:43;UNIUSDT;30m;5.0;150;32;74;100.0;5;139.36;['-batch-training', '-calc-rsi', '-verbose', '-prediction-mode=index', '-interval-list=30m', '-range-min-rsi=28', '-range-max-rsi=80', '-range-p-ema=50,250', '-target-margin-list=1.0,1.5,2.0,2.5,3.0,3.5,4.0,4.5,5.0', '-log-level=WARNING']
2023-11-26 19:57:43;UNIUSDT;30m;5.0;150;32;74;100.0;6;139.36;['-batch-training', '-calc-rsi', '-verbose', '-prediction-mode=index', '-interval-list=30m', '-range-min-rsi=28', '-range-max-rsi=80', '-range-p-ema=50,250', '-target-margin-list=1.0,1.5,2.0,2.5,3.0,3.5,4.0,4.5,5.0', '-log-level=WARNING']
2023-11-26 19:57:43;UNIUSDT;30m;5.0;150;32;74;100.0;4;139.36;['-batch-training', '-calc-rsi', '-verbose', '-prediction-mode=index', '-interval-list=30m', '-range-min-rsi=28', '-range-max-rsi=80', '-range-p-ema=50,250', '-target-margin-list=1.0,1.5,2.0,2.5,3.0,3.5,4.0,4.5,5.0', '-log-level=WARNING']
2023-11-26 19:57:43;UNIUSDT;30m;5.0;150;32;74;100.0;7;139.36;['-batch-training', '-calc-rsi', '-verbose', '-prediction-mode=index', '-interval-list=30m', '-range-min-rsi=28', '-range-max-rsi=80', '-range-p-ema=50,250', '-target-margin-list=1.0,1.5,2.0,2.5,3.0,3.5,4.0,4.5,5.0', '-log-level=WARNING']
2023-11-26 19:58:09;UNIUSDT;30m;5.0;150;32;78;100.0;6;139.36;['-batch-training', '-calc-rsi', '-verbose', '-prediction-mode=index', '-interval-list=30m', '-range-min-rsi=28', '-range-max-rsi=80', '-range-p-ema=50,250', '-target-margin-list=1.0,1.5,2.0,2.5,3.0,3.5,4.0,4.5,5.0', '-log-level=WARNING']
2023-11-26 19:58:09;UNIUSDT;30m;5.0;150;32;78;100.0;4;139.36;['-batch-training', '-calc-rsi', '-verbose', '-prediction-mode=index', '-interval-list=30m', '-range-min-rsi=28', '-range-max-rsi=80', '-range-p-ema=50,250', '-target-margin-list=1.0,1.5,2.0,2.5,3.0,3.5,4.0,4.5,5.0', '-log-level=WARNING']
2023-11-26 20:19:33;UNIUSDT;30m;5.0;200;32;74;100.0;6;139.36;['-batch-training', '-calc-rsi', '-verbose', '-prediction-mode=index', '-interval-list=30m', '-range-min-rsi=28', '-range-max-rsi=80', '-range-p-ema=50,250', '-target-margin-list=1.0,1.5,2.0,2.5,3.0,3.5,4.0,4.5,5.0', '-log-level=WARNING']
2023-11-26 20:46:37;UNIUSDT;30m;5.0;250;32;76;100.0;4;139.36;['-batch-training', '-calc-rsi', '-verbose', '-prediction-mode=index', '-interval-list=30m', '-range-min-rsi=28', '-range-max-rsi=80', '-range-p-ema=50,250', '-target-margin-list=1.0,1.5,2.0,2.5,3.0,3.5,4.0,4.5,5.0', '-log-level=WARNING']
2023-11-26 20:08:11;UNIUSDT;30m;5.0;175;32;78;100.0;4;139.36;['-batch-training', '-calc-rsi', '-verbose', '-prediction-mode=index', '-interval-list=30m', '-range-min-rsi=28', '-range-max-rsi=80', '-range-p-ema=50,250', '-target-margin-list=1.0,1.5,2.0,2.5,3.0,3.5,4.0,4.5,5.0', '-log-level=WARNING']
2023-11-26 20:08:24;UNIUSDT;30m;5.0;175;32;80;100.0;7;139.36;['-batch-training', '-calc-rsi', '-verbose', '-prediction-mode=index', '-interval-list=30m', '-range-min-rsi=28', '-range-max-rsi=80', '-range-p-ema=50,250', '-target-margin-list=1.0,1.5,2.0,2.5,3.0,3.5,4.0,4.5,5.0', '-log-level=WARNING']
2023-11-26 20:46:37;UNIUSDT;30m;5.0;250;32;76;100.0;7;139.36;['-batch-training', '-calc-rsi', '-verbose', '-prediction-mode=index', '-interval-list=30m', '-range-min-rsi=28', '-range-max-rsi=80', '-range-p-ema=50,250', '-target-margin-list=1.0,1.5,2.0,2.5,3.0,3.5,4.0,4.5,5.0', '-log-level=WARNING']
2023-11-26 20:46:37;UNIUSDT;30m;5.0;250;32;76;100.0;5;139.36;['-batch-training', '-calc-rsi', '-verbose', '-prediction-mode=index', '-interval-list=30m', '-range-min-rsi=28', '-range-max-rsi=80', '-range-p-ema=50,250', '-target-margin-list=1.0,1.5,2.0,2.5,3.0,3.5,4.0,4.5,5.0', '-log-level=WARNING']
2023-11-26 20:07:58;UNIUSDT;30m;5.0;175;32;76;100.0;6;139.36;['-batch-training', '-calc-rsi', '-verbose', '-prediction-mode=index', '-interval-list=30m', '-range-min-rsi=28', '-range-max-rsi=80', '-range-p-ema=50,250', '-target-margin-list=1.0,1.5,2.0,2.5,3.0,3.5,4.0,4.5,5.0', '-log-level=WARNING']
2023-11-26 20:46:55;UNIUSDT;30m;5.0;250;32;78;100.0;4;139.36;['-batch-training', '-calc-rsi', '-verbose', '-prediction-mode=index', '-interval-list=30m', '-range-min-rsi=28', '-range-max-rsi=80', '-range-p-ema=50,250', '-target-margin-list=1.0,1.5,2.0,2.5,3.0,3.5,4.0,4.5,5.0', '-log-level=WARNING']
2023-11-26 20:07:58;UNIUSDT;30m;5.0;175;32;76;100.0;5;139.36;['-batch-training', '-calc-rsi', '-verbose', '-prediction-mode=index', '-interval-list=30m', '-range-min-rsi=28', '-range-max-rsi=80', '-range-p-ema=50,250', '-target-margin-list=1.0,1.5,2.0,2.5,3.0,3.5,4.0,4.5,5.0', '-log-level=WARNING']
2023-11-26 20:07:58;UNIUSDT;30m;5.0;175;32;76;100.0;7;139.36;['-batch-training', '-calc-rsi', '-verbose', '-prediction-mode=index', '-interval-list=30m', '-range-min-rsi=28', '-range-max-rsi=80', '-range-p-ema=50,250', '-target-margin-list=1.0,1.5,2.0,2.5,3.0,3.5,4.0,4.5,5.0', '-log-level=WARNING']
2023-11-26 20:46:37;UNIUSDT;30m;5.0;250;32;76;100.0;6;139.36;['-batch-training', '-calc-rsi', '-verbose', '-prediction-mode=index', '-interval-list=30m', '-range-min-rsi=28', '-range-max-rsi=80', '-range-p-ema=50,250', '-target-margin-list=1.0,1.5,2.0,2.5,3.0,3.5,4.0,4.5,5.0', '-log-level=WARNING']
2023-11-26 20:46:55;UNIUSDT;30m;5.0;250;32;78;100.0;5;139.36;['-batch-training', '-calc-rsi', '-verbose', '-prediction-mode=index', '-interval-list=30m', '-range-min-rsi=28', '-range-max-rsi=80', '-range-p-ema=50,250', '-target-margin-list=1.0,1.5,2.0,2.5,3.0,3.5,4.0,4.5,5.0', '-log-level=WARNING']
2023-11-26 20:07:45;UNIUSDT;30m;5.0;175;32;74;100.0;7;139.36;['-batch-training', '-calc-rsi', '-verbose', '-prediction-mode=index', '-interval-list=30m', '-range-min-rsi=28', '-range-max-rsi=80', '-range-p-ema=50,250', '-target-margin-list=1.0,1.5,2.0,2.5,3.0,3.5,4.0,4.5,5.0', '-log-level=WARNING']
2023-11-26 20:07:45;UNIUSDT;30m;5.0;175;32;74;100.0;6;139.36;['-batch-training', '-calc-rsi', '-verbose', '-prediction-mode=index', '-interval-list=30m', '-range-min-rsi=28', '-range-max-rsi=80', '-range-p-ema=50,250', '-target-margin-list=1.0,1.5,2.0,2.5,3.0,3.5,4.0,4.5,5.0', '-log-level=WARNING']
2023-11-26 20:08:11;UNIUSDT;30m;5.0;175;32;78;100.0;5;139.36;['-batch-training', '-calc-rsi', '-verbose', '-prediction-mode=index', '-interval-list=30m', '-range-min-rsi=28', '-range-max-rsi=80', '-range-p-ema=50,250', '-target-margin-list=1.0,1.5,2.0,2.5,3.0,3.5,4.0,4.5,5.0', '-log-level=WARNING']
2023-11-26 20:07:45;UNIUSDT;30m;5.0;175;32;74;100.0;5;139.36;['-batch-training', '-calc-rsi', '-verbose', '-prediction-mode=index', '-interval-list=30m', '-range-min-rsi=28', '-range-max-rsi=80', '-range-p-ema=50,250', '-target-margin-list=1.0,1.5,2.0,2.5,3.0,3.5,4.0,4.5,5.0', '-log-level=WARNING']
2023-11-26 20:46:55;UNIUSDT;30m;5.0;250;32;78;100.0;6;139.36;['-batch-training', '-calc-rsi', '-verbose', '-prediction-mode=index', '-interval-list=30m', '-range-min-rsi=28', '-range-max-rsi=80', '-range-p-ema=50,250', '-target-margin-list=1.0,1.5,2.0,2.5,3.0,3.5,4.0,4.5,5.0', '-log-level=WARNING']
2023-11-26 20:19:33;UNIUSDT;30m;5.0;200;32;74;100.0;4;139.36;['-batch-training', '-calc-rsi', '-verbose', '-prediction-mode=index', '-interval-list=30m', '-range-min-rsi=28', '-range-max-rsi=80', '-range-p-ema=50,250', '-target-margin-list=1.0,1.5,2.0,2.5,3.0,3.5,4.0,4.5,5.0', '-log-level=WARNING']
2023-11-26 20:46:55;UNIUSDT;30m;5.0;250;32;78;100.0;7;139.36;['-batch-training', '-calc-rsi', '-verbose', '-prediction-mode=index', '-interval-list=30m', '-range-min-rsi=28', '-range-max-rsi=80', '-range-p-ema=50,250', '-target-margin-list=1.0,1.5,2.0,2.5,3.0,3.5,4.0,4.5,5.0', '-log-level=WARNING']
2023-11-26 20:08:24;UNIUSDT;30m;5.0;175;32;80;100.0;6;139.36;['-batch-training', '-calc-rsi', '-verbose', '-prediction-mode=index', '-interval-list=30m', '-range-min-rsi=28', '-range-max-rsi=80', '-range-p-ema=50,250', '-target-margin-list=1.0,1.5,2.0,2.5,3.0,3.5,4.0,4.5,5.0', '-log-level=WARNING']
2023-11-26 20:07:45;UNIUSDT;30m;5.0;175;32;74;100.0;4;139.36;['-batch-training', '-calc-rsi', '-verbose', '-prediction-mode=index', '-interval-list=30m', '-range-min-rsi=28', '-range-max-rsi=80', '-range-p-ema=50,250', '-target-margin-list=1.0,1.5,2.0,2.5,3.0,3.5,4.0,4.5,5.0', '-log-level=WARNING']
2023-11-26 19:58:22;UNIUSDT;30m;5.0;150;32;80;100.0;5;139.36;['-batch-training', '-calc-rsi', '-verbose', '-prediction-mode=index', '-interval-list=30m', '-range-min-rsi=28', '-range-max-rsi=80', '-range-p-ema=50,250', '-target-margin-list=1.0,1.5,2.0,2.5,3.0,3.5,4.0,4.5,5.0', '-log-level=WARNING']
2023-11-26 20:19:33;UNIUSDT;30m;5.0;200;32;74;100.0;5;139.36;['-batch-training', '-calc-rsi', '-verbose', '-prediction-mode=index', '-interval-list=30m', '-range-min-rsi=28', '-range-max-rsi=80', '-range-p-ema=50,250', '-target-margin-list=1.0,1.5,2.0,2.5,3.0,3.5,4.0,4.5,5.0', '-log-level=WARNING']
2023-11-26 19:58:22;UNIUSDT;30m;5.0;150;32;80;100.0;7;139.36;['-batch-training', '-calc-rsi', '-verbose', '-prediction-mode=index', '-interval-list=30m', '-range-min-rsi=28', '-range-max-rsi=80', '-range-p-ema=50,250', '-target-margin-list=1.0,1.5,2.0,2.5,3.0,3.5,4.0,4.5,5.0', '-log-level=WARNING']
2023-11-26 19:58:22;UNIUSDT;30m;5.0;150;32;80;100.0;6;139.36;['-batch-training', '-calc-rsi', '-verbose', '-prediction-mode=index', '-interval-list=30m', '-range-min-rsi=28', '-range-max-rsi=80', '-range-p-ema=50,250', '-target-margin-list=1.0,1.5,2.0,2.5,3.0,3.5,4.0,4.5,5.0', '-log-level=WARNING']
2023-11-26 19:58:22;UNIUSDT;30m;5.0;150;32;80;100.0;4;139.36;['-batch-training', '-calc-rsi', '-verbose', '-prediction-mode=index', '-interval-list=30m', '-range-min-rsi=28', '-range-max-rsi=80', '-range-p-ema=50,250', '-target-margin-list=1.0,1.5,2.0,2.5,3.0,3.5,4.0,4.5,5.0', '-log-level=WARNING']
2023-11-26 20:08:24;UNIUSDT;30m;5.0;175;32;80;100.0;4;139.36;['-batch-training', '-calc-rsi', '-verbose', '-prediction-mode=index', '-interval-list=30m', '-range-min-rsi=28', '-range-max-rsi=80', '-range-p-ema=50,250', '-target-margin-list=1.0,1.5,2.0,2.5,3.0,3.5,4.0,4.5,5.0', '-log-level=WARNING']
2023-11-26 20:32:35;UNIUSDT;30m;5.0;225;32;74;100.0;5;139.36;['-batch-training', '-calc-rsi', '-verbose', '-prediction-mode=index', '-interval-list=30m', '-range-min-rsi=28', '-range-max-rsi=80', '-range-p-ema=50,250', '-target-margin-list=1.0,1.5,2.0,2.5,3.0,3.5,4.0,4.5,5.0', '-log-level=WARNING']
2023-11-26 20:32:35;UNIUSDT;30m;5.0;225;32;74;100.0;4;139.36;['-batch-training', '-calc-rsi', '-verbose', '-prediction-mode=index', '-interval-list=30m', '-range-min-rsi=28', '-range-max-rsi=80', '-range-p-ema=50,250', '-target-margin-list=1.0,1.5,2.0,2.5,3.0,3.5,4.0,4.5,5.0', '-log-level=WARNING']
2023-11-26 20:07:58;UNIUSDT;30m;5.0;175;32;76;100.0;4;139.36;['-batch-training', '-calc-rsi', '-verbose', '-prediction-mode=index', '-interval-list=30m', '-range-min-rsi=28', '-range-max-rsi=80', '-range-p-ema=50,250', '-target-margin-list=1.0,1.5,2.0,2.5,3.0,3.5,4.0,4.5,5.0', '-log-level=WARNING']
2023-11-26 20:47:14;UNIUSDT;30m;5.0;250;32;80;100.0;5;139.36;['-batch-training', '-calc-rsi', '-verbose', '-prediction-mode=index', '-interval-list=30m', '-range-min-rsi=28', '-range-max-rsi=80', '-range-p-ema=50,250', '-target-margin-list=1.0,1.5,2.0,2.5,3.0,3.5,4.0,4.5,5.0', '-log-level=WARNING']
2023-11-26 20:33:11;UNIUSDT;30m;5.0;225;32;78;100.0;7;139.36;['-batch-training', '-calc-rsi', '-verbose', '-prediction-mode=index', '-interval-list=30m', '-range-min-rsi=28', '-range-max-rsi=80', '-range-p-ema=50,250', '-target-margin-list=1.0,1.5,2.0,2.5,3.0,3.5,4.0,4.5,5.0', '-log-level=WARNING']
2023-11-26 20:33:11;UNIUSDT;30m;5.0;225;32;78;100.0;5;139.36;['-batch-training', '-calc-rsi', '-verbose', '-prediction-mode=index', '-interval-list=30m', '-range-min-rsi=28', '-range-max-rsi=80', '-range-p-ema=50,250', '-target-margin-list=1.0,1.5,2.0,2.5,3.0,3.5,4.0,4.5,5.0', '-log-level=WARNING']
2023-11-26 20:33:11;UNIUSDT;30m;5.0;225;32;78;100.0;6;139.36;['-batch-training', '-calc-rsi', '-verbose', '-prediction-mode=index', '-interval-list=30m', '-range-min-rsi=28', '-range-max-rsi=80', '-range-p-ema=50,250', '-target-margin-list=1.0,1.5,2.0,2.5,3.0,3.5,4.0,4.5,5.0', '-log-level=WARNING']
2023-11-26 20:33:11;UNIUSDT;30m;5.0;225;32;78;100.0;4;139.36;['-batch-training', '-calc-rsi', '-verbose', '-prediction-mode=index', '-interval-list=30m', '-range-min-rsi=28', '-range-max-rsi=80', '-range-p-ema=50,250', '-target-margin-list=1.0,1.5,2.0,2.5,3.0,3.5,4.0,4.5,5.0', '-log-level=WARNING']
2023-11-26 19:57:56;UNIUSDT;30m;5.0;150;32;76;100.0;4;139.36;['-batch-training', '-calc-rsi', '-verbose', '-prediction-mode=index', '-interval-list=30m', '-range-min-rsi=28', '-range-max-rsi=80', '-range-p-ema=50,250', '-target-margin-list=1.0,1.5,2.0,2.5,3.0,3.5,4.0,4.5,5.0', '-log-level=WARNING']
2023-11-26 20:47:14;UNIUSDT;30m;5.0;250;32;80;100.0;6;139.36;['-batch-training', '-calc-rsi', '-verbose', '-prediction-mode=index', '-interval-list=30m', '-range-min-rsi=28', '-range-max-rsi=80', '-range-p-ema=50,250', '-target-margin-list=1.0,1.5,2.0,2.5,3.0,3.5,4.0,4.5,5.0', '-log-level=WARNING']
2023-11-26 20:32:35;UNIUSDT;30m;5.0;225;32;74;100.0;6;139.36;['-batch-training', '-calc-rsi', '-verbose', '-prediction-mode=index', '-interval-list=30m', '-range-min-rsi=28', '-range-max-rsi=80', '-range-p-ema=50,250', '-target-margin-list=1.0,1.5,2.0,2.5,3.0,3.5,4.0,4.5,5.0', '-log-level=WARNING']
2023-11-26 20:32:52;UNIUSDT;30m;5.0;225;32;76;100.0;5;139.36;['-batch-training', '-calc-rsi', '-verbose', '-prediction-mode=index', '-interval-list=30m', '-range-min-rsi=28', '-range-max-rsi=80', '-range-p-ema=50,250', '-target-margin-list=1.0,1.5,2.0,2.5,3.0,3.5,4.0,4.5,5.0', '-log-level=WARNING']
2023-11-26 20:32:52;UNIUSDT;30m;5.0;225;32;76;100.0;6;139.36;['-batch-training', '-calc-rsi', '-verbose', '-prediction-mode=index', '-interval-list=30m', '-range-min-rsi=28', '-range-max-rsi=80', '-range-p-ema=50,250', '-target-margin-list=1.0,1.5,2.0,2.5,3.0,3.5,4.0,4.5,5.0', '-log-level=WARNING']
2023-11-26 20:20:07;UNIUSDT;30m;5.0;200;32;78;100.0;4;139.36;['-batch-training', '-calc-rsi', '-verbose', '-prediction-mode=index', '-interval-list=30m', '-range-min-rsi=28', '-range-max-rsi=80', '-range-p-ema=50,250', '-target-margin-list=1.0,1.5,2.0,2.5,3.0,3.5,4.0,4.5,5.0', '-log-level=WARNING']
2023-11-26 20:20:07;UNIUSDT;30m;5.0;200;32;78;100.0;5;139.36;['-batch-training', '-calc-rsi', '-verbose', '-prediction-mode=index', '-interval-list=30m', '-range-min-rsi=28', '-range-max-rsi=80', '-range-p-ema=50,250', '-target-margin-list=1.0,1.5,2.0,2.5,3.0,3.5,4.0,4.5,5.0', '-log-level=WARNING']
2023-11-26 20:32:52;UNIUSDT;30m;5.0;225;32;76;100.0;7;139.36;['-batch-training', '-calc-rsi', '-verbose', '-prediction-mode=index', '-interval-list=30m', '-range-min-rsi=28', '-range-max-rsi=80', '-range-p-ema=50,250', '-target-margin-list=1.0,1.5,2.0,2.5,3.0,3.5,4.0,4.5,5.0', '-log-level=WARNING']
2023-11-26 20:20:07;UNIUSDT;30m;5.0;200;32;78;100.0;7;139.36;['-batch-training', '-calc-rsi', '-verbose', '-prediction-mode=index', '-interval-list=30m', '-range-min-rsi=28', '-range-max-rsi=80', '-range-p-ema=50,250', '-target-margin-list=1.0,1.5,2.0,2.5,3.0,3.5,4.0,4.5,5.0', '-log-level=WARNING']
2023-11-26 20:32:52;UNIUSDT;30m;5.0;225;32;76;100.0;4;139.36;['-batch-training', '-calc-rsi', '-verbose', '-prediction-mode=index', '-interval-list=30m', '-range-min-rsi=28', '-range-max-rsi=80', '-range-p-ema=50,250', '-target-margin-list=1.0,1.5,2.0,2.5,3.0,3.5,4.0,4.5,5.0', '-log-level=WARNING']
2023-11-26 20:33:28;UNIUSDT;30m;5.0;225;32;80;100.0;4;139.36;['-batch-training', '-calc-rsi', '-verbose', '-prediction-mode=index', '-interval-list=30m', '-range-min-rsi=28', '-range-max-rsi=80', '-range-p-ema=50,250', '-target-margin-list=1.0,1.5,2.0,2.5,3.0,3.5,4.0,4.5,5.0', '-log-level=WARNING']
2023-11-26 19:57:56;UNIUSDT;30m;5.0;150;32;76;100.0;6;139.36;['-batch-training', '-calc-rsi', '-verbose', '-prediction-mode=index', '-interval-list=30m', '-range-min-rsi=28', '-range-max-rsi=80', '-range-p-ema=50,250', '-target-margin-list=1.0,1.5,2.0,2.5,3.0,3.5,4.0,4.5,5.0', '-log-level=WARNING']
2023-11-26 20:32:35;UNIUSDT;30m;5.0;225;32;74;100.0;7;139.36;['-batch-training', '-calc-rsi', '-verbose', '-prediction-mode=index', '-interval-list=30m', '-range-min-rsi=28', '-range-max-rsi=80', '-range-p-ema=50,250', '-target-margin-list=1.0,1.5,2.0,2.5,3.0,3.5,4.0,4.5,5.0', '-log-level=WARNING']
2023-11-26 20:20:24;UNIUSDT;30m;5.0;200;32;80;100.0;7;139.36;['-batch-training', '-calc-rsi', '-verbose', '-prediction-mode=index', '-interval-list=30m', '-range-min-rsi=28', '-range-max-rsi=80', '-range-p-ema=50,250', '-target-margin-list=1.0,1.5,2.0,2.5,3.0,3.5,4.0,4.5,5.0', '-log-level=WARNING']
2023-11-26 20:19:50;UNIUSDT;30m;5.0;200;32;76;100.0;7;139.36;['-batch-training', '-calc-rsi', '-verbose', '-prediction-mode=index', '-interval-list=30m', '-range-min-rsi=28', '-range-max-rsi=80', '-range-p-ema=50,250', '-target-margin-list=1.0,1.5,2.0,2.5,3.0,3.5,4.0,4.5,5.0', '-log-level=WARNING']
2023-11-26 20:20:24;UNIUSDT;30m;5.0;200;32;80;100.0;6;139.36;['-batch-training', '-calc-rsi', '-verbose', '-prediction-mode=index', '-interval-list=30m', '-range-min-rsi=28', '-range-max-rsi=80', '-range-p-ema=50,250', '-target-margin-list=1.0,1.5,2.0,2.5,3.0,3.5,4.0,4.5,5.0', '-log-level=WARNING']
2023-11-26 19:57:56;UNIUSDT;30m;5.0;150;32;76;100.0;7;139.36;['-batch-training', '-calc-rsi', '-verbose', '-prediction-mode=index', '-interval-list=30m', '-range-min-rsi=28', '-range-max-rsi=80', '-range-p-ema=50,250', '-target-margin-list=1.0,1.5,2.0,2.5,3.0,3.5,4.0,4.5,5.0', '-log-level=WARNING']
2023-11-26 20:20:24;UNIUSDT;30m;5.0;200;32;80;100.0;5;139.36;['-batch-training', '-calc-rsi', '-verbose', '-prediction-mode=index', '-interval-list=30m', '-range-min-rsi=28', '-range-max-rsi=80', '-range-p-ema=50,250', '-target-margin-list=1.0,1.5,2.0,2.5,3.0,3.5,4.0,4.5,5.0', '-log-level=WARNING']
2023-11-26 19:57:56;UNIUSDT;30m;5.0;150;32;76;100.0;5;139.36;['-batch-training', '-calc-rsi', '-verbose', '-prediction-mode=index', '-interval-list=30m', '-range-min-rsi=28', '-range-max-rsi=80', '-range-p-ema=50,250', '-target-margin-list=1.0,1.5,2.0,2.5,3.0,3.5,4.0,4.5,5.0', '-log-level=WARNING']
2023-11-26 20:47:14;UNIUSDT;30m;5.0;250;32;80;100.0;7;139.36;['-batch-training', '-calc-rsi', '-verbose', '-prediction-mode=index', '-interval-list=30m', '-range-min-rsi=28', '-range-max-rsi=80', '-range-p-ema=50,250', '-target-margin-list=1.0,1.5,2.0,2.5,3.0,3.5,4.0,4.5,5.0', '-log-level=WARNING']
2023-11-26 20:20:24;UNIUSDT;30m;5.0;200;32;80;100.0;4;139.36;['-batch-training', '-calc-rsi', '-verbose', '-prediction-mode=index', '-interval-list=30m', '-range-min-rsi=28', '-range-max-rsi=80', '-range-p-ema=50,250', '-target-margin-list=1.0,1.5,2.0,2.5,3.0,3.5,4.0,4.5,5.0', '-log-level=WARNING']
2023-11-26 20:19:50;UNIUSDT;30m;5.0;200;32;76;100.0;5;139.36;['-batch-training', '-calc-rsi', '-verbose', '-prediction-mode=index', '-interval-list=30m', '-range-min-rsi=28', '-range-max-rsi=80', '-range-p-ema=50,250', '-target-margin-list=1.0,1.5,2.0,2.5,3.0,3.5,4.0,4.5,5.0', '-log-level=WARNING']
2023-11-26 20:33:28;UNIUSDT;30m;5.0;225;32;80;100.0;7;139.36;['-batch-training', '-calc-rsi', '-verbose', '-prediction-mode=index', '-interval-list=30m', '-range-min-rsi=28', '-range-max-rsi=80', '-range-p-ema=50,250', '-target-margin-list=1.0,1.5,2.0,2.5,3.0,3.5,4.0,4.5,5.0', '-log-level=WARNING']
2023-11-26 20:33:28;UNIUSDT;30m;5.0;225;32;80;100.0;6;139.36;['-batch-training', '-calc-rsi', '-verbose', '-prediction-mode=index', '-interval-list=30m', '-range-min-rsi=28', '-range-max-rsi=80', '-range-p-ema=50,250', '-target-margin-list=1.0,1.5,2.0,2.5,3.0,3.5,4.0,4.5,5.0', '-log-level=WARNING']
2023-11-26 20:33:28;UNIUSDT;30m;5.0;225;32;80;100.0;5;139.36;['-batch-training', '-calc-rsi', '-verbose', '-prediction-mode=index', '-interval-list=30m', '-range-min-rsi=28', '-range-max-rsi=80', '-range-p-ema=50,250', '-target-margin-list=1.0,1.5,2.0,2.5,3.0,3.5,4.0,4.5,5.0', '-log-level=WARNING']
2023-11-26 20:47:14;UNIUSDT;30m;5.0;250;32;80;100.0;4;139.36;['-batch-training', '-calc-rsi', '-verbose', '-prediction-mode=index', '-interval-list=30m', '-range-min-rsi=28', '-range-max-rsi=80', '-range-p-ema=50,250', '-target-margin-list=1.0,1.5,2.0,2.5,3.0,3.5,4.0,4.5,5.0', '-log-level=WARNING']
2023-11-26 20:20:07;UNIUSDT;30m;5.0;200;32;78;100.0;6;139.36;['-batch-training', '-calc-rsi', '-verbose', '-prediction-mode=index', '-interval-list=30m', '-range-min-rsi=28', '-range-max-rsi=80', '-range-p-ema=50,250', '-target-margin-list=1.0,1.5,2.0,2.5,3.0,3.5,4.0,4.5,5.0', '-log-level=WARNING']
2023-11-26 20:25:09;UNIUSDT;30m;2.5;225;36;72;100.0;3;139.41;['-batch-training', '-calc-rsi', '-verbose', '-prediction-mode=index', '-interval-list=30m', '-range-min-rsi=28', '-range-max-rsi=80', '-range-p-ema=50,250', '-target-margin-list=1.0,1.5,2.0,2.5,3.0,3.5,4.0,4.5,5.0', '-log-level=WARNING']
2023-11-26 20:04:29;UNIUSDT;30m;3.5;175;34;74;100.0;2;139.41;['-batch-training', '-calc-rsi', '-verbose', '-prediction-mode=index', '-interval-list=30m', '-range-min-rsi=28', '-range-max-rsi=80', '-range-p-ema=50,250', '-target-margin-list=1.0,1.5,2.0,2.5,3.0,3.5,4.0,4.5,5.0', '-log-level=WARNING']
2023-11-26 20:15:28;UNIUSDT;30m;3.5;200;34;74;100.0;2;139.41;['-batch-training', '-calc-rsi', '-verbose', '-prediction-mode=index', '-interval-list=30m', '-range-min-rsi=28', '-range-max-rsi=80', '-range-p-ema=50,250', '-target-margin-list=1.0,1.5,2.0,2.5,3.0,3.5,4.0,4.5,5.0', '-log-level=WARNING']
2023-11-26 20:14:43;UNIUSDT;30m;3.0;200;36;78;100.0;7;139.43;['-batch-training', '-calc-rsi', '-verbose', '-prediction-mode=index', '-interval-list=30m', '-range-min-rsi=28', '-range-max-rsi=80', '-range-p-ema=50,250', '-target-margin-list=1.0,1.5,2.0,2.5,3.0,3.5,4.0,4.5,5.0', '-log-level=WARNING']
2023-11-26 20:14:11;UNIUSDT;30m;3.0;200;36;74;100.0;6;139.43;['-batch-training', '-calc-rsi', '-verbose', '-prediction-mode=index', '-interval-list=30m', '-range-min-rsi=28', '-range-max-rsi=80', '-range-p-ema=50,250', '-target-margin-list=1.0,1.5,2.0,2.5,3.0,3.5,4.0,4.5,5.0', '-log-level=WARNING']
2023-11-26 20:14:43;UNIUSDT;30m;3.0;200;36;78;100.0;6;139.43;['-batch-training', '-calc-rsi', '-verbose', '-prediction-mode=index', '-interval-list=30m', '-range-min-rsi=28', '-range-max-rsi=80', '-range-p-ema=50,250', '-target-margin-list=1.0,1.5,2.0,2.5,3.0,3.5,4.0,4.5,5.0', '-log-level=WARNING']
2023-11-26 20:03:26;UNIUSDT;30m;3.0;175;36;74;100.0;6;139.43;['-batch-training', '-calc-rsi', '-verbose', '-prediction-mode=index', '-interval-list=30m', '-range-min-rsi=28', '-range-max-rsi=80', '-range-p-ema=50,250', '-target-margin-list=1.0,1.5,2.0,2.5,3.0,3.5,4.0,4.5,5.0', '-log-level=WARNING']
2023-11-26 20:03:52;UNIUSDT;30m;3.0;175;36;78;100.0;7;139.43;['-batch-training', '-calc-rsi', '-verbose', '-prediction-mode=index', '-interval-list=30m', '-range-min-rsi=28', '-range-max-rsi=80', '-range-p-ema=50,250', '-target-margin-list=1.0,1.5,2.0,2.5,3.0,3.5,4.0,4.5,5.0', '-log-level=WARNING']
2023-11-26 20:14:11;UNIUSDT;30m;3.0;200;36;74;100.0;7;139.43;['-batch-training', '-calc-rsi', '-verbose', '-prediction-mode=index', '-interval-list=30m', '-range-min-rsi=28', '-range-max-rsi=80', '-range-p-ema=50,250', '-target-margin-list=1.0,1.5,2.0,2.5,3.0,3.5,4.0,4.5,5.0', '-log-level=WARNING']
2023-11-26 20:03:26;UNIUSDT;30m;3.0;175;36;74;100.0;7;139.43;['-batch-training', '-calc-rsi', '-verbose', '-prediction-mode=index', '-interval-list=30m', '-range-min-rsi=28', '-range-max-rsi=80', '-range-p-ema=50,250', '-target-margin-list=1.0,1.5,2.0,2.5,3.0,3.5,4.0,4.5,5.0', '-log-level=WARNING']
2023-11-26 20:03:52;UNIUSDT;30m;3.0;175;36;78;100.0;6;139.43;['-batch-training', '-calc-rsi', '-verbose', '-prediction-mode=index', '-interval-list=30m', '-range-min-rsi=28', '-range-max-rsi=80', '-range-p-ema=50,250', '-target-margin-list=1.0,1.5,2.0,2.5,3.0,3.5,4.0,4.5,5.0', '-log-level=WARNING']
2023-11-26 20:03:39;UNIUSDT;30m;3.0;175;36;76;100.0;6;139.43;['-batch-training', '-calc-rsi', '-verbose', '-prediction-mode=index', '-interval-list=30m', '-range-min-rsi=28', '-range-max-rsi=80', '-range-p-ema=50,250', '-target-margin-list=1.0,1.5,2.0,2.5,3.0,3.5,4.0,4.5,5.0', '-log-level=WARNING']
2023-11-26 20:14:26;UNIUSDT;30m;3.0;200;36;76;100.0;6;139.43;['-batch-training', '-calc-rsi', '-verbose', '-prediction-mode=index', '-interval-list=30m', '-range-min-rsi=28', '-range-max-rsi=80', '-range-p-ema=50,250', '-target-margin-list=1.0,1.5,2.0,2.5,3.0,3.5,4.0,4.5,5.0', '-log-level=WARNING']
2023-11-26 20:14:27;UNIUSDT;30m;3.0;200;36;76;100.0;7;139.43;['-batch-training', '-calc-rsi', '-verbose', '-prediction-mode=index', '-interval-list=30m', '-range-min-rsi=28', '-range-max-rsi=80', '-range-p-ema=50,250', '-target-margin-list=1.0,1.5,2.0,2.5,3.0,3.5,4.0,4.5,5.0', '-log-level=WARNING']
2023-11-26 20:03:40;UNIUSDT;30m;3.0;175;36;76;100.0;7;139.43;['-batch-training', '-calc-rsi', '-verbose', '-prediction-mode=index', '-interval-list=30m', '-range-min-rsi=28', '-range-max-rsi=80', '-range-p-ema=50,250', '-target-margin-list=1.0,1.5,2.0,2.5,3.0,3.5,4.0,4.5,5.0', '-log-level=WARNING']
2023-11-26 19:57:46;UNIUSDT;30m;5.0;150;34;74;100.0;2;139.44;['-batch-training', '-calc-rsi', '-verbose', '-prediction-mode=index', '-interval-list=30m', '-range-min-rsi=28', '-range-max-rsi=80', '-range-p-ema=50,250', '-target-margin-list=1.0,1.5,2.0,2.5,3.0,3.5,4.0,4.5,5.0', '-log-level=WARNING']
2023-11-26 20:19:19;UNIUSDT;30m;5.0;200;34;72;100.0;2;139.44;['-batch-training', '-calc-rsi', '-verbose', '-prediction-mode=index', '-interval-list=30m', '-range-min-rsi=28', '-range-max-rsi=80', '-range-p-ema=50,250', '-target-margin-list=1.0,1.5,2.0,2.5,3.0,3.5,4.0,4.5,5.0', '-log-level=WARNING']
2023-11-26 20:07:35;UNIUSDT;30m;5.0;175;34;72;100.0;2;139.44;['-batch-training', '-calc-rsi', '-verbose', '-prediction-mode=index', '-interval-list=30m', '-range-min-rsi=28', '-range-max-rsi=80', '-range-p-ema=50,250', '-target-margin-list=1.0,1.5,2.0,2.5,3.0,3.5,4.0,4.5,5.0', '-log-level=WARNING']
2023-11-26 19:57:33;UNIUSDT;30m;5.0;150;34;72;100.0;2;139.44;['-batch-training', '-calc-rsi', '-verbose', '-prediction-mode=index', '-interval-list=30m', '-range-min-rsi=28', '-range-max-rsi=80', '-range-p-ema=50,250', '-target-margin-list=1.0,1.5,2.0,2.5,3.0,3.5,4.0,4.5,5.0', '-log-level=WARNING']
2023-11-26 20:07:47;UNIUSDT;30m;5.0;175;34;74;100.0;2;139.44;['-batch-training', '-calc-rsi', '-verbose', '-prediction-mode=index', '-interval-list=30m', '-range-min-rsi=28', '-range-max-rsi=80', '-range-p-ema=50,250', '-target-margin-list=1.0,1.5,2.0,2.5,3.0,3.5,4.0,4.5,5.0', '-log-level=WARNING']
2023-11-26 20:08:01;UNIUSDT;30m;5.0;175;34;76;100.0;2;139.44;['-batch-training', '-calc-rsi', '-verbose', '-prediction-mode=index', '-interval-list=30m', '-range-min-rsi=28', '-range-max-rsi=80', '-range-p-ema=50,250', '-target-margin-list=1.0,1.5,2.0,2.5,3.0,3.5,4.0,4.5,5.0', '-log-level=WARNING']
2023-11-26 19:57:58;UNIUSDT;30m;5.0;150;34;76;100.0;2;139.44;['-batch-training', '-calc-rsi', '-verbose', '-prediction-mode=index', '-interval-list=30m', '-range-min-rsi=28', '-range-max-rsi=80', '-range-p-ema=50,250', '-target-margin-list=1.0,1.5,2.0,2.5,3.0,3.5,4.0,4.5,5.0', '-log-level=WARNING']
2023-11-26 20:19:54;UNIUSDT;30m;5.0;200;34;76;100.0;2;139.44;['-batch-training', '-calc-rsi', '-verbose', '-prediction-mode=index', '-interval-list=30m', '-range-min-rsi=28', '-range-max-rsi=80', '-range-p-ema=50,250', '-target-margin-list=1.0,1.5,2.0,2.5,3.0,3.5,4.0,4.5,5.0', '-log-level=WARNING']
2023-11-26 20:19:36;UNIUSDT;30m;5.0;200;34;74;100.0;2;139.44;['-batch-training', '-calc-rsi', '-verbose', '-prediction-mode=index', '-interval-list=30m', '-range-min-rsi=28', '-range-max-rsi=80', '-range-p-ema=50,250', '-target-margin-list=1.0,1.5,2.0,2.5,3.0,3.5,4.0,4.5,5.0', '-log-level=WARNING']
2023-11-26 20:23:38;UNIUSDT;30m;2.0;225;34;72;100.0;6;139.54;['-batch-training', '-calc-rsi', '-verbose', '-prediction-mode=index', '-interval-list=30m', '-range-min-rsi=28', '-range-max-rsi=80', '-range-p-ema=50,250', '-target-margin-list=1.0,1.5,2.0,2.5,3.0,3.5,4.0,4.5,5.0', '-log-level=WARNING']
2023-11-26 20:02:44;UNIUSDT;30m;2.5;175;34;78;100.0;3;139.64;['-batch-training', '-calc-rsi', '-verbose', '-prediction-mode=index', '-interval-list=30m', '-range-min-rsi=28', '-range-max-rsi=80', '-range-p-ema=50,250', '-target-margin-list=1.0,1.5,2.0,2.5,3.0,3.5,4.0,4.5,5.0', '-log-level=WARNING']
2023-11-26 20:25:26;UNIUSDT;30m;2.5;225;36;74;100.0;3;139.72;['-batch-training', '-calc-rsi', '-verbose', '-prediction-mode=index', '-interval-list=30m', '-range-min-rsi=28', '-range-max-rsi=80', '-range-p-ema=50,250', '-target-margin-list=1.0,1.5,2.0,2.5,3.0,3.5,4.0,4.5,5.0', '-log-level=WARNING']
2023-11-26 19:30:17;UNIUSDT;30m;3.0;100;34;74;100.0;3;139.82;['-batch-training', '-calc-rsi', '-verbose', '-prediction-mode=index', '-interval-list=30m', '-range-min-rsi=28', '-range-max-rsi=80', '-range-p-ema=50,250', '-target-margin-list=1.0,1.5,2.0,2.5,3.0,3.5,4.0,4.5,5.0', '-log-level=WARNING']
2023-11-26 20:54:26;UNIUSDT;30m;3.0;50;34;74;100.0;3;139.82;['-batch-training', '-calc-rsi', '-verbose', '-prediction-mode=index', '-interval-list=30m', '-range-min-rsi=28', '-range-max-rsi=80', '-range-p-ema=50,250', '-target-margin-list=1.0,1.5,2.0,2.5,3.0,3.5,4.0,4.5,5.0', '-log-level=WARNING']
2023-11-26 21:09:54;UNIUSDT;30m;3.0;75;34;74;100.0;3;139.82;['-batch-training', '-calc-rsi', '-verbose', '-prediction-mode=index', '-interval-list=30m', '-range-min-rsi=28', '-range-max-rsi=80', '-range-p-ema=50,250', '-target-margin-list=1.0,1.5,2.0,2.5,3.0,3.5,4.0,4.5,5.0', '-log-level=WARNING']
2023-11-26 19:41:47;UNIUSDT;30m;3.0;125;34;74;100.0;3;139.82;['-batch-training', '-calc-rsi', '-verbose', '-prediction-mode=index', '-interval-list=30m', '-range-min-rsi=28', '-range-max-rsi=80', '-range-p-ema=50,250', '-target-margin-list=1.0,1.5,2.0,2.5,3.0,3.5,4.0,4.5,5.0', '-log-level=WARNING']
2023-11-26 20:13:19;UNIUSDT;30m;2.5;200;34;78;100.0;7;139.83;['-batch-training', '-calc-rsi', '-verbose', '-prediction-mode=index', '-interval-list=30m', '-range-min-rsi=28', '-range-max-rsi=80', '-range-p-ema=50,250', '-target-margin-list=1.0,1.5,2.0,2.5,3.0,3.5,4.0,4.5,5.0', '-log-level=WARNING']
2023-11-26 20:13:03;UNIUSDT;30m;2.5;200;34;76;100.0;7;139.83;['-batch-training', '-calc-rsi', '-verbose', '-prediction-mode=index', '-interval-list=30m', '-range-min-rsi=28', '-range-max-rsi=80', '-range-p-ema=50,250', '-target-margin-list=1.0,1.5,2.0,2.5,3.0,3.5,4.0,4.5,5.0', '-log-level=WARNING']
2023-11-26 20:02:30;UNIUSDT;30m;2.5;175;34;76;100.0;7;139.83;['-batch-training', '-calc-rsi', '-verbose', '-prediction-mode=index', '-interval-list=30m', '-range-min-rsi=28', '-range-max-rsi=80', '-range-p-ema=50,250', '-target-margin-list=1.0,1.5,2.0,2.5,3.0,3.5,4.0,4.5,5.0', '-log-level=WARNING']
2023-11-26 20:02:17;UNIUSDT;30m;2.5;175;34;74;100.0;7;139.83;['-batch-training', '-calc-rsi', '-verbose', '-prediction-mode=index', '-interval-list=30m', '-range-min-rsi=28', '-range-max-rsi=80', '-range-p-ema=50,250', '-target-margin-list=1.0,1.5,2.0,2.5,3.0,3.5,4.0,4.5,5.0', '-log-level=WARNING']
2023-11-26 20:02:44;UNIUSDT;30m;2.5;175;34;78;100.0;7;139.83;['-batch-training', '-calc-rsi', '-verbose', '-prediction-mode=index', '-interval-list=30m', '-range-min-rsi=28', '-range-max-rsi=80', '-range-p-ema=50,250', '-target-margin-list=1.0,1.5,2.0,2.5,3.0,3.5,4.0,4.5,5.0', '-log-level=WARNING']
2023-11-26 20:12:47;UNIUSDT;30m;2.5;200;34;74;100.0;7;139.83;['-batch-training', '-calc-rsi', '-verbose', '-prediction-mode=index', '-interval-list=30m', '-range-min-rsi=28', '-range-max-rsi=80', '-range-p-ema=50,250', '-target-margin-list=1.0,1.5,2.0,2.5,3.0,3.5,4.0,4.5,5.0', '-log-level=WARNING']
2023-11-26 20:38:24;UNIUSDT;30m;2.5;250;36;72;100.0;3;139.87;['-batch-training', '-calc-rsi', '-verbose', '-prediction-mode=index', '-interval-list=30m', '-range-min-rsi=28', '-range-max-rsi=80', '-range-p-ema=50,250', '-target-margin-list=1.0,1.5,2.0,2.5,3.0,3.5,4.0,4.5,5.0', '-log-level=WARNING']
2023-11-26 20:39:11;UNIUSDT;30m;2.5;250;32;78;100.0;7;139.95;['-batch-training', '-calc-rsi', '-verbose', '-prediction-mode=index', '-interval-list=30m', '-range-min-rsi=28', '-range-max-rsi=80', '-range-p-ema=50,250', '-target-margin-list=1.0,1.5,2.0,2.5,3.0,3.5,4.0,4.5,5.0', '-log-level=WARNING']
2023-11-26 20:11:05;UNIUSDT;30m;2.0;200;30;72;100.0;2;139.95;['-batch-training', '-calc-rsi', '-verbose', '-prediction-mode=index', '-interval-list=30m', '-range-min-rsi=28', '-range-max-rsi=80', '-range-p-ema=50,250', '-target-margin-list=1.0,1.5,2.0,2.5,3.0,3.5,4.0,4.5,5.0', '-log-level=WARNING']
2023-11-26 20:13:00;UNIUSDT;30m;2.5;200;32;76;100.0;7;139.95;['-batch-training', '-calc-rsi', '-verbose', '-prediction-mode=index', '-interval-list=30m', '-range-min-rsi=28', '-range-max-rsi=80', '-range-p-ema=50,250', '-target-margin-list=1.0,1.5,2.0,2.5,3.0,3.5,4.0,4.5,5.0', '-log-level=WARNING']
2023-11-26 19:38:51;UNIUSDT;30m;2.0;125;30;72;100.0;2;139.95;['-batch-training', '-calc-rsi', '-verbose', '-prediction-mode=index', '-interval-list=30m', '-range-min-rsi=28', '-range-max-rsi=80', '-range-p-ema=50,250', '-target-margin-list=1.0,1.5,2.0,2.5,3.0,3.5,4.0,4.5,5.0', '-log-level=WARNING']
2023-11-26 20:50:41;UNIUSDT;30m;2.0;50;30;72;100.0;2;139.95;['-batch-training', '-calc-rsi', '-verbose', '-prediction-mode=index', '-interval-list=30m', '-range-min-rsi=28', '-range-max-rsi=80', '-range-p-ema=50,250', '-target-margin-list=1.0,1.5,2.0,2.5,3.0,3.5,4.0,4.5,5.0', '-log-level=WARNING']
2023-11-26 20:00:51;UNIUSDT;30m;2.0;175;30;72;100.0;2;139.95;['-batch-training', '-calc-rsi', '-verbose', '-prediction-mode=index', '-interval-list=30m', '-range-min-rsi=28', '-range-max-rsi=80', '-range-p-ema=50,250', '-target-margin-list=1.0,1.5,2.0,2.5,3.0,3.5,4.0,4.5,5.0', '-log-level=WARNING']
2023-11-26 19:27:22;UNIUSDT;30m;2.0;100;30;72;100.0;2;139.95;['-batch-training', '-calc-rsi', '-verbose', '-prediction-mode=index', '-interval-list=30m', '-range-min-rsi=28', '-range-max-rsi=80', '-range-p-ema=50,250', '-target-margin-list=1.0,1.5,2.0,2.5,3.0,3.5,4.0,4.5,5.0', '-log-level=WARNING']
2023-11-26 20:12:44;UNIUSDT;30m;2.5;200;32;74;100.0;7;139.95;['-batch-training', '-calc-rsi', '-verbose', '-prediction-mode=index', '-interval-list=30m', '-range-min-rsi=28', '-range-max-rsi=80', '-range-p-ema=50,250', '-target-margin-list=1.0,1.5,2.0,2.5,3.0,3.5,4.0,4.5,5.0', '-log-level=WARNING']
2023-11-26 20:25:53;UNIUSDT;30m;2.5;225;32;78;100.0;7;139.95;['-batch-training', '-calc-rsi', '-verbose', '-prediction-mode=index', '-interval-list=30m', '-range-min-rsi=28', '-range-max-rsi=80', '-range-p-ema=50,250', '-target-margin-list=1.0,1.5,2.0,2.5,3.0,3.5,4.0,4.5,5.0', '-log-level=WARNING']
2023-11-26 20:25:36;UNIUSDT;30m;2.5;225;32;76;100.0;7;139.95;['-batch-training', '-calc-rsi', '-verbose', '-prediction-mode=index', '-interval-list=30m', '-range-min-rsi=28', '-range-max-rsi=80', '-range-p-ema=50,250', '-target-margin-list=1.0,1.5,2.0,2.5,3.0,3.5,4.0,4.5,5.0', '-log-level=WARNING']
2023-11-26 21:05:49;UNIUSDT;30m;2.0;75;30;72;100.0;2;139.95;['-batch-training', '-calc-rsi', '-verbose', '-prediction-mode=index', '-interval-list=30m', '-range-min-rsi=28', '-range-max-rsi=80', '-range-p-ema=50,250', '-target-margin-list=1.0,1.5,2.0,2.5,3.0,3.5,4.0,4.5,5.0', '-log-level=WARNING']
2023-11-26 20:13:16;UNIUSDT;30m;2.5;200;32;78;100.0;7;139.95;['-batch-training', '-calc-rsi', '-verbose', '-prediction-mode=index', '-interval-list=30m', '-range-min-rsi=28', '-range-max-rsi=80', '-range-p-ema=50,250', '-target-margin-list=1.0,1.5,2.0,2.5,3.0,3.5,4.0,4.5,5.0', '-log-level=WARNING']
2023-11-26 19:52:29;UNIUSDT;30m;2.5;150;32;78;100.0;7;139.95;['-batch-training', '-calc-rsi', '-verbose', '-prediction-mode=index', '-interval-list=30m', '-range-min-rsi=28', '-range-max-rsi=80', '-range-p-ema=50,250', '-target-margin-list=1.0,1.5,2.0,2.5,3.0,3.5,4.0,4.5,5.0', '-log-level=WARNING']
2023-11-26 20:25:19;UNIUSDT;30m;2.5;225;32;74;100.0;7;139.95;['-batch-training', '-calc-rsi', '-verbose', '-prediction-mode=index', '-interval-list=30m', '-range-min-rsi=28', '-range-max-rsi=80', '-range-p-ema=50,250', '-target-margin-list=1.0,1.5,2.0,2.5,3.0,3.5,4.0,4.5,5.0', '-log-level=WARNING']
2023-11-26 19:52:14;UNIUSDT;30m;2.5;150;32;76;100.0;7;139.95;['-batch-training', '-calc-rsi', '-verbose', '-prediction-mode=index', '-interval-list=30m', '-range-min-rsi=28', '-range-max-rsi=80', '-range-p-ema=50,250', '-target-margin-list=1.0,1.5,2.0,2.5,3.0,3.5,4.0,4.5,5.0', '-log-level=WARNING']
2023-11-26 20:23:32;UNIUSDT;30m;2.0;225;30;72;100.0;2;139.95;['-batch-training', '-calc-rsi', '-verbose', '-prediction-mode=index', '-interval-list=30m', '-range-min-rsi=28', '-range-max-rsi=80', '-range-p-ema=50,250', '-target-margin-list=1.0,1.5,2.0,2.5,3.0,3.5,4.0,4.5,5.0', '-log-level=WARNING']
2023-11-26 20:02:41;UNIUSDT;30m;2.5;175;32;78;100.0;7;139.95;['-batch-training', '-calc-rsi', '-verbose', '-prediction-mode=index', '-interval-list=30m', '-range-min-rsi=28', '-range-max-rsi=80', '-range-p-ema=50,250', '-target-margin-list=1.0,1.5,2.0,2.5,3.0,3.5,4.0,4.5,5.0', '-log-level=WARNING']
2023-11-26 20:38:53;UNIUSDT;30m;2.5;250;32;76;100.0;7;139.95;['-batch-training', '-calc-rsi', '-verbose', '-prediction-mode=index', '-interval-list=30m', '-range-min-rsi=28', '-range-max-rsi=80', '-range-p-ema=50,250', '-target-margin-list=1.0,1.5,2.0,2.5,3.0,3.5,4.0,4.5,5.0', '-log-level=WARNING']
2023-11-26 20:02:15;UNIUSDT;30m;2.5;175;32;74;100.0;7;139.95;['-batch-training', '-calc-rsi', '-verbose', '-prediction-mode=index', '-interval-list=30m', '-range-min-rsi=28', '-range-max-rsi=80', '-range-p-ema=50,250', '-target-margin-list=1.0,1.5,2.0,2.5,3.0,3.5,4.0,4.5,5.0', '-log-level=WARNING']
2023-11-26 20:38:35;UNIUSDT;30m;2.5;250;32;74;100.0;7;139.95;['-batch-training', '-calc-rsi', '-verbose', '-prediction-mode=index', '-interval-list=30m', '-range-min-rsi=28', '-range-max-rsi=80', '-range-p-ema=50,250', '-target-margin-list=1.0,1.5,2.0,2.5,3.0,3.5,4.0,4.5,5.0', '-log-level=WARNING']
2023-11-26 20:02:28;UNIUSDT;30m;2.5;175;32;76;100.0;7;139.95;['-batch-training', '-calc-rsi', '-verbose', '-prediction-mode=index', '-interval-list=30m', '-range-min-rsi=28', '-range-max-rsi=80', '-range-p-ema=50,250', '-target-margin-list=1.0,1.5,2.0,2.5,3.0,3.5,4.0,4.5,5.0', '-log-level=WARNING']
2023-11-26 19:50:23;UNIUSDT;30m;2.0;150;30;72;100.0;2;139.95;['-batch-training', '-calc-rsi', '-verbose', '-prediction-mode=index', '-interval-list=30m', '-range-min-rsi=28', '-range-max-rsi=80', '-range-p-ema=50,250', '-target-margin-list=1.0,1.5,2.0,2.5,3.0,3.5,4.0,4.5,5.0', '-log-level=WARNING']
2023-11-26 19:51:59;UNIUSDT;30m;2.5;150;32;74;100.0;7;139.95;['-batch-training', '-calc-rsi', '-verbose', '-prediction-mode=index', '-interval-list=30m', '-range-min-rsi=28', '-range-max-rsi=80', '-range-p-ema=50,250', '-target-margin-list=1.0,1.5,2.0,2.5,3.0,3.5,4.0,4.5,5.0', '-log-level=WARNING']
2023-11-26 21:09:13;UNIUSDT;30m;2.5;75;34;80;100.0;5;140.04;['-batch-training', '-calc-rsi', '-verbose', '-prediction-mode=index', '-interval-list=30m', '-range-min-rsi=28', '-range-max-rsi=80', '-range-p-ema=50,250', '-target-margin-list=1.0,1.5,2.0,2.5,3.0,3.5,4.0,4.5,5.0', '-log-level=WARNING']
2023-11-26 20:53:46;UNIUSDT;30m;2.5;50;34;80;100.0;5;140.04;['-batch-training', '-calc-rsi', '-verbose', '-prediction-mode=index', '-interval-list=30m', '-range-min-rsi=28', '-range-max-rsi=80', '-range-p-ema=50,250', '-target-margin-list=1.0,1.5,2.0,2.5,3.0,3.5,4.0,4.5,5.0', '-log-level=WARNING']
2023-11-26 19:29:47;UNIUSDT;30m;2.5;100;34;80;100.0;5;140.04;['-batch-training', '-calc-rsi', '-verbose', '-prediction-mode=index', '-interval-list=30m', '-range-min-rsi=28', '-range-max-rsi=80', '-range-p-ema=50,250', '-target-margin-list=1.0,1.5,2.0,2.5,3.0,3.5,4.0,4.5,5.0', '-log-level=WARNING']
2023-11-26 19:41:17;UNIUSDT;30m;2.5;125;34;80;100.0;5;140.04;['-batch-training', '-calc-rsi', '-verbose', '-prediction-mode=index', '-interval-list=30m', '-range-min-rsi=28', '-range-max-rsi=80', '-range-p-ema=50,250', '-target-margin-list=1.0,1.5,2.0,2.5,3.0,3.5,4.0,4.5,5.0', '-log-level=WARNING']
2023-11-26 20:19:06;UNIUSDT;30m;4.5;200;36;80;100.0;6;140.07;['-batch-training', '-calc-rsi', '-verbose', '-prediction-mode=index', '-interval-list=30m', '-range-min-rsi=28', '-range-max-rsi=80', '-range-p-ema=50,250', '-target-margin-list=1.0,1.5,2.0,2.5,3.0,3.5,4.0,4.5,5.0', '-log-level=WARNING']
2023-11-26 20:06:58;UNIUSDT;30m;4.5;175;36;76;100.0;6;140.07;['-batch-training', '-calc-rsi', '-verbose', '-prediction-mode=index', '-interval-list=30m', '-range-min-rsi=28', '-range-max-rsi=80', '-range-p-ema=50,250', '-target-margin-list=1.0,1.5,2.0,2.5,3.0,3.5,4.0,4.5,5.0', '-log-level=WARNING']
2023-11-26 20:18:49;UNIUSDT;30m;4.5;200;36;78;100.0;5;140.07;['-batch-training', '-calc-rsi', '-verbose', '-prediction-mode=index', '-interval-list=30m', '-range-min-rsi=28', '-range-max-rsi=80', '-range-p-ema=50,250', '-target-margin-list=1.0,1.5,2.0,2.5,3.0,3.5,4.0,4.5,5.0', '-log-level=WARNING']
2023-11-26 20:06:58;UNIUSDT;30m;4.5;175;36;76;100.0;5;140.07;['-batch-training', '-calc-rsi', '-verbose', '-prediction-mode=index', '-interval-list=30m', '-range-min-rsi=28', '-range-max-rsi=80', '-range-p-ema=50,250', '-target-margin-list=1.0,1.5,2.0,2.5,3.0,3.5,4.0,4.5,5.0', '-log-level=WARNING']
2023-11-26 20:19:06;UNIUSDT;30m;4.5;200;36;80;100.0;5;140.07;['-batch-training', '-calc-rsi', '-verbose', '-prediction-mode=index', '-interval-list=30m', '-range-min-rsi=28', '-range-max-rsi=80', '-range-p-ema=50,250', '-target-margin-list=1.0,1.5,2.0,2.5,3.0,3.5,4.0,4.5,5.0', '-log-level=WARNING']
2023-11-26 20:06:57;UNIUSDT;30m;4.5;175;36;76;100.0;4;140.07;['-batch-training', '-calc-rsi', '-verbose', '-prediction-mode=index', '-interval-list=30m', '-range-min-rsi=28', '-range-max-rsi=80', '-range-p-ema=50,250', '-target-margin-list=1.0,1.5,2.0,2.5,3.0,3.5,4.0,4.5,5.0', '-log-level=WARNING']
2023-11-26 20:06:44;UNIUSDT;30m;4.5;175;36;74;100.0;5;140.07;['-batch-training', '-calc-rsi', '-verbose', '-prediction-mode=index', '-interval-list=30m', '-range-min-rsi=28', '-range-max-rsi=80', '-range-p-ema=50,250', '-target-margin-list=1.0,1.5,2.0,2.5,3.0,3.5,4.0,4.5,5.0', '-log-level=WARNING']
2023-11-26 20:06:44;UNIUSDT;30m;4.5;175;36;74;100.0;4;140.07;['-batch-training', '-calc-rsi', '-verbose', '-prediction-mode=index', '-interval-list=30m', '-range-min-rsi=28', '-range-max-rsi=80', '-range-p-ema=50,250', '-target-margin-list=1.0,1.5,2.0,2.5,3.0,3.5,4.0,4.5,5.0', '-log-level=WARNING']
2023-11-26 20:18:16;UNIUSDT;30m;4.5;200;36;74;100.0;7;140.07;['-batch-training', '-calc-rsi', '-verbose', '-prediction-mode=index', '-interval-list=30m', '-range-min-rsi=28', '-range-max-rsi=80', '-range-p-ema=50,250', '-target-margin-list=1.0,1.5,2.0,2.5,3.0,3.5,4.0,4.5,5.0', '-log-level=WARNING']
2023-11-26 20:19:06;UNIUSDT;30m;4.5;200;36;80;100.0;7;140.07;['-batch-training', '-calc-rsi', '-verbose', '-prediction-mode=index', '-interval-list=30m', '-range-min-rsi=28', '-range-max-rsi=80', '-range-p-ema=50,250', '-target-margin-list=1.0,1.5,2.0,2.5,3.0,3.5,4.0,4.5,5.0', '-log-level=WARNING']
2023-11-26 20:18:16;UNIUSDT;30m;4.5;200;36;74;100.0;4;140.07;['-batch-training', '-calc-rsi', '-verbose', '-prediction-mode=index', '-interval-list=30m', '-range-min-rsi=28', '-range-max-rsi=80', '-range-p-ema=50,250', '-target-margin-list=1.0,1.5,2.0,2.5,3.0,3.5,4.0,4.5,5.0', '-log-level=WARNING']
2023-11-26 20:06:45;UNIUSDT;30m;4.5;175;36;74;100.0;7;140.07;['-batch-training', '-calc-rsi', '-verbose', '-prediction-mode=index', '-interval-list=30m', '-range-min-rsi=28', '-range-max-rsi=80', '-range-p-ema=50,250', '-target-margin-list=1.0,1.5,2.0,2.5,3.0,3.5,4.0,4.5,5.0', '-log-level=WARNING']
2023-11-26 20:18:16;UNIUSDT;30m;4.5;200;36;74;100.0;6;140.07;['-batch-training', '-calc-rsi', '-verbose', '-prediction-mode=index', '-interval-list=30m', '-range-min-rsi=28', '-range-max-rsi=80', '-range-p-ema=50,250', '-target-margin-list=1.0,1.5,2.0,2.5,3.0,3.5,4.0,4.5,5.0', '-log-level=WARNING']
2023-11-26 20:07:11;UNIUSDT;30m;4.5;175;36;78;100.0;7;140.07;['-batch-training', '-calc-rsi', '-verbose', '-prediction-mode=index', '-interval-list=30m', '-range-min-rsi=28', '-range-max-rsi=80', '-range-p-ema=50,250', '-target-margin-list=1.0,1.5,2.0,2.5,3.0,3.5,4.0,4.5,5.0', '-log-level=WARNING']
2023-11-26 20:07:24;UNIUSDT;30m;4.5;175;36;80;100.0;4;140.07;['-batch-training', '-calc-rsi', '-verbose', '-prediction-mode=index', '-interval-list=30m', '-range-min-rsi=28', '-range-max-rsi=80', '-range-p-ema=50,250', '-target-margin-list=1.0,1.5,2.0,2.5,3.0,3.5,4.0,4.5,5.0', '-log-level=WARNING']
2023-11-26 20:18:49;UNIUSDT;30m;4.5;200;36;78;100.0;4;140.07;['-batch-training', '-calc-rsi', '-verbose', '-prediction-mode=index', '-interval-list=30m', '-range-min-rsi=28', '-range-max-rsi=80', '-range-p-ema=50,250', '-target-margin-list=1.0,1.5,2.0,2.5,3.0,3.5,4.0,4.5,5.0', '-log-level=WARNING']
2023-11-26 20:18:16;UNIUSDT;30m;4.5;200;36;74;100.0;5;140.07;['-batch-training', '-calc-rsi', '-verbose', '-prediction-mode=index', '-interval-list=30m', '-range-min-rsi=28', '-range-max-rsi=80', '-range-p-ema=50,250', '-target-margin-list=1.0,1.5,2.0,2.5,3.0,3.5,4.0,4.5,5.0', '-log-level=WARNING']
2023-11-26 20:07:24;UNIUSDT;30m;4.5;175;36;80;100.0;7;140.07;['-batch-training', '-calc-rsi', '-verbose', '-prediction-mode=index', '-interval-list=30m', '-range-min-rsi=28', '-range-max-rsi=80', '-range-p-ema=50,250', '-target-margin-list=1.0,1.5,2.0,2.5,3.0,3.5,4.0,4.5,5.0', '-log-level=WARNING']
2023-11-26 20:07:24;UNIUSDT;30m;4.5;175;36;80;100.0;5;140.07;['-batch-training', '-calc-rsi', '-verbose', '-prediction-mode=index', '-interval-list=30m', '-range-min-rsi=28', '-range-max-rsi=80', '-range-p-ema=50,250', '-target-margin-list=1.0,1.5,2.0,2.5,3.0,3.5,4.0,4.5,5.0', '-log-level=WARNING']
2023-11-26 20:07:24;UNIUSDT;30m;4.5;175;36;80;100.0;6;140.07;['-batch-training', '-calc-rsi', '-verbose', '-prediction-mode=index', '-interval-list=30m', '-range-min-rsi=28', '-range-max-rsi=80', '-range-p-ema=50,250', '-target-margin-list=1.0,1.5,2.0,2.5,3.0,3.5,4.0,4.5,5.0', '-log-level=WARNING']
2023-11-26 20:06:58;UNIUSDT;30m;4.5;175;36;76;100.0;7;140.07;['-batch-training', '-calc-rsi', '-verbose', '-prediction-mode=index', '-interval-list=30m', '-range-min-rsi=28', '-range-max-rsi=80', '-range-p-ema=50,250', '-target-margin-list=1.0,1.5,2.0,2.5,3.0,3.5,4.0,4.5,5.0', '-log-level=WARNING']
2023-11-26 20:18:32;UNIUSDT;30m;4.5;200;36;76;100.0;6;140.07;['-batch-training', '-calc-rsi', '-verbose', '-prediction-mode=index', '-interval-list=30m', '-range-min-rsi=28', '-range-max-rsi=80', '-range-p-ema=50,250', '-target-margin-list=1.0,1.5,2.0,2.5,3.0,3.5,4.0,4.5,5.0', '-log-level=WARNING']
2023-11-26 20:18:49;UNIUSDT;30m;4.5;200;36;78;100.0;7;140.07;['-batch-training', '-calc-rsi', '-verbose', '-prediction-mode=index', '-interval-list=30m', '-range-min-rsi=28', '-range-max-rsi=80', '-range-p-ema=50,250', '-target-margin-list=1.0,1.5,2.0,2.5,3.0,3.5,4.0,4.5,5.0', '-log-level=WARNING']
2023-11-26 20:18:49;UNIUSDT;30m;4.5;200;36;78;100.0;6;140.07;['-batch-training', '-calc-rsi', '-verbose', '-prediction-mode=index', '-interval-list=30m', '-range-min-rsi=28', '-range-max-rsi=80', '-range-p-ema=50,250', '-target-margin-list=1.0,1.5,2.0,2.5,3.0,3.5,4.0,4.5,5.0', '-log-level=WARNING']
2023-11-26 20:18:32;UNIUSDT;30m;4.5;200;36;76;100.0;5;140.07;['-batch-training', '-calc-rsi', '-verbose', '-prediction-mode=index', '-interval-list=30m', '-range-min-rsi=28', '-range-max-rsi=80', '-range-p-ema=50,250', '-target-margin-list=1.0,1.5,2.0,2.5,3.0,3.5,4.0,4.5,5.0', '-log-level=WARNING']
2023-11-26 20:06:45;UNIUSDT;30m;4.5;175;36;74;100.0;6;140.07;['-batch-training', '-calc-rsi', '-verbose', '-prediction-mode=index', '-interval-list=30m', '-range-min-rsi=28', '-range-max-rsi=80', '-range-p-ema=50,250', '-target-margin-list=1.0,1.5,2.0,2.5,3.0,3.5,4.0,4.5,5.0', '-log-level=WARNING']
2023-11-26 20:18:33;UNIUSDT;30m;4.5;200;36;76;100.0;7;140.07;['-batch-training', '-calc-rsi', '-verbose', '-prediction-mode=index', '-interval-list=30m', '-range-min-rsi=28', '-range-max-rsi=80', '-range-p-ema=50,250', '-target-margin-list=1.0,1.5,2.0,2.5,3.0,3.5,4.0,4.5,5.0', '-log-level=WARNING']
2023-11-26 20:19:06;UNIUSDT;30m;4.5;200;36;80;100.0;4;140.07;['-batch-training', '-calc-rsi', '-verbose', '-prediction-mode=index', '-interval-list=30m', '-range-min-rsi=28', '-range-max-rsi=80', '-range-p-ema=50,250', '-target-margin-list=1.0,1.5,2.0,2.5,3.0,3.5,4.0,4.5,5.0', '-log-level=WARNING']
2023-11-26 20:07:11;UNIUSDT;30m;4.5;175;36;78;100.0;6;140.07;['-batch-training', '-calc-rsi', '-verbose', '-prediction-mode=index', '-interval-list=30m', '-range-min-rsi=28', '-range-max-rsi=80', '-range-p-ema=50,250', '-target-margin-list=1.0,1.5,2.0,2.5,3.0,3.5,4.0,4.5,5.0', '-log-level=WARNING']
2023-11-26 20:07:11;UNIUSDT;30m;4.5;175;36;78;100.0;5;140.07;['-batch-training', '-calc-rsi', '-verbose', '-prediction-mode=index', '-interval-list=30m', '-range-min-rsi=28', '-range-max-rsi=80', '-range-p-ema=50,250', '-target-margin-list=1.0,1.5,2.0,2.5,3.0,3.5,4.0,4.5,5.0', '-log-level=WARNING']
2023-11-26 20:07:11;UNIUSDT;30m;4.5;175;36;78;100.0;4;140.07;['-batch-training', '-calc-rsi', '-verbose', '-prediction-mode=index', '-interval-list=30m', '-range-min-rsi=28', '-range-max-rsi=80', '-range-p-ema=50,250', '-target-margin-list=1.0,1.5,2.0,2.5,3.0,3.5,4.0,4.5,5.0', '-log-level=WARNING']
2023-11-26 20:18:32;UNIUSDT;30m;4.5;200;36;76;100.0;4;140.07;['-batch-training', '-calc-rsi', '-verbose', '-prediction-mode=index', '-interval-list=30m', '-range-min-rsi=28', '-range-max-rsi=80', '-range-p-ema=50,250', '-target-margin-list=1.0,1.5,2.0,2.5,3.0,3.5,4.0,4.5,5.0', '-log-level=WARNING']
2023-11-26 20:36:50;UNIUSDT;30m;2.0;250;34;72;100.0;6;140.14;['-batch-training', '-calc-rsi', '-verbose', '-prediction-mode=index', '-interval-list=30m', '-range-min-rsi=28', '-range-max-rsi=80', '-range-p-ema=50,250', '-target-margin-list=1.0,1.5,2.0,2.5,3.0,3.5,4.0,4.5,5.0', '-log-level=WARNING']
2023-11-26 19:30:03;UNIUSDT;30m;3.0;100;34;72;100.0;4;140.16;['-batch-training', '-calc-rsi', '-verbose', '-prediction-mode=index', '-interval-list=30m', '-range-min-rsi=28', '-range-max-rsi=80', '-range-p-ema=50,250', '-target-margin-list=1.0,1.5,2.0,2.5,3.0,3.5,4.0,4.5,5.0', '-log-level=WARNING']
2023-11-26 21:09:34;UNIUSDT;30m;3.0;75;34;72;100.0;4;140.16;['-batch-training', '-calc-rsi', '-verbose', '-prediction-mode=index', '-interval-list=30m', '-range-min-rsi=28', '-range-max-rsi=80', '-range-p-ema=50,250', '-target-margin-list=1.0,1.5,2.0,2.5,3.0,3.5,4.0,4.5,5.0', '-log-level=WARNING']
2023-11-26 20:54:06;UNIUSDT;30m;3.0;50;34;72;100.0;4;140.16;['-batch-training', '-calc-rsi', '-verbose', '-prediction-mode=index', '-interval-list=30m', '-range-min-rsi=28', '-range-max-rsi=80', '-range-p-ema=50,250', '-target-margin-list=1.0,1.5,2.0,2.5,3.0,3.5,4.0,4.5,5.0', '-log-level=WARNING']
2023-11-26 19:41:32;UNIUSDT;30m;3.0;125;34;72;100.0;4;140.16;['-batch-training', '-calc-rsi', '-verbose', '-prediction-mode=index', '-interval-list=30m', '-range-min-rsi=28', '-range-max-rsi=80', '-range-p-ema=50,250', '-target-margin-list=1.0,1.5,2.0,2.5,3.0,3.5,4.0,4.5,5.0', '-log-level=WARNING']
2023-11-26 19:41:16;UNIUSDT;30m;2.5;125;34;80;100.0;3;140.17;['-batch-training', '-calc-rsi', '-verbose', '-prediction-mode=index', '-interval-list=30m', '-range-min-rsi=28', '-range-max-rsi=80', '-range-p-ema=50,250', '-target-margin-list=1.0,1.5,2.0,2.5,3.0,3.5,4.0,4.5,5.0', '-log-level=WARNING']
2023-11-26 21:09:13;UNIUSDT;30m;2.5;75;34;80;100.0;3;140.17;['-batch-training', '-calc-rsi', '-verbose', '-prediction-mode=index', '-interval-list=30m', '-range-min-rsi=28', '-range-max-rsi=80', '-range-p-ema=50,250', '-target-margin-list=1.0,1.5,2.0,2.5,3.0,3.5,4.0,4.5,5.0', '-log-level=WARNING']
2023-11-26 20:53:46;UNIUSDT;30m;2.5;50;34;80;100.0;3;140.17;['-batch-training', '-calc-rsi', '-verbose', '-prediction-mode=index', '-interval-list=30m', '-range-min-rsi=28', '-range-max-rsi=80', '-range-p-ema=50,250', '-target-margin-list=1.0,1.5,2.0,2.5,3.0,3.5,4.0,4.5,5.0', '-log-level=WARNING']
2023-11-26 19:29:47;UNIUSDT;30m;2.5;100;34;80;100.0;3;140.17;['-batch-training', '-calc-rsi', '-verbose', '-prediction-mode=index', '-interval-list=30m', '-range-min-rsi=28', '-range-max-rsi=80', '-range-p-ema=50,250', '-target-margin-list=1.0,1.5,2.0,2.5,3.0,3.5,4.0,4.5,5.0', '-log-level=WARNING']
2023-11-26 20:22:15;UNIUSDT;30m;1.5;225;36;72;100.0;6;140.23;['-batch-training', '-calc-rsi', '-verbose', '-prediction-mode=index', '-interval-list=30m', '-range-min-rsi=28', '-range-max-rsi=80', '-range-p-ema=50,250', '-target-margin-list=1.0,1.5,2.0,2.5,3.0,3.5,4.0,4.5,5.0', '-log-level=WARNING']
2023-11-26 20:42:12;UNIUSDT;30m;3.5;250;30;78;100.0;2;140.34;['-batch-training', '-calc-rsi', '-verbose', '-prediction-mode=index', '-interval-list=30m', '-range-min-rsi=28', '-range-max-rsi=80', '-range-p-ema=50,250', '-target-margin-list=1.0,1.5,2.0,2.5,3.0,3.5,4.0,4.5,5.0', '-log-level=WARNING']
2023-11-26 20:40:29;UNIUSDT;30m;3.0;250;34;76;100.0;7;140.41;['-batch-training', '-calc-rsi', '-verbose', '-prediction-mode=index', '-interval-list=30m', '-range-min-rsi=28', '-range-max-rsi=80', '-range-p-ema=50,250', '-target-margin-list=1.0,1.5,2.0,2.5,3.0,3.5,4.0,4.5,5.0', '-log-level=WARNING']
2023-11-26 20:11:15;UNIUSDT;30m;2.0;200;36;72;100.0;4;140.41;['-batch-training', '-calc-rsi', '-verbose', '-prediction-mode=index', '-interval-list=30m', '-range-min-rsi=28', '-range-max-rsi=80', '-range-p-ema=50,250', '-target-margin-list=1.0,1.5,2.0,2.5,3.0,3.5,4.0,4.5,5.0', '-log-level=WARNING']
2023-11-26 20:40:29;UNIUSDT;30m;3.0;250;34;76;100.0;6;140.41;['-batch-training', '-calc-rsi', '-verbose', '-prediction-mode=index', '-interval-list=30m', '-range-min-rsi=28', '-range-max-rsi=80', '-range-p-ema=50,250', '-target-margin-list=1.0,1.5,2.0,2.5,3.0,3.5,4.0,4.5,5.0', '-log-level=WARNING']
2023-11-26 20:40:10;UNIUSDT;30m;3.0;250;34;74;100.0;6;140.41;['-batch-training', '-calc-rsi', '-verbose', '-prediction-mode=index', '-interval-list=30m', '-range-min-rsi=28', '-range-max-rsi=80', '-range-p-ema=50,250', '-target-margin-list=1.0,1.5,2.0,2.5,3.0,3.5,4.0,4.5,5.0', '-log-level=WARNING']
2023-11-26 20:40:47;UNIUSDT;30m;3.0;250;34;78;100.0;7;140.41;['-batch-training', '-calc-rsi', '-verbose', '-prediction-mode=index', '-interval-list=30m', '-range-min-rsi=28', '-range-max-rsi=80', '-range-p-ema=50,250', '-target-margin-list=1.0,1.5,2.0,2.5,3.0,3.5,4.0,4.5,5.0', '-log-level=WARNING']
2023-11-26 20:40:47;UNIUSDT;30m;3.0;250;34;78;100.0;6;140.41;['-batch-training', '-calc-rsi', '-verbose', '-prediction-mode=index', '-interval-list=30m', '-range-min-rsi=28', '-range-max-rsi=80', '-range-p-ema=50,250', '-target-margin-list=1.0,1.5,2.0,2.5,3.0,3.5,4.0,4.5,5.0', '-log-level=WARNING']
2023-11-26 20:40:10;UNIUSDT;30m;3.0;250;34;74;100.0;7;140.41;['-batch-training', '-calc-rsi', '-verbose', '-prediction-mode=index', '-interval-list=30m', '-range-min-rsi=28', '-range-max-rsi=80', '-range-p-ema=50,250', '-target-margin-list=1.0,1.5,2.0,2.5,3.0,3.5,4.0,4.5,5.0', '-log-level=WARNING']
2023-11-26 19:53:13;UNIUSDT;30m;3.0;150;34;74;100.0;4;140.53;['-batch-training', '-calc-rsi', '-verbose', '-prediction-mode=index', '-interval-list=30m', '-range-min-rsi=28', '-range-max-rsi=80', '-range-p-ema=50,250', '-target-margin-list=1.0,1.5,2.0,2.5,3.0,3.5,4.0,4.5,5.0', '-log-level=WARNING']
2023-11-26 20:13:06;UNIUSDT;30m;2.5;200;36;76;100.0;3;140.54;['-batch-training', '-calc-rsi', '-verbose', '-prediction-mode=index', '-interval-list=30m', '-range-min-rsi=28', '-range-max-rsi=80', '-range-p-ema=50,250', '-target-margin-list=1.0,1.5,2.0,2.5,3.0,3.5,4.0,4.5,5.0', '-log-level=WARNING']
2023-11-26 20:25:36;UNIUSDT;30m;2.5;225;32;76;100.0;3;140.6;['-batch-training', '-calc-rsi', '-verbose', '-prediction-mode=index', '-interval-list=30m', '-range-min-rsi=28', '-range-max-rsi=80', '-range-p-ema=50,250', '-target-margin-list=1.0,1.5,2.0,2.5,3.0,3.5,4.0,4.5,5.0', '-log-level=WARNING']
2023-11-26 20:38:53;UNIUSDT;30m;2.5;250;32;76;100.0;3;140.6;['-batch-training', '-calc-rsi', '-verbose', '-prediction-mode=index', '-interval-list=30m', '-range-min-rsi=28', '-range-max-rsi=80', '-range-p-ema=50,250', '-target-margin-list=1.0,1.5,2.0,2.5,3.0,3.5,4.0,4.5,5.0', '-log-level=WARNING']
2023-11-26 20:13:00;UNIUSDT;30m;2.5;200;32;76;100.0;3;140.6;['-batch-training', '-calc-rsi', '-verbose', '-prediction-mode=index', '-interval-list=30m', '-range-min-rsi=28', '-range-max-rsi=80', '-range-p-ema=50,250', '-target-margin-list=1.0,1.5,2.0,2.5,3.0,3.5,4.0,4.5,5.0', '-log-level=WARNING']
2023-11-26 20:02:28;UNIUSDT;30m;2.5;175;32;76;100.0;3;140.6;['-batch-training', '-calc-rsi', '-verbose', '-prediction-mode=index', '-interval-list=30m', '-range-min-rsi=28', '-range-max-rsi=80', '-range-p-ema=50,250', '-target-margin-list=1.0,1.5,2.0,2.5,3.0,3.5,4.0,4.5,5.0', '-log-level=WARNING']
2023-11-26 19:52:15;UNIUSDT;30m;2.5;150;32;76;100.0;3;140.6;['-batch-training', '-calc-rsi', '-verbose', '-prediction-mode=index', '-interval-list=30m', '-range-min-rsi=28', '-range-max-rsi=80', '-range-p-ema=50,250', '-target-margin-list=1.0,1.5,2.0,2.5,3.0,3.5,4.0,4.5,5.0', '-log-level=WARNING']
2023-11-26 20:42:38;UNIUSDT;30m;3.5;250;34;80;100.0;3;140.61;['-batch-training', '-calc-rsi', '-verbose', '-prediction-mode=index', '-interval-list=30m', '-range-min-rsi=28', '-range-max-rsi=80', '-range-p-ema=50,250', '-target-margin-list=1.0,1.5,2.0,2.5,3.0,3.5,4.0,4.5,5.0', '-log-level=WARNING']
2023-11-26 20:18:29;UNIUSDT;30m;4.5;200;34;76;100.0;5;140.69;['-batch-training', '-calc-rsi', '-verbose', '-prediction-mode=index', '-interval-list=30m', '-range-min-rsi=28', '-range-max-rsi=80', '-range-p-ema=50,250', '-target-margin-list=1.0,1.5,2.0,2.5,3.0,3.5,4.0,4.5,5.0', '-log-level=WARNING']
2023-11-26 20:07:22;UNIUSDT;30m;4.5;175;34;80;100.0;6;140.69;['-batch-training', '-calc-rsi', '-verbose', '-prediction-mode=index', '-interval-list=30m', '-range-min-rsi=28', '-range-max-rsi=80', '-range-p-ema=50,250', '-target-margin-list=1.0,1.5,2.0,2.5,3.0,3.5,4.0,4.5,5.0', '-log-level=WARNING']
2023-11-26 20:19:03;UNIUSDT;30m;4.5;200;34;80;100.0;6;140.69;['-batch-training', '-calc-rsi', '-verbose', '-prediction-mode=index', '-interval-list=30m', '-range-min-rsi=28', '-range-max-rsi=80', '-range-p-ema=50,250', '-target-margin-list=1.0,1.5,2.0,2.5,3.0,3.5,4.0,4.5,5.0', '-log-level=WARNING']
2023-11-26 20:18:29;UNIUSDT;30m;4.5;200;34;76;100.0;7;140.69;['-batch-training', '-calc-rsi', '-verbose', '-prediction-mode=index', '-interval-list=30m', '-range-min-rsi=28', '-range-max-rsi=80', '-range-p-ema=50,250', '-target-margin-list=1.0,1.5,2.0,2.5,3.0,3.5,4.0,4.5,5.0', '-log-level=WARNING']
2023-11-26 20:07:21;UNIUSDT;30m;4.5;175;34;80;100.0;5;140.69;['-batch-training', '-calc-rsi', '-verbose', '-prediction-mode=index', '-interval-list=30m', '-range-min-rsi=28', '-range-max-rsi=80', '-range-p-ema=50,250', '-target-margin-list=1.0,1.5,2.0,2.5,3.0,3.5,4.0,4.5,5.0', '-log-level=WARNING']
2023-11-26 20:18:46;UNIUSDT;30m;4.5;200;34;78;100.0;6;140.69;['-batch-training', '-calc-rsi', '-verbose', '-prediction-mode=index', '-interval-list=30m', '-range-min-rsi=28', '-range-max-rsi=80', '-range-p-ema=50,250', '-target-margin-list=1.0,1.5,2.0,2.5,3.0,3.5,4.0,4.5,5.0', '-log-level=WARNING']
2023-11-26 19:59:42;UNIUSDT;30m;1.5;175;30;72;100.0;6;140.69;['-batch-training', '-calc-rsi', '-verbose', '-prediction-mode=index', '-interval-list=30m', '-range-min-rsi=28', '-range-max-rsi=80', '-range-p-ema=50,250', '-target-margin-list=1.0,1.5,2.0,2.5,3.0,3.5,4.0,4.5,5.0', '-log-level=WARNING']
2023-11-26 20:18:29;UNIUSDT;30m;4.5;200;34;76;100.0;6;140.69;['-batch-training', '-calc-rsi', '-verbose', '-prediction-mode=index', '-interval-list=30m', '-range-min-rsi=28', '-range-max-rsi=80', '-range-p-ema=50,250', '-target-margin-list=1.0,1.5,2.0,2.5,3.0,3.5,4.0,4.5,5.0', '-log-level=WARNING']
2023-11-26 19:49:05;UNIUSDT;30m;1.5;150;30;72;100.0;6;140.69;['-batch-training', '-calc-rsi', '-verbose', '-prediction-mode=index', '-interval-list=30m', '-range-min-rsi=28', '-range-max-rsi=80', '-range-p-ema=50,250', '-target-margin-list=1.0,1.5,2.0,2.5,3.0,3.5,4.0,4.5,5.0', '-log-level=WARNING']
2023-11-26 20:18:29;UNIUSDT;30m;4.5;200;34;76;100.0;4;140.69;['-batch-training', '-calc-rsi', '-verbose', '-prediction-mode=index', '-interval-list=30m', '-range-min-rsi=28', '-range-max-rsi=80', '-range-p-ema=50,250', '-target-margin-list=1.0,1.5,2.0,2.5,3.0,3.5,4.0,4.5,5.0', '-log-level=WARNING']
2023-11-26 20:19:03;UNIUSDT;30m;4.5;200;34;80;100.0;7;140.69;['-batch-training', '-calc-rsi', '-verbose', '-prediction-mode=index', '-interval-list=30m', '-range-min-rsi=28', '-range-max-rsi=80', '-range-p-ema=50,250', '-target-margin-list=1.0,1.5,2.0,2.5,3.0,3.5,4.0,4.5,5.0', '-log-level=WARNING']
2023-11-26 20:07:21;UNIUSDT;30m;4.5;175;34;80;100.0;4;140.69;['-batch-training', '-calc-rsi', '-verbose', '-prediction-mode=index', '-interval-list=30m', '-range-min-rsi=28', '-range-max-rsi=80', '-range-p-ema=50,250', '-target-margin-list=1.0,1.5,2.0,2.5,3.0,3.5,4.0,4.5,5.0', '-log-level=WARNING']
2023-11-26 20:49:05;UNIUSDT;30m;1.5;50;30;72;100.0;6;140.69;['-batch-training', '-calc-rsi', '-verbose', '-prediction-mode=index', '-interval-list=30m', '-range-min-rsi=28', '-range-max-rsi=80', '-range-p-ema=50,250', '-target-margin-list=1.0,1.5,2.0,2.5,3.0,3.5,4.0,4.5,5.0', '-log-level=WARNING']
2023-11-26 20:07:21;UNIUSDT;30m;4.5;175;34;80;100.0;7;140.69;['-batch-training', '-calc-rsi', '-verbose', '-prediction-mode=index', '-interval-list=30m', '-range-min-rsi=28', '-range-max-rsi=80', '-range-p-ema=50,250', '-target-margin-list=1.0,1.5,2.0,2.5,3.0,3.5,4.0,4.5,5.0', '-log-level=WARNING']
2023-11-26 21:04:01;UNIUSDT;30m;1.5;75;30;72;100.0;6;140.69;['-batch-training', '-calc-rsi', '-verbose', '-prediction-mode=index', '-interval-list=30m', '-range-min-rsi=28', '-range-max-rsi=80', '-range-p-ema=50,250', '-target-margin-list=1.0,1.5,2.0,2.5,3.0,3.5,4.0,4.5,5.0', '-log-level=WARNING']
2023-11-26 20:18:13;UNIUSDT;30m;4.5;200;34;74;100.0;7;140.69;['-batch-training', '-calc-rsi', '-verbose', '-prediction-mode=index', '-interval-list=30m', '-range-min-rsi=28', '-range-max-rsi=80', '-range-p-ema=50,250', '-target-margin-list=1.0,1.5,2.0,2.5,3.0,3.5,4.0,4.5,5.0', '-log-level=WARNING']
2023-11-26 20:06:55;UNIUSDT;30m;4.5;175;34;76;100.0;4;140.69;['-batch-training', '-calc-rsi', '-verbose', '-prediction-mode=index', '-interval-list=30m', '-range-min-rsi=28', '-range-max-rsi=80', '-range-p-ema=50,250', '-target-margin-list=1.0,1.5,2.0,2.5,3.0,3.5,4.0,4.5,5.0', '-log-level=WARNING']
2023-11-26 20:06:55;UNIUSDT;30m;4.5;175;34;76;100.0;5;140.69;['-batch-training', '-calc-rsi', '-verbose', '-prediction-mode=index', '-interval-list=30m', '-range-min-rsi=28', '-range-max-rsi=80', '-range-p-ema=50,250', '-target-margin-list=1.0,1.5,2.0,2.5,3.0,3.5,4.0,4.5,5.0', '-log-level=WARNING']
2023-11-26 20:19:03;UNIUSDT;30m;4.5;200;34;80;100.0;5;140.69;['-batch-training', '-calc-rsi', '-verbose', '-prediction-mode=index', '-interval-list=30m', '-range-min-rsi=28', '-range-max-rsi=80', '-range-p-ema=50,250', '-target-margin-list=1.0,1.5,2.0,2.5,3.0,3.5,4.0,4.5,5.0', '-log-level=WARNING']
2023-11-26 20:06:55;UNIUSDT;30m;4.5;175;34;76;100.0;6;140.69;['-batch-training', '-calc-rsi', '-verbose', '-prediction-mode=index', '-interval-list=30m', '-range-min-rsi=28', '-range-max-rsi=80', '-range-p-ema=50,250', '-target-margin-list=1.0,1.5,2.0,2.5,3.0,3.5,4.0,4.5,5.0', '-log-level=WARNING']
2023-11-26 20:18:13;UNIUSDT;30m;4.5;200;34;74;100.0;4;140.69;['-batch-training', '-calc-rsi', '-verbose', '-prediction-mode=index', '-interval-list=30m', '-range-min-rsi=28', '-range-max-rsi=80', '-range-p-ema=50,250', '-target-margin-list=1.0,1.5,2.0,2.5,3.0,3.5,4.0,4.5,5.0', '-log-level=WARNING']
2023-11-26 20:06:43;UNIUSDT;30m;4.5;175;34;74;100.0;4;140.69;['-batch-training', '-calc-rsi', '-verbose', '-prediction-mode=index', '-interval-list=30m', '-range-min-rsi=28', '-range-max-rsi=80', '-range-p-ema=50,250', '-target-margin-list=1.0,1.5,2.0,2.5,3.0,3.5,4.0,4.5,5.0', '-log-level=WARNING']
2023-11-26 19:37:33;UNIUSDT;30m;1.5;125;30;72;100.0;6;140.69;['-batch-training', '-calc-rsi', '-verbose', '-prediction-mode=index', '-interval-list=30m', '-range-min-rsi=28', '-range-max-rsi=80', '-range-p-ema=50,250', '-target-margin-list=1.0,1.5,2.0,2.5,3.0,3.5,4.0,4.5,5.0', '-log-level=WARNING']
2023-11-26 20:18:46;UNIUSDT;30m;4.5;200;34;78;100.0;4;140.69;['-batch-training', '-calc-rsi', '-verbose', '-prediction-mode=index', '-interval-list=30m', '-range-min-rsi=28', '-range-max-rsi=80', '-range-p-ema=50,250', '-target-margin-list=1.0,1.5,2.0,2.5,3.0,3.5,4.0,4.5,5.0', '-log-level=WARNING']
2023-11-26 20:06:55;UNIUSDT;30m;4.5;175;34;76;100.0;7;140.69;['-batch-training', '-calc-rsi', '-verbose', '-prediction-mode=index', '-interval-list=30m', '-range-min-rsi=28', '-range-max-rsi=80', '-range-p-ema=50,250', '-target-margin-list=1.0,1.5,2.0,2.5,3.0,3.5,4.0,4.5,5.0', '-log-level=WARNING']
2023-11-26 20:06:42;UNIUSDT;30m;4.5;175;34;74;100.0;7;140.69;['-batch-training', '-calc-rsi', '-verbose', '-prediction-mode=index', '-interval-list=30m', '-range-min-rsi=28', '-range-max-rsi=80', '-range-p-ema=50,250', '-target-margin-list=1.0,1.5,2.0,2.5,3.0,3.5,4.0,4.5,5.0', '-log-level=WARNING']
2023-11-26 20:19:03;UNIUSDT;30m;4.5;200;34;80;100.0;4;140.69;['-batch-training', '-calc-rsi', '-verbose', '-prediction-mode=index', '-interval-list=30m', '-range-min-rsi=28', '-range-max-rsi=80', '-range-p-ema=50,250', '-target-margin-list=1.0,1.5,2.0,2.5,3.0,3.5,4.0,4.5,5.0', '-log-level=WARNING']
2023-11-26 20:06:42;UNIUSDT;30m;4.5;175;34;74;100.0;5;140.69;['-batch-training', '-calc-rsi', '-verbose', '-prediction-mode=index', '-interval-list=30m', '-range-min-rsi=28', '-range-max-rsi=80', '-range-p-ema=50,250', '-target-margin-list=1.0,1.5,2.0,2.5,3.0,3.5,4.0,4.5,5.0', '-log-level=WARNING']
2023-11-26 20:18:13;UNIUSDT;30m;4.5;200;34;74;100.0;5;140.69;['-batch-training', '-calc-rsi', '-verbose', '-prediction-mode=index', '-interval-list=30m', '-range-min-rsi=28', '-range-max-rsi=80', '-range-p-ema=50,250', '-target-margin-list=1.0,1.5,2.0,2.5,3.0,3.5,4.0,4.5,5.0', '-log-level=WARNING']
2023-11-26 20:22:05;UNIUSDT;30m;1.5;225;30;72;100.0;6;140.69;['-batch-training', '-calc-rsi', '-verbose', '-prediction-mode=index', '-interval-list=30m', '-range-min-rsi=28', '-range-max-rsi=80', '-range-p-ema=50,250', '-target-margin-list=1.0,1.5,2.0,2.5,3.0,3.5,4.0,4.5,5.0', '-log-level=WARNING']
2023-11-26 20:07:08;UNIUSDT;30m;4.5;175;34;78;100.0;4;140.69;['-batch-training', '-calc-rsi', '-verbose', '-prediction-mode=index', '-interval-list=30m', '-range-min-rsi=28', '-range-max-rsi=80', '-range-p-ema=50,250', '-target-margin-list=1.0,1.5,2.0,2.5,3.0,3.5,4.0,4.5,5.0', '-log-level=WARNING']
2023-11-26 20:07:08;UNIUSDT;30m;4.5;175;34;78;100.0;5;140.69;['-batch-training', '-calc-rsi', '-verbose', '-prediction-mode=index', '-interval-list=30m', '-range-min-rsi=28', '-range-max-rsi=80', '-range-p-ema=50,250', '-target-margin-list=1.0,1.5,2.0,2.5,3.0,3.5,4.0,4.5,5.0', '-log-level=WARNING']
2023-11-26 20:07:08;UNIUSDT;30m;4.5;175;34;78;100.0;6;140.69;['-batch-training', '-calc-rsi', '-verbose', '-prediction-mode=index', '-interval-list=30m', '-range-min-rsi=28', '-range-max-rsi=80', '-range-p-ema=50,250', '-target-margin-list=1.0,1.5,2.0,2.5,3.0,3.5,4.0,4.5,5.0', '-log-level=WARNING']
2023-11-26 20:07:08;UNIUSDT;30m;4.5;175;34;78;100.0;7;140.69;['-batch-training', '-calc-rsi', '-verbose', '-prediction-mode=index', '-interval-list=30m', '-range-min-rsi=28', '-range-max-rsi=80', '-range-p-ema=50,250', '-target-margin-list=1.0,1.5,2.0,2.5,3.0,3.5,4.0,4.5,5.0', '-log-level=WARNING']
2023-11-26 20:18:46;UNIUSDT;30m;4.5;200;34;78;100.0;5;140.69;['-batch-training', '-calc-rsi', '-verbose', '-prediction-mode=index', '-interval-list=30m', '-range-min-rsi=28', '-range-max-rsi=80', '-range-p-ema=50,250', '-target-margin-list=1.0,1.5,2.0,2.5,3.0,3.5,4.0,4.5,5.0', '-log-level=WARNING']
2023-11-26 20:18:46;UNIUSDT;30m;4.5;200;34;78;100.0;7;140.69;['-batch-training', '-calc-rsi', '-verbose', '-prediction-mode=index', '-interval-list=30m', '-range-min-rsi=28', '-range-max-rsi=80', '-range-p-ema=50,250', '-target-margin-list=1.0,1.5,2.0,2.5,3.0,3.5,4.0,4.5,5.0', '-log-level=WARNING']
2023-11-26 20:18:13;UNIUSDT;30m;4.5;200;34;74;100.0;6;140.69;['-batch-training', '-calc-rsi', '-verbose', '-prediction-mode=index', '-interval-list=30m', '-range-min-rsi=28', '-range-max-rsi=80', '-range-p-ema=50,250', '-target-margin-list=1.0,1.5,2.0,2.5,3.0,3.5,4.0,4.5,5.0', '-log-level=WARNING']
2023-11-26 19:26:04;UNIUSDT;30m;1.5;100;30;72;100.0;6;140.69;['-batch-training', '-calc-rsi', '-verbose', '-prediction-mode=index', '-interval-list=30m', '-range-min-rsi=28', '-range-max-rsi=80', '-range-p-ema=50,250', '-target-margin-list=1.0,1.5,2.0,2.5,3.0,3.5,4.0,4.5,5.0', '-log-level=WARNING']
2023-11-26 20:06:42;UNIUSDT;30m;4.5;175;34;74;100.0;6;140.69;['-batch-training', '-calc-rsi', '-verbose', '-prediction-mode=index', '-interval-list=30m', '-range-min-rsi=28', '-range-max-rsi=80', '-range-p-ema=50,250', '-target-margin-list=1.0,1.5,2.0,2.5,3.0,3.5,4.0,4.5,5.0', '-log-level=WARNING']
2023-11-26 20:09:48;UNIUSDT;30m;1.5;200;30;72;100.0;6;140.69;['-batch-training', '-calc-rsi', '-verbose', '-prediction-mode=index', '-interval-list=30m', '-range-min-rsi=28', '-range-max-rsi=80', '-range-p-ema=50,250', '-target-margin-list=1.0,1.5,2.0,2.5,3.0,3.5,4.0,4.5,5.0', '-log-level=WARNING']
2023-11-26 20:44:15;UNIUSDT;30m;4.0;250;36;80;100.0;6;140.76;['-batch-training', '-calc-rsi', '-verbose', '-prediction-mode=index', '-interval-list=30m', '-range-min-rsi=28', '-range-max-rsi=80', '-range-p-ema=50,250', '-target-margin-list=1.0,1.5,2.0,2.5,3.0,3.5,4.0,4.5,5.0', '-log-level=WARNING']
2023-11-26 20:30:04;UNIUSDT;30m;4.0;225;36;76;100.0;5;140.76;['-batch-training', '-calc-rsi', '-verbose', '-prediction-mode=index', '-interval-list=30m', '-range-min-rsi=28', '-range-max-rsi=80', '-range-p-ema=50,250', '-target-margin-list=1.0,1.5,2.0,2.5,3.0,3.5,4.0,4.5,5.0', '-log-level=WARNING']
2023-11-26 20:44:15;UNIUSDT;30m;4.0;250;36;80;100.0;5;140.76;['-batch-training', '-calc-rsi', '-verbose', '-prediction-mode=index', '-interval-list=30m', '-range-min-rsi=28', '-range-max-rsi=80', '-range-p-ema=50,250', '-target-margin-list=1.0,1.5,2.0,2.5,3.0,3.5,4.0,4.5,5.0', '-log-level=WARNING']
2023-11-26 20:30:39;UNIUSDT;30m;4.0;225;36;80;100.0;5;140.76;['-batch-training', '-calc-rsi', '-verbose', '-prediction-mode=index', '-interval-list=30m', '-range-min-rsi=28', '-range-max-rsi=80', '-range-p-ema=50,250', '-target-margin-list=1.0,1.5,2.0,2.5,3.0,3.5,4.0,4.5,5.0', '-log-level=WARNING']
2023-11-26 20:43:56;UNIUSDT;30m;4.0;250;36;78;100.0;5;140.76;['-batch-training', '-calc-rsi', '-verbose', '-prediction-mode=index', '-interval-list=30m', '-range-min-rsi=28', '-range-max-rsi=80', '-range-p-ema=50,250', '-target-margin-list=1.0,1.5,2.0,2.5,3.0,3.5,4.0,4.5,5.0', '-log-level=WARNING']
2023-11-26 20:30:04;UNIUSDT;30m;4.0;225;36;76;100.0;6;140.76;['-batch-training', '-calc-rsi', '-verbose', '-prediction-mode=index', '-interval-list=30m', '-range-min-rsi=28', '-range-max-rsi=80', '-range-p-ema=50,250', '-target-margin-list=1.0,1.5,2.0,2.5,3.0,3.5,4.0,4.5,5.0', '-log-level=WARNING']
2023-11-26 20:30:04;UNIUSDT;30m;4.0;225;36;76;100.0;7;140.76;['-batch-training', '-calc-rsi', '-verbose', '-prediction-mode=index', '-interval-list=30m', '-range-min-rsi=28', '-range-max-rsi=80', '-range-p-ema=50,250', '-target-margin-list=1.0,1.5,2.0,2.5,3.0,3.5,4.0,4.5,5.0', '-log-level=WARNING']
2023-11-26 20:43:56;UNIUSDT;30m;4.0;250;36;78;100.0;7;140.76;['-batch-training', '-calc-rsi', '-verbose', '-prediction-mode=index', '-interval-list=30m', '-range-min-rsi=28', '-range-max-rsi=80', '-range-p-ema=50,250', '-target-margin-list=1.0,1.5,2.0,2.5,3.0,3.5,4.0,4.5,5.0', '-log-level=WARNING']
2023-11-26 20:44:15;UNIUSDT;30m;4.0;250;36;80;100.0;7;140.76;['-batch-training', '-calc-rsi', '-verbose', '-prediction-mode=index', '-interval-list=30m', '-range-min-rsi=28', '-range-max-rsi=80', '-range-p-ema=50,250', '-target-margin-list=1.0,1.5,2.0,2.5,3.0,3.5,4.0,4.5,5.0', '-log-level=WARNING']
2023-11-26 20:30:21;UNIUSDT;30m;4.0;225;36;78;100.0;5;140.76;['-batch-training', '-calc-rsi', '-verbose', '-prediction-mode=index', '-interval-list=30m', '-range-min-rsi=28', '-range-max-rsi=80', '-range-p-ema=50,250', '-target-margin-list=1.0,1.5,2.0,2.5,3.0,3.5,4.0,4.5,5.0', '-log-level=WARNING']
2023-11-26 20:30:21;UNIUSDT;30m;4.0;225;36;78;100.0;7;140.76;['-batch-training', '-calc-rsi', '-verbose', '-prediction-mode=index', '-interval-list=30m', '-range-min-rsi=28', '-range-max-rsi=80', '-range-p-ema=50,250', '-target-margin-list=1.0,1.5,2.0,2.5,3.0,3.5,4.0,4.5,5.0', '-log-level=WARNING']
2023-11-26 20:43:56;UNIUSDT;30m;4.0;250;36;78;100.0;6;140.76;['-batch-training', '-calc-rsi', '-verbose', '-prediction-mode=index', '-interval-list=30m', '-range-min-rsi=28', '-range-max-rsi=80', '-range-p-ema=50,250', '-target-margin-list=1.0,1.5,2.0,2.5,3.0,3.5,4.0,4.5,5.0', '-log-level=WARNING']
2023-11-26 20:43:37;UNIUSDT;30m;4.0;250;36;76;100.0;7;140.76;['-batch-training', '-calc-rsi', '-verbose', '-prediction-mode=index', '-interval-list=30m', '-range-min-rsi=28', '-range-max-rsi=80', '-range-p-ema=50,250', '-target-margin-list=1.0,1.5,2.0,2.5,3.0,3.5,4.0,4.5,5.0', '-log-level=WARNING']
2023-11-26 20:43:37;UNIUSDT;30m;4.0;250;36;76;100.0;6;140.76;['-batch-training', '-calc-rsi', '-verbose', '-prediction-mode=index', '-interval-list=30m', '-range-min-rsi=28', '-range-max-rsi=80', '-range-p-ema=50,250', '-target-margin-list=1.0,1.5,2.0,2.5,3.0,3.5,4.0,4.5,5.0', '-log-level=WARNING']
2023-11-26 20:43:37;UNIUSDT;30m;4.0;250;36;76;100.0;5;140.76;['-batch-training', '-calc-rsi', '-verbose', '-prediction-mode=index', '-interval-list=30m', '-range-min-rsi=28', '-range-max-rsi=80', '-range-p-ema=50,250', '-target-margin-list=1.0,1.5,2.0,2.5,3.0,3.5,4.0,4.5,5.0', '-log-level=WARNING']
2023-11-26 20:30:39;UNIUSDT;30m;4.0;225;36;80;100.0;6;140.76;['-batch-training', '-calc-rsi', '-verbose', '-prediction-mode=index', '-interval-list=30m', '-range-min-rsi=28', '-range-max-rsi=80', '-range-p-ema=50,250', '-target-margin-list=1.0,1.5,2.0,2.5,3.0,3.5,4.0,4.5,5.0', '-log-level=WARNING']
2023-11-26 20:30:21;UNIUSDT;30m;4.0;225;36;78;100.0;6;140.76;['-batch-training', '-calc-rsi', '-verbose', '-prediction-mode=index', '-interval-list=30m', '-range-min-rsi=28', '-range-max-rsi=80', '-range-p-ema=50,250', '-target-margin-list=1.0,1.5,2.0,2.5,3.0,3.5,4.0,4.5,5.0', '-log-level=WARNING']
2023-11-26 20:43:20;UNIUSDT;30m;4.0;250;36;74;100.0;7;140.76;['-batch-training', '-calc-rsi', '-verbose', '-prediction-mode=index', '-interval-list=30m', '-range-min-rsi=28', '-range-max-rsi=80', '-range-p-ema=50,250', '-target-margin-list=1.0,1.5,2.0,2.5,3.0,3.5,4.0,4.5,5.0', '-log-level=WARNING']
2023-11-26 20:30:39;UNIUSDT;30m;4.0;225;36;80;100.0;7;140.76;['-batch-training', '-calc-rsi', '-verbose', '-prediction-mode=index', '-interval-list=30m', '-range-min-rsi=28', '-range-max-rsi=80', '-range-p-ema=50,250', '-target-margin-list=1.0,1.5,2.0,2.5,3.0,3.5,4.0,4.5,5.0', '-log-level=WARNING']
2023-11-26 20:43:20;UNIUSDT;30m;4.0;250;36;74;100.0;6;140.76;['-batch-training', '-calc-rsi', '-verbose', '-prediction-mode=index', '-interval-list=30m', '-range-min-rsi=28', '-range-max-rsi=80', '-range-p-ema=50,250', '-target-margin-list=1.0,1.5,2.0,2.5,3.0,3.5,4.0,4.5,5.0', '-log-level=WARNING']
2023-11-26 20:29:47;UNIUSDT;30m;4.0;225;36;74;100.0;7;140.76;['-batch-training', '-calc-rsi', '-verbose', '-prediction-mode=index', '-interval-list=30m', '-range-min-rsi=28', '-range-max-rsi=80', '-range-p-ema=50,250', '-target-margin-list=1.0,1.5,2.0,2.5,3.0,3.5,4.0,4.5,5.0', '-log-level=WARNING']
2023-11-26 20:43:20;UNIUSDT;30m;4.0;250;36;74;100.0;5;140.76;['-batch-training', '-calc-rsi', '-verbose', '-prediction-mode=index', '-interval-list=30m', '-range-min-rsi=28', '-range-max-rsi=80', '-range-p-ema=50,250', '-target-margin-list=1.0,1.5,2.0,2.5,3.0,3.5,4.0,4.5,5.0', '-log-level=WARNING']
2023-11-26 20:29:47;UNIUSDT;30m;4.0;225;36;74;100.0;5;140.76;['-batch-training', '-calc-rsi', '-verbose', '-prediction-mode=index', '-interval-list=30m', '-range-min-rsi=28', '-range-max-rsi=80', '-range-p-ema=50,250', '-target-margin-list=1.0,1.5,2.0,2.5,3.0,3.5,4.0,4.5,5.0', '-log-level=WARNING']
2023-11-26 20:29:47;UNIUSDT;30m;4.0;225;36;74;100.0;6;140.76;['-batch-training', '-calc-rsi', '-verbose', '-prediction-mode=index', '-interval-list=30m', '-range-min-rsi=28', '-range-max-rsi=80', '-range-p-ema=50,250', '-target-margin-list=1.0,1.5,2.0,2.5,3.0,3.5,4.0,4.5,5.0', '-log-level=WARNING']
2023-11-26 20:06:21;UNIUSDT;30m;4.5;175;28;72;100.0;7;140.83;['-batch-training', '-calc-rsi', '-verbose', '-prediction-mode=index', '-interval-list=30m', '-range-min-rsi=28', '-range-max-rsi=80', '-range-p-ema=50,250', '-target-margin-list=1.0,1.5,2.0,2.5,3.0,3.5,4.0,4.5,5.0', '-log-level=WARNING']
2023-11-26 20:30:43;UNIUSDT;30m;4.5;225;28;72;100.0;7;140.83;['-batch-training', '-calc-rsi', '-verbose', '-prediction-mode=index', '-interval-list=30m', '-range-min-rsi=28', '-range-max-rsi=80', '-range-p-ema=50,250', '-target-margin-list=1.0,1.5,2.0,2.5,3.0,3.5,4.0,4.5,5.0', '-log-level=WARNING']
2023-11-26 19:56:16;UNIUSDT;30m;4.5;150;28;72;100.0;7;140.83;['-batch-training', '-calc-rsi', '-verbose', '-prediction-mode=index', '-interval-list=30m', '-range-min-rsi=28', '-range-max-rsi=80', '-range-p-ema=50,250', '-target-margin-list=1.0,1.5,2.0,2.5,3.0,3.5,4.0,4.5,5.0', '-log-level=WARNING']
2023-11-26 19:33:37;UNIUSDT;30m;4.5;100;28;72;100.0;7;140.83;['-batch-training', '-calc-rsi', '-verbose', '-prediction-mode=index', '-interval-list=30m', '-range-min-rsi=28', '-range-max-rsi=80', '-range-p-ema=50,250', '-target-margin-list=1.0,1.5,2.0,2.5,3.0,3.5,4.0,4.5,5.0', '-log-level=WARNING']
2023-11-26 20:58:51;UNIUSDT;30m;4.5;50;28;72;100.0;7;140.83;['-batch-training', '-calc-rsi', '-verbose', '-prediction-mode=index', '-interval-list=30m', '-range-min-rsi=28', '-range-max-rsi=80', '-range-p-ema=50,250', '-target-margin-list=1.0,1.5,2.0,2.5,3.0,3.5,4.0,4.5,5.0', '-log-level=WARNING']
2023-11-26 19:45:10;UNIUSDT;30m;4.5;125;28;72;100.0;7;140.83;['-batch-training', '-calc-rsi', '-verbose', '-prediction-mode=index', '-interval-list=30m', '-range-min-rsi=28', '-range-max-rsi=80', '-range-p-ema=50,250', '-target-margin-list=1.0,1.5,2.0,2.5,3.0,3.5,4.0,4.5,5.0', '-log-level=WARNING']
2023-11-26 20:44:19;UNIUSDT;30m;4.5;250;28;72;100.0;7;140.83;['-batch-training', '-calc-rsi', '-verbose', '-prediction-mode=index', '-interval-list=30m', '-range-min-rsi=28', '-range-max-rsi=80', '-range-p-ema=50,250', '-target-margin-list=1.0,1.5,2.0,2.5,3.0,3.5,4.0,4.5,5.0', '-log-level=WARNING']
2023-11-26 20:17:47;UNIUSDT;30m;4.5;200;28;72;100.0;7;140.83;['-batch-training', '-calc-rsi', '-verbose', '-prediction-mode=index', '-interval-list=30m', '-range-min-rsi=28', '-range-max-rsi=80', '-range-p-ema=50,250', '-target-margin-list=1.0,1.5,2.0,2.5,3.0,3.5,4.0,4.5,5.0', '-log-level=WARNING']
2023-11-26 21:14:31;UNIUSDT;30m;4.5;75;28;72;100.0;7;140.83;['-batch-training', '-calc-rsi', '-verbose', '-prediction-mode=index', '-interval-list=30m', '-range-min-rsi=28', '-range-max-rsi=80', '-range-p-ema=50,250', '-target-margin-list=1.0,1.5,2.0,2.5,3.0,3.5,4.0,4.5,5.0', '-log-level=WARNING']
2023-11-26 20:43:53;UNIUSDT;30m;4.0;250;34;78;100.0;2;140.84;['-batch-training', '-calc-rsi', '-verbose', '-prediction-mode=index', '-interval-list=30m', '-range-min-rsi=28', '-range-max-rsi=80', '-range-p-ema=50,250', '-target-margin-list=1.0,1.5,2.0,2.5,3.0,3.5,4.0,4.5,5.0', '-log-level=WARNING']
2023-11-26 20:30:18;UNIUSDT;30m;4.0;225;34;78;100.0;2;140.84;['-batch-training', '-calc-rsi', '-verbose', '-prediction-mode=index', '-interval-list=30m', '-range-min-rsi=28', '-range-max-rsi=80', '-range-p-ema=50,250', '-target-margin-list=1.0,1.5,2.0,2.5,3.0,3.5,4.0,4.5,5.0', '-log-level=WARNING']
2023-11-26 19:34:42;UNIUSDT;30m;4.5;100;32;80;100.0;6;140.91;['-batch-training', '-calc-rsi', '-verbose', '-prediction-mode=index', '-interval-list=30m', '-range-min-rsi=28', '-range-max-rsi=80', '-range-p-ema=50,250', '-target-margin-list=1.0,1.5,2.0,2.5,3.0,3.5,4.0,4.5,5.0', '-log-level=WARNING']
2023-11-26 21:00:20;UNIUSDT;30m;4.5;50;32;80;100.0;6;140.91;['-batch-training', '-calc-rsi', '-verbose', '-prediction-mode=index', '-interval-list=30m', '-range-min-rsi=28', '-range-max-rsi=80', '-range-p-ema=50,250', '-target-margin-list=1.0,1.5,2.0,2.5,3.0,3.5,4.0,4.5,5.0', '-log-level=WARNING']
2023-11-26 19:46:17;UNIUSDT;30m;4.5;125;32;80;100.0;6;140.91;['-batch-training', '-calc-rsi', '-verbose', '-prediction-mode=index', '-interval-list=30m', '-range-min-rsi=28', '-range-max-rsi=80', '-range-p-ema=50,250', '-target-margin-list=1.0,1.5,2.0,2.5,3.0,3.5,4.0,4.5,5.0', '-log-level=WARNING']
2023-11-26 21:15:46;UNIUSDT;30m;4.5;75;32;80;100.0;7;140.91;['-batch-training', '-calc-rsi', '-verbose', '-prediction-mode=index', '-interval-list=30m', '-range-min-rsi=28', '-range-max-rsi=80', '-range-p-ema=50,250', '-target-margin-list=1.0,1.5,2.0,2.5,3.0,3.5,4.0,4.5,5.0', '-log-level=WARNING']
2023-11-26 21:00:20;UNIUSDT;30m;4.5;50;32;80;100.0;7;140.91;['-batch-training', '-calc-rsi', '-verbose', '-prediction-mode=index', '-interval-list=30m', '-range-min-rsi=28', '-range-max-rsi=80', '-range-p-ema=50,250', '-target-margin-list=1.0,1.5,2.0,2.5,3.0,3.5,4.0,4.5,5.0', '-log-level=WARNING']
2023-11-26 21:15:46;UNIUSDT;30m;4.5;75;32;80;100.0;4;140.91;['-batch-training', '-calc-rsi', '-verbose', '-prediction-mode=index', '-interval-list=30m', '-range-min-rsi=28', '-range-max-rsi=80', '-range-p-ema=50,250', '-target-margin-list=1.0,1.5,2.0,2.5,3.0,3.5,4.0,4.5,5.0', '-log-level=WARNING']
2023-11-26 21:15:46;UNIUSDT;30m;4.5;75;32;80;100.0;5;140.91;['-batch-training', '-calc-rsi', '-verbose', '-prediction-mode=index', '-interval-list=30m', '-range-min-rsi=28', '-range-max-rsi=80', '-range-p-ema=50,250', '-target-margin-list=1.0,1.5,2.0,2.5,3.0,3.5,4.0,4.5,5.0', '-log-level=WARNING']
2023-11-26 21:15:46;UNIUSDT;30m;4.5;75;32;80;100.0;6;140.91;['-batch-training', '-calc-rsi', '-verbose', '-prediction-mode=index', '-interval-list=30m', '-range-min-rsi=28', '-range-max-rsi=80', '-range-p-ema=50,250', '-target-margin-list=1.0,1.5,2.0,2.5,3.0,3.5,4.0,4.5,5.0', '-log-level=WARNING']
2023-11-26 21:00:20;UNIUSDT;30m;4.5;50;32;80;100.0;4;140.91;['-batch-training', '-calc-rsi', '-verbose', '-prediction-mode=index', '-interval-list=30m', '-range-min-rsi=28', '-range-max-rsi=80', '-range-p-ema=50,250', '-target-margin-list=1.0,1.5,2.0,2.5,3.0,3.5,4.0,4.5,5.0', '-log-level=WARNING']
2023-11-26 19:46:17;UNIUSDT;30m;4.5;125;32;80;100.0;4;140.91;['-batch-training', '-calc-rsi', '-verbose', '-prediction-mode=index', '-interval-list=30m', '-range-min-rsi=28', '-range-max-rsi=80', '-range-p-ema=50,250', '-target-margin-list=1.0,1.5,2.0,2.5,3.0,3.5,4.0,4.5,5.0', '-log-level=WARNING']
2023-11-26 19:34:42;UNIUSDT;30m;4.5;100;32;80;100.0;7;140.91;['-batch-training', '-calc-rsi', '-verbose', '-prediction-mode=index', '-interval-list=30m', '-range-min-rsi=28', '-range-max-rsi=80', '-range-p-ema=50,250', '-target-margin-list=1.0,1.5,2.0,2.5,3.0,3.5,4.0,4.5,5.0', '-log-level=WARNING']
2023-11-26 19:46:17;UNIUSDT;30m;4.5;125;32;80;100.0;7;140.91;['-batch-training', '-calc-rsi', '-verbose', '-prediction-mode=index', '-interval-list=30m', '-range-min-rsi=28', '-range-max-rsi=80', '-range-p-ema=50,250', '-target-margin-list=1.0,1.5,2.0,2.5,3.0,3.5,4.0,4.5,5.0', '-log-level=WARNING']
2023-11-26 19:46:17;UNIUSDT;30m;4.5;125;32;80;100.0;5;140.91;['-batch-training', '-calc-rsi', '-verbose', '-prediction-mode=index', '-interval-list=30m', '-range-min-rsi=28', '-range-max-rsi=80', '-range-p-ema=50,250', '-target-margin-list=1.0,1.5,2.0,2.5,3.0,3.5,4.0,4.5,5.0', '-log-level=WARNING']
2023-11-26 19:34:43;UNIUSDT;30m;4.5;100;32;80;100.0;5;140.91;['-batch-training', '-calc-rsi', '-verbose', '-prediction-mode=index', '-interval-list=30m', '-range-min-rsi=28', '-range-max-rsi=80', '-range-p-ema=50,250', '-target-margin-list=1.0,1.5,2.0,2.5,3.0,3.5,4.0,4.5,5.0', '-log-level=WARNING']
2023-11-26 19:34:43;UNIUSDT;30m;4.5;100;32;80;100.0;4;140.91;['-batch-training', '-calc-rsi', '-verbose', '-prediction-mode=index', '-interval-list=30m', '-range-min-rsi=28', '-range-max-rsi=80', '-range-p-ema=50,250', '-target-margin-list=1.0,1.5,2.0,2.5,3.0,3.5,4.0,4.5,5.0', '-log-level=WARNING']
2023-11-26 21:00:20;UNIUSDT;30m;4.5;50;32;80;100.0;5;140.91;['-batch-training', '-calc-rsi', '-verbose', '-prediction-mode=index', '-interval-list=30m', '-range-min-rsi=28', '-range-max-rsi=80', '-range-p-ema=50,250', '-target-margin-list=1.0,1.5,2.0,2.5,3.0,3.5,4.0,4.5,5.0', '-log-level=WARNING']
2023-11-26 19:53:29;UNIUSDT;30m;3.0;150;36;76;100.0;3;140.94;['-batch-training', '-calc-rsi', '-verbose', '-prediction-mode=index', '-interval-list=30m', '-range-min-rsi=28', '-range-max-rsi=80', '-range-p-ema=50,250', '-target-margin-list=1.0,1.5,2.0,2.5,3.0,3.5,4.0,4.5,5.0', '-log-level=WARNING']
2023-11-26 20:43:16;UNIUSDT;30m;4.0;250;34;74;100.0;5;141.15;['-batch-training', '-calc-rsi', '-verbose', '-prediction-mode=index', '-interval-list=30m', '-range-min-rsi=28', '-range-max-rsi=80', '-range-p-ema=50,250', '-target-margin-list=1.0,1.5,2.0,2.5,3.0,3.5,4.0,4.5,5.0', '-log-level=WARNING']
2023-11-26 20:43:16;UNIUSDT;30m;4.0;250;34;74;100.0;6;141.15;['-batch-training', '-calc-rsi', '-verbose', '-prediction-mode=index', '-interval-list=30m', '-range-min-rsi=28', '-range-max-rsi=80', '-range-p-ema=50,250', '-target-margin-list=1.0,1.5,2.0,2.5,3.0,3.5,4.0,4.5,5.0', '-log-level=WARNING']
2023-11-26 20:43:53;UNIUSDT;30m;4.0;250;34;78;100.0;5;141.15;['-batch-training', '-calc-rsi', '-verbose', '-prediction-mode=index', '-interval-list=30m', '-range-min-rsi=28', '-range-max-rsi=80', '-range-p-ema=50,250', '-target-margin-list=1.0,1.5,2.0,2.5,3.0,3.5,4.0,4.5,5.0', '-log-level=WARNING']
2023-11-26 20:43:34;UNIUSDT;30m;4.0;250;34;76;100.0;7;141.15;['-batch-training', '-calc-rsi', '-verbose', '-prediction-mode=index', '-interval-list=30m', '-range-min-rsi=28', '-range-max-rsi=80', '-range-p-ema=50,250', '-target-margin-list=1.0,1.5,2.0,2.5,3.0,3.5,4.0,4.5,5.0', '-log-level=WARNING']
2023-11-26 20:43:53;UNIUSDT;30m;4.0;250;34;78;100.0;6;141.15;['-batch-training', '-calc-rsi', '-verbose', '-prediction-mode=index', '-interval-list=30m', '-range-min-rsi=28', '-range-max-rsi=80', '-range-p-ema=50,250', '-target-margin-list=1.0,1.5,2.0,2.5,3.0,3.5,4.0,4.5,5.0', '-log-level=WARNING']
2023-11-26 20:43:34;UNIUSDT;30m;4.0;250;34;76;100.0;6;141.15;['-batch-training', '-calc-rsi', '-verbose', '-prediction-mode=index', '-interval-list=30m', '-range-min-rsi=28', '-range-max-rsi=80', '-range-p-ema=50,250', '-target-margin-list=1.0,1.5,2.0,2.5,3.0,3.5,4.0,4.5,5.0', '-log-level=WARNING']
2023-11-26 20:43:34;UNIUSDT;30m;4.0;250;34;76;100.0;5;141.15;['-batch-training', '-calc-rsi', '-verbose', '-prediction-mode=index', '-interval-list=30m', '-range-min-rsi=28', '-range-max-rsi=80', '-range-p-ema=50,250', '-target-margin-list=1.0,1.5,2.0,2.5,3.0,3.5,4.0,4.5,5.0', '-log-level=WARNING']
2023-11-26 20:30:36;UNIUSDT;30m;4.0;225;34;80;100.0;7;141.15;['-batch-training', '-calc-rsi', '-verbose', '-prediction-mode=index', '-interval-list=30m', '-range-min-rsi=28', '-range-max-rsi=80', '-range-p-ema=50,250', '-target-margin-list=1.0,1.5,2.0,2.5,3.0,3.5,4.0,4.5,5.0', '-log-level=WARNING']
2023-11-26 20:30:36;UNIUSDT;30m;4.0;225;34;80;100.0;6;141.15;['-batch-training', '-calc-rsi', '-verbose', '-prediction-mode=index', '-interval-list=30m', '-range-min-rsi=28', '-range-max-rsi=80', '-range-p-ema=50,250', '-target-margin-list=1.0,1.5,2.0,2.5,3.0,3.5,4.0,4.5,5.0', '-log-level=WARNING']
2023-11-26 20:30:01;UNIUSDT;30m;4.0;225;34;76;100.0;6;141.15;['-batch-training', '-calc-rsi', '-verbose', '-prediction-mode=index', '-interval-list=30m', '-range-min-rsi=28', '-range-max-rsi=80', '-range-p-ema=50,250', '-target-margin-list=1.0,1.5,2.0,2.5,3.0,3.5,4.0,4.5,5.0', '-log-level=WARNING']
2023-11-26 20:30:36;UNIUSDT;30m;4.0;225;34;80;100.0;5;141.15;['-batch-training', '-calc-rsi', '-verbose', '-prediction-mode=index', '-interval-list=30m', '-range-min-rsi=28', '-range-max-rsi=80', '-range-p-ema=50,250', '-target-margin-list=1.0,1.5,2.0,2.5,3.0,3.5,4.0,4.5,5.0', '-log-level=WARNING']
2023-11-26 20:43:53;UNIUSDT;30m;4.0;250;34;78;100.0;7;141.15;['-batch-training', '-calc-rsi', '-verbose', '-prediction-mode=index', '-interval-list=30m', '-range-min-rsi=28', '-range-max-rsi=80', '-range-p-ema=50,250', '-target-margin-list=1.0,1.5,2.0,2.5,3.0,3.5,4.0,4.5,5.0', '-log-level=WARNING']
2023-11-26 20:29:43;UNIUSDT;30m;4.0;225;34;74;100.0;5;141.15;['-batch-training', '-calc-rsi', '-verbose', '-prediction-mode=index', '-interval-list=30m', '-range-min-rsi=28', '-range-max-rsi=80', '-range-p-ema=50,250', '-target-margin-list=1.0,1.5,2.0,2.5,3.0,3.5,4.0,4.5,5.0', '-log-level=WARNING']
2023-11-26 20:43:16;UNIUSDT;30m;4.0;250;34;74;100.0;7;141.15;['-batch-training', '-calc-rsi', '-verbose', '-prediction-mode=index', '-interval-list=30m', '-range-min-rsi=28', '-range-max-rsi=80', '-range-p-ema=50,250', '-target-margin-list=1.0,1.5,2.0,2.5,3.0,3.5,4.0,4.5,5.0', '-log-level=WARNING']
2023-11-26 20:44:12;UNIUSDT;30m;4.0;250;34;80;100.0;6;141.15;['-batch-training', '-calc-rsi', '-verbose', '-prediction-mode=index', '-interval-list=30m', '-range-min-rsi=28', '-range-max-rsi=80', '-range-p-ema=50,250', '-target-margin-list=1.0,1.5,2.0,2.5,3.0,3.5,4.0,4.5,5.0', '-log-level=WARNING']
2023-11-26 20:44:12;UNIUSDT;30m;4.0;250;34;80;100.0;7;141.15;['-batch-training', '-calc-rsi', '-verbose', '-prediction-mode=index', '-interval-list=30m', '-range-min-rsi=28', '-range-max-rsi=80', '-range-p-ema=50,250', '-target-margin-list=1.0,1.5,2.0,2.5,3.0,3.5,4.0,4.5,5.0', '-log-level=WARNING']
2023-11-26 20:44:12;UNIUSDT;30m;4.0;250;34;80;100.0;5;141.15;['-batch-training', '-calc-rsi', '-verbose', '-prediction-mode=index', '-interval-list=30m', '-range-min-rsi=28', '-range-max-rsi=80', '-range-p-ema=50,250', '-target-margin-list=1.0,1.5,2.0,2.5,3.0,3.5,4.0,4.5,5.0', '-log-level=WARNING']
2023-11-26 20:30:01;UNIUSDT;30m;4.0;225;34;76;100.0;5;141.15;['-batch-training', '-calc-rsi', '-verbose', '-prediction-mode=index', '-interval-list=30m', '-range-min-rsi=28', '-range-max-rsi=80', '-range-p-ema=50,250', '-target-margin-list=1.0,1.5,2.0,2.5,3.0,3.5,4.0,4.5,5.0', '-log-level=WARNING']
2023-11-26 20:30:01;UNIUSDT;30m;4.0;225;34;76;100.0;7;141.15;['-batch-training', '-calc-rsi', '-verbose', '-prediction-mode=index', '-interval-list=30m', '-range-min-rsi=28', '-range-max-rsi=80', '-range-p-ema=50,250', '-target-margin-list=1.0,1.5,2.0,2.5,3.0,3.5,4.0,4.5,5.0', '-log-level=WARNING']
2023-11-26 20:29:44;UNIUSDT;30m;4.0;225;34;74;100.0;7;141.15;['-batch-training', '-calc-rsi', '-verbose', '-prediction-mode=index', '-interval-list=30m', '-range-min-rsi=28', '-range-max-rsi=80', '-range-p-ema=50,250', '-target-margin-list=1.0,1.5,2.0,2.5,3.0,3.5,4.0,4.5,5.0', '-log-level=WARNING']
2023-11-26 20:29:44;UNIUSDT;30m;4.0;225;34;74;100.0;6;141.15;['-batch-training', '-calc-rsi', '-verbose', '-prediction-mode=index', '-interval-list=30m', '-range-min-rsi=28', '-range-max-rsi=80', '-range-p-ema=50,250', '-target-margin-list=1.0,1.5,2.0,2.5,3.0,3.5,4.0,4.5,5.0', '-log-level=WARNING']
2023-11-26 20:30:18;UNIUSDT;30m;4.0;225;34;78;100.0;5;141.15;['-batch-training', '-calc-rsi', '-verbose', '-prediction-mode=index', '-interval-list=30m', '-range-min-rsi=28', '-range-max-rsi=80', '-range-p-ema=50,250', '-target-margin-list=1.0,1.5,2.0,2.5,3.0,3.5,4.0,4.5,5.0', '-log-level=WARNING']
2023-11-26 20:30:18;UNIUSDT;30m;4.0;225;34;78;100.0;6;141.15;['-batch-training', '-calc-rsi', '-verbose', '-prediction-mode=index', '-interval-list=30m', '-range-min-rsi=28', '-range-max-rsi=80', '-range-p-ema=50,250', '-target-margin-list=1.0,1.5,2.0,2.5,3.0,3.5,4.0,4.5,5.0', '-log-level=WARNING']
2023-11-26 20:30:18;UNIUSDT;30m;4.0;225;34;78;100.0;7;141.15;['-batch-training', '-calc-rsi', '-verbose', '-prediction-mode=index', '-interval-list=30m', '-range-min-rsi=28', '-range-max-rsi=80', '-range-p-ema=50,250', '-target-margin-list=1.0,1.5,2.0,2.5,3.0,3.5,4.0,4.5,5.0', '-log-level=WARNING']
2023-11-26 20:29:09;UNIUSDT;30m;3.5;225;34;80;100.0;3;141.15;['-batch-training', '-calc-rsi', '-verbose', '-prediction-mode=index', '-interval-list=30m', '-range-min-rsi=28', '-range-max-rsi=80', '-range-p-ema=50,250', '-target-margin-list=1.0,1.5,2.0,2.5,3.0,3.5,4.0,4.5,5.0', '-log-level=WARNING']
2023-11-26 20:35:25;UNIUSDT;30m;1.5;250;36;72;100.0;6;141.28;['-batch-training', '-calc-rsi', '-verbose', '-prediction-mode=index', '-interval-list=30m', '-range-min-rsi=28', '-range-max-rsi=80', '-range-p-ema=50,250', '-target-margin-list=1.0,1.5,2.0,2.5,3.0,3.5,4.0,4.5,5.0', '-log-level=WARNING']
2023-11-26 19:53:27;UNIUSDT;30m;3.0;150;34;76;100.0;3;141.28;['-batch-training', '-calc-rsi', '-verbose', '-prediction-mode=index', '-interval-list=30m', '-range-min-rsi=28', '-range-max-rsi=80', '-range-p-ema=50,250', '-target-margin-list=1.0,1.5,2.0,2.5,3.0,3.5,4.0,4.5,5.0', '-log-level=WARNING']
2023-11-26 19:54:24;UNIUSDT;30m;3.5;150;36;74;100.0;2;141.3;['-batch-training', '-calc-rsi', '-verbose', '-prediction-mode=index', '-interval-list=30m', '-range-min-rsi=28', '-range-max-rsi=80', '-range-p-ema=50,250', '-target-margin-list=1.0,1.5,2.0,2.5,3.0,3.5,4.0,4.5,5.0', '-log-level=WARNING']
2023-11-26 20:25:05;UNIUSDT;30m;2.5;225;34;72;100.0;3;141.4;['-batch-training', '-calc-rsi', '-verbose', '-prediction-mode=index', '-interval-list=30m', '-range-min-rsi=28', '-range-max-rsi=80', '-range-p-ema=50,250', '-target-margin-list=1.0,1.5,2.0,2.5,3.0,3.5,4.0,4.5,5.0', '-log-level=WARNING']
2023-11-26 20:53:46;UNIUSDT;30m;2.5;50;34;80;100.0;7;141.48;['-batch-training', '-calc-rsi', '-verbose', '-prediction-mode=index', '-interval-list=30m', '-range-min-rsi=28', '-range-max-rsi=80', '-range-p-ema=50,250', '-target-margin-list=1.0,1.5,2.0,2.5,3.0,3.5,4.0,4.5,5.0', '-log-level=WARNING']
2023-11-26 19:41:16;UNIUSDT;30m;2.5;125;34;80;100.0;7;141.48;['-batch-training', '-calc-rsi', '-verbose', '-prediction-mode=index', '-interval-list=30m', '-range-min-rsi=28', '-range-max-rsi=80', '-range-p-ema=50,250', '-target-margin-list=1.0,1.5,2.0,2.5,3.0,3.5,4.0,4.5,5.0', '-log-level=WARNING']
2023-11-26 21:09:13;UNIUSDT;30m;2.5;75;34;80;100.0;7;141.48;['-batch-training', '-calc-rsi', '-verbose', '-prediction-mode=index', '-interval-list=30m', '-range-min-rsi=28', '-range-max-rsi=80', '-range-p-ema=50,250', '-target-margin-list=1.0,1.5,2.0,2.5,3.0,3.5,4.0,4.5,5.0', '-log-level=WARNING']
2023-11-26 19:29:47;UNIUSDT;30m;2.5;100;34;80;100.0;7;141.48;['-batch-training', '-calc-rsi', '-verbose', '-prediction-mode=index', '-interval-list=30m', '-range-min-rsi=28', '-range-max-rsi=80', '-range-p-ema=50,250', '-target-margin-list=1.0,1.5,2.0,2.5,3.0,3.5,4.0,4.5,5.0', '-log-level=WARNING']
2023-11-26 19:53:10;UNIUSDT;30m;3.0;150;32;74;100.0;2;141.53;['-batch-training', '-calc-rsi', '-verbose', '-prediction-mode=index', '-interval-list=30m', '-range-min-rsi=28', '-range-max-rsi=80', '-range-p-ema=50,250', '-target-margin-list=1.0,1.5,2.0,2.5,3.0,3.5,4.0,4.5,5.0', '-log-level=WARNING']
2023-11-26 20:26:45;UNIUSDT;30m;3.0;225;32;74;100.0;2;141.53;['-batch-training', '-calc-rsi', '-verbose', '-prediction-mode=index', '-interval-list=30m', '-range-min-rsi=28', '-range-max-rsi=80', '-range-p-ema=50,250', '-target-margin-list=1.0,1.5,2.0,2.5,3.0,3.5,4.0,4.5,5.0', '-log-level=WARNING']
2023-11-26 20:14:05;UNIUSDT;30m;3.0;200;32;74;100.0;2;141.53;['-batch-training', '-calc-rsi', '-verbose', '-prediction-mode=index', '-interval-list=30m', '-range-min-rsi=28', '-range-max-rsi=80', '-range-p-ema=50,250', '-target-margin-list=1.0,1.5,2.0,2.5,3.0,3.5,4.0,4.5,5.0', '-log-level=WARNING']
2023-11-26 20:03:21;UNIUSDT;30m;3.0;175;32;74;100.0;2;141.53;['-batch-training', '-calc-rsi', '-verbose', '-prediction-mode=index', '-interval-list=30m', '-range-min-rsi=28', '-range-max-rsi=80', '-range-p-ema=50,250', '-target-margin-list=1.0,1.5,2.0,2.5,3.0,3.5,4.0,4.5,5.0', '-log-level=WARNING']
2023-11-26 19:42:47;UNIUSDT;30m;3.5;125;34;72;100.0;5;141.57;['-batch-training', '-calc-rsi', '-verbose', '-prediction-mode=index', '-interval-list=30m', '-range-min-rsi=28', '-range-max-rsi=80', '-range-p-ema=50,250', '-target-margin-list=1.0,1.5,2.0,2.5,3.0,3.5,4.0,4.5,5.0', '-log-level=WARNING']
2023-11-26 20:55:44;UNIUSDT;30m;3.5;50;34;72;100.0;5;141.57;['-batch-training', '-calc-rsi', '-verbose', '-prediction-mode=index', '-interval-list=30m', '-range-min-rsi=28', '-range-max-rsi=80', '-range-p-ema=50,250', '-target-margin-list=1.0,1.5,2.0,2.5,3.0,3.5,4.0,4.5,5.0', '-log-level=WARNING']
2023-11-26 19:31:18;UNIUSDT;30m;3.5;100;34;72;100.0;5;141.57;['-batch-training', '-calc-rsi', '-verbose', '-prediction-mode=index', '-interval-list=30m', '-range-min-rsi=28', '-range-max-rsi=80', '-range-p-ema=50,250', '-target-margin-list=1.0,1.5,2.0,2.5,3.0,3.5,4.0,4.5,5.0', '-log-level=WARNING']
2023-11-26 21:11:20;UNIUSDT;30m;3.5;75;34;72;100.0;5;141.57;['-batch-training', '-calc-rsi', '-verbose', '-prediction-mode=index', '-interval-list=30m', '-range-min-rsi=28', '-range-max-rsi=80', '-range-p-ema=50,250', '-target-margin-list=1.0,1.5,2.0,2.5,3.0,3.5,4.0,4.5,5.0', '-log-level=WARNING']
2023-11-26 19:31:21;UNIUSDT;30m;3.5;100;36;72;100.0;5;141.62;['-batch-training', '-calc-rsi', '-verbose', '-prediction-mode=index', '-interval-list=30m', '-range-min-rsi=28', '-range-max-rsi=80', '-range-p-ema=50,250', '-target-margin-list=1.0,1.5,2.0,2.5,3.0,3.5,4.0,4.5,5.0', '-log-level=WARNING']
2023-11-26 21:11:25;UNIUSDT;30m;3.5;75;36;72;100.0;5;141.62;['-batch-training', '-calc-rsi', '-verbose', '-prediction-mode=index', '-interval-list=30m', '-range-min-rsi=28', '-range-max-rsi=80', '-range-p-ema=50,250', '-target-margin-list=1.0,1.5,2.0,2.5,3.0,3.5,4.0,4.5,5.0', '-log-level=WARNING']
2023-11-26 20:55:49;UNIUSDT;30m;3.5;50;36;72;100.0;5;141.62;['-batch-training', '-calc-rsi', '-verbose', '-prediction-mode=index', '-interval-list=30m', '-range-min-rsi=28', '-range-max-rsi=80', '-range-p-ema=50,250', '-target-margin-list=1.0,1.5,2.0,2.5,3.0,3.5,4.0,4.5,5.0', '-log-level=WARNING']
2023-11-26 19:42:50;UNIUSDT;30m;3.5;125;36;72;100.0;5;141.62;['-batch-training', '-calc-rsi', '-verbose', '-prediction-mode=index', '-interval-list=30m', '-range-min-rsi=28', '-range-max-rsi=80', '-range-p-ema=50,250', '-target-margin-list=1.0,1.5,2.0,2.5,3.0,3.5,4.0,4.5,5.0', '-log-level=WARNING']
2023-11-26 20:06:16;UNIUSDT;30m;4.0;175;34;80;100.0;3;141.65;['-batch-training', '-calc-rsi', '-verbose', '-prediction-mode=index', '-interval-list=30m', '-range-min-rsi=28', '-range-max-rsi=80', '-range-p-ema=50,250', '-target-margin-list=1.0,1.5,2.0,2.5,3.0,3.5,4.0,4.5,5.0', '-log-level=WARNING']
2023-11-26 20:17:39;UNIUSDT;30m;4.0;200;34;80;100.0;3;141.65;['-batch-training', '-calc-rsi', '-verbose', '-prediction-mode=index', '-interval-list=30m', '-range-min-rsi=28', '-range-max-rsi=80', '-range-p-ema=50,250', '-target-margin-list=1.0,1.5,2.0,2.5,3.0,3.5,4.0,4.5,5.0', '-log-level=WARNING']
2023-11-26 19:56:10;UNIUSDT;30m;4.0;150;34;80;100.0;3;141.65;['-batch-training', '-calc-rsi', '-verbose', '-prediction-mode=index', '-interval-list=30m', '-range-min-rsi=28', '-range-max-rsi=80', '-range-p-ema=50,250', '-target-margin-list=1.0,1.5,2.0,2.5,3.0,3.5,4.0,4.5,5.0', '-log-level=WARNING']
2023-11-26 21:17:15;UNIUSDT;30m;5.0;75;34;80;100.0;2;141.66;['-batch-training', '-calc-rsi', '-verbose', '-prediction-mode=index', '-interval-list=30m', '-range-min-rsi=28', '-range-max-rsi=80', '-range-p-ema=50,250', '-target-margin-list=1.0,1.5,2.0,2.5,3.0,3.5,4.0,4.5,5.0', '-log-level=WARNING']
2023-11-26 21:02:04;UNIUSDT;30m;5.0;50;34;80;100.0;2;141.66;['-batch-training', '-calc-rsi', '-verbose', '-prediction-mode=index', '-interval-list=30m', '-range-min-rsi=28', '-range-max-rsi=80', '-range-p-ema=50,250', '-target-margin-list=1.0,1.5,2.0,2.5,3.0,3.5,4.0,4.5,5.0', '-log-level=WARNING']
2023-11-26 19:47:37;UNIUSDT;30m;5.0;125;34;80;100.0;2;141.66;['-batch-training', '-calc-rsi', '-verbose', '-prediction-mode=index', '-interval-list=30m', '-range-min-rsi=28', '-range-max-rsi=80', '-range-p-ema=50,250', '-target-margin-list=1.0,1.5,2.0,2.5,3.0,3.5,4.0,4.5,5.0', '-log-level=WARNING']
2023-11-26 19:36:02;UNIUSDT;30m;5.0;100;34;80;100.0;2;141.66;['-batch-training', '-calc-rsi', '-verbose', '-prediction-mode=index', '-interval-list=30m', '-range-min-rsi=28', '-range-max-rsi=80', '-range-p-ema=50,250', '-target-margin-list=1.0,1.5,2.0,2.5,3.0,3.5,4.0,4.5,5.0', '-log-level=WARNING']
2023-11-26 20:42:20;UNIUSDT;30m;3.5;250;34;78;100.0;7;141.76;['-batch-training', '-calc-rsi', '-verbose', '-prediction-mode=index', '-interval-list=30m', '-range-min-rsi=28', '-range-max-rsi=80', '-range-p-ema=50,250', '-target-margin-list=1.0,1.5,2.0,2.5,3.0,3.5,4.0,4.5,5.0', '-log-level=WARNING']
2023-11-26 20:42:01;UNIUSDT;30m;3.5;250;34;76;100.0;6;141.76;['-batch-training', '-calc-rsi', '-verbose', '-prediction-mode=index', '-interval-list=30m', '-range-min-rsi=28', '-range-max-rsi=80', '-range-p-ema=50,250', '-target-margin-list=1.0,1.5,2.0,2.5,3.0,3.5,4.0,4.5,5.0', '-log-level=WARNING']
2023-11-26 20:42:01;UNIUSDT;30m;3.5;250;34;76;100.0;7;141.76;['-batch-training', '-calc-rsi', '-verbose', '-prediction-mode=index', '-interval-list=30m', '-range-min-rsi=28', '-range-max-rsi=80', '-range-p-ema=50,250', '-target-margin-list=1.0,1.5,2.0,2.5,3.0,3.5,4.0,4.5,5.0', '-log-level=WARNING']
2023-11-26 20:42:20;UNIUSDT;30m;3.5;250;34;78;100.0;5;141.76;['-batch-training', '-calc-rsi', '-verbose', '-prediction-mode=index', '-interval-list=30m', '-range-min-rsi=28', '-range-max-rsi=80', '-range-p-ema=50,250', '-target-margin-list=1.0,1.5,2.0,2.5,3.0,3.5,4.0,4.5,5.0', '-log-level=WARNING']
2023-11-26 20:41:43;UNIUSDT;30m;3.5;250;34;74;100.0;6;141.76;['-batch-training', '-calc-rsi', '-verbose', '-prediction-mode=index', '-interval-list=30m', '-range-min-rsi=28', '-range-max-rsi=80', '-range-p-ema=50,250', '-target-margin-list=1.0,1.5,2.0,2.5,3.0,3.5,4.0,4.5,5.0', '-log-level=WARNING']
2023-11-26 20:41:43;UNIUSDT;30m;3.5;250;34;74;100.0;7;141.76;['-batch-training', '-calc-rsi', '-verbose', '-prediction-mode=index', '-interval-list=30m', '-range-min-rsi=28', '-range-max-rsi=80', '-range-p-ema=50,250', '-target-margin-list=1.0,1.5,2.0,2.5,3.0,3.5,4.0,4.5,5.0', '-log-level=WARNING']
2023-11-26 20:41:43;UNIUSDT;30m;3.5;250;34;74;100.0;5;141.76;['-batch-training', '-calc-rsi', '-verbose', '-prediction-mode=index', '-interval-list=30m', '-range-min-rsi=28', '-range-max-rsi=80', '-range-p-ema=50,250', '-target-margin-list=1.0,1.5,2.0,2.5,3.0,3.5,4.0,4.5,5.0', '-log-level=WARNING']
2023-11-26 20:42:01;UNIUSDT;30m;3.5;250;34;76;100.0;5;141.76;['-batch-training', '-calc-rsi', '-verbose', '-prediction-mode=index', '-interval-list=30m', '-range-min-rsi=28', '-range-max-rsi=80', '-range-p-ema=50,250', '-target-margin-list=1.0,1.5,2.0,2.5,3.0,3.5,4.0,4.5,5.0', '-log-level=WARNING']
2023-11-26 20:42:20;UNIUSDT;30m;3.5;250;34;78;100.0;6;141.76;['-batch-training', '-calc-rsi', '-verbose', '-prediction-mode=index', '-interval-list=30m', '-range-min-rsi=28', '-range-max-rsi=80', '-range-p-ema=50,250', '-target-margin-list=1.0,1.5,2.0,2.5,3.0,3.5,4.0,4.5,5.0', '-log-level=WARNING']
2023-11-26 20:42:17;UNIUSDT;30m;3.5;250;32;78;100.0;2;141.82;['-batch-training', '-calc-rsi', '-verbose', '-prediction-mode=index', '-interval-list=30m', '-range-min-rsi=28', '-range-max-rsi=80', '-range-p-ema=50,250', '-target-margin-list=1.0,1.5,2.0,2.5,3.0,3.5,4.0,4.5,5.0', '-log-level=WARNING']
2023-11-26 20:38:20;UNIUSDT;30m;2.5;250;34;72;100.0;3;141.86;['-batch-training', '-calc-rsi', '-verbose', '-prediction-mode=index', '-interval-list=30m', '-range-min-rsi=28', '-range-max-rsi=80', '-range-p-ema=50,250', '-target-margin-list=1.0,1.5,2.0,2.5,3.0,3.5,4.0,4.5,5.0', '-log-level=WARNING']
2023-11-26 19:50:32;UNIUSDT;30m;2.0;150;36;72;100.0;4;142.09;['-batch-training', '-calc-rsi', '-verbose', '-prediction-mode=index', '-interval-list=30m', '-range-min-rsi=28', '-range-max-rsi=80', '-range-p-ema=50,250', '-target-margin-list=1.0,1.5,2.0,2.5,3.0,3.5,4.0,4.5,5.0', '-log-level=WARNING']
2023-11-26 20:15:32;UNIUSDT;30m;3.5;200;36;74;100.0;3;142.11;['-batch-training', '-calc-rsi', '-verbose', '-prediction-mode=index', '-interval-list=30m', '-range-min-rsi=28', '-range-max-rsi=80', '-range-p-ema=50,250', '-target-margin-list=1.0,1.5,2.0,2.5,3.0,3.5,4.0,4.5,5.0', '-log-level=WARNING']
2023-11-26 20:04:32;UNIUSDT;30m;3.5;175;36;74;100.0;3;142.11;['-batch-training', '-calc-rsi', '-verbose', '-prediction-mode=index', '-interval-list=30m', '-range-min-rsi=28', '-range-max-rsi=80', '-range-p-ema=50,250', '-target-margin-list=1.0,1.5,2.0,2.5,3.0,3.5,4.0,4.5,5.0', '-log-level=WARNING']
2023-11-26 20:28:51;UNIUSDT;30m;3.5;225;34;78;100.0;2;142.18;['-batch-training', '-calc-rsi', '-verbose', '-prediction-mode=index', '-interval-list=30m', '-range-min-rsi=28', '-range-max-rsi=80', '-range-p-ema=50,250', '-target-margin-list=1.0,1.5,2.0,2.5,3.0,3.5,4.0,4.5,5.0', '-log-level=WARNING']
2023-11-26 20:22:12;UNIUSDT;30m;1.5;225;34;72;100.0;7;142.2;['-batch-training', '-calc-rsi', '-verbose', '-prediction-mode=index', '-interval-list=30m', '-range-min-rsi=28', '-range-max-rsi=80', '-range-p-ema=50,250', '-target-margin-list=1.0,1.5,2.0,2.5,3.0,3.5,4.0,4.5,5.0', '-log-level=WARNING']
2023-11-26 20:17:36;UNIUSDT;30m;4.0;200;32;80;100.0;5;142.28;['-batch-training', '-calc-rsi', '-verbose', '-prediction-mode=index', '-interval-list=30m', '-range-min-rsi=28', '-range-max-rsi=80', '-range-p-ema=50,250', '-target-margin-list=1.0,1.5,2.0,2.5,3.0,3.5,4.0,4.5,5.0', '-log-level=WARNING']
2023-11-26 20:30:32;UNIUSDT;30m;4.0;225;32;80;100.0;5;142.28;['-batch-training', '-calc-rsi', '-verbose', '-prediction-mode=index', '-interval-list=30m', '-range-min-rsi=28', '-range-max-rsi=80', '-range-p-ema=50,250', '-target-margin-list=1.0,1.5,2.0,2.5,3.0,3.5,4.0,4.5,5.0', '-log-level=WARNING']
2023-11-26 20:17:36;UNIUSDT;30m;4.0;200;32;80;100.0;7;142.28;['-batch-training', '-calc-rsi', '-verbose', '-prediction-mode=index', '-interval-list=30m', '-range-min-rsi=28', '-range-max-rsi=80', '-range-p-ema=50,250', '-target-margin-list=1.0,1.5,2.0,2.5,3.0,3.5,4.0,4.5,5.0', '-log-level=WARNING']
2023-11-26 19:56:08;UNIUSDT;30m;4.0;150;32;80;100.0;7;142.28;['-batch-training', '-calc-rsi', '-verbose', '-prediction-mode=index', '-interval-list=30m', '-range-min-rsi=28', '-range-max-rsi=80', '-range-p-ema=50,250', '-target-margin-list=1.0,1.5,2.0,2.5,3.0,3.5,4.0,4.5,5.0', '-log-level=WARNING']
2023-11-26 19:56:08;UNIUSDT;30m;4.0;150;32;80;100.0;5;142.28;['-batch-training', '-calc-rsi', '-verbose', '-prediction-mode=index', '-interval-list=30m', '-range-min-rsi=28', '-range-max-rsi=80', '-range-p-ema=50,250', '-target-margin-list=1.0,1.5,2.0,2.5,3.0,3.5,4.0,4.5,5.0', '-log-level=WARNING']
2023-11-26 20:17:36;UNIUSDT;30m;4.0;200;32;80;100.0;6;142.28;['-batch-training', '-calc-rsi', '-verbose', '-prediction-mode=index', '-interval-list=30m', '-range-min-rsi=28', '-range-max-rsi=80', '-range-p-ema=50,250', '-target-margin-list=1.0,1.5,2.0,2.5,3.0,3.5,4.0,4.5,5.0', '-log-level=WARNING']
2023-11-26 20:44:08;UNIUSDT;30m;4.0;250;32;80;100.0;5;142.28;['-batch-training', '-calc-rsi', '-verbose', '-prediction-mode=index', '-interval-list=30m', '-range-min-rsi=28', '-range-max-rsi=80', '-range-p-ema=50,250', '-target-margin-list=1.0,1.5,2.0,2.5,3.0,3.5,4.0,4.5,5.0', '-log-level=WARNING']
2023-11-26 20:44:08;UNIUSDT;30m;4.0;250;32;80;100.0;6;142.28;['-batch-training', '-calc-rsi', '-verbose', '-prediction-mode=index', '-interval-list=30m', '-range-min-rsi=28', '-range-max-rsi=80', '-range-p-ema=50,250', '-target-margin-list=1.0,1.5,2.0,2.5,3.0,3.5,4.0,4.5,5.0', '-log-level=WARNING']
2023-11-26 20:30:32;UNIUSDT;30m;4.0;225;32;80;100.0;6;142.28;['-batch-training', '-calc-rsi', '-verbose', '-prediction-mode=index', '-interval-list=30m', '-range-min-rsi=28', '-range-max-rsi=80', '-range-p-ema=50,250', '-target-margin-list=1.0,1.5,2.0,2.5,3.0,3.5,4.0,4.5,5.0', '-log-level=WARNING']
2023-11-26 20:30:32;UNIUSDT;30m;4.0;225;32;80;100.0;7;142.28;['-batch-training', '-calc-rsi', '-verbose', '-prediction-mode=index', '-interval-list=30m', '-range-min-rsi=28', '-range-max-rsi=80', '-range-p-ema=50,250', '-target-margin-list=1.0,1.5,2.0,2.5,3.0,3.5,4.0,4.5,5.0', '-log-level=WARNING']
2023-11-26 19:56:08;UNIUSDT;30m;4.0;150;32;80;100.0;6;142.28;['-batch-training', '-calc-rsi', '-verbose', '-prediction-mode=index', '-interval-list=30m', '-range-min-rsi=28', '-range-max-rsi=80', '-range-p-ema=50,250', '-target-margin-list=1.0,1.5,2.0,2.5,3.0,3.5,4.0,4.5,5.0', '-log-level=WARNING']
2023-11-26 20:06:13;UNIUSDT;30m;4.0;175;32;80;100.0;5;142.28;['-batch-training', '-calc-rsi', '-verbose', '-prediction-mode=index', '-interval-list=30m', '-range-min-rsi=28', '-range-max-rsi=80', '-range-p-ema=50,250', '-target-margin-list=1.0,1.5,2.0,2.5,3.0,3.5,4.0,4.5,5.0', '-log-level=WARNING']
2023-11-26 20:06:13;UNIUSDT;30m;4.0;175;32;80;100.0;7;142.28;['-batch-training', '-calc-rsi', '-verbose', '-prediction-mode=index', '-interval-list=30m', '-range-min-rsi=28', '-range-max-rsi=80', '-range-p-ema=50,250', '-target-margin-list=1.0,1.5,2.0,2.5,3.0,3.5,4.0,4.5,5.0', '-log-level=WARNING']
2023-11-26 20:06:13;UNIUSDT;30m;4.0;175;32;80;100.0;6;142.28;['-batch-training', '-calc-rsi', '-verbose', '-prediction-mode=index', '-interval-list=30m', '-range-min-rsi=28', '-range-max-rsi=80', '-range-p-ema=50,250', '-target-margin-list=1.0,1.5,2.0,2.5,3.0,3.5,4.0,4.5,5.0', '-log-level=WARNING']
2023-11-26 20:44:08;UNIUSDT;30m;4.0;250;32;80;100.0;7;142.28;['-batch-training', '-calc-rsi', '-verbose', '-prediction-mode=index', '-interval-list=30m', '-range-min-rsi=28', '-range-max-rsi=80', '-range-p-ema=50,250', '-target-margin-list=1.0,1.5,2.0,2.5,3.0,3.5,4.0,4.5,5.0', '-log-level=WARNING']
2023-11-26 20:28:33;UNIUSDT;30m;3.5;225;34;76;100.0;5;142.3;['-batch-training', '-calc-rsi', '-verbose', '-prediction-mode=index', '-interval-list=30m', '-range-min-rsi=28', '-range-max-rsi=80', '-range-p-ema=50,250', '-target-margin-list=1.0,1.5,2.0,2.5,3.0,3.5,4.0,4.5,5.0', '-log-level=WARNING']
2023-11-26 20:28:16;UNIUSDT;30m;3.5;225;34;74;100.0;7;142.3;['-batch-training', '-calc-rsi', '-verbose', '-prediction-mode=index', '-interval-list=30m', '-range-min-rsi=28', '-range-max-rsi=80', '-range-p-ema=50,250', '-target-margin-list=1.0,1.5,2.0,2.5,3.0,3.5,4.0,4.5,5.0', '-log-level=WARNING']
2023-11-26 20:28:16;UNIUSDT;30m;3.5;225;34;74;100.0;5;142.3;['-batch-training', '-calc-rsi', '-verbose', '-prediction-mode=index', '-interval-list=30m', '-range-min-rsi=28', '-range-max-rsi=80', '-range-p-ema=50,250', '-target-margin-list=1.0,1.5,2.0,2.5,3.0,3.5,4.0,4.5,5.0', '-log-level=WARNING']
2023-11-26 20:28:16;UNIUSDT;30m;3.5;225;34;74;100.0;6;142.3;['-batch-training', '-calc-rsi', '-verbose', '-prediction-mode=index', '-interval-list=30m', '-range-min-rsi=28', '-range-max-rsi=80', '-range-p-ema=50,250', '-target-margin-list=1.0,1.5,2.0,2.5,3.0,3.5,4.0,4.5,5.0', '-log-level=WARNING']
2023-11-26 20:28:33;UNIUSDT;30m;3.5;225;34;76;100.0;6;142.3;['-batch-training', '-calc-rsi', '-verbose', '-prediction-mode=index', '-interval-list=30m', '-range-min-rsi=28', '-range-max-rsi=80', '-range-p-ema=50,250', '-target-margin-list=1.0,1.5,2.0,2.5,3.0,3.5,4.0,4.5,5.0', '-log-level=WARNING']
2023-11-26 20:28:33;UNIUSDT;30m;3.5;225;34;76;100.0;7;142.3;['-batch-training', '-calc-rsi', '-verbose', '-prediction-mode=index', '-interval-list=30m', '-range-min-rsi=28', '-range-max-rsi=80', '-range-p-ema=50,250', '-target-margin-list=1.0,1.5,2.0,2.5,3.0,3.5,4.0,4.5,5.0', '-log-level=WARNING']
2023-11-26 20:28:51;UNIUSDT;30m;3.5;225;34;78;100.0;5;142.3;['-batch-training', '-calc-rsi', '-verbose', '-prediction-mode=index', '-interval-list=30m', '-range-min-rsi=28', '-range-max-rsi=80', '-range-p-ema=50,250', '-target-margin-list=1.0,1.5,2.0,2.5,3.0,3.5,4.0,4.5,5.0', '-log-level=WARNING']
2023-11-26 20:28:51;UNIUSDT;30m;3.5;225;34;78;100.0;6;142.3;['-batch-training', '-calc-rsi', '-verbose', '-prediction-mode=index', '-interval-list=30m', '-range-min-rsi=28', '-range-max-rsi=80', '-range-p-ema=50,250', '-target-margin-list=1.0,1.5,2.0,2.5,3.0,3.5,4.0,4.5,5.0', '-log-level=WARNING']
2023-11-26 20:28:51;UNIUSDT;30m;3.5;225;34;78;100.0;7;142.3;['-batch-training', '-calc-rsi', '-verbose', '-prediction-mode=index', '-interval-list=30m', '-range-min-rsi=28', '-range-max-rsi=80', '-range-p-ema=50,250', '-target-margin-list=1.0,1.5,2.0,2.5,3.0,3.5,4.0,4.5,5.0', '-log-level=WARNING']
2023-11-26 20:05:09;UNIUSDT;30m;3.5;175;34;80;100.0;6;142.31;['-batch-training', '-calc-rsi', '-verbose', '-prediction-mode=index', '-interval-list=30m', '-range-min-rsi=28', '-range-max-rsi=80', '-range-p-ema=50,250', '-target-margin-list=1.0,1.5,2.0,2.5,3.0,3.5,4.0,4.5,5.0', '-log-level=WARNING']
2023-11-26 21:15:49;UNIUSDT;30m;4.5;75;34;80;100.0;2;142.31;['-batch-training', '-calc-rsi', '-verbose', '-prediction-mode=index', '-interval-list=30m', '-range-min-rsi=28', '-range-max-rsi=80', '-range-p-ema=50,250', '-target-margin-list=1.0,1.5,2.0,2.5,3.0,3.5,4.0,4.5,5.0', '-log-level=WARNING']
2023-11-26 20:05:09;UNIUSDT;30m;3.5;175;34;80;100.0;5;142.31;['-batch-training', '-calc-rsi', '-verbose', '-prediction-mode=index', '-interval-list=30m', '-range-min-rsi=28', '-range-max-rsi=80', '-range-p-ema=50,250', '-target-margin-list=1.0,1.5,2.0,2.5,3.0,3.5,4.0,4.5,5.0', '-log-level=WARNING']
2023-11-26 20:05:09;UNIUSDT;30m;3.5;175;34;80;100.0;7;142.31;['-batch-training', '-calc-rsi', '-verbose', '-prediction-mode=index', '-interval-list=30m', '-range-min-rsi=28', '-range-max-rsi=80', '-range-p-ema=50,250', '-target-margin-list=1.0,1.5,2.0,2.5,3.0,3.5,4.0,4.5,5.0', '-log-level=WARNING']
2023-11-26 19:46:20;UNIUSDT;30m;4.5;125;34;80;100.0;2;142.31;['-batch-training', '-calc-rsi', '-verbose', '-prediction-mode=index', '-interval-list=30m', '-range-min-rsi=28', '-range-max-rsi=80', '-range-p-ema=50,250', '-target-margin-list=1.0,1.5,2.0,2.5,3.0,3.5,4.0,4.5,5.0', '-log-level=WARNING']
2023-11-26 19:34:46;UNIUSDT;30m;4.5;100;34;80;100.0;2;142.31;['-batch-training', '-calc-rsi', '-verbose', '-prediction-mode=index', '-interval-list=30m', '-range-min-rsi=28', '-range-max-rsi=80', '-range-p-ema=50,250', '-target-margin-list=1.0,1.5,2.0,2.5,3.0,3.5,4.0,4.5,5.0', '-log-level=WARNING']
2023-11-26 21:00:24;UNIUSDT;30m;4.5;50;34;80;100.0;2;142.31;['-batch-training', '-calc-rsi', '-verbose', '-prediction-mode=index', '-interval-list=30m', '-range-min-rsi=28', '-range-max-rsi=80', '-range-p-ema=50,250', '-target-margin-list=1.0,1.5,2.0,2.5,3.0,3.5,4.0,4.5,5.0', '-log-level=WARNING']
2023-11-26 20:16:17;UNIUSDT;30m;3.5;200;34;80;100.0;5;142.31;['-batch-training', '-calc-rsi', '-verbose', '-prediction-mode=index', '-interval-list=30m', '-range-min-rsi=28', '-range-max-rsi=80', '-range-p-ema=50,250', '-target-margin-list=1.0,1.5,2.0,2.5,3.0,3.5,4.0,4.5,5.0', '-log-level=WARNING']
2023-11-26 20:16:18;UNIUSDT;30m;3.5;200;34;80;100.0;7;142.31;['-batch-training', '-calc-rsi', '-verbose', '-prediction-mode=index', '-interval-list=30m', '-range-min-rsi=28', '-range-max-rsi=80', '-range-p-ema=50,250', '-target-margin-list=1.0,1.5,2.0,2.5,3.0,3.5,4.0,4.5,5.0', '-log-level=WARNING']
2023-11-26 20:16:18;UNIUSDT;30m;3.5;200;34;80;100.0;6;142.31;['-batch-training', '-calc-rsi', '-verbose', '-prediction-mode=index', '-interval-list=30m', '-range-min-rsi=28', '-range-max-rsi=80', '-range-p-ema=50,250', '-target-margin-list=1.0,1.5,2.0,2.5,3.0,3.5,4.0,4.5,5.0', '-log-level=WARNING']
2023-11-26 19:43:45;UNIUSDT;30m;3.5;125;32;80;100.0;3;142.44;['-batch-training', '-calc-rsi', '-verbose', '-prediction-mode=index', '-interval-list=30m', '-range-min-rsi=28', '-range-max-rsi=80', '-range-p-ema=50,250', '-target-margin-list=1.0,1.5,2.0,2.5,3.0,3.5,4.0,4.5,5.0', '-log-level=WARNING']
2023-11-26 19:32:14;UNIUSDT;30m;3.5;100;32;80;100.0;3;142.44;['-batch-training', '-calc-rsi', '-verbose', '-prediction-mode=index', '-interval-list=30m', '-range-min-rsi=28', '-range-max-rsi=80', '-range-p-ema=50,250', '-target-margin-list=1.0,1.5,2.0,2.5,3.0,3.5,4.0,4.5,5.0', '-log-level=WARNING']
2023-11-26 20:57:00;UNIUSDT;30m;3.5;50;32;80;100.0;3;142.44;['-batch-training', '-calc-rsi', '-verbose', '-prediction-mode=index', '-interval-list=30m', '-range-min-rsi=28', '-range-max-rsi=80', '-range-p-ema=50,250', '-target-margin-list=1.0,1.5,2.0,2.5,3.0,3.5,4.0,4.5,5.0', '-log-level=WARNING']
2023-11-26 21:12:44;UNIUSDT;30m;3.5;75;32;80;100.0;3;142.44;['-batch-training', '-calc-rsi', '-verbose', '-prediction-mode=index', '-interval-list=30m', '-range-min-rsi=28', '-range-max-rsi=80', '-range-p-ema=50,250', '-target-margin-list=1.0,1.5,2.0,2.5,3.0,3.5,4.0,4.5,5.0', '-log-level=WARNING']
2023-11-26 20:03:34;UNIUSDT;30m;3.0;175;32;76;100.0;3;142.53;['-batch-training', '-calc-rsi', '-verbose', '-prediction-mode=index', '-interval-list=30m', '-range-min-rsi=28', '-range-max-rsi=80', '-range-p-ema=50,250', '-target-margin-list=1.0,1.5,2.0,2.5,3.0,3.5,4.0,4.5,5.0', '-log-level=WARNING']
2023-11-26 20:00:59;UNIUSDT;30m;2.0;175;36;72;100.0;4;142.53;['-batch-training', '-calc-rsi', '-verbose', '-prediction-mode=index', '-interval-list=30m', '-range-min-rsi=28', '-range-max-rsi=80', '-range-p-ema=50,250', '-target-margin-list=1.0,1.5,2.0,2.5,3.0,3.5,4.0,4.5,5.0', '-log-level=WARNING']
2023-11-26 20:40:25;UNIUSDT;30m;3.0;250;32;76;100.0;3;142.53;['-batch-training', '-calc-rsi', '-verbose', '-prediction-mode=index', '-interval-list=30m', '-range-min-rsi=28', '-range-max-rsi=80', '-range-p-ema=50,250', '-target-margin-list=1.0,1.5,2.0,2.5,3.0,3.5,4.0,4.5,5.0', '-log-level=WARNING']
2023-11-26 20:14:20;UNIUSDT;30m;3.0;200;32;76;100.0;3;142.53;['-batch-training', '-calc-rsi', '-verbose', '-prediction-mode=index', '-interval-list=30m', '-range-min-rsi=28', '-range-max-rsi=80', '-range-p-ema=50,250', '-target-margin-list=1.0,1.5,2.0,2.5,3.0,3.5,4.0,4.5,5.0', '-log-level=WARNING']
2023-11-26 20:27:02;UNIUSDT;30m;3.0;225;32;76;100.0;3;142.53;['-batch-training', '-calc-rsi', '-verbose', '-prediction-mode=index', '-interval-list=30m', '-range-min-rsi=28', '-range-max-rsi=80', '-range-p-ema=50,250', '-target-margin-list=1.0,1.5,2.0,2.5,3.0,3.5,4.0,4.5,5.0', '-log-level=WARNING']
2023-11-26 19:53:24;UNIUSDT;30m;3.0;150;32;76;100.0;3;142.53;['-batch-training', '-calc-rsi', '-verbose', '-prediction-mode=index', '-interval-list=30m', '-range-min-rsi=28', '-range-max-rsi=80', '-range-p-ema=50,250', '-target-margin-list=1.0,1.5,2.0,2.5,3.0,3.5,4.0,4.5,5.0', '-log-level=WARNING']
2023-11-26 20:16:50;UNIUSDT;30m;4.0;200;34;74;100.0;2;142.56;['-batch-training', '-calc-rsi', '-verbose', '-prediction-mode=index', '-interval-list=30m', '-range-min-rsi=28', '-range-max-rsi=80', '-range-p-ema=50,250', '-target-margin-list=1.0,1.5,2.0,2.5,3.0,3.5,4.0,4.5,5.0', '-log-level=WARNING']
2023-11-26 20:05:36;UNIUSDT;30m;4.0;175;34;74;100.0;2;142.56;['-batch-training', '-calc-rsi', '-verbose', '-prediction-mode=index', '-interval-list=30m', '-range-min-rsi=28', '-range-max-rsi=80', '-range-p-ema=50,250', '-target-margin-list=1.0,1.5,2.0,2.5,3.0,3.5,4.0,4.5,5.0', '-log-level=WARNING']
2023-11-26 19:55:30;UNIUSDT;30m;4.0;150;34;74;100.0;2;142.56;['-batch-training', '-calc-rsi', '-verbose', '-prediction-mode=index', '-interval-list=30m', '-range-min-rsi=28', '-range-max-rsi=80', '-range-p-ema=50,250', '-target-margin-list=1.0,1.5,2.0,2.5,3.0,3.5,4.0,4.5,5.0', '-log-level=WARNING']
2023-11-26 20:15:38;UNIUSDT;30m;3.5;200;30;76;100.0;6;142.62;['-batch-training', '-calc-rsi', '-verbose', '-prediction-mode=index', '-interval-list=30m', '-range-min-rsi=28', '-range-max-rsi=80', '-range-p-ema=50,250', '-target-margin-list=1.0,1.5,2.0,2.5,3.0,3.5,4.0,4.5,5.0', '-log-level=WARNING']
2023-11-26 20:41:36;UNIUSDT;30m;3.5;250;30;74;100.0;5;142.62;['-batch-training', '-calc-rsi', '-verbose', '-prediction-mode=index', '-interval-list=30m', '-range-min-rsi=28', '-range-max-rsi=80', '-range-p-ema=50,250', '-target-margin-list=1.0,1.5,2.0,2.5,3.0,3.5,4.0,4.5,5.0', '-log-level=WARNING']
2023-11-26 20:15:38;UNIUSDT;30m;3.5;200;30;76;100.0;7;142.62;['-batch-training', '-calc-rsi', '-verbose', '-prediction-mode=index', '-interval-list=30m', '-range-min-rsi=28', '-range-max-rsi=80', '-range-p-ema=50,250', '-target-margin-list=1.0,1.5,2.0,2.5,3.0,3.5,4.0,4.5,5.0', '-log-level=WARNING']
2023-11-26 20:15:38;UNIUSDT;30m;3.5;200;30;76;100.0;5;142.62;['-batch-training', '-calc-rsi', '-verbose', '-prediction-mode=index', '-interval-list=30m', '-range-min-rsi=28', '-range-max-rsi=80', '-range-p-ema=50,250', '-target-margin-list=1.0,1.5,2.0,2.5,3.0,3.5,4.0,4.5,5.0', '-log-level=WARNING']
2023-11-26 20:15:54;UNIUSDT;30m;3.5;200;30;78;100.0;6;142.62;['-batch-training', '-calc-rsi', '-verbose', '-prediction-mode=index', '-interval-list=30m', '-range-min-rsi=28', '-range-max-rsi=80', '-range-p-ema=50,250', '-target-margin-list=1.0,1.5,2.0,2.5,3.0,3.5,4.0,4.5,5.0', '-log-level=WARNING']
2023-11-26 20:15:54;UNIUSDT;30m;3.5;200;30;78;100.0;5;142.62;['-batch-training', '-calc-rsi', '-verbose', '-prediction-mode=index', '-interval-list=30m', '-range-min-rsi=28', '-range-max-rsi=80', '-range-p-ema=50,250', '-target-margin-list=1.0,1.5,2.0,2.5,3.0,3.5,4.0,4.5,5.0', '-log-level=WARNING']
2023-11-26 21:12:17;UNIUSDT;30m;3.5;75;30;78;100.0;6;142.62;['-batch-training', '-calc-rsi', '-verbose', '-prediction-mode=index', '-interval-list=30m', '-range-min-rsi=28', '-range-max-rsi=80', '-range-p-ema=50,250', '-target-margin-list=1.0,1.5,2.0,2.5,3.0,3.5,4.0,4.5,5.0', '-log-level=WARNING']
2023-11-26 19:54:43;UNIUSDT;30m;3.5;150;30;78;100.0;5;142.62;['-batch-training', '-calc-rsi', '-verbose', '-prediction-mode=index', '-interval-list=30m', '-range-min-rsi=28', '-range-max-rsi=80', '-range-p-ema=50,250', '-target-margin-list=1.0,1.5,2.0,2.5,3.0,3.5,4.0,4.5,5.0', '-log-level=WARNING']
2023-11-26 20:41:36;UNIUSDT;30m;3.5;250;30;74;100.0;7;142.62;['-batch-training', '-calc-rsi', '-verbose', '-prediction-mode=index', '-interval-list=30m', '-range-min-rsi=28', '-range-max-rsi=80', '-range-p-ema=50,250', '-target-margin-list=1.0,1.5,2.0,2.5,3.0,3.5,4.0,4.5,5.0', '-log-level=WARNING']
2023-11-26 20:15:55;UNIUSDT;30m;3.5;200;30;78;100.0;7;142.62;['-batch-training', '-calc-rsi', '-verbose', '-prediction-mode=index', '-interval-list=30m', '-range-min-rsi=28', '-range-max-rsi=80', '-range-p-ema=50,250', '-target-margin-list=1.0,1.5,2.0,2.5,3.0,3.5,4.0,4.5,5.0', '-log-level=WARNING']
2023-11-26 21:12:17;UNIUSDT;30m;3.5;75;30;78;100.0;5;142.62;['-batch-training', '-calc-rsi', '-verbose', '-prediction-mode=index', '-interval-list=30m', '-range-min-rsi=28', '-range-max-rsi=80', '-range-p-ema=50,250', '-target-margin-list=1.0,1.5,2.0,2.5,3.0,3.5,4.0,4.5,5.0', '-log-level=WARNING']
2023-11-26 20:41:36;UNIUSDT;30m;3.5;250;30;74;100.0;6;142.62;['-batch-training', '-calc-rsi', '-verbose', '-prediction-mode=index', '-interval-list=30m', '-range-min-rsi=28', '-range-max-rsi=80', '-range-p-ema=50,250', '-target-margin-list=1.0,1.5,2.0,2.5,3.0,3.5,4.0,4.5,5.0', '-log-level=WARNING']
2023-11-26 19:54:43;UNIUSDT;30m;3.5;150;30;78;100.0;7;142.62;['-batch-training', '-calc-rsi', '-verbose', '-prediction-mode=index', '-interval-list=30m', '-range-min-rsi=28', '-range-max-rsi=80', '-range-p-ema=50,250', '-target-margin-list=1.0,1.5,2.0,2.5,3.0,3.5,4.0,4.5,5.0', '-log-level=WARNING']
2023-11-26 20:42:12;UNIUSDT;30m;3.5;250;30;78;100.0;7;142.62;['-batch-training', '-calc-rsi', '-verbose', '-prediction-mode=index', '-interval-list=30m', '-range-min-rsi=28', '-range-max-rsi=80', '-range-p-ema=50,250', '-target-margin-list=1.0,1.5,2.0,2.5,3.0,3.5,4.0,4.5,5.0', '-log-level=WARNING']
2023-11-26 21:12:17;UNIUSDT;30m;3.5;75;30;78;100.0;7;142.62;['-batch-training', '-calc-rsi', '-verbose', '-prediction-mode=index', '-interval-list=30m', '-range-min-rsi=28', '-range-max-rsi=80', '-range-p-ema=50,250', '-target-margin-list=1.0,1.5,2.0,2.5,3.0,3.5,4.0,4.5,5.0', '-log-level=WARNING']
2023-11-26 19:31:57;UNIUSDT;30m;3.5;100;30;78;100.0;6;142.62;['-batch-training', '-calc-rsi', '-verbose', '-prediction-mode=index', '-interval-list=30m', '-range-min-rsi=28', '-range-max-rsi=80', '-range-p-ema=50,250', '-target-margin-list=1.0,1.5,2.0,2.5,3.0,3.5,4.0,4.5,5.0', '-log-level=WARNING']
2023-11-26 19:31:57;UNIUSDT;30m;3.5;100;30;78;100.0;7;142.62;['-batch-training', '-calc-rsi', '-verbose', '-prediction-mode=index', '-interval-list=30m', '-range-min-rsi=28', '-range-max-rsi=80', '-range-p-ema=50,250', '-target-margin-list=1.0,1.5,2.0,2.5,3.0,3.5,4.0,4.5,5.0', '-log-level=WARNING']
2023-11-26 19:31:57;UNIUSDT;30m;3.5;100;30;78;100.0;5;142.62;['-batch-training', '-calc-rsi', '-verbose', '-prediction-mode=index', '-interval-list=30m', '-range-min-rsi=28', '-range-max-rsi=80', '-range-p-ema=50,250', '-target-margin-list=1.0,1.5,2.0,2.5,3.0,3.5,4.0,4.5,5.0', '-log-level=WARNING']
2023-11-26 19:42:57;UNIUSDT;30m;3.5;125;30;74;100.0;5;142.62;['-batch-training', '-calc-rsi', '-verbose', '-prediction-mode=index', '-interval-list=30m', '-range-min-rsi=28', '-range-max-rsi=80', '-range-p-ema=50,250', '-target-margin-list=1.0,1.5,2.0,2.5,3.0,3.5,4.0,4.5,5.0', '-log-level=WARNING']
2023-11-26 19:42:57;UNIUSDT;30m;3.5;125;30;74;100.0;7;142.62;['-batch-training', '-calc-rsi', '-verbose', '-prediction-mode=index', '-interval-list=30m', '-range-min-rsi=28', '-range-max-rsi=80', '-range-p-ema=50,250', '-target-margin-list=1.0,1.5,2.0,2.5,3.0,3.5,4.0,4.5,5.0', '-log-level=WARNING']
2023-11-26 19:42:57;UNIUSDT;30m;3.5;125;30;74;100.0;6;142.62;['-batch-training', '-calc-rsi', '-verbose', '-prediction-mode=index', '-interval-list=30m', '-range-min-rsi=28', '-range-max-rsi=80', '-range-p-ema=50,250', '-target-margin-list=1.0,1.5,2.0,2.5,3.0,3.5,4.0,4.5,5.0', '-log-level=WARNING']
2023-11-26 19:54:43;UNIUSDT;30m;3.5;150;30;78;100.0;6;142.62;['-batch-training', '-calc-rsi', '-verbose', '-prediction-mode=index', '-interval-list=30m', '-range-min-rsi=28', '-range-max-rsi=80', '-range-p-ema=50,250', '-target-margin-list=1.0,1.5,2.0,2.5,3.0,3.5,4.0,4.5,5.0', '-log-level=WARNING']
2023-11-26 19:43:12;UNIUSDT;30m;3.5;125;30;76;100.0;7;142.62;['-batch-training', '-calc-rsi', '-verbose', '-prediction-mode=index', '-interval-list=30m', '-range-min-rsi=28', '-range-max-rsi=80', '-range-p-ema=50,250', '-target-margin-list=1.0,1.5,2.0,2.5,3.0,3.5,4.0,4.5,5.0', '-log-level=WARNING']
2023-11-26 19:43:12;UNIUSDT;30m;3.5;125;30;76;100.0;6;142.62;['-batch-training', '-calc-rsi', '-verbose', '-prediction-mode=index', '-interval-list=30m', '-range-min-rsi=28', '-range-max-rsi=80', '-range-p-ema=50,250', '-target-margin-list=1.0,1.5,2.0,2.5,3.0,3.5,4.0,4.5,5.0', '-log-level=WARNING']
2023-11-26 19:31:42;UNIUSDT;30m;3.5;100;30;76;100.0;6;142.62;['-batch-training', '-calc-rsi', '-verbose', '-prediction-mode=index', '-interval-list=30m', '-range-min-rsi=28', '-range-max-rsi=80', '-range-p-ema=50,250', '-target-margin-list=1.0,1.5,2.0,2.5,3.0,3.5,4.0,4.5,5.0', '-log-level=WARNING']
2023-11-26 19:31:42;UNIUSDT;30m;3.5;100;30;76;100.0;7;142.62;['-batch-training', '-calc-rsi', '-verbose', '-prediction-mode=index', '-interval-list=30m', '-range-min-rsi=28', '-range-max-rsi=80', '-range-p-ema=50,250', '-target-margin-list=1.0,1.5,2.0,2.5,3.0,3.5,4.0,4.5,5.0', '-log-level=WARNING']
2023-11-26 19:31:42;UNIUSDT;30m;3.5;100;30;76;100.0;5;142.62;['-batch-training', '-calc-rsi', '-verbose', '-prediction-mode=index', '-interval-list=30m', '-range-min-rsi=28', '-range-max-rsi=80', '-range-p-ema=50,250', '-target-margin-list=1.0,1.5,2.0,2.5,3.0,3.5,4.0,4.5,5.0', '-log-level=WARNING']
2023-11-26 19:43:27;UNIUSDT;30m;3.5;125;30;78;100.0;5;142.62;['-batch-training', '-calc-rsi', '-verbose', '-prediction-mode=index', '-interval-list=30m', '-range-min-rsi=28', '-range-max-rsi=80', '-range-p-ema=50,250', '-target-margin-list=1.0,1.5,2.0,2.5,3.0,3.5,4.0,4.5,5.0', '-log-level=WARNING']
2023-11-26 19:43:27;UNIUSDT;30m;3.5;125;30;78;100.0;7;142.62;['-batch-training', '-calc-rsi', '-verbose', '-prediction-mode=index', '-interval-list=30m', '-range-min-rsi=28', '-range-max-rsi=80', '-range-p-ema=50,250', '-target-margin-list=1.0,1.5,2.0,2.5,3.0,3.5,4.0,4.5,5.0', '-log-level=WARNING']
2023-11-26 20:42:12;UNIUSDT;30m;3.5;250;30;78;100.0;5;142.62;['-batch-training', '-calc-rsi', '-verbose', '-prediction-mode=index', '-interval-list=30m', '-range-min-rsi=28', '-range-max-rsi=80', '-range-p-ema=50,250', '-target-margin-list=1.0,1.5,2.0,2.5,3.0,3.5,4.0,4.5,5.0', '-log-level=WARNING']
2023-11-26 20:42:12;UNIUSDT;30m;3.5;250;30;78;100.0;6;142.62;['-batch-training', '-calc-rsi', '-verbose', '-prediction-mode=index', '-interval-list=30m', '-range-min-rsi=28', '-range-max-rsi=80', '-range-p-ema=50,250', '-target-margin-list=1.0,1.5,2.0,2.5,3.0,3.5,4.0,4.5,5.0', '-log-level=WARNING']
2023-11-26 19:43:27;UNIUSDT;30m;3.5;125;30;78;100.0;6;142.62;['-batch-training', '-calc-rsi', '-verbose', '-prediction-mode=index', '-interval-list=30m', '-range-min-rsi=28', '-range-max-rsi=80', '-range-p-ema=50,250', '-target-margin-list=1.0,1.5,2.0,2.5,3.0,3.5,4.0,4.5,5.0', '-log-level=WARNING']
2023-11-26 20:41:54;UNIUSDT;30m;3.5;250;30;76;100.0;6;142.62;['-batch-training', '-calc-rsi', '-verbose', '-prediction-mode=index', '-interval-list=30m', '-range-min-rsi=28', '-range-max-rsi=80', '-range-p-ema=50,250', '-target-margin-list=1.0,1.5,2.0,2.5,3.0,3.5,4.0,4.5,5.0', '-log-level=WARNING']
2023-11-26 20:41:54;UNIUSDT;30m;3.5;250;30;76;100.0;7;142.62;['-batch-training', '-calc-rsi', '-verbose', '-prediction-mode=index', '-interval-list=30m', '-range-min-rsi=28', '-range-max-rsi=80', '-range-p-ema=50,250', '-target-margin-list=1.0,1.5,2.0,2.5,3.0,3.5,4.0,4.5,5.0', '-log-level=WARNING']
2023-11-26 20:41:54;UNIUSDT;30m;3.5;250;30;76;100.0;5;142.62;['-batch-training', '-calc-rsi', '-verbose', '-prediction-mode=index', '-interval-list=30m', '-range-min-rsi=28', '-range-max-rsi=80', '-range-p-ema=50,250', '-target-margin-list=1.0,1.5,2.0,2.5,3.0,3.5,4.0,4.5,5.0', '-log-level=WARNING']
2023-11-26 19:43:12;UNIUSDT;30m;3.5;125;30;76;100.0;5;142.62;['-batch-training', '-calc-rsi', '-verbose', '-prediction-mode=index', '-interval-list=30m', '-range-min-rsi=28', '-range-max-rsi=80', '-range-p-ema=50,250', '-target-margin-list=1.0,1.5,2.0,2.5,3.0,3.5,4.0,4.5,5.0', '-log-level=WARNING']
2023-11-26 20:04:38;UNIUSDT;30m;3.5;175;30;76;100.0;5;142.62;['-batch-training', '-calc-rsi', '-verbose', '-prediction-mode=index', '-interval-list=30m', '-range-min-rsi=28', '-range-max-rsi=80', '-range-p-ema=50,250', '-target-margin-list=1.0,1.5,2.0,2.5,3.0,3.5,4.0,4.5,5.0', '-log-level=WARNING']
2023-11-26 20:04:24;UNIUSDT;30m;3.5;175;30;74;100.0;7;142.62;['-batch-training', '-calc-rsi', '-verbose', '-prediction-mode=index', '-interval-list=30m', '-range-min-rsi=28', '-range-max-rsi=80', '-range-p-ema=50,250', '-target-margin-list=1.0,1.5,2.0,2.5,3.0,3.5,4.0,4.5,5.0', '-log-level=WARNING']
2023-11-26 20:55:57;UNIUSDT;30m;3.5;50;30;74;100.0;5;142.62;['-batch-training', '-calc-rsi', '-verbose', '-prediction-mode=index', '-interval-list=30m', '-range-min-rsi=28', '-range-max-rsi=80', '-range-p-ema=50,250', '-target-margin-list=1.0,1.5,2.0,2.5,3.0,3.5,4.0,4.5,5.0', '-log-level=WARNING']
2023-11-26 20:55:57;UNIUSDT;30m;3.5;50;30;74;100.0;7;142.62;['-batch-training', '-calc-rsi', '-verbose', '-prediction-mode=index', '-interval-list=30m', '-range-min-rsi=28', '-range-max-rsi=80', '-range-p-ema=50,250', '-target-margin-list=1.0,1.5,2.0,2.5,3.0,3.5,4.0,4.5,5.0', '-log-level=WARNING']
2023-11-26 20:55:57;UNIUSDT;30m;3.5;50;30;74;100.0;6;142.62;['-batch-training', '-calc-rsi', '-verbose', '-prediction-mode=index', '-interval-list=30m', '-range-min-rsi=28', '-range-max-rsi=80', '-range-p-ema=50,250', '-target-margin-list=1.0,1.5,2.0,2.5,3.0,3.5,4.0,4.5,5.0', '-log-level=WARNING']
2023-11-26 20:28:26;UNIUSDT;30m;3.5;225;30;76;100.0;7;142.62;['-batch-training', '-calc-rsi', '-verbose', '-prediction-mode=index', '-interval-list=30m', '-range-min-rsi=28', '-range-max-rsi=80', '-range-p-ema=50,250', '-target-margin-list=1.0,1.5,2.0,2.5,3.0,3.5,4.0,4.5,5.0', '-log-level=WARNING']
2023-11-26 20:28:26;UNIUSDT;30m;3.5;225;30;76;100.0;5;142.62;['-batch-training', '-calc-rsi', '-verbose', '-prediction-mode=index', '-interval-list=30m', '-range-min-rsi=28', '-range-max-rsi=80', '-range-p-ema=50,250', '-target-margin-list=1.0,1.5,2.0,2.5,3.0,3.5,4.0,4.5,5.0', '-log-level=WARNING']
2023-11-26 20:28:26;UNIUSDT;30m;3.5;225;30;76;100.0;6;142.62;['-batch-training', '-calc-rsi', '-verbose', '-prediction-mode=index', '-interval-list=30m', '-range-min-rsi=28', '-range-max-rsi=80', '-range-p-ema=50,250', '-target-margin-list=1.0,1.5,2.0,2.5,3.0,3.5,4.0,4.5,5.0', '-log-level=WARNING']
2023-11-26 20:28:09;UNIUSDT;30m;3.5;225;30;74;100.0;7;142.62;['-batch-training', '-calc-rsi', '-verbose', '-prediction-mode=index', '-interval-list=30m', '-range-min-rsi=28', '-range-max-rsi=80', '-range-p-ema=50,250', '-target-margin-list=1.0,1.5,2.0,2.5,3.0,3.5,4.0,4.5,5.0', '-log-level=WARNING']
2023-11-26 20:28:08;UNIUSDT;30m;3.5;225;30;74;100.0;6;142.62;['-batch-training', '-calc-rsi', '-verbose', '-prediction-mode=index', '-interval-list=30m', '-range-min-rsi=28', '-range-max-rsi=80', '-range-p-ema=50,250', '-target-margin-list=1.0,1.5,2.0,2.5,3.0,3.5,4.0,4.5,5.0', '-log-level=WARNING']
2023-11-26 20:28:08;UNIUSDT;30m;3.5;225;30;74;100.0;5;142.62;['-batch-training', '-calc-rsi', '-verbose', '-prediction-mode=index', '-interval-list=30m', '-range-min-rsi=28', '-range-max-rsi=80', '-range-p-ema=50,250', '-target-margin-list=1.0,1.5,2.0,2.5,3.0,3.5,4.0,4.5,5.0', '-log-level=WARNING']
2023-11-26 21:11:33;UNIUSDT;30m;3.5;75;30;74;100.0;5;142.62;['-batch-training', '-calc-rsi', '-verbose', '-prediction-mode=index', '-interval-list=30m', '-range-min-rsi=28', '-range-max-rsi=80', '-range-p-ema=50,250', '-target-margin-list=1.0,1.5,2.0,2.5,3.0,3.5,4.0,4.5,5.0', '-log-level=WARNING']
2023-11-26 20:04:24;UNIUSDT;30m;3.5;175;30;74;100.0;6;142.62;['-batch-training', '-calc-rsi', '-verbose', '-prediction-mode=index', '-interval-list=30m', '-range-min-rsi=28', '-range-max-rsi=80', '-range-p-ema=50,250', '-target-margin-list=1.0,1.5,2.0,2.5,3.0,3.5,4.0,4.5,5.0', '-log-level=WARNING']
2023-11-26 20:56:15;UNIUSDT;30m;3.5;50;30;76;100.0;6;142.62;['-batch-training', '-calc-rsi', '-verbose', '-prediction-mode=index', '-interval-list=30m', '-range-min-rsi=28', '-range-max-rsi=80', '-range-p-ema=50,250', '-target-margin-list=1.0,1.5,2.0,2.5,3.0,3.5,4.0,4.5,5.0', '-log-level=WARNING']
2023-11-26 20:56:36;UNIUSDT;30m;3.5;50;30;78;100.0;5;142.62;['-batch-training', '-calc-rsi', '-verbose', '-prediction-mode=index', '-interval-list=30m', '-range-min-rsi=28', '-range-max-rsi=80', '-range-p-ema=50,250', '-target-margin-list=1.0,1.5,2.0,2.5,3.0,3.5,4.0,4.5,5.0', '-log-level=WARNING']
2023-11-26 20:56:36;UNIUSDT;30m;3.5;50;30;78;100.0;6;142.62;['-batch-training', '-calc-rsi', '-verbose', '-prediction-mode=index', '-interval-list=30m', '-range-min-rsi=28', '-range-max-rsi=80', '-range-p-ema=50,250', '-target-margin-list=1.0,1.5,2.0,2.5,3.0,3.5,4.0,4.5,5.0', '-log-level=WARNING']
2023-11-26 20:56:36;UNIUSDT;30m;3.5;50;30;78;100.0;7;142.62;['-batch-training', '-calc-rsi', '-verbose', '-prediction-mode=index', '-interval-list=30m', '-range-min-rsi=28', '-range-max-rsi=80', '-range-p-ema=50,250', '-target-margin-list=1.0,1.5,2.0,2.5,3.0,3.5,4.0,4.5,5.0', '-log-level=WARNING']
2023-11-26 20:04:50;UNIUSDT;30m;3.5;175;30;78;100.0;6;142.62;['-batch-training', '-calc-rsi', '-verbose', '-prediction-mode=index', '-interval-list=30m', '-range-min-rsi=28', '-range-max-rsi=80', '-range-p-ema=50,250', '-target-margin-list=1.0,1.5,2.0,2.5,3.0,3.5,4.0,4.5,5.0', '-log-level=WARNING']
2023-11-26 20:04:50;UNIUSDT;30m;3.5;175;30;78;100.0;7;142.62;['-batch-training', '-calc-rsi', '-verbose', '-prediction-mode=index', '-interval-list=30m', '-range-min-rsi=28', '-range-max-rsi=80', '-range-p-ema=50,250', '-target-margin-list=1.0,1.5,2.0,2.5,3.0,3.5,4.0,4.5,5.0', '-log-level=WARNING']
2023-11-26 20:04:50;UNIUSDT;30m;3.5;175;30;78;100.0;5;142.62;['-batch-training', '-calc-rsi', '-verbose', '-prediction-mode=index', '-interval-list=30m', '-range-min-rsi=28', '-range-max-rsi=80', '-range-p-ema=50,250', '-target-margin-list=1.0,1.5,2.0,2.5,3.0,3.5,4.0,4.5,5.0', '-log-level=WARNING']
2023-11-26 20:04:38;UNIUSDT;30m;3.5;175;30;76;100.0;6;142.62;['-batch-training', '-calc-rsi', '-verbose', '-prediction-mode=index', '-interval-list=30m', '-range-min-rsi=28', '-range-max-rsi=80', '-range-p-ema=50,250', '-target-margin-list=1.0,1.5,2.0,2.5,3.0,3.5,4.0,4.5,5.0', '-log-level=WARNING']
2023-11-26 20:04:38;UNIUSDT;30m;3.5;175;30;76;100.0;7;142.62;['-batch-training', '-calc-rsi', '-verbose', '-prediction-mode=index', '-interval-list=30m', '-range-min-rsi=28', '-range-max-rsi=80', '-range-p-ema=50,250', '-target-margin-list=1.0,1.5,2.0,2.5,3.0,3.5,4.0,4.5,5.0', '-log-level=WARNING']
2023-11-26 20:56:15;UNIUSDT;30m;3.5;50;30;76;100.0;7;142.62;['-batch-training', '-calc-rsi', '-verbose', '-prediction-mode=index', '-interval-list=30m', '-range-min-rsi=28', '-range-max-rsi=80', '-range-p-ema=50,250', '-target-margin-list=1.0,1.5,2.0,2.5,3.0,3.5,4.0,4.5,5.0', '-log-level=WARNING']
2023-11-26 21:11:33;UNIUSDT;30m;3.5;75;30;74;100.0;7;142.62;['-batch-training', '-calc-rsi', '-verbose', '-prediction-mode=index', '-interval-list=30m', '-range-min-rsi=28', '-range-max-rsi=80', '-range-p-ema=50,250', '-target-margin-list=1.0,1.5,2.0,2.5,3.0,3.5,4.0,4.5,5.0', '-log-level=WARNING']
2023-11-26 20:56:15;UNIUSDT;30m;3.5;50;30;76;100.0;5;142.62;['-batch-training', '-calc-rsi', '-verbose', '-prediction-mode=index', '-interval-list=30m', '-range-min-rsi=28', '-range-max-rsi=80', '-range-p-ema=50,250', '-target-margin-list=1.0,1.5,2.0,2.5,3.0,3.5,4.0,4.5,5.0', '-log-level=WARNING']
2023-11-26 19:54:29;UNIUSDT;30m;3.5;150;30;76;100.0;7;142.62;['-batch-training', '-calc-rsi', '-verbose', '-prediction-mode=index', '-interval-list=30m', '-range-min-rsi=28', '-range-max-rsi=80', '-range-p-ema=50,250', '-target-margin-list=1.0,1.5,2.0,2.5,3.0,3.5,4.0,4.5,5.0', '-log-level=WARNING']
2023-11-26 19:31:27;UNIUSDT;30m;3.5;100;30;74;100.0;7;142.62;['-batch-training', '-calc-rsi', '-verbose', '-prediction-mode=index', '-interval-list=30m', '-range-min-rsi=28', '-range-max-rsi=80', '-range-p-ema=50,250', '-target-margin-list=1.0,1.5,2.0,2.5,3.0,3.5,4.0,4.5,5.0', '-log-level=WARNING']
2023-11-26 20:04:25;UNIUSDT;30m;3.5;175;30;74;100.0;5;142.62;['-batch-training', '-calc-rsi', '-verbose', '-prediction-mode=index', '-interval-list=30m', '-range-min-rsi=28', '-range-max-rsi=80', '-range-p-ema=50,250', '-target-margin-list=1.0,1.5,2.0,2.5,3.0,3.5,4.0,4.5,5.0', '-log-level=WARNING']
2023-11-26 21:11:55;UNIUSDT;30m;3.5;75;30;76;100.0;7;142.62;['-batch-training', '-calc-rsi', '-verbose', '-prediction-mode=index', '-interval-list=30m', '-range-min-rsi=28', '-range-max-rsi=80', '-range-p-ema=50,250', '-target-margin-list=1.0,1.5,2.0,2.5,3.0,3.5,4.0,4.5,5.0', '-log-level=WARNING']
2023-11-26 19:54:16;UNIUSDT;30m;3.5;150;30;74;100.0;5;142.62;['-batch-training', '-calc-rsi', '-verbose', '-prediction-mode=index', '-interval-list=30m', '-range-min-rsi=28', '-range-max-rsi=80', '-range-p-ema=50,250', '-target-margin-list=1.0,1.5,2.0,2.5,3.0,3.5,4.0,4.5,5.0', '-log-level=WARNING']
2023-11-26 19:54:29;UNIUSDT;30m;3.5;150;30;76;100.0;6;142.62;['-batch-training', '-calc-rsi', '-verbose', '-prediction-mode=index', '-interval-list=30m', '-range-min-rsi=28', '-range-max-rsi=80', '-range-p-ema=50,250', '-target-margin-list=1.0,1.5,2.0,2.5,3.0,3.5,4.0,4.5,5.0', '-log-level=WARNING']
2023-11-26 21:11:55;UNIUSDT;30m;3.5;75;30;76;100.0;6;142.62;['-batch-training', '-calc-rsi', '-verbose', '-prediction-mode=index', '-interval-list=30m', '-range-min-rsi=28', '-range-max-rsi=80', '-range-p-ema=50,250', '-target-margin-list=1.0,1.5,2.0,2.5,3.0,3.5,4.0,4.5,5.0', '-log-level=WARNING']
2023-11-26 19:54:29;UNIUSDT;30m;3.5;150;30;76;100.0;5;142.62;['-batch-training', '-calc-rsi', '-verbose', '-prediction-mode=index', '-interval-list=30m', '-range-min-rsi=28', '-range-max-rsi=80', '-range-p-ema=50,250', '-target-margin-list=1.0,1.5,2.0,2.5,3.0,3.5,4.0,4.5,5.0', '-log-level=WARNING']
2023-11-26 21:11:55;UNIUSDT;30m;3.5;75;30;76;100.0;5;142.62;['-batch-training', '-calc-rsi', '-verbose', '-prediction-mode=index', '-interval-list=30m', '-range-min-rsi=28', '-range-max-rsi=80', '-range-p-ema=50,250', '-target-margin-list=1.0,1.5,2.0,2.5,3.0,3.5,4.0,4.5,5.0', '-log-level=WARNING']
2023-11-26 19:31:27;UNIUSDT;30m;3.5;100;30;74;100.0;6;142.62;['-batch-training', '-calc-rsi', '-verbose', '-prediction-mode=index', '-interval-list=30m', '-range-min-rsi=28', '-range-max-rsi=80', '-range-p-ema=50,250', '-target-margin-list=1.0,1.5,2.0,2.5,3.0,3.5,4.0,4.5,5.0', '-log-level=WARNING']
2023-11-26 21:11:33;UNIUSDT;30m;3.5;75;30;74;100.0;6;142.62;['-batch-training', '-calc-rsi', '-verbose', '-prediction-mode=index', '-interval-list=30m', '-range-min-rsi=28', '-range-max-rsi=80', '-range-p-ema=50,250', '-target-margin-list=1.0,1.5,2.0,2.5,3.0,3.5,4.0,4.5,5.0', '-log-level=WARNING']
2023-11-26 19:54:16;UNIUSDT;30m;3.5;150;30;74;100.0;7;142.62;['-batch-training', '-calc-rsi', '-verbose', '-prediction-mode=index', '-interval-list=30m', '-range-min-rsi=28', '-range-max-rsi=80', '-range-p-ema=50,250', '-target-margin-list=1.0,1.5,2.0,2.5,3.0,3.5,4.0,4.5,5.0', '-log-level=WARNING']
2023-11-26 20:28:45;UNIUSDT;30m;3.5;225;30;78;100.0;7;142.62;['-batch-training', '-calc-rsi', '-verbose', '-prediction-mode=index', '-interval-list=30m', '-range-min-rsi=28', '-range-max-rsi=80', '-range-p-ema=50,250', '-target-margin-list=1.0,1.5,2.0,2.5,3.0,3.5,4.0,4.5,5.0', '-log-level=WARNING']
2023-11-26 20:28:45;UNIUSDT;30m;3.5;225;30;78;100.0;6;142.62;['-batch-training', '-calc-rsi', '-verbose', '-prediction-mode=index', '-interval-list=30m', '-range-min-rsi=28', '-range-max-rsi=80', '-range-p-ema=50,250', '-target-margin-list=1.0,1.5,2.0,2.5,3.0,3.5,4.0,4.5,5.0', '-log-level=WARNING']
2023-11-26 20:15:22;UNIUSDT;30m;3.5;200;30;74;100.0;6;142.62;['-batch-training', '-calc-rsi', '-verbose', '-prediction-mode=index', '-interval-list=30m', '-range-min-rsi=28', '-range-max-rsi=80', '-range-p-ema=50,250', '-target-margin-list=1.0,1.5,2.0,2.5,3.0,3.5,4.0,4.5,5.0', '-log-level=WARNING']
2023-11-26 19:31:27;UNIUSDT;30m;3.5;100;30;74;100.0;5;142.62;['-batch-training', '-calc-rsi', '-verbose', '-prediction-mode=index', '-interval-list=30m', '-range-min-rsi=28', '-range-max-rsi=80', '-range-p-ema=50,250', '-target-margin-list=1.0,1.5,2.0,2.5,3.0,3.5,4.0,4.5,5.0', '-log-level=WARNING']
2023-11-26 20:28:44;UNIUSDT;30m;3.5;225;30;78;100.0;5;142.62;['-batch-training', '-calc-rsi', '-verbose', '-prediction-mode=index', '-interval-list=30m', '-range-min-rsi=28', '-range-max-rsi=80', '-range-p-ema=50,250', '-target-margin-list=1.0,1.5,2.0,2.5,3.0,3.5,4.0,4.5,5.0', '-log-level=WARNING']
2023-11-26 20:15:22;UNIUSDT;30m;3.5;200;30;74;100.0;7;142.62;['-batch-training', '-calc-rsi', '-verbose', '-prediction-mode=index', '-interval-list=30m', '-range-min-rsi=28', '-range-max-rsi=80', '-range-p-ema=50,250', '-target-margin-list=1.0,1.5,2.0,2.5,3.0,3.5,4.0,4.5,5.0', '-log-level=WARNING']
2023-11-26 20:15:22;UNIUSDT;30m;3.5;200;30;74;100.0;5;142.62;['-batch-training', '-calc-rsi', '-verbose', '-prediction-mode=index', '-interval-list=30m', '-range-min-rsi=28', '-range-max-rsi=80', '-range-p-ema=50,250', '-target-margin-list=1.0,1.5,2.0,2.5,3.0,3.5,4.0,4.5,5.0', '-log-level=WARNING']
2023-11-26 19:54:16;UNIUSDT;30m;3.5;150;30;74;100.0;6;142.62;['-batch-training', '-calc-rsi', '-verbose', '-prediction-mode=index', '-interval-list=30m', '-range-min-rsi=28', '-range-max-rsi=80', '-range-p-ema=50,250', '-target-margin-list=1.0,1.5,2.0,2.5,3.0,3.5,4.0,4.5,5.0', '-log-level=WARNING']
2023-11-26 20:43:34;UNIUSDT;30m;4.0;250;34;76;100.0;2;142.67;['-batch-training', '-calc-rsi', '-verbose', '-prediction-mode=index', '-interval-list=30m', '-range-min-rsi=28', '-range-max-rsi=80', '-range-p-ema=50,250', '-target-margin-list=1.0,1.5,2.0,2.5,3.0,3.5,4.0,4.5,5.0', '-log-level=WARNING']
2023-11-26 20:30:01;UNIUSDT;30m;4.0;225;34;76;100.0;2;142.67;['-batch-training', '-calc-rsi', '-verbose', '-prediction-mode=index', '-interval-list=30m', '-range-min-rsi=28', '-range-max-rsi=80', '-range-p-ema=50,250', '-target-margin-list=1.0,1.5,2.0,2.5,3.0,3.5,4.0,4.5,5.0', '-log-level=WARNING']
2023-11-26 20:04:59;UNIUSDT;30m;3.5;175;36;78;100.0;6;142.88;['-batch-training', '-calc-rsi', '-verbose', '-prediction-mode=index', '-interval-list=30m', '-range-min-rsi=28', '-range-max-rsi=80', '-range-p-ema=50,250', '-target-margin-list=1.0,1.5,2.0,2.5,3.0,3.5,4.0,4.5,5.0', '-log-level=WARNING']
2023-11-26 20:15:32;UNIUSDT;30m;3.5;200;36;74;100.0;6;142.88;['-batch-training', '-calc-rsi', '-verbose', '-prediction-mode=index', '-interval-list=30m', '-range-min-rsi=28', '-range-max-rsi=80', '-range-p-ema=50,250', '-target-margin-list=1.0,1.5,2.0,2.5,3.0,3.5,4.0,4.5,5.0', '-log-level=WARNING']
2023-11-26 20:04:59;UNIUSDT;30m;3.5;175;36;78;100.0;7;142.88;['-batch-training', '-calc-rsi', '-verbose', '-prediction-mode=index', '-interval-list=30m', '-range-min-rsi=28', '-range-max-rsi=80', '-range-p-ema=50,250', '-target-margin-list=1.0,1.5,2.0,2.5,3.0,3.5,4.0,4.5,5.0', '-log-level=WARNING']
2023-11-26 20:15:32;UNIUSDT;30m;3.5;200;36;74;100.0;7;142.88;['-batch-training', '-calc-rsi', '-verbose', '-prediction-mode=index', '-interval-list=30m', '-range-min-rsi=28', '-range-max-rsi=80', '-range-p-ema=50,250', '-target-margin-list=1.0,1.5,2.0,2.5,3.0,3.5,4.0,4.5,5.0', '-log-level=WARNING']
2023-11-26 20:04:32;UNIUSDT;30m;3.5;175;36;74;100.0;6;142.88;['-batch-training', '-calc-rsi', '-verbose', '-prediction-mode=index', '-interval-list=30m', '-range-min-rsi=28', '-range-max-rsi=80', '-range-p-ema=50,250', '-target-margin-list=1.0,1.5,2.0,2.5,3.0,3.5,4.0,4.5,5.0', '-log-level=WARNING']
2023-11-26 20:04:45;UNIUSDT;30m;3.5;175;36;76;100.0;7;142.88;['-batch-training', '-calc-rsi', '-verbose', '-prediction-mode=index', '-interval-list=30m', '-range-min-rsi=28', '-range-max-rsi=80', '-range-p-ema=50,250', '-target-margin-list=1.0,1.5,2.0,2.5,3.0,3.5,4.0,4.5,5.0', '-log-level=WARNING']
2023-11-26 20:15:48;UNIUSDT;30m;3.5;200;36;76;100.0;6;142.88;['-batch-training', '-calc-rsi', '-verbose', '-prediction-mode=index', '-interval-list=30m', '-range-min-rsi=28', '-range-max-rsi=80', '-range-p-ema=50,250', '-target-margin-list=1.0,1.5,2.0,2.5,3.0,3.5,4.0,4.5,5.0', '-log-level=WARNING']
2023-11-26 20:32:03;UNIUSDT;30m;4.5;225;34;80;100.0;2;142.88;['-batch-training', '-calc-rsi', '-verbose', '-prediction-mode=index', '-interval-list=30m', '-range-min-rsi=28', '-range-max-rsi=80', '-range-p-ema=50,250', '-target-margin-list=1.0,1.5,2.0,2.5,3.0,3.5,4.0,4.5,5.0', '-log-level=WARNING']
2023-11-26 20:15:48;UNIUSDT;30m;3.5;200;36;76;100.0;7;142.88;['-batch-training', '-calc-rsi', '-verbose', '-prediction-mode=index', '-interval-list=30m', '-range-min-rsi=28', '-range-max-rsi=80', '-range-p-ema=50,250', '-target-margin-list=1.0,1.5,2.0,2.5,3.0,3.5,4.0,4.5,5.0', '-log-level=WARNING']
2023-11-26 20:04:45;UNIUSDT;30m;3.5;175;36;76;100.0;6;142.88;['-batch-training', '-calc-rsi', '-verbose', '-prediction-mode=index', '-interval-list=30m', '-range-min-rsi=28', '-range-max-rsi=80', '-range-p-ema=50,250', '-target-margin-list=1.0,1.5,2.0,2.5,3.0,3.5,4.0,4.5,5.0', '-log-level=WARNING']
2023-11-26 20:45:44;UNIUSDT;30m;4.5;250;34;80;100.0;2;142.88;['-batch-training', '-calc-rsi', '-verbose', '-prediction-mode=index', '-interval-list=30m', '-range-min-rsi=28', '-range-max-rsi=80', '-range-p-ema=50,250', '-target-margin-list=1.0,1.5,2.0,2.5,3.0,3.5,4.0,4.5,5.0', '-log-level=WARNING']
2023-11-26 20:16:04;UNIUSDT;30m;3.5;200;36;78;100.0;6;142.88;['-batch-training', '-calc-rsi', '-verbose', '-prediction-mode=index', '-interval-list=30m', '-range-min-rsi=28', '-range-max-rsi=80', '-range-p-ema=50,250', '-target-margin-list=1.0,1.5,2.0,2.5,3.0,3.5,4.0,4.5,5.0', '-log-level=WARNING']
2023-11-26 20:05:12;UNIUSDT;30m;3.5;175;36;80;100.0;7;142.88;['-batch-training', '-calc-rsi', '-verbose', '-prediction-mode=index', '-interval-list=30m', '-range-min-rsi=28', '-range-max-rsi=80', '-range-p-ema=50,250', '-target-margin-list=1.0,1.5,2.0,2.5,3.0,3.5,4.0,4.5,5.0', '-log-level=WARNING']
2023-11-26 20:16:04;UNIUSDT;30m;3.5;200;36;78;100.0;7;142.88;['-batch-training', '-calc-rsi', '-verbose', '-prediction-mode=index', '-interval-list=30m', '-range-min-rsi=28', '-range-max-rsi=80', '-range-p-ema=50,250', '-target-margin-list=1.0,1.5,2.0,2.5,3.0,3.5,4.0,4.5,5.0', '-log-level=WARNING']
2023-11-26 20:04:32;UNIUSDT;30m;3.5;175;36;74;100.0;7;142.88;['-batch-training', '-calc-rsi', '-verbose', '-prediction-mode=index', '-interval-list=30m', '-range-min-rsi=28', '-range-max-rsi=80', '-range-p-ema=50,250', '-target-margin-list=1.0,1.5,2.0,2.5,3.0,3.5,4.0,4.5,5.0', '-log-level=WARNING']
2023-11-26 20:05:11;UNIUSDT;30m;3.5;175;36;80;100.0;6;142.88;['-batch-training', '-calc-rsi', '-verbose', '-prediction-mode=index', '-interval-list=30m', '-range-min-rsi=28', '-range-max-rsi=80', '-range-p-ema=50,250', '-target-margin-list=1.0,1.5,2.0,2.5,3.0,3.5,4.0,4.5,5.0', '-log-level=WARNING']
2023-11-26 20:16:21;UNIUSDT;30m;3.5;200;36;80;100.0;6;142.88;['-batch-training', '-calc-rsi', '-verbose', '-prediction-mode=index', '-interval-list=30m', '-range-min-rsi=28', '-range-max-rsi=80', '-range-p-ema=50,250', '-target-margin-list=1.0,1.5,2.0,2.5,3.0,3.5,4.0,4.5,5.0', '-log-level=WARNING']
2023-11-26 20:16:21;UNIUSDT;30m;3.5;200;36;80;100.0;7;142.88;['-batch-training', '-calc-rsi', '-verbose', '-prediction-mode=index', '-interval-list=30m', '-range-min-rsi=28', '-range-max-rsi=80', '-range-p-ema=50,250', '-target-margin-list=1.0,1.5,2.0,2.5,3.0,3.5,4.0,4.5,5.0', '-log-level=WARNING']
2023-11-26 20:28:33;UNIUSDT;30m;3.5;225;34;76;100.0;2;142.9;['-batch-training', '-calc-rsi', '-verbose', '-prediction-mode=index', '-interval-list=30m', '-range-min-rsi=28', '-range-max-rsi=80', '-range-p-ema=50,250', '-target-margin-list=1.0,1.5,2.0,2.5,3.0,3.5,4.0,4.5,5.0', '-log-level=WARNING']
2023-11-26 20:33:32;UNIUSDT;30m;5.0;225;34;80;100.0;5;142.93;['-batch-training', '-calc-rsi', '-verbose', '-prediction-mode=index', '-interval-list=30m', '-range-min-rsi=28', '-range-max-rsi=80', '-range-p-ema=50,250', '-target-margin-list=1.0,1.5,2.0,2.5,3.0,3.5,4.0,4.5,5.0', '-log-level=WARNING']
2023-11-26 20:33:32;UNIUSDT;30m;5.0;225;34;80;100.0;4;142.93;['-batch-training', '-calc-rsi', '-verbose', '-prediction-mode=index', '-interval-list=30m', '-range-min-rsi=28', '-range-max-rsi=80', '-range-p-ema=50,250', '-target-margin-list=1.0,1.5,2.0,2.5,3.0,3.5,4.0,4.5,5.0', '-log-level=WARNING']
2023-11-26 20:33:32;UNIUSDT;30m;5.0;225;34;80;100.0;7;142.93;['-batch-training', '-calc-rsi', '-verbose', '-prediction-mode=index', '-interval-list=30m', '-range-min-rsi=28', '-range-max-rsi=80', '-range-p-ema=50,250', '-target-margin-list=1.0,1.5,2.0,2.5,3.0,3.5,4.0,4.5,5.0', '-log-level=WARNING']
2023-11-26 20:33:14;UNIUSDT;30m;5.0;225;34;78;100.0;6;142.93;['-batch-training', '-calc-rsi', '-verbose', '-prediction-mode=index', '-interval-list=30m', '-range-min-rsi=28', '-range-max-rsi=80', '-range-p-ema=50,250', '-target-margin-list=1.0,1.5,2.0,2.5,3.0,3.5,4.0,4.5,5.0', '-log-level=WARNING']
2023-11-26 20:33:14;UNIUSDT;30m;5.0;225;34;78;100.0;7;142.93;['-batch-training', '-calc-rsi', '-verbose', '-prediction-mode=index', '-interval-list=30m', '-range-min-rsi=28', '-range-max-rsi=80', '-range-p-ema=50,250', '-target-margin-list=1.0,1.5,2.0,2.5,3.0,3.5,4.0,4.5,5.0', '-log-level=WARNING']
2023-11-26 20:33:14;UNIUSDT;30m;5.0;225;34;78;100.0;4;142.93;['-batch-training', '-calc-rsi', '-verbose', '-prediction-mode=index', '-interval-list=30m', '-range-min-rsi=28', '-range-max-rsi=80', '-range-p-ema=50,250', '-target-margin-list=1.0,1.5,2.0,2.5,3.0,3.5,4.0,4.5,5.0', '-log-level=WARNING']
2023-11-26 20:32:56;UNIUSDT;30m;5.0;225;34;76;100.0;6;142.93;['-batch-training', '-calc-rsi', '-verbose', '-prediction-mode=index', '-interval-list=30m', '-range-min-rsi=28', '-range-max-rsi=80', '-range-p-ema=50,250', '-target-margin-list=1.0,1.5,2.0,2.5,3.0,3.5,4.0,4.5,5.0', '-log-level=WARNING']
2023-11-26 20:32:56;UNIUSDT;30m;5.0;225;34;76;100.0;7;142.93;['-batch-training', '-calc-rsi', '-verbose', '-prediction-mode=index', '-interval-list=30m', '-range-min-rsi=28', '-range-max-rsi=80', '-range-p-ema=50,250', '-target-margin-list=1.0,1.5,2.0,2.5,3.0,3.5,4.0,4.5,5.0', '-log-level=WARNING']
2023-11-26 20:32:39;UNIUSDT;30m;5.0;225;34;74;100.0;4;142.93;['-batch-training', '-calc-rsi', '-verbose', '-prediction-mode=index', '-interval-list=30m', '-range-min-rsi=28', '-range-max-rsi=80', '-range-p-ema=50,250', '-target-margin-list=1.0,1.5,2.0,2.5,3.0,3.5,4.0,4.5,5.0', '-log-level=WARNING']
2023-11-26 20:32:56;UNIUSDT;30m;5.0;225;34;76;100.0;5;142.93;['-batch-training', '-calc-rsi', '-verbose', '-prediction-mode=index', '-interval-list=30m', '-range-min-rsi=28', '-range-max-rsi=80', '-range-p-ema=50,250', '-target-margin-list=1.0,1.5,2.0,2.5,3.0,3.5,4.0,4.5,5.0', '-log-level=WARNING']
2023-11-26 20:32:56;UNIUSDT;30m;5.0;225;34;76;100.0;4;142.93;['-batch-training', '-calc-rsi', '-verbose', '-prediction-mode=index', '-interval-list=30m', '-range-min-rsi=28', '-range-max-rsi=80', '-range-p-ema=50,250', '-target-margin-list=1.0,1.5,2.0,2.5,3.0,3.5,4.0,4.5,5.0', '-log-level=WARNING']
2023-11-26 20:32:39;UNIUSDT;30m;5.0;225;34;74;100.0;5;142.93;['-batch-training', '-calc-rsi', '-verbose', '-prediction-mode=index', '-interval-list=30m', '-range-min-rsi=28', '-range-max-rsi=80', '-range-p-ema=50,250', '-target-margin-list=1.0,1.5,2.0,2.5,3.0,3.5,4.0,4.5,5.0', '-log-level=WARNING']
2023-11-26 20:32:39;UNIUSDT;30m;5.0;225;34;74;100.0;6;142.93;['-batch-training', '-calc-rsi', '-verbose', '-prediction-mode=index', '-interval-list=30m', '-range-min-rsi=28', '-range-max-rsi=80', '-range-p-ema=50,250', '-target-margin-list=1.0,1.5,2.0,2.5,3.0,3.5,4.0,4.5,5.0', '-log-level=WARNING']
2023-11-26 20:33:32;UNIUSDT;30m;5.0;225;34;80;100.0;6;142.93;['-batch-training', '-calc-rsi', '-verbose', '-prediction-mode=index', '-interval-list=30m', '-range-min-rsi=28', '-range-max-rsi=80', '-range-p-ema=50,250', '-target-margin-list=1.0,1.5,2.0,2.5,3.0,3.5,4.0,4.5,5.0', '-log-level=WARNING']
2023-11-26 20:33:14;UNIUSDT;30m;5.0;225;34;78;100.0;5;142.93;['-batch-training', '-calc-rsi', '-verbose', '-prediction-mode=index', '-interval-list=30m', '-range-min-rsi=28', '-range-max-rsi=80', '-range-p-ema=50,250', '-target-margin-list=1.0,1.5,2.0,2.5,3.0,3.5,4.0,4.5,5.0', '-log-level=WARNING']
2023-11-26 20:32:39;UNIUSDT;30m;5.0;225;34;74;100.0;7;142.93;['-batch-training', '-calc-rsi', '-verbose', '-prediction-mode=index', '-interval-list=30m', '-range-min-rsi=28', '-range-max-rsi=80', '-range-p-ema=50,250', '-target-margin-list=1.0,1.5,2.0,2.5,3.0,3.5,4.0,4.5,5.0', '-log-level=WARNING']
2023-11-26 20:47:00;UNIUSDT;30m;5.0;250;34;78;100.0;6;142.93;['-batch-training', '-calc-rsi', '-verbose', '-prediction-mode=index', '-interval-list=30m', '-range-min-rsi=28', '-range-max-rsi=80', '-range-p-ema=50,250', '-target-margin-list=1.0,1.5,2.0,2.5,3.0,3.5,4.0,4.5,5.0', '-log-level=WARNING']
2023-11-26 20:47:18;UNIUSDT;30m;5.0;250;34;80;100.0;6;142.93;['-batch-training', '-calc-rsi', '-verbose', '-prediction-mode=index', '-interval-list=30m', '-range-min-rsi=28', '-range-max-rsi=80', '-range-p-ema=50,250', '-target-margin-list=1.0,1.5,2.0,2.5,3.0,3.5,4.0,4.5,5.0', '-log-level=WARNING']
2023-11-26 20:47:18;UNIUSDT;30m;5.0;250;34;80;100.0;5;142.93;['-batch-training', '-calc-rsi', '-verbose', '-prediction-mode=index', '-interval-list=30m', '-range-min-rsi=28', '-range-max-rsi=80', '-range-p-ema=50,250', '-target-margin-list=1.0,1.5,2.0,2.5,3.0,3.5,4.0,4.5,5.0', '-log-level=WARNING']
2023-11-26 20:46:40;UNIUSDT;30m;5.0;250;34;76;100.0;7;142.93;['-batch-training', '-calc-rsi', '-verbose', '-prediction-mode=index', '-interval-list=30m', '-range-min-rsi=28', '-range-max-rsi=80', '-range-p-ema=50,250', '-target-margin-list=1.0,1.5,2.0,2.5,3.0,3.5,4.0,4.5,5.0', '-log-level=WARNING']
2023-11-26 20:46:40;UNIUSDT;30m;5.0;250;34;76;100.0;4;142.93;['-batch-training', '-calc-rsi', '-verbose', '-prediction-mode=index', '-interval-list=30m', '-range-min-rsi=28', '-range-max-rsi=80', '-range-p-ema=50,250', '-target-margin-list=1.0,1.5,2.0,2.5,3.0,3.5,4.0,4.5,5.0', '-log-level=WARNING']
2023-11-26 20:46:40;UNIUSDT;30m;5.0;250;34;76;100.0;6;142.93;['-batch-training', '-calc-rsi', '-verbose', '-prediction-mode=index', '-interval-list=30m', '-range-min-rsi=28', '-range-max-rsi=80', '-range-p-ema=50,250', '-target-margin-list=1.0,1.5,2.0,2.5,3.0,3.5,4.0,4.5,5.0', '-log-level=WARNING']
2023-11-26 20:47:18;UNIUSDT;30m;5.0;250;34;80;100.0;4;142.93;['-batch-training', '-calc-rsi', '-verbose', '-prediction-mode=index', '-interval-list=30m', '-range-min-rsi=28', '-range-max-rsi=80', '-range-p-ema=50,250', '-target-margin-list=1.0,1.5,2.0,2.5,3.0,3.5,4.0,4.5,5.0', '-log-level=WARNING']
2023-11-26 20:47:00;UNIUSDT;30m;5.0;250;34;78;100.0;4;142.93;['-batch-training', '-calc-rsi', '-verbose', '-prediction-mode=index', '-interval-list=30m', '-range-min-rsi=28', '-range-max-rsi=80', '-range-p-ema=50,250', '-target-margin-list=1.0,1.5,2.0,2.5,3.0,3.5,4.0,4.5,5.0', '-log-level=WARNING']
2023-11-26 20:46:40;UNIUSDT;30m;5.0;250;34;76;100.0;5;142.93;['-batch-training', '-calc-rsi', '-verbose', '-prediction-mode=index', '-interval-list=30m', '-range-min-rsi=28', '-range-max-rsi=80', '-range-p-ema=50,250', '-target-margin-list=1.0,1.5,2.0,2.5,3.0,3.5,4.0,4.5,5.0', '-log-level=WARNING']
2023-11-26 20:47:00;UNIUSDT;30m;5.0;250;34;78;100.0;7;142.93;['-batch-training', '-calc-rsi', '-verbose', '-prediction-mode=index', '-interval-list=30m', '-range-min-rsi=28', '-range-max-rsi=80', '-range-p-ema=50,250', '-target-margin-list=1.0,1.5,2.0,2.5,3.0,3.5,4.0,4.5,5.0', '-log-level=WARNING']
2023-11-26 20:47:00;UNIUSDT;30m;5.0;250;34;78;100.0;5;142.93;['-batch-training', '-calc-rsi', '-verbose', '-prediction-mode=index', '-interval-list=30m', '-range-min-rsi=28', '-range-max-rsi=80', '-range-p-ema=50,250', '-target-margin-list=1.0,1.5,2.0,2.5,3.0,3.5,4.0,4.5,5.0', '-log-level=WARNING']
2023-11-26 20:46:21;UNIUSDT;30m;5.0;250;34;74;100.0;7;142.93;['-batch-training', '-calc-rsi', '-verbose', '-prediction-mode=index', '-interval-list=30m', '-range-min-rsi=28', '-range-max-rsi=80', '-range-p-ema=50,250', '-target-margin-list=1.0,1.5,2.0,2.5,3.0,3.5,4.0,4.5,5.0', '-log-level=WARNING']
2023-11-26 20:46:21;UNIUSDT;30m;5.0;250;34;74;100.0;6;142.93;['-batch-training', '-calc-rsi', '-verbose', '-prediction-mode=index', '-interval-list=30m', '-range-min-rsi=28', '-range-max-rsi=80', '-range-p-ema=50,250', '-target-margin-list=1.0,1.5,2.0,2.5,3.0,3.5,4.0,4.5,5.0', '-log-level=WARNING']
2023-11-26 20:46:21;UNIUSDT;30m;5.0;250;34;74;100.0;5;142.93;['-batch-training', '-calc-rsi', '-verbose', '-prediction-mode=index', '-interval-list=30m', '-range-min-rsi=28', '-range-max-rsi=80', '-range-p-ema=50,250', '-target-margin-list=1.0,1.5,2.0,2.5,3.0,3.5,4.0,4.5,5.0', '-log-level=WARNING']
2023-11-26 20:47:18;UNIUSDT;30m;5.0;250;34;80;100.0;7;142.93;['-batch-training', '-calc-rsi', '-verbose', '-prediction-mode=index', '-interval-list=30m', '-range-min-rsi=28', '-range-max-rsi=80', '-range-p-ema=50,250', '-target-margin-list=1.0,1.5,2.0,2.5,3.0,3.5,4.0,4.5,5.0', '-log-level=WARNING']
2023-11-26 20:46:21;UNIUSDT;30m;5.0;250;34;74;100.0;4;142.93;['-batch-training', '-calc-rsi', '-verbose', '-prediction-mode=index', '-interval-list=30m', '-range-min-rsi=28', '-range-max-rsi=80', '-range-p-ema=50,250', '-target-margin-list=1.0,1.5,2.0,2.5,3.0,3.5,4.0,4.5,5.0', '-log-level=WARNING']
2023-11-26 20:27:06;UNIUSDT;30m;3.0;225;34;76;100.0;2;143.02;['-batch-training', '-calc-rsi', '-verbose', '-prediction-mode=index', '-interval-list=30m', '-range-min-rsi=28', '-range-max-rsi=80', '-range-p-ema=50,250', '-target-margin-list=1.0,1.5,2.0,2.5,3.0,3.5,4.0,4.5,5.0', '-log-level=WARNING']
2023-11-26 20:09:50;UNIUSDT;30m;1.5;200;32;72;100.0;7;143.18;['-batch-training', '-calc-rsi', '-verbose', '-prediction-mode=index', '-interval-list=30m', '-range-min-rsi=28', '-range-max-rsi=80', '-range-p-ema=50,250', '-target-margin-list=1.0,1.5,2.0,2.5,3.0,3.5,4.0,4.5,5.0', '-log-level=WARNING']
2023-11-26 19:59:45;UNIUSDT;30m;1.5;175;32;72;100.0;7;143.18;['-batch-training', '-calc-rsi', '-verbose', '-prediction-mode=index', '-interval-list=30m', '-range-min-rsi=28', '-range-max-rsi=80', '-range-p-ema=50,250', '-target-margin-list=1.0,1.5,2.0,2.5,3.0,3.5,4.0,4.5,5.0', '-log-level=WARNING']
2023-11-26 20:22:08;UNIUSDT;30m;1.5;225;32;72;100.0;7;143.18;['-batch-training', '-calc-rsi', '-verbose', '-prediction-mode=index', '-interval-list=30m', '-range-min-rsi=28', '-range-max-rsi=80', '-range-p-ema=50,250', '-target-margin-list=1.0,1.5,2.0,2.5,3.0,3.5,4.0,4.5,5.0', '-log-level=WARNING']
2023-11-26 19:49:08;UNIUSDT;30m;1.5;150;32;72;100.0;7;143.18;['-batch-training', '-calc-rsi', '-verbose', '-prediction-mode=index', '-interval-list=30m', '-range-min-rsi=28', '-range-max-rsi=80', '-range-p-ema=50,250', '-target-margin-list=1.0,1.5,2.0,2.5,3.0,3.5,4.0,4.5,5.0', '-log-level=WARNING']
2023-11-26 20:13:19;UNIUSDT;30m;2.5;200;34;78;100.0;3;143.18;['-batch-training', '-calc-rsi', '-verbose', '-prediction-mode=index', '-interval-list=30m', '-range-min-rsi=28', '-range-max-rsi=80', '-range-p-ema=50,250', '-target-margin-list=1.0,1.5,2.0,2.5,3.0,3.5,4.0,4.5,5.0', '-log-level=WARNING']
2023-11-26 20:03:37;UNIUSDT;30m;3.0;175;34;76;100.0;6;143.2;['-batch-training', '-calc-rsi', '-verbose', '-prediction-mode=index', '-interval-list=30m', '-range-min-rsi=28', '-range-max-rsi=80', '-range-p-ema=50,250', '-target-margin-list=1.0,1.5,2.0,2.5,3.0,3.5,4.0,4.5,5.0', '-log-level=WARNING']
2023-11-26 20:14:40;UNIUSDT;30m;3.0;200;34;78;100.0;7;143.2;['-batch-training', '-calc-rsi', '-verbose', '-prediction-mode=index', '-interval-list=30m', '-range-min-rsi=28', '-range-max-rsi=80', '-range-p-ema=50,250', '-target-margin-list=1.0,1.5,2.0,2.5,3.0,3.5,4.0,4.5,5.0', '-log-level=WARNING']
2023-11-26 20:03:50;UNIUSDT;30m;3.0;175;34;78;100.0;6;143.2;['-batch-training', '-calc-rsi', '-verbose', '-prediction-mode=index', '-interval-list=30m', '-range-min-rsi=28', '-range-max-rsi=80', '-range-p-ema=50,250', '-target-margin-list=1.0,1.5,2.0,2.5,3.0,3.5,4.0,4.5,5.0', '-log-level=WARNING']
2023-11-26 20:14:40;UNIUSDT;30m;3.0;200;34;78;100.0;6;143.2;['-batch-training', '-calc-rsi', '-verbose', '-prediction-mode=index', '-interval-list=30m', '-range-min-rsi=28', '-range-max-rsi=80', '-range-p-ema=50,250', '-target-margin-list=1.0,1.5,2.0,2.5,3.0,3.5,4.0,4.5,5.0', '-log-level=WARNING']
2023-11-26 20:14:08;UNIUSDT;30m;3.0;200;34;74;100.0;6;143.2;['-batch-training', '-calc-rsi', '-verbose', '-prediction-mode=index', '-interval-list=30m', '-range-min-rsi=28', '-range-max-rsi=80', '-range-p-ema=50,250', '-target-margin-list=1.0,1.5,2.0,2.5,3.0,3.5,4.0,4.5,5.0', '-log-level=WARNING']
2023-11-26 20:14:23;UNIUSDT;30m;3.0;200;34;76;100.0;7;143.2;['-batch-training', '-calc-rsi', '-verbose', '-prediction-mode=index', '-interval-list=30m', '-range-min-rsi=28', '-range-max-rsi=80', '-range-p-ema=50,250', '-target-margin-list=1.0,1.5,2.0,2.5,3.0,3.5,4.0,4.5,5.0', '-log-level=WARNING']
2023-11-26 20:03:37;UNIUSDT;30m;3.0;175;34;76;100.0;7;143.2;['-batch-training', '-calc-rsi', '-verbose', '-prediction-mode=index', '-interval-list=30m', '-range-min-rsi=28', '-range-max-rsi=80', '-range-p-ema=50,250', '-target-margin-list=1.0,1.5,2.0,2.5,3.0,3.5,4.0,4.5,5.0', '-log-level=WARNING']
2023-11-26 20:03:24;UNIUSDT;30m;3.0;175;34;74;100.0;6;143.2;['-batch-training', '-calc-rsi', '-verbose', '-prediction-mode=index', '-interval-list=30m', '-range-min-rsi=28', '-range-max-rsi=80', '-range-p-ema=50,250', '-target-margin-list=1.0,1.5,2.0,2.5,3.0,3.5,4.0,4.5,5.0', '-log-level=WARNING']
2023-11-26 20:03:24;UNIUSDT;30m;3.0;175;34;74;100.0;7;143.2;['-batch-training', '-calc-rsi', '-verbose', '-prediction-mode=index', '-interval-list=30m', '-range-min-rsi=28', '-range-max-rsi=80', '-range-p-ema=50,250', '-target-margin-list=1.0,1.5,2.0,2.5,3.0,3.5,4.0,4.5,5.0', '-log-level=WARNING']
2023-11-26 20:03:50;UNIUSDT;30m;3.0;175;34;78;100.0;7;143.2;['-batch-training', '-calc-rsi', '-verbose', '-prediction-mode=index', '-interval-list=30m', '-range-min-rsi=28', '-range-max-rsi=80', '-range-p-ema=50,250', '-target-margin-list=1.0,1.5,2.0,2.5,3.0,3.5,4.0,4.5,5.0', '-log-level=WARNING']
2023-11-26 20:14:23;UNIUSDT;30m;3.0;200;34;76;100.0;6;143.2;['-batch-training', '-calc-rsi', '-verbose', '-prediction-mode=index', '-interval-list=30m', '-range-min-rsi=28', '-range-max-rsi=80', '-range-p-ema=50,250', '-target-margin-list=1.0,1.5,2.0,2.5,3.0,3.5,4.0,4.5,5.0', '-log-level=WARNING']
2023-11-26 20:14:08;UNIUSDT;30m;3.0;200;34;74;100.0;7;143.2;['-batch-training', '-calc-rsi', '-verbose', '-prediction-mode=index', '-interval-list=30m', '-range-min-rsi=28', '-range-max-rsi=80', '-range-p-ema=50,250', '-target-margin-list=1.0,1.5,2.0,2.5,3.0,3.5,4.0,4.5,5.0', '-log-level=WARNING']
2023-11-26 21:10:59;UNIUSDT;30m;3.0;75;34;80;100.0;7;143.41;['-batch-training', '-calc-rsi', '-verbose', '-prediction-mode=index', '-interval-list=30m', '-range-min-rsi=28', '-range-max-rsi=80', '-range-p-ema=50,250', '-target-margin-list=1.0,1.5,2.0,2.5,3.0,3.5,4.0,4.5,5.0', '-log-level=WARNING']
2023-11-26 20:55:25;UNIUSDT;30m;3.0;50;34;80;100.0;6;143.41;['-batch-training', '-calc-rsi', '-verbose', '-prediction-mode=index', '-interval-list=30m', '-range-min-rsi=28', '-range-max-rsi=80', '-range-p-ema=50,250', '-target-margin-list=1.0,1.5,2.0,2.5,3.0,3.5,4.0,4.5,5.0', '-log-level=WARNING']
2023-11-26 19:42:33;UNIUSDT;30m;3.0;125;34;80;100.0;7;143.41;['-batch-training', '-calc-rsi', '-verbose', '-prediction-mode=index', '-interval-list=30m', '-range-min-rsi=28', '-range-max-rsi=80', '-range-p-ema=50,250', '-target-margin-list=1.0,1.5,2.0,2.5,3.0,3.5,4.0,4.5,5.0', '-log-level=WARNING']
2023-11-26 19:31:03;UNIUSDT;30m;3.0;100;34;80;100.0;6;143.41;['-batch-training', '-calc-rsi', '-verbose', '-prediction-mode=index', '-interval-list=30m', '-range-min-rsi=28', '-range-max-rsi=80', '-range-p-ema=50,250', '-target-margin-list=1.0,1.5,2.0,2.5,3.0,3.5,4.0,4.5,5.0', '-log-level=WARNING']
2023-11-26 21:10:59;UNIUSDT;30m;3.0;75;34;80;100.0;6;143.41;['-batch-training', '-calc-rsi', '-verbose', '-prediction-mode=index', '-interval-list=30m', '-range-min-rsi=28', '-range-max-rsi=80', '-range-p-ema=50,250', '-target-margin-list=1.0,1.5,2.0,2.5,3.0,3.5,4.0,4.5,5.0', '-log-level=WARNING']
2023-11-26 19:31:03;UNIUSDT;30m;3.0;100;34;80;100.0;7;143.41;['-batch-training', '-calc-rsi', '-verbose', '-prediction-mode=index', '-interval-list=30m', '-range-min-rsi=28', '-range-max-rsi=80', '-range-p-ema=50,250', '-target-margin-list=1.0,1.5,2.0,2.5,3.0,3.5,4.0,4.5,5.0', '-log-level=WARNING']
2023-11-26 19:42:33;UNIUSDT;30m;3.0;125;34;80;100.0;6;143.41;['-batch-training', '-calc-rsi', '-verbose', '-prediction-mode=index', '-interval-list=30m', '-range-min-rsi=28', '-range-max-rsi=80', '-range-p-ema=50,250', '-target-margin-list=1.0,1.5,2.0,2.5,3.0,3.5,4.0,4.5,5.0', '-log-level=WARNING']
2023-11-26 20:55:26;UNIUSDT;30m;3.0;50;34;80;100.0;7;143.41;['-batch-training', '-calc-rsi', '-verbose', '-prediction-mode=index', '-interval-list=30m', '-range-min-rsi=28', '-range-max-rsi=80', '-range-p-ema=50,250', '-target-margin-list=1.0,1.5,2.0,2.5,3.0,3.5,4.0,4.5,5.0', '-log-level=WARNING']
2023-11-26 21:14:55;UNIUSDT;30m;4.5;75;32;74;100.0;2;143.42;['-batch-training', '-calc-rsi', '-verbose', '-prediction-mode=index', '-interval-list=30m', '-range-min-rsi=28', '-range-max-rsi=80', '-range-p-ema=50,250', '-target-margin-list=1.0,1.5,2.0,2.5,3.0,3.5,4.0,4.5,5.0', '-log-level=WARNING']
2023-11-26 20:00:56;UNIUSDT;30m;2.0;175;34;72;100.0;6;143.42;['-batch-training', '-calc-rsi', '-verbose', '-prediction-mode=index', '-interval-list=30m', '-range-min-rsi=28', '-range-max-rsi=80', '-range-p-ema=50,250', '-target-margin-list=1.0,1.5,2.0,2.5,3.0,3.5,4.0,4.5,5.0', '-log-level=WARNING']
2023-11-26 19:33:58;UNIUSDT;30m;4.5;100;32;74;100.0;2;143.42;['-batch-training', '-calc-rsi', '-verbose', '-prediction-mode=index', '-interval-list=30m', '-range-min-rsi=28', '-range-max-rsi=80', '-range-p-ema=50,250', '-target-margin-list=1.0,1.5,2.0,2.5,3.0,3.5,4.0,4.5,5.0', '-log-level=WARNING']
2023-11-26 19:45:31;UNIUSDT;30m;4.5;125;32;74;100.0;2;143.42;['-batch-training', '-calc-rsi', '-verbose', '-prediction-mode=index', '-interval-list=30m', '-range-min-rsi=28', '-range-max-rsi=80', '-range-p-ema=50,250', '-target-margin-list=1.0,1.5,2.0,2.5,3.0,3.5,4.0,4.5,5.0', '-log-level=WARNING']
2023-11-26 20:59:19;UNIUSDT;30m;4.5;50;32;74;100.0;2;143.42;['-batch-training', '-calc-rsi', '-verbose', '-prediction-mode=index', '-interval-list=30m', '-range-min-rsi=28', '-range-max-rsi=80', '-range-p-ema=50,250', '-target-margin-list=1.0,1.5,2.0,2.5,3.0,3.5,4.0,4.5,5.0', '-log-level=WARNING']
2023-11-26 19:53:16;UNIUSDT;30m;3.0;150;36;74;100.0;3;143.44;['-batch-training', '-calc-rsi', '-verbose', '-prediction-mode=index', '-interval-list=30m', '-range-min-rsi=28', '-range-max-rsi=80', '-range-p-ema=50,250', '-target-margin-list=1.0,1.5,2.0,2.5,3.0,3.5,4.0,4.5,5.0', '-log-level=WARNING']
2023-11-26 20:04:42;UNIUSDT;30m;3.5;175;34;76;100.0;3;143.48;['-batch-training', '-calc-rsi', '-verbose', '-prediction-mode=index', '-interval-list=30m', '-range-min-rsi=28', '-range-max-rsi=80', '-range-p-ema=50,250', '-target-margin-list=1.0,1.5,2.0,2.5,3.0,3.5,4.0,4.5,5.0', '-log-level=WARNING']
2023-11-26 20:15:45;UNIUSDT;30m;3.5;200;34;76;100.0;3;143.48;['-batch-training', '-calc-rsi', '-verbose', '-prediction-mode=index', '-interval-list=30m', '-range-min-rsi=28', '-range-max-rsi=80', '-range-p-ema=50,250', '-target-margin-list=1.0,1.5,2.0,2.5,3.0,3.5,4.0,4.5,5.0', '-log-level=WARNING']
2023-11-26 21:16:03;UNIUSDT;30m;5.0;75;32;72;100.0;2;143.53;['-batch-training', '-calc-rsi', '-verbose', '-prediction-mode=index', '-interval-list=30m', '-range-min-rsi=28', '-range-max-rsi=80', '-range-p-ema=50,250', '-target-margin-list=1.0,1.5,2.0,2.5,3.0,3.5,4.0,4.5,5.0', '-log-level=WARNING']
2023-11-26 21:00:39;UNIUSDT;30m;5.0;50;32;72;100.0;2;143.53;['-batch-training', '-calc-rsi', '-verbose', '-prediction-mode=index', '-interval-list=30m', '-range-min-rsi=28', '-range-max-rsi=80', '-range-p-ema=50,250', '-target-margin-list=1.0,1.5,2.0,2.5,3.0,3.5,4.0,4.5,5.0', '-log-level=WARNING']
2023-11-26 19:46:33;UNIUSDT;30m;5.0;125;32;72;100.0;2;143.53;['-batch-training', '-calc-rsi', '-verbose', '-prediction-mode=index', '-interval-list=30m', '-range-min-rsi=28', '-range-max-rsi=80', '-range-p-ema=50,250', '-target-margin-list=1.0,1.5,2.0,2.5,3.0,3.5,4.0,4.5,5.0', '-log-level=WARNING']
2023-11-26 19:34:58;UNIUSDT;30m;5.0;100;32;72;100.0;2;143.53;['-batch-training', '-calc-rsi', '-verbose', '-prediction-mode=index', '-interval-list=30m', '-range-min-rsi=28', '-range-max-rsi=80', '-range-p-ema=50,250', '-target-margin-list=1.0,1.5,2.0,2.5,3.0,3.5,4.0,4.5,5.0', '-log-level=WARNING']
2023-11-26 20:08:27;UNIUSDT;30m;5.0;175;34;80;100.0;2;143.54;['-batch-training', '-calc-rsi', '-verbose', '-prediction-mode=index', '-interval-list=30m', '-range-min-rsi=28', '-range-max-rsi=80', '-range-p-ema=50,250', '-target-margin-list=1.0,1.5,2.0,2.5,3.0,3.5,4.0,4.5,5.0', '-log-level=WARNING']
2023-11-26 20:20:27;UNIUSDT;30m;5.0;200;34;80;100.0;2;143.54;['-batch-training', '-calc-rsi', '-verbose', '-prediction-mode=index', '-interval-list=30m', '-range-min-rsi=28', '-range-max-rsi=80', '-range-p-ema=50,250', '-target-margin-list=1.0,1.5,2.0,2.5,3.0,3.5,4.0,4.5,5.0', '-log-level=WARNING']
2023-11-26 20:12:51;UNIUSDT;30m;2.5;200;36;74;100.0;3;143.58;['-batch-training', '-calc-rsi', '-verbose', '-prediction-mode=index', '-interval-list=30m', '-range-min-rsi=28', '-range-max-rsi=80', '-range-p-ema=50,250', '-target-margin-list=1.0,1.5,2.0,2.5,3.0,3.5,4.0,4.5,5.0', '-log-level=WARNING']
2023-11-26 19:53:29;UNIUSDT;30m;3.0;150;36;76;100.0;6;143.63;['-batch-training', '-calc-rsi', '-verbose', '-prediction-mode=index', '-interval-list=30m', '-range-min-rsi=28', '-range-max-rsi=80', '-range-p-ema=50,250', '-target-margin-list=1.0,1.5,2.0,2.5,3.0,3.5,4.0,4.5,5.0', '-log-level=WARNING']
2023-11-26 19:53:43;UNIUSDT;30m;3.0;150;36;78;100.0;6;143.63;['-batch-training', '-calc-rsi', '-verbose', '-prediction-mode=index', '-interval-list=30m', '-range-min-rsi=28', '-range-max-rsi=80', '-range-p-ema=50,250', '-target-margin-list=1.0,1.5,2.0,2.5,3.0,3.5,4.0,4.5,5.0', '-log-level=WARNING']
2023-11-26 19:53:29;UNIUSDT;30m;3.0;150;36;76;100.0;7;143.63;['-batch-training', '-calc-rsi', '-verbose', '-prediction-mode=index', '-interval-list=30m', '-range-min-rsi=28', '-range-max-rsi=80', '-range-p-ema=50,250', '-target-margin-list=1.0,1.5,2.0,2.5,3.0,3.5,4.0,4.5,5.0', '-log-level=WARNING']
2023-11-26 19:53:43;UNIUSDT;30m;3.0;150;36;78;100.0;7;143.63;['-batch-training', '-calc-rsi', '-verbose', '-prediction-mode=index', '-interval-list=30m', '-range-min-rsi=28', '-range-max-rsi=80', '-range-p-ema=50,250', '-target-margin-list=1.0,1.5,2.0,2.5,3.0,3.5,4.0,4.5,5.0', '-log-level=WARNING']
2023-11-26 19:53:16;UNIUSDT;30m;3.0;150;36;74;100.0;7;143.63;['-batch-training', '-calc-rsi', '-verbose', '-prediction-mode=index', '-interval-list=30m', '-range-min-rsi=28', '-range-max-rsi=80', '-range-p-ema=50,250', '-target-margin-list=1.0,1.5,2.0,2.5,3.0,3.5,4.0,4.5,5.0', '-log-level=WARNING']
2023-11-26 19:53:16;UNIUSDT;30m;3.0;150;36;74;100.0;6;143.63;['-batch-training', '-calc-rsi', '-verbose', '-prediction-mode=index', '-interval-list=30m', '-range-min-rsi=28', '-range-max-rsi=80', '-range-p-ema=50,250', '-target-margin-list=1.0,1.5,2.0,2.5,3.0,3.5,4.0,4.5,5.0', '-log-level=WARNING']
2023-11-26 20:40:25;UNIUSDT;30m;3.0;250;32;76;100.0;2;143.68;['-batch-training', '-calc-rsi', '-verbose', '-prediction-mode=index', '-interval-list=30m', '-range-min-rsi=28', '-range-max-rsi=80', '-range-p-ema=50,250', '-target-margin-list=1.0,1.5,2.0,2.5,3.0,3.5,4.0,4.5,5.0', '-log-level=WARNING']
2023-11-26 20:20:13;UNIUSDT;30m;5.0;200;36;78;100.0;7;143.8;['-batch-training', '-calc-rsi', '-verbose', '-prediction-mode=index', '-interval-list=30m', '-range-min-rsi=28', '-range-max-rsi=80', '-range-p-ema=50,250', '-target-margin-list=1.0,1.5,2.0,2.5,3.0,3.5,4.0,4.5,5.0', '-log-level=WARNING']
2023-11-26 20:20:24;UNIUSDT;30m;5.0;200;32;80;100.0;2;143.8;['-batch-training', '-calc-rsi', '-verbose', '-prediction-mode=index', '-interval-list=30m', '-range-min-rsi=28', '-range-max-rsi=80', '-range-p-ema=50,250', '-target-margin-list=1.0,1.5,2.0,2.5,3.0,3.5,4.0,4.5,5.0', '-log-level=WARNING']
2023-11-26 20:20:13;UNIUSDT;30m;5.0;200;36;78;100.0;6;143.8;['-batch-training', '-calc-rsi', '-verbose', '-prediction-mode=index', '-interval-list=30m', '-range-min-rsi=28', '-range-max-rsi=80', '-range-p-ema=50,250', '-target-margin-list=1.0,1.5,2.0,2.5,3.0,3.5,4.0,4.5,5.0', '-log-level=WARNING']
2023-11-26 20:20:13;UNIUSDT;30m;5.0;200;36;78;100.0;5;143.8;['-batch-training', '-calc-rsi', '-verbose', '-prediction-mode=index', '-interval-list=30m', '-range-min-rsi=28', '-range-max-rsi=80', '-range-p-ema=50,250', '-target-margin-list=1.0,1.5,2.0,2.5,3.0,3.5,4.0,4.5,5.0', '-log-level=WARNING']
2023-11-26 20:20:13;UNIUSDT;30m;5.0;200;36;78;100.0;4;143.8;['-batch-training', '-calc-rsi', '-verbose', '-prediction-mode=index', '-interval-list=30m', '-range-min-rsi=28', '-range-max-rsi=80', '-range-p-ema=50,250', '-target-margin-list=1.0,1.5,2.0,2.5,3.0,3.5,4.0,4.5,5.0', '-log-level=WARNING']
2023-11-26 20:08:29;UNIUSDT;30m;5.0;175;36;80;100.0;4;143.8;['-batch-training', '-calc-rsi', '-verbose', '-prediction-mode=index', '-interval-list=30m', '-range-min-rsi=28', '-range-max-rsi=80', '-range-p-ema=50,250', '-target-margin-list=1.0,1.5,2.0,2.5,3.0,3.5,4.0,4.5,5.0', '-log-level=WARNING']
2023-11-26 20:08:29;UNIUSDT;30m;5.0;175;36;80;100.0;7;143.8;['-batch-training', '-calc-rsi', '-verbose', '-prediction-mode=index', '-interval-list=30m', '-range-min-rsi=28', '-range-max-rsi=80', '-range-p-ema=50,250', '-target-margin-list=1.0,1.5,2.0,2.5,3.0,3.5,4.0,4.5,5.0', '-log-level=WARNING']
2023-11-26 20:47:14;UNIUSDT;30m;5.0;250;32;80;100.0;2;143.8;['-batch-training', '-calc-rsi', '-verbose', '-prediction-mode=index', '-interval-list=30m', '-range-min-rsi=28', '-range-max-rsi=80', '-range-p-ema=50,250', '-target-margin-list=1.0,1.5,2.0,2.5,3.0,3.5,4.0,4.5,5.0', '-log-level=WARNING']
2023-11-26 20:08:03;UNIUSDT;30m;5.0;175;36;76;100.0;6;143.8;['-batch-training', '-calc-rsi', '-verbose', '-prediction-mode=index', '-interval-list=30m', '-range-min-rsi=28', '-range-max-rsi=80', '-range-p-ema=50,250', '-target-margin-list=1.0,1.5,2.0,2.5,3.0,3.5,4.0,4.5,5.0', '-log-level=WARNING']
2023-11-26 19:58:22;UNIUSDT;30m;5.0;150;32;80;100.0;2;143.8;['-batch-training', '-calc-rsi', '-verbose', '-prediction-mode=index', '-interval-list=30m', '-range-min-rsi=28', '-range-max-rsi=80', '-range-p-ema=50,250', '-target-margin-list=1.0,1.5,2.0,2.5,3.0,3.5,4.0,4.5,5.0', '-log-level=WARNING']
2023-11-26 20:07:50;UNIUSDT;30m;5.0;175;36;74;100.0;7;143.8;['-batch-training', '-calc-rsi', '-verbose', '-prediction-mode=index', '-interval-list=30m', '-range-min-rsi=28', '-range-max-rsi=80', '-range-p-ema=50,250', '-target-margin-list=1.0,1.5,2.0,2.5,3.0,3.5,4.0,4.5,5.0', '-log-level=WARNING']
2023-11-26 20:19:40;UNIUSDT;30m;5.0;200;36;74;100.0;4;143.8;['-batch-training', '-calc-rsi', '-verbose', '-prediction-mode=index', '-interval-list=30m', '-range-min-rsi=28', '-range-max-rsi=80', '-range-p-ema=50,250', '-target-margin-list=1.0,1.5,2.0,2.5,3.0,3.5,4.0,4.5,5.0', '-log-level=WARNING']
2023-11-26 20:08:17;UNIUSDT;30m;5.0;175;36;78;100.0;7;143.8;['-batch-training', '-calc-rsi', '-verbose', '-prediction-mode=index', '-interval-list=30m', '-range-min-rsi=28', '-range-max-rsi=80', '-range-p-ema=50,250', '-target-margin-list=1.0,1.5,2.0,2.5,3.0,3.5,4.0,4.5,5.0', '-log-level=WARNING']
2023-11-26 20:08:03;UNIUSDT;30m;5.0;175;36;76;100.0;7;143.8;['-batch-training', '-calc-rsi', '-verbose', '-prediction-mode=index', '-interval-list=30m', '-range-min-rsi=28', '-range-max-rsi=80', '-range-p-ema=50,250', '-target-margin-list=1.0,1.5,2.0,2.5,3.0,3.5,4.0,4.5,5.0', '-log-level=WARNING']
2023-11-26 20:08:17;UNIUSDT;30m;5.0;175;36;78;100.0;6;143.8;['-batch-training', '-calc-rsi', '-verbose', '-prediction-mode=index', '-interval-list=30m', '-range-min-rsi=28', '-range-max-rsi=80', '-range-p-ema=50,250', '-target-margin-list=1.0,1.5,2.0,2.5,3.0,3.5,4.0,4.5,5.0', '-log-level=WARNING']
2023-11-26 20:07:50;UNIUSDT;30m;5.0;175;36;74;100.0;6;143.8;['-batch-training', '-calc-rsi', '-verbose', '-prediction-mode=index', '-interval-list=30m', '-range-min-rsi=28', '-range-max-rsi=80', '-range-p-ema=50,250', '-target-margin-list=1.0,1.5,2.0,2.5,3.0,3.5,4.0,4.5,5.0', '-log-level=WARNING']
2023-11-26 20:07:50;UNIUSDT;30m;5.0;175;36;74;100.0;5;143.8;['-batch-training', '-calc-rsi', '-verbose', '-prediction-mode=index', '-interval-list=30m', '-range-min-rsi=28', '-range-max-rsi=80', '-range-p-ema=50,250', '-target-margin-list=1.0,1.5,2.0,2.5,3.0,3.5,4.0,4.5,5.0', '-log-level=WARNING']
2023-11-26 20:07:50;UNIUSDT;30m;5.0;175;36;74;100.0;4;143.8;['-batch-training', '-calc-rsi', '-verbose', '-prediction-mode=index', '-interval-list=30m', '-range-min-rsi=28', '-range-max-rsi=80', '-range-p-ema=50,250', '-target-margin-list=1.0,1.5,2.0,2.5,3.0,3.5,4.0,4.5,5.0', '-log-level=WARNING']
2023-11-26 20:08:24;UNIUSDT;30m;5.0;175;32;80;100.0;2;143.8;['-batch-training', '-calc-rsi', '-verbose', '-prediction-mode=index', '-interval-list=30m', '-range-min-rsi=28', '-range-max-rsi=80', '-range-p-ema=50,250', '-target-margin-list=1.0,1.5,2.0,2.5,3.0,3.5,4.0,4.5,5.0', '-log-level=WARNING']
2023-11-26 20:20:30;UNIUSDT;30m;5.0;200;36;80;100.0;7;143.8;['-batch-training', '-calc-rsi', '-verbose', '-prediction-mode=index', '-interval-list=30m', '-range-min-rsi=28', '-range-max-rsi=80', '-range-p-ema=50,250', '-target-margin-list=1.0,1.5,2.0,2.5,3.0,3.5,4.0,4.5,5.0', '-log-level=WARNING']
2023-11-26 20:08:29;UNIUSDT;30m;5.0;175;36;80;100.0;5;143.8;['-batch-training', '-calc-rsi', '-verbose', '-prediction-mode=index', '-interval-list=30m', '-range-min-rsi=28', '-range-max-rsi=80', '-range-p-ema=50,250', '-target-margin-list=1.0,1.5,2.0,2.5,3.0,3.5,4.0,4.5,5.0', '-log-level=WARNING']
2023-11-26 20:20:30;UNIUSDT;30m;5.0;200;36;80;100.0;6;143.8;['-batch-training', '-calc-rsi', '-verbose', '-prediction-mode=index', '-interval-list=30m', '-range-min-rsi=28', '-range-max-rsi=80', '-range-p-ema=50,250', '-target-margin-list=1.0,1.5,2.0,2.5,3.0,3.5,4.0,4.5,5.0', '-log-level=WARNING']
2023-11-26 20:20:30;UNIUSDT;30m;5.0;200;36;80;100.0;4;143.8;['-batch-training', '-calc-rsi', '-verbose', '-prediction-mode=index', '-interval-list=30m', '-range-min-rsi=28', '-range-max-rsi=80', '-range-p-ema=50,250', '-target-margin-list=1.0,1.5,2.0,2.5,3.0,3.5,4.0,4.5,5.0', '-log-level=WARNING']
2023-11-26 20:08:17;UNIUSDT;30m;5.0;175;36;78;100.0;5;143.8;['-batch-training', '-calc-rsi', '-verbose', '-prediction-mode=index', '-interval-list=30m', '-range-min-rsi=28', '-range-max-rsi=80', '-range-p-ema=50,250', '-target-margin-list=1.0,1.5,2.0,2.5,3.0,3.5,4.0,4.5,5.0', '-log-level=WARNING']
2023-11-26 20:19:57;UNIUSDT;30m;5.0;200;36;76;100.0;4;143.8;['-batch-training', '-calc-rsi', '-verbose', '-prediction-mode=index', '-interval-list=30m', '-range-min-rsi=28', '-range-max-rsi=80', '-range-p-ema=50,250', '-target-margin-list=1.0,1.5,2.0,2.5,3.0,3.5,4.0,4.5,5.0', '-log-level=WARNING']
2023-11-26 20:19:57;UNIUSDT;30m;5.0;200;36;76;100.0;5;143.8;['-batch-training', '-calc-rsi', '-verbose', '-prediction-mode=index', '-interval-list=30m', '-range-min-rsi=28', '-range-max-rsi=80', '-range-p-ema=50,250', '-target-margin-list=1.0,1.5,2.0,2.5,3.0,3.5,4.0,4.5,5.0', '-log-level=WARNING']
2023-11-26 20:08:29;UNIUSDT;30m;5.0;175;36;80;100.0;6;143.8;['-batch-training', '-calc-rsi', '-verbose', '-prediction-mode=index', '-interval-list=30m', '-range-min-rsi=28', '-range-max-rsi=80', '-range-p-ema=50,250', '-target-margin-list=1.0,1.5,2.0,2.5,3.0,3.5,4.0,4.5,5.0', '-log-level=WARNING']
2023-11-26 20:33:28;UNIUSDT;30m;5.0;225;32;80;100.0;2;143.8;['-batch-training', '-calc-rsi', '-verbose', '-prediction-mode=index', '-interval-list=30m', '-range-min-rsi=28', '-range-max-rsi=80', '-range-p-ema=50,250', '-target-margin-list=1.0,1.5,2.0,2.5,3.0,3.5,4.0,4.5,5.0', '-log-level=WARNING']
2023-11-26 20:20:30;UNIUSDT;30m;5.0;200;36;80;100.0;5;143.8;['-batch-training', '-calc-rsi', '-verbose', '-prediction-mode=index', '-interval-list=30m', '-range-min-rsi=28', '-range-max-rsi=80', '-range-p-ema=50,250', '-target-margin-list=1.0,1.5,2.0,2.5,3.0,3.5,4.0,4.5,5.0', '-log-level=WARNING']
2023-11-26 20:19:40;UNIUSDT;30m;5.0;200;36;74;100.0;5;143.8;['-batch-training', '-calc-rsi', '-verbose', '-prediction-mode=index', '-interval-list=30m', '-range-min-rsi=28', '-range-max-rsi=80', '-range-p-ema=50,250', '-target-margin-list=1.0,1.5,2.0,2.5,3.0,3.5,4.0,4.5,5.0', '-log-level=WARNING']
2023-11-26 20:08:03;UNIUSDT;30m;5.0;175;36;76;100.0;5;143.8;['-batch-training', '-calc-rsi', '-verbose', '-prediction-mode=index', '-interval-list=30m', '-range-min-rsi=28', '-range-max-rsi=80', '-range-p-ema=50,250', '-target-margin-list=1.0,1.5,2.0,2.5,3.0,3.5,4.0,4.5,5.0', '-log-level=WARNING']
2023-11-26 20:19:40;UNIUSDT;30m;5.0;200;36;74;100.0;6;143.8;['-batch-training', '-calc-rsi', '-verbose', '-prediction-mode=index', '-interval-list=30m', '-range-min-rsi=28', '-range-max-rsi=80', '-range-p-ema=50,250', '-target-margin-list=1.0,1.5,2.0,2.5,3.0,3.5,4.0,4.5,5.0', '-log-level=WARNING']
2023-11-26 20:19:57;UNIUSDT;30m;5.0;200;36;76;100.0;6;143.8;['-batch-training', '-calc-rsi', '-verbose', '-prediction-mode=index', '-interval-list=30m', '-range-min-rsi=28', '-range-max-rsi=80', '-range-p-ema=50,250', '-target-margin-list=1.0,1.5,2.0,2.5,3.0,3.5,4.0,4.5,5.0', '-log-level=WARNING']
2023-11-26 20:19:57;UNIUSDT;30m;5.0;200;36;76;100.0;7;143.8;['-batch-training', '-calc-rsi', '-verbose', '-prediction-mode=index', '-interval-list=30m', '-range-min-rsi=28', '-range-max-rsi=80', '-range-p-ema=50,250', '-target-margin-list=1.0,1.5,2.0,2.5,3.0,3.5,4.0,4.5,5.0', '-log-level=WARNING']
2023-11-26 20:08:03;UNIUSDT;30m;5.0;175;36;76;100.0;4;143.8;['-batch-training', '-calc-rsi', '-verbose', '-prediction-mode=index', '-interval-list=30m', '-range-min-rsi=28', '-range-max-rsi=80', '-range-p-ema=50,250', '-target-margin-list=1.0,1.5,2.0,2.5,3.0,3.5,4.0,4.5,5.0', '-log-level=WARNING']
2023-11-26 20:19:40;UNIUSDT;30m;5.0;200;36;74;100.0;7;143.8;['-batch-training', '-calc-rsi', '-verbose', '-prediction-mode=index', '-interval-list=30m', '-range-min-rsi=28', '-range-max-rsi=80', '-range-p-ema=50,250', '-target-margin-list=1.0,1.5,2.0,2.5,3.0,3.5,4.0,4.5,5.0', '-log-level=WARNING']
2023-11-26 20:08:16;UNIUSDT;30m;5.0;175;36;78;100.0;4;143.8;['-batch-training', '-calc-rsi', '-verbose', '-prediction-mode=index', '-interval-list=30m', '-range-min-rsi=28', '-range-max-rsi=80', '-range-p-ema=50,250', '-target-margin-list=1.0,1.5,2.0,2.5,3.0,3.5,4.0,4.5,5.0', '-log-level=WARNING']
2023-11-26 19:45:46;UNIUSDT;30m;4.5;125;32;76;100.0;2;143.87;['-batch-training', '-calc-rsi', '-verbose', '-prediction-mode=index', '-interval-list=30m', '-range-min-rsi=28', '-range-max-rsi=80', '-range-p-ema=50,250', '-target-margin-list=1.0,1.5,2.0,2.5,3.0,3.5,4.0,4.5,5.0', '-log-level=WARNING']
2023-11-26 19:50:29;UNIUSDT;30m;2.0;150;34;72;100.0;6;143.87;['-batch-training', '-calc-rsi', '-verbose', '-prediction-mode=index', '-interval-list=30m', '-range-min-rsi=28', '-range-max-rsi=80', '-range-p-ema=50,250', '-target-margin-list=1.0,1.5,2.0,2.5,3.0,3.5,4.0,4.5,5.0', '-log-level=WARNING']
2023-11-26 20:59:38;UNIUSDT;30m;4.5;50;32;76;100.0;2;143.87;['-batch-training', '-calc-rsi', '-verbose', '-prediction-mode=index', '-interval-list=30m', '-range-min-rsi=28', '-range-max-rsi=80', '-range-p-ema=50,250', '-target-margin-list=1.0,1.5,2.0,2.5,3.0,3.5,4.0,4.5,5.0', '-log-level=WARNING']
2023-11-26 19:52:32;UNIUSDT;30m;2.5;150;34;78;100.0;3;143.87;['-batch-training', '-calc-rsi', '-verbose', '-prediction-mode=index', '-interval-list=30m', '-range-min-rsi=28', '-range-max-rsi=80', '-range-p-ema=50,250', '-target-margin-list=1.0,1.5,2.0,2.5,3.0,3.5,4.0,4.5,5.0', '-log-level=WARNING']
2023-11-26 21:15:12;UNIUSDT;30m;4.5;75;32;76;100.0;2;143.87;['-batch-training', '-calc-rsi', '-verbose', '-prediction-mode=index', '-interval-list=30m', '-range-min-rsi=28', '-range-max-rsi=80', '-range-p-ema=50,250', '-target-margin-list=1.0,1.5,2.0,2.5,3.0,3.5,4.0,4.5,5.0', '-log-level=WARNING']
2023-11-26 19:34:12;UNIUSDT;30m;4.5;100;32;76;100.0;2;143.87;['-batch-training', '-calc-rsi', '-verbose', '-prediction-mode=index', '-interval-list=30m', '-range-min-rsi=28', '-range-max-rsi=80', '-range-p-ema=50,250', '-target-margin-list=1.0,1.5,2.0,2.5,3.0,3.5,4.0,4.5,5.0', '-log-level=WARNING']
2023-11-26 19:52:17;UNIUSDT;30m;2.5;150;34;76;100.0;7;144.07;['-batch-training', '-calc-rsi', '-verbose', '-prediction-mode=index', '-interval-list=30m', '-range-min-rsi=28', '-range-max-rsi=80', '-range-p-ema=50,250', '-target-margin-list=1.0,1.5,2.0,2.5,3.0,3.5,4.0,4.5,5.0', '-log-level=WARNING']
2023-11-26 19:52:32;UNIUSDT;30m;2.5;150;34;78;100.0;7;144.07;['-batch-training', '-calc-rsi', '-verbose', '-prediction-mode=index', '-interval-list=30m', '-range-min-rsi=28', '-range-max-rsi=80', '-range-p-ema=50,250', '-target-margin-list=1.0,1.5,2.0,2.5,3.0,3.5,4.0,4.5,5.0', '-log-level=WARNING']
2023-11-26 19:52:02;UNIUSDT;30m;2.5;150;34;74;100.0;7;144.07;['-batch-training', '-calc-rsi', '-verbose', '-prediction-mode=index', '-interval-list=30m', '-range-min-rsi=28', '-range-max-rsi=80', '-range-p-ema=50,250', '-target-margin-list=1.0,1.5,2.0,2.5,3.0,3.5,4.0,4.5,5.0', '-log-level=WARNING']
2023-11-26 19:53:00;UNIUSDT;30m;3.0;150;34;72;100.0;3;144.07;['-batch-training', '-calc-rsi', '-verbose', '-prediction-mode=index', '-interval-list=30m', '-range-min-rsi=28', '-range-max-rsi=80', '-range-p-ema=50,250', '-target-margin-list=1.0,1.5,2.0,2.5,3.0,3.5,4.0,4.5,5.0', '-log-level=WARNING']
2023-11-26 20:57:00;UNIUSDT;30m;3.5;50;32;80;100.0;6;144.1;['-batch-training', '-calc-rsi', '-verbose', '-prediction-mode=index', '-interval-list=30m', '-range-min-rsi=28', '-range-max-rsi=80', '-range-p-ema=50,250', '-target-margin-list=1.0,1.5,2.0,2.5,3.0,3.5,4.0,4.5,5.0', '-log-level=WARNING']
2023-11-26 19:32:15;UNIUSDT;30m;3.5;100;32;80;100.0;7;144.1;['-batch-training', '-calc-rsi', '-verbose', '-prediction-mode=index', '-interval-list=30m', '-range-min-rsi=28', '-range-max-rsi=80', '-range-p-ema=50,250', '-target-margin-list=1.0,1.5,2.0,2.5,3.0,3.5,4.0,4.5,5.0', '-log-level=WARNING']
2023-11-26 19:31:00;UNIUSDT;30m;3.0;100;32;80;100.0;6;144.1;['-batch-training', '-calc-rsi', '-verbose', '-prediction-mode=index', '-interval-list=30m', '-range-min-rsi=28', '-range-max-rsi=80', '-range-p-ema=50,250', '-target-margin-list=1.0,1.5,2.0,2.5,3.0,3.5,4.0,4.5,5.0', '-log-level=WARNING']
2023-11-26 19:42:30;UNIUSDT;30m;3.0;125;32;80;100.0;7;144.1;['-batch-training', '-calc-rsi', '-verbose', '-prediction-mode=index', '-interval-list=30m', '-range-min-rsi=28', '-range-max-rsi=80', '-range-p-ema=50,250', '-target-margin-list=1.0,1.5,2.0,2.5,3.0,3.5,4.0,4.5,5.0', '-log-level=WARNING']
2023-11-26 19:32:14;UNIUSDT;30m;3.5;100;32;80;100.0;6;144.1;['-batch-training', '-calc-rsi', '-verbose', '-prediction-mode=index', '-interval-list=30m', '-range-min-rsi=28', '-range-max-rsi=80', '-range-p-ema=50,250', '-target-margin-list=1.0,1.5,2.0,2.5,3.0,3.5,4.0,4.5,5.0', '-log-level=WARNING']
2023-11-26 19:31:00;UNIUSDT;30m;3.0;100;32;80;100.0;7;144.1;['-batch-training', '-calc-rsi', '-verbose', '-prediction-mode=index', '-interval-list=30m', '-range-min-rsi=28', '-range-max-rsi=80', '-range-p-ema=50,250', '-target-margin-list=1.0,1.5,2.0,2.5,3.0,3.5,4.0,4.5,5.0', '-log-level=WARNING']
2023-11-26 20:57:00;UNIUSDT;30m;3.5;50;32;80;100.0;7;144.1;['-batch-training', '-calc-rsi', '-verbose', '-prediction-mode=index', '-interval-list=30m', '-range-min-rsi=28', '-range-max-rsi=80', '-range-p-ema=50,250', '-target-margin-list=1.0,1.5,2.0,2.5,3.0,3.5,4.0,4.5,5.0', '-log-level=WARNING']
2023-11-26 19:32:14;UNIUSDT;30m;3.5;100;32;80;100.0;5;144.1;['-batch-training', '-calc-rsi', '-verbose', '-prediction-mode=index', '-interval-list=30m', '-range-min-rsi=28', '-range-max-rsi=80', '-range-p-ema=50,250', '-target-margin-list=1.0,1.5,2.0,2.5,3.0,3.5,4.0,4.5,5.0', '-log-level=WARNING']
2023-11-26 20:57:00;UNIUSDT;30m;3.5;50;32;80;100.0;5;144.1;['-batch-training', '-calc-rsi', '-verbose', '-prediction-mode=index', '-interval-list=30m', '-range-min-rsi=28', '-range-max-rsi=80', '-range-p-ema=50,250', '-target-margin-list=1.0,1.5,2.0,2.5,3.0,3.5,4.0,4.5,5.0', '-log-level=WARNING']
2023-11-26 21:12:44;UNIUSDT;30m;3.5;75;32;80;100.0;5;144.1;['-batch-training', '-calc-rsi', '-verbose', '-prediction-mode=index', '-interval-list=30m', '-range-min-rsi=28', '-range-max-rsi=80', '-range-p-ema=50,250', '-target-margin-list=1.0,1.5,2.0,2.5,3.0,3.5,4.0,4.5,5.0', '-log-level=WARNING']
2023-11-26 21:10:55;UNIUSDT;30m;3.0;75;32;80;100.0;7;144.1;['-batch-training', '-calc-rsi', '-verbose', '-prediction-mode=index', '-interval-list=30m', '-range-min-rsi=28', '-range-max-rsi=80', '-range-p-ema=50,250', '-target-margin-list=1.0,1.5,2.0,2.5,3.0,3.5,4.0,4.5,5.0', '-log-level=WARNING']
2023-11-26 20:55:22;UNIUSDT;30m;3.0;50;32;80;100.0;7;144.1;['-batch-training', '-calc-rsi', '-verbose', '-prediction-mode=index', '-interval-list=30m', '-range-min-rsi=28', '-range-max-rsi=80', '-range-p-ema=50,250', '-target-margin-list=1.0,1.5,2.0,2.5,3.0,3.5,4.0,4.5,5.0', '-log-level=WARNING']
2023-11-26 20:55:22;UNIUSDT;30m;3.0;50;32;80;100.0;6;144.1;['-batch-training', '-calc-rsi', '-verbose', '-prediction-mode=index', '-interval-list=30m', '-range-min-rsi=28', '-range-max-rsi=80', '-range-p-ema=50,250', '-target-margin-list=1.0,1.5,2.0,2.5,3.0,3.5,4.0,4.5,5.0', '-log-level=WARNING']
2023-11-26 21:10:55;UNIUSDT;30m;3.0;75;32;80;100.0;6;144.1;['-batch-training', '-calc-rsi', '-verbose', '-prediction-mode=index', '-interval-list=30m', '-range-min-rsi=28', '-range-max-rsi=80', '-range-p-ema=50,250', '-target-margin-list=1.0,1.5,2.0,2.5,3.0,3.5,4.0,4.5,5.0', '-log-level=WARNING']
2023-11-26 19:43:45;UNIUSDT;30m;3.5;125;32;80;100.0;5;144.1;['-batch-training', '-calc-rsi', '-verbose', '-prediction-mode=index', '-interval-list=30m', '-range-min-rsi=28', '-range-max-rsi=80', '-range-p-ema=50,250', '-target-margin-list=1.0,1.5,2.0,2.5,3.0,3.5,4.0,4.5,5.0', '-log-level=WARNING']
2023-11-26 19:43:46;UNIUSDT;30m;3.5;125;32;80;100.0;7;144.1;['-batch-training', '-calc-rsi', '-verbose', '-prediction-mode=index', '-interval-list=30m', '-range-min-rsi=28', '-range-max-rsi=80', '-range-p-ema=50,250', '-target-margin-list=1.0,1.5,2.0,2.5,3.0,3.5,4.0,4.5,5.0', '-log-level=WARNING']
2023-11-26 19:43:45;UNIUSDT;30m;3.5;125;32;80;100.0;6;144.1;['-batch-training', '-calc-rsi', '-verbose', '-prediction-mode=index', '-interval-list=30m', '-range-min-rsi=28', '-range-max-rsi=80', '-range-p-ema=50,250', '-target-margin-list=1.0,1.5,2.0,2.5,3.0,3.5,4.0,4.5,5.0', '-log-level=WARNING']
2023-11-26 21:12:44;UNIUSDT;30m;3.5;75;32;80;100.0;7;144.1;['-batch-training', '-calc-rsi', '-verbose', '-prediction-mode=index', '-interval-list=30m', '-range-min-rsi=28', '-range-max-rsi=80', '-range-p-ema=50,250', '-target-margin-list=1.0,1.5,2.0,2.5,3.0,3.5,4.0,4.5,5.0', '-log-level=WARNING']
2023-11-26 21:12:44;UNIUSDT;30m;3.5;75;32;80;100.0;6;144.1;['-batch-training', '-calc-rsi', '-verbose', '-prediction-mode=index', '-interval-list=30m', '-range-min-rsi=28', '-range-max-rsi=80', '-range-p-ema=50,250', '-target-margin-list=1.0,1.5,2.0,2.5,3.0,3.5,4.0,4.5,5.0', '-log-level=WARNING']
2023-11-26 19:42:30;UNIUSDT;30m;3.0;125;32;80;100.0;6;144.1;['-batch-training', '-calc-rsi', '-verbose', '-prediction-mode=index', '-interval-list=30m', '-range-min-rsi=28', '-range-max-rsi=80', '-range-p-ema=50,250', '-target-margin-list=1.0,1.5,2.0,2.5,3.0,3.5,4.0,4.5,5.0', '-log-level=WARNING']
2023-11-26 21:10:42;UNIUSDT;30m;3.0;75;36;78;100.0;2;144.12;['-batch-training', '-calc-rsi', '-verbose', '-prediction-mode=index', '-interval-list=30m', '-range-min-rsi=28', '-range-max-rsi=80', '-range-p-ema=50,250', '-target-margin-list=1.0,1.5,2.0,2.5,3.0,3.5,4.0,4.5,5.0', '-log-level=WARNING']
2023-11-26 20:55:09;UNIUSDT;30m;3.0;50;36;78;100.0;2;144.12;['-batch-training', '-calc-rsi', '-verbose', '-prediction-mode=index', '-interval-list=30m', '-range-min-rsi=28', '-range-max-rsi=80', '-range-p-ema=50,250', '-target-margin-list=1.0,1.5,2.0,2.5,3.0,3.5,4.0,4.5,5.0', '-log-level=WARNING']
2023-11-26 20:15:41;UNIUSDT;30m;3.5;200;32;76;100.0;5;144.13;['-batch-training', '-calc-rsi', '-verbose', '-prediction-mode=index', '-interval-list=30m', '-range-min-rsi=28', '-range-max-rsi=80', '-range-p-ema=50,250', '-target-margin-list=1.0,1.5,2.0,2.5,3.0,3.5,4.0,4.5,5.0', '-log-level=WARNING']
2023-11-26 20:41:39;UNIUSDT;30m;3.5;250;32;74;100.0;5;144.13;['-batch-training', '-calc-rsi', '-verbose', '-prediction-mode=index', '-interval-list=30m', '-range-min-rsi=28', '-range-max-rsi=80', '-range-p-ema=50,250', '-target-margin-list=1.0,1.5,2.0,2.5,3.0,3.5,4.0,4.5,5.0', '-log-level=WARNING']
2023-11-26 20:41:39;UNIUSDT;30m;3.5;250;32;74;100.0;7;144.13;['-batch-training', '-calc-rsi', '-verbose', '-prediction-mode=index', '-interval-list=30m', '-range-min-rsi=28', '-range-max-rsi=80', '-range-p-ema=50,250', '-target-margin-list=1.0,1.5,2.0,2.5,3.0,3.5,4.0,4.5,5.0', '-log-level=WARNING']
2023-11-26 20:41:39;UNIUSDT;30m;3.5;250;32;74;100.0;6;144.13;['-batch-training', '-calc-rsi', '-verbose', '-prediction-mode=index', '-interval-list=30m', '-range-min-rsi=28', '-range-max-rsi=80', '-range-p-ema=50,250', '-target-margin-list=1.0,1.5,2.0,2.5,3.0,3.5,4.0,4.5,5.0', '-log-level=WARNING']
2023-11-26 20:15:41;UNIUSDT;30m;3.5;200;32;76;100.0;6;144.13;['-batch-training', '-calc-rsi', '-verbose', '-prediction-mode=index', '-interval-list=30m', '-range-min-rsi=28', '-range-max-rsi=80', '-range-p-ema=50,250', '-target-margin-list=1.0,1.5,2.0,2.5,3.0,3.5,4.0,4.5,5.0', '-log-level=WARNING']
2023-11-26 19:54:18;UNIUSDT;30m;3.5;150;32;74;100.0;5;144.13;['-batch-training', '-calc-rsi', '-verbose', '-prediction-mode=index', '-interval-list=30m', '-range-min-rsi=28', '-range-max-rsi=80', '-range-p-ema=50,250', '-target-margin-list=1.0,1.5,2.0,2.5,3.0,3.5,4.0,4.5,5.0', '-log-level=WARNING']
2023-11-26 20:04:40;UNIUSDT;30m;3.5;175;32;76;100.0;6;144.13;['-batch-training', '-calc-rsi', '-verbose', '-prediction-mode=index', '-interval-list=30m', '-range-min-rsi=28', '-range-max-rsi=80', '-range-p-ema=50,250', '-target-margin-list=1.0,1.5,2.0,2.5,3.0,3.5,4.0,4.5,5.0', '-log-level=WARNING']
2023-11-26 20:28:13;UNIUSDT;30m;3.5;225;32;74;100.0;6;144.13;['-batch-training', '-calc-rsi', '-verbose', '-prediction-mode=index', '-interval-list=30m', '-range-min-rsi=28', '-range-max-rsi=80', '-range-p-ema=50,250', '-target-margin-list=1.0,1.5,2.0,2.5,3.0,3.5,4.0,4.5,5.0', '-log-level=WARNING']
2023-11-26 20:28:13;UNIUSDT;30m;3.5;225;32;74;100.0;5;144.13;['-batch-training', '-calc-rsi', '-verbose', '-prediction-mode=index', '-interval-list=30m', '-range-min-rsi=28', '-range-max-rsi=80', '-range-p-ema=50,250', '-target-margin-list=1.0,1.5,2.0,2.5,3.0,3.5,4.0,4.5,5.0', '-log-level=WARNING']
2023-11-26 20:41:58;UNIUSDT;30m;3.5;250;32;76;100.0;5;144.13;['-batch-training', '-calc-rsi', '-verbose', '-prediction-mode=index', '-interval-list=30m', '-range-min-rsi=28', '-range-max-rsi=80', '-range-p-ema=50,250', '-target-margin-list=1.0,1.5,2.0,2.5,3.0,3.5,4.0,4.5,5.0', '-log-level=WARNING']
2023-11-26 20:41:58;UNIUSDT;30m;3.5;250;32;76;100.0;7;144.13;['-batch-training', '-calc-rsi', '-verbose', '-prediction-mode=index', '-interval-list=30m', '-range-min-rsi=28', '-range-max-rsi=80', '-range-p-ema=50,250', '-target-margin-list=1.0,1.5,2.0,2.5,3.0,3.5,4.0,4.5,5.0', '-log-level=WARNING']
2023-11-26 20:41:58;UNIUSDT;30m;3.5;250;32;76;100.0;6;144.13;['-batch-training', '-calc-rsi', '-verbose', '-prediction-mode=index', '-interval-list=30m', '-range-min-rsi=28', '-range-max-rsi=80', '-range-p-ema=50,250', '-target-margin-list=1.0,1.5,2.0,2.5,3.0,3.5,4.0,4.5,5.0', '-log-level=WARNING']
2023-11-26 20:42:17;UNIUSDT;30m;3.5;250;32;78;100.0;5;144.13;['-batch-training', '-calc-rsi', '-verbose', '-prediction-mode=index', '-interval-list=30m', '-range-min-rsi=28', '-range-max-rsi=80', '-range-p-ema=50,250', '-target-margin-list=1.0,1.5,2.0,2.5,3.0,3.5,4.0,4.5,5.0', '-log-level=WARNING']
2023-11-26 20:42:17;UNIUSDT;30m;3.5;250;32;78;100.0;6;144.13;['-batch-training', '-calc-rsi', '-verbose', '-prediction-mode=index', '-interval-list=30m', '-range-min-rsi=28', '-range-max-rsi=80', '-range-p-ema=50,250', '-target-margin-list=1.0,1.5,2.0,2.5,3.0,3.5,4.0,4.5,5.0', '-log-level=WARNING']
2023-11-26 20:42:17;UNIUSDT;30m;3.5;250;32;78;100.0;7;144.13;['-batch-training', '-calc-rsi', '-verbose', '-prediction-mode=index', '-interval-list=30m', '-range-min-rsi=28', '-range-max-rsi=80', '-range-p-ema=50,250', '-target-margin-list=1.0,1.5,2.0,2.5,3.0,3.5,4.0,4.5,5.0', '-log-level=WARNING']
2023-11-26 20:15:58;UNIUSDT;30m;3.5;200;32;78;100.0;6;144.13;['-batch-training', '-calc-rsi', '-verbose', '-prediction-mode=index', '-interval-list=30m', '-range-min-rsi=28', '-range-max-rsi=80', '-range-p-ema=50,250', '-target-margin-list=1.0,1.5,2.0,2.5,3.0,3.5,4.0,4.5,5.0', '-log-level=WARNING']
2023-11-26 20:04:40;UNIUSDT;30m;3.5;175;32;76;100.0;5;144.13;['-batch-training', '-calc-rsi', '-verbose', '-prediction-mode=index', '-interval-list=30m', '-range-min-rsi=28', '-range-max-rsi=80', '-range-p-ema=50,250', '-target-margin-list=1.0,1.5,2.0,2.5,3.0,3.5,4.0,4.5,5.0', '-log-level=WARNING']
2023-11-26 20:15:58;UNIUSDT;30m;3.5;200;32;78;100.0;7;144.13;['-batch-training', '-calc-rsi', '-verbose', '-prediction-mode=index', '-interval-list=30m', '-range-min-rsi=28', '-range-max-rsi=80', '-range-p-ema=50,250', '-target-margin-list=1.0,1.5,2.0,2.5,3.0,3.5,4.0,4.5,5.0', '-log-level=WARNING']
2023-11-26 20:15:58;UNIUSDT;30m;3.5;200;32;78;100.0;5;144.13;['-batch-training', '-calc-rsi', '-verbose', '-prediction-mode=index', '-interval-list=30m', '-range-min-rsi=28', '-range-max-rsi=80', '-range-p-ema=50,250', '-target-margin-list=1.0,1.5,2.0,2.5,3.0,3.5,4.0,4.5,5.0', '-log-level=WARNING']
2023-11-26 20:15:41;UNIUSDT;30m;3.5;200;32;76;100.0;7;144.13;['-batch-training', '-calc-rsi', '-verbose', '-prediction-mode=index', '-interval-list=30m', '-range-min-rsi=28', '-range-max-rsi=80', '-range-p-ema=50,250', '-target-margin-list=1.0,1.5,2.0,2.5,3.0,3.5,4.0,4.5,5.0', '-log-level=WARNING']
2023-11-26 20:28:13;UNIUSDT;30m;3.5;225;32;74;100.0;7;144.13;['-batch-training', '-calc-rsi', '-verbose', '-prediction-mode=index', '-interval-list=30m', '-range-min-rsi=28', '-range-max-rsi=80', '-range-p-ema=50,250', '-target-margin-list=1.0,1.5,2.0,2.5,3.0,3.5,4.0,4.5,5.0', '-log-level=WARNING']
2023-11-26 20:04:53;UNIUSDT;30m;3.5;175;32;78;100.0;6;144.13;['-batch-training', '-calc-rsi', '-verbose', '-prediction-mode=index', '-interval-list=30m', '-range-min-rsi=28', '-range-max-rsi=80', '-range-p-ema=50,250', '-target-margin-list=1.0,1.5,2.0,2.5,3.0,3.5,4.0,4.5,5.0', '-log-level=WARNING']
2023-11-26 19:54:18;UNIUSDT;30m;3.5;150;32;74;100.0;7;144.13;['-batch-training', '-calc-rsi', '-verbose', '-prediction-mode=index', '-interval-list=30m', '-range-min-rsi=28', '-range-max-rsi=80', '-range-p-ema=50,250', '-target-margin-list=1.0,1.5,2.0,2.5,3.0,3.5,4.0,4.5,5.0', '-log-level=WARNING']
2023-11-26 20:28:48;UNIUSDT;30m;3.5;225;32;78;100.0;5;144.13;['-batch-training', '-calc-rsi', '-verbose', '-prediction-mode=index', '-interval-list=30m', '-range-min-rsi=28', '-range-max-rsi=80', '-range-p-ema=50,250', '-target-margin-list=1.0,1.5,2.0,2.5,3.0,3.5,4.0,4.5,5.0', '-log-level=WARNING']
2023-11-26 20:28:48;UNIUSDT;30m;3.5;225;32;78;100.0;6;144.13;['-batch-training', '-calc-rsi', '-verbose', '-prediction-mode=index', '-interval-list=30m', '-range-min-rsi=28', '-range-max-rsi=80', '-range-p-ema=50,250', '-target-margin-list=1.0,1.5,2.0,2.5,3.0,3.5,4.0,4.5,5.0', '-log-level=WARNING']
2023-11-26 20:28:48;UNIUSDT;30m;3.5;225;32;78;100.0;7;144.13;['-batch-training', '-calc-rsi', '-verbose', '-prediction-mode=index', '-interval-list=30m', '-range-min-rsi=28', '-range-max-rsi=80', '-range-p-ema=50,250', '-target-margin-list=1.0,1.5,2.0,2.5,3.0,3.5,4.0,4.5,5.0', '-log-level=WARNING']
2023-11-26 20:04:53;UNIUSDT;30m;3.5;175;32;78;100.0;5;144.13;['-batch-training', '-calc-rsi', '-verbose', '-prediction-mode=index', '-interval-list=30m', '-range-min-rsi=28', '-range-max-rsi=80', '-range-p-ema=50,250', '-target-margin-list=1.0,1.5,2.0,2.5,3.0,3.5,4.0,4.5,5.0', '-log-level=WARNING']
2023-11-26 19:54:32;UNIUSDT;30m;3.5;150;32;76;100.0;5;144.13;['-batch-training', '-calc-rsi', '-verbose', '-prediction-mode=index', '-interval-list=30m', '-range-min-rsi=28', '-range-max-rsi=80', '-range-p-ema=50,250', '-target-margin-list=1.0,1.5,2.0,2.5,3.0,3.5,4.0,4.5,5.0', '-log-level=WARNING']
2023-11-26 19:54:32;UNIUSDT;30m;3.5;150;32;76;100.0;6;144.13;['-batch-training', '-calc-rsi', '-verbose', '-prediction-mode=index', '-interval-list=30m', '-range-min-rsi=28', '-range-max-rsi=80', '-range-p-ema=50,250', '-target-margin-list=1.0,1.5,2.0,2.5,3.0,3.5,4.0,4.5,5.0', '-log-level=WARNING']
2023-11-26 20:04:40;UNIUSDT;30m;3.5;175;32;76;100.0;7;144.13;['-batch-training', '-calc-rsi', '-verbose', '-prediction-mode=index', '-interval-list=30m', '-range-min-rsi=28', '-range-max-rsi=80', '-range-p-ema=50,250', '-target-margin-list=1.0,1.5,2.0,2.5,3.0,3.5,4.0,4.5,5.0', '-log-level=WARNING']
2023-11-26 19:54:32;UNIUSDT;30m;3.5;150;32;76;100.0;7;144.13;['-batch-training', '-calc-rsi', '-verbose', '-prediction-mode=index', '-interval-list=30m', '-range-min-rsi=28', '-range-max-rsi=80', '-range-p-ema=50,250', '-target-margin-list=1.0,1.5,2.0,2.5,3.0,3.5,4.0,4.5,5.0', '-log-level=WARNING']
2023-11-26 19:54:46;UNIUSDT;30m;3.5;150;32;78;100.0;5;144.13;['-batch-training', '-calc-rsi', '-verbose', '-prediction-mode=index', '-interval-list=30m', '-range-min-rsi=28', '-range-max-rsi=80', '-range-p-ema=50,250', '-target-margin-list=1.0,1.5,2.0,2.5,3.0,3.5,4.0,4.5,5.0', '-log-level=WARNING']
2023-11-26 20:04:53;UNIUSDT;30m;3.5;175;32;78;100.0;7;144.13;['-batch-training', '-calc-rsi', '-verbose', '-prediction-mode=index', '-interval-list=30m', '-range-min-rsi=28', '-range-max-rsi=80', '-range-p-ema=50,250', '-target-margin-list=1.0,1.5,2.0,2.5,3.0,3.5,4.0,4.5,5.0', '-log-level=WARNING']
2023-11-26 19:54:46;UNIUSDT;30m;3.5;150;32;78;100.0;6;144.13;['-batch-training', '-calc-rsi', '-verbose', '-prediction-mode=index', '-interval-list=30m', '-range-min-rsi=28', '-range-max-rsi=80', '-range-p-ema=50,250', '-target-margin-list=1.0,1.5,2.0,2.5,3.0,3.5,4.0,4.5,5.0', '-log-level=WARNING']
2023-11-26 19:54:46;UNIUSDT;30m;3.5;150;32;78;100.0;7;144.13;['-batch-training', '-calc-rsi', '-verbose', '-prediction-mode=index', '-interval-list=30m', '-range-min-rsi=28', '-range-max-rsi=80', '-range-p-ema=50,250', '-target-margin-list=1.0,1.5,2.0,2.5,3.0,3.5,4.0,4.5,5.0', '-log-level=WARNING']
2023-11-26 20:28:30;UNIUSDT;30m;3.5;225;32;76;100.0;6;144.13;['-batch-training', '-calc-rsi', '-verbose', '-prediction-mode=index', '-interval-list=30m', '-range-min-rsi=28', '-range-max-rsi=80', '-range-p-ema=50,250', '-target-margin-list=1.0,1.5,2.0,2.5,3.0,3.5,4.0,4.5,5.0', '-log-level=WARNING']
2023-11-26 20:28:30;UNIUSDT;30m;3.5;225;32;76;100.0;7;144.13;['-batch-training', '-calc-rsi', '-verbose', '-prediction-mode=index', '-interval-list=30m', '-range-min-rsi=28', '-range-max-rsi=80', '-range-p-ema=50,250', '-target-margin-list=1.0,1.5,2.0,2.5,3.0,3.5,4.0,4.5,5.0', '-log-level=WARNING']
2023-11-26 20:04:27;UNIUSDT;30m;3.5;175;32;74;100.0;6;144.13;['-batch-training', '-calc-rsi', '-verbose', '-prediction-mode=index', '-interval-list=30m', '-range-min-rsi=28', '-range-max-rsi=80', '-range-p-ema=50,250', '-target-margin-list=1.0,1.5,2.0,2.5,3.0,3.5,4.0,4.5,5.0', '-log-level=WARNING']
2023-11-26 20:28:30;UNIUSDT;30m;3.5;225;32;76;100.0;5;144.13;['-batch-training', '-calc-rsi', '-verbose', '-prediction-mode=index', '-interval-list=30m', '-range-min-rsi=28', '-range-max-rsi=80', '-range-p-ema=50,250', '-target-margin-list=1.0,1.5,2.0,2.5,3.0,3.5,4.0,4.5,5.0', '-log-level=WARNING']
2023-11-26 20:15:25;UNIUSDT;30m;3.5;200;32;74;100.0;5;144.13;['-batch-training', '-calc-rsi', '-verbose', '-prediction-mode=index', '-interval-list=30m', '-range-min-rsi=28', '-range-max-rsi=80', '-range-p-ema=50,250', '-target-margin-list=1.0,1.5,2.0,2.5,3.0,3.5,4.0,4.5,5.0', '-log-level=WARNING']
2023-11-26 20:15:25;UNIUSDT;30m;3.5;200;32;74;100.0;6;144.13;['-batch-training', '-calc-rsi', '-verbose', '-prediction-mode=index', '-interval-list=30m', '-range-min-rsi=28', '-range-max-rsi=80', '-range-p-ema=50,250', '-target-margin-list=1.0,1.5,2.0,2.5,3.0,3.5,4.0,4.5,5.0', '-log-level=WARNING']
2023-11-26 20:15:26;UNIUSDT;30m;3.5;200;32;74;100.0;7;144.13;['-batch-training', '-calc-rsi', '-verbose', '-prediction-mode=index', '-interval-list=30m', '-range-min-rsi=28', '-range-max-rsi=80', '-range-p-ema=50,250', '-target-margin-list=1.0,1.5,2.0,2.5,3.0,3.5,4.0,4.5,5.0', '-log-level=WARNING']
2023-11-26 20:04:27;UNIUSDT;30m;3.5;175;32;74;100.0;5;144.13;['-batch-training', '-calc-rsi', '-verbose', '-prediction-mode=index', '-interval-list=30m', '-range-min-rsi=28', '-range-max-rsi=80', '-range-p-ema=50,250', '-target-margin-list=1.0,1.5,2.0,2.5,3.0,3.5,4.0,4.5,5.0', '-log-level=WARNING']
2023-11-26 20:04:27;UNIUSDT;30m;3.5;175;32;74;100.0;7;144.13;['-batch-training', '-calc-rsi', '-verbose', '-prediction-mode=index', '-interval-list=30m', '-range-min-rsi=28', '-range-max-rsi=80', '-range-p-ema=50,250', '-target-margin-list=1.0,1.5,2.0,2.5,3.0,3.5,4.0,4.5,5.0', '-log-level=WARNING']
2023-11-26 19:54:18;UNIUSDT;30m;3.5;150;32;74;100.0;6;144.13;['-batch-training', '-calc-rsi', '-verbose', '-prediction-mode=index', '-interval-list=30m', '-range-min-rsi=28', '-range-max-rsi=80', '-range-p-ema=50,250', '-target-margin-list=1.0,1.5,2.0,2.5,3.0,3.5,4.0,4.5,5.0', '-log-level=WARNING']
2023-11-26 19:41:59;UNIUSDT;30m;3.0;125;32;76;100.0;2;144.17;['-batch-training', '-calc-rsi', '-verbose', '-prediction-mode=index', '-interval-list=30m', '-range-min-rsi=28', '-range-max-rsi=80', '-range-p-ema=50,250', '-target-margin-list=1.0,1.5,2.0,2.5,3.0,3.5,4.0,4.5,5.0', '-log-level=WARNING']
2023-11-26 21:10:12;UNIUSDT;30m;3.0;75;32;76;100.0;2;144.17;['-batch-training', '-calc-rsi', '-verbose', '-prediction-mode=index', '-interval-list=30m', '-range-min-rsi=28', '-range-max-rsi=80', '-range-p-ema=50,250', '-target-margin-list=1.0,1.5,2.0,2.5,3.0,3.5,4.0,4.5,5.0', '-log-level=WARNING']
2023-11-26 19:30:29;UNIUSDT;30m;3.0;100;32;76;100.0;2;144.17;['-batch-training', '-calc-rsi', '-verbose', '-prediction-mode=index', '-interval-list=30m', '-range-min-rsi=28', '-range-max-rsi=80', '-range-p-ema=50,250', '-target-margin-list=1.0,1.5,2.0,2.5,3.0,3.5,4.0,4.5,5.0', '-log-level=WARNING']
2023-11-26 20:54:40;UNIUSDT;30m;3.0;50;32;76;100.0;2;144.17;['-batch-training', '-calc-rsi', '-verbose', '-prediction-mode=index', '-interval-list=30m', '-range-min-rsi=28', '-range-max-rsi=80', '-range-p-ema=50,250', '-target-margin-list=1.0,1.5,2.0,2.5,3.0,3.5,4.0,4.5,5.0', '-log-level=WARNING']
2023-11-26 20:11:11;UNIUSDT;30m;2.0;200;34;72;100.0;6;144.18;['-batch-training', '-calc-rsi', '-verbose', '-prediction-mode=index', '-interval-list=30m', '-range-min-rsi=28', '-range-max-rsi=80', '-range-p-ema=50,250', '-target-margin-list=1.0,1.5,2.0,2.5,3.0,3.5,4.0,4.5,5.0', '-log-level=WARNING']
2023-11-26 20:02:33;UNIUSDT;30m;2.5;175;36;76;100.0;3;144.19;['-batch-training', '-calc-rsi', '-verbose', '-prediction-mode=index', '-interval-list=30m', '-range-min-rsi=28', '-range-max-rsi=80', '-range-p-ema=50,250', '-target-margin-list=1.0,1.5,2.0,2.5,3.0,3.5,4.0,4.5,5.0', '-log-level=WARNING']
2023-11-26 19:47:04;UNIUSDT;30m;5.0;125;32;76;100.0;2;144.26;['-batch-training', '-calc-rsi', '-verbose', '-prediction-mode=index', '-interval-list=30m', '-range-min-rsi=28', '-range-max-rsi=80', '-range-p-ema=50,250', '-target-margin-list=1.0,1.5,2.0,2.5,3.0,3.5,4.0,4.5,5.0', '-log-level=WARNING']
2023-11-26 19:35:28;UNIUSDT;30m;5.0;100;32;76;100.0;2;144.26;['-batch-training', '-calc-rsi', '-verbose', '-prediction-mode=index', '-interval-list=30m', '-range-min-rsi=28', '-range-max-rsi=80', '-range-p-ema=50,250', '-target-margin-list=1.0,1.5,2.0,2.5,3.0,3.5,4.0,4.5,5.0', '-log-level=WARNING']
2023-11-26 21:01:19;UNIUSDT;30m;5.0;50;32;76;100.0;2;144.26;['-batch-training', '-calc-rsi', '-verbose', '-prediction-mode=index', '-interval-list=30m', '-range-min-rsi=28', '-range-max-rsi=80', '-range-p-ema=50,250', '-target-margin-list=1.0,1.5,2.0,2.5,3.0,3.5,4.0,4.5,5.0', '-log-level=WARNING']
2023-11-26 21:16:36;UNIUSDT;30m;5.0;75;32;76;100.0;2;144.26;['-batch-training', '-calc-rsi', '-verbose', '-prediction-mode=index', '-interval-list=30m', '-range-min-rsi=28', '-range-max-rsi=80', '-range-p-ema=50,250', '-target-margin-list=1.0,1.5,2.0,2.5,3.0,3.5,4.0,4.5,5.0', '-log-level=WARNING']
2023-11-26 19:59:48;UNIUSDT;30m;1.5;175;34;72;100.0;7;144.33;['-batch-training', '-calc-rsi', '-verbose', '-prediction-mode=index', '-interval-list=30m', '-range-min-rsi=28', '-range-max-rsi=80', '-range-p-ema=50,250', '-target-margin-list=1.0,1.5,2.0,2.5,3.0,3.5,4.0,4.5,5.0', '-log-level=WARNING']
2023-11-26 20:09:53;UNIUSDT;30m;1.5;200;34;72;100.0;7;144.33;['-batch-training', '-calc-rsi', '-verbose', '-prediction-mode=index', '-interval-list=30m', '-range-min-rsi=28', '-range-max-rsi=80', '-range-p-ema=50,250', '-target-margin-list=1.0,1.5,2.0,2.5,3.0,3.5,4.0,4.5,5.0', '-log-level=WARNING']
2023-11-26 21:11:04;UNIUSDT;30m;3.0;75;36;80;100.0;6;144.46;['-batch-training', '-calc-rsi', '-verbose', '-prediction-mode=index', '-interval-list=30m', '-range-min-rsi=28', '-range-max-rsi=80', '-range-p-ema=50,250', '-target-margin-list=1.0,1.5,2.0,2.5,3.0,3.5,4.0,4.5,5.0', '-log-level=WARNING']
2023-11-26 19:31:06;UNIUSDT;30m;3.0;100;36;80;100.0;6;144.46;['-batch-training', '-calc-rsi', '-verbose', '-prediction-mode=index', '-interval-list=30m', '-range-min-rsi=28', '-range-max-rsi=80', '-range-p-ema=50,250', '-target-margin-list=1.0,1.5,2.0,2.5,3.0,3.5,4.0,4.5,5.0', '-log-level=WARNING']
2023-11-26 19:31:06;UNIUSDT;30m;3.0;100;36;80;100.0;7;144.46;['-batch-training', '-calc-rsi', '-verbose', '-prediction-mode=index', '-interval-list=30m', '-range-min-rsi=28', '-range-max-rsi=80', '-range-p-ema=50,250', '-target-margin-list=1.0,1.5,2.0,2.5,3.0,3.5,4.0,4.5,5.0', '-log-level=WARNING']
2023-11-26 20:55:29;UNIUSDT;30m;3.0;50;36;80;100.0;7;144.46;['-batch-training', '-calc-rsi', '-verbose', '-prediction-mode=index', '-interval-list=30m', '-range-min-rsi=28', '-range-max-rsi=80', '-range-p-ema=50,250', '-target-margin-list=1.0,1.5,2.0,2.5,3.0,3.5,4.0,4.5,5.0', '-log-level=WARNING']
2023-11-26 20:55:29;UNIUSDT;30m;3.0;50;36;80;100.0;6;144.46;['-batch-training', '-calc-rsi', '-verbose', '-prediction-mode=index', '-interval-list=30m', '-range-min-rsi=28', '-range-max-rsi=80', '-range-p-ema=50,250', '-target-margin-list=1.0,1.5,2.0,2.5,3.0,3.5,4.0,4.5,5.0', '-log-level=WARNING']
2023-11-26 21:11:04;UNIUSDT;30m;3.0;75;36;80;100.0;7;144.46;['-batch-training', '-calc-rsi', '-verbose', '-prediction-mode=index', '-interval-list=30m', '-range-min-rsi=28', '-range-max-rsi=80', '-range-p-ema=50,250', '-target-margin-list=1.0,1.5,2.0,2.5,3.0,3.5,4.0,4.5,5.0', '-log-level=WARNING']
2023-11-26 19:42:36;UNIUSDT;30m;3.0;125;36;80;100.0;7;144.46;['-batch-training', '-calc-rsi', '-verbose', '-prediction-mode=index', '-interval-list=30m', '-range-min-rsi=28', '-range-max-rsi=80', '-range-p-ema=50,250', '-target-margin-list=1.0,1.5,2.0,2.5,3.0,3.5,4.0,4.5,5.0', '-log-level=WARNING']
2023-11-26 19:42:36;UNIUSDT;30m;3.0;125;36;80;100.0;6;144.46;['-batch-training', '-calc-rsi', '-verbose', '-prediction-mode=index', '-interval-list=30m', '-range-min-rsi=28', '-range-max-rsi=80', '-range-p-ema=50,250', '-target-margin-list=1.0,1.5,2.0,2.5,3.0,3.5,4.0,4.5,5.0', '-log-level=WARNING']
2023-11-26 19:54:21;UNIUSDT;30m;3.5;150;34;74;100.0;2;144.6;['-batch-training', '-calc-rsi', '-verbose', '-prediction-mode=index', '-interval-list=30m', '-range-min-rsi=28', '-range-max-rsi=80', '-range-p-ema=50,250', '-target-margin-list=1.0,1.5,2.0,2.5,3.0,3.5,4.0,4.5,5.0', '-log-level=WARNING']
2023-11-26 19:52:51;UNIUSDT;30m;3.0;150;28;72;100.0;7;144.75;['-batch-training', '-calc-rsi', '-verbose', '-prediction-mode=index', '-interval-list=30m', '-range-min-rsi=28', '-range-max-rsi=80', '-range-p-ema=50,250', '-target-margin-list=1.0,1.5,2.0,2.5,3.0,3.5,4.0,4.5,5.0', '-log-level=WARNING']
2023-11-26 20:39:41;UNIUSDT;30m;3.0;250;28;72;100.0;7;144.75;['-batch-training', '-calc-rsi', '-verbose', '-prediction-mode=index', '-interval-list=30m', '-range-min-rsi=28', '-range-max-rsi=80', '-range-p-ema=50,250', '-target-margin-list=1.0,1.5,2.0,2.5,3.0,3.5,4.0,4.5,5.0', '-log-level=WARNING']
2023-11-26 20:26:21;UNIUSDT;30m;3.0;225;28;72;100.0;7;144.75;['-batch-training', '-calc-rsi', '-verbose', '-prediction-mode=index', '-interval-list=30m', '-range-min-rsi=28', '-range-max-rsi=80', '-range-p-ema=50,250', '-target-margin-list=1.0,1.5,2.0,2.5,3.0,3.5,4.0,4.5,5.0', '-log-level=WARNING']
2023-11-26 20:13:42;UNIUSDT;30m;3.0;200;28;72;100.0;7;144.75;['-batch-training', '-calc-rsi', '-verbose', '-prediction-mode=index', '-interval-list=30m', '-range-min-rsi=28', '-range-max-rsi=80', '-range-p-ema=50,250', '-target-margin-list=1.0,1.5,2.0,2.5,3.0,3.5,4.0,4.5,5.0', '-log-level=WARNING']
2023-11-26 19:29:54;UNIUSDT;30m;3.0;100;28;72;100.0;7;144.75;['-batch-training', '-calc-rsi', '-verbose', '-prediction-mode=index', '-interval-list=30m', '-range-min-rsi=28', '-range-max-rsi=80', '-range-p-ema=50,250', '-target-margin-list=1.0,1.5,2.0,2.5,3.0,3.5,4.0,4.5,5.0', '-log-level=WARNING']
2023-11-26 19:41:23;UNIUSDT;30m;3.0;125;28;72;100.0;7;144.75;['-batch-training', '-calc-rsi', '-verbose', '-prediction-mode=index', '-interval-list=30m', '-range-min-rsi=28', '-range-max-rsi=80', '-range-p-ema=50,250', '-target-margin-list=1.0,1.5,2.0,2.5,3.0,3.5,4.0,4.5,5.0', '-log-level=WARNING']
2023-11-26 20:53:55;UNIUSDT;30m;3.0;50;28;72;100.0;7;144.75;['-batch-training', '-calc-rsi', '-verbose', '-prediction-mode=index', '-interval-list=30m', '-range-min-rsi=28', '-range-max-rsi=80', '-range-p-ema=50,250', '-target-margin-list=1.0,1.5,2.0,2.5,3.0,3.5,4.0,4.5,5.0', '-log-level=WARNING']
2023-11-26 20:03:03;UNIUSDT;30m;3.0;175;28;72;100.0;7;144.75;['-batch-training', '-calc-rsi', '-verbose', '-prediction-mode=index', '-interval-list=30m', '-range-min-rsi=28', '-range-max-rsi=80', '-range-p-ema=50,250', '-target-margin-list=1.0,1.5,2.0,2.5,3.0,3.5,4.0,4.5,5.0', '-log-level=WARNING']
2023-11-26 21:09:21;UNIUSDT;30m;3.0;75;28;72;100.0;7;144.75;['-batch-training', '-calc-rsi', '-verbose', '-prediction-mode=index', '-interval-list=30m', '-range-min-rsi=28', '-range-max-rsi=80', '-range-p-ema=50,250', '-target-margin-list=1.0,1.5,2.0,2.5,3.0,3.5,4.0,4.5,5.0', '-log-level=WARNING']
2023-11-26 19:40:43;UNIUSDT;30m;2.5;125;32;76;100.0;7;144.87;['-batch-training', '-calc-rsi', '-verbose', '-prediction-mode=index', '-interval-list=30m', '-range-min-rsi=28', '-range-max-rsi=80', '-range-p-ema=50,250', '-target-margin-list=1.0,1.5,2.0,2.5,3.0,3.5,4.0,4.5,5.0', '-log-level=WARNING']
2023-11-26 19:29:14;UNIUSDT;30m;2.5;100;32;76;100.0;7;144.87;['-batch-training', '-calc-rsi', '-verbose', '-prediction-mode=index', '-interval-list=30m', '-range-min-rsi=28', '-range-max-rsi=80', '-range-p-ema=50,250', '-target-margin-list=1.0,1.5,2.0,2.5,3.0,3.5,4.0,4.5,5.0', '-log-level=WARNING']
2023-11-26 19:40:58;UNIUSDT;30m;2.5;125;32;78;100.0;7;144.87;['-batch-training', '-calc-rsi', '-verbose', '-prediction-mode=index', '-interval-list=30m', '-range-min-rsi=28', '-range-max-rsi=80', '-range-p-ema=50,250', '-target-margin-list=1.0,1.5,2.0,2.5,3.0,3.5,4.0,4.5,5.0', '-log-level=WARNING']
2023-11-26 21:08:27;UNIUSDT;30m;2.5;75;32;76;100.0;7;144.87;['-batch-training', '-calc-rsi', '-verbose', '-prediction-mode=index', '-interval-list=30m', '-range-min-rsi=28', '-range-max-rsi=80', '-range-p-ema=50,250', '-target-margin-list=1.0,1.5,2.0,2.5,3.0,3.5,4.0,4.5,5.0', '-log-level=WARNING']
2023-11-26 19:29:29;UNIUSDT;30m;2.5;100;32;78;100.0;7;144.87;['-batch-training', '-calc-rsi', '-verbose', '-prediction-mode=index', '-interval-list=30m', '-range-min-rsi=28', '-range-max-rsi=80', '-range-p-ema=50,250', '-target-margin-list=1.0,1.5,2.0,2.5,3.0,3.5,4.0,4.5,5.0', '-log-level=WARNING']
2023-11-26 20:53:03;UNIUSDT;30m;2.5;50;32;76;100.0;7;144.87;['-batch-training', '-calc-rsi', '-verbose', '-prediction-mode=index', '-interval-list=30m', '-range-min-rsi=28', '-range-max-rsi=80', '-range-p-ema=50,250', '-target-margin-list=1.0,1.5,2.0,2.5,3.0,3.5,4.0,4.5,5.0', '-log-level=WARNING']
2023-11-26 19:28:59;UNIUSDT;30m;2.5;100;32;74;100.0;7;144.87;['-batch-training', '-calc-rsi', '-verbose', '-prediction-mode=index', '-interval-list=30m', '-range-min-rsi=28', '-range-max-rsi=80', '-range-p-ema=50,250', '-target-margin-list=1.0,1.5,2.0,2.5,3.0,3.5,4.0,4.5,5.0', '-log-level=WARNING']
2023-11-26 19:40:27;UNIUSDT;30m;2.5;125;32;74;100.0;7;144.87;['-batch-training', '-calc-rsi', '-verbose', '-prediction-mode=index', '-interval-list=30m', '-range-min-rsi=28', '-range-max-rsi=80', '-range-p-ema=50,250', '-target-margin-list=1.0,1.5,2.0,2.5,3.0,3.5,4.0,4.5,5.0', '-log-level=WARNING']
2023-11-26 21:08:05;UNIUSDT;30m;2.5;75;32;74;100.0;7;144.87;['-batch-training', '-calc-rsi', '-verbose', '-prediction-mode=index', '-interval-list=30m', '-range-min-rsi=28', '-range-max-rsi=80', '-range-p-ema=50,250', '-target-margin-list=1.0,1.5,2.0,2.5,3.0,3.5,4.0,4.5,5.0', '-log-level=WARNING']
2023-11-26 20:53:23;UNIUSDT;30m;2.5;50;32;78;100.0;7;144.87;['-batch-training', '-calc-rsi', '-verbose', '-prediction-mode=index', '-interval-list=30m', '-range-min-rsi=28', '-range-max-rsi=80', '-range-p-ema=50,250', '-target-margin-list=1.0,1.5,2.0,2.5,3.0,3.5,4.0,4.5,5.0', '-log-level=WARNING']
2023-11-26 21:08:47;UNIUSDT;30m;2.5;75;32;78;100.0;7;144.87;['-batch-training', '-calc-rsi', '-verbose', '-prediction-mode=index', '-interval-list=30m', '-range-min-rsi=28', '-range-max-rsi=80', '-range-p-ema=50,250', '-target-margin-list=1.0,1.5,2.0,2.5,3.0,3.5,4.0,4.5,5.0', '-log-level=WARNING']
2023-11-26 20:52:42;UNIUSDT;30m;2.5;50;32;74;100.0;7;144.87;['-batch-training', '-calc-rsi', '-verbose', '-prediction-mode=index', '-interval-list=30m', '-range-min-rsi=28', '-range-max-rsi=80', '-range-p-ema=50,250', '-target-margin-list=1.0,1.5,2.0,2.5,3.0,3.5,4.0,4.5,5.0', '-log-level=WARNING']
2023-11-26 19:39:01;UNIUSDT;30m;2.0;125;36;72;100.0;4;144.95;['-batch-training', '-calc-rsi', '-verbose', '-prediction-mode=index', '-interval-list=30m', '-range-min-rsi=28', '-range-max-rsi=80', '-range-p-ema=50,250', '-target-margin-list=1.0,1.5,2.0,2.5,3.0,3.5,4.0,4.5,5.0', '-log-level=WARNING']
2023-11-26 21:06:02;UNIUSDT;30m;2.0;75;36;72;100.0;4;144.95;['-batch-training', '-calc-rsi', '-verbose', '-prediction-mode=index', '-interval-list=30m', '-range-min-rsi=28', '-range-max-rsi=80', '-range-p-ema=50,250', '-target-margin-list=1.0,1.5,2.0,2.5,3.0,3.5,4.0,4.5,5.0', '-log-level=WARNING']
2023-11-26 20:50:53;UNIUSDT;30m;2.0;50;36;72;100.0;4;144.95;['-batch-training', '-calc-rsi', '-verbose', '-prediction-mode=index', '-interval-list=30m', '-range-min-rsi=28', '-range-max-rsi=80', '-range-p-ema=50,250', '-target-margin-list=1.0,1.5,2.0,2.5,3.0,3.5,4.0,4.5,5.0', '-log-level=WARNING']
2023-11-26 19:27:31;UNIUSDT;30m;2.0;100;36;72;100.0;4;144.95;['-batch-training', '-calc-rsi', '-verbose', '-prediction-mode=index', '-interval-list=30m', '-range-min-rsi=28', '-range-max-rsi=80', '-range-p-ema=50,250', '-target-margin-list=1.0,1.5,2.0,2.5,3.0,3.5,4.0,4.5,5.0', '-log-level=WARNING']
2023-11-26 19:33:19;UNIUSDT;30m;4.0;100;36;78;100.0;2;145.01;['-batch-training', '-calc-rsi', '-verbose', '-prediction-mode=index', '-interval-list=30m', '-range-min-rsi=28', '-range-max-rsi=80', '-range-p-ema=50,250', '-target-margin-list=1.0,1.5,2.0,2.5,3.0,3.5,4.0,4.5,5.0', '-log-level=WARNING']
2023-11-26 19:44:51;UNIUSDT;30m;4.0;125;36;78;100.0;2;145.01;['-batch-training', '-calc-rsi', '-verbose', '-prediction-mode=index', '-interval-list=30m', '-range-min-rsi=28', '-range-max-rsi=80', '-range-p-ema=50,250', '-target-margin-list=1.0,1.5,2.0,2.5,3.0,3.5,4.0,4.5,5.0', '-log-level=WARNING']
2023-11-26 20:14:33;UNIUSDT;30m;3.0;200;30;78;100.0;7;145.23;['-batch-training', '-calc-rsi', '-verbose', '-prediction-mode=index', '-interval-list=30m', '-range-min-rsi=28', '-range-max-rsi=80', '-range-p-ema=50,250', '-target-margin-list=1.0,1.5,2.0,2.5,3.0,3.5,4.0,4.5,5.0', '-log-level=WARNING']
2023-11-26 20:54:18;UNIUSDT;30m;3.0;50;30;74;100.0;6;145.23;['-batch-training', '-calc-rsi', '-verbose', '-prediction-mode=index', '-interval-list=30m', '-range-min-rsi=28', '-range-max-rsi=80', '-range-p-ema=50,250', '-target-margin-list=1.0,1.5,2.0,2.5,3.0,3.5,4.0,4.5,5.0', '-log-level=WARNING']
2023-11-26 20:14:33;UNIUSDT;30m;3.0;200;30;78;100.0;6;145.23;['-batch-training', '-calc-rsi', '-verbose', '-prediction-mode=index', '-interval-list=30m', '-range-min-rsi=28', '-range-max-rsi=80', '-range-p-ema=50,250', '-target-margin-list=1.0,1.5,2.0,2.5,3.0,3.5,4.0,4.5,5.0', '-log-level=WARNING']
2023-11-26 20:14:17;UNIUSDT;30m;3.0;200;30;76;100.0;6;145.23;['-batch-training', '-calc-rsi', '-verbose', '-prediction-mode=index', '-interval-list=30m', '-range-min-rsi=28', '-range-max-rsi=80', '-range-p-ema=50,250', '-target-margin-list=1.0,1.5,2.0,2.5,3.0,3.5,4.0,4.5,5.0', '-log-level=WARNING']
2023-11-26 20:14:01;UNIUSDT;30m;3.0;200;30;74;100.0;6;145.23;['-batch-training', '-calc-rsi', '-verbose', '-prediction-mode=index', '-interval-list=30m', '-range-min-rsi=28', '-range-max-rsi=80', '-range-p-ema=50,250', '-target-margin-list=1.0,1.5,2.0,2.5,3.0,3.5,4.0,4.5,5.0', '-log-level=WARNING']
2023-11-26 20:54:38;UNIUSDT;30m;3.0;50;30;76;100.0;7;145.23;['-batch-training', '-calc-rsi', '-verbose', '-prediction-mode=index', '-interval-list=30m', '-range-min-rsi=28', '-range-max-rsi=80', '-range-p-ema=50,250', '-target-margin-list=1.0,1.5,2.0,2.5,3.0,3.5,4.0,4.5,5.0', '-log-level=WARNING']
2023-11-26 20:14:17;UNIUSDT;30m;3.0;200;30;76;100.0;7;145.23;['-batch-training', '-calc-rsi', '-verbose', '-prediction-mode=index', '-interval-list=30m', '-range-min-rsi=28', '-range-max-rsi=80', '-range-p-ema=50,250', '-target-margin-list=1.0,1.5,2.0,2.5,3.0,3.5,4.0,4.5,5.0', '-log-level=WARNING']
2023-11-26 20:14:01;UNIUSDT;30m;3.0;200;30;74;100.0;7;145.23;['-batch-training', '-calc-rsi', '-verbose', '-prediction-mode=index', '-interval-list=30m', '-range-min-rsi=28', '-range-max-rsi=80', '-range-p-ema=50,250', '-target-margin-list=1.0,1.5,2.0,2.5,3.0,3.5,4.0,4.5,5.0', '-log-level=WARNING']
2023-11-26 19:53:34;UNIUSDT;30m;3.0;150;30;78;100.0;7;145.23;['-batch-training', '-calc-rsi', '-verbose', '-prediction-mode=index', '-interval-list=30m', '-range-min-rsi=28', '-range-max-rsi=80', '-range-p-ema=50,250', '-target-margin-list=1.0,1.5,2.0,2.5,3.0,3.5,4.0,4.5,5.0', '-log-level=WARNING']
2023-11-26 20:54:58;UNIUSDT;30m;3.0;50;30;78;100.0;6;145.23;['-batch-training', '-calc-rsi', '-verbose', '-prediction-mode=index', '-interval-list=30m', '-range-min-rsi=28', '-range-max-rsi=80', '-range-p-ema=50,250', '-target-margin-list=1.0,1.5,2.0,2.5,3.0,3.5,4.0,4.5,5.0', '-log-level=WARNING']
2023-11-26 20:54:58;UNIUSDT;30m;3.0;50;30;78;100.0;7;145.23;['-batch-training', '-calc-rsi', '-verbose', '-prediction-mode=index', '-interval-list=30m', '-range-min-rsi=28', '-range-max-rsi=80', '-range-p-ema=50,250', '-target-margin-list=1.0,1.5,2.0,2.5,3.0,3.5,4.0,4.5,5.0', '-log-level=WARNING']
2023-11-26 20:54:38;UNIUSDT;30m;3.0;50;30;76;100.0;6;145.23;['-batch-training', '-calc-rsi', '-verbose', '-prediction-mode=index', '-interval-list=30m', '-range-min-rsi=28', '-range-max-rsi=80', '-range-p-ema=50,250', '-target-margin-list=1.0,1.5,2.0,2.5,3.0,3.5,4.0,4.5,5.0', '-log-level=WARNING']
2023-11-26 19:53:34;UNIUSDT;30m;3.0;150;30;78;100.0;6;145.23;['-batch-training', '-calc-rsi', '-verbose', '-prediction-mode=index', '-interval-list=30m', '-range-min-rsi=28', '-range-max-rsi=80', '-range-p-ema=50,250', '-target-margin-list=1.0,1.5,2.0,2.5,3.0,3.5,4.0,4.5,5.0', '-log-level=WARNING']
2023-11-26 20:54:18;UNIUSDT;30m;3.0;50;30;74;100.0;7;145.23;['-batch-training', '-calc-rsi', '-verbose', '-prediction-mode=index', '-interval-list=30m', '-range-min-rsi=28', '-range-max-rsi=80', '-range-p-ema=50,250', '-target-margin-list=1.0,1.5,2.0,2.5,3.0,3.5,4.0,4.5,5.0', '-log-level=WARNING']
2023-11-26 19:42:12;UNIUSDT;30m;3.0;125;30;78;100.0;7;145.23;['-batch-training', '-calc-rsi', '-verbose', '-prediction-mode=index', '-interval-list=30m', '-range-min-rsi=28', '-range-max-rsi=80', '-range-p-ema=50,250', '-target-margin-list=1.0,1.5,2.0,2.5,3.0,3.5,4.0,4.5,5.0', '-log-level=WARNING']
2023-11-26 21:10:08;UNIUSDT;30m;3.0;75;30;76;100.0;7;145.23;['-batch-training', '-calc-rsi', '-verbose', '-prediction-mode=index', '-interval-list=30m', '-range-min-rsi=28', '-range-max-rsi=80', '-range-p-ema=50,250', '-target-margin-list=1.0,1.5,2.0,2.5,3.0,3.5,4.0,4.5,5.0', '-log-level=WARNING']
2023-11-26 20:03:19;UNIUSDT;30m;3.0;175;30;74;100.0;6;145.23;['-batch-training', '-calc-rsi', '-verbose', '-prediction-mode=index', '-interval-list=30m', '-range-min-rsi=28', '-range-max-rsi=80', '-range-p-ema=50,250', '-target-margin-list=1.0,1.5,2.0,2.5,3.0,3.5,4.0,4.5,5.0', '-log-level=WARNING']
2023-11-26 19:53:07;UNIUSDT;30m;3.0;150;30;74;100.0;6;145.23;['-batch-training', '-calc-rsi', '-verbose', '-prediction-mode=index', '-interval-list=30m', '-range-min-rsi=28', '-range-max-rsi=80', '-range-p-ema=50,250', '-target-margin-list=1.0,1.5,2.0,2.5,3.0,3.5,4.0,4.5,5.0', '-log-level=WARNING']
2023-11-26 20:03:18;UNIUSDT;30m;3.0;175;30;74;100.0;7;145.23;['-batch-training', '-calc-rsi', '-verbose', '-prediction-mode=index', '-interval-list=30m', '-range-min-rsi=28', '-range-max-rsi=80', '-range-p-ema=50,250', '-target-margin-list=1.0,1.5,2.0,2.5,3.0,3.5,4.0,4.5,5.0', '-log-level=WARNING']
2023-11-26 20:26:59;UNIUSDT;30m;3.0;225;30;76;100.0;6;145.23;['-batch-training', '-calc-rsi', '-verbose', '-prediction-mode=index', '-interval-list=30m', '-range-min-rsi=28', '-range-max-rsi=80', '-range-p-ema=50,250', '-target-margin-list=1.0,1.5,2.0,2.5,3.0,3.5,4.0,4.5,5.0', '-log-level=WARNING']
2023-11-26 20:26:59;UNIUSDT;30m;3.0;225;30;76;100.0;7;145.23;['-batch-training', '-calc-rsi', '-verbose', '-prediction-mode=index', '-interval-list=30m', '-range-min-rsi=28', '-range-max-rsi=80', '-range-p-ema=50,250', '-target-margin-list=1.0,1.5,2.0,2.5,3.0,3.5,4.0,4.5,5.0', '-log-level=WARNING']
2023-11-26 19:30:11;UNIUSDT;30m;3.0;100;30;74;100.0;7;145.23;['-batch-training', '-calc-rsi', '-verbose', '-prediction-mode=index', '-interval-list=30m', '-range-min-rsi=28', '-range-max-rsi=80', '-range-p-ema=50,250', '-target-margin-list=1.0,1.5,2.0,2.5,3.0,3.5,4.0,4.5,5.0', '-log-level=WARNING']
2023-11-26 20:03:45;UNIUSDT;30m;3.0;175;30;78;100.0;6;145.23;['-batch-training', '-calc-rsi', '-verbose', '-prediction-mode=index', '-interval-list=30m', '-range-min-rsi=28', '-range-max-rsi=80', '-range-p-ema=50,250', '-target-margin-list=1.0,1.5,2.0,2.5,3.0,3.5,4.0,4.5,5.0', '-log-level=WARNING']
2023-11-26 19:30:41;UNIUSDT;30m;3.0;100;30;78;100.0;6;145.23;['-batch-training', '-calc-rsi', '-verbose', '-prediction-mode=index', '-interval-list=30m', '-range-min-rsi=28', '-range-max-rsi=80', '-range-p-ema=50,250', '-target-margin-list=1.0,1.5,2.0,2.5,3.0,3.5,4.0,4.5,5.0', '-log-level=WARNING']
2023-11-26 21:10:30;UNIUSDT;30m;3.0;75;30;78;100.0;7;145.23;['-batch-training', '-calc-rsi', '-verbose', '-prediction-mode=index', '-interval-list=30m', '-range-min-rsi=28', '-range-max-rsi=80', '-range-p-ema=50,250', '-target-margin-list=1.0,1.5,2.0,2.5,3.0,3.5,4.0,4.5,5.0', '-log-level=WARNING']
2023-11-26 20:40:40;UNIUSDT;30m;3.0;250;30;78;100.0;6;145.23;['-batch-training', '-calc-rsi', '-verbose', '-prediction-mode=index', '-interval-list=30m', '-range-min-rsi=28', '-range-max-rsi=80', '-range-p-ema=50,250', '-target-margin-list=1.0,1.5,2.0,2.5,3.0,3.5,4.0,4.5,5.0', '-log-level=WARNING']
2023-11-26 21:09:47;UNIUSDT;30m;3.0;75;30;74;100.0;7;145.23;['-batch-training', '-calc-rsi', '-verbose', '-prediction-mode=index', '-interval-list=30m', '-range-min-rsi=28', '-range-max-rsi=80', '-range-p-ema=50,250', '-target-margin-list=1.0,1.5,2.0,2.5,3.0,3.5,4.0,4.5,5.0', '-log-level=WARNING']
2023-11-26 21:09:47;UNIUSDT;30m;3.0;75;30;74;100.0;6;145.23;['-batch-training', '-calc-rsi', '-verbose', '-prediction-mode=index', '-interval-list=30m', '-range-min-rsi=28', '-range-max-rsi=80', '-range-p-ema=50,250', '-target-margin-list=1.0,1.5,2.0,2.5,3.0,3.5,4.0,4.5,5.0', '-log-level=WARNING']
2023-11-26 20:40:40;UNIUSDT;30m;3.0;250;30;78;100.0;7;145.23;['-batch-training', '-calc-rsi', '-verbose', '-prediction-mode=index', '-interval-list=30m', '-range-min-rsi=28', '-range-max-rsi=80', '-range-p-ema=50,250', '-target-margin-list=1.0,1.5,2.0,2.5,3.0,3.5,4.0,4.5,5.0', '-log-level=WARNING']
2023-11-26 20:40:21;UNIUSDT;30m;3.0;250;30;76;100.0;6;145.23;['-batch-training', '-calc-rsi', '-verbose', '-prediction-mode=index', '-interval-list=30m', '-range-min-rsi=28', '-range-max-rsi=80', '-range-p-ema=50,250', '-target-margin-list=1.0,1.5,2.0,2.5,3.0,3.5,4.0,4.5,5.0', '-log-level=WARNING']
2023-11-26 20:26:41;UNIUSDT;30m;3.0;225;30;74;100.0;6;145.23;['-batch-training', '-calc-rsi', '-verbose', '-prediction-mode=index', '-interval-list=30m', '-range-min-rsi=28', '-range-max-rsi=80', '-range-p-ema=50,250', '-target-margin-list=1.0,1.5,2.0,2.5,3.0,3.5,4.0,4.5,5.0', '-log-level=WARNING']
2023-11-26 19:30:41;UNIUSDT;30m;3.0;100;30;78;100.0;7;145.23;['-batch-training', '-calc-rsi', '-verbose', '-prediction-mode=index', '-interval-list=30m', '-range-min-rsi=28', '-range-max-rsi=80', '-range-p-ema=50,250', '-target-margin-list=1.0,1.5,2.0,2.5,3.0,3.5,4.0,4.5,5.0', '-log-level=WARNING']
2023-11-26 20:26:41;UNIUSDT;30m;3.0;225;30;74;100.0;7;145.23;['-batch-training', '-calc-rsi', '-verbose', '-prediction-mode=index', '-interval-list=30m', '-range-min-rsi=28', '-range-max-rsi=80', '-range-p-ema=50,250', '-target-margin-list=1.0,1.5,2.0,2.5,3.0,3.5,4.0,4.5,5.0', '-log-level=WARNING']
2023-11-26 19:53:07;UNIUSDT;30m;3.0;150;30;74;100.0;7;145.23;['-batch-training', '-calc-rsi', '-verbose', '-prediction-mode=index', '-interval-list=30m', '-range-min-rsi=28', '-range-max-rsi=80', '-range-p-ema=50,250', '-target-margin-list=1.0,1.5,2.0,2.5,3.0,3.5,4.0,4.5,5.0', '-log-level=WARNING']
2023-11-26 20:27:16;UNIUSDT;30m;3.0;225;30;78;100.0;6;145.23;['-batch-training', '-calc-rsi', '-verbose', '-prediction-mode=index', '-interval-list=30m', '-range-min-rsi=28', '-range-max-rsi=80', '-range-p-ema=50,250', '-target-margin-list=1.0,1.5,2.0,2.5,3.0,3.5,4.0,4.5,5.0', '-log-level=WARNING']
2023-11-26 19:30:26;UNIUSDT;30m;3.0;100;30;76;100.0;6;145.23;['-batch-training', '-calc-rsi', '-verbose', '-prediction-mode=index', '-interval-list=30m', '-range-min-rsi=28', '-range-max-rsi=80', '-range-p-ema=50,250', '-target-margin-list=1.0,1.5,2.0,2.5,3.0,3.5,4.0,4.5,5.0', '-log-level=WARNING']
2023-11-26 19:53:21;UNIUSDT;30m;3.0;150;30;76;100.0;7;145.23;['-batch-training', '-calc-rsi', '-verbose', '-prediction-mode=index', '-interval-list=30m', '-range-min-rsi=28', '-range-max-rsi=80', '-range-p-ema=50,250', '-target-margin-list=1.0,1.5,2.0,2.5,3.0,3.5,4.0,4.5,5.0', '-log-level=WARNING']
2023-11-26 19:30:11;UNIUSDT;30m;3.0;100;30;74;100.0;6;145.23;['-batch-training', '-calc-rsi', '-verbose', '-prediction-mode=index', '-interval-list=30m', '-range-min-rsi=28', '-range-max-rsi=80', '-range-p-ema=50,250', '-target-margin-list=1.0,1.5,2.0,2.5,3.0,3.5,4.0,4.5,5.0', '-log-level=WARNING']
2023-11-26 19:30:26;UNIUSDT;30m;3.0;100;30;76;100.0;7;145.23;['-batch-training', '-calc-rsi', '-verbose', '-prediction-mode=index', '-interval-list=30m', '-range-min-rsi=28', '-range-max-rsi=80', '-range-p-ema=50,250', '-target-margin-list=1.0,1.5,2.0,2.5,3.0,3.5,4.0,4.5,5.0', '-log-level=WARNING']
2023-11-26 20:40:21;UNIUSDT;30m;3.0;250;30;76;100.0;7;145.23;['-batch-training', '-calc-rsi', '-verbose', '-prediction-mode=index', '-interval-list=30m', '-range-min-rsi=28', '-range-max-rsi=80', '-range-p-ema=50,250', '-target-margin-list=1.0,1.5,2.0,2.5,3.0,3.5,4.0,4.5,5.0', '-log-level=WARNING']
2023-11-26 20:03:32;UNIUSDT;30m;3.0;175;30;76;100.0;7;145.23;['-batch-training', '-calc-rsi', '-verbose', '-prediction-mode=index', '-interval-list=30m', '-range-min-rsi=28', '-range-max-rsi=80', '-range-p-ema=50,250', '-target-margin-list=1.0,1.5,2.0,2.5,3.0,3.5,4.0,4.5,5.0', '-log-level=WARNING']
2023-11-26 19:53:21;UNIUSDT;30m;3.0;150;30;76;100.0;6;145.23;['-batch-training', '-calc-rsi', '-verbose', '-prediction-mode=index', '-interval-list=30m', '-range-min-rsi=28', '-range-max-rsi=80', '-range-p-ema=50,250', '-target-margin-list=1.0,1.5,2.0,2.5,3.0,3.5,4.0,4.5,5.0', '-log-level=WARNING']
2023-11-26 19:41:40;UNIUSDT;30m;3.0;125;30;74;100.0;6;145.23;['-batch-training', '-calc-rsi', '-verbose', '-prediction-mode=index', '-interval-list=30m', '-range-min-rsi=28', '-range-max-rsi=80', '-range-p-ema=50,250', '-target-margin-list=1.0,1.5,2.0,2.5,3.0,3.5,4.0,4.5,5.0', '-log-level=WARNING']
2023-11-26 20:03:32;UNIUSDT;30m;3.0;175;30;76;100.0;6;145.23;['-batch-training', '-calc-rsi', '-verbose', '-prediction-mode=index', '-interval-list=30m', '-range-min-rsi=28', '-range-max-rsi=80', '-range-p-ema=50,250', '-target-margin-list=1.0,1.5,2.0,2.5,3.0,3.5,4.0,4.5,5.0', '-log-level=WARNING']
2023-11-26 19:41:41;UNIUSDT;30m;3.0;125;30;74;100.0;7;145.23;['-batch-training', '-calc-rsi', '-verbose', '-prediction-mode=index', '-interval-list=30m', '-range-min-rsi=28', '-range-max-rsi=80', '-range-p-ema=50,250', '-target-margin-list=1.0,1.5,2.0,2.5,3.0,3.5,4.0,4.5,5.0', '-log-level=WARNING']
2023-11-26 19:42:12;UNIUSDT;30m;3.0;125;30;78;100.0;6;145.23;['-batch-training', '-calc-rsi', '-verbose', '-prediction-mode=index', '-interval-list=30m', '-range-min-rsi=28', '-range-max-rsi=80', '-range-p-ema=50,250', '-target-margin-list=1.0,1.5,2.0,2.5,3.0,3.5,4.0,4.5,5.0', '-log-level=WARNING']
2023-11-26 20:40:03;UNIUSDT;30m;3.0;250;30;74;100.0;7;145.23;['-batch-training', '-calc-rsi', '-verbose', '-prediction-mode=index', '-interval-list=30m', '-range-min-rsi=28', '-range-max-rsi=80', '-range-p-ema=50,250', '-target-margin-list=1.0,1.5,2.0,2.5,3.0,3.5,4.0,4.5,5.0', '-log-level=WARNING']
2023-11-26 20:40:03;UNIUSDT;30m;3.0;250;30;74;100.0;6;145.23;['-batch-training', '-calc-rsi', '-verbose', '-prediction-mode=index', '-interval-list=30m', '-range-min-rsi=28', '-range-max-rsi=80', '-range-p-ema=50,250', '-target-margin-list=1.0,1.5,2.0,2.5,3.0,3.5,4.0,4.5,5.0', '-log-level=WARNING']
2023-11-26 20:03:45;UNIUSDT;30m;3.0;175;30;78;100.0;7;145.23;['-batch-training', '-calc-rsi', '-verbose', '-prediction-mode=index', '-interval-list=30m', '-range-min-rsi=28', '-range-max-rsi=80', '-range-p-ema=50,250', '-target-margin-list=1.0,1.5,2.0,2.5,3.0,3.5,4.0,4.5,5.0', '-log-level=WARNING']
2023-11-26 21:10:08;UNIUSDT;30m;3.0;75;30;76;100.0;6;145.23;['-batch-training', '-calc-rsi', '-verbose', '-prediction-mode=index', '-interval-list=30m', '-range-min-rsi=28', '-range-max-rsi=80', '-range-p-ema=50,250', '-target-margin-list=1.0,1.5,2.0,2.5,3.0,3.5,4.0,4.5,5.0', '-log-level=WARNING']
2023-11-26 20:27:16;UNIUSDT;30m;3.0;225;30;78;100.0;7;145.23;['-batch-training', '-calc-rsi', '-verbose', '-prediction-mode=index', '-interval-list=30m', '-range-min-rsi=28', '-range-max-rsi=80', '-range-p-ema=50,250', '-target-margin-list=1.0,1.5,2.0,2.5,3.0,3.5,4.0,4.5,5.0', '-log-level=WARNING']
2023-11-26 21:10:30;UNIUSDT;30m;3.0;75;30;78;100.0;6;145.23;['-batch-training', '-calc-rsi', '-verbose', '-prediction-mode=index', '-interval-list=30m', '-range-min-rsi=28', '-range-max-rsi=80', '-range-p-ema=50,250', '-target-margin-list=1.0,1.5,2.0,2.5,3.0,3.5,4.0,4.5,5.0', '-log-level=WARNING']
2023-11-26 19:41:56;UNIUSDT;30m;3.0;125;30;76;100.0;6;145.23;['-batch-training', '-calc-rsi', '-verbose', '-prediction-mode=index', '-interval-list=30m', '-range-min-rsi=28', '-range-max-rsi=80', '-range-p-ema=50,250', '-target-margin-list=1.0,1.5,2.0,2.5,3.0,3.5,4.0,4.5,5.0', '-log-level=WARNING']
2023-11-26 19:41:56;UNIUSDT;30m;3.0;125;30;76;100.0;7;145.23;['-batch-training', '-calc-rsi', '-verbose', '-prediction-mode=index', '-interval-list=30m', '-range-min-rsi=28', '-range-max-rsi=80', '-range-p-ema=50,250', '-target-margin-list=1.0,1.5,2.0,2.5,3.0,3.5,4.0,4.5,5.0', '-log-level=WARNING']
2023-11-26 19:59:51;UNIUSDT;30m;1.5;175;36;72;100.0;6;145.31;['-batch-training', '-calc-rsi', '-verbose', '-prediction-mode=index', '-interval-list=30m', '-range-min-rsi=28', '-range-max-rsi=80', '-range-p-ema=50,250', '-target-margin-list=1.0,1.5,2.0,2.5,3.0,3.5,4.0,4.5,5.0', '-log-level=WARNING']
2023-11-26 20:09:56;UNIUSDT;30m;1.5;200;36;72;100.0;6;145.31;['-batch-training', '-calc-rsi', '-verbose', '-prediction-mode=index', '-interval-list=30m', '-range-min-rsi=28', '-range-max-rsi=80', '-range-p-ema=50,250', '-target-margin-list=1.0,1.5,2.0,2.5,3.0,3.5,4.0,4.5,5.0', '-log-level=WARNING']
2023-11-26 19:55:02;UNIUSDT;30m;3.5;150;34;80;100.0;3;145.46;['-batch-training', '-calc-rsi', '-verbose', '-prediction-mode=index', '-interval-list=30m', '-range-min-rsi=28', '-range-max-rsi=80', '-range-p-ema=50,250', '-target-margin-list=1.0,1.5,2.0,2.5,3.0,3.5,4.0,4.5,5.0', '-log-level=WARNING']
2023-11-26 20:16:17;UNIUSDT;30m;3.5;200;34;80;100.0;3;145.46;['-batch-training', '-calc-rsi', '-verbose', '-prediction-mode=index', '-interval-list=30m', '-range-min-rsi=28', '-range-max-rsi=80', '-range-p-ema=50,250', '-target-margin-list=1.0,1.5,2.0,2.5,3.0,3.5,4.0,4.5,5.0', '-log-level=WARNING']
2023-11-26 20:05:09;UNIUSDT;30m;3.5;175;34;80;100.0;3;145.46;['-batch-training', '-calc-rsi', '-verbose', '-prediction-mode=index', '-interval-list=30m', '-range-min-rsi=28', '-range-max-rsi=80', '-range-p-ema=50,250', '-target-margin-list=1.0,1.5,2.0,2.5,3.0,3.5,4.0,4.5,5.0', '-log-level=WARNING']
2023-11-26 20:15:25;UNIUSDT;30m;3.5;200;32;74;100.0;3;145.48;['-batch-training', '-calc-rsi', '-verbose', '-prediction-mode=index', '-interval-list=30m', '-range-min-rsi=28', '-range-max-rsi=80', '-range-p-ema=50,250', '-target-margin-list=1.0,1.5,2.0,2.5,3.0,3.5,4.0,4.5,5.0', '-log-level=WARNING']
2023-11-26 20:28:13;UNIUSDT;30m;3.5;225;32;74;100.0;3;145.48;['-batch-training', '-calc-rsi', '-verbose', '-prediction-mode=index', '-interval-list=30m', '-range-min-rsi=28', '-range-max-rsi=80', '-range-p-ema=50,250', '-target-margin-list=1.0,1.5,2.0,2.5,3.0,3.5,4.0,4.5,5.0', '-log-level=WARNING']
2023-11-26 19:54:18;UNIUSDT;30m;3.5;150;32;74;100.0;3;145.48;['-batch-training', '-calc-rsi', '-verbose', '-prediction-mode=index', '-interval-list=30m', '-range-min-rsi=28', '-range-max-rsi=80', '-range-p-ema=50,250', '-target-margin-list=1.0,1.5,2.0,2.5,3.0,3.5,4.0,4.5,5.0', '-log-level=WARNING']
2023-11-26 20:41:39;UNIUSDT;30m;3.5;250;32;74;100.0;3;145.48;['-batch-training', '-calc-rsi', '-verbose', '-prediction-mode=index', '-interval-list=30m', '-range-min-rsi=28', '-range-max-rsi=80', '-range-p-ema=50,250', '-target-margin-list=1.0,1.5,2.0,2.5,3.0,3.5,4.0,4.5,5.0', '-log-level=WARNING']
2023-11-26 20:04:27;UNIUSDT;30m;3.5;175;32;74;100.0;3;145.48;['-batch-training', '-calc-rsi', '-verbose', '-prediction-mode=index', '-interval-list=30m', '-range-min-rsi=28', '-range-max-rsi=80', '-range-p-ema=50,250', '-target-margin-list=1.0,1.5,2.0,2.5,3.0,3.5,4.0,4.5,5.0', '-log-level=WARNING']
2023-11-26 21:08:27;UNIUSDT;30m;2.5;75;32;76;100.0;3;145.54;['-batch-training', '-calc-rsi', '-verbose', '-prediction-mode=index', '-interval-list=30m', '-range-min-rsi=28', '-range-max-rsi=80', '-range-p-ema=50,250', '-target-margin-list=1.0,1.5,2.0,2.5,3.0,3.5,4.0,4.5,5.0', '-log-level=WARNING']
2023-11-26 19:40:42;UNIUSDT;30m;2.5;125;32;76;100.0;3;145.54;['-batch-training', '-calc-rsi', '-verbose', '-prediction-mode=index', '-interval-list=30m', '-range-min-rsi=28', '-range-max-rsi=80', '-range-p-ema=50,250', '-target-margin-list=1.0,1.5,2.0,2.5,3.0,3.5,4.0,4.5,5.0', '-log-level=WARNING']
2023-11-26 20:53:03;UNIUSDT;30m;2.5;50;32;76;100.0;3;145.54;['-batch-training', '-calc-rsi', '-verbose', '-prediction-mode=index', '-interval-list=30m', '-range-min-rsi=28', '-range-max-rsi=80', '-range-p-ema=50,250', '-target-margin-list=1.0,1.5,2.0,2.5,3.0,3.5,4.0,4.5,5.0', '-log-level=WARNING']
2023-11-26 19:29:14;UNIUSDT;30m;2.5;100;32;76;100.0;3;145.54;['-batch-training', '-calc-rsi', '-verbose', '-prediction-mode=index', '-interval-list=30m', '-range-min-rsi=28', '-range-max-rsi=80', '-range-p-ema=50,250', '-target-margin-list=1.0,1.5,2.0,2.5,3.0,3.5,4.0,4.5,5.0', '-log-level=WARNING']
2023-11-26 20:57:46;UNIUSDT;30m;4.0;50;36;74;100.0;2;145.58;['-batch-training', '-calc-rsi', '-verbose', '-prediction-mode=index', '-interval-list=30m', '-range-min-rsi=28', '-range-max-rsi=80', '-range-p-ema=50,250', '-target-margin-list=1.0,1.5,2.0,2.5,3.0,3.5,4.0,4.5,5.0', '-log-level=WARNING']
2023-11-26 19:44:21;UNIUSDT;30m;4.0;125;36;74;100.0;2;145.58;['-batch-training', '-calc-rsi', '-verbose', '-prediction-mode=index', '-interval-list=30m', '-range-min-rsi=28', '-range-max-rsi=80', '-range-p-ema=50,250', '-target-margin-list=1.0,1.5,2.0,2.5,3.0,3.5,4.0,4.5,5.0', '-log-level=WARNING']
2023-11-26 21:13:35;UNIUSDT;30m;4.0;75;36;74;100.0;2;145.58;['-batch-training', '-calc-rsi', '-verbose', '-prediction-mode=index', '-interval-list=30m', '-range-min-rsi=28', '-range-max-rsi=80', '-range-p-ema=50,250', '-target-margin-list=1.0,1.5,2.0,2.5,3.0,3.5,4.0,4.5,5.0', '-log-level=WARNING']
2023-11-26 19:32:50;UNIUSDT;30m;4.0;100;36;74;100.0;2;145.58;['-batch-training', '-calc-rsi', '-verbose', '-prediction-mode=index', '-interval-list=30m', '-range-min-rsi=28', '-range-max-rsi=80', '-range-p-ema=50,250', '-target-margin-list=1.0,1.5,2.0,2.5,3.0,3.5,4.0,4.5,5.0', '-log-level=WARNING']
2023-11-26 20:30:53;UNIUSDT;30m;4.5;225;34;72;100.0;2;145.6;['-batch-training', '-calc-rsi', '-verbose', '-prediction-mode=index', '-interval-list=30m', '-range-min-rsi=28', '-range-max-rsi=80', '-range-p-ema=50,250', '-target-margin-list=1.0,1.5,2.0,2.5,3.0,3.5,4.0,4.5,5.0', '-log-level=WARNING']
2023-11-26 20:44:29;UNIUSDT;30m;4.5;250;34;72;100.0;2;145.6;['-batch-training', '-calc-rsi', '-verbose', '-prediction-mode=index', '-interval-list=30m', '-range-min-rsi=28', '-range-max-rsi=80', '-range-p-ema=50,250', '-target-margin-list=1.0,1.5,2.0,2.5,3.0,3.5,4.0,4.5,5.0', '-log-level=WARNING']
2023-11-26 19:44:36;UNIUSDT;30m;4.0;125;36;76;100.0;2;145.61;['-batch-training', '-calc-rsi', '-verbose', '-prediction-mode=index', '-interval-list=30m', '-range-min-rsi=28', '-range-max-rsi=80', '-range-p-ema=50,250', '-target-margin-list=1.0,1.5,2.0,2.5,3.0,3.5,4.0,4.5,5.0', '-log-level=WARNING']
2023-11-26 21:13:53;UNIUSDT;30m;4.0;75;36;76;100.0;2;145.61;['-batch-training', '-calc-rsi', '-verbose', '-prediction-mode=index', '-interval-list=30m', '-range-min-rsi=28', '-range-max-rsi=80', '-range-p-ema=50,250', '-target-margin-list=1.0,1.5,2.0,2.5,3.0,3.5,4.0,4.5,5.0', '-log-level=WARNING']
2023-11-26 20:58:07;UNIUSDT;30m;4.0;50;36;76;100.0;2;145.61;['-batch-training', '-calc-rsi', '-verbose', '-prediction-mode=index', '-interval-list=30m', '-range-min-rsi=28', '-range-max-rsi=80', '-range-p-ema=50,250', '-target-margin-list=1.0,1.5,2.0,2.5,3.0,3.5,4.0,4.5,5.0', '-log-level=WARNING']
2023-11-26 19:33:05;UNIUSDT;30m;4.0;100;36;76;100.0;2;145.61;['-batch-training', '-calc-rsi', '-verbose', '-prediction-mode=index', '-interval-list=30m', '-range-min-rsi=28', '-range-max-rsi=80', '-range-p-ema=50,250', '-target-margin-list=1.0,1.5,2.0,2.5,3.0,3.5,4.0,4.5,5.0', '-log-level=WARNING']
2023-11-26 20:26:48;UNIUSDT;30m;3.0;225;34;74;100.0;2;145.67;['-batch-training', '-calc-rsi', '-verbose', '-prediction-mode=index', '-interval-list=30m', '-range-min-rsi=28', '-range-max-rsi=80', '-range-p-ema=50,250', '-target-margin-list=1.0,1.5,2.0,2.5,3.0,3.5,4.0,4.5,5.0', '-log-level=WARNING']
2023-11-26 20:54:26;UNIUSDT;30m;3.0;50;34;74;100.0;4;145.99;['-batch-training', '-calc-rsi', '-verbose', '-prediction-mode=index', '-interval-list=30m', '-range-min-rsi=28', '-range-max-rsi=80', '-range-p-ema=50,250', '-target-margin-list=1.0,1.5,2.0,2.5,3.0,3.5,4.0,4.5,5.0', '-log-level=WARNING']
2023-11-26 19:41:47;UNIUSDT;30m;3.0;125;34;74;100.0;4;145.99;['-batch-training', '-calc-rsi', '-verbose', '-prediction-mode=index', '-interval-list=30m', '-range-min-rsi=28', '-range-max-rsi=80', '-range-p-ema=50,250', '-target-margin-list=1.0,1.5,2.0,2.5,3.0,3.5,4.0,4.5,5.0', '-log-level=WARNING']
2023-11-26 19:30:17;UNIUSDT;30m;3.0;100;34;74;100.0;4;145.99;['-batch-training', '-calc-rsi', '-verbose', '-prediction-mode=index', '-interval-list=30m', '-range-min-rsi=28', '-range-max-rsi=80', '-range-p-ema=50,250', '-target-margin-list=1.0,1.5,2.0,2.5,3.0,3.5,4.0,4.5,5.0', '-log-level=WARNING']
2023-11-26 21:09:54;UNIUSDT;30m;3.0;75;34;74;100.0;4;145.99;['-batch-training', '-calc-rsi', '-verbose', '-prediction-mode=index', '-interval-list=30m', '-range-min-rsi=28', '-range-max-rsi=80', '-range-p-ema=50,250', '-target-margin-list=1.0,1.5,2.0,2.5,3.0,3.5,4.0,4.5,5.0', '-log-level=WARNING']
2023-11-26 20:40:06;UNIUSDT;30m;3.0;250;32;74;100.0;2;146.0;['-batch-training', '-calc-rsi', '-verbose', '-prediction-mode=index', '-interval-list=30m', '-range-min-rsi=28', '-range-max-rsi=80', '-range-p-ema=50,250', '-target-margin-list=1.0,1.5,2.0,2.5,3.0,3.5,4.0,4.5,5.0', '-log-level=WARNING']
2023-11-26 21:04:05;UNIUSDT;30m;1.5;75;32;72;100.0;7;146.06;['-batch-training', '-calc-rsi', '-verbose', '-prediction-mode=index', '-interval-list=30m', '-range-min-rsi=28', '-range-max-rsi=80', '-range-p-ema=50,250', '-target-margin-list=1.0,1.5,2.0,2.5,3.0,3.5,4.0,4.5,5.0', '-log-level=WARNING']
2023-11-26 19:26:07;UNIUSDT;30m;1.5;100;32;72;100.0;7;146.06;['-batch-training', '-calc-rsi', '-verbose', '-prediction-mode=index', '-interval-list=30m', '-range-min-rsi=28', '-range-max-rsi=80', '-range-p-ema=50,250', '-target-margin-list=1.0,1.5,2.0,2.5,3.0,3.5,4.0,4.5,5.0', '-log-level=WARNING']
2023-11-26 19:37:36;UNIUSDT;30m;1.5;125;32;72;100.0;7;146.06;['-batch-training', '-calc-rsi', '-verbose', '-prediction-mode=index', '-interval-list=30m', '-range-min-rsi=28', '-range-max-rsi=80', '-range-p-ema=50,250', '-target-margin-list=1.0,1.5,2.0,2.5,3.0,3.5,4.0,4.5,5.0', '-log-level=WARNING']
2023-11-26 20:49:09;UNIUSDT;30m;1.5;50;32;72;100.0;7;146.06;['-batch-training', '-calc-rsi', '-verbose', '-prediction-mode=index', '-interval-list=30m', '-range-min-rsi=28', '-range-max-rsi=80', '-range-p-ema=50,250', '-target-margin-list=1.0,1.5,2.0,2.5,3.0,3.5,4.0,4.5,5.0', '-log-level=WARNING']
2023-11-26 20:02:04;UNIUSDT;30m;2.5;175;34;72;100.0;3;146.39;['-batch-training', '-calc-rsi', '-verbose', '-prediction-mode=index', '-interval-list=30m', '-range-min-rsi=28', '-range-max-rsi=80', '-range-p-ema=50,250', '-target-margin-list=1.0,1.5,2.0,2.5,3.0,3.5,4.0,4.5,5.0', '-log-level=WARNING']
2023-11-26 21:10:21;UNIUSDT;30m;3.0;75;36;76;100.0;3;146.42;['-batch-training', '-calc-rsi', '-verbose', '-prediction-mode=index', '-interval-list=30m', '-range-min-rsi=28', '-range-max-rsi=80', '-range-p-ema=50,250', '-target-margin-list=1.0,1.5,2.0,2.5,3.0,3.5,4.0,4.5,5.0', '-log-level=WARNING']
2023-11-26 20:54:50;UNIUSDT;30m;3.0;50;36;76;100.0;3;146.42;['-batch-training', '-calc-rsi', '-verbose', '-prediction-mode=index', '-interval-list=30m', '-range-min-rsi=28', '-range-max-rsi=80', '-range-p-ema=50,250', '-target-margin-list=1.0,1.5,2.0,2.5,3.0,3.5,4.0,4.5,5.0', '-log-level=WARNING']
2023-11-26 19:42:06;UNIUSDT;30m;3.0;125;36;76;100.0;3;146.42;['-batch-training', '-calc-rsi', '-verbose', '-prediction-mode=index', '-interval-list=30m', '-range-min-rsi=28', '-range-max-rsi=80', '-range-p-ema=50,250', '-target-margin-list=1.0,1.5,2.0,2.5,3.0,3.5,4.0,4.5,5.0', '-log-level=WARNING']
2023-11-26 19:30:35;UNIUSDT;30m;3.0;100;36;76;100.0;3;146.42;['-batch-training', '-calc-rsi', '-verbose', '-prediction-mode=index', '-interval-list=30m', '-range-min-rsi=28', '-range-max-rsi=80', '-range-p-ema=50,250', '-target-margin-list=1.0,1.5,2.0,2.5,3.0,3.5,4.0,4.5,5.0', '-log-level=WARNING']
2023-11-26 21:16:20;UNIUSDT;30m;5.0;75;32;74;100.0;4;146.48;['-batch-training', '-calc-rsi', '-verbose', '-prediction-mode=index', '-interval-list=30m', '-range-min-rsi=28', '-range-max-rsi=80', '-range-p-ema=50,250', '-target-margin-list=1.0,1.5,2.0,2.5,3.0,3.5,4.0,4.5,5.0', '-log-level=WARNING']
2023-11-26 21:17:11;UNIUSDT;30m;5.0;75;32;80;100.0;5;146.48;['-batch-training', '-calc-rsi', '-verbose', '-prediction-mode=index', '-interval-list=30m', '-range-min-rsi=28', '-range-max-rsi=80', '-range-p-ema=50,250', '-target-margin-list=1.0,1.5,2.0,2.5,3.0,3.5,4.0,4.5,5.0', '-log-level=WARNING']
2023-11-26 21:16:20;UNIUSDT;30m;5.0;75;32;74;100.0;5;146.48;['-batch-training', '-calc-rsi', '-verbose', '-prediction-mode=index', '-interval-list=30m', '-range-min-rsi=28', '-range-max-rsi=80', '-range-p-ema=50,250', '-target-margin-list=1.0,1.5,2.0,2.5,3.0,3.5,4.0,4.5,5.0', '-log-level=WARNING']
2023-11-26 19:47:04;UNIUSDT;30m;5.0;125;32;76;100.0;4;146.48;['-batch-training', '-calc-rsi', '-verbose', '-prediction-mode=index', '-interval-list=30m', '-range-min-rsi=28', '-range-max-rsi=80', '-range-p-ema=50,250', '-target-margin-list=1.0,1.5,2.0,2.5,3.0,3.5,4.0,4.5,5.0', '-log-level=WARNING']
2023-11-26 21:17:11;UNIUSDT;30m;5.0;75;32;80;100.0;6;146.48;['-batch-training', '-calc-rsi', '-verbose', '-prediction-mode=index', '-interval-list=30m', '-range-min-rsi=28', '-range-max-rsi=80', '-range-p-ema=50,250', '-target-margin-list=1.0,1.5,2.0,2.5,3.0,3.5,4.0,4.5,5.0', '-log-level=WARNING']
2023-11-26 19:47:34;UNIUSDT;30m;5.0;125;32;80;100.0;4;146.48;['-batch-training', '-calc-rsi', '-verbose', '-prediction-mode=index', '-interval-list=30m', '-range-min-rsi=28', '-range-max-rsi=80', '-range-p-ema=50,250', '-target-margin-list=1.0,1.5,2.0,2.5,3.0,3.5,4.0,4.5,5.0', '-log-level=WARNING']
2023-11-26 19:47:04;UNIUSDT;30m;5.0;125;32;76;100.0;7;146.48;['-batch-training', '-calc-rsi', '-verbose', '-prediction-mode=index', '-interval-list=30m', '-range-min-rsi=28', '-range-max-rsi=80', '-range-p-ema=50,250', '-target-margin-list=1.0,1.5,2.0,2.5,3.0,3.5,4.0,4.5,5.0', '-log-level=WARNING']
2023-11-26 21:16:54;UNIUSDT;30m;5.0;75;32;78;100.0;4;146.48;['-batch-training', '-calc-rsi', '-verbose', '-prediction-mode=index', '-interval-list=30m', '-range-min-rsi=28', '-range-max-rsi=80', '-range-p-ema=50,250', '-target-margin-list=1.0,1.5,2.0,2.5,3.0,3.5,4.0,4.5,5.0', '-log-level=WARNING']
2023-11-26 19:47:04;UNIUSDT;30m;5.0;125;32;76;100.0;5;146.48;['-batch-training', '-calc-rsi', '-verbose', '-prediction-mode=index', '-interval-list=30m', '-range-min-rsi=28', '-range-max-rsi=80', '-range-p-ema=50,250', '-target-margin-list=1.0,1.5,2.0,2.5,3.0,3.5,4.0,4.5,5.0', '-log-level=WARNING']
2023-11-26 19:47:34;UNIUSDT;30m;5.0;125;32;80;100.0;6;146.48;['-batch-training', '-calc-rsi', '-verbose', '-prediction-mode=index', '-interval-list=30m', '-range-min-rsi=28', '-range-max-rsi=80', '-range-p-ema=50,250', '-target-margin-list=1.0,1.5,2.0,2.5,3.0,3.5,4.0,4.5,5.0', '-log-level=WARNING']
2023-11-26 21:16:54;UNIUSDT;30m;5.0;75;32;78;100.0;5;146.48;['-batch-training', '-calc-rsi', '-verbose', '-prediction-mode=index', '-interval-list=30m', '-range-min-rsi=28', '-range-max-rsi=80', '-range-p-ema=50,250', '-target-margin-list=1.0,1.5,2.0,2.5,3.0,3.5,4.0,4.5,5.0', '-log-level=WARNING']
2023-11-26 19:47:34;UNIUSDT;30m;5.0;125;32;80;100.0;7;146.48;['-batch-training', '-calc-rsi', '-verbose', '-prediction-mode=index', '-interval-list=30m', '-range-min-rsi=28', '-range-max-rsi=80', '-range-p-ema=50,250', '-target-margin-list=1.0,1.5,2.0,2.5,3.0,3.5,4.0,4.5,5.0', '-log-level=WARNING']
2023-11-26 19:47:34;UNIUSDT;30m;5.0;125;32;80;100.0;5;146.48;['-batch-training', '-calc-rsi', '-verbose', '-prediction-mode=index', '-interval-list=30m', '-range-min-rsi=28', '-range-max-rsi=80', '-range-p-ema=50,250', '-target-margin-list=1.0,1.5,2.0,2.5,3.0,3.5,4.0,4.5,5.0', '-log-level=WARNING']
2023-11-26 21:16:54;UNIUSDT;30m;5.0;75;32;78;100.0;6;146.48;['-batch-training', '-calc-rsi', '-verbose', '-prediction-mode=index', '-interval-list=30m', '-range-min-rsi=28', '-range-max-rsi=80', '-range-p-ema=50,250', '-target-margin-list=1.0,1.5,2.0,2.5,3.0,3.5,4.0,4.5,5.0', '-log-level=WARNING']
2023-11-26 21:16:54;UNIUSDT;30m;5.0;75;32;78;100.0;7;146.48;['-batch-training', '-calc-rsi', '-verbose', '-prediction-mode=index', '-interval-list=30m', '-range-min-rsi=28', '-range-max-rsi=80', '-range-p-ema=50,250', '-target-margin-list=1.0,1.5,2.0,2.5,3.0,3.5,4.0,4.5,5.0', '-log-level=WARNING']
2023-11-26 21:17:11;UNIUSDT;30m;5.0;75;32;80;100.0;4;146.48;['-batch-training', '-calc-rsi', '-verbose', '-prediction-mode=index', '-interval-list=30m', '-range-min-rsi=28', '-range-max-rsi=80', '-range-p-ema=50,250', '-target-margin-list=1.0,1.5,2.0,2.5,3.0,3.5,4.0,4.5,5.0', '-log-level=WARNING']
2023-11-26 19:47:19;UNIUSDT;30m;5.0;125;32;78;100.0;4;146.48;['-batch-training', '-calc-rsi', '-verbose', '-prediction-mode=index', '-interval-list=30m', '-range-min-rsi=28', '-range-max-rsi=80', '-range-p-ema=50,250', '-target-margin-list=1.0,1.5,2.0,2.5,3.0,3.5,4.0,4.5,5.0', '-log-level=WARNING']
2023-11-26 19:47:19;UNIUSDT;30m;5.0;125;32;78;100.0;6;146.48;['-batch-training', '-calc-rsi', '-verbose', '-prediction-mode=index', '-interval-list=30m', '-range-min-rsi=28', '-range-max-rsi=80', '-range-p-ema=50,250', '-target-margin-list=1.0,1.5,2.0,2.5,3.0,3.5,4.0,4.5,5.0', '-log-level=WARNING']
2023-11-26 19:47:19;UNIUSDT;30m;5.0;125;32;78;100.0;5;146.48;['-batch-training', '-calc-rsi', '-verbose', '-prediction-mode=index', '-interval-list=30m', '-range-min-rsi=28', '-range-max-rsi=80', '-range-p-ema=50,250', '-target-margin-list=1.0,1.5,2.0,2.5,3.0,3.5,4.0,4.5,5.0', '-log-level=WARNING']
2023-11-26 19:47:19;UNIUSDT;30m;5.0;125;32;78;100.0;7;146.48;['-batch-training', '-calc-rsi', '-verbose', '-prediction-mode=index', '-interval-list=30m', '-range-min-rsi=28', '-range-max-rsi=80', '-range-p-ema=50,250', '-target-margin-list=1.0,1.5,2.0,2.5,3.0,3.5,4.0,4.5,5.0', '-log-level=WARNING']
2023-11-26 19:47:04;UNIUSDT;30m;5.0;125;32;76;100.0;6;146.48;['-batch-training', '-calc-rsi', '-verbose', '-prediction-mode=index', '-interval-list=30m', '-range-min-rsi=28', '-range-max-rsi=80', '-range-p-ema=50,250', '-target-margin-list=1.0,1.5,2.0,2.5,3.0,3.5,4.0,4.5,5.0', '-log-level=WARNING']
2023-11-26 21:16:20;UNIUSDT;30m;5.0;75;32;74;100.0;6;146.48;['-batch-training', '-calc-rsi', '-verbose', '-prediction-mode=index', '-interval-list=30m', '-range-min-rsi=28', '-range-max-rsi=80', '-range-p-ema=50,250', '-target-margin-list=1.0,1.5,2.0,2.5,3.0,3.5,4.0,4.5,5.0', '-log-level=WARNING']
2023-11-26 19:35:13;UNIUSDT;30m;5.0;100;32;74;100.0;4;146.48;['-batch-training', '-calc-rsi', '-verbose', '-prediction-mode=index', '-interval-list=30m', '-range-min-rsi=28', '-range-max-rsi=80', '-range-p-ema=50,250', '-target-margin-list=1.0,1.5,2.0,2.5,3.0,3.5,4.0,4.5,5.0', '-log-level=WARNING']
2023-11-26 21:16:20;UNIUSDT;30m;5.0;75;32;74;100.0;7;146.48;['-batch-training', '-calc-rsi', '-verbose', '-prediction-mode=index', '-interval-list=30m', '-range-min-rsi=28', '-range-max-rsi=80', '-range-p-ema=50,250', '-target-margin-list=1.0,1.5,2.0,2.5,3.0,3.5,4.0,4.5,5.0', '-log-level=WARNING']
2023-11-26 21:16:37;UNIUSDT;30m;5.0;75;32;76;100.0;5;146.48;['-batch-training', '-calc-rsi', '-verbose', '-prediction-mode=index', '-interval-list=30m', '-range-min-rsi=28', '-range-max-rsi=80', '-range-p-ema=50,250', '-target-margin-list=1.0,1.5,2.0,2.5,3.0,3.5,4.0,4.5,5.0', '-log-level=WARNING']
2023-11-26 21:16:36;UNIUSDT;30m;5.0;75;32;76;100.0;4;146.48;['-batch-training', '-calc-rsi', '-verbose', '-prediction-mode=index', '-interval-list=30m', '-range-min-rsi=28', '-range-max-rsi=80', '-range-p-ema=50,250', '-target-margin-list=1.0,1.5,2.0,2.5,3.0,3.5,4.0,4.5,5.0', '-log-level=WARNING']
2023-11-26 19:35:59;UNIUSDT;30m;5.0;100;32;80;100.0;7;146.48;['-batch-training', '-calc-rsi', '-verbose', '-prediction-mode=index', '-interval-list=30m', '-range-min-rsi=28', '-range-max-rsi=80', '-range-p-ema=50,250', '-target-margin-list=1.0,1.5,2.0,2.5,3.0,3.5,4.0,4.5,5.0', '-log-level=WARNING']
2023-11-26 19:35:44;UNIUSDT;30m;5.0;100;32;78;100.0;5;146.48;['-batch-training', '-calc-rsi', '-verbose', '-prediction-mode=index', '-interval-list=30m', '-range-min-rsi=28', '-range-max-rsi=80', '-range-p-ema=50,250', '-target-margin-list=1.0,1.5,2.0,2.5,3.0,3.5,4.0,4.5,5.0', '-log-level=WARNING']
2023-11-26 21:02:00;UNIUSDT;30m;5.0;50;32;80;100.0;6;146.48;['-batch-training', '-calc-rsi', '-verbose', '-prediction-mode=index', '-interval-list=30m', '-range-min-rsi=28', '-range-max-rsi=80', '-range-p-ema=50,250', '-target-margin-list=1.0,1.5,2.0,2.5,3.0,3.5,4.0,4.5,5.0', '-log-level=WARNING']
2023-11-26 21:02:00;UNIUSDT;30m;5.0;50;32;80;100.0;7;146.48;['-batch-training', '-calc-rsi', '-verbose', '-prediction-mode=index', '-interval-list=30m', '-range-min-rsi=28', '-range-max-rsi=80', '-range-p-ema=50,250', '-target-margin-list=1.0,1.5,2.0,2.5,3.0,3.5,4.0,4.5,5.0', '-log-level=WARNING']
2023-11-26 19:35:44;UNIUSDT;30m;5.0;100;32;78;100.0;7;146.48;['-batch-training', '-calc-rsi', '-verbose', '-prediction-mode=index', '-interval-list=30m', '-range-min-rsi=28', '-range-max-rsi=80', '-range-p-ema=50,250', '-target-margin-list=1.0,1.5,2.0,2.5,3.0,3.5,4.0,4.5,5.0', '-log-level=WARNING']
2023-11-26 21:02:00;UNIUSDT;30m;5.0;50;32;80;100.0;5;146.48;['-batch-training', '-calc-rsi', '-verbose', '-prediction-mode=index', '-interval-list=30m', '-range-min-rsi=28', '-range-max-rsi=80', '-range-p-ema=50,250', '-target-margin-list=1.0,1.5,2.0,2.5,3.0,3.5,4.0,4.5,5.0', '-log-level=WARNING']
2023-11-26 19:35:44;UNIUSDT;30m;5.0;100;32;78;100.0;6;146.48;['-batch-training', '-calc-rsi', '-verbose', '-prediction-mode=index', '-interval-list=30m', '-range-min-rsi=28', '-range-max-rsi=80', '-range-p-ema=50,250', '-target-margin-list=1.0,1.5,2.0,2.5,3.0,3.5,4.0,4.5,5.0', '-log-level=WARNING']
2023-11-26 19:35:44;UNIUSDT;30m;5.0;100;32;78;100.0;4;146.48;['-batch-training', '-calc-rsi', '-verbose', '-prediction-mode=index', '-interval-list=30m', '-range-min-rsi=28', '-range-max-rsi=80', '-range-p-ema=50,250', '-target-margin-list=1.0,1.5,2.0,2.5,3.0,3.5,4.0,4.5,5.0', '-log-level=WARNING']
2023-11-26 21:01:00;UNIUSDT;30m;5.0;50;32;74;100.0;4;146.48;['-batch-training', '-calc-rsi', '-verbose', '-prediction-mode=index', '-interval-list=30m', '-range-min-rsi=28', '-range-max-rsi=80', '-range-p-ema=50,250', '-target-margin-list=1.0,1.5,2.0,2.5,3.0,3.5,4.0,4.5,5.0', '-log-level=WARNING']
2023-11-26 21:01:00;UNIUSDT;30m;5.0;50;32;74;100.0;5;146.48;['-batch-training', '-calc-rsi', '-verbose', '-prediction-mode=index', '-interval-list=30m', '-range-min-rsi=28', '-range-max-rsi=80', '-range-p-ema=50,250', '-target-margin-list=1.0,1.5,2.0,2.5,3.0,3.5,4.0,4.5,5.0', '-log-level=WARNING']
2023-11-26 21:01:00;UNIUSDT;30m;5.0;50;32;74;100.0;6;146.48;['-batch-training', '-calc-rsi', '-verbose', '-prediction-mode=index', '-interval-list=30m', '-range-min-rsi=28', '-range-max-rsi=80', '-range-p-ema=50,250', '-target-margin-list=1.0,1.5,2.0,2.5,3.0,3.5,4.0,4.5,5.0', '-log-level=WARNING']
2023-11-26 21:01:01;UNIUSDT;30m;5.0;50;32;74;100.0;7;146.48;['-batch-training', '-calc-rsi', '-verbose', '-prediction-mode=index', '-interval-list=30m', '-range-min-rsi=28', '-range-max-rsi=80', '-range-p-ema=50,250', '-target-margin-list=1.0,1.5,2.0,2.5,3.0,3.5,4.0,4.5,5.0', '-log-level=WARNING']
2023-11-26 21:01:19;UNIUSDT;30m;5.0;50;32;76;100.0;5;146.48;['-batch-training', '-calc-rsi', '-verbose', '-prediction-mode=index', '-interval-list=30m', '-range-min-rsi=28', '-range-max-rsi=80', '-range-p-ema=50,250', '-target-margin-list=1.0,1.5,2.0,2.5,3.0,3.5,4.0,4.5,5.0', '-log-level=WARNING']
2023-11-26 21:17:11;UNIUSDT;30m;5.0;75;32;80;100.0;7;146.48;['-batch-training', '-calc-rsi', '-verbose', '-prediction-mode=index', '-interval-list=30m', '-range-min-rsi=28', '-range-max-rsi=80', '-range-p-ema=50,250', '-target-margin-list=1.0,1.5,2.0,2.5,3.0,3.5,4.0,4.5,5.0', '-log-level=WARNING']
2023-11-26 21:01:19;UNIUSDT;30m;5.0;50;32;76;100.0;4;146.48;['-batch-training', '-calc-rsi', '-verbose', '-prediction-mode=index', '-interval-list=30m', '-range-min-rsi=28', '-range-max-rsi=80', '-range-p-ema=50,250', '-target-margin-list=1.0,1.5,2.0,2.5,3.0,3.5,4.0,4.5,5.0', '-log-level=WARNING']
2023-11-26 21:01:19;UNIUSDT;30m;5.0;50;32;76;100.0;7;146.48;['-batch-training', '-calc-rsi', '-verbose', '-prediction-mode=index', '-interval-list=30m', '-range-min-rsi=28', '-range-max-rsi=80', '-range-p-ema=50,250', '-target-margin-list=1.0,1.5,2.0,2.5,3.0,3.5,4.0,4.5,5.0', '-log-level=WARNING']
2023-11-26 21:01:19;UNIUSDT;30m;5.0;50;32;76;100.0;6;146.48;['-batch-training', '-calc-rsi', '-verbose', '-prediction-mode=index', '-interval-list=30m', '-range-min-rsi=28', '-range-max-rsi=80', '-range-p-ema=50,250', '-target-margin-list=1.0,1.5,2.0,2.5,3.0,3.5,4.0,4.5,5.0', '-log-level=WARNING']
2023-11-26 21:01:40;UNIUSDT;30m;5.0;50;32;78;100.0;7;146.48;['-batch-training', '-calc-rsi', '-verbose', '-prediction-mode=index', '-interval-list=30m', '-range-min-rsi=28', '-range-max-rsi=80', '-range-p-ema=50,250', '-target-margin-list=1.0,1.5,2.0,2.5,3.0,3.5,4.0,4.5,5.0', '-log-level=WARNING']
2023-11-26 21:01:40;UNIUSDT;30m;5.0;50;32;78;100.0;6;146.48;['-batch-training', '-calc-rsi', '-verbose', '-prediction-mode=index', '-interval-list=30m', '-range-min-rsi=28', '-range-max-rsi=80', '-range-p-ema=50,250', '-target-margin-list=1.0,1.5,2.0,2.5,3.0,3.5,4.0,4.5,5.0', '-log-level=WARNING']
2023-11-26 21:01:40;UNIUSDT;30m;5.0;50;32;78;100.0;4;146.48;['-batch-training', '-calc-rsi', '-verbose', '-prediction-mode=index', '-interval-list=30m', '-range-min-rsi=28', '-range-max-rsi=80', '-range-p-ema=50,250', '-target-margin-list=1.0,1.5,2.0,2.5,3.0,3.5,4.0,4.5,5.0', '-log-level=WARNING']
2023-11-26 21:01:40;UNIUSDT;30m;5.0;50;32;78;100.0;5;146.48;['-batch-training', '-calc-rsi', '-verbose', '-prediction-mode=index', '-interval-list=30m', '-range-min-rsi=28', '-range-max-rsi=80', '-range-p-ema=50,250', '-target-margin-list=1.0,1.5,2.0,2.5,3.0,3.5,4.0,4.5,5.0', '-log-level=WARNING']
2023-11-26 21:16:37;UNIUSDT;30m;5.0;75;32;76;100.0;6;146.48;['-batch-training', '-calc-rsi', '-verbose', '-prediction-mode=index', '-interval-list=30m', '-range-min-rsi=28', '-range-max-rsi=80', '-range-p-ema=50,250', '-target-margin-list=1.0,1.5,2.0,2.5,3.0,3.5,4.0,4.5,5.0', '-log-level=WARNING']
2023-11-26 19:35:28;UNIUSDT;30m;5.0;100;32;76;100.0;5;146.48;['-batch-training', '-calc-rsi', '-verbose', '-prediction-mode=index', '-interval-list=30m', '-range-min-rsi=28', '-range-max-rsi=80', '-range-p-ema=50,250', '-target-margin-list=1.0,1.5,2.0,2.5,3.0,3.5,4.0,4.5,5.0', '-log-level=WARNING']
2023-11-26 21:02:00;UNIUSDT;30m;5.0;50;32;80;100.0;4;146.48;['-batch-training', '-calc-rsi', '-verbose', '-prediction-mode=index', '-interval-list=30m', '-range-min-rsi=28', '-range-max-rsi=80', '-range-p-ema=50,250', '-target-margin-list=1.0,1.5,2.0,2.5,3.0,3.5,4.0,4.5,5.0', '-log-level=WARNING']
2023-11-26 19:35:28;UNIUSDT;30m;5.0;100;32;76;100.0;6;146.48;['-batch-training', '-calc-rsi', '-verbose', '-prediction-mode=index', '-interval-list=30m', '-range-min-rsi=28', '-range-max-rsi=80', '-range-p-ema=50,250', '-target-margin-list=1.0,1.5,2.0,2.5,3.0,3.5,4.0,4.5,5.0', '-log-level=WARNING']
2023-11-26 19:35:59;UNIUSDT;30m;5.0;100;32;80;100.0;4;146.48;['-batch-training', '-calc-rsi', '-verbose', '-prediction-mode=index', '-interval-list=30m', '-range-min-rsi=28', '-range-max-rsi=80', '-range-p-ema=50,250', '-target-margin-list=1.0,1.5,2.0,2.5,3.0,3.5,4.0,4.5,5.0', '-log-level=WARNING']
2023-11-26 19:35:13;UNIUSDT;30m;5.0;100;32;74;100.0;5;146.48;['-batch-training', '-calc-rsi', '-verbose', '-prediction-mode=index', '-interval-list=30m', '-range-min-rsi=28', '-range-max-rsi=80', '-range-p-ema=50,250', '-target-margin-list=1.0,1.5,2.0,2.5,3.0,3.5,4.0,4.5,5.0', '-log-level=WARNING']
2023-11-26 19:35:59;UNIUSDT;30m;5.0;100;32;80;100.0;6;146.48;['-batch-training', '-calc-rsi', '-verbose', '-prediction-mode=index', '-interval-list=30m', '-range-min-rsi=28', '-range-max-rsi=80', '-range-p-ema=50,250', '-target-margin-list=1.0,1.5,2.0,2.5,3.0,3.5,4.0,4.5,5.0', '-log-level=WARNING']
2023-11-26 19:35:13;UNIUSDT;30m;5.0;100;32;74;100.0;7;146.48;['-batch-training', '-calc-rsi', '-verbose', '-prediction-mode=index', '-interval-list=30m', '-range-min-rsi=28', '-range-max-rsi=80', '-range-p-ema=50,250', '-target-margin-list=1.0,1.5,2.0,2.5,3.0,3.5,4.0,4.5,5.0', '-log-level=WARNING']
2023-11-26 19:46:49;UNIUSDT;30m;5.0;125;32;74;100.0;4;146.48;['-batch-training', '-calc-rsi', '-verbose', '-prediction-mode=index', '-interval-list=30m', '-range-min-rsi=28', '-range-max-rsi=80', '-range-p-ema=50,250', '-target-margin-list=1.0,1.5,2.0,2.5,3.0,3.5,4.0,4.5,5.0', '-log-level=WARNING']
2023-11-26 19:35:13;UNIUSDT;30m;5.0;100;32;74;100.0;6;146.48;['-batch-training', '-calc-rsi', '-verbose', '-prediction-mode=index', '-interval-list=30m', '-range-min-rsi=28', '-range-max-rsi=80', '-range-p-ema=50,250', '-target-margin-list=1.0,1.5,2.0,2.5,3.0,3.5,4.0,4.5,5.0', '-log-level=WARNING']
2023-11-26 19:46:49;UNIUSDT;30m;5.0;125;32;74;100.0;7;146.48;['-batch-training', '-calc-rsi', '-verbose', '-prediction-mode=index', '-interval-list=30m', '-range-min-rsi=28', '-range-max-rsi=80', '-range-p-ema=50,250', '-target-margin-list=1.0,1.5,2.0,2.5,3.0,3.5,4.0,4.5,5.0', '-log-level=WARNING']
2023-11-26 19:35:28;UNIUSDT;30m;5.0;100;32;76;100.0;7;146.48;['-batch-training', '-calc-rsi', '-verbose', '-prediction-mode=index', '-interval-list=30m', '-range-min-rsi=28', '-range-max-rsi=80', '-range-p-ema=50,250', '-target-margin-list=1.0,1.5,2.0,2.5,3.0,3.5,4.0,4.5,5.0', '-log-level=WARNING']
2023-11-26 21:16:37;UNIUSDT;30m;5.0;75;32;76;100.0;7;146.48;['-batch-training', '-calc-rsi', '-verbose', '-prediction-mode=index', '-interval-list=30m', '-range-min-rsi=28', '-range-max-rsi=80', '-range-p-ema=50,250', '-target-margin-list=1.0,1.5,2.0,2.5,3.0,3.5,4.0,4.5,5.0', '-log-level=WARNING']
2023-11-26 19:46:49;UNIUSDT;30m;5.0;125;32;74;100.0;6;146.48;['-batch-training', '-calc-rsi', '-verbose', '-prediction-mode=index', '-interval-list=30m', '-range-min-rsi=28', '-range-max-rsi=80', '-range-p-ema=50,250', '-target-margin-list=1.0,1.5,2.0,2.5,3.0,3.5,4.0,4.5,5.0', '-log-level=WARNING']
2023-11-26 19:46:49;UNIUSDT;30m;5.0;125;32;74;100.0;5;146.48;['-batch-training', '-calc-rsi', '-verbose', '-prediction-mode=index', '-interval-list=30m', '-range-min-rsi=28', '-range-max-rsi=80', '-range-p-ema=50,250', '-target-margin-list=1.0,1.5,2.0,2.5,3.0,3.5,4.0,4.5,5.0', '-log-level=WARNING']
2023-11-26 19:35:59;UNIUSDT;30m;5.0;100;32;80;100.0;5;146.48;['-batch-training', '-calc-rsi', '-verbose', '-prediction-mode=index', '-interval-list=30m', '-range-min-rsi=28', '-range-max-rsi=80', '-range-p-ema=50,250', '-target-margin-list=1.0,1.5,2.0,2.5,3.0,3.5,4.0,4.5,5.0', '-log-level=WARNING']
2023-11-26 19:35:28;UNIUSDT;30m;5.0;100;32;76;100.0;4;146.48;['-batch-training', '-calc-rsi', '-verbose', '-prediction-mode=index', '-interval-list=30m', '-range-min-rsi=28', '-range-max-rsi=80', '-range-p-ema=50,250', '-target-margin-list=1.0,1.5,2.0,2.5,3.0,3.5,4.0,4.5,5.0', '-log-level=WARNING']
2023-11-26 20:54:23;UNIUSDT;30m;3.0;50;32;74;100.0;2;146.5;['-batch-training', '-calc-rsi', '-verbose', '-prediction-mode=index', '-interval-list=30m', '-range-min-rsi=28', '-range-max-rsi=80', '-range-p-ema=50,250', '-target-margin-list=1.0,1.5,2.0,2.5,3.0,3.5,4.0,4.5,5.0', '-log-level=WARNING']
2023-11-26 21:09:50;UNIUSDT;30m;3.0;75;32;74;100.0;2;146.5;['-batch-training', '-calc-rsi', '-verbose', '-prediction-mode=index', '-interval-list=30m', '-range-min-rsi=28', '-range-max-rsi=80', '-range-p-ema=50,250', '-target-margin-list=1.0,1.5,2.0,2.5,3.0,3.5,4.0,4.5,5.0', '-log-level=WARNING']
2023-11-26 19:30:14;UNIUSDT;30m;3.0;100;32;74;100.0;2;146.5;['-batch-training', '-calc-rsi', '-verbose', '-prediction-mode=index', '-interval-list=30m', '-range-min-rsi=28', '-range-max-rsi=80', '-range-p-ema=50,250', '-target-margin-list=1.0,1.5,2.0,2.5,3.0,3.5,4.0,4.5,5.0', '-log-level=WARNING']
2023-11-26 19:41:44;UNIUSDT;30m;3.0;125;32;74;100.0;2;146.5;['-batch-training', '-calc-rsi', '-verbose', '-prediction-mode=index', '-interval-list=30m', '-range-min-rsi=28', '-range-max-rsi=80', '-range-p-ema=50,250', '-target-margin-list=1.0,1.5,2.0,2.5,3.0,3.5,4.0,4.5,5.0', '-log-level=WARNING']
2023-11-26 20:06:05;UNIUSDT;30m;4.0;175;36;78;100.0;6;146.57;['-batch-training', '-calc-rsi', '-verbose', '-prediction-mode=index', '-interval-list=30m', '-range-min-rsi=28', '-range-max-rsi=80', '-range-p-ema=50,250', '-target-margin-list=1.0,1.5,2.0,2.5,3.0,3.5,4.0,4.5,5.0', '-log-level=WARNING']
2023-11-26 20:16:53;UNIUSDT;30m;4.0;200;36;74;100.0;5;146.57;['-batch-training', '-calc-rsi', '-verbose', '-prediction-mode=index', '-interval-list=30m', '-range-min-rsi=28', '-range-max-rsi=80', '-range-p-ema=50,250', '-target-margin-list=1.0,1.5,2.0,2.5,3.0,3.5,4.0,4.5,5.0', '-log-level=WARNING']
2023-11-26 20:06:05;UNIUSDT;30m;4.0;175;36;78;100.0;5;146.57;['-batch-training', '-calc-rsi', '-verbose', '-prediction-mode=index', '-interval-list=30m', '-range-min-rsi=28', '-range-max-rsi=80', '-range-p-ema=50,250', '-target-margin-list=1.0,1.5,2.0,2.5,3.0,3.5,4.0,4.5,5.0', '-log-level=WARNING']
2023-11-26 20:06:18;UNIUSDT;30m;4.0;175;36;80;100.0;5;146.57;['-batch-training', '-calc-rsi', '-verbose', '-prediction-mode=index', '-interval-list=30m', '-range-min-rsi=28', '-range-max-rsi=80', '-range-p-ema=50,250', '-target-margin-list=1.0,1.5,2.0,2.5,3.0,3.5,4.0,4.5,5.0', '-log-level=WARNING']
2023-11-26 20:06:05;UNIUSDT;30m;4.0;175;36;78;100.0;7;146.57;['-batch-training', '-calc-rsi', '-verbose', '-prediction-mode=index', '-interval-list=30m', '-range-min-rsi=28', '-range-max-rsi=80', '-range-p-ema=50,250', '-target-margin-list=1.0,1.5,2.0,2.5,3.0,3.5,4.0,4.5,5.0', '-log-level=WARNING']
2023-11-26 20:17:10;UNIUSDT;30m;4.0;200;36;76;100.0;6;146.57;['-batch-training', '-calc-rsi', '-verbose', '-prediction-mode=index', '-interval-list=30m', '-range-min-rsi=28', '-range-max-rsi=80', '-range-p-ema=50,250', '-target-margin-list=1.0,1.5,2.0,2.5,3.0,3.5,4.0,4.5,5.0', '-log-level=WARNING']
2023-11-26 20:17:27;UNIUSDT;30m;4.0;200;36;78;100.0;7;146.57;['-batch-training', '-calc-rsi', '-verbose', '-prediction-mode=index', '-interval-list=30m', '-range-min-rsi=28', '-range-max-rsi=80', '-range-p-ema=50,250', '-target-margin-list=1.0,1.5,2.0,2.5,3.0,3.5,4.0,4.5,5.0', '-log-level=WARNING']
2023-11-26 20:16:53;UNIUSDT;30m;4.0;200;36;74;100.0;6;146.57;['-batch-training', '-calc-rsi', '-verbose', '-prediction-mode=index', '-interval-list=30m', '-range-min-rsi=28', '-range-max-rsi=80', '-range-p-ema=50,250', '-target-margin-list=1.0,1.5,2.0,2.5,3.0,3.5,4.0,4.5,5.0', '-log-level=WARNING']
2023-11-26 20:06:18;UNIUSDT;30m;4.0;175;36;80;100.0;7;146.57;['-batch-training', '-calc-rsi', '-verbose', '-prediction-mode=index', '-interval-list=30m', '-range-min-rsi=28', '-range-max-rsi=80', '-range-p-ema=50,250', '-target-margin-list=1.0,1.5,2.0,2.5,3.0,3.5,4.0,4.5,5.0', '-log-level=WARNING']
2023-11-26 20:06:18;UNIUSDT;30m;4.0;175;36;80;100.0;6;146.57;['-batch-training', '-calc-rsi', '-verbose', '-prediction-mode=index', '-interval-list=30m', '-range-min-rsi=28', '-range-max-rsi=80', '-range-p-ema=50,250', '-target-margin-list=1.0,1.5,2.0,2.5,3.0,3.5,4.0,4.5,5.0', '-log-level=WARNING']
2023-11-26 20:17:43;UNIUSDT;30m;4.0;200;36;80;100.0;7;146.57;['-batch-training', '-calc-rsi', '-verbose', '-prediction-mode=index', '-interval-list=30m', '-range-min-rsi=28', '-range-max-rsi=80', '-range-p-ema=50,250', '-target-margin-list=1.0,1.5,2.0,2.5,3.0,3.5,4.0,4.5,5.0', '-log-level=WARNING']
2023-11-26 20:17:27;UNIUSDT;30m;4.0;200;36;78;100.0;5;146.57;['-batch-training', '-calc-rsi', '-verbose', '-prediction-mode=index', '-interval-list=30m', '-range-min-rsi=28', '-range-max-rsi=80', '-range-p-ema=50,250', '-target-margin-list=1.0,1.5,2.0,2.5,3.0,3.5,4.0,4.5,5.0', '-log-level=WARNING']
2023-11-26 20:17:43;UNIUSDT;30m;4.0;200;36;80;100.0;6;146.57;['-batch-training', '-calc-rsi', '-verbose', '-prediction-mode=index', '-interval-list=30m', '-range-min-rsi=28', '-range-max-rsi=80', '-range-p-ema=50,250', '-target-margin-list=1.0,1.5,2.0,2.5,3.0,3.5,4.0,4.5,5.0', '-log-level=WARNING']
2023-11-26 20:17:10;UNIUSDT;30m;4.0;200;36;76;100.0;5;146.57;['-batch-training', '-calc-rsi', '-verbose', '-prediction-mode=index', '-interval-list=30m', '-range-min-rsi=28', '-range-max-rsi=80', '-range-p-ema=50,250', '-target-margin-list=1.0,1.5,2.0,2.5,3.0,3.5,4.0,4.5,5.0', '-log-level=WARNING']
2023-11-26 20:05:38;UNIUSDT;30m;4.0;175;36;74;100.0;7;146.57;['-batch-training', '-calc-rsi', '-verbose', '-prediction-mode=index', '-interval-list=30m', '-range-min-rsi=28', '-range-max-rsi=80', '-range-p-ema=50,250', '-target-margin-list=1.0,1.5,2.0,2.5,3.0,3.5,4.0,4.5,5.0', '-log-level=WARNING']
2023-11-26 20:17:10;UNIUSDT;30m;4.0;200;36;76;100.0;7;146.57;['-batch-training', '-calc-rsi', '-verbose', '-prediction-mode=index', '-interval-list=30m', '-range-min-rsi=28', '-range-max-rsi=80', '-range-p-ema=50,250', '-target-margin-list=1.0,1.5,2.0,2.5,3.0,3.5,4.0,4.5,5.0', '-log-level=WARNING']
2023-11-26 20:17:42;UNIUSDT;30m;4.0;200;36;80;100.0;5;146.57;['-batch-training', '-calc-rsi', '-verbose', '-prediction-mode=index', '-interval-list=30m', '-range-min-rsi=28', '-range-max-rsi=80', '-range-p-ema=50,250', '-target-margin-list=1.0,1.5,2.0,2.5,3.0,3.5,4.0,4.5,5.0', '-log-level=WARNING']
2023-11-26 20:17:27;UNIUSDT;30m;4.0;200;36;78;100.0;6;146.57;['-batch-training', '-calc-rsi', '-verbose', '-prediction-mode=index', '-interval-list=30m', '-range-min-rsi=28', '-range-max-rsi=80', '-range-p-ema=50,250', '-target-margin-list=1.0,1.5,2.0,2.5,3.0,3.5,4.0,4.5,5.0', '-log-level=WARNING']
2023-11-26 20:05:38;UNIUSDT;30m;4.0;175;36;74;100.0;5;146.57;['-batch-training', '-calc-rsi', '-verbose', '-prediction-mode=index', '-interval-list=30m', '-range-min-rsi=28', '-range-max-rsi=80', '-range-p-ema=50,250', '-target-margin-list=1.0,1.5,2.0,2.5,3.0,3.5,4.0,4.5,5.0', '-log-level=WARNING']
2023-11-26 20:05:51;UNIUSDT;30m;4.0;175;36;76;100.0;5;146.57;['-batch-training', '-calc-rsi', '-verbose', '-prediction-mode=index', '-interval-list=30m', '-range-min-rsi=28', '-range-max-rsi=80', '-range-p-ema=50,250', '-target-margin-list=1.0,1.5,2.0,2.5,3.0,3.5,4.0,4.5,5.0', '-log-level=WARNING']
2023-11-26 20:05:51;UNIUSDT;30m;4.0;175;36;76;100.0;6;146.57;['-batch-training', '-calc-rsi', '-verbose', '-prediction-mode=index', '-interval-list=30m', '-range-min-rsi=28', '-range-max-rsi=80', '-range-p-ema=50,250', '-target-margin-list=1.0,1.5,2.0,2.5,3.0,3.5,4.0,4.5,5.0', '-log-level=WARNING']
2023-11-26 20:05:51;UNIUSDT;30m;4.0;175;36;76;100.0;7;146.57;['-batch-training', '-calc-rsi', '-verbose', '-prediction-mode=index', '-interval-list=30m', '-range-min-rsi=28', '-range-max-rsi=80', '-range-p-ema=50,250', '-target-margin-list=1.0,1.5,2.0,2.5,3.0,3.5,4.0,4.5,5.0', '-log-level=WARNING']
2023-11-26 20:05:39;UNIUSDT;30m;4.0;175;36;74;100.0;6;146.57;['-batch-training', '-calc-rsi', '-verbose', '-prediction-mode=index', '-interval-list=30m', '-range-min-rsi=28', '-range-max-rsi=80', '-range-p-ema=50,250', '-target-margin-list=1.0,1.5,2.0,2.5,3.0,3.5,4.0,4.5,5.0', '-log-level=WARNING']
2023-11-26 20:16:53;UNIUSDT;30m;4.0;200;36;74;100.0;7;146.57;['-batch-training', '-calc-rsi', '-verbose', '-prediction-mode=index', '-interval-list=30m', '-range-min-rsi=28', '-range-max-rsi=80', '-range-p-ema=50,250', '-target-margin-list=1.0,1.5,2.0,2.5,3.0,3.5,4.0,4.5,5.0', '-log-level=WARNING']
2023-11-26 19:49:12;UNIUSDT;30m;1.5;150;34;72;100.0;7;146.59;['-batch-training', '-calc-rsi', '-verbose', '-prediction-mode=index', '-interval-list=30m', '-range-min-rsi=28', '-range-max-rsi=80', '-range-p-ema=50,250', '-target-margin-list=1.0,1.5,2.0,2.5,3.0,3.5,4.0,4.5,5.0', '-log-level=WARNING']
2023-11-26 20:04:16;UNIUSDT;30m;3.5;175;34;72;100.0;3;146.63;['-batch-training', '-calc-rsi', '-verbose', '-prediction-mode=index', '-interval-list=30m', '-range-min-rsi=28', '-range-max-rsi=80', '-range-p-ema=50,250', '-target-margin-list=1.0,1.5,2.0,2.5,3.0,3.5,4.0,4.5,5.0', '-log-level=WARNING']
2023-11-26 20:15:12;UNIUSDT;30m;3.5;200;34;72;100.0;3;146.63;['-batch-training', '-calc-rsi', '-verbose', '-prediction-mode=index', '-interval-list=30m', '-range-min-rsi=28', '-range-max-rsi=80', '-range-p-ema=50,250', '-target-margin-list=1.0,1.5,2.0,2.5,3.0,3.5,4.0,4.5,5.0', '-log-level=WARNING']
2023-11-26 20:06:02;UNIUSDT;30m;4.0;175;34;78;100.0;2;146.66;['-batch-training', '-calc-rsi', '-verbose', '-prediction-mode=index', '-interval-list=30m', '-range-min-rsi=28', '-range-max-rsi=80', '-range-p-ema=50,250', '-target-margin-list=1.0,1.5,2.0,2.5,3.0,3.5,4.0,4.5,5.0', '-log-level=WARNING']
2023-11-26 20:17:23;UNIUSDT;30m;4.0;200;34;78;100.0;2;146.66;['-batch-training', '-calc-rsi', '-verbose', '-prediction-mode=index', '-interval-list=30m', '-range-min-rsi=28', '-range-max-rsi=80', '-range-p-ema=50,250', '-target-margin-list=1.0,1.5,2.0,2.5,3.0,3.5,4.0,4.5,5.0', '-log-level=WARNING']
2023-11-26 20:42:20;UNIUSDT;30m;3.5;250;34;78;100.0;2;146.71;['-batch-training', '-calc-rsi', '-verbose', '-prediction-mode=index', '-interval-list=30m', '-range-min-rsi=28', '-range-max-rsi=80', '-range-p-ema=50,250', '-target-margin-list=1.0,1.5,2.0,2.5,3.0,3.5,4.0,4.5,5.0', '-log-level=WARNING']
2023-11-26 20:26:20;UNIUSDT;30m;3.0;225;28;72;100.0;3;146.73;['-batch-training', '-calc-rsi', '-verbose', '-prediction-mode=index', '-interval-list=30m', '-range-min-rsi=28', '-range-max-rsi=80', '-range-p-ema=50,250', '-target-margin-list=1.0,1.5,2.0,2.5,3.0,3.5,4.0,4.5,5.0', '-log-level=WARNING']
2023-11-26 20:53:55;UNIUSDT;30m;3.0;50;28;72;100.0;3;146.73;['-batch-training', '-calc-rsi', '-verbose', '-prediction-mode=index', '-interval-list=30m', '-range-min-rsi=28', '-range-max-rsi=80', '-range-p-ema=50,250', '-target-margin-list=1.0,1.5,2.0,2.5,3.0,3.5,4.0,4.5,5.0', '-log-level=WARNING']
2023-11-26 19:41:23;UNIUSDT;30m;3.0;125;28;72;100.0;3;146.73;['-batch-training', '-calc-rsi', '-verbose', '-prediction-mode=index', '-interval-list=30m', '-range-min-rsi=28', '-range-max-rsi=80', '-range-p-ema=50,250', '-target-margin-list=1.0,1.5,2.0,2.5,3.0,3.5,4.0,4.5,5.0', '-log-level=WARNING']
2023-11-26 20:13:42;UNIUSDT;30m;3.0;200;28;72;100.0;3;146.73;['-batch-training', '-calc-rsi', '-verbose', '-prediction-mode=index', '-interval-list=30m', '-range-min-rsi=28', '-range-max-rsi=80', '-range-p-ema=50,250', '-target-margin-list=1.0,1.5,2.0,2.5,3.0,3.5,4.0,4.5,5.0', '-log-level=WARNING']
2023-11-26 19:52:51;UNIUSDT;30m;3.0;150;28;72;100.0;3;146.73;['-batch-training', '-calc-rsi', '-verbose', '-prediction-mode=index', '-interval-list=30m', '-range-min-rsi=28', '-range-max-rsi=80', '-range-p-ema=50,250', '-target-margin-list=1.0,1.5,2.0,2.5,3.0,3.5,4.0,4.5,5.0', '-log-level=WARNING']
2023-11-26 20:39:40;UNIUSDT;30m;3.0;250;28;72;100.0;3;146.73;['-batch-training', '-calc-rsi', '-verbose', '-prediction-mode=index', '-interval-list=30m', '-range-min-rsi=28', '-range-max-rsi=80', '-range-p-ema=50,250', '-target-margin-list=1.0,1.5,2.0,2.5,3.0,3.5,4.0,4.5,5.0', '-log-level=WARNING']
2023-11-26 19:29:54;UNIUSDT;30m;3.0;100;28;72;100.0;3;146.73;['-batch-training', '-calc-rsi', '-verbose', '-prediction-mode=index', '-interval-list=30m', '-range-min-rsi=28', '-range-max-rsi=80', '-range-p-ema=50,250', '-target-margin-list=1.0,1.5,2.0,2.5,3.0,3.5,4.0,4.5,5.0', '-log-level=WARNING']
2023-11-26 21:09:21;UNIUSDT;30m;3.0;75;28;72;100.0;3;146.73;['-batch-training', '-calc-rsi', '-verbose', '-prediction-mode=index', '-interval-list=30m', '-range-min-rsi=28', '-range-max-rsi=80', '-range-p-ema=50,250', '-target-margin-list=1.0,1.5,2.0,2.5,3.0,3.5,4.0,4.5,5.0', '-log-level=WARNING']
2023-11-26 20:03:03;UNIUSDT;30m;3.0;175;28;72;100.0;3;146.73;['-batch-training', '-calc-rsi', '-verbose', '-prediction-mode=index', '-interval-list=30m', '-range-min-rsi=28', '-range-max-rsi=80', '-range-p-ema=50,250', '-target-margin-list=1.0,1.5,2.0,2.5,3.0,3.5,4.0,4.5,5.0', '-log-level=WARNING']
2023-11-26 19:42:02;UNIUSDT;30m;3.0;125;34;76;100.0;3;146.76;['-batch-training', '-calc-rsi', '-verbose', '-prediction-mode=index', '-interval-list=30m', '-range-min-rsi=28', '-range-max-rsi=80', '-range-p-ema=50,250', '-target-margin-list=1.0,1.5,2.0,2.5,3.0,3.5,4.0,4.5,5.0', '-log-level=WARNING']
2023-11-26 20:54:45;UNIUSDT;30m;3.0;50;34;76;100.0;3;146.76;['-batch-training', '-calc-rsi', '-verbose', '-prediction-mode=index', '-interval-list=30m', '-range-min-rsi=28', '-range-max-rsi=80', '-range-p-ema=50,250', '-target-margin-list=1.0,1.5,2.0,2.5,3.0,3.5,4.0,4.5,5.0', '-log-level=WARNING']
2023-11-26 19:30:32;UNIUSDT;30m;3.0;100;34;76;100.0;3;146.76;['-batch-training', '-calc-rsi', '-verbose', '-prediction-mode=index', '-interval-list=30m', '-range-min-rsi=28', '-range-max-rsi=80', '-range-p-ema=50,250', '-target-margin-list=1.0,1.5,2.0,2.5,3.0,3.5,4.0,4.5,5.0', '-log-level=WARNING']
2023-11-26 21:10:16;UNIUSDT;30m;3.0;75;34;76;100.0;3;146.76;['-batch-training', '-calc-rsi', '-verbose', '-prediction-mode=index', '-interval-list=30m', '-range-min-rsi=28', '-range-max-rsi=80', '-range-p-ema=50,250', '-target-margin-list=1.0,1.5,2.0,2.5,3.0,3.5,4.0,4.5,5.0', '-log-level=WARNING']
2023-11-26 20:41:25;UNIUSDT;30m;3.5;250;34;72;100.0;3;146.77;['-batch-training', '-calc-rsi', '-verbose', '-prediction-mode=index', '-interval-list=30m', '-range-min-rsi=28', '-range-max-rsi=80', '-range-p-ema=50,250', '-target-margin-list=1.0,1.5,2.0,2.5,3.0,3.5,4.0,4.5,5.0', '-log-level=WARNING']
2023-11-26 20:50:49;UNIUSDT;30m;2.0;50;34;72;100.0;6;146.77;['-batch-training', '-calc-rsi', '-verbose', '-prediction-mode=index', '-interval-list=30m', '-range-min-rsi=28', '-range-max-rsi=80', '-range-p-ema=50,250', '-target-margin-list=1.0,1.5,2.0,2.5,3.0,3.5,4.0,4.5,5.0', '-log-level=WARNING']
2023-11-26 19:38:57;UNIUSDT;30m;2.0;125;34;72;100.0;6;146.77;['-batch-training', '-calc-rsi', '-verbose', '-prediction-mode=index', '-interval-list=30m', '-range-min-rsi=28', '-range-max-rsi=80', '-range-p-ema=50,250', '-target-margin-list=1.0,1.5,2.0,2.5,3.0,3.5,4.0,4.5,5.0', '-log-level=WARNING']
2023-11-26 21:05:58;UNIUSDT;30m;2.0;75;34;72;100.0;6;146.77;['-batch-training', '-calc-rsi', '-verbose', '-prediction-mode=index', '-interval-list=30m', '-range-min-rsi=28', '-range-max-rsi=80', '-range-p-ema=50,250', '-target-margin-list=1.0,1.5,2.0,2.5,3.0,3.5,4.0,4.5,5.0', '-log-level=WARNING']
2023-11-26 19:27:28;UNIUSDT;30m;2.0;100;34;72;100.0;6;146.77;['-batch-training', '-calc-rsi', '-verbose', '-prediction-mode=index', '-interval-list=30m', '-range-min-rsi=28', '-range-max-rsi=80', '-range-p-ema=50,250', '-target-margin-list=1.0,1.5,2.0,2.5,3.0,3.5,4.0,4.5,5.0', '-log-level=WARNING']
2023-11-26 20:56:28;UNIUSDT;30m;3.5;50;36;76;100.0;2;146.82;['-batch-training', '-calc-rsi', '-verbose', '-prediction-mode=index', '-interval-list=30m', '-range-min-rsi=28', '-range-max-rsi=80', '-range-p-ema=50,250', '-target-margin-list=1.0,1.5,2.0,2.5,3.0,3.5,4.0,4.5,5.0', '-log-level=WARNING']
2023-11-26 19:31:51;UNIUSDT;30m;3.5;100;36;76;100.0;2;146.82;['-batch-training', '-calc-rsi', '-verbose', '-prediction-mode=index', '-interval-list=30m', '-range-min-rsi=28', '-range-max-rsi=80', '-range-p-ema=50,250', '-target-margin-list=1.0,1.5,2.0,2.5,3.0,3.5,4.0,4.5,5.0', '-log-level=WARNING']
2023-11-26 19:43:21;UNIUSDT;30m;3.5;125;36;76;100.0;2;146.82;['-batch-training', '-calc-rsi', '-verbose', '-prediction-mode=index', '-interval-list=30m', '-range-min-rsi=28', '-range-max-rsi=80', '-range-p-ema=50,250', '-target-margin-list=1.0,1.5,2.0,2.5,3.0,3.5,4.0,4.5,5.0', '-log-level=WARNING']
2023-11-26 21:12:08;UNIUSDT;30m;3.5;75;36;76;100.0;2;146.82;['-batch-training', '-calc-rsi', '-verbose', '-prediction-mode=index', '-interval-list=30m', '-range-min-rsi=28', '-range-max-rsi=80', '-range-p-ema=50,250', '-target-margin-list=1.0,1.5,2.0,2.5,3.0,3.5,4.0,4.5,5.0', '-log-level=WARNING']
2023-11-26 20:06:16;UNIUSDT;30m;4.0;175;34;80;100.0;7;146.98;['-batch-training', '-calc-rsi', '-verbose', '-prediction-mode=index', '-interval-list=30m', '-range-min-rsi=28', '-range-max-rsi=80', '-range-p-ema=50,250', '-target-margin-list=1.0,1.5,2.0,2.5,3.0,3.5,4.0,4.5,5.0', '-log-level=WARNING']
2023-11-26 20:05:49;UNIUSDT;30m;4.0;175;34;76;100.0;5;146.98;['-batch-training', '-calc-rsi', '-verbose', '-prediction-mode=index', '-interval-list=30m', '-range-min-rsi=28', '-range-max-rsi=80', '-range-p-ema=50,250', '-target-margin-list=1.0,1.5,2.0,2.5,3.0,3.5,4.0,4.5,5.0', '-log-level=WARNING']
2023-11-26 20:17:23;UNIUSDT;30m;4.0;200;34;78;100.0;6;146.98;['-batch-training', '-calc-rsi', '-verbose', '-prediction-mode=index', '-interval-list=30m', '-range-min-rsi=28', '-range-max-rsi=80', '-range-p-ema=50,250', '-target-margin-list=1.0,1.5,2.0,2.5,3.0,3.5,4.0,4.5,5.0', '-log-level=WARNING']
2023-11-26 20:05:49;UNIUSDT;30m;4.0;175;34;76;100.0;6;146.98;['-batch-training', '-calc-rsi', '-verbose', '-prediction-mode=index', '-interval-list=30m', '-range-min-rsi=28', '-range-max-rsi=80', '-range-p-ema=50,250', '-target-margin-list=1.0,1.5,2.0,2.5,3.0,3.5,4.0,4.5,5.0', '-log-level=WARNING']
2023-11-26 20:05:36;UNIUSDT;30m;4.0;175;34;74;100.0;7;146.98;['-batch-training', '-calc-rsi', '-verbose', '-prediction-mode=index', '-interval-list=30m', '-range-min-rsi=28', '-range-max-rsi=80', '-range-p-ema=50,250', '-target-margin-list=1.0,1.5,2.0,2.5,3.0,3.5,4.0,4.5,5.0', '-log-level=WARNING']
2023-11-26 20:17:07;UNIUSDT;30m;4.0;200;34;76;100.0;5;146.98;['-batch-training', '-calc-rsi', '-verbose', '-prediction-mode=index', '-interval-list=30m', '-range-min-rsi=28', '-range-max-rsi=80', '-range-p-ema=50,250', '-target-margin-list=1.0,1.5,2.0,2.5,3.0,3.5,4.0,4.5,5.0', '-log-level=WARNING']
2023-11-26 20:05:36;UNIUSDT;30m;4.0;175;34;74;100.0;5;146.98;['-batch-training', '-calc-rsi', '-verbose', '-prediction-mode=index', '-interval-list=30m', '-range-min-rsi=28', '-range-max-rsi=80', '-range-p-ema=50,250', '-target-margin-list=1.0,1.5,2.0,2.5,3.0,3.5,4.0,4.5,5.0', '-log-level=WARNING']
2023-11-26 20:17:07;UNIUSDT;30m;4.0;200;34;76;100.0;6;146.98;['-batch-training', '-calc-rsi', '-verbose', '-prediction-mode=index', '-interval-list=30m', '-range-min-rsi=28', '-range-max-rsi=80', '-range-p-ema=50,250', '-target-margin-list=1.0,1.5,2.0,2.5,3.0,3.5,4.0,4.5,5.0', '-log-level=WARNING']
2023-11-26 20:16:50;UNIUSDT;30m;4.0;200;34;74;100.0;5;146.98;['-batch-training', '-calc-rsi', '-verbose', '-prediction-mode=index', '-interval-list=30m', '-range-min-rsi=28', '-range-max-rsi=80', '-range-p-ema=50,250', '-target-margin-list=1.0,1.5,2.0,2.5,3.0,3.5,4.0,4.5,5.0', '-log-level=WARNING']
2023-11-26 20:16:50;UNIUSDT;30m;4.0;200;34;74;100.0;6;146.98;['-batch-training', '-calc-rsi', '-verbose', '-prediction-mode=index', '-interval-list=30m', '-range-min-rsi=28', '-range-max-rsi=80', '-range-p-ema=50,250', '-target-margin-list=1.0,1.5,2.0,2.5,3.0,3.5,4.0,4.5,5.0', '-log-level=WARNING']
2023-11-26 20:06:02;UNIUSDT;30m;4.0;175;34;78;100.0;5;146.98;['-batch-training', '-calc-rsi', '-verbose', '-prediction-mode=index', '-interval-list=30m', '-range-min-rsi=28', '-range-max-rsi=80', '-range-p-ema=50,250', '-target-margin-list=1.0,1.5,2.0,2.5,3.0,3.5,4.0,4.5,5.0', '-log-level=WARNING']
2023-11-26 20:06:16;UNIUSDT;30m;4.0;175;34;80;100.0;5;146.98;['-batch-training', '-calc-rsi', '-verbose', '-prediction-mode=index', '-interval-list=30m', '-range-min-rsi=28', '-range-max-rsi=80', '-range-p-ema=50,250', '-target-margin-list=1.0,1.5,2.0,2.5,3.0,3.5,4.0,4.5,5.0', '-log-level=WARNING']
2023-11-26 20:17:39;UNIUSDT;30m;4.0;200;34;80;100.0;6;146.98;['-batch-training', '-calc-rsi', '-verbose', '-prediction-mode=index', '-interval-list=30m', '-range-min-rsi=28', '-range-max-rsi=80', '-range-p-ema=50,250', '-target-margin-list=1.0,1.5,2.0,2.5,3.0,3.5,4.0,4.5,5.0', '-log-level=WARNING']
2023-11-26 20:06:16;UNIUSDT;30m;4.0;175;34;80;100.0;6;146.98;['-batch-training', '-calc-rsi', '-verbose', '-prediction-mode=index', '-interval-list=30m', '-range-min-rsi=28', '-range-max-rsi=80', '-range-p-ema=50,250', '-target-margin-list=1.0,1.5,2.0,2.5,3.0,3.5,4.0,4.5,5.0', '-log-level=WARNING']
2023-11-26 20:17:39;UNIUSDT;30m;4.0;200;34;80;100.0;5;146.98;['-batch-training', '-calc-rsi', '-verbose', '-prediction-mode=index', '-interval-list=30m', '-range-min-rsi=28', '-range-max-rsi=80', '-range-p-ema=50,250', '-target-margin-list=1.0,1.5,2.0,2.5,3.0,3.5,4.0,4.5,5.0', '-log-level=WARNING']
2023-11-26 20:17:23;UNIUSDT;30m;4.0;200;34;78;100.0;7;146.98;['-batch-training', '-calc-rsi', '-verbose', '-prediction-mode=index', '-interval-list=30m', '-range-min-rsi=28', '-range-max-rsi=80', '-range-p-ema=50,250', '-target-margin-list=1.0,1.5,2.0,2.5,3.0,3.5,4.0,4.5,5.0', '-log-level=WARNING']
2023-11-26 20:17:07;UNIUSDT;30m;4.0;200;34;76;100.0;7;146.98;['-batch-training', '-calc-rsi', '-verbose', '-prediction-mode=index', '-interval-list=30m', '-range-min-rsi=28', '-range-max-rsi=80', '-range-p-ema=50,250', '-target-margin-list=1.0,1.5,2.0,2.5,3.0,3.5,4.0,4.5,5.0', '-log-level=WARNING']
2023-11-26 20:16:50;UNIUSDT;30m;4.0;200;34;74;100.0;7;146.98;['-batch-training', '-calc-rsi', '-verbose', '-prediction-mode=index', '-interval-list=30m', '-range-min-rsi=28', '-range-max-rsi=80', '-range-p-ema=50,250', '-target-margin-list=1.0,1.5,2.0,2.5,3.0,3.5,4.0,4.5,5.0', '-log-level=WARNING']
2023-11-26 20:17:40;UNIUSDT;30m;4.0;200;34;80;100.0;7;146.98;['-batch-training', '-calc-rsi', '-verbose', '-prediction-mode=index', '-interval-list=30m', '-range-min-rsi=28', '-range-max-rsi=80', '-range-p-ema=50,250', '-target-margin-list=1.0,1.5,2.0,2.5,3.0,3.5,4.0,4.5,5.0', '-log-level=WARNING']
2023-11-26 20:05:36;UNIUSDT;30m;4.0;175;34;74;100.0;6;146.98;['-batch-training', '-calc-rsi', '-verbose', '-prediction-mode=index', '-interval-list=30m', '-range-min-rsi=28', '-range-max-rsi=80', '-range-p-ema=50,250', '-target-margin-list=1.0,1.5,2.0,2.5,3.0,3.5,4.0,4.5,5.0', '-log-level=WARNING']
2023-11-26 20:06:02;UNIUSDT;30m;4.0;175;34;78;100.0;7;146.98;['-batch-training', '-calc-rsi', '-verbose', '-prediction-mode=index', '-interval-list=30m', '-range-min-rsi=28', '-range-max-rsi=80', '-range-p-ema=50,250', '-target-margin-list=1.0,1.5,2.0,2.5,3.0,3.5,4.0,4.5,5.0', '-log-level=WARNING']
2023-11-26 20:06:02;UNIUSDT;30m;4.0;175;34;78;100.0;6;146.98;['-batch-training', '-calc-rsi', '-verbose', '-prediction-mode=index', '-interval-list=30m', '-range-min-rsi=28', '-range-max-rsi=80', '-range-p-ema=50,250', '-target-margin-list=1.0,1.5,2.0,2.5,3.0,3.5,4.0,4.5,5.0', '-log-level=WARNING']
2023-11-26 20:17:23;UNIUSDT;30m;4.0;200;34;78;100.0;5;146.98;['-batch-training', '-calc-rsi', '-verbose', '-prediction-mode=index', '-interval-list=30m', '-range-min-rsi=28', '-range-max-rsi=80', '-range-p-ema=50,250', '-target-margin-list=1.0,1.5,2.0,2.5,3.0,3.5,4.0,4.5,5.0', '-log-level=WARNING']
2023-11-26 20:05:49;UNIUSDT;30m;4.0;175;34;76;100.0;7;146.98;['-batch-training', '-calc-rsi', '-verbose', '-prediction-mode=index', '-interval-list=30m', '-range-min-rsi=28', '-range-max-rsi=80', '-range-p-ema=50,250', '-target-margin-list=1.0,1.5,2.0,2.5,3.0,3.5,4.0,4.5,5.0', '-log-level=WARNING']
2023-11-26 19:57:19;UNIUSDT;30m;4.5;150;34;80;100.0;4;147.17;['-batch-training', '-calc-rsi', '-verbose', '-prediction-mode=index', '-interval-list=30m', '-range-min-rsi=28', '-range-max-rsi=80', '-range-p-ema=50,250', '-target-margin-list=1.0,1.5,2.0,2.5,3.0,3.5,4.0,4.5,5.0', '-log-level=WARNING']
2023-11-26 19:57:19;UNIUSDT;30m;4.5;150;34;80;100.0;7;147.17;['-batch-training', '-calc-rsi', '-verbose', '-prediction-mode=index', '-interval-list=30m', '-range-min-rsi=28', '-range-max-rsi=80', '-range-p-ema=50,250', '-target-margin-list=1.0,1.5,2.0,2.5,3.0,3.5,4.0,4.5,5.0', '-log-level=WARNING']
2023-11-26 19:57:19;UNIUSDT;30m;4.5;150;34;80;100.0;6;147.17;['-batch-training', '-calc-rsi', '-verbose', '-prediction-mode=index', '-interval-list=30m', '-range-min-rsi=28', '-range-max-rsi=80', '-range-p-ema=50,250', '-target-margin-list=1.0,1.5,2.0,2.5,3.0,3.5,4.0,4.5,5.0', '-log-level=WARNING']
2023-11-26 19:57:19;UNIUSDT;30m;4.5;150;34;80;100.0;5;147.17;['-batch-training', '-calc-rsi', '-verbose', '-prediction-mode=index', '-interval-list=30m', '-range-min-rsi=28', '-range-max-rsi=80', '-range-p-ema=50,250', '-target-margin-list=1.0,1.5,2.0,2.5,3.0,3.5,4.0,4.5,5.0', '-log-level=WARNING']
2023-11-26 19:57:05;UNIUSDT;30m;4.5;150;34;78;100.0;4;147.17;['-batch-training', '-calc-rsi', '-verbose', '-prediction-mode=index', '-interval-list=30m', '-range-min-rsi=28', '-range-max-rsi=80', '-range-p-ema=50,250', '-target-margin-list=1.0,1.5,2.0,2.5,3.0,3.5,4.0,4.5,5.0', '-log-level=WARNING']
2023-11-26 19:57:05;UNIUSDT;30m;4.5;150;34;78;100.0;5;147.17;['-batch-training', '-calc-rsi', '-verbose', '-prediction-mode=index', '-interval-list=30m', '-range-min-rsi=28', '-range-max-rsi=80', '-range-p-ema=50,250', '-target-margin-list=1.0,1.5,2.0,2.5,3.0,3.5,4.0,4.5,5.0', '-log-level=WARNING']
2023-11-26 19:56:38;UNIUSDT;30m;4.5;150;34;74;100.0;4;147.17;['-batch-training', '-calc-rsi', '-verbose', '-prediction-mode=index', '-interval-list=30m', '-range-min-rsi=28', '-range-max-rsi=80', '-range-p-ema=50,250', '-target-margin-list=1.0,1.5,2.0,2.5,3.0,3.5,4.0,4.5,5.0', '-log-level=WARNING']
2023-11-26 19:56:38;UNIUSDT;30m;4.5;150;34;74;100.0;6;147.17;['-batch-training', '-calc-rsi', '-verbose', '-prediction-mode=index', '-interval-list=30m', '-range-min-rsi=28', '-range-max-rsi=80', '-range-p-ema=50,250', '-target-margin-list=1.0,1.5,2.0,2.5,3.0,3.5,4.0,4.5,5.0', '-log-level=WARNING']
2023-11-26 19:56:38;UNIUSDT;30m;4.5;150;34;74;100.0;7;147.17;['-batch-training', '-calc-rsi', '-verbose', '-prediction-mode=index', '-interval-list=30m', '-range-min-rsi=28', '-range-max-rsi=80', '-range-p-ema=50,250', '-target-margin-list=1.0,1.5,2.0,2.5,3.0,3.5,4.0,4.5,5.0', '-log-level=WARNING']
2023-11-26 19:56:38;UNIUSDT;30m;4.5;150;34;74;100.0;5;147.17;['-batch-training', '-calc-rsi', '-verbose', '-prediction-mode=index', '-interval-list=30m', '-range-min-rsi=28', '-range-max-rsi=80', '-range-p-ema=50,250', '-target-margin-list=1.0,1.5,2.0,2.5,3.0,3.5,4.0,4.5,5.0', '-log-level=WARNING']
2023-11-26 19:57:05;UNIUSDT;30m;4.5;150;34;78;100.0;6;147.17;['-batch-training', '-calc-rsi', '-verbose', '-prediction-mode=index', '-interval-list=30m', '-range-min-rsi=28', '-range-max-rsi=80', '-range-p-ema=50,250', '-target-margin-list=1.0,1.5,2.0,2.5,3.0,3.5,4.0,4.5,5.0', '-log-level=WARNING']
2023-11-26 19:56:52;UNIUSDT;30m;4.5;150;34;76;100.0;6;147.17;['-batch-training', '-calc-rsi', '-verbose', '-prediction-mode=index', '-interval-list=30m', '-range-min-rsi=28', '-range-max-rsi=80', '-range-p-ema=50,250', '-target-margin-list=1.0,1.5,2.0,2.5,3.0,3.5,4.0,4.5,5.0', '-log-level=WARNING']
2023-11-26 19:56:52;UNIUSDT;30m;4.5;150;34;76;100.0;5;147.17;['-batch-training', '-calc-rsi', '-verbose', '-prediction-mode=index', '-interval-list=30m', '-range-min-rsi=28', '-range-max-rsi=80', '-range-p-ema=50,250', '-target-margin-list=1.0,1.5,2.0,2.5,3.0,3.5,4.0,4.5,5.0', '-log-level=WARNING']
2023-11-26 19:56:52;UNIUSDT;30m;4.5;150;34;76;100.0;4;147.17;['-batch-training', '-calc-rsi', '-verbose', '-prediction-mode=index', '-interval-list=30m', '-range-min-rsi=28', '-range-max-rsi=80', '-range-p-ema=50,250', '-target-margin-list=1.0,1.5,2.0,2.5,3.0,3.5,4.0,4.5,5.0', '-log-level=WARNING']
2023-11-26 19:57:05;UNIUSDT;30m;4.5;150;34;78;100.0;7;147.17;['-batch-training', '-calc-rsi', '-verbose', '-prediction-mode=index', '-interval-list=30m', '-range-min-rsi=28', '-range-max-rsi=80', '-range-p-ema=50,250', '-target-margin-list=1.0,1.5,2.0,2.5,3.0,3.5,4.0,4.5,5.0', '-log-level=WARNING']
2023-11-26 19:56:52;UNIUSDT;30m;4.5;150;34;76;100.0;7;147.17;['-batch-training', '-calc-rsi', '-verbose', '-prediction-mode=index', '-interval-list=30m', '-range-min-rsi=28', '-range-max-rsi=80', '-range-p-ema=50,250', '-target-margin-list=1.0,1.5,2.0,2.5,3.0,3.5,4.0,4.5,5.0', '-log-level=WARNING']
2023-11-26 20:04:56;UNIUSDT;30m;3.5;175;34;78;100.0;2;147.22;['-batch-training', '-calc-rsi', '-verbose', '-prediction-mode=index', '-interval-list=30m', '-range-min-rsi=28', '-range-max-rsi=80', '-range-p-ema=50,250', '-target-margin-list=1.0,1.5,2.0,2.5,3.0,3.5,4.0,4.5,5.0', '-log-level=WARNING']
2023-11-26 20:16:01;UNIUSDT;30m;3.5;200;34;78;100.0;2;147.22;['-batch-training', '-calc-rsi', '-verbose', '-prediction-mode=index', '-interval-list=30m', '-range-min-rsi=28', '-range-max-rsi=80', '-range-p-ema=50,250', '-target-margin-list=1.0,1.5,2.0,2.5,3.0,3.5,4.0,4.5,5.0', '-log-level=WARNING']
2023-11-26 20:02:20;UNIUSDT;30m;2.5;175;36;74;100.0;3;147.31;['-batch-training', '-calc-rsi', '-verbose', '-prediction-mode=index', '-interval-list=30m', '-range-min-rsi=28', '-range-max-rsi=80', '-range-p-ema=50,250', '-target-margin-list=1.0,1.5,2.0,2.5,3.0,3.5,4.0,4.5,5.0', '-log-level=WARNING']
2023-11-26 20:27:58;UNIUSDT;30m;3.5;225;34;72;100.0;3;147.33;['-batch-training', '-calc-rsi', '-verbose', '-prediction-mode=index', '-interval-list=30m', '-range-min-rsi=28', '-range-max-rsi=80', '-range-p-ema=50,250', '-target-margin-list=1.0,1.5,2.0,2.5,3.0,3.5,4.0,4.5,5.0', '-log-level=WARNING']
2023-11-26 20:04:56;UNIUSDT;30m;3.5;175;34;78;100.0;6;147.35;['-batch-training', '-calc-rsi', '-verbose', '-prediction-mode=index', '-interval-list=30m', '-range-min-rsi=28', '-range-max-rsi=80', '-range-p-ema=50,250', '-target-margin-list=1.0,1.5,2.0,2.5,3.0,3.5,4.0,4.5,5.0', '-log-level=WARNING']
2023-11-26 20:04:56;UNIUSDT;30m;3.5;175;34;78;100.0;7;147.35;['-batch-training', '-calc-rsi', '-verbose', '-prediction-mode=index', '-interval-list=30m', '-range-min-rsi=28', '-range-max-rsi=80', '-range-p-ema=50,250', '-target-margin-list=1.0,1.5,2.0,2.5,3.0,3.5,4.0,4.5,5.0', '-log-level=WARNING']
2023-11-26 20:04:43;UNIUSDT;30m;3.5;175;34;76;100.0;6;147.35;['-batch-training', '-calc-rsi', '-verbose', '-prediction-mode=index', '-interval-list=30m', '-range-min-rsi=28', '-range-max-rsi=80', '-range-p-ema=50,250', '-target-margin-list=1.0,1.5,2.0,2.5,3.0,3.5,4.0,4.5,5.0', '-log-level=WARNING']
2023-11-26 20:04:43;UNIUSDT;30m;3.5;175;34;76;100.0;5;147.35;['-batch-training', '-calc-rsi', '-verbose', '-prediction-mode=index', '-interval-list=30m', '-range-min-rsi=28', '-range-max-rsi=80', '-range-p-ema=50,250', '-target-margin-list=1.0,1.5,2.0,2.5,3.0,3.5,4.0,4.5,5.0', '-log-level=WARNING']
2023-11-26 20:04:56;UNIUSDT;30m;3.5;175;34;78;100.0;5;147.35;['-batch-training', '-calc-rsi', '-verbose', '-prediction-mode=index', '-interval-list=30m', '-range-min-rsi=28', '-range-max-rsi=80', '-range-p-ema=50,250', '-target-margin-list=1.0,1.5,2.0,2.5,3.0,3.5,4.0,4.5,5.0', '-log-level=WARNING']
2023-11-26 20:14:23;UNIUSDT;30m;3.0;200;34;76;100.0;2;147.35;['-batch-training', '-calc-rsi', '-verbose', '-prediction-mode=index', '-interval-list=30m', '-range-min-rsi=28', '-range-max-rsi=80', '-range-p-ema=50,250', '-target-margin-list=1.0,1.5,2.0,2.5,3.0,3.5,4.0,4.5,5.0', '-log-level=WARNING']
2023-11-26 20:04:29;UNIUSDT;30m;3.5;175;34;74;100.0;6;147.35;['-batch-training', '-calc-rsi', '-verbose', '-prediction-mode=index', '-interval-list=30m', '-range-min-rsi=28', '-range-max-rsi=80', '-range-p-ema=50,250', '-target-margin-list=1.0,1.5,2.0,2.5,3.0,3.5,4.0,4.5,5.0', '-log-level=WARNING']
2023-11-26 20:15:45;UNIUSDT;30m;3.5;200;34;76;100.0;7;147.35;['-batch-training', '-calc-rsi', '-verbose', '-prediction-mode=index', '-interval-list=30m', '-range-min-rsi=28', '-range-max-rsi=80', '-range-p-ema=50,250', '-target-margin-list=1.0,1.5,2.0,2.5,3.0,3.5,4.0,4.5,5.0', '-log-level=WARNING']
2023-11-26 20:15:45;UNIUSDT;30m;3.5;200;34;76;100.0;6;147.35;['-batch-training', '-calc-rsi', '-verbose', '-prediction-mode=index', '-interval-list=30m', '-range-min-rsi=28', '-range-max-rsi=80', '-range-p-ema=50,250', '-target-margin-list=1.0,1.5,2.0,2.5,3.0,3.5,4.0,4.5,5.0', '-log-level=WARNING']
2023-11-26 20:15:45;UNIUSDT;30m;3.5;200;34;76;100.0;5;147.35;['-batch-training', '-calc-rsi', '-verbose', '-prediction-mode=index', '-interval-list=30m', '-range-min-rsi=28', '-range-max-rsi=80', '-range-p-ema=50,250', '-target-margin-list=1.0,1.5,2.0,2.5,3.0,3.5,4.0,4.5,5.0', '-log-level=WARNING']
2023-11-26 20:16:01;UNIUSDT;30m;3.5;200;34;78;100.0;5;147.35;['-batch-training', '-calc-rsi', '-verbose', '-prediction-mode=index', '-interval-list=30m', '-range-min-rsi=28', '-range-max-rsi=80', '-range-p-ema=50,250', '-target-margin-list=1.0,1.5,2.0,2.5,3.0,3.5,4.0,4.5,5.0', '-log-level=WARNING']
2023-11-26 20:16:01;UNIUSDT;30m;3.5;200;34;78;100.0;7;147.35;['-batch-training', '-calc-rsi', '-verbose', '-prediction-mode=index', '-interval-list=30m', '-range-min-rsi=28', '-range-max-rsi=80', '-range-p-ema=50,250', '-target-margin-list=1.0,1.5,2.0,2.5,3.0,3.5,4.0,4.5,5.0', '-log-level=WARNING']
2023-11-26 20:16:01;UNIUSDT;30m;3.5;200;34;78;100.0;6;147.35;['-batch-training', '-calc-rsi', '-verbose', '-prediction-mode=index', '-interval-list=30m', '-range-min-rsi=28', '-range-max-rsi=80', '-range-p-ema=50,250', '-target-margin-list=1.0,1.5,2.0,2.5,3.0,3.5,4.0,4.5,5.0', '-log-level=WARNING']
2023-11-26 20:15:28;UNIUSDT;30m;3.5;200;34;74;100.0;7;147.35;['-batch-training', '-calc-rsi', '-verbose', '-prediction-mode=index', '-interval-list=30m', '-range-min-rsi=28', '-range-max-rsi=80', '-range-p-ema=50,250', '-target-margin-list=1.0,1.5,2.0,2.5,3.0,3.5,4.0,4.5,5.0', '-log-level=WARNING']
2023-11-26 20:15:28;UNIUSDT;30m;3.5;200;34;74;100.0;5;147.35;['-batch-training', '-calc-rsi', '-verbose', '-prediction-mode=index', '-interval-list=30m', '-range-min-rsi=28', '-range-max-rsi=80', '-range-p-ema=50,250', '-target-margin-list=1.0,1.5,2.0,2.5,3.0,3.5,4.0,4.5,5.0', '-log-level=WARNING']
2023-11-26 20:03:37;UNIUSDT;30m;3.0;175;34;76;100.0;2;147.35;['-batch-training', '-calc-rsi', '-verbose', '-prediction-mode=index', '-interval-list=30m', '-range-min-rsi=28', '-range-max-rsi=80', '-range-p-ema=50,250', '-target-margin-list=1.0,1.5,2.0,2.5,3.0,3.5,4.0,4.5,5.0', '-log-level=WARNING']
2023-11-26 20:04:29;UNIUSDT;30m;3.5;175;34;74;100.0;5;147.35;['-batch-training', '-calc-rsi', '-verbose', '-prediction-mode=index', '-interval-list=30m', '-range-min-rsi=28', '-range-max-rsi=80', '-range-p-ema=50,250', '-target-margin-list=1.0,1.5,2.0,2.5,3.0,3.5,4.0,4.5,5.0', '-log-level=WARNING']
2023-11-26 20:04:29;UNIUSDT;30m;3.5;175;34;74;100.0;7;147.35;['-batch-training', '-calc-rsi', '-verbose', '-prediction-mode=index', '-interval-list=30m', '-range-min-rsi=28', '-range-max-rsi=80', '-range-p-ema=50,250', '-target-margin-list=1.0,1.5,2.0,2.5,3.0,3.5,4.0,4.5,5.0', '-log-level=WARNING']
2023-11-26 20:15:29;UNIUSDT;30m;3.5;200;34;74;100.0;6;147.35;['-batch-training', '-calc-rsi', '-verbose', '-prediction-mode=index', '-interval-list=30m', '-range-min-rsi=28', '-range-max-rsi=80', '-range-p-ema=50,250', '-target-margin-list=1.0,1.5,2.0,2.5,3.0,3.5,4.0,4.5,5.0', '-log-level=WARNING']
2023-11-26 20:04:43;UNIUSDT;30m;3.5;175;34;76;100.0;7;147.35;['-batch-training', '-calc-rsi', '-verbose', '-prediction-mode=index', '-interval-list=30m', '-range-min-rsi=28', '-range-max-rsi=80', '-range-p-ema=50,250', '-target-margin-list=1.0,1.5,2.0,2.5,3.0,3.5,4.0,4.5,5.0', '-log-level=WARNING']
2023-11-26 20:09:50;UNIUSDT;30m;1.5;200;32;72;100.0;6;147.41;['-batch-training', '-calc-rsi', '-verbose', '-prediction-mode=index', '-interval-list=30m', '-range-min-rsi=28', '-range-max-rsi=80', '-range-p-ema=50,250', '-target-margin-list=1.0,1.5,2.0,2.5,3.0,3.5,4.0,4.5,5.0', '-log-level=WARNING']
2023-11-26 20:22:08;UNIUSDT;30m;1.5;225;32;72;100.0;6;147.41;['-batch-training', '-calc-rsi', '-verbose', '-prediction-mode=index', '-interval-list=30m', '-range-min-rsi=28', '-range-max-rsi=80', '-range-p-ema=50,250', '-target-margin-list=1.0,1.5,2.0,2.5,3.0,3.5,4.0,4.5,5.0', '-log-level=WARNING']
2023-11-26 19:49:08;UNIUSDT;30m;1.5;150;32;72;100.0;6;147.41;['-batch-training', '-calc-rsi', '-verbose', '-prediction-mode=index', '-interval-list=30m', '-range-min-rsi=28', '-range-max-rsi=80', '-range-p-ema=50,250', '-target-margin-list=1.0,1.5,2.0,2.5,3.0,3.5,4.0,4.5,5.0', '-log-level=WARNING']
2023-11-26 19:59:45;UNIUSDT;30m;1.5;175;32;72;100.0;6;147.41;['-batch-training', '-calc-rsi', '-verbose', '-prediction-mode=index', '-interval-list=30m', '-range-min-rsi=28', '-range-max-rsi=80', '-range-p-ema=50,250', '-target-margin-list=1.0,1.5,2.0,2.5,3.0,3.5,4.0,4.5,5.0', '-log-level=WARNING']
2023-11-26 20:42:01;UNIUSDT;30m;3.5;250;34;76;100.0;2;147.45;['-batch-training', '-calc-rsi', '-verbose', '-prediction-mode=index', '-interval-list=30m', '-range-min-rsi=28', '-range-max-rsi=80', '-range-p-ema=50,250', '-target-margin-list=1.0,1.5,2.0,2.5,3.0,3.5,4.0,4.5,5.0', '-log-level=WARNING']
2023-11-26 19:57:22;UNIUSDT;30m;4.5;150;36;80;100.0;7;147.46;['-batch-training', '-calc-rsi', '-verbose', '-prediction-mode=index', '-interval-list=30m', '-range-min-rsi=28', '-range-max-rsi=80', '-range-p-ema=50,250', '-target-margin-list=1.0,1.5,2.0,2.5,3.0,3.5,4.0,4.5,5.0', '-log-level=WARNING']
2023-11-26 19:56:55;UNIUSDT;30m;4.5;150;36;76;100.0;7;147.46;['-batch-training', '-calc-rsi', '-verbose', '-prediction-mode=index', '-interval-list=30m', '-range-min-rsi=28', '-range-max-rsi=80', '-range-p-ema=50,250', '-target-margin-list=1.0,1.5,2.0,2.5,3.0,3.5,4.0,4.5,5.0', '-log-level=WARNING']
2023-11-26 19:56:54;UNIUSDT;30m;4.5;150;36;76;100.0;6;147.46;['-batch-training', '-calc-rsi', '-verbose', '-prediction-mode=index', '-interval-list=30m', '-range-min-rsi=28', '-range-max-rsi=80', '-range-p-ema=50,250', '-target-margin-list=1.0,1.5,2.0,2.5,3.0,3.5,4.0,4.5,5.0', '-log-level=WARNING']
2023-11-26 19:56:54;UNIUSDT;30m;4.5;150;36;76;100.0;4;147.46;['-batch-training', '-calc-rsi', '-verbose', '-prediction-mode=index', '-interval-list=30m', '-range-min-rsi=28', '-range-max-rsi=80', '-range-p-ema=50,250', '-target-margin-list=1.0,1.5,2.0,2.5,3.0,3.5,4.0,4.5,5.0', '-log-level=WARNING']
2023-11-26 19:56:54;UNIUSDT;30m;4.5;150;36;76;100.0;5;147.46;['-batch-training', '-calc-rsi', '-verbose', '-prediction-mode=index', '-interval-list=30m', '-range-min-rsi=28', '-range-max-rsi=80', '-range-p-ema=50,250', '-target-margin-list=1.0,1.5,2.0,2.5,3.0,3.5,4.0,4.5,5.0', '-log-level=WARNING']
2023-11-26 19:57:08;UNIUSDT;30m;4.5;150;36;78;100.0;5;147.46;['-batch-training', '-calc-rsi', '-verbose', '-prediction-mode=index', '-interval-list=30m', '-range-min-rsi=28', '-range-max-rsi=80', '-range-p-ema=50,250', '-target-margin-list=1.0,1.5,2.0,2.5,3.0,3.5,4.0,4.5,5.0', '-log-level=WARNING']
2023-11-26 19:57:08;UNIUSDT;30m;4.5;150;36;78;100.0;4;147.46;['-batch-training', '-calc-rsi', '-verbose', '-prediction-mode=index', '-interval-list=30m', '-range-min-rsi=28', '-range-max-rsi=80', '-range-p-ema=50,250', '-target-margin-list=1.0,1.5,2.0,2.5,3.0,3.5,4.0,4.5,5.0', '-log-level=WARNING']
2023-11-26 19:57:08;UNIUSDT;30m;4.5;150;36;78;100.0;7;147.46;['-batch-training', '-calc-rsi', '-verbose', '-prediction-mode=index', '-interval-list=30m', '-range-min-rsi=28', '-range-max-rsi=80', '-range-p-ema=50,250', '-target-margin-list=1.0,1.5,2.0,2.5,3.0,3.5,4.0,4.5,5.0', '-log-level=WARNING']
2023-11-26 19:57:08;UNIUSDT;30m;4.5;150;36;78;100.0;6;147.46;['-batch-training', '-calc-rsi', '-verbose', '-prediction-mode=index', '-interval-list=30m', '-range-min-rsi=28', '-range-max-rsi=80', '-range-p-ema=50,250', '-target-margin-list=1.0,1.5,2.0,2.5,3.0,3.5,4.0,4.5,5.0', '-log-level=WARNING']
2023-11-26 19:57:22;UNIUSDT;30m;4.5;150;36;80;100.0;6;147.46;['-batch-training', '-calc-rsi', '-verbose', '-prediction-mode=index', '-interval-list=30m', '-range-min-rsi=28', '-range-max-rsi=80', '-range-p-ema=50,250', '-target-margin-list=1.0,1.5,2.0,2.5,3.0,3.5,4.0,4.5,5.0', '-log-level=WARNING']
2023-11-26 19:56:41;UNIUSDT;30m;4.5;150;36;74;100.0;6;147.46;['-batch-training', '-calc-rsi', '-verbose', '-prediction-mode=index', '-interval-list=30m', '-range-min-rsi=28', '-range-max-rsi=80', '-range-p-ema=50,250', '-target-margin-list=1.0,1.5,2.0,2.5,3.0,3.5,4.0,4.5,5.0', '-log-level=WARNING']
2023-11-26 19:57:22;UNIUSDT;30m;4.5;150;36;80;100.0;5;147.46;['-batch-training', '-calc-rsi', '-verbose', '-prediction-mode=index', '-interval-list=30m', '-range-min-rsi=28', '-range-max-rsi=80', '-range-p-ema=50,250', '-target-margin-list=1.0,1.5,2.0,2.5,3.0,3.5,4.0,4.5,5.0', '-log-level=WARNING']
2023-11-26 19:56:40;UNIUSDT;30m;4.5;150;36;74;100.0;7;147.46;['-batch-training', '-calc-rsi', '-verbose', '-prediction-mode=index', '-interval-list=30m', '-range-min-rsi=28', '-range-max-rsi=80', '-range-p-ema=50,250', '-target-margin-list=1.0,1.5,2.0,2.5,3.0,3.5,4.0,4.5,5.0', '-log-level=WARNING']
2023-11-26 19:57:22;UNIUSDT;30m;4.5;150;36;80;100.0;4;147.46;['-batch-training', '-calc-rsi', '-verbose', '-prediction-mode=index', '-interval-list=30m', '-range-min-rsi=28', '-range-max-rsi=80', '-range-p-ema=50,250', '-target-margin-list=1.0,1.5,2.0,2.5,3.0,3.5,4.0,4.5,5.0', '-log-level=WARNING']
2023-11-26 19:56:40;UNIUSDT;30m;4.5;150;36;74;100.0;5;147.46;['-batch-training', '-calc-rsi', '-verbose', '-prediction-mode=index', '-interval-list=30m', '-range-min-rsi=28', '-range-max-rsi=80', '-range-p-ema=50,250', '-target-margin-list=1.0,1.5,2.0,2.5,3.0,3.5,4.0,4.5,5.0', '-log-level=WARNING']
2023-11-26 19:56:40;UNIUSDT;30m;4.5;150;36;74;100.0;4;147.46;['-batch-training', '-calc-rsi', '-verbose', '-prediction-mode=index', '-interval-list=30m', '-range-min-rsi=28', '-range-max-rsi=80', '-range-p-ema=50,250', '-target-margin-list=1.0,1.5,2.0,2.5,3.0,3.5,4.0,4.5,5.0', '-log-level=WARNING']
2023-11-26 20:54:41;UNIUSDT;30m;3.0;50;32;76;100.0;3;147.53;['-batch-training', '-calc-rsi', '-verbose', '-prediction-mode=index', '-interval-list=30m', '-range-min-rsi=28', '-range-max-rsi=80', '-range-p-ema=50,250', '-target-margin-list=1.0,1.5,2.0,2.5,3.0,3.5,4.0,4.5,5.0', '-log-level=WARNING']
2023-11-26 21:10:12;UNIUSDT;30m;3.0;75;32;76;100.0;3;147.53;['-batch-training', '-calc-rsi', '-verbose', '-prediction-mode=index', '-interval-list=30m', '-range-min-rsi=28', '-range-max-rsi=80', '-range-p-ema=50,250', '-target-margin-list=1.0,1.5,2.0,2.5,3.0,3.5,4.0,4.5,5.0', '-log-level=WARNING']
2023-11-26 19:41:59;UNIUSDT;30m;3.0;125;32;76;100.0;3;147.53;['-batch-training', '-calc-rsi', '-verbose', '-prediction-mode=index', '-interval-list=30m', '-range-min-rsi=28', '-range-max-rsi=80', '-range-p-ema=50,250', '-target-margin-list=1.0,1.5,2.0,2.5,3.0,3.5,4.0,4.5,5.0', '-log-level=WARNING']
2023-11-26 19:30:29;UNIUSDT;30m;3.0;100;32;76;100.0;3;147.53;['-batch-training', '-calc-rsi', '-verbose', '-prediction-mode=index', '-interval-list=30m', '-range-min-rsi=28', '-range-max-rsi=80', '-range-p-ema=50,250', '-target-margin-list=1.0,1.5,2.0,2.5,3.0,3.5,4.0,4.5,5.0', '-log-level=WARNING']
2023-11-26 19:53:40;UNIUSDT;30m;3.0;150;34;78;100.0;7;147.54;['-batch-training', '-calc-rsi', '-verbose', '-prediction-mode=index', '-interval-list=30m', '-range-min-rsi=28', '-range-max-rsi=80', '-range-p-ema=50,250', '-target-margin-list=1.0,1.5,2.0,2.5,3.0,3.5,4.0,4.5,5.0', '-log-level=WARNING']
2023-11-26 19:53:40;UNIUSDT;30m;3.0;150;34;78;100.0;6;147.54;['-batch-training', '-calc-rsi', '-verbose', '-prediction-mode=index', '-interval-list=30m', '-range-min-rsi=28', '-range-max-rsi=80', '-range-p-ema=50,250', '-target-margin-list=1.0,1.5,2.0,2.5,3.0,3.5,4.0,4.5,5.0', '-log-level=WARNING']
2023-11-26 19:53:27;UNIUSDT;30m;3.0;150;34;76;100.0;6;147.54;['-batch-training', '-calc-rsi', '-verbose', '-prediction-mode=index', '-interval-list=30m', '-range-min-rsi=28', '-range-max-rsi=80', '-range-p-ema=50,250', '-target-margin-list=1.0,1.5,2.0,2.5,3.0,3.5,4.0,4.5,5.0', '-log-level=WARNING']
2023-11-26 19:53:27;UNIUSDT;30m;3.0;150;34;76;100.0;7;147.54;['-batch-training', '-calc-rsi', '-verbose', '-prediction-mode=index', '-interval-list=30m', '-range-min-rsi=28', '-range-max-rsi=80', '-range-p-ema=50,250', '-target-margin-list=1.0,1.5,2.0,2.5,3.0,3.5,4.0,4.5,5.0', '-log-level=WARNING']
2023-11-26 19:53:13;UNIUSDT;30m;3.0;150;34;74;100.0;6;147.54;['-batch-training', '-calc-rsi', '-verbose', '-prediction-mode=index', '-interval-list=30m', '-range-min-rsi=28', '-range-max-rsi=80', '-range-p-ema=50,250', '-target-margin-list=1.0,1.5,2.0,2.5,3.0,3.5,4.0,4.5,5.0', '-log-level=WARNING']
2023-11-26 19:53:13;UNIUSDT;30m;3.0;150;34;74;100.0;7;147.54;['-batch-training', '-calc-rsi', '-verbose', '-prediction-mode=index', '-interval-list=30m', '-range-min-rsi=28', '-range-max-rsi=80', '-range-p-ema=50,250', '-target-margin-list=1.0,1.5,2.0,2.5,3.0,3.5,4.0,4.5,5.0', '-log-level=WARNING']
2023-11-26 19:55:02;UNIUSDT;30m;3.5;150;34;80;100.0;6;147.61;['-batch-training', '-calc-rsi', '-verbose', '-prediction-mode=index', '-interval-list=30m', '-range-min-rsi=28', '-range-max-rsi=80', '-range-p-ema=50,250', '-target-margin-list=1.0,1.5,2.0,2.5,3.0,3.5,4.0,4.5,5.0', '-log-level=WARNING']
2023-11-26 19:55:02;UNIUSDT;30m;3.5;150;34;80;100.0;7;147.61;['-batch-training', '-calc-rsi', '-verbose', '-prediction-mode=index', '-interval-list=30m', '-range-min-rsi=28', '-range-max-rsi=80', '-range-p-ema=50,250', '-target-margin-list=1.0,1.5,2.0,2.5,3.0,3.5,4.0,4.5,5.0', '-log-level=WARNING']
2023-11-26 19:55:02;UNIUSDT;30m;3.5;150;34;80;100.0;5;147.61;['-batch-training', '-calc-rsi', '-verbose', '-prediction-mode=index', '-interval-list=30m', '-range-min-rsi=28', '-range-max-rsi=80', '-range-p-ema=50,250', '-target-margin-list=1.0,1.5,2.0,2.5,3.0,3.5,4.0,4.5,5.0', '-log-level=WARNING']
2023-11-26 19:55:57;UNIUSDT;30m;4.0;150;34;78;100.0;2;147.94;['-batch-training', '-calc-rsi', '-verbose', '-prediction-mode=index', '-interval-list=30m', '-range-min-rsi=28', '-range-max-rsi=80', '-range-p-ema=50,250', '-target-margin-list=1.0,1.5,2.0,2.5,3.0,3.5,4.0,4.5,5.0', '-log-level=WARNING']
2023-11-26 20:15:45;UNIUSDT;30m;3.5;200;34;76;100.0;2;147.97;['-batch-training', '-calc-rsi', '-verbose', '-prediction-mode=index', '-interval-list=30m', '-range-min-rsi=28', '-range-max-rsi=80', '-range-p-ema=50,250', '-target-margin-list=1.0,1.5,2.0,2.5,3.0,3.5,4.0,4.5,5.0', '-log-level=WARNING']
2023-11-26 20:04:42;UNIUSDT;30m;3.5;175;34;76;100.0;2;147.97;['-batch-training', '-calc-rsi', '-verbose', '-prediction-mode=index', '-interval-list=30m', '-range-min-rsi=28', '-range-max-rsi=80', '-range-p-ema=50,250', '-target-margin-list=1.0,1.5,2.0,2.5,3.0,3.5,4.0,4.5,5.0', '-log-level=WARNING']
2023-11-26 19:49:14;UNIUSDT;30m;1.5;150;36;72;100.0;6;148.24;['-batch-training', '-calc-rsi', '-verbose', '-prediction-mode=index', '-interval-list=30m', '-range-min-rsi=28', '-range-max-rsi=80', '-range-p-ema=50,250', '-target-margin-list=1.0,1.5,2.0,2.5,3.0,3.5,4.0,4.5,5.0', '-log-level=WARNING']
2023-11-26 19:54:24;UNIUSDT;30m;3.5;150;36;74;100.0;3;148.3;['-batch-training', '-calc-rsi', '-verbose', '-prediction-mode=index', '-interval-list=30m', '-range-min-rsi=28', '-range-max-rsi=80', '-range-p-ema=50,250', '-target-margin-list=1.0,1.5,2.0,2.5,3.0,3.5,4.0,4.5,5.0', '-log-level=WARNING']
2023-11-26 20:05:49;UNIUSDT;30m;4.0;175;34;76;100.0;2;148.56;['-batch-training', '-calc-rsi', '-verbose', '-prediction-mode=index', '-interval-list=30m', '-range-min-rsi=28', '-range-max-rsi=80', '-range-p-ema=50,250', '-target-margin-list=1.0,1.5,2.0,2.5,3.0,3.5,4.0,4.5,5.0', '-log-level=WARNING']
2023-11-26 20:17:07;UNIUSDT;30m;4.0;200;34;76;100.0;2;148.56;['-batch-training', '-calc-rsi', '-verbose', '-prediction-mode=index', '-interval-list=30m', '-range-min-rsi=28', '-range-max-rsi=80', '-range-p-ema=50,250', '-target-margin-list=1.0,1.5,2.0,2.5,3.0,3.5,4.0,4.5,5.0', '-log-level=WARNING']
2023-11-26 19:55:43;UNIUSDT;30m;4.0;150;34;76;100.0;2;148.56;['-batch-training', '-calc-rsi', '-verbose', '-prediction-mode=index', '-interval-list=30m', '-range-min-rsi=28', '-range-max-rsi=80', '-range-p-ema=50,250', '-target-margin-list=1.0,1.5,2.0,2.5,3.0,3.5,4.0,4.5,5.0', '-log-level=WARNING']
2023-11-26 21:09:46;UNIUSDT;30m;3.0;75;30;74;100.0;3;148.74;['-batch-training', '-calc-rsi', '-verbose', '-prediction-mode=index', '-interval-list=30m', '-range-min-rsi=28', '-range-max-rsi=80', '-range-p-ema=50,250', '-target-margin-list=1.0,1.5,2.0,2.5,3.0,3.5,4.0,4.5,5.0', '-log-level=WARNING']
2023-11-26 20:03:18;UNIUSDT;30m;3.0;175;30;74;100.0;3;148.74;['-batch-training', '-calc-rsi', '-verbose', '-prediction-mode=index', '-interval-list=30m', '-range-min-rsi=28', '-range-max-rsi=80', '-range-p-ema=50,250', '-target-margin-list=1.0,1.5,2.0,2.5,3.0,3.5,4.0,4.5,5.0', '-log-level=WARNING']
2023-11-26 20:26:41;UNIUSDT;30m;3.0;225;30;74;100.0;3;148.74;['-batch-training', '-calc-rsi', '-verbose', '-prediction-mode=index', '-interval-list=30m', '-range-min-rsi=28', '-range-max-rsi=80', '-range-p-ema=50,250', '-target-margin-list=1.0,1.5,2.0,2.5,3.0,3.5,4.0,4.5,5.0', '-log-level=WARNING']
2023-11-26 19:30:11;UNIUSDT;30m;3.0;100;30;74;100.0;3;148.74;['-batch-training', '-calc-rsi', '-verbose', '-prediction-mode=index', '-interval-list=30m', '-range-min-rsi=28', '-range-max-rsi=80', '-range-p-ema=50,250', '-target-margin-list=1.0,1.5,2.0,2.5,3.0,3.5,4.0,4.5,5.0', '-log-level=WARNING']
2023-11-26 19:41:40;UNIUSDT;30m;3.0;125;30;74;100.0;3;148.74;['-batch-training', '-calc-rsi', '-verbose', '-prediction-mode=index', '-interval-list=30m', '-range-min-rsi=28', '-range-max-rsi=80', '-range-p-ema=50,250', '-target-margin-list=1.0,1.5,2.0,2.5,3.0,3.5,4.0,4.5,5.0', '-log-level=WARNING']
2023-11-26 20:54:18;UNIUSDT;30m;3.0;50;30;74;100.0;3;148.74;['-batch-training', '-calc-rsi', '-verbose', '-prediction-mode=index', '-interval-list=30m', '-range-min-rsi=28', '-range-max-rsi=80', '-range-p-ema=50,250', '-target-margin-list=1.0,1.5,2.0,2.5,3.0,3.5,4.0,4.5,5.0', '-log-level=WARNING']
2023-11-26 20:40:03;UNIUSDT;30m;3.0;250;30;74;100.0;3;148.74;['-batch-training', '-calc-rsi', '-verbose', '-prediction-mode=index', '-interval-list=30m', '-range-min-rsi=28', '-range-max-rsi=80', '-range-p-ema=50,250', '-target-margin-list=1.0,1.5,2.0,2.5,3.0,3.5,4.0,4.5,5.0', '-log-level=WARNING']
2023-11-26 19:53:07;UNIUSDT;30m;3.0;150;30;74;100.0;3;148.74;['-batch-training', '-calc-rsi', '-verbose', '-prediction-mode=index', '-interval-list=30m', '-range-min-rsi=28', '-range-max-rsi=80', '-range-p-ema=50,250', '-target-margin-list=1.0,1.5,2.0,2.5,3.0,3.5,4.0,4.5,5.0', '-log-level=WARNING']
2023-11-26 20:14:01;UNIUSDT;30m;3.0;200;30;74;100.0;3;148.74;['-batch-training', '-calc-rsi', '-verbose', '-prediction-mode=index', '-interval-list=30m', '-range-min-rsi=28', '-range-max-rsi=80', '-range-p-ema=50,250', '-target-margin-list=1.0,1.5,2.0,2.5,3.0,3.5,4.0,4.5,5.0', '-log-level=WARNING']
2023-11-26 20:27:02;UNIUSDT;30m;3.0;225;32;76;100.0;7;148.78;['-batch-training', '-calc-rsi', '-verbose', '-prediction-mode=index', '-interval-list=30m', '-range-min-rsi=28', '-range-max-rsi=80', '-range-p-ema=50,250', '-target-margin-list=1.0,1.5,2.0,2.5,3.0,3.5,4.0,4.5,5.0', '-log-level=WARNING']
2023-11-26 20:27:20;UNIUSDT;30m;3.0;225;32;78;100.0;7;148.78;['-batch-training', '-calc-rsi', '-verbose', '-prediction-mode=index', '-interval-list=30m', '-range-min-rsi=28', '-range-max-rsi=80', '-range-p-ema=50,250', '-target-margin-list=1.0,1.5,2.0,2.5,3.0,3.5,4.0,4.5,5.0', '-log-level=WARNING']
2023-11-26 20:40:26;UNIUSDT;30m;3.0;250;32;76;100.0;7;148.78;['-batch-training', '-calc-rsi', '-verbose', '-prediction-mode=index', '-interval-list=30m', '-range-min-rsi=28', '-range-max-rsi=80', '-range-p-ema=50,250', '-target-margin-list=1.0,1.5,2.0,2.5,3.0,3.5,4.0,4.5,5.0', '-log-level=WARNING']
2023-11-26 20:40:26;UNIUSDT;30m;3.0;250;32;76;100.0;6;148.78;['-batch-training', '-calc-rsi', '-verbose', '-prediction-mode=index', '-interval-list=30m', '-range-min-rsi=28', '-range-max-rsi=80', '-range-p-ema=50,250', '-target-margin-list=1.0,1.5,2.0,2.5,3.0,3.5,4.0,4.5,5.0', '-log-level=WARNING']
2023-11-26 19:53:37;UNIUSDT;30m;3.0;150;32;78;100.0;6;148.78;['-batch-training', '-calc-rsi', '-verbose', '-prediction-mode=index', '-interval-list=30m', '-range-min-rsi=28', '-range-max-rsi=80', '-range-p-ema=50,250', '-target-margin-list=1.0,1.5,2.0,2.5,3.0,3.5,4.0,4.5,5.0', '-log-level=WARNING']
2023-11-26 20:27:20;UNIUSDT;30m;3.0;225;32;78;100.0;6;148.78;['-batch-training', '-calc-rsi', '-verbose', '-prediction-mode=index', '-interval-list=30m', '-range-min-rsi=28', '-range-max-rsi=80', '-range-p-ema=50,250', '-target-margin-list=1.0,1.5,2.0,2.5,3.0,3.5,4.0,4.5,5.0', '-log-level=WARNING']
2023-11-26 20:03:34;UNIUSDT;30m;3.0;175;32;76;100.0;6;148.78;['-batch-training', '-calc-rsi', '-verbose', '-prediction-mode=index', '-interval-list=30m', '-range-min-rsi=28', '-range-max-rsi=80', '-range-p-ema=50,250', '-target-margin-list=1.0,1.5,2.0,2.5,3.0,3.5,4.0,4.5,5.0', '-log-level=WARNING']
2023-11-26 20:03:34;UNIUSDT;30m;3.0;175;32;76;100.0;7;148.78;['-batch-training', '-calc-rsi', '-verbose', '-prediction-mode=index', '-interval-list=30m', '-range-min-rsi=28', '-range-max-rsi=80', '-range-p-ema=50,250', '-target-margin-list=1.0,1.5,2.0,2.5,3.0,3.5,4.0,4.5,5.0', '-log-level=WARNING']
2023-11-26 20:14:05;UNIUSDT;30m;3.0;200;32;74;100.0;7;148.78;['-batch-training', '-calc-rsi', '-verbose', '-prediction-mode=index', '-interval-list=30m', '-range-min-rsi=28', '-range-max-rsi=80', '-range-p-ema=50,250', '-target-margin-list=1.0,1.5,2.0,2.5,3.0,3.5,4.0,4.5,5.0', '-log-level=WARNING']
2023-11-26 19:53:37;UNIUSDT;30m;3.0;150;32;78;100.0;7;148.78;['-batch-training', '-calc-rsi', '-verbose', '-prediction-mode=index', '-interval-list=30m', '-range-min-rsi=28', '-range-max-rsi=80', '-range-p-ema=50,250', '-target-margin-list=1.0,1.5,2.0,2.5,3.0,3.5,4.0,4.5,5.0', '-log-level=WARNING']
2023-11-26 20:40:06;UNIUSDT;30m;3.0;250;32;74;100.0;6;148.78;['-batch-training', '-calc-rsi', '-verbose', '-prediction-mode=index', '-interval-list=30m', '-range-min-rsi=28', '-range-max-rsi=80', '-range-p-ema=50,250', '-target-margin-list=1.0,1.5,2.0,2.5,3.0,3.5,4.0,4.5,5.0', '-log-level=WARNING']
2023-11-26 20:40:06;UNIUSDT;30m;3.0;250;32;74;100.0;7;148.78;['-batch-training', '-calc-rsi', '-verbose', '-prediction-mode=index', '-interval-list=30m', '-range-min-rsi=28', '-range-max-rsi=80', '-range-p-ema=50,250', '-target-margin-list=1.0,1.5,2.0,2.5,3.0,3.5,4.0,4.5,5.0', '-log-level=WARNING']
2023-11-26 20:14:37;UNIUSDT;30m;3.0;200;32;78;100.0;7;148.78;['-batch-training', '-calc-rsi', '-verbose', '-prediction-mode=index', '-interval-list=30m', '-range-min-rsi=28', '-range-max-rsi=80', '-range-p-ema=50,250', '-target-margin-list=1.0,1.5,2.0,2.5,3.0,3.5,4.0,4.5,5.0', '-log-level=WARNING']
2023-11-26 20:40:43;UNIUSDT;30m;3.0;250;32;78;100.0;7;148.78;['-batch-training', '-calc-rsi', '-verbose', '-prediction-mode=index', '-interval-list=30m', '-range-min-rsi=28', '-range-max-rsi=80', '-range-p-ema=50,250', '-target-margin-list=1.0,1.5,2.0,2.5,3.0,3.5,4.0,4.5,5.0', '-log-level=WARNING']
2023-11-26 20:14:37;UNIUSDT;30m;3.0;200;32;78;100.0;6;148.78;['-batch-training', '-calc-rsi', '-verbose', '-prediction-mode=index', '-interval-list=30m', '-range-min-rsi=28', '-range-max-rsi=80', '-range-p-ema=50,250', '-target-margin-list=1.0,1.5,2.0,2.5,3.0,3.5,4.0,4.5,5.0', '-log-level=WARNING']
2023-11-26 19:53:10;UNIUSDT;30m;3.0;150;32;74;100.0;7;148.78;['-batch-training', '-calc-rsi', '-verbose', '-prediction-mode=index', '-interval-list=30m', '-range-min-rsi=28', '-range-max-rsi=80', '-range-p-ema=50,250', '-target-margin-list=1.0,1.5,2.0,2.5,3.0,3.5,4.0,4.5,5.0', '-log-level=WARNING']
2023-11-26 19:53:10;UNIUSDT;30m;3.0;150;32;74;100.0;6;148.78;['-batch-training', '-calc-rsi', '-verbose', '-prediction-mode=index', '-interval-list=30m', '-range-min-rsi=28', '-range-max-rsi=80', '-range-p-ema=50,250', '-target-margin-list=1.0,1.5,2.0,2.5,3.0,3.5,4.0,4.5,5.0', '-log-level=WARNING']
2023-11-26 20:03:47;UNIUSDT;30m;3.0;175;32;78;100.0;6;148.78;['-batch-training', '-calc-rsi', '-verbose', '-prediction-mode=index', '-interval-list=30m', '-range-min-rsi=28', '-range-max-rsi=80', '-range-p-ema=50,250', '-target-margin-list=1.0,1.5,2.0,2.5,3.0,3.5,4.0,4.5,5.0', '-log-level=WARNING']
2023-11-26 20:03:47;UNIUSDT;30m;3.0;175;32;78;100.0;7;148.78;['-batch-training', '-calc-rsi', '-verbose', '-prediction-mode=index', '-interval-list=30m', '-range-min-rsi=28', '-range-max-rsi=80', '-range-p-ema=50,250', '-target-margin-list=1.0,1.5,2.0,2.5,3.0,3.5,4.0,4.5,5.0', '-log-level=WARNING']
2023-11-26 20:26:45;UNIUSDT;30m;3.0;225;32;74;100.0;6;148.78;['-batch-training', '-calc-rsi', '-verbose', '-prediction-mode=index', '-interval-list=30m', '-range-min-rsi=28', '-range-max-rsi=80', '-range-p-ema=50,250', '-target-margin-list=1.0,1.5,2.0,2.5,3.0,3.5,4.0,4.5,5.0', '-log-level=WARNING']
2023-11-26 20:03:21;UNIUSDT;30m;3.0;175;32;74;100.0;7;148.78;['-batch-training', '-calc-rsi', '-verbose', '-prediction-mode=index', '-interval-list=30m', '-range-min-rsi=28', '-range-max-rsi=80', '-range-p-ema=50,250', '-target-margin-list=1.0,1.5,2.0,2.5,3.0,3.5,4.0,4.5,5.0', '-log-level=WARNING']
2023-11-26 19:53:24;UNIUSDT;30m;3.0;150;32;76;100.0;6;148.78;['-batch-training', '-calc-rsi', '-verbose', '-prediction-mode=index', '-interval-list=30m', '-range-min-rsi=28', '-range-max-rsi=80', '-range-p-ema=50,250', '-target-margin-list=1.0,1.5,2.0,2.5,3.0,3.5,4.0,4.5,5.0', '-log-level=WARNING']
2023-11-26 19:53:24;UNIUSDT;30m;3.0;150;32;76;100.0;7;148.78;['-batch-training', '-calc-rsi', '-verbose', '-prediction-mode=index', '-interval-list=30m', '-range-min-rsi=28', '-range-max-rsi=80', '-range-p-ema=50,250', '-target-margin-list=1.0,1.5,2.0,2.5,3.0,3.5,4.0,4.5,5.0', '-log-level=WARNING']
2023-11-26 20:14:20;UNIUSDT;30m;3.0;200;32;76;100.0;6;148.78;['-batch-training', '-calc-rsi', '-verbose', '-prediction-mode=index', '-interval-list=30m', '-range-min-rsi=28', '-range-max-rsi=80', '-range-p-ema=50,250', '-target-margin-list=1.0,1.5,2.0,2.5,3.0,3.5,4.0,4.5,5.0', '-log-level=WARNING']
2023-11-26 20:03:21;UNIUSDT;30m;3.0;175;32;74;100.0;6;148.78;['-batch-training', '-calc-rsi', '-verbose', '-prediction-mode=index', '-interval-list=30m', '-range-min-rsi=28', '-range-max-rsi=80', '-range-p-ema=50,250', '-target-margin-list=1.0,1.5,2.0,2.5,3.0,3.5,4.0,4.5,5.0', '-log-level=WARNING']
2023-11-26 20:14:05;UNIUSDT;30m;3.0;200;32;74;100.0;6;148.78;['-batch-training', '-calc-rsi', '-verbose', '-prediction-mode=index', '-interval-list=30m', '-range-min-rsi=28', '-range-max-rsi=80', '-range-p-ema=50,250', '-target-margin-list=1.0,1.5,2.0,2.5,3.0,3.5,4.0,4.5,5.0', '-log-level=WARNING']
2023-11-26 20:14:20;UNIUSDT;30m;3.0;200;32;76;100.0;7;148.78;['-batch-training', '-calc-rsi', '-verbose', '-prediction-mode=index', '-interval-list=30m', '-range-min-rsi=28', '-range-max-rsi=80', '-range-p-ema=50,250', '-target-margin-list=1.0,1.5,2.0,2.5,3.0,3.5,4.0,4.5,5.0', '-log-level=WARNING']
2023-11-26 19:52:20;UNIUSDT;30m;2.5;150;36;76;100.0;3;148.78;['-batch-training', '-calc-rsi', '-verbose', '-prediction-mode=index', '-interval-list=30m', '-range-min-rsi=28', '-range-max-rsi=80', '-range-p-ema=50,250', '-target-margin-list=1.0,1.5,2.0,2.5,3.0,3.5,4.0,4.5,5.0', '-log-level=WARNING']
2023-11-26 20:27:02;UNIUSDT;30m;3.0;225;32;76;100.0;6;148.78;['-batch-training', '-calc-rsi', '-verbose', '-prediction-mode=index', '-interval-list=30m', '-range-min-rsi=28', '-range-max-rsi=80', '-range-p-ema=50,250', '-target-margin-list=1.0,1.5,2.0,2.5,3.0,3.5,4.0,4.5,5.0', '-log-level=WARNING']
2023-11-26 20:40:43;UNIUSDT;30m;3.0;250;32;78;100.0;6;148.78;['-batch-training', '-calc-rsi', '-verbose', '-prediction-mode=index', '-interval-list=30m', '-range-min-rsi=28', '-range-max-rsi=80', '-range-p-ema=50,250', '-target-margin-list=1.0,1.5,2.0,2.5,3.0,3.5,4.0,4.5,5.0', '-log-level=WARNING']
2023-11-26 20:26:45;UNIUSDT;30m;3.0;225;32;74;100.0;7;148.78;['-batch-training', '-calc-rsi', '-verbose', '-prediction-mode=index', '-interval-list=30m', '-range-min-rsi=28', '-range-max-rsi=80', '-range-p-ema=50,250', '-target-margin-list=1.0,1.5,2.0,2.5,3.0,3.5,4.0,4.5,5.0', '-log-level=WARNING']
2023-11-26 19:54:34;UNIUSDT;30m;3.5;150;34;76;100.0;3;148.82;['-batch-training', '-calc-rsi', '-verbose', '-prediction-mode=index', '-interval-list=30m', '-range-min-rsi=28', '-range-max-rsi=80', '-range-p-ema=50,250', '-target-margin-list=1.0,1.5,2.0,2.5,3.0,3.5,4.0,4.5,5.0', '-log-level=WARNING']
2023-11-26 20:30:36;UNIUSDT;30m;4.0;225;34;80;100.0;3;148.83;['-batch-training', '-calc-rsi', '-verbose', '-prediction-mode=index', '-interval-list=30m', '-range-min-rsi=28', '-range-max-rsi=80', '-range-p-ema=50,250', '-target-margin-list=1.0,1.5,2.0,2.5,3.0,3.5,4.0,4.5,5.0', '-log-level=WARNING']
2023-11-26 20:44:12;UNIUSDT;30m;4.0;250;34;80;100.0;3;148.83;['-batch-training', '-calc-rsi', '-verbose', '-prediction-mode=index', '-interval-list=30m', '-range-min-rsi=28', '-range-max-rsi=80', '-range-p-ema=50,250', '-target-margin-list=1.0,1.5,2.0,2.5,3.0,3.5,4.0,4.5,5.0', '-log-level=WARNING']
2023-11-26 19:29:32;UNIUSDT;30m;2.5;100;34;78;100.0;3;148.84;['-batch-training', '-calc-rsi', '-verbose', '-prediction-mode=index', '-interval-list=30m', '-range-min-rsi=28', '-range-max-rsi=80', '-range-p-ema=50,250', '-target-margin-list=1.0,1.5,2.0,2.5,3.0,3.5,4.0,4.5,5.0', '-log-level=WARNING']
2023-11-26 21:08:51;UNIUSDT;30m;2.5;75;34;78;100.0;3;148.84;['-batch-training', '-calc-rsi', '-verbose', '-prediction-mode=index', '-interval-list=30m', '-range-min-rsi=28', '-range-max-rsi=80', '-range-p-ema=50,250', '-target-margin-list=1.0,1.5,2.0,2.5,3.0,3.5,4.0,4.5,5.0', '-log-level=WARNING']
2023-11-26 19:41:01;UNIUSDT;30m;2.5;125;34;78;100.0;3;148.84;['-batch-training', '-calc-rsi', '-verbose', '-prediction-mode=index', '-interval-list=30m', '-range-min-rsi=28', '-range-max-rsi=80', '-range-p-ema=50,250', '-target-margin-list=1.0,1.5,2.0,2.5,3.0,3.5,4.0,4.5,5.0', '-log-level=WARNING']
2023-11-26 20:53:26;UNIUSDT;30m;2.5;50;34;78;100.0;3;148.84;['-batch-training', '-calc-rsi', '-verbose', '-prediction-mode=index', '-interval-list=30m', '-range-min-rsi=28', '-range-max-rsi=80', '-range-p-ema=50,250', '-target-margin-list=1.0,1.5,2.0,2.5,3.0,3.5,4.0,4.5,5.0', '-log-level=WARNING']
2023-11-26 19:41:50;UNIUSDT;30m;3.0;125;36;74;100.0;3;149.02;['-batch-training', '-calc-rsi', '-verbose', '-prediction-mode=index', '-interval-list=30m', '-range-min-rsi=28', '-range-max-rsi=80', '-range-p-ema=50,250', '-target-margin-list=1.0,1.5,2.0,2.5,3.0,3.5,4.0,4.5,5.0', '-log-level=WARNING']
2023-11-26 20:54:30;UNIUSDT;30m;3.0;50;36;74;100.0;3;149.02;['-batch-training', '-calc-rsi', '-verbose', '-prediction-mode=index', '-interval-list=30m', '-range-min-rsi=28', '-range-max-rsi=80', '-range-p-ema=50,250', '-target-margin-list=1.0,1.5,2.0,2.5,3.0,3.5,4.0,4.5,5.0', '-log-level=WARNING']
2023-11-26 19:30:20;UNIUSDT;30m;3.0;100;36;74;100.0;3;149.02;['-batch-training', '-calc-rsi', '-verbose', '-prediction-mode=index', '-interval-list=30m', '-range-min-rsi=28', '-range-max-rsi=80', '-range-p-ema=50,250', '-target-margin-list=1.0,1.5,2.0,2.5,3.0,3.5,4.0,4.5,5.0', '-log-level=WARNING']
2023-11-26 21:10:00;UNIUSDT;30m;3.0;75;36;74;100.0;3;149.02;['-batch-training', '-calc-rsi', '-verbose', '-prediction-mode=index', '-interval-list=30m', '-range-min-rsi=28', '-range-max-rsi=80', '-range-p-ema=50,250', '-target-margin-list=1.0,1.5,2.0,2.5,3.0,3.5,4.0,4.5,5.0', '-log-level=WARNING']
2023-11-26 21:08:51;UNIUSDT;30m;2.5;75;34;78;100.0;7;149.04;['-batch-training', '-calc-rsi', '-verbose', '-prediction-mode=index', '-interval-list=30m', '-range-min-rsi=28', '-range-max-rsi=80', '-range-p-ema=50,250', '-target-margin-list=1.0,1.5,2.0,2.5,3.0,3.5,4.0,4.5,5.0', '-log-level=WARNING']
2023-11-26 19:29:17;UNIUSDT;30m;2.5;100;34;76;100.0;7;149.04;['-batch-training', '-calc-rsi', '-verbose', '-prediction-mode=index', '-interval-list=30m', '-range-min-rsi=28', '-range-max-rsi=80', '-range-p-ema=50,250', '-target-margin-list=1.0,1.5,2.0,2.5,3.0,3.5,4.0,4.5,5.0', '-log-level=WARNING']
2023-11-26 19:40:46;UNIUSDT;30m;2.5;125;34;76;100.0;7;149.04;['-batch-training', '-calc-rsi', '-verbose', '-prediction-mode=index', '-interval-list=30m', '-range-min-rsi=28', '-range-max-rsi=80', '-range-p-ema=50,250', '-target-margin-list=1.0,1.5,2.0,2.5,3.0,3.5,4.0,4.5,5.0', '-log-level=WARNING']
2023-11-26 21:08:09;UNIUSDT;30m;2.5;75;34;74;100.0;7;149.04;['-batch-training', '-calc-rsi', '-verbose', '-prediction-mode=index', '-interval-list=30m', '-range-min-rsi=28', '-range-max-rsi=80', '-range-p-ema=50,250', '-target-margin-list=1.0,1.5,2.0,2.5,3.0,3.5,4.0,4.5,5.0', '-log-level=WARNING']
2023-11-26 19:29:32;UNIUSDT;30m;2.5;100;34;78;100.0;7;149.04;['-batch-training', '-calc-rsi', '-verbose', '-prediction-mode=index', '-interval-list=30m', '-range-min-rsi=28', '-range-max-rsi=80', '-range-p-ema=50,250', '-target-margin-list=1.0,1.5,2.0,2.5,3.0,3.5,4.0,4.5,5.0', '-log-level=WARNING']
2023-11-26 21:08:31;UNIUSDT;30m;2.5;75;34;76;100.0;7;149.04;['-batch-training', '-calc-rsi', '-verbose', '-prediction-mode=index', '-interval-list=30m', '-range-min-rsi=28', '-range-max-rsi=80', '-range-p-ema=50,250', '-target-margin-list=1.0,1.5,2.0,2.5,3.0,3.5,4.0,4.5,5.0', '-log-level=WARNING']
2023-11-26 19:29:02;UNIUSDT;30m;2.5;100;34;74;100.0;7;149.04;['-batch-training', '-calc-rsi', '-verbose', '-prediction-mode=index', '-interval-list=30m', '-range-min-rsi=28', '-range-max-rsi=80', '-range-p-ema=50,250', '-target-margin-list=1.0,1.5,2.0,2.5,3.0,3.5,4.0,4.5,5.0', '-log-level=WARNING']
2023-11-26 20:40:29;UNIUSDT;30m;3.0;250;34;76;100.0;2;149.04;['-batch-training', '-calc-rsi', '-verbose', '-prediction-mode=index', '-interval-list=30m', '-range-min-rsi=28', '-range-max-rsi=80', '-range-p-ema=50,250', '-target-margin-list=1.0,1.5,2.0,2.5,3.0,3.5,4.0,4.5,5.0', '-log-level=WARNING']
2023-11-26 19:40:30;UNIUSDT;30m;2.5;125;34;74;100.0;7;149.04;['-batch-training', '-calc-rsi', '-verbose', '-prediction-mode=index', '-interval-list=30m', '-range-min-rsi=28', '-range-max-rsi=80', '-range-p-ema=50,250', '-target-margin-list=1.0,1.5,2.0,2.5,3.0,3.5,4.0,4.5,5.0', '-log-level=WARNING']
2023-11-26 20:53:27;UNIUSDT;30m;2.5;50;34;78;100.0;7;149.04;['-batch-training', '-calc-rsi', '-verbose', '-prediction-mode=index', '-interval-list=30m', '-range-min-rsi=28', '-range-max-rsi=80', '-range-p-ema=50,250', '-target-margin-list=1.0,1.5,2.0,2.5,3.0,3.5,4.0,4.5,5.0', '-log-level=WARNING']
2023-11-26 20:52:46;UNIUSDT;30m;2.5;50;34;74;100.0;7;149.04;['-batch-training', '-calc-rsi', '-verbose', '-prediction-mode=index', '-interval-list=30m', '-range-min-rsi=28', '-range-max-rsi=80', '-range-p-ema=50,250', '-target-margin-list=1.0,1.5,2.0,2.5,3.0,3.5,4.0,4.5,5.0', '-log-level=WARNING']
2023-11-26 19:41:01;UNIUSDT;30m;2.5;125;34;78;100.0;7;149.04;['-batch-training', '-calc-rsi', '-verbose', '-prediction-mode=index', '-interval-list=30m', '-range-min-rsi=28', '-range-max-rsi=80', '-range-p-ema=50,250', '-target-margin-list=1.0,1.5,2.0,2.5,3.0,3.5,4.0,4.5,5.0', '-log-level=WARNING']
2023-11-26 20:53:06;UNIUSDT;30m;2.5;50;34;76;100.0;7;149.04;['-batch-training', '-calc-rsi', '-verbose', '-prediction-mode=index', '-interval-list=30m', '-range-min-rsi=28', '-range-max-rsi=80', '-range-p-ema=50,250', '-target-margin-list=1.0,1.5,2.0,2.5,3.0,3.5,4.0,4.5,5.0', '-log-level=WARNING']
2023-11-26 19:54:51;UNIUSDT;30m;3.5;150;36;78;100.0;7;149.11;['-batch-training', '-calc-rsi', '-verbose', '-prediction-mode=index', '-interval-list=30m', '-range-min-rsi=28', '-range-max-rsi=80', '-range-p-ema=50,250', '-target-margin-list=1.0,1.5,2.0,2.5,3.0,3.5,4.0,4.5,5.0', '-log-level=WARNING']
2023-11-26 19:55:05;UNIUSDT;30m;3.5;150;36;80;100.0;6;149.11;['-batch-training', '-calc-rsi', '-verbose', '-prediction-mode=index', '-interval-list=30m', '-range-min-rsi=28', '-range-max-rsi=80', '-range-p-ema=50,250', '-target-margin-list=1.0,1.5,2.0,2.5,3.0,3.5,4.0,4.5,5.0', '-log-level=WARNING']
2023-11-26 19:55:05;UNIUSDT;30m;3.5;150;36;80;100.0;7;149.11;['-batch-training', '-calc-rsi', '-verbose', '-prediction-mode=index', '-interval-list=30m', '-range-min-rsi=28', '-range-max-rsi=80', '-range-p-ema=50,250', '-target-margin-list=1.0,1.5,2.0,2.5,3.0,3.5,4.0,4.5,5.0', '-log-level=WARNING']
2023-11-26 19:54:37;UNIUSDT;30m;3.5;150;36;76;100.0;7;149.11;['-batch-training', '-calc-rsi', '-verbose', '-prediction-mode=index', '-interval-list=30m', '-range-min-rsi=28', '-range-max-rsi=80', '-range-p-ema=50,250', '-target-margin-list=1.0,1.5,2.0,2.5,3.0,3.5,4.0,4.5,5.0', '-log-level=WARNING']
2023-11-26 19:54:24;UNIUSDT;30m;3.5;150;36;74;100.0;6;149.11;['-batch-training', '-calc-rsi', '-verbose', '-prediction-mode=index', '-interval-list=30m', '-range-min-rsi=28', '-range-max-rsi=80', '-range-p-ema=50,250', '-target-margin-list=1.0,1.5,2.0,2.5,3.0,3.5,4.0,4.5,5.0', '-log-level=WARNING']
2023-11-26 19:54:24;UNIUSDT;30m;3.5;150;36;74;100.0;7;149.11;['-batch-training', '-calc-rsi', '-verbose', '-prediction-mode=index', '-interval-list=30m', '-range-min-rsi=28', '-range-max-rsi=80', '-range-p-ema=50,250', '-target-margin-list=1.0,1.5,2.0,2.5,3.0,3.5,4.0,4.5,5.0', '-log-level=WARNING']
2023-11-26 19:54:37;UNIUSDT;30m;3.5;150;36;76;100.0;6;149.11;['-batch-training', '-calc-rsi', '-verbose', '-prediction-mode=index', '-interval-list=30m', '-range-min-rsi=28', '-range-max-rsi=80', '-range-p-ema=50,250', '-target-margin-list=1.0,1.5,2.0,2.5,3.0,3.5,4.0,4.5,5.0', '-log-level=WARNING']
2023-11-26 19:54:51;UNIUSDT;30m;3.5;150;36;78;100.0;6;149.11;['-batch-training', '-calc-rsi', '-verbose', '-prediction-mode=index', '-interval-list=30m', '-range-min-rsi=28', '-range-max-rsi=80', '-range-p-ema=50,250', '-target-margin-list=1.0,1.5,2.0,2.5,3.0,3.5,4.0,4.5,5.0', '-log-level=WARNING']
2023-11-26 21:09:34;UNIUSDT;30m;3.0;75;34;72;100.0;3;149.13;['-batch-training', '-calc-rsi', '-verbose', '-prediction-mode=index', '-interval-list=30m', '-range-min-rsi=28', '-range-max-rsi=80', '-range-p-ema=50,250', '-target-margin-list=1.0,1.5,2.0,2.5,3.0,3.5,4.0,4.5,5.0', '-log-level=WARNING']
2023-11-26 20:54:06;UNIUSDT;30m;3.0;50;34;72;100.0;3;149.13;['-batch-training', '-calc-rsi', '-verbose', '-prediction-mode=index', '-interval-list=30m', '-range-min-rsi=28', '-range-max-rsi=80', '-range-p-ema=50,250', '-target-margin-list=1.0,1.5,2.0,2.5,3.0,3.5,4.0,4.5,5.0', '-log-level=WARNING']
2023-11-26 19:30:03;UNIUSDT;30m;3.0;100;34;72;100.0;3;149.13;['-batch-training', '-calc-rsi', '-verbose', '-prediction-mode=index', '-interval-list=30m', '-range-min-rsi=28', '-range-max-rsi=80', '-range-p-ema=50,250', '-target-margin-list=1.0,1.5,2.0,2.5,3.0,3.5,4.0,4.5,5.0', '-log-level=WARNING']
2023-11-26 19:41:32;UNIUSDT;30m;3.0;125;34;72;100.0;3;149.13;['-batch-training', '-calc-rsi', '-verbose', '-prediction-mode=index', '-interval-list=30m', '-range-min-rsi=28', '-range-max-rsi=80', '-range-p-ema=50,250', '-target-margin-list=1.0,1.5,2.0,2.5,3.0,3.5,4.0,4.5,5.0', '-log-level=WARNING']
2023-11-26 19:33:28;UNIUSDT;30m;4.0;100;32;80;100.0;7;149.14;['-batch-training', '-calc-rsi', '-verbose', '-prediction-mode=index', '-interval-list=30m', '-range-min-rsi=28', '-range-max-rsi=80', '-range-p-ema=50,250', '-target-margin-list=1.0,1.5,2.0,2.5,3.0,3.5,4.0,4.5,5.0', '-log-level=WARNING']
2023-11-26 19:33:28;UNIUSDT;30m;4.0;100;32;80;100.0;6;149.14;['-batch-training', '-calc-rsi', '-verbose', '-prediction-mode=index', '-interval-list=30m', '-range-min-rsi=28', '-range-max-rsi=80', '-range-p-ema=50,250', '-target-margin-list=1.0,1.5,2.0,2.5,3.0,3.5,4.0,4.5,5.0', '-log-level=WARNING']
2023-11-26 19:33:28;UNIUSDT;30m;4.0;100;32;80;100.0;5;149.14;['-batch-training', '-calc-rsi', '-verbose', '-prediction-mode=index', '-interval-list=30m', '-range-min-rsi=28', '-range-max-rsi=80', '-range-p-ema=50,250', '-target-margin-list=1.0,1.5,2.0,2.5,3.0,3.5,4.0,4.5,5.0', '-log-level=WARNING']
2023-11-26 21:14:21;UNIUSDT;30m;4.0;75;32;80;100.0;5;149.14;['-batch-training', '-calc-rsi', '-verbose', '-prediction-mode=index', '-interval-list=30m', '-range-min-rsi=28', '-range-max-rsi=80', '-range-p-ema=50,250', '-target-margin-list=1.0,1.5,2.0,2.5,3.0,3.5,4.0,4.5,5.0', '-log-level=WARNING']
2023-11-26 21:14:21;UNIUSDT;30m;4.0;75;32;80;100.0;7;149.14;['-batch-training', '-calc-rsi', '-verbose', '-prediction-mode=index', '-interval-list=30m', '-range-min-rsi=28', '-range-max-rsi=80', '-range-p-ema=50,250', '-target-margin-list=1.0,1.5,2.0,2.5,3.0,3.5,4.0,4.5,5.0', '-log-level=WARNING']
2023-11-26 20:58:39;UNIUSDT;30m;4.0;50;32;80;100.0;6;149.14;['-batch-training', '-calc-rsi', '-verbose', '-prediction-mode=index', '-interval-list=30m', '-range-min-rsi=28', '-range-max-rsi=80', '-range-p-ema=50,250', '-target-margin-list=1.0,1.5,2.0,2.5,3.0,3.5,4.0,4.5,5.0', '-log-level=WARNING']
2023-11-26 19:45:00;UNIUSDT;30m;4.0;125;32;80;100.0;5;149.14;['-batch-training', '-calc-rsi', '-verbose', '-prediction-mode=index', '-interval-list=30m', '-range-min-rsi=28', '-range-max-rsi=80', '-range-p-ema=50,250', '-target-margin-list=1.0,1.5,2.0,2.5,3.0,3.5,4.0,4.5,5.0', '-log-level=WARNING']
2023-11-26 20:58:38;UNIUSDT;30m;4.0;50;32;80;100.0;5;149.14;['-batch-training', '-calc-rsi', '-verbose', '-prediction-mode=index', '-interval-list=30m', '-range-min-rsi=28', '-range-max-rsi=80', '-range-p-ema=50,250', '-target-margin-list=1.0,1.5,2.0,2.5,3.0,3.5,4.0,4.5,5.0', '-log-level=WARNING']
2023-11-26 19:45:00;UNIUSDT;30m;4.0;125;32;80;100.0;6;149.14;['-batch-training', '-calc-rsi', '-verbose', '-prediction-mode=index', '-interval-list=30m', '-range-min-rsi=28', '-range-max-rsi=80', '-range-p-ema=50,250', '-target-margin-list=1.0,1.5,2.0,2.5,3.0,3.5,4.0,4.5,5.0', '-log-level=WARNING']
2023-11-26 21:14:21;UNIUSDT;30m;4.0;75;32;80;100.0;6;149.14;['-batch-training', '-calc-rsi', '-verbose', '-prediction-mode=index', '-interval-list=30m', '-range-min-rsi=28', '-range-max-rsi=80', '-range-p-ema=50,250', '-target-margin-list=1.0,1.5,2.0,2.5,3.0,3.5,4.0,4.5,5.0', '-log-level=WARNING']
2023-11-26 20:58:39;UNIUSDT;30m;4.0;50;32;80;100.0;7;149.14;['-batch-training', '-calc-rsi', '-verbose', '-prediction-mode=index', '-interval-list=30m', '-range-min-rsi=28', '-range-max-rsi=80', '-range-p-ema=50,250', '-target-margin-list=1.0,1.5,2.0,2.5,3.0,3.5,4.0,4.5,5.0', '-log-level=WARNING']
2023-11-26 19:45:00;UNIUSDT;30m;4.0;125;32;80;100.0;7;149.14;['-batch-training', '-calc-rsi', '-verbose', '-prediction-mode=index', '-interval-list=30m', '-range-min-rsi=28', '-range-max-rsi=80', '-range-p-ema=50,250', '-target-margin-list=1.0,1.5,2.0,2.5,3.0,3.5,4.0,4.5,5.0', '-log-level=WARNING']
2023-11-26 19:43:15;UNIUSDT;30m;3.5;125;32;76;100.0;7;149.2;['-batch-training', '-calc-rsi', '-verbose', '-prediction-mode=index', '-interval-list=30m', '-range-min-rsi=28', '-range-max-rsi=80', '-range-p-ema=50,250', '-target-margin-list=1.0,1.5,2.0,2.5,3.0,3.5,4.0,4.5,5.0', '-log-level=WARNING']
2023-11-26 19:31:45;UNIUSDT;30m;3.5;100;32;76;100.0;7;149.2;['-batch-training', '-calc-rsi', '-verbose', '-prediction-mode=index', '-interval-list=30m', '-range-min-rsi=28', '-range-max-rsi=80', '-range-p-ema=50,250', '-target-margin-list=1.0,1.5,2.0,2.5,3.0,3.5,4.0,4.5,5.0', '-log-level=WARNING']
2023-11-26 19:31:45;UNIUSDT;30m;3.5;100;32;76;100.0;6;149.2;['-batch-training', '-calc-rsi', '-verbose', '-prediction-mode=index', '-interval-list=30m', '-range-min-rsi=28', '-range-max-rsi=80', '-range-p-ema=50,250', '-target-margin-list=1.0,1.5,2.0,2.5,3.0,3.5,4.0,4.5,5.0', '-log-level=WARNING']
2023-11-26 19:31:45;UNIUSDT;30m;3.5;100;32;76;100.0;5;149.2;['-batch-training', '-calc-rsi', '-verbose', '-prediction-mode=index', '-interval-list=30m', '-range-min-rsi=28', '-range-max-rsi=80', '-range-p-ema=50,250', '-target-margin-list=1.0,1.5,2.0,2.5,3.0,3.5,4.0,4.5,5.0', '-log-level=WARNING']
2023-11-26 20:56:00;UNIUSDT;30m;3.5;50;32;74;100.0;7;149.2;['-batch-training', '-calc-rsi', '-verbose', '-prediction-mode=index', '-interval-list=30m', '-range-min-rsi=28', '-range-max-rsi=80', '-range-p-ema=50,250', '-target-margin-list=1.0,1.5,2.0,2.5,3.0,3.5,4.0,4.5,5.0', '-log-level=WARNING']
2023-11-26 19:43:15;UNIUSDT;30m;3.5;125;32;76;100.0;6;149.2;['-batch-training', '-calc-rsi', '-verbose', '-prediction-mode=index', '-interval-list=30m', '-range-min-rsi=28', '-range-max-rsi=80', '-range-p-ema=50,250', '-target-margin-list=1.0,1.5,2.0,2.5,3.0,3.5,4.0,4.5,5.0', '-log-level=WARNING']
2023-11-26 19:43:00;UNIUSDT;30m;3.5;125;32;74;100.0;5;149.2;['-batch-training', '-calc-rsi', '-verbose', '-prediction-mode=index', '-interval-list=30m', '-range-min-rsi=28', '-range-max-rsi=80', '-range-p-ema=50,250', '-target-margin-list=1.0,1.5,2.0,2.5,3.0,3.5,4.0,4.5,5.0', '-log-level=WARNING']
2023-11-26 20:56:21;UNIUSDT;30m;3.5;50;32;76;100.0;7;149.2;['-batch-training', '-calc-rsi', '-verbose', '-prediction-mode=index', '-interval-list=30m', '-range-min-rsi=28', '-range-max-rsi=80', '-range-p-ema=50,250', '-target-margin-list=1.0,1.5,2.0,2.5,3.0,3.5,4.0,4.5,5.0', '-log-level=WARNING']
2023-11-26 21:11:59;UNIUSDT;30m;3.5;75;32;76;100.0;7;149.2;['-batch-training', '-calc-rsi', '-verbose', '-prediction-mode=index', '-interval-list=30m', '-range-min-rsi=28', '-range-max-rsi=80', '-range-p-ema=50,250', '-target-margin-list=1.0,1.5,2.0,2.5,3.0,3.5,4.0,4.5,5.0', '-log-level=WARNING']
2023-11-26 19:43:30;UNIUSDT;30m;3.5;125;32;78;100.0;6;149.2;['-batch-training', '-calc-rsi', '-verbose', '-prediction-mode=index', '-interval-list=30m', '-range-min-rsi=28', '-range-max-rsi=80', '-range-p-ema=50,250', '-target-margin-list=1.0,1.5,2.0,2.5,3.0,3.5,4.0,4.5,5.0', '-log-level=WARNING']
2023-11-26 19:31:30;UNIUSDT;30m;3.5;100;32;74;100.0;7;149.2;['-batch-training', '-calc-rsi', '-verbose', '-prediction-mode=index', '-interval-list=30m', '-range-min-rsi=28', '-range-max-rsi=80', '-range-p-ema=50,250', '-target-margin-list=1.0,1.5,2.0,2.5,3.0,3.5,4.0,4.5,5.0', '-log-level=WARNING']
2023-11-26 19:31:30;UNIUSDT;30m;3.5;100;32;74;100.0;5;149.2;['-batch-training', '-calc-rsi', '-verbose', '-prediction-mode=index', '-interval-list=30m', '-range-min-rsi=28', '-range-max-rsi=80', '-range-p-ema=50,250', '-target-margin-list=1.0,1.5,2.0,2.5,3.0,3.5,4.0,4.5,5.0', '-log-level=WARNING']
2023-11-26 19:31:30;UNIUSDT;30m;3.5;100;32;74;100.0;6;149.2;['-batch-training', '-calc-rsi', '-verbose', '-prediction-mode=index', '-interval-list=30m', '-range-min-rsi=28', '-range-max-rsi=80', '-range-p-ema=50,250', '-target-margin-list=1.0,1.5,2.0,2.5,3.0,3.5,4.0,4.5,5.0', '-log-level=WARNING']
2023-11-26 19:43:30;UNIUSDT;30m;3.5;125;32;78;100.0;7;149.2;['-batch-training', '-calc-rsi', '-verbose', '-prediction-mode=index', '-interval-list=30m', '-range-min-rsi=28', '-range-max-rsi=80', '-range-p-ema=50,250', '-target-margin-list=1.0,1.5,2.0,2.5,3.0,3.5,4.0,4.5,5.0', '-log-level=WARNING']
2023-11-26 20:56:39;UNIUSDT;30m;3.5;50;32;78;100.0;5;149.2;['-batch-training', '-calc-rsi', '-verbose', '-prediction-mode=index', '-interval-list=30m', '-range-min-rsi=28', '-range-max-rsi=80', '-range-p-ema=50,250', '-target-margin-list=1.0,1.5,2.0,2.5,3.0,3.5,4.0,4.5,5.0', '-log-level=WARNING']
2023-11-26 20:56:39;UNIUSDT;30m;3.5;50;32;78;100.0;6;149.2;['-batch-training', '-calc-rsi', '-verbose', '-prediction-mode=index', '-interval-list=30m', '-range-min-rsi=28', '-range-max-rsi=80', '-range-p-ema=50,250', '-target-margin-list=1.0,1.5,2.0,2.5,3.0,3.5,4.0,4.5,5.0', '-log-level=WARNING']
2023-11-26 20:56:39;UNIUSDT;30m;3.5;50;32;78;100.0;7;149.2;['-batch-training', '-calc-rsi', '-verbose', '-prediction-mode=index', '-interval-list=30m', '-range-min-rsi=28', '-range-max-rsi=80', '-range-p-ema=50,250', '-target-margin-list=1.0,1.5,2.0,2.5,3.0,3.5,4.0,4.5,5.0', '-log-level=WARNING']
2023-11-26 19:43:30;UNIUSDT;30m;3.5;125;32;78;100.0;5;149.2;['-batch-training', '-calc-rsi', '-verbose', '-prediction-mode=index', '-interval-list=30m', '-range-min-rsi=28', '-range-max-rsi=80', '-range-p-ema=50,250', '-target-margin-list=1.0,1.5,2.0,2.5,3.0,3.5,4.0,4.5,5.0', '-log-level=WARNING']
2023-11-26 21:12:21;UNIUSDT;30m;3.5;75;32;78;100.0;6;149.2;['-batch-training', '-calc-rsi', '-verbose', '-prediction-mode=index', '-interval-list=30m', '-range-min-rsi=28', '-range-max-rsi=80', '-range-p-ema=50,250', '-target-margin-list=1.0,1.5,2.0,2.5,3.0,3.5,4.0,4.5,5.0', '-log-level=WARNING']
2023-11-26 21:12:21;UNIUSDT;30m;3.5;75;32;78;100.0;7;149.2;['-batch-training', '-calc-rsi', '-verbose', '-prediction-mode=index', '-interval-list=30m', '-range-min-rsi=28', '-range-max-rsi=80', '-range-p-ema=50,250', '-target-margin-list=1.0,1.5,2.0,2.5,3.0,3.5,4.0,4.5,5.0', '-log-level=WARNING']
2023-11-26 21:11:59;UNIUSDT;30m;3.5;75;32;76;100.0;6;149.2;['-batch-training', '-calc-rsi', '-verbose', '-prediction-mode=index', '-interval-list=30m', '-range-min-rsi=28', '-range-max-rsi=80', '-range-p-ema=50,250', '-target-margin-list=1.0,1.5,2.0,2.5,3.0,3.5,4.0,4.5,5.0', '-log-level=WARNING']
2023-11-26 21:11:59;UNIUSDT;30m;3.5;75;32;76;100.0;5;149.2;['-batch-training', '-calc-rsi', '-verbose', '-prediction-mode=index', '-interval-list=30m', '-range-min-rsi=28', '-range-max-rsi=80', '-range-p-ema=50,250', '-target-margin-list=1.0,1.5,2.0,2.5,3.0,3.5,4.0,4.5,5.0', '-log-level=WARNING']
2023-11-26 21:12:21;UNIUSDT;30m;3.5;75;32;78;100.0;5;149.2;['-batch-training', '-calc-rsi', '-verbose', '-prediction-mode=index', '-interval-list=30m', '-range-min-rsi=28', '-range-max-rsi=80', '-range-p-ema=50,250', '-target-margin-list=1.0,1.5,2.0,2.5,3.0,3.5,4.0,4.5,5.0', '-log-level=WARNING']
2023-11-26 20:56:20;UNIUSDT;30m;3.5;50;32;76;100.0;6;149.2;['-batch-training', '-calc-rsi', '-verbose', '-prediction-mode=index', '-interval-list=30m', '-range-min-rsi=28', '-range-max-rsi=80', '-range-p-ema=50,250', '-target-margin-list=1.0,1.5,2.0,2.5,3.0,3.5,4.0,4.5,5.0', '-log-level=WARNING']
2023-11-26 20:56:00;UNIUSDT;30m;3.5;50;32;74;100.0;6;149.2;['-batch-training', '-calc-rsi', '-verbose', '-prediction-mode=index', '-interval-list=30m', '-range-min-rsi=28', '-range-max-rsi=80', '-range-p-ema=50,250', '-target-margin-list=1.0,1.5,2.0,2.5,3.0,3.5,4.0,4.5,5.0', '-log-level=WARNING']
2023-11-26 20:56:00;UNIUSDT;30m;3.5;50;32;74;100.0;5;149.2;['-batch-training', '-calc-rsi', '-verbose', '-prediction-mode=index', '-interval-list=30m', '-range-min-rsi=28', '-range-max-rsi=80', '-range-p-ema=50,250', '-target-margin-list=1.0,1.5,2.0,2.5,3.0,3.5,4.0,4.5,5.0', '-log-level=WARNING']
2023-11-26 19:43:00;UNIUSDT;30m;3.5;125;32;74;100.0;7;149.2;['-batch-training', '-calc-rsi', '-verbose', '-prediction-mode=index', '-interval-list=30m', '-range-min-rsi=28', '-range-max-rsi=80', '-range-p-ema=50,250', '-target-margin-list=1.0,1.5,2.0,2.5,3.0,3.5,4.0,4.5,5.0', '-log-level=WARNING']
2023-11-26 21:11:38;UNIUSDT;30m;3.5;75;32;74;100.0;5;149.2;['-batch-training', '-calc-rsi', '-verbose', '-prediction-mode=index', '-interval-list=30m', '-range-min-rsi=28', '-range-max-rsi=80', '-range-p-ema=50,250', '-target-margin-list=1.0,1.5,2.0,2.5,3.0,3.5,4.0,4.5,5.0', '-log-level=WARNING']
2023-11-26 21:11:38;UNIUSDT;30m;3.5;75;32;74;100.0;6;149.2;['-batch-training', '-calc-rsi', '-verbose', '-prediction-mode=index', '-interval-list=30m', '-range-min-rsi=28', '-range-max-rsi=80', '-range-p-ema=50,250', '-target-margin-list=1.0,1.5,2.0,2.5,3.0,3.5,4.0,4.5,5.0', '-log-level=WARNING']
2023-11-26 19:43:00;UNIUSDT;30m;3.5;125;32;74;100.0;6;149.2;['-batch-training', '-calc-rsi', '-verbose', '-prediction-mode=index', '-interval-list=30m', '-range-min-rsi=28', '-range-max-rsi=80', '-range-p-ema=50,250', '-target-margin-list=1.0,1.5,2.0,2.5,3.0,3.5,4.0,4.5,5.0', '-log-level=WARNING']
2023-11-26 19:32:00;UNIUSDT;30m;3.5;100;32;78;100.0;5;149.2;['-batch-training', '-calc-rsi', '-verbose', '-prediction-mode=index', '-interval-list=30m', '-range-min-rsi=28', '-range-max-rsi=80', '-range-p-ema=50,250', '-target-margin-list=1.0,1.5,2.0,2.5,3.0,3.5,4.0,4.5,5.0', '-log-level=WARNING']
2023-11-26 19:32:00;UNIUSDT;30m;3.5;100;32;78;100.0;6;149.2;['-batch-training', '-calc-rsi', '-verbose', '-prediction-mode=index', '-interval-list=30m', '-range-min-rsi=28', '-range-max-rsi=80', '-range-p-ema=50,250', '-target-margin-list=1.0,1.5,2.0,2.5,3.0,3.5,4.0,4.5,5.0', '-log-level=WARNING']
2023-11-26 20:56:20;UNIUSDT;30m;3.5;50;32;76;100.0;5;149.2;['-batch-training', '-calc-rsi', '-verbose', '-prediction-mode=index', '-interval-list=30m', '-range-min-rsi=28', '-range-max-rsi=80', '-range-p-ema=50,250', '-target-margin-list=1.0,1.5,2.0,2.5,3.0,3.5,4.0,4.5,5.0', '-log-level=WARNING']
2023-11-26 19:32:00;UNIUSDT;30m;3.5;100;32;78;100.0;7;149.2;['-batch-training', '-calc-rsi', '-verbose', '-prediction-mode=index', '-interval-list=30m', '-range-min-rsi=28', '-range-max-rsi=80', '-range-p-ema=50,250', '-target-margin-list=1.0,1.5,2.0,2.5,3.0,3.5,4.0,4.5,5.0', '-log-level=WARNING']
2023-11-26 21:11:38;UNIUSDT;30m;3.5;75;32;74;100.0;7;149.2;['-batch-training', '-calc-rsi', '-verbose', '-prediction-mode=index', '-interval-list=30m', '-range-min-rsi=28', '-range-max-rsi=80', '-range-p-ema=50,250', '-target-margin-list=1.0,1.5,2.0,2.5,3.0,3.5,4.0,4.5,5.0', '-log-level=WARNING']
2023-11-26 19:43:15;UNIUSDT;30m;3.5;125;32;76;100.0;5;149.2;['-batch-training', '-calc-rsi', '-verbose', '-prediction-mode=index', '-interval-list=30m', '-range-min-rsi=28', '-range-max-rsi=80', '-range-p-ema=50,250', '-target-margin-list=1.0,1.5,2.0,2.5,3.0,3.5,4.0,4.5,5.0', '-log-level=WARNING']
2023-11-26 20:55:09;UNIUSDT;30m;3.0;50;36;78;100.0;7;149.24;['-batch-training', '-calc-rsi', '-verbose', '-prediction-mode=index', '-interval-list=30m', '-range-min-rsi=28', '-range-max-rsi=80', '-range-p-ema=50,250', '-target-margin-list=1.0,1.5,2.0,2.5,3.0,3.5,4.0,4.5,5.0', '-log-level=WARNING']
2023-11-26 19:41:50;UNIUSDT;30m;3.0;125;36;74;100.0;7;149.24;['-batch-training', '-calc-rsi', '-verbose', '-prediction-mode=index', '-interval-list=30m', '-range-min-rsi=28', '-range-max-rsi=80', '-range-p-ema=50,250', '-target-margin-list=1.0,1.5,2.0,2.5,3.0,3.5,4.0,4.5,5.0', '-log-level=WARNING']
2023-11-26 19:42:05;UNIUSDT;30m;3.0;125;36;76;100.0;7;149.24;['-batch-training', '-calc-rsi', '-verbose', '-prediction-mode=index', '-interval-list=30m', '-range-min-rsi=28', '-range-max-rsi=80', '-range-p-ema=50,250', '-target-margin-list=1.0,1.5,2.0,2.5,3.0,3.5,4.0,4.5,5.0', '-log-level=WARNING']
2023-11-26 19:30:51;UNIUSDT;30m;3.0;100;36;78;100.0;6;149.24;['-batch-training', '-calc-rsi', '-verbose', '-prediction-mode=index', '-interval-list=30m', '-range-min-rsi=28', '-range-max-rsi=80', '-range-p-ema=50,250', '-target-margin-list=1.0,1.5,2.0,2.5,3.0,3.5,4.0,4.5,5.0', '-log-level=WARNING']
2023-11-26 19:30:35;UNIUSDT;30m;3.0;100;36;76;100.0;6;149.24;['-batch-training', '-calc-rsi', '-verbose', '-prediction-mode=index', '-interval-list=30m', '-range-min-rsi=28', '-range-max-rsi=80', '-range-p-ema=50,250', '-target-margin-list=1.0,1.5,2.0,2.5,3.0,3.5,4.0,4.5,5.0', '-log-level=WARNING']
2023-11-26 21:10:00;UNIUSDT;30m;3.0;75;36;74;100.0;6;149.24;['-batch-training', '-calc-rsi', '-verbose', '-prediction-mode=index', '-interval-list=30m', '-range-min-rsi=28', '-range-max-rsi=80', '-range-p-ema=50,250', '-target-margin-list=1.0,1.5,2.0,2.5,3.0,3.5,4.0,4.5,5.0', '-log-level=WARNING']
2023-11-26 21:10:21;UNIUSDT;30m;3.0;75;36;76;100.0;6;149.24;['-batch-training', '-calc-rsi', '-verbose', '-prediction-mode=index', '-interval-list=30m', '-range-min-rsi=28', '-range-max-rsi=80', '-range-p-ema=50,250', '-target-margin-list=1.0,1.5,2.0,2.5,3.0,3.5,4.0,4.5,5.0', '-log-level=WARNING']
2023-11-26 21:10:21;UNIUSDT;30m;3.0;75;36;76;100.0;7;149.24;['-batch-training', '-calc-rsi', '-verbose', '-prediction-mode=index', '-interval-list=30m', '-range-min-rsi=28', '-range-max-rsi=80', '-range-p-ema=50,250', '-target-margin-list=1.0,1.5,2.0,2.5,3.0,3.5,4.0,4.5,5.0', '-log-level=WARNING']
2023-11-26 21:10:00;UNIUSDT;30m;3.0;75;36;74;100.0;7;149.24;['-batch-training', '-calc-rsi', '-verbose', '-prediction-mode=index', '-interval-list=30m', '-range-min-rsi=28', '-range-max-rsi=80', '-range-p-ema=50,250', '-target-margin-list=1.0,1.5,2.0,2.5,3.0,3.5,4.0,4.5,5.0', '-log-level=WARNING']
2023-11-26 20:54:30;UNIUSDT;30m;3.0;50;36;74;100.0;6;149.24;['-batch-training', '-calc-rsi', '-verbose', '-prediction-mode=index', '-interval-list=30m', '-range-min-rsi=28', '-range-max-rsi=80', '-range-p-ema=50,250', '-target-margin-list=1.0,1.5,2.0,2.5,3.0,3.5,4.0,4.5,5.0', '-log-level=WARNING']
2023-11-26 20:55:09;UNIUSDT;30m;3.0;50;36;78;100.0;6;149.24;['-batch-training', '-calc-rsi', '-verbose', '-prediction-mode=index', '-interval-list=30m', '-range-min-rsi=28', '-range-max-rsi=80', '-range-p-ema=50,250', '-target-margin-list=1.0,1.5,2.0,2.5,3.0,3.5,4.0,4.5,5.0', '-log-level=WARNING']
2023-11-26 19:30:51;UNIUSDT;30m;3.0;100;36;78;100.0;7;149.24;['-batch-training', '-calc-rsi', '-verbose', '-prediction-mode=index', '-interval-list=30m', '-range-min-rsi=28', '-range-max-rsi=80', '-range-p-ema=50,250', '-target-margin-list=1.0,1.5,2.0,2.5,3.0,3.5,4.0,4.5,5.0', '-log-level=WARNING']
2023-11-26 21:10:42;UNIUSDT;30m;3.0;75;36;78;100.0;6;149.24;['-batch-training', '-calc-rsi', '-verbose', '-prediction-mode=index', '-interval-list=30m', '-range-min-rsi=28', '-range-max-rsi=80', '-range-p-ema=50,250', '-target-margin-list=1.0,1.5,2.0,2.5,3.0,3.5,4.0,4.5,5.0', '-log-level=WARNING']
2023-11-26 19:30:35;UNIUSDT;30m;3.0;100;36;76;100.0;7;149.24;['-batch-training', '-calc-rsi', '-verbose', '-prediction-mode=index', '-interval-list=30m', '-range-min-rsi=28', '-range-max-rsi=80', '-range-p-ema=50,250', '-target-margin-list=1.0,1.5,2.0,2.5,3.0,3.5,4.0,4.5,5.0', '-log-level=WARNING']
2023-11-26 20:54:50;UNIUSDT;30m;3.0;50;36;76;100.0;6;149.24;['-batch-training', '-calc-rsi', '-verbose', '-prediction-mode=index', '-interval-list=30m', '-range-min-rsi=28', '-range-max-rsi=80', '-range-p-ema=50,250', '-target-margin-list=1.0,1.5,2.0,2.5,3.0,3.5,4.0,4.5,5.0', '-log-level=WARNING']
2023-11-26 20:54:30;UNIUSDT;30m;3.0;50;36;74;100.0;7;149.24;['-batch-training', '-calc-rsi', '-verbose', '-prediction-mode=index', '-interval-list=30m', '-range-min-rsi=28', '-range-max-rsi=80', '-range-p-ema=50,250', '-target-margin-list=1.0,1.5,2.0,2.5,3.0,3.5,4.0,4.5,5.0', '-log-level=WARNING']
2023-11-26 20:54:50;UNIUSDT;30m;3.0;50;36;76;100.0;7;149.24;['-batch-training', '-calc-rsi', '-verbose', '-prediction-mode=index', '-interval-list=30m', '-range-min-rsi=28', '-range-max-rsi=80', '-range-p-ema=50,250', '-target-margin-list=1.0,1.5,2.0,2.5,3.0,3.5,4.0,4.5,5.0', '-log-level=WARNING']
2023-11-26 19:42:06;UNIUSDT;30m;3.0;125;36;76;100.0;6;149.24;['-batch-training', '-calc-rsi', '-verbose', '-prediction-mode=index', '-interval-list=30m', '-range-min-rsi=28', '-range-max-rsi=80', '-range-p-ema=50,250', '-target-margin-list=1.0,1.5,2.0,2.5,3.0,3.5,4.0,4.5,5.0', '-log-level=WARNING']
2023-11-26 21:10:42;UNIUSDT;30m;3.0;75;36;78;100.0;7;149.24;['-batch-training', '-calc-rsi', '-verbose', '-prediction-mode=index', '-interval-list=30m', '-range-min-rsi=28', '-range-max-rsi=80', '-range-p-ema=50,250', '-target-margin-list=1.0,1.5,2.0,2.5,3.0,3.5,4.0,4.5,5.0', '-log-level=WARNING']
2023-11-26 19:30:20;UNIUSDT;30m;3.0;100;36;74;100.0;7;149.24;['-batch-training', '-calc-rsi', '-verbose', '-prediction-mode=index', '-interval-list=30m', '-range-min-rsi=28', '-range-max-rsi=80', '-range-p-ema=50,250', '-target-margin-list=1.0,1.5,2.0,2.5,3.0,3.5,4.0,4.5,5.0', '-log-level=WARNING']
2023-11-26 19:30:20;UNIUSDT;30m;3.0;100;36;74;100.0;6;149.24;['-batch-training', '-calc-rsi', '-verbose', '-prediction-mode=index', '-interval-list=30m', '-range-min-rsi=28', '-range-max-rsi=80', '-range-p-ema=50,250', '-target-margin-list=1.0,1.5,2.0,2.5,3.0,3.5,4.0,4.5,5.0', '-log-level=WARNING']
2023-11-26 19:42:21;UNIUSDT;30m;3.0;125;36;78;100.0;7;149.24;['-batch-training', '-calc-rsi', '-verbose', '-prediction-mode=index', '-interval-list=30m', '-range-min-rsi=28', '-range-max-rsi=80', '-range-p-ema=50,250', '-target-margin-list=1.0,1.5,2.0,2.5,3.0,3.5,4.0,4.5,5.0', '-log-level=WARNING']
2023-11-26 19:41:50;UNIUSDT;30m;3.0;125;36;74;100.0;6;149.24;['-batch-training', '-calc-rsi', '-verbose', '-prediction-mode=index', '-interval-list=30m', '-range-min-rsi=28', '-range-max-rsi=80', '-range-p-ema=50,250', '-target-margin-list=1.0,1.5,2.0,2.5,3.0,3.5,4.0,4.5,5.0', '-log-level=WARNING']
2023-11-26 19:42:21;UNIUSDT;30m;3.0;125;36;78;100.0;6;149.24;['-batch-training', '-calc-rsi', '-verbose', '-prediction-mode=index', '-interval-list=30m', '-range-min-rsi=28', '-range-max-rsi=80', '-range-p-ema=50,250', '-target-margin-list=1.0,1.5,2.0,2.5,3.0,3.5,4.0,4.5,5.0', '-log-level=WARNING']
2023-11-26 20:02:15;UNIUSDT;30m;2.5;175;32;74;100.0;3;149.3;['-batch-training', '-calc-rsi', '-verbose', '-prediction-mode=index', '-interval-list=30m', '-range-min-rsi=28', '-range-max-rsi=80', '-range-p-ema=50,250', '-target-margin-list=1.0,1.5,2.0,2.5,3.0,3.5,4.0,4.5,5.0', '-log-level=WARNING']
2023-11-26 20:12:43;UNIUSDT;30m;2.5;200;32;74;100.0;3;149.3;['-batch-training', '-calc-rsi', '-verbose', '-prediction-mode=index', '-interval-list=30m', '-range-min-rsi=28', '-range-max-rsi=80', '-range-p-ema=50,250', '-target-margin-list=1.0,1.5,2.0,2.5,3.0,3.5,4.0,4.5,5.0', '-log-level=WARNING']
2023-11-26 20:38:35;UNIUSDT;30m;2.5;250;32;74;100.0;3;149.3;['-batch-training', '-calc-rsi', '-verbose', '-prediction-mode=index', '-interval-list=30m', '-range-min-rsi=28', '-range-max-rsi=80', '-range-p-ema=50,250', '-target-margin-list=1.0,1.5,2.0,2.5,3.0,3.5,4.0,4.5,5.0', '-log-level=WARNING']
2023-11-26 19:51:59;UNIUSDT;30m;2.5;150;32;74;100.0;3;149.3;['-batch-training', '-calc-rsi', '-verbose', '-prediction-mode=index', '-interval-list=30m', '-range-min-rsi=28', '-range-max-rsi=80', '-range-p-ema=50,250', '-target-margin-list=1.0,1.5,2.0,2.5,3.0,3.5,4.0,4.5,5.0', '-log-level=WARNING']
2023-11-26 20:25:19;UNIUSDT;30m;2.5;225;32;74;100.0;3;149.3;['-batch-training', '-calc-rsi', '-verbose', '-prediction-mode=index', '-interval-list=30m', '-range-min-rsi=28', '-range-max-rsi=80', '-range-p-ema=50,250', '-target-margin-list=1.0,1.5,2.0,2.5,3.0,3.5,4.0,4.5,5.0', '-log-level=WARNING']
2023-11-26 21:04:10;UNIUSDT;30m;1.5;75;34;72;100.0;7;149.45;['-batch-training', '-calc-rsi', '-verbose', '-prediction-mode=index', '-interval-list=30m', '-range-min-rsi=28', '-range-max-rsi=80', '-range-p-ema=50,250', '-target-margin-list=1.0,1.5,2.0,2.5,3.0,3.5,4.0,4.5,5.0', '-log-level=WARNING']
2023-11-26 19:26:10;UNIUSDT;30m;1.5;100;34;72;100.0;7;149.45;['-batch-training', '-calc-rsi', '-verbose', '-prediction-mode=index', '-interval-list=30m', '-range-min-rsi=28', '-range-max-rsi=80', '-range-p-ema=50,250', '-target-margin-list=1.0,1.5,2.0,2.5,3.0,3.5,4.0,4.5,5.0', '-log-level=WARNING']
2023-11-26 20:49:12;UNIUSDT;30m;1.5;50;34;72;100.0;7;149.45;['-batch-training', '-calc-rsi', '-verbose', '-prediction-mode=index', '-interval-list=30m', '-range-min-rsi=28', '-range-max-rsi=80', '-range-p-ema=50,250', '-target-margin-list=1.0,1.5,2.0,2.5,3.0,3.5,4.0,4.5,5.0', '-log-level=WARNING']
2023-11-26 19:37:39;UNIUSDT;30m;1.5;125;34;72;100.0;7;149.45;['-batch-training', '-calc-rsi', '-verbose', '-prediction-mode=index', '-interval-list=30m', '-range-min-rsi=28', '-range-max-rsi=80', '-range-p-ema=50,250', '-target-margin-list=1.0,1.5,2.0,2.5,3.0,3.5,4.0,4.5,5.0', '-log-level=WARNING']
2023-11-26 20:25:09;UNIUSDT;30m;2.5;225;36;72;100.0;4;149.49;['-batch-training', '-calc-rsi', '-verbose', '-prediction-mode=index', '-interval-list=30m', '-range-min-rsi=28', '-range-max-rsi=80', '-range-p-ema=50,250', '-target-margin-list=1.0,1.5,2.0,2.5,3.0,3.5,4.0,4.5,5.0', '-log-level=WARNING']
2023-11-26 20:03:21;UNIUSDT;30m;3.0;175;32;74;100.0;3;149.5;['-batch-training', '-calc-rsi', '-verbose', '-prediction-mode=index', '-interval-list=30m', '-range-min-rsi=28', '-range-max-rsi=80', '-range-p-ema=50,250', '-target-margin-list=1.0,1.5,2.0,2.5,3.0,3.5,4.0,4.5,5.0', '-log-level=WARNING']
2023-11-26 20:26:45;UNIUSDT;30m;3.0;225;32;74;100.0;3;149.5;['-batch-training', '-calc-rsi', '-verbose', '-prediction-mode=index', '-interval-list=30m', '-range-min-rsi=28', '-range-max-rsi=80', '-range-p-ema=50,250', '-target-margin-list=1.0,1.5,2.0,2.5,3.0,3.5,4.0,4.5,5.0', '-log-level=WARNING']
2023-11-26 19:53:10;UNIUSDT;30m;3.0;150;32;74;100.0;3;149.5;['-batch-training', '-calc-rsi', '-verbose', '-prediction-mode=index', '-interval-list=30m', '-range-min-rsi=28', '-range-max-rsi=80', '-range-p-ema=50,250', '-target-margin-list=1.0,1.5,2.0,2.5,3.0,3.5,4.0,4.5,5.0', '-log-level=WARNING']
2023-11-26 20:14:05;UNIUSDT;30m;3.0;200;32;74;100.0;3;149.5;['-batch-training', '-calc-rsi', '-verbose', '-prediction-mode=index', '-interval-list=30m', '-range-min-rsi=28', '-range-max-rsi=80', '-range-p-ema=50,250', '-target-margin-list=1.0,1.5,2.0,2.5,3.0,3.5,4.0,4.5,5.0', '-log-level=WARNING']
2023-11-26 20:40:05;UNIUSDT;30m;3.0;250;32;74;100.0;3;149.5;['-batch-training', '-calc-rsi', '-verbose', '-prediction-mode=index', '-interval-list=30m', '-range-min-rsi=28', '-range-max-rsi=80', '-range-p-ema=50,250', '-target-margin-list=1.0,1.5,2.0,2.5,3.0,3.5,4.0,4.5,5.0', '-log-level=WARNING']
2023-11-26 20:56:08;UNIUSDT;30m;3.5;50;36;74;100.0;2;149.8;['-batch-training', '-calc-rsi', '-verbose', '-prediction-mode=index', '-interval-list=30m', '-range-min-rsi=28', '-range-max-rsi=80', '-range-p-ema=50,250', '-target-margin-list=1.0,1.5,2.0,2.5,3.0,3.5,4.0,4.5,5.0', '-log-level=WARNING']
2023-11-26 21:11:46;UNIUSDT;30m;3.5;75;36;74;100.0;2;149.8;['-batch-training', '-calc-rsi', '-verbose', '-prediction-mode=index', '-interval-list=30m', '-range-min-rsi=28', '-range-max-rsi=80', '-range-p-ema=50,250', '-target-margin-list=1.0,1.5,2.0,2.5,3.0,3.5,4.0,4.5,5.0', '-log-level=WARNING']
2023-11-26 19:43:06;UNIUSDT;30m;3.5;125;36;74;100.0;2;149.8;['-batch-training', '-calc-rsi', '-verbose', '-prediction-mode=index', '-interval-list=30m', '-range-min-rsi=28', '-range-max-rsi=80', '-range-p-ema=50,250', '-target-margin-list=1.0,1.5,2.0,2.5,3.0,3.5,4.0,4.5,5.0', '-log-level=WARNING']
2023-11-26 19:31:36;UNIUSDT;30m;3.5;100;36;74;100.0;2;149.8;['-batch-training', '-calc-rsi', '-verbose', '-prediction-mode=index', '-interval-list=30m', '-range-min-rsi=28', '-range-max-rsi=80', '-range-p-ema=50,250', '-target-margin-list=1.0,1.5,2.0,2.5,3.0,3.5,4.0,4.5,5.0', '-log-level=WARNING']
2023-11-26 21:11:09;UNIUSDT;30m;3.5;75;28;72;100.0;6;149.81;['-batch-training', '-calc-rsi', '-verbose', '-prediction-mode=index', '-interval-list=30m', '-range-min-rsi=28', '-range-max-rsi=80', '-range-p-ema=50,250', '-target-margin-list=1.0,1.5,2.0,2.5,3.0,3.5,4.0,4.5,5.0', '-log-level=WARNING']
2023-11-26 19:31:09;UNIUSDT;30m;3.5;100;28;72;100.0;6;149.81;['-batch-training', '-calc-rsi', '-verbose', '-prediction-mode=index', '-interval-list=30m', '-range-min-rsi=28', '-range-max-rsi=80', '-range-p-ema=50,250', '-target-margin-list=1.0,1.5,2.0,2.5,3.0,3.5,4.0,4.5,5.0', '-log-level=WARNING']
2023-11-26 20:15:03;UNIUSDT;30m;3.5;200;28;72;100.0;7;149.81;['-batch-training', '-calc-rsi', '-verbose', '-prediction-mode=index', '-interval-list=30m', '-range-min-rsi=28', '-range-max-rsi=80', '-range-p-ema=50,250', '-target-margin-list=1.0,1.5,2.0,2.5,3.0,3.5,4.0,4.5,5.0', '-log-level=WARNING']
2023-11-26 20:55:33;UNIUSDT;30m;3.5;50;28;72;100.0;6;149.81;['-batch-training', '-calc-rsi', '-verbose', '-prediction-mode=index', '-interval-list=30m', '-range-min-rsi=28', '-range-max-rsi=80', '-range-p-ema=50,250', '-target-margin-list=1.0,1.5,2.0,2.5,3.0,3.5,4.0,4.5,5.0', '-log-level=WARNING']
2023-11-26 19:42:39;UNIUSDT;30m;3.5;125;28;72;100.0;6;149.81;['-batch-training', '-calc-rsi', '-verbose', '-prediction-mode=index', '-interval-list=30m', '-range-min-rsi=28', '-range-max-rsi=80', '-range-p-ema=50,250', '-target-margin-list=1.0,1.5,2.0,2.5,3.0,3.5,4.0,4.5,5.0', '-log-level=WARNING']
2023-11-26 20:41:13;UNIUSDT;30m;3.5;250;28;72;100.0;7;149.81;['-batch-training', '-calc-rsi', '-verbose', '-prediction-mode=index', '-interval-list=30m', '-range-min-rsi=28', '-range-max-rsi=80', '-range-p-ema=50,250', '-target-margin-list=1.0,1.5,2.0,2.5,3.0,3.5,4.0,4.5,5.0', '-log-level=WARNING']
2023-11-26 19:42:39;UNIUSDT;30m;3.5;125;28;72;100.0;7;149.81;['-batch-training', '-calc-rsi', '-verbose', '-prediction-mode=index', '-interval-list=30m', '-range-min-rsi=28', '-range-max-rsi=80', '-range-p-ema=50,250', '-target-margin-list=1.0,1.5,2.0,2.5,3.0,3.5,4.0,4.5,5.0', '-log-level=WARNING']
2023-11-26 20:15:03;UNIUSDT;30m;3.5;200;28;72;100.0;6;149.81;['-batch-training', '-calc-rsi', '-verbose', '-prediction-mode=index', '-interval-list=30m', '-range-min-rsi=28', '-range-max-rsi=80', '-range-p-ema=50,250', '-target-margin-list=1.0,1.5,2.0,2.5,3.0,3.5,4.0,4.5,5.0', '-log-level=WARNING']
2023-11-26 20:55:33;UNIUSDT;30m;3.5;50;28;72;100.0;7;149.81;['-batch-training', '-calc-rsi', '-verbose', '-prediction-mode=index', '-interval-list=30m', '-range-min-rsi=28', '-range-max-rsi=80', '-range-p-ema=50,250', '-target-margin-list=1.0,1.5,2.0,2.5,3.0,3.5,4.0,4.5,5.0', '-log-level=WARNING']
2023-11-26 19:53:59;UNIUSDT;30m;3.5;150;28;72;100.0;7;149.81;['-batch-training', '-calc-rsi', '-verbose', '-prediction-mode=index', '-interval-list=30m', '-range-min-rsi=28', '-range-max-rsi=80', '-range-p-ema=50,250', '-target-margin-list=1.0,1.5,2.0,2.5,3.0,3.5,4.0,4.5,5.0', '-log-level=WARNING']
2023-11-26 20:04:08;UNIUSDT;30m;3.5;175;28;72;100.0;6;149.81;['-batch-training', '-calc-rsi', '-verbose', '-prediction-mode=index', '-interval-list=30m', '-range-min-rsi=28', '-range-max-rsi=80', '-range-p-ema=50,250', '-target-margin-list=1.0,1.5,2.0,2.5,3.0,3.5,4.0,4.5,5.0', '-log-level=WARNING']
2023-11-26 20:04:09;UNIUSDT;30m;3.5;175;28;72;100.0;7;149.81;['-batch-training', '-calc-rsi', '-verbose', '-prediction-mode=index', '-interval-list=30m', '-range-min-rsi=28', '-range-max-rsi=80', '-range-p-ema=50,250', '-target-margin-list=1.0,1.5,2.0,2.5,3.0,3.5,4.0,4.5,5.0', '-log-level=WARNING']
2023-11-26 19:53:59;UNIUSDT;30m;3.5;150;28;72;100.0;6;149.81;['-batch-training', '-calc-rsi', '-verbose', '-prediction-mode=index', '-interval-list=30m', '-range-min-rsi=28', '-range-max-rsi=80', '-range-p-ema=50,250', '-target-margin-list=1.0,1.5,2.0,2.5,3.0,3.5,4.0,4.5,5.0', '-log-level=WARNING']
2023-11-26 21:11:09;UNIUSDT;30m;3.5;75;28;72;100.0;7;149.81;['-batch-training', '-calc-rsi', '-verbose', '-prediction-mode=index', '-interval-list=30m', '-range-min-rsi=28', '-range-max-rsi=80', '-range-p-ema=50,250', '-target-margin-list=1.0,1.5,2.0,2.5,3.0,3.5,4.0,4.5,5.0', '-log-level=WARNING']
2023-11-26 20:27:48;UNIUSDT;30m;3.5;225;28;72;100.0;6;149.81;['-batch-training', '-calc-rsi', '-verbose', '-prediction-mode=index', '-interval-list=30m', '-range-min-rsi=28', '-range-max-rsi=80', '-range-p-ema=50,250', '-target-margin-list=1.0,1.5,2.0,2.5,3.0,3.5,4.0,4.5,5.0', '-log-level=WARNING']
2023-11-26 20:27:48;UNIUSDT;30m;3.5;225;28;72;100.0;7;149.81;['-batch-training', '-calc-rsi', '-verbose', '-prediction-mode=index', '-interval-list=30m', '-range-min-rsi=28', '-range-max-rsi=80', '-range-p-ema=50,250', '-target-margin-list=1.0,1.5,2.0,2.5,3.0,3.5,4.0,4.5,5.0', '-log-level=WARNING']
2023-11-26 20:41:13;UNIUSDT;30m;3.5;250;28;72;100.0;6;149.81;['-batch-training', '-calc-rsi', '-verbose', '-prediction-mode=index', '-interval-list=30m', '-range-min-rsi=28', '-range-max-rsi=80', '-range-p-ema=50,250', '-target-margin-list=1.0,1.5,2.0,2.5,3.0,3.5,4.0,4.5,5.0', '-log-level=WARNING']
2023-11-26 19:31:09;UNIUSDT;30m;3.5;100;28;72;100.0;7;149.81;['-batch-training', '-calc-rsi', '-verbose', '-prediction-mode=index', '-interval-list=30m', '-range-min-rsi=28', '-range-max-rsi=80', '-range-p-ema=50,250', '-target-margin-list=1.0,1.5,2.0,2.5,3.0,3.5,4.0,4.5,5.0', '-log-level=WARNING']
2023-11-26 20:38:24;UNIUSDT;30m;2.5;250;36;72;100.0;4;149.98;['-batch-training', '-calc-rsi', '-verbose', '-prediction-mode=index', '-interval-list=30m', '-range-min-rsi=28', '-range-max-rsi=80', '-range-p-ema=50,250', '-target-margin-list=1.0,1.5,2.0,2.5,3.0,3.5,4.0,4.5,5.0', '-log-level=WARNING']
2023-11-26 20:03:24;UNIUSDT;30m;3.0;175;34;74;100.0;2;150.08;['-batch-training', '-calc-rsi', '-verbose', '-prediction-mode=index', '-interval-list=30m', '-range-min-rsi=28', '-range-max-rsi=80', '-range-p-ema=50,250', '-target-margin-list=1.0,1.5,2.0,2.5,3.0,3.5,4.0,4.5,5.0', '-log-level=WARNING']
2023-11-26 20:14:08;UNIUSDT;30m;3.0;200;34;74;100.0;2;150.08;['-batch-training', '-calc-rsi', '-verbose', '-prediction-mode=index', '-interval-list=30m', '-range-min-rsi=28', '-range-max-rsi=80', '-range-p-ema=50,250', '-target-margin-list=1.0,1.5,2.0,2.5,3.0,3.5,4.0,4.5,5.0', '-log-level=WARNING']
2023-11-26 20:12:31;UNIUSDT;30m;2.5;200;34;72;100.0;3;150.11;['-batch-training', '-calc-rsi', '-verbose', '-prediction-mode=index', '-interval-list=30m', '-range-min-rsi=28', '-range-max-rsi=80', '-range-p-ema=50,250', '-target-margin-list=1.0,1.5,2.0,2.5,3.0,3.5,4.0,4.5,5.0', '-log-level=WARNING']
2023-11-26 20:26:31;UNIUSDT;30m;3.0;225;34;72;100.0;7;150.24;['-batch-training', '-calc-rsi', '-verbose', '-prediction-mode=index', '-interval-list=30m', '-range-min-rsi=28', '-range-max-rsi=80', '-range-p-ema=50,250', '-target-margin-list=1.0,1.5,2.0,2.5,3.0,3.5,4.0,4.5,5.0', '-log-level=WARNING']
2023-11-26 19:26:07;UNIUSDT;30m;1.5;100;32;72;100.0;6;150.38;['-batch-training', '-calc-rsi', '-verbose', '-prediction-mode=index', '-interval-list=30m', '-range-min-rsi=28', '-range-max-rsi=80', '-range-p-ema=50,250', '-target-margin-list=1.0,1.5,2.0,2.5,3.0,3.5,4.0,4.5,5.0', '-log-level=WARNING']
2023-11-26 21:04:05;UNIUSDT;30m;1.5;75;32;72;100.0;6;150.38;['-batch-training', '-calc-rsi', '-verbose', '-prediction-mode=index', '-interval-list=30m', '-range-min-rsi=28', '-range-max-rsi=80', '-range-p-ema=50,250', '-target-margin-list=1.0,1.5,2.0,2.5,3.0,3.5,4.0,4.5,5.0', '-log-level=WARNING']
2023-11-26 20:49:08;UNIUSDT;30m;1.5;50;32;72;100.0;6;150.38;['-batch-training', '-calc-rsi', '-verbose', '-prediction-mode=index', '-interval-list=30m', '-range-min-rsi=28', '-range-max-rsi=80', '-range-p-ema=50,250', '-target-margin-list=1.0,1.5,2.0,2.5,3.0,3.5,4.0,4.5,5.0', '-log-level=WARNING']
2023-11-26 19:37:36;UNIUSDT;30m;1.5;125;32;72;100.0;6;150.38;['-batch-training', '-calc-rsi', '-verbose', '-prediction-mode=index', '-interval-list=30m', '-range-min-rsi=28', '-range-max-rsi=80', '-range-p-ema=50,250', '-target-margin-list=1.0,1.5,2.0,2.5,3.0,3.5,4.0,4.5,5.0', '-log-level=WARNING']
2023-11-26 19:26:14;UNIUSDT;30m;1.5;100;36;72;100.0;6;150.47;['-batch-training', '-calc-rsi', '-verbose', '-prediction-mode=index', '-interval-list=30m', '-range-min-rsi=28', '-range-max-rsi=80', '-range-p-ema=50,250', '-target-margin-list=1.0,1.5,2.0,2.5,3.0,3.5,4.0,4.5,5.0', '-log-level=WARNING']
2023-11-26 19:37:42;UNIUSDT;30m;1.5;125;36;72;100.0;6;150.47;['-batch-training', '-calc-rsi', '-verbose', '-prediction-mode=index', '-interval-list=30m', '-range-min-rsi=28', '-range-max-rsi=80', '-range-p-ema=50,250', '-target-margin-list=1.0,1.5,2.0,2.5,3.0,3.5,4.0,4.5,5.0', '-log-level=WARNING']
2023-11-26 21:04:14;UNIUSDT;30m;1.5;75;36;72;100.0;6;150.47;['-batch-training', '-calc-rsi', '-verbose', '-prediction-mode=index', '-interval-list=30m', '-range-min-rsi=28', '-range-max-rsi=80', '-range-p-ema=50,250', '-target-margin-list=1.0,1.5,2.0,2.5,3.0,3.5,4.0,4.5,5.0', '-log-level=WARNING']
2023-11-26 20:49:16;UNIUSDT;30m;1.5;50;36;72;100.0;6;150.47;['-batch-training', '-calc-rsi', '-verbose', '-prediction-mode=index', '-interval-list=30m', '-range-min-rsi=28', '-range-max-rsi=80', '-range-p-ema=50,250', '-target-margin-list=1.0,1.5,2.0,2.5,3.0,3.5,4.0,4.5,5.0', '-log-level=WARNING']
2023-11-26 20:56:00;UNIUSDT;30m;3.5;50;32;74;100.0;3;150.59;['-batch-training', '-calc-rsi', '-verbose', '-prediction-mode=index', '-interval-list=30m', '-range-min-rsi=28', '-range-max-rsi=80', '-range-p-ema=50,250', '-target-margin-list=1.0,1.5,2.0,2.5,3.0,3.5,4.0,4.5,5.0', '-log-level=WARNING']
2023-11-26 21:11:38;UNIUSDT;30m;3.5;75;32;74;100.0;3;150.59;['-batch-training', '-calc-rsi', '-verbose', '-prediction-mode=index', '-interval-list=30m', '-range-min-rsi=28', '-range-max-rsi=80', '-range-p-ema=50,250', '-target-margin-list=1.0,1.5,2.0,2.5,3.0,3.5,4.0,4.5,5.0', '-log-level=WARNING']
2023-11-26 19:31:30;UNIUSDT;30m;3.5;100;32;74;100.0;3;150.59;['-batch-training', '-calc-rsi', '-verbose', '-prediction-mode=index', '-interval-list=30m', '-range-min-rsi=28', '-range-max-rsi=80', '-range-p-ema=50,250', '-target-margin-list=1.0,1.5,2.0,2.5,3.0,3.5,4.0,4.5,5.0', '-log-level=WARNING']
2023-11-26 19:43:00;UNIUSDT;30m;3.5;125;32;74;100.0;3;150.59;['-batch-training', '-calc-rsi', '-verbose', '-prediction-mode=index', '-interval-list=30m', '-range-min-rsi=28', '-range-max-rsi=80', '-range-p-ema=50,250', '-target-margin-list=1.0,1.5,2.0,2.5,3.0,3.5,4.0,4.5,5.0', '-log-level=WARNING']
2023-11-26 19:51:47;UNIUSDT;30m;2.5;150;34;72;100.0;3;150.6;['-batch-training', '-calc-rsi', '-verbose', '-prediction-mode=index', '-interval-list=30m', '-range-min-rsi=28', '-range-max-rsi=80', '-range-p-ema=50,250', '-target-margin-list=1.0,1.5,2.0,2.5,3.0,3.5,4.0,4.5,5.0', '-log-level=WARNING']
2023-11-26 20:41:43;UNIUSDT;30m;3.5;250;34;74;100.0;3;150.79;['-batch-training', '-calc-rsi', '-verbose', '-prediction-mode=index', '-interval-list=30m', '-range-min-rsi=28', '-range-max-rsi=80', '-range-p-ema=50,250', '-target-margin-list=1.0,1.5,2.0,2.5,3.0,3.5,4.0,4.5,5.0', '-log-level=WARNING']
2023-11-26 20:26:35;UNIUSDT;30m;3.0;225;36;72;100.0;7;151.09;['-batch-training', '-calc-rsi', '-verbose', '-prediction-mode=index', '-interval-list=30m', '-range-min-rsi=28', '-range-max-rsi=80', '-range-p-ema=50,250', '-target-margin-list=1.0,1.5,2.0,2.5,3.0,3.5,4.0,4.5,5.0', '-log-level=WARNING']
2023-11-26 19:35:59;UNIUSDT;30m;5.0;100;32;80;100.0;2;151.15;['-batch-training', '-calc-rsi', '-verbose', '-prediction-mode=index', '-interval-list=30m', '-range-min-rsi=28', '-range-max-rsi=80', '-range-p-ema=50,250', '-target-margin-list=1.0,1.5,2.0,2.5,3.0,3.5,4.0,4.5,5.0', '-log-level=WARNING']
2023-11-26 19:47:34;UNIUSDT;30m;5.0;125;32;80;100.0;2;151.15;['-batch-training', '-calc-rsi', '-verbose', '-prediction-mode=index', '-interval-list=30m', '-range-min-rsi=28', '-range-max-rsi=80', '-range-p-ema=50,250', '-target-margin-list=1.0,1.5,2.0,2.5,3.0,3.5,4.0,4.5,5.0', '-log-level=WARNING']
2023-11-26 21:02:00;UNIUSDT;30m;5.0;50;32;80;100.0;2;151.15;['-batch-training', '-calc-rsi', '-verbose', '-prediction-mode=index', '-interval-list=30m', '-range-min-rsi=28', '-range-max-rsi=80', '-range-p-ema=50,250', '-target-margin-list=1.0,1.5,2.0,2.5,3.0,3.5,4.0,4.5,5.0', '-log-level=WARNING']
2023-11-26 21:17:11;UNIUSDT;30m;5.0;75;32;80;100.0;2;151.15;['-batch-training', '-calc-rsi', '-verbose', '-prediction-mode=index', '-interval-list=30m', '-range-min-rsi=28', '-range-max-rsi=80', '-range-p-ema=50,250', '-target-margin-list=1.0,1.5,2.0,2.5,3.0,3.5,4.0,4.5,5.0', '-log-level=WARNING']
2023-11-26 20:12:34;UNIUSDT;30m;2.5;200;36;72;100.0;3;151.2;['-batch-training', '-calc-rsi', '-verbose', '-prediction-mode=index', '-interval-list=30m', '-range-min-rsi=28', '-range-max-rsi=80', '-range-p-ema=50,250', '-target-margin-list=1.0,1.5,2.0,2.5,3.0,3.5,4.0,4.5,5.0', '-log-level=WARNING']
2023-11-26 20:02:06;UNIUSDT;30m;2.5;175;36;72;100.0;3;151.29;['-batch-training', '-calc-rsi', '-verbose', '-prediction-mode=index', '-interval-list=30m', '-range-min-rsi=28', '-range-max-rsi=80', '-range-p-ema=50,250', '-target-margin-list=1.0,1.5,2.0,2.5,3.0,3.5,4.0,4.5,5.0', '-log-level=WARNING']
2023-11-26 20:28:16;UNIUSDT;30m;3.5;225;34;74;100.0;3;151.37;['-batch-training', '-calc-rsi', '-verbose', '-prediction-mode=index', '-interval-list=30m', '-range-min-rsi=28', '-range-max-rsi=80', '-range-p-ema=50,250', '-target-margin-list=1.0,1.5,2.0,2.5,3.0,3.5,4.0,4.5,5.0', '-log-level=WARNING']
2023-11-26 20:39:51;UNIUSDT;30m;3.0;250;34;72;100.0;7;151.77;['-batch-training', '-calc-rsi', '-verbose', '-prediction-mode=index', '-interval-list=30m', '-range-min-rsi=28', '-range-max-rsi=80', '-range-p-ema=50,250', '-target-margin-list=1.0,1.5,2.0,2.5,3.0,3.5,4.0,4.5,5.0', '-log-level=WARNING']
2023-11-26 20:40:10;UNIUSDT;30m;3.0;250;34;74;100.0;2;151.81;['-batch-training', '-calc-rsi', '-verbose', '-prediction-mode=index', '-interval-list=30m', '-range-min-rsi=28', '-range-max-rsi=80', '-range-p-ema=50,250', '-target-margin-list=1.0,1.5,2.0,2.5,3.0,3.5,4.0,4.5,5.0', '-log-level=WARNING']
2023-11-26 19:53:27;UNIUSDT;30m;3.0;150;34;76;100.0;2;151.81;['-batch-training', '-calc-rsi', '-verbose', '-prediction-mode=index', '-interval-list=30m', '-range-min-rsi=28', '-range-max-rsi=80', '-range-p-ema=50,250', '-target-margin-list=1.0,1.5,2.0,2.5,3.0,3.5,4.0,4.5,5.0', '-log-level=WARNING']
2023-11-26 19:54:07;UNIUSDT;30m;3.5;150;34;72;100.0;3;151.86;['-batch-training', '-calc-rsi', '-verbose', '-prediction-mode=index', '-interval-list=30m', '-range-min-rsi=28', '-range-max-rsi=80', '-range-p-ema=50,250', '-target-margin-list=1.0,1.5,2.0,2.5,3.0,3.5,4.0,4.5,5.0', '-log-level=WARNING']
2023-11-26 19:52:05;UNIUSDT;30m;2.5;150;36;74;100.0;3;151.99;['-batch-training', '-calc-rsi', '-verbose', '-prediction-mode=index', '-interval-list=30m', '-range-min-rsi=28', '-range-max-rsi=80', '-range-p-ema=50,250', '-target-margin-list=1.0,1.5,2.0,2.5,3.0,3.5,4.0,4.5,5.0', '-log-level=WARNING']
2023-11-26 20:58:42;UNIUSDT;30m;4.0;50;34;80;100.0;3;152.02;['-batch-training', '-calc-rsi', '-verbose', '-prediction-mode=index', '-interval-list=30m', '-range-min-rsi=28', '-range-max-rsi=80', '-range-p-ema=50,250', '-target-margin-list=1.0,1.5,2.0,2.5,3.0,3.5,4.0,4.5,5.0', '-log-level=WARNING']
2023-11-26 19:33:31;UNIUSDT;30m;4.0;100;34;80;100.0;3;152.02;['-batch-training', '-calc-rsi', '-verbose', '-prediction-mode=index', '-interval-list=30m', '-range-min-rsi=28', '-range-max-rsi=80', '-range-p-ema=50,250', '-target-margin-list=1.0,1.5,2.0,2.5,3.0,3.5,4.0,4.5,5.0', '-log-level=WARNING']
2023-11-26 21:14:24;UNIUSDT;30m;4.0;75;34;80;100.0;3;152.02;['-batch-training', '-calc-rsi', '-verbose', '-prediction-mode=index', '-interval-list=30m', '-range-min-rsi=28', '-range-max-rsi=80', '-range-p-ema=50,250', '-target-margin-list=1.0,1.5,2.0,2.5,3.0,3.5,4.0,4.5,5.0', '-log-level=WARNING']
2023-11-26 19:45:04;UNIUSDT;30m;4.0;125;34;80;100.0;3;152.02;['-batch-training', '-calc-rsi', '-verbose', '-prediction-mode=index', '-interval-list=30m', '-range-min-rsi=28', '-range-max-rsi=80', '-range-p-ema=50,250', '-target-margin-list=1.0,1.5,2.0,2.5,3.0,3.5,4.0,4.5,5.0', '-log-level=WARNING']
2023-11-26 20:15:15;UNIUSDT;30m;3.5;200;36;72;100.0;3;152.44;['-batch-training', '-calc-rsi', '-verbose', '-prediction-mode=index', '-interval-list=30m', '-range-min-rsi=28', '-range-max-rsi=80', '-range-p-ema=50,250', '-target-margin-list=1.0,1.5,2.0,2.5,3.0,3.5,4.0,4.5,5.0', '-log-level=WARNING']
2023-11-26 20:04:19;UNIUSDT;30m;3.5;175;36;72;100.0;3;152.44;['-batch-training', '-calc-rsi', '-verbose', '-prediction-mode=index', '-interval-list=30m', '-range-min-rsi=28', '-range-max-rsi=80', '-range-p-ema=50,250', '-target-margin-list=1.0,1.5,2.0,2.5,3.0,3.5,4.0,4.5,5.0', '-log-level=WARNING']
2023-11-26 20:41:28;UNIUSDT;30m;3.5;250;36;72;100.0;3;152.58;['-batch-training', '-calc-rsi', '-verbose', '-prediction-mode=index', '-interval-list=30m', '-range-min-rsi=28', '-range-max-rsi=80', '-range-p-ema=50,250', '-target-margin-list=1.0,1.5,2.0,2.5,3.0,3.5,4.0,4.5,5.0', '-log-level=WARNING']
2023-11-26 20:39:56;UNIUSDT;30m;3.0;250;36;72;100.0;7;152.63;['-batch-training', '-calc-rsi', '-verbose', '-prediction-mode=index', '-interval-list=30m', '-range-min-rsi=28', '-range-max-rsi=80', '-range-p-ema=50,250', '-target-margin-list=1.0,1.5,2.0,2.5,3.0,3.5,4.0,4.5,5.0', '-log-level=WARNING']
2023-11-26 19:54:35;UNIUSDT;30m;3.5;150;34;76;100.0;5;152.83;['-batch-training', '-calc-rsi', '-verbose', '-prediction-mode=index', '-interval-list=30m', '-range-min-rsi=28', '-range-max-rsi=80', '-range-p-ema=50,250', '-target-margin-list=1.0,1.5,2.0,2.5,3.0,3.5,4.0,4.5,5.0', '-log-level=WARNING']
2023-11-26 19:54:48;UNIUSDT;30m;3.5;150;34;78;100.0;6;152.83;['-batch-training', '-calc-rsi', '-verbose', '-prediction-mode=index', '-interval-list=30m', '-range-min-rsi=28', '-range-max-rsi=80', '-range-p-ema=50,250', '-target-margin-list=1.0,1.5,2.0,2.5,3.0,3.5,4.0,4.5,5.0', '-log-level=WARNING']
2023-11-26 19:54:21;UNIUSDT;30m;3.5;150;34;74;100.0;6;152.83;['-batch-training', '-calc-rsi', '-verbose', '-prediction-mode=index', '-interval-list=30m', '-range-min-rsi=28', '-range-max-rsi=80', '-range-p-ema=50,250', '-target-margin-list=1.0,1.5,2.0,2.5,3.0,3.5,4.0,4.5,5.0', '-log-level=WARNING']
2023-11-26 19:54:21;UNIUSDT;30m;3.5;150;34;74;100.0;7;152.83;['-batch-training', '-calc-rsi', '-verbose', '-prediction-mode=index', '-interval-list=30m', '-range-min-rsi=28', '-range-max-rsi=80', '-range-p-ema=50,250', '-target-margin-list=1.0,1.5,2.0,2.5,3.0,3.5,4.0,4.5,5.0', '-log-level=WARNING']
2023-11-26 19:54:48;UNIUSDT;30m;3.5;150;34;78;100.0;5;152.83;['-batch-training', '-calc-rsi', '-verbose', '-prediction-mode=index', '-interval-list=30m', '-range-min-rsi=28', '-range-max-rsi=80', '-range-p-ema=50,250', '-target-margin-list=1.0,1.5,2.0,2.5,3.0,3.5,4.0,4.5,5.0', '-log-level=WARNING']
2023-11-26 19:54:21;UNIUSDT;30m;3.5;150;34;74;100.0;5;152.83;['-batch-training', '-calc-rsi', '-verbose', '-prediction-mode=index', '-interval-list=30m', '-range-min-rsi=28', '-range-max-rsi=80', '-range-p-ema=50,250', '-target-margin-list=1.0,1.5,2.0,2.5,3.0,3.5,4.0,4.5,5.0', '-log-level=WARNING']
2023-11-26 19:54:35;UNIUSDT;30m;3.5;150;34;76;100.0;7;152.83;['-batch-training', '-calc-rsi', '-verbose', '-prediction-mode=index', '-interval-list=30m', '-range-min-rsi=28', '-range-max-rsi=80', '-range-p-ema=50,250', '-target-margin-list=1.0,1.5,2.0,2.5,3.0,3.5,4.0,4.5,5.0', '-log-level=WARNING']
2023-11-26 19:54:35;UNIUSDT;30m;3.5;150;34;76;100.0;6;152.83;['-batch-training', '-calc-rsi', '-verbose', '-prediction-mode=index', '-interval-list=30m', '-range-min-rsi=28', '-range-max-rsi=80', '-range-p-ema=50,250', '-target-margin-list=1.0,1.5,2.0,2.5,3.0,3.5,4.0,4.5,5.0', '-log-level=WARNING']
2023-11-26 19:54:48;UNIUSDT;30m;3.5;150;34;78;100.0;7;152.83;['-batch-training', '-calc-rsi', '-verbose', '-prediction-mode=index', '-interval-list=30m', '-range-min-rsi=28', '-range-max-rsi=80', '-range-p-ema=50,250', '-target-margin-list=1.0,1.5,2.0,2.5,3.0,3.5,4.0,4.5,5.0', '-log-level=WARNING']
2023-11-26 19:32:47;UNIUSDT;30m;4.0;100;34;74;100.0;2;153.0;['-batch-training', '-calc-rsi', '-verbose', '-prediction-mode=index', '-interval-list=30m', '-range-min-rsi=28', '-range-max-rsi=80', '-range-p-ema=50,250', '-target-margin-list=1.0,1.5,2.0,2.5,3.0,3.5,4.0,4.5,5.0', '-log-level=WARNING']
2023-11-26 20:57:43;UNIUSDT;30m;4.0;50;34;74;100.0;2;153.0;['-batch-training', '-calc-rsi', '-verbose', '-prediction-mode=index', '-interval-list=30m', '-range-min-rsi=28', '-range-max-rsi=80', '-range-p-ema=50,250', '-target-margin-list=1.0,1.5,2.0,2.5,3.0,3.5,4.0,4.5,5.0', '-log-level=WARNING']
2023-11-26 19:44:18;UNIUSDT;30m;4.0;125;34;74;100.0;2;153.0;['-batch-training', '-calc-rsi', '-verbose', '-prediction-mode=index', '-interval-list=30m', '-range-min-rsi=28', '-range-max-rsi=80', '-range-p-ema=50,250', '-target-margin-list=1.0,1.5,2.0,2.5,3.0,3.5,4.0,4.5,5.0', '-log-level=WARNING']
2023-11-26 21:13:31;UNIUSDT;30m;4.0;75;34;74;100.0;2;153.0;['-batch-training', '-calc-rsi', '-verbose', '-prediction-mode=index', '-interval-list=30m', '-range-min-rsi=28', '-range-max-rsi=80', '-range-p-ema=50,250', '-target-margin-list=1.0,1.5,2.0,2.5,3.0,3.5,4.0,4.5,5.0', '-log-level=WARNING']
2023-11-26 20:28:02;UNIUSDT;30m;3.5;225;36;72;100.0;3;153.16;['-batch-training', '-calc-rsi', '-verbose', '-prediction-mode=index', '-interval-list=30m', '-range-min-rsi=28', '-range-max-rsi=80', '-range-p-ema=50,250', '-target-margin-list=1.0,1.5,2.0,2.5,3.0,3.5,4.0,4.5,5.0', '-log-level=WARNING']
2023-11-26 19:30:17;UNIUSDT;30m;3.0;100;34;74;100.0;7;153.27;['-batch-training', '-calc-rsi', '-verbose', '-prediction-mode=index', '-interval-list=30m', '-range-min-rsi=28', '-range-max-rsi=80', '-range-p-ema=50,250', '-target-margin-list=1.0,1.5,2.0,2.5,3.0,3.5,4.0,4.5,5.0', '-log-level=WARNING']
2023-11-26 21:10:16;UNIUSDT;30m;3.0;75;34;76;100.0;6;153.27;['-batch-training', '-calc-rsi', '-verbose', '-prediction-mode=index', '-interval-list=30m', '-range-min-rsi=28', '-range-max-rsi=80', '-range-p-ema=50,250', '-target-margin-list=1.0,1.5,2.0,2.5,3.0,3.5,4.0,4.5,5.0', '-log-level=WARNING']
2023-11-26 19:30:47;UNIUSDT;30m;3.0;100;34;78;100.0;6;153.27;['-batch-training', '-calc-rsi', '-verbose', '-prediction-mode=index', '-interval-list=30m', '-range-min-rsi=28', '-range-max-rsi=80', '-range-p-ema=50,250', '-target-margin-list=1.0,1.5,2.0,2.5,3.0,3.5,4.0,4.5,5.0', '-log-level=WARNING']
2023-11-26 21:10:38;UNIUSDT;30m;3.0;75;34;78;100.0;7;153.27;['-batch-training', '-calc-rsi', '-verbose', '-prediction-mode=index', '-interval-list=30m', '-range-min-rsi=28', '-range-max-rsi=80', '-range-p-ema=50,250', '-target-margin-list=1.0,1.5,2.0,2.5,3.0,3.5,4.0,4.5,5.0', '-log-level=WARNING']
2023-11-26 21:10:38;UNIUSDT;30m;3.0;75;34;78;100.0;6;153.27;['-batch-training', '-calc-rsi', '-verbose', '-prediction-mode=index', '-interval-list=30m', '-range-min-rsi=28', '-range-max-rsi=80', '-range-p-ema=50,250', '-target-margin-list=1.0,1.5,2.0,2.5,3.0,3.5,4.0,4.5,5.0', '-log-level=WARNING']
2023-11-26 19:30:32;UNIUSDT;30m;3.0;100;34;76;100.0;7;153.27;['-batch-training', '-calc-rsi', '-verbose', '-prediction-mode=index', '-interval-list=30m', '-range-min-rsi=28', '-range-max-rsi=80', '-range-p-ema=50,250', '-target-margin-list=1.0,1.5,2.0,2.5,3.0,3.5,4.0,4.5,5.0', '-log-level=WARNING']
2023-11-26 19:30:17;UNIUSDT;30m;3.0;100;34;74;100.0;6;153.27;['-batch-training', '-calc-rsi', '-verbose', '-prediction-mode=index', '-interval-list=30m', '-range-min-rsi=28', '-range-max-rsi=80', '-range-p-ema=50,250', '-target-margin-list=1.0,1.5,2.0,2.5,3.0,3.5,4.0,4.5,5.0', '-log-level=WARNING']
2023-11-26 19:30:48;UNIUSDT;30m;3.0;100;34;78;100.0;7;153.27;['-batch-training', '-calc-rsi', '-verbose', '-prediction-mode=index', '-interval-list=30m', '-range-min-rsi=28', '-range-max-rsi=80', '-range-p-ema=50,250', '-target-margin-list=1.0,1.5,2.0,2.5,3.0,3.5,4.0,4.5,5.0', '-log-level=WARNING']
2023-11-26 19:30:32;UNIUSDT;30m;3.0;100;34;76;100.0;6;153.27;['-batch-training', '-calc-rsi', '-verbose', '-prediction-mode=index', '-interval-list=30m', '-range-min-rsi=28', '-range-max-rsi=80', '-range-p-ema=50,250', '-target-margin-list=1.0,1.5,2.0,2.5,3.0,3.5,4.0,4.5,5.0', '-log-level=WARNING']
2023-11-26 21:10:17;UNIUSDT;30m;3.0;75;34;76;100.0;7;153.27;['-batch-training', '-calc-rsi', '-verbose', '-prediction-mode=index', '-interval-list=30m', '-range-min-rsi=28', '-range-max-rsi=80', '-range-p-ema=50,250', '-target-margin-list=1.0,1.5,2.0,2.5,3.0,3.5,4.0,4.5,5.0', '-log-level=WARNING']
2023-11-26 21:09:55;UNIUSDT;30m;3.0;75;34;74;100.0;7;153.27;['-batch-training', '-calc-rsi', '-verbose', '-prediction-mode=index', '-interval-list=30m', '-range-min-rsi=28', '-range-max-rsi=80', '-range-p-ema=50,250', '-target-margin-list=1.0,1.5,2.0,2.5,3.0,3.5,4.0,4.5,5.0', '-log-level=WARNING']
2023-11-26 20:55:05;UNIUSDT;30m;3.0;50;34;78;100.0;7;153.27;['-batch-training', '-calc-rsi', '-verbose', '-prediction-mode=index', '-interval-list=30m', '-range-min-rsi=28', '-range-max-rsi=80', '-range-p-ema=50,250', '-target-margin-list=1.0,1.5,2.0,2.5,3.0,3.5,4.0,4.5,5.0', '-log-level=WARNING']
2023-11-26 19:41:47;UNIUSDT;30m;3.0;125;34;74;100.0;6;153.27;['-batch-training', '-calc-rsi', '-verbose', '-prediction-mode=index', '-interval-list=30m', '-range-min-rsi=28', '-range-max-rsi=80', '-range-p-ema=50,250', '-target-margin-list=1.0,1.5,2.0,2.5,3.0,3.5,4.0,4.5,5.0', '-log-level=WARNING']
2023-11-26 19:41:47;UNIUSDT;30m;3.0;125;34;74;100.0;7;153.27;['-batch-training', '-calc-rsi', '-verbose', '-prediction-mode=index', '-interval-list=30m', '-range-min-rsi=28', '-range-max-rsi=80', '-range-p-ema=50,250', '-target-margin-list=1.0,1.5,2.0,2.5,3.0,3.5,4.0,4.5,5.0', '-log-level=WARNING']
2023-11-26 19:42:03;UNIUSDT;30m;3.0;125;34;76;100.0;7;153.27;['-batch-training', '-calc-rsi', '-verbose', '-prediction-mode=index', '-interval-list=30m', '-range-min-rsi=28', '-range-max-rsi=80', '-range-p-ema=50,250', '-target-margin-list=1.0,1.5,2.0,2.5,3.0,3.5,4.0,4.5,5.0', '-log-level=WARNING']
2023-11-26 19:42:03;UNIUSDT;30m;3.0;125;34;76;100.0;6;153.27;['-batch-training', '-calc-rsi', '-verbose', '-prediction-mode=index', '-interval-list=30m', '-range-min-rsi=28', '-range-max-rsi=80', '-range-p-ema=50,250', '-target-margin-list=1.0,1.5,2.0,2.5,3.0,3.5,4.0,4.5,5.0', '-log-level=WARNING']
2023-11-26 20:54:45;UNIUSDT;30m;3.0;50;34;76;100.0;6;153.27;['-batch-training', '-calc-rsi', '-verbose', '-prediction-mode=index', '-interval-list=30m', '-range-min-rsi=28', '-range-max-rsi=80', '-range-p-ema=50,250', '-target-margin-list=1.0,1.5,2.0,2.5,3.0,3.5,4.0,4.5,5.0', '-log-level=WARNING']
2023-11-26 20:54:45;UNIUSDT;30m;3.0;50;34;76;100.0;7;153.27;['-batch-training', '-calc-rsi', '-verbose', '-prediction-mode=index', '-interval-list=30m', '-range-min-rsi=28', '-range-max-rsi=80', '-range-p-ema=50,250', '-target-margin-list=1.0,1.5,2.0,2.5,3.0,3.5,4.0,4.5,5.0', '-log-level=WARNING']
2023-11-26 21:09:55;UNIUSDT;30m;3.0;75;34;74;100.0;6;153.27;['-batch-training', '-calc-rsi', '-verbose', '-prediction-mode=index', '-interval-list=30m', '-range-min-rsi=28', '-range-max-rsi=80', '-range-p-ema=50,250', '-target-margin-list=1.0,1.5,2.0,2.5,3.0,3.5,4.0,4.5,5.0', '-log-level=WARNING']
2023-11-26 19:42:18;UNIUSDT;30m;3.0;125;34;78;100.0;6;153.27;['-batch-training', '-calc-rsi', '-verbose', '-prediction-mode=index', '-interval-list=30m', '-range-min-rsi=28', '-range-max-rsi=80', '-range-p-ema=50,250', '-target-margin-list=1.0,1.5,2.0,2.5,3.0,3.5,4.0,4.5,5.0', '-log-level=WARNING']
2023-11-26 19:42:18;UNIUSDT;30m;3.0;125;34;78;100.0;7;153.27;['-batch-training', '-calc-rsi', '-verbose', '-prediction-mode=index', '-interval-list=30m', '-range-min-rsi=28', '-range-max-rsi=80', '-range-p-ema=50,250', '-target-margin-list=1.0,1.5,2.0,2.5,3.0,3.5,4.0,4.5,5.0', '-log-level=WARNING']
2023-11-26 20:54:27;UNIUSDT;30m;3.0;50;34;74;100.0;7;153.27;['-batch-training', '-calc-rsi', '-verbose', '-prediction-mode=index', '-interval-list=30m', '-range-min-rsi=28', '-range-max-rsi=80', '-range-p-ema=50,250', '-target-margin-list=1.0,1.5,2.0,2.5,3.0,3.5,4.0,4.5,5.0', '-log-level=WARNING']
2023-11-26 20:54:26;UNIUSDT;30m;3.0;50;34;74;100.0;6;153.27;['-batch-training', '-calc-rsi', '-verbose', '-prediction-mode=index', '-interval-list=30m', '-range-min-rsi=28', '-range-max-rsi=80', '-range-p-ema=50,250', '-target-margin-list=1.0,1.5,2.0,2.5,3.0,3.5,4.0,4.5,5.0', '-log-level=WARNING']
2023-11-26 20:55:05;UNIUSDT;30m;3.0;50;34;78;100.0;6;153.27;['-batch-training', '-calc-rsi', '-verbose', '-prediction-mode=index', '-interval-list=30m', '-range-min-rsi=28', '-range-max-rsi=80', '-range-p-ema=50,250', '-target-margin-list=1.0,1.5,2.0,2.5,3.0,3.5,4.0,4.5,5.0', '-log-level=WARNING']
2023-11-26 19:55:46;UNIUSDT;30m;4.0;150;36;76;100.0;5;153.4;['-batch-training', '-calc-rsi', '-verbose', '-prediction-mode=index', '-interval-list=30m', '-range-min-rsi=28', '-range-max-rsi=80', '-range-p-ema=50,250', '-target-margin-list=1.0,1.5,2.0,2.5,3.0,3.5,4.0,4.5,5.0', '-log-level=WARNING']
2023-11-26 19:55:46;UNIUSDT;30m;4.0;150;36;76;100.0;6;153.4;['-batch-training', '-calc-rsi', '-verbose', '-prediction-mode=index', '-interval-list=30m', '-range-min-rsi=28', '-range-max-rsi=80', '-range-p-ema=50,250', '-target-margin-list=1.0,1.5,2.0,2.5,3.0,3.5,4.0,4.5,5.0', '-log-level=WARNING']
2023-11-26 21:00:07;UNIUSDT;30m;4.5;50;36;78;100.0;6;153.4;['-batch-training', '-calc-rsi', '-verbose', '-prediction-mode=index', '-interval-list=30m', '-range-min-rsi=28', '-range-max-rsi=80', '-range-p-ema=50,250', '-target-margin-list=1.0,1.5,2.0,2.5,3.0,3.5,4.0,4.5,5.0', '-log-level=WARNING']
2023-11-26 19:34:33;UNIUSDT;30m;4.5;100;36;78;100.0;4;153.4;['-batch-training', '-calc-rsi', '-verbose', '-prediction-mode=index', '-interval-list=30m', '-range-min-rsi=28', '-range-max-rsi=80', '-range-p-ema=50,250', '-target-margin-list=1.0,1.5,2.0,2.5,3.0,3.5,4.0,4.5,5.0', '-log-level=WARNING']
2023-11-26 19:34:33;UNIUSDT;30m;4.5;100;36;78;100.0;5;153.4;['-batch-training', '-calc-rsi', '-verbose', '-prediction-mode=index', '-interval-list=30m', '-range-min-rsi=28', '-range-max-rsi=80', '-range-p-ema=50,250', '-target-margin-list=1.0,1.5,2.0,2.5,3.0,3.5,4.0,4.5,5.0', '-log-level=WARNING']
2023-11-26 19:34:34;UNIUSDT;30m;4.5;100;36;78;100.0;7;153.4;['-batch-training', '-calc-rsi', '-verbose', '-prediction-mode=index', '-interval-list=30m', '-range-min-rsi=28', '-range-max-rsi=80', '-range-p-ema=50,250', '-target-margin-list=1.0,1.5,2.0,2.5,3.0,3.5,4.0,4.5,5.0', '-log-level=WARNING']
2023-11-26 19:56:13;UNIUSDT;30m;4.0;150;36;80;100.0;6;153.4;['-batch-training', '-calc-rsi', '-verbose', '-prediction-mode=index', '-interval-list=30m', '-range-min-rsi=28', '-range-max-rsi=80', '-range-p-ema=50,250', '-target-margin-list=1.0,1.5,2.0,2.5,3.0,3.5,4.0,4.5,5.0', '-log-level=WARNING']
2023-11-26 19:34:03;UNIUSDT;30m;4.5;100;36;74;100.0;4;153.4;['-batch-training', '-calc-rsi', '-verbose', '-prediction-mode=index', '-interval-list=30m', '-range-min-rsi=28', '-range-max-rsi=80', '-range-p-ema=50,250', '-target-margin-list=1.0,1.5,2.0,2.5,3.0,3.5,4.0,4.5,5.0', '-log-level=WARNING']
2023-11-26 19:56:13;UNIUSDT;30m;4.0;150;36;80;100.0;5;153.4;['-batch-training', '-calc-rsi', '-verbose', '-prediction-mode=index', '-interval-list=30m', '-range-min-rsi=28', '-range-max-rsi=80', '-range-p-ema=50,250', '-target-margin-list=1.0,1.5,2.0,2.5,3.0,3.5,4.0,4.5,5.0', '-log-level=WARNING']
2023-11-26 19:55:46;UNIUSDT;30m;4.0;150;36;76;100.0;7;153.4;['-batch-training', '-calc-rsi', '-verbose', '-prediction-mode=index', '-interval-list=30m', '-range-min-rsi=28', '-range-max-rsi=80', '-range-p-ema=50,250', '-target-margin-list=1.0,1.5,2.0,2.5,3.0,3.5,4.0,4.5,5.0', '-log-level=WARNING']
2023-11-26 19:34:04;UNIUSDT;30m;4.5;100;36;74;100.0;7;153.4;['-batch-training', '-calc-rsi', '-verbose', '-prediction-mode=index', '-interval-list=30m', '-range-min-rsi=28', '-range-max-rsi=80', '-range-p-ema=50,250', '-target-margin-list=1.0,1.5,2.0,2.5,3.0,3.5,4.0,4.5,5.0', '-log-level=WARNING']
2023-11-26 19:55:32;UNIUSDT;30m;4.0;150;36;74;100.0;7;153.4;['-batch-training', '-calc-rsi', '-verbose', '-prediction-mode=index', '-interval-list=30m', '-range-min-rsi=28', '-range-max-rsi=80', '-range-p-ema=50,250', '-target-margin-list=1.0,1.5,2.0,2.5,3.0,3.5,4.0,4.5,5.0', '-log-level=WARNING']
2023-11-26 19:34:33;UNIUSDT;30m;4.5;100;36;78;100.0;6;153.4;['-batch-training', '-calc-rsi', '-verbose', '-prediction-mode=index', '-interval-list=30m', '-range-min-rsi=28', '-range-max-rsi=80', '-range-p-ema=50,250', '-target-margin-list=1.0,1.5,2.0,2.5,3.0,3.5,4.0,4.5,5.0', '-log-level=WARNING']
2023-11-26 21:00:07;UNIUSDT;30m;4.5;50;36;78;100.0;4;153.4;['-batch-training', '-calc-rsi', '-verbose', '-prediction-mode=index', '-interval-list=30m', '-range-min-rsi=28', '-range-max-rsi=80', '-range-p-ema=50,250', '-target-margin-list=1.0,1.5,2.0,2.5,3.0,3.5,4.0,4.5,5.0', '-log-level=WARNING']
2023-11-26 21:00:07;UNIUSDT;30m;4.5;50;36;78;100.0;7;153.4;['-batch-training', '-calc-rsi', '-verbose', '-prediction-mode=index', '-interval-list=30m', '-range-min-rsi=28', '-range-max-rsi=80', '-range-p-ema=50,250', '-target-margin-list=1.0,1.5,2.0,2.5,3.0,3.5,4.0,4.5,5.0', '-log-level=WARNING']
2023-11-26 19:34:18;UNIUSDT;30m;4.5;100;36;76;100.0;6;153.4;['-batch-training', '-calc-rsi', '-verbose', '-prediction-mode=index', '-interval-list=30m', '-range-min-rsi=28', '-range-max-rsi=80', '-range-p-ema=50,250', '-target-margin-list=1.0,1.5,2.0,2.5,3.0,3.5,4.0,4.5,5.0', '-log-level=WARNING']
2023-11-26 19:34:18;UNIUSDT;30m;4.5;100;36;76;100.0;7;153.4;['-batch-training', '-calc-rsi', '-verbose', '-prediction-mode=index', '-interval-list=30m', '-range-min-rsi=28', '-range-max-rsi=80', '-range-p-ema=50,250', '-target-margin-list=1.0,1.5,2.0,2.5,3.0,3.5,4.0,4.5,5.0', '-log-level=WARNING']
2023-11-26 19:56:00;UNIUSDT;30m;4.0;150;36;78;100.0;6;153.4;['-batch-training', '-calc-rsi', '-verbose', '-prediction-mode=index', '-interval-list=30m', '-range-min-rsi=28', '-range-max-rsi=80', '-range-p-ema=50,250', '-target-margin-list=1.0,1.5,2.0,2.5,3.0,3.5,4.0,4.5,5.0', '-log-level=WARNING']
2023-11-26 19:56:00;UNIUSDT;30m;4.0;150;36;78;100.0;5;153.4;['-batch-training', '-calc-rsi', '-verbose', '-prediction-mode=index', '-interval-list=30m', '-range-min-rsi=28', '-range-max-rsi=80', '-range-p-ema=50,250', '-target-margin-list=1.0,1.5,2.0,2.5,3.0,3.5,4.0,4.5,5.0', '-log-level=WARNING']
2023-11-26 21:15:52;UNIUSDT;30m;4.5;75;36;80;100.0;7;153.4;['-batch-training', '-calc-rsi', '-verbose', '-prediction-mode=index', '-interval-list=30m', '-range-min-rsi=28', '-range-max-rsi=80', '-range-p-ema=50,250', '-target-margin-list=1.0,1.5,2.0,2.5,3.0,3.5,4.0,4.5,5.0', '-log-level=WARNING']
2023-11-26 21:15:52;UNIUSDT;30m;4.5;75;36;80;100.0;6;153.4;['-batch-training', '-calc-rsi', '-verbose', '-prediction-mode=index', '-interval-list=30m', '-range-min-rsi=28', '-range-max-rsi=80', '-range-p-ema=50,250', '-target-margin-list=1.0,1.5,2.0,2.5,3.0,3.5,4.0,4.5,5.0', '-log-level=WARNING']
2023-11-26 19:56:00;UNIUSDT;30m;4.0;150;36;78;100.0;7;153.4;['-batch-training', '-calc-rsi', '-verbose', '-prediction-mode=index', '-interval-list=30m', '-range-min-rsi=28', '-range-max-rsi=80', '-range-p-ema=50,250', '-target-margin-list=1.0,1.5,2.0,2.5,3.0,3.5,4.0,4.5,5.0', '-log-level=WARNING']
2023-11-26 21:15:52;UNIUSDT;30m;4.5;75;36;80;100.0;5;153.4;['-batch-training', '-calc-rsi', '-verbose', '-prediction-mode=index', '-interval-list=30m', '-range-min-rsi=28', '-range-max-rsi=80', '-range-p-ema=50,250', '-target-margin-list=1.0,1.5,2.0,2.5,3.0,3.5,4.0,4.5,5.0', '-log-level=WARNING']
2023-11-26 21:15:52;UNIUSDT;30m;4.5;75;36;80;100.0;4;153.4;['-batch-training', '-calc-rsi', '-verbose', '-prediction-mode=index', '-interval-list=30m', '-range-min-rsi=28', '-range-max-rsi=80', '-range-p-ema=50,250', '-target-margin-list=1.0,1.5,2.0,2.5,3.0,3.5,4.0,4.5,5.0', '-log-level=WARNING']
2023-11-26 19:55:32;UNIUSDT;30m;4.0;150;36;74;100.0;6;153.4;['-batch-training', '-calc-rsi', '-verbose', '-prediction-mode=index', '-interval-list=30m', '-range-min-rsi=28', '-range-max-rsi=80', '-range-p-ema=50,250', '-target-margin-list=1.0,1.5,2.0,2.5,3.0,3.5,4.0,4.5,5.0', '-log-level=WARNING']
2023-11-26 19:46:24;UNIUSDT;30m;4.5;125;36;80;100.0;7;153.4;['-batch-training', '-calc-rsi', '-verbose', '-prediction-mode=index', '-interval-list=30m', '-range-min-rsi=28', '-range-max-rsi=80', '-range-p-ema=50,250', '-target-margin-list=1.0,1.5,2.0,2.5,3.0,3.5,4.0,4.5,5.0', '-log-level=WARNING']
2023-11-26 19:46:24;UNIUSDT;30m;4.5;125;36;80;100.0;5;153.4;['-batch-training', '-calc-rsi', '-verbose', '-prediction-mode=index', '-interval-list=30m', '-range-min-rsi=28', '-range-max-rsi=80', '-range-p-ema=50,250', '-target-margin-list=1.0,1.5,2.0,2.5,3.0,3.5,4.0,4.5,5.0', '-log-level=WARNING']
2023-11-26 19:46:24;UNIUSDT;30m;4.5;125;36;80;100.0;4;153.4;['-batch-training', '-calc-rsi', '-verbose', '-prediction-mode=index', '-interval-list=30m', '-range-min-rsi=28', '-range-max-rsi=80', '-range-p-ema=50,250', '-target-margin-list=1.0,1.5,2.0,2.5,3.0,3.5,4.0,4.5,5.0', '-log-level=WARNING']
2023-11-26 20:59:46;UNIUSDT;30m;4.5;50;36;76;100.0;6;153.4;['-batch-training', '-calc-rsi', '-verbose', '-prediction-mode=index', '-interval-list=30m', '-range-min-rsi=28', '-range-max-rsi=80', '-range-p-ema=50,250', '-target-margin-list=1.0,1.5,2.0,2.5,3.0,3.5,4.0,4.5,5.0', '-log-level=WARNING']
2023-11-26 20:59:46;UNIUSDT;30m;4.5;50;36;76;100.0;7;153.4;['-batch-training', '-calc-rsi', '-verbose', '-prediction-mode=index', '-interval-list=30m', '-range-min-rsi=28', '-range-max-rsi=80', '-range-p-ema=50,250', '-target-margin-list=1.0,1.5,2.0,2.5,3.0,3.5,4.0,4.5,5.0', '-log-level=WARNING']
2023-11-26 20:59:46;UNIUSDT;30m;4.5;50;36;76;100.0;5;153.4;['-batch-training', '-calc-rsi', '-verbose', '-prediction-mode=index', '-interval-list=30m', '-range-min-rsi=28', '-range-max-rsi=80', '-range-p-ema=50,250', '-target-margin-list=1.0,1.5,2.0,2.5,3.0,3.5,4.0,4.5,5.0', '-log-level=WARNING']
2023-11-26 20:59:46;UNIUSDT;30m;4.5;50;36;76;100.0;4;153.4;['-batch-training', '-calc-rsi', '-verbose', '-prediction-mode=index', '-interval-list=30m', '-range-min-rsi=28', '-range-max-rsi=80', '-range-p-ema=50,250', '-target-margin-list=1.0,1.5,2.0,2.5,3.0,3.5,4.0,4.5,5.0', '-log-level=WARNING']
2023-11-26 19:34:04;UNIUSDT;30m;4.5;100;36;74;100.0;6;153.4;['-batch-training', '-calc-rsi', '-verbose', '-prediction-mode=index', '-interval-list=30m', '-range-min-rsi=28', '-range-max-rsi=80', '-range-p-ema=50,250', '-target-margin-list=1.0,1.5,2.0,2.5,3.0,3.5,4.0,4.5,5.0', '-log-level=WARNING']
2023-11-26 19:34:04;UNIUSDT;30m;4.5;100;36;74;100.0;5;153.4;['-batch-training', '-calc-rsi', '-verbose', '-prediction-mode=index', '-interval-list=30m', '-range-min-rsi=28', '-range-max-rsi=80', '-range-p-ema=50,250', '-target-margin-list=1.0,1.5,2.0,2.5,3.0,3.5,4.0,4.5,5.0', '-log-level=WARNING']
2023-11-26 21:00:07;UNIUSDT;30m;4.5;50;36;78;100.0;5;153.4;['-batch-training', '-calc-rsi', '-verbose', '-prediction-mode=index', '-interval-list=30m', '-range-min-rsi=28', '-range-max-rsi=80', '-range-p-ema=50,250', '-target-margin-list=1.0,1.5,2.0,2.5,3.0,3.5,4.0,4.5,5.0', '-log-level=WARNING']
2023-11-26 19:46:24;UNIUSDT;30m;4.5;125;36;80;100.0;6;153.4;['-batch-training', '-calc-rsi', '-verbose', '-prediction-mode=index', '-interval-list=30m', '-range-min-rsi=28', '-range-max-rsi=80', '-range-p-ema=50,250', '-target-margin-list=1.0,1.5,2.0,2.5,3.0,3.5,4.0,4.5,5.0', '-log-level=WARNING']
2023-11-26 19:55:32;UNIUSDT;30m;4.0;150;36;74;100.0;5;153.4;['-batch-training', '-calc-rsi', '-verbose', '-prediction-mode=index', '-interval-list=30m', '-range-min-rsi=28', '-range-max-rsi=80', '-range-p-ema=50,250', '-target-margin-list=1.0,1.5,2.0,2.5,3.0,3.5,4.0,4.5,5.0', '-log-level=WARNING']
2023-11-26 19:34:48;UNIUSDT;30m;4.5;100;36;80;100.0;4;153.4;['-batch-training', '-calc-rsi', '-verbose', '-prediction-mode=index', '-interval-list=30m', '-range-min-rsi=28', '-range-max-rsi=80', '-range-p-ema=50,250', '-target-margin-list=1.0,1.5,2.0,2.5,3.0,3.5,4.0,4.5,5.0', '-log-level=WARNING']
2023-11-26 21:15:01;UNIUSDT;30m;4.5;75;36;74;100.0;4;153.4;['-batch-training', '-calc-rsi', '-verbose', '-prediction-mode=index', '-interval-list=30m', '-range-min-rsi=28', '-range-max-rsi=80', '-range-p-ema=50,250', '-target-margin-list=1.0,1.5,2.0,2.5,3.0,3.5,4.0,4.5,5.0', '-log-level=WARNING']
2023-11-26 19:45:53;UNIUSDT;30m;4.5;125;36;76;100.0;7;153.4;['-batch-training', '-calc-rsi', '-verbose', '-prediction-mode=index', '-interval-list=30m', '-range-min-rsi=28', '-range-max-rsi=80', '-range-p-ema=50,250', '-target-margin-list=1.0,1.5,2.0,2.5,3.0,3.5,4.0,4.5,5.0', '-log-level=WARNING']
2023-11-26 21:15:36;UNIUSDT;30m;4.5;75;36;78;100.0;4;153.4;['-batch-training', '-calc-rsi', '-verbose', '-prediction-mode=index', '-interval-list=30m', '-range-min-rsi=28', '-range-max-rsi=80', '-range-p-ema=50,250', '-target-margin-list=1.0,1.5,2.0,2.5,3.0,3.5,4.0,4.5,5.0', '-log-level=WARNING']
2023-11-26 19:45:53;UNIUSDT;30m;4.5;125;36;76;100.0;4;153.4;['-batch-training', '-calc-rsi', '-verbose', '-prediction-mode=index', '-interval-list=30m', '-range-min-rsi=28', '-range-max-rsi=80', '-range-p-ema=50,250', '-target-margin-list=1.0,1.5,2.0,2.5,3.0,3.5,4.0,4.5,5.0', '-log-level=WARNING']
2023-11-26 21:15:36;UNIUSDT;30m;4.5;75;36;78;100.0;5;153.4;['-batch-training', '-calc-rsi', '-verbose', '-prediction-mode=index', '-interval-list=30m', '-range-min-rsi=28', '-range-max-rsi=80', '-range-p-ema=50,250', '-target-margin-list=1.0,1.5,2.0,2.5,3.0,3.5,4.0,4.5,5.0', '-log-level=WARNING']
2023-11-26 19:45:53;UNIUSDT;30m;4.5;125;36;76;100.0;5;153.4;['-batch-training', '-calc-rsi', '-verbose', '-prediction-mode=index', '-interval-list=30m', '-range-min-rsi=28', '-range-max-rsi=80', '-range-p-ema=50,250', '-target-margin-list=1.0,1.5,2.0,2.5,3.0,3.5,4.0,4.5,5.0', '-log-level=WARNING']
2023-11-26 20:59:27;UNIUSDT;30m;4.5;50;36;74;100.0;6;153.4;['-batch-training', '-calc-rsi', '-verbose', '-prediction-mode=index', '-interval-list=30m', '-range-min-rsi=28', '-range-max-rsi=80', '-range-p-ema=50,250', '-target-margin-list=1.0,1.5,2.0,2.5,3.0,3.5,4.0,4.5,5.0', '-log-level=WARNING']
2023-11-26 20:59:27;UNIUSDT;30m;4.5;50;36;74;100.0;4;153.4;['-batch-training', '-calc-rsi', '-verbose', '-prediction-mode=index', '-interval-list=30m', '-range-min-rsi=28', '-range-max-rsi=80', '-range-p-ema=50,250', '-target-margin-list=1.0,1.5,2.0,2.5,3.0,3.5,4.0,4.5,5.0', '-log-level=WARNING']
2023-11-26 20:59:27;UNIUSDT;30m;4.5;50;36;74;100.0;5;153.4;['-batch-training', '-calc-rsi', '-verbose', '-prediction-mode=index', '-interval-list=30m', '-range-min-rsi=28', '-range-max-rsi=80', '-range-p-ema=50,250', '-target-margin-list=1.0,1.5,2.0,2.5,3.0,3.5,4.0,4.5,5.0', '-log-level=WARNING']
2023-11-26 21:15:19;UNIUSDT;30m;4.5;75;36;76;100.0;6;153.4;['-batch-training', '-calc-rsi', '-verbose', '-prediction-mode=index', '-interval-list=30m', '-range-min-rsi=28', '-range-max-rsi=80', '-range-p-ema=50,250', '-target-margin-list=1.0,1.5,2.0,2.5,3.0,3.5,4.0,4.5,5.0', '-log-level=WARNING']
2023-11-26 21:15:36;UNIUSDT;30m;4.5;75;36;78;100.0;6;153.4;['-batch-training', '-calc-rsi', '-verbose', '-prediction-mode=index', '-interval-list=30m', '-range-min-rsi=28', '-range-max-rsi=80', '-range-p-ema=50,250', '-target-margin-list=1.0,1.5,2.0,2.5,3.0,3.5,4.0,4.5,5.0', '-log-level=WARNING']
2023-11-26 21:15:36;UNIUSDT;30m;4.5;75;36;78;100.0;7;153.4;['-batch-training', '-calc-rsi', '-verbose', '-prediction-mode=index', '-interval-list=30m', '-range-min-rsi=28', '-range-max-rsi=80', '-range-p-ema=50,250', '-target-margin-list=1.0,1.5,2.0,2.5,3.0,3.5,4.0,4.5,5.0', '-log-level=WARNING']
2023-11-26 19:45:38;UNIUSDT;30m;4.5;125;36;74;100.0;4;153.4;['-batch-training', '-calc-rsi', '-verbose', '-prediction-mode=index', '-interval-list=30m', '-range-min-rsi=28', '-range-max-rsi=80', '-range-p-ema=50,250', '-target-margin-list=1.0,1.5,2.0,2.5,3.0,3.5,4.0,4.5,5.0', '-log-level=WARNING']
2023-11-26 21:15:19;UNIUSDT;30m;4.5;75;36;76;100.0;5;153.4;['-batch-training', '-calc-rsi', '-verbose', '-prediction-mode=index', '-interval-list=30m', '-range-min-rsi=28', '-range-max-rsi=80', '-range-p-ema=50,250', '-target-margin-list=1.0,1.5,2.0,2.5,3.0,3.5,4.0,4.5,5.0', '-log-level=WARNING']
2023-11-26 19:45:37;UNIUSDT;30m;4.5;125;36;74;100.0;7;153.4;['-batch-training', '-calc-rsi', '-verbose', '-prediction-mode=index', '-interval-list=30m', '-range-min-rsi=28', '-range-max-rsi=80', '-range-p-ema=50,250', '-target-margin-list=1.0,1.5,2.0,2.5,3.0,3.5,4.0,4.5,5.0', '-log-level=WARNING']
2023-11-26 19:45:37;UNIUSDT;30m;4.5;125;36;74;100.0;6;153.4;['-batch-training', '-calc-rsi', '-verbose', '-prediction-mode=index', '-interval-list=30m', '-range-min-rsi=28', '-range-max-rsi=80', '-range-p-ema=50,250', '-target-margin-list=1.0,1.5,2.0,2.5,3.0,3.5,4.0,4.5,5.0', '-log-level=WARNING']
2023-11-26 19:45:37;UNIUSDT;30m;4.5;125;36;74;100.0;5;153.4;['-batch-training', '-calc-rsi', '-verbose', '-prediction-mode=index', '-interval-list=30m', '-range-min-rsi=28', '-range-max-rsi=80', '-range-p-ema=50,250', '-target-margin-list=1.0,1.5,2.0,2.5,3.0,3.5,4.0,4.5,5.0', '-log-level=WARNING']
2023-11-26 21:15:19;UNIUSDT;30m;4.5;75;36;76;100.0;4;153.4;['-batch-training', '-calc-rsi', '-verbose', '-prediction-mode=index', '-interval-list=30m', '-range-min-rsi=28', '-range-max-rsi=80', '-range-p-ema=50,250', '-target-margin-list=1.0,1.5,2.0,2.5,3.0,3.5,4.0,4.5,5.0', '-log-level=WARNING']
2023-11-26 19:56:13;UNIUSDT;30m;4.0;150;36;80;100.0;7;153.4;['-batch-training', '-calc-rsi', '-verbose', '-prediction-mode=index', '-interval-list=30m', '-range-min-rsi=28', '-range-max-rsi=80', '-range-p-ema=50,250', '-target-margin-list=1.0,1.5,2.0,2.5,3.0,3.5,4.0,4.5,5.0', '-log-level=WARNING']
2023-11-26 21:15:01;UNIUSDT;30m;4.5;75;36;74;100.0;5;153.4;['-batch-training', '-calc-rsi', '-verbose', '-prediction-mode=index', '-interval-list=30m', '-range-min-rsi=28', '-range-max-rsi=80', '-range-p-ema=50,250', '-target-margin-list=1.0,1.5,2.0,2.5,3.0,3.5,4.0,4.5,5.0', '-log-level=WARNING']
2023-11-26 19:34:18;UNIUSDT;30m;4.5;100;36;76;100.0;4;153.4;['-batch-training', '-calc-rsi', '-verbose', '-prediction-mode=index', '-interval-list=30m', '-range-min-rsi=28', '-range-max-rsi=80', '-range-p-ema=50,250', '-target-margin-list=1.0,1.5,2.0,2.5,3.0,3.5,4.0,4.5,5.0', '-log-level=WARNING']
2023-11-26 21:15:01;UNIUSDT;30m;4.5;75;36;74;100.0;6;153.4;['-batch-training', '-calc-rsi', '-verbose', '-prediction-mode=index', '-interval-list=30m', '-range-min-rsi=28', '-range-max-rsi=80', '-range-p-ema=50,250', '-target-margin-list=1.0,1.5,2.0,2.5,3.0,3.5,4.0,4.5,5.0', '-log-level=WARNING']
2023-11-26 19:34:18;UNIUSDT;30m;4.5;100;36;76;100.0;5;153.4;['-batch-training', '-calc-rsi', '-verbose', '-prediction-mode=index', '-interval-list=30m', '-range-min-rsi=28', '-range-max-rsi=80', '-range-p-ema=50,250', '-target-margin-list=1.0,1.5,2.0,2.5,3.0,3.5,4.0,4.5,5.0', '-log-level=WARNING']
2023-11-26 19:34:49;UNIUSDT;30m;4.5;100;36;80;100.0;7;153.4;['-batch-training', '-calc-rsi', '-verbose', '-prediction-mode=index', '-interval-list=30m', '-range-min-rsi=28', '-range-max-rsi=80', '-range-p-ema=50,250', '-target-margin-list=1.0,1.5,2.0,2.5,3.0,3.5,4.0,4.5,5.0', '-log-level=WARNING']
2023-11-26 19:34:49;UNIUSDT;30m;4.5;100;36;80;100.0;6;153.4;['-batch-training', '-calc-rsi', '-verbose', '-prediction-mode=index', '-interval-list=30m', '-range-min-rsi=28', '-range-max-rsi=80', '-range-p-ema=50,250', '-target-margin-list=1.0,1.5,2.0,2.5,3.0,3.5,4.0,4.5,5.0', '-log-level=WARNING']
2023-11-26 21:15:19;UNIUSDT;30m;4.5;75;36;76;100.0;7;153.4;['-batch-training', '-calc-rsi', '-verbose', '-prediction-mode=index', '-interval-list=30m', '-range-min-rsi=28', '-range-max-rsi=80', '-range-p-ema=50,250', '-target-margin-list=1.0,1.5,2.0,2.5,3.0,3.5,4.0,4.5,5.0', '-log-level=WARNING']
2023-11-26 21:00:28;UNIUSDT;30m;4.5;50;36;80;100.0;4;153.4;['-batch-training', '-calc-rsi', '-verbose', '-prediction-mode=index', '-interval-list=30m', '-range-min-rsi=28', '-range-max-rsi=80', '-range-p-ema=50,250', '-target-margin-list=1.0,1.5,2.0,2.5,3.0,3.5,4.0,4.5,5.0', '-log-level=WARNING']
2023-11-26 21:00:28;UNIUSDT;30m;4.5;50;36;80;100.0;6;153.4;['-batch-training', '-calc-rsi', '-verbose', '-prediction-mode=index', '-interval-list=30m', '-range-min-rsi=28', '-range-max-rsi=80', '-range-p-ema=50,250', '-target-margin-list=1.0,1.5,2.0,2.5,3.0,3.5,4.0,4.5,5.0', '-log-level=WARNING']
2023-11-26 19:46:08;UNIUSDT;30m;4.5;125;36;78;100.0;7;153.4;['-batch-training', '-calc-rsi', '-verbose', '-prediction-mode=index', '-interval-list=30m', '-range-min-rsi=28', '-range-max-rsi=80', '-range-p-ema=50,250', '-target-margin-list=1.0,1.5,2.0,2.5,3.0,3.5,4.0,4.5,5.0', '-log-level=WARNING']
2023-11-26 21:00:28;UNIUSDT;30m;4.5;50;36;80;100.0;7;153.4;['-batch-training', '-calc-rsi', '-verbose', '-prediction-mode=index', '-interval-list=30m', '-range-min-rsi=28', '-range-max-rsi=80', '-range-p-ema=50,250', '-target-margin-list=1.0,1.5,2.0,2.5,3.0,3.5,4.0,4.5,5.0', '-log-level=WARNING']
2023-11-26 19:46:08;UNIUSDT;30m;4.5;125;36;78;100.0;6;153.4;['-batch-training', '-calc-rsi', '-verbose', '-prediction-mode=index', '-interval-list=30m', '-range-min-rsi=28', '-range-max-rsi=80', '-range-p-ema=50,250', '-target-margin-list=1.0,1.5,2.0,2.5,3.0,3.5,4.0,4.5,5.0', '-log-level=WARNING']
2023-11-26 19:45:53;UNIUSDT;30m;4.5;125;36;76;100.0;6;153.4;['-batch-training', '-calc-rsi', '-verbose', '-prediction-mode=index', '-interval-list=30m', '-range-min-rsi=28', '-range-max-rsi=80', '-range-p-ema=50,250', '-target-margin-list=1.0,1.5,2.0,2.5,3.0,3.5,4.0,4.5,5.0', '-log-level=WARNING']
2023-11-26 21:00:28;UNIUSDT;30m;4.5;50;36;80;100.0;5;153.4;['-batch-training', '-calc-rsi', '-verbose', '-prediction-mode=index', '-interval-list=30m', '-range-min-rsi=28', '-range-max-rsi=80', '-range-p-ema=50,250', '-target-margin-list=1.0,1.5,2.0,2.5,3.0,3.5,4.0,4.5,5.0', '-log-level=WARNING']
2023-11-26 19:46:08;UNIUSDT;30m;4.5;125;36;78;100.0;4;153.4;['-batch-training', '-calc-rsi', '-verbose', '-prediction-mode=index', '-interval-list=30m', '-range-min-rsi=28', '-range-max-rsi=80', '-range-p-ema=50,250', '-target-margin-list=1.0,1.5,2.0,2.5,3.0,3.5,4.0,4.5,5.0', '-log-level=WARNING']
2023-11-26 19:46:08;UNIUSDT;30m;4.5;125;36;78;100.0;5;153.4;['-batch-training', '-calc-rsi', '-verbose', '-prediction-mode=index', '-interval-list=30m', '-range-min-rsi=28', '-range-max-rsi=80', '-range-p-ema=50,250', '-target-margin-list=1.0,1.5,2.0,2.5,3.0,3.5,4.0,4.5,5.0', '-log-level=WARNING']
2023-11-26 20:59:27;UNIUSDT;30m;4.5;50;36;74;100.0;7;153.4;['-batch-training', '-calc-rsi', '-verbose', '-prediction-mode=index', '-interval-list=30m', '-range-min-rsi=28', '-range-max-rsi=80', '-range-p-ema=50,250', '-target-margin-list=1.0,1.5,2.0,2.5,3.0,3.5,4.0,4.5,5.0', '-log-level=WARNING']
2023-11-26 21:15:01;UNIUSDT;30m;4.5;75;36;74;100.0;7;153.4;['-batch-training', '-calc-rsi', '-verbose', '-prediction-mode=index', '-interval-list=30m', '-range-min-rsi=28', '-range-max-rsi=80', '-range-p-ema=50,250', '-target-margin-list=1.0,1.5,2.0,2.5,3.0,3.5,4.0,4.5,5.0', '-log-level=WARNING']
2023-11-26 19:34:49;UNIUSDT;30m;4.5;100;36;80;100.0;5;153.4;['-batch-training', '-calc-rsi', '-verbose', '-prediction-mode=index', '-interval-list=30m', '-range-min-rsi=28', '-range-max-rsi=80', '-range-p-ema=50,250', '-target-margin-list=1.0,1.5,2.0,2.5,3.0,3.5,4.0,4.5,5.0', '-log-level=WARNING']
2023-11-26 19:54:34;UNIUSDT;30m;3.5;150;34;76;100.0;2;153.47;['-batch-training', '-calc-rsi', '-verbose', '-prediction-mode=index', '-interval-list=30m', '-range-min-rsi=28', '-range-max-rsi=80', '-range-p-ema=50,250', '-target-margin-list=1.0,1.5,2.0,2.5,3.0,3.5,4.0,4.5,5.0', '-log-level=WARNING']
2023-11-26 19:29:20;UNIUSDT;30m;2.5;100;36;76;100.0;3;153.7;['-batch-training', '-calc-rsi', '-verbose', '-prediction-mode=index', '-interval-list=30m', '-range-min-rsi=28', '-range-max-rsi=80', '-range-p-ema=50,250', '-target-margin-list=1.0,1.5,2.0,2.5,3.0,3.5,4.0,4.5,5.0', '-log-level=WARNING']
2023-11-26 21:08:35;UNIUSDT;30m;2.5;75;36;76;100.0;3;153.7;['-batch-training', '-calc-rsi', '-verbose', '-prediction-mode=index', '-interval-list=30m', '-range-min-rsi=28', '-range-max-rsi=80', '-range-p-ema=50,250', '-target-margin-list=1.0,1.5,2.0,2.5,3.0,3.5,4.0,4.5,5.0', '-log-level=WARNING']
2023-11-26 20:53:10;UNIUSDT;30m;2.5;50;36;76;100.0;3;153.7;['-batch-training', '-calc-rsi', '-verbose', '-prediction-mode=index', '-interval-list=30m', '-range-min-rsi=28', '-range-max-rsi=80', '-range-p-ema=50,250', '-target-margin-list=1.0,1.5,2.0,2.5,3.0,3.5,4.0,4.5,5.0', '-log-level=WARNING']
2023-11-26 19:40:48;UNIUSDT;30m;2.5;125;36;76;100.0;3;153.7;['-batch-training', '-calc-rsi', '-verbose', '-prediction-mode=index', '-interval-list=30m', '-range-min-rsi=28', '-range-max-rsi=80', '-range-p-ema=50,250', '-target-margin-list=1.0,1.5,2.0,2.5,3.0,3.5,4.0,4.5,5.0', '-log-level=WARNING']
2023-11-26 19:56:10;UNIUSDT;30m;4.0;150;34;80;100.0;5;153.74;['-batch-training', '-calc-rsi', '-verbose', '-prediction-mode=index', '-interval-list=30m', '-range-min-rsi=28', '-range-max-rsi=80', '-range-p-ema=50,250', '-target-margin-list=1.0,1.5,2.0,2.5,3.0,3.5,4.0,4.5,5.0', '-log-level=WARNING']
2023-11-26 19:56:10;UNIUSDT;30m;4.0;150;34;80;100.0;6;153.74;['-batch-training', '-calc-rsi', '-verbose', '-prediction-mode=index', '-interval-list=30m', '-range-min-rsi=28', '-range-max-rsi=80', '-range-p-ema=50,250', '-target-margin-list=1.0,1.5,2.0,2.5,3.0,3.5,4.0,4.5,5.0', '-log-level=WARNING']
2023-11-26 19:56:10;UNIUSDT;30m;4.0;150;34;80;100.0;7;153.74;['-batch-training', '-calc-rsi', '-verbose', '-prediction-mode=index', '-interval-list=30m', '-range-min-rsi=28', '-range-max-rsi=80', '-range-p-ema=50,250', '-target-margin-list=1.0,1.5,2.0,2.5,3.0,3.5,4.0,4.5,5.0', '-log-level=WARNING']
2023-11-26 19:55:30;UNIUSDT;30m;4.0;150;34;74;100.0;7;153.74;['-batch-training', '-calc-rsi', '-verbose', '-prediction-mode=index', '-interval-list=30m', '-range-min-rsi=28', '-range-max-rsi=80', '-range-p-ema=50,250', '-target-margin-list=1.0,1.5,2.0,2.5,3.0,3.5,4.0,4.5,5.0', '-log-level=WARNING']
2023-11-26 19:55:30;UNIUSDT;30m;4.0;150;34;74;100.0;6;153.74;['-batch-training', '-calc-rsi', '-verbose', '-prediction-mode=index', '-interval-list=30m', '-range-min-rsi=28', '-range-max-rsi=80', '-range-p-ema=50,250', '-target-margin-list=1.0,1.5,2.0,2.5,3.0,3.5,4.0,4.5,5.0', '-log-level=WARNING']
2023-11-26 19:55:57;UNIUSDT;30m;4.0;150;34;78;100.0;6;153.74;['-batch-training', '-calc-rsi', '-verbose', '-prediction-mode=index', '-interval-list=30m', '-range-min-rsi=28', '-range-max-rsi=80', '-range-p-ema=50,250', '-target-margin-list=1.0,1.5,2.0,2.5,3.0,3.5,4.0,4.5,5.0', '-log-level=WARNING']
2023-11-26 19:55:44;UNIUSDT;30m;4.0;150;34;76;100.0;5;153.74;['-batch-training', '-calc-rsi', '-verbose', '-prediction-mode=index', '-interval-list=30m', '-range-min-rsi=28', '-range-max-rsi=80', '-range-p-ema=50,250', '-target-margin-list=1.0,1.5,2.0,2.5,3.0,3.5,4.0,4.5,5.0', '-log-level=WARNING']
2023-11-26 19:55:44;UNIUSDT;30m;4.0;150;34;76;100.0;6;153.74;['-batch-training', '-calc-rsi', '-verbose', '-prediction-mode=index', '-interval-list=30m', '-range-min-rsi=28', '-range-max-rsi=80', '-range-p-ema=50,250', '-target-margin-list=1.0,1.5,2.0,2.5,3.0,3.5,4.0,4.5,5.0', '-log-level=WARNING']
2023-11-26 19:55:57;UNIUSDT;30m;4.0;150;34;78;100.0;5;153.74;['-batch-training', '-calc-rsi', '-verbose', '-prediction-mode=index', '-interval-list=30m', '-range-min-rsi=28', '-range-max-rsi=80', '-range-p-ema=50,250', '-target-margin-list=1.0,1.5,2.0,2.5,3.0,3.5,4.0,4.5,5.0', '-log-level=WARNING']
2023-11-26 19:55:44;UNIUSDT;30m;4.0;150;34;76;100.0;7;153.74;['-batch-training', '-calc-rsi', '-verbose', '-prediction-mode=index', '-interval-list=30m', '-range-min-rsi=28', '-range-max-rsi=80', '-range-p-ema=50,250', '-target-margin-list=1.0,1.5,2.0,2.5,3.0,3.5,4.0,4.5,5.0', '-log-level=WARNING']
2023-11-26 19:55:57;UNIUSDT;30m;4.0;150;34;78;100.0;7;153.74;['-batch-training', '-calc-rsi', '-verbose', '-prediction-mode=index', '-interval-list=30m', '-range-min-rsi=28', '-range-max-rsi=80', '-range-p-ema=50,250', '-target-margin-list=1.0,1.5,2.0,2.5,3.0,3.5,4.0,4.5,5.0', '-log-level=WARNING']
2023-11-26 19:55:30;UNIUSDT;30m;4.0;150;34;74;100.0;5;153.74;['-batch-training', '-calc-rsi', '-verbose', '-prediction-mode=index', '-interval-list=30m', '-range-min-rsi=28', '-range-max-rsi=80', '-range-p-ema=50,250', '-target-margin-list=1.0,1.5,2.0,2.5,3.0,3.5,4.0,4.5,5.0', '-log-level=WARNING']
2023-11-26 20:55:02;UNIUSDT;30m;3.0;50;32;78;100.0;6;154.0;['-batch-training', '-calc-rsi', '-verbose', '-prediction-mode=index', '-interval-list=30m', '-range-min-rsi=28', '-range-max-rsi=80', '-range-p-ema=50,250', '-target-margin-list=1.0,1.5,2.0,2.5,3.0,3.5,4.0,4.5,5.0', '-log-level=WARNING']
2023-11-26 19:30:44;UNIUSDT;30m;3.0;100;32;78;100.0;7;154.0;['-batch-training', '-calc-rsi', '-verbose', '-prediction-mode=index', '-interval-list=30m', '-range-min-rsi=28', '-range-max-rsi=80', '-range-p-ema=50,250', '-target-margin-list=1.0,1.5,2.0,2.5,3.0,3.5,4.0,4.5,5.0', '-log-level=WARNING']
2023-11-26 19:42:15;UNIUSDT;30m;3.0;125;32;78;100.0;7;154.0;['-batch-training', '-calc-rsi', '-verbose', '-prediction-mode=index', '-interval-list=30m', '-range-min-rsi=28', '-range-max-rsi=80', '-range-p-ema=50,250', '-target-margin-list=1.0,1.5,2.0,2.5,3.0,3.5,4.0,4.5,5.0', '-log-level=WARNING']
2023-11-26 19:30:45;UNIUSDT;30m;3.0;100;32;78;100.0;6;154.0;['-batch-training', '-calc-rsi', '-verbose', '-prediction-mode=index', '-interval-list=30m', '-range-min-rsi=28', '-range-max-rsi=80', '-range-p-ema=50,250', '-target-margin-list=1.0,1.5,2.0,2.5,3.0,3.5,4.0,4.5,5.0', '-log-level=WARNING']
2023-11-26 20:55:02;UNIUSDT;30m;3.0;50;32;78;100.0;7;154.0;['-batch-training', '-calc-rsi', '-verbose', '-prediction-mode=index', '-interval-list=30m', '-range-min-rsi=28', '-range-max-rsi=80', '-range-p-ema=50,250', '-target-margin-list=1.0,1.5,2.0,2.5,3.0,3.5,4.0,4.5,5.0', '-log-level=WARNING']
2023-11-26 19:41:59;UNIUSDT;30m;3.0;125;32;76;100.0;7;154.0;['-batch-training', '-calc-rsi', '-verbose', '-prediction-mode=index', '-interval-list=30m', '-range-min-rsi=28', '-range-max-rsi=80', '-range-p-ema=50,250', '-target-margin-list=1.0,1.5,2.0,2.5,3.0,3.5,4.0,4.5,5.0', '-log-level=WARNING']
2023-11-26 19:41:59;UNIUSDT;30m;3.0;125;32;76;100.0;6;154.0;['-batch-training', '-calc-rsi', '-verbose', '-prediction-mode=index', '-interval-list=30m', '-range-min-rsi=28', '-range-max-rsi=80', '-range-p-ema=50,250', '-target-margin-list=1.0,1.5,2.0,2.5,3.0,3.5,4.0,4.5,5.0', '-log-level=WARNING']
2023-11-26 21:09:50;UNIUSDT;30m;3.0;75;32;74;100.0;6;154.0;['-batch-training', '-calc-rsi', '-verbose', '-prediction-mode=index', '-interval-list=30m', '-range-min-rsi=28', '-range-max-rsi=80', '-range-p-ema=50,250', '-target-margin-list=1.0,1.5,2.0,2.5,3.0,3.5,4.0,4.5,5.0', '-log-level=WARNING']
2023-11-26 19:30:14;UNIUSDT;30m;3.0;100;32;74;100.0;6;154.0;['-batch-training', '-calc-rsi', '-verbose', '-prediction-mode=index', '-interval-list=30m', '-range-min-rsi=28', '-range-max-rsi=80', '-range-p-ema=50,250', '-target-margin-list=1.0,1.5,2.0,2.5,3.0,3.5,4.0,4.5,5.0', '-log-level=WARNING']
2023-11-26 19:30:14;UNIUSDT;30m;3.0;100;32;74;100.0;7;154.0;['-batch-training', '-calc-rsi', '-verbose', '-prediction-mode=index', '-interval-list=30m', '-range-min-rsi=28', '-range-max-rsi=80', '-range-p-ema=50,250', '-target-margin-list=1.0,1.5,2.0,2.5,3.0,3.5,4.0,4.5,5.0', '-log-level=WARNING']
2023-11-26 19:42:15;UNIUSDT;30m;3.0;125;32;78;100.0;6;154.0;['-batch-training', '-calc-rsi', '-verbose', '-prediction-mode=index', '-interval-list=30m', '-range-min-rsi=28', '-range-max-rsi=80', '-range-p-ema=50,250', '-target-margin-list=1.0,1.5,2.0,2.5,3.0,3.5,4.0,4.5,5.0', '-log-level=WARNING']
2023-11-26 21:09:50;UNIUSDT;30m;3.0;75;32;74;100.0;7;154.0;['-batch-training', '-calc-rsi', '-verbose', '-prediction-mode=index', '-interval-list=30m', '-range-min-rsi=28', '-range-max-rsi=80', '-range-p-ema=50,250', '-target-margin-list=1.0,1.5,2.0,2.5,3.0,3.5,4.0,4.5,5.0', '-log-level=WARNING']
2023-11-26 20:54:23;UNIUSDT;30m;3.0;50;32;74;100.0;7;154.0;['-batch-training', '-calc-rsi', '-verbose', '-prediction-mode=index', '-interval-list=30m', '-range-min-rsi=28', '-range-max-rsi=80', '-range-p-ema=50,250', '-target-margin-list=1.0,1.5,2.0,2.5,3.0,3.5,4.0,4.5,5.0', '-log-level=WARNING']
2023-11-26 19:41:44;UNIUSDT;30m;3.0;125;32;74;100.0;7;154.0;['-batch-training', '-calc-rsi', '-verbose', '-prediction-mode=index', '-interval-list=30m', '-range-min-rsi=28', '-range-max-rsi=80', '-range-p-ema=50,250', '-target-margin-list=1.0,1.5,2.0,2.5,3.0,3.5,4.0,4.5,5.0', '-log-level=WARNING']
2023-11-26 19:41:44;UNIUSDT;30m;3.0;125;32;74;100.0;6;154.0;['-batch-training', '-calc-rsi', '-verbose', '-prediction-mode=index', '-interval-list=30m', '-range-min-rsi=28', '-range-max-rsi=80', '-range-p-ema=50,250', '-target-margin-list=1.0,1.5,2.0,2.5,3.0,3.5,4.0,4.5,5.0', '-log-level=WARNING']
2023-11-26 19:30:29;UNIUSDT;30m;3.0;100;32;76;100.0;7;154.0;['-batch-training', '-calc-rsi', '-verbose', '-prediction-mode=index', '-interval-list=30m', '-range-min-rsi=28', '-range-max-rsi=80', '-range-p-ema=50,250', '-target-margin-list=1.0,1.5,2.0,2.5,3.0,3.5,4.0,4.5,5.0', '-log-level=WARNING']
2023-11-26 19:30:29;UNIUSDT;30m;3.0;100;32;76;100.0;6;154.0;['-batch-training', '-calc-rsi', '-verbose', '-prediction-mode=index', '-interval-list=30m', '-range-min-rsi=28', '-range-max-rsi=80', '-range-p-ema=50,250', '-target-margin-list=1.0,1.5,2.0,2.5,3.0,3.5,4.0,4.5,5.0', '-log-level=WARNING']
2023-11-26 21:10:12;UNIUSDT;30m;3.0;75;32;76;100.0;6;154.0;['-batch-training', '-calc-rsi', '-verbose', '-prediction-mode=index', '-interval-list=30m', '-range-min-rsi=28', '-range-max-rsi=80', '-range-p-ema=50,250', '-target-margin-list=1.0,1.5,2.0,2.5,3.0,3.5,4.0,4.5,5.0', '-log-level=WARNING']
2023-11-26 21:10:12;UNIUSDT;30m;3.0;75;32;76;100.0;7;154.0;['-batch-training', '-calc-rsi', '-verbose', '-prediction-mode=index', '-interval-list=30m', '-range-min-rsi=28', '-range-max-rsi=80', '-range-p-ema=50,250', '-target-margin-list=1.0,1.5,2.0,2.5,3.0,3.5,4.0,4.5,5.0', '-log-level=WARNING']
2023-11-26 20:54:42;UNIUSDT;30m;3.0;50;32;76;100.0;7;154.0;['-batch-training', '-calc-rsi', '-verbose', '-prediction-mode=index', '-interval-list=30m', '-range-min-rsi=28', '-range-max-rsi=80', '-range-p-ema=50,250', '-target-margin-list=1.0,1.5,2.0,2.5,3.0,3.5,4.0,4.5,5.0', '-log-level=WARNING']
2023-11-26 20:54:23;UNIUSDT;30m;3.0;50;32;74;100.0;6;154.0;['-batch-training', '-calc-rsi', '-verbose', '-prediction-mode=index', '-interval-list=30m', '-range-min-rsi=28', '-range-max-rsi=80', '-range-p-ema=50,250', '-target-margin-list=1.0,1.5,2.0,2.5,3.0,3.5,4.0,4.5,5.0', '-log-level=WARNING']
2023-11-26 20:54:42;UNIUSDT;30m;3.0;50;32;76;100.0;6;154.0;['-batch-training', '-calc-rsi', '-verbose', '-prediction-mode=index', '-interval-list=30m', '-range-min-rsi=28', '-range-max-rsi=80', '-range-p-ema=50,250', '-target-margin-list=1.0,1.5,2.0,2.5,3.0,3.5,4.0,4.5,5.0', '-log-level=WARNING']
2023-11-26 21:10:34;UNIUSDT;30m;3.0;75;32;78;100.0;7;154.0;['-batch-training', '-calc-rsi', '-verbose', '-prediction-mode=index', '-interval-list=30m', '-range-min-rsi=28', '-range-max-rsi=80', '-range-p-ema=50,250', '-target-margin-list=1.0,1.5,2.0,2.5,3.0,3.5,4.0,4.5,5.0', '-log-level=WARNING']
2023-11-26 21:10:34;UNIUSDT;30m;3.0;75;32;78;100.0;6;154.0;['-batch-training', '-calc-rsi', '-verbose', '-prediction-mode=index', '-interval-list=30m', '-range-min-rsi=28', '-range-max-rsi=80', '-range-p-ema=50,250', '-target-margin-list=1.0,1.5,2.0,2.5,3.0,3.5,4.0,4.5,5.0', '-log-level=WARNING']
2023-11-26 20:38:56;UNIUSDT;30m;2.5;250;34;76;100.0;3;154.11;['-batch-training', '-calc-rsi', '-verbose', '-prediction-mode=index', '-interval-list=30m', '-range-min-rsi=28', '-range-max-rsi=80', '-range-p-ema=50,250', '-target-margin-list=1.0,1.5,2.0,2.5,3.0,3.5,4.0,4.5,5.0', '-log-level=WARNING']
2023-11-26 19:45:34;UNIUSDT;30m;4.5;125;34;74;100.0;5;154.2;['-batch-training', '-calc-rsi', '-verbose', '-prediction-mode=index', '-interval-list=30m', '-range-min-rsi=28', '-range-max-rsi=80', '-range-p-ema=50,250', '-target-margin-list=1.0,1.5,2.0,2.5,3.0,3.5,4.0,4.5,5.0', '-log-level=WARNING']
2023-11-26 19:45:49;UNIUSDT;30m;4.5;125;34;76;100.0;5;154.2;['-batch-training', '-calc-rsi', '-verbose', '-prediction-mode=index', '-interval-list=30m', '-range-min-rsi=28', '-range-max-rsi=80', '-range-p-ema=50,250', '-target-margin-list=1.0,1.5,2.0,2.5,3.0,3.5,4.0,4.5,5.0', '-log-level=WARNING']
2023-11-26 20:59:23;UNIUSDT;30m;4.5;50;34;74;100.0;4;154.2;['-batch-training', '-calc-rsi', '-verbose', '-prediction-mode=index', '-interval-list=30m', '-range-min-rsi=28', '-range-max-rsi=80', '-range-p-ema=50,250', '-target-margin-list=1.0,1.5,2.0,2.5,3.0,3.5,4.0,4.5,5.0', '-log-level=WARNING']
2023-11-26 19:45:34;UNIUSDT;30m;4.5;125;34;74;100.0;7;154.2;['-batch-training', '-calc-rsi', '-verbose', '-prediction-mode=index', '-interval-list=30m', '-range-min-rsi=28', '-range-max-rsi=80', '-range-p-ema=50,250', '-target-margin-list=1.0,1.5,2.0,2.5,3.0,3.5,4.0,4.5,5.0', '-log-level=WARNING']
2023-11-26 19:45:50;UNIUSDT;30m;4.5;125;34;76;100.0;7;154.2;['-batch-training', '-calc-rsi', '-verbose', '-prediction-mode=index', '-interval-list=30m', '-range-min-rsi=28', '-range-max-rsi=80', '-range-p-ema=50,250', '-target-margin-list=1.0,1.5,2.0,2.5,3.0,3.5,4.0,4.5,5.0', '-log-level=WARNING']
2023-11-26 19:46:21;UNIUSDT;30m;4.5;125;34;80;100.0;6;154.2;['-batch-training', '-calc-rsi', '-verbose', '-prediction-mode=index', '-interval-list=30m', '-range-min-rsi=28', '-range-max-rsi=80', '-range-p-ema=50,250', '-target-margin-list=1.0,1.5,2.0,2.5,3.0,3.5,4.0,4.5,5.0', '-log-level=WARNING']
2023-11-26 19:45:50;UNIUSDT;30m;4.5;125;34;76;100.0;4;154.2;['-batch-training', '-calc-rsi', '-verbose', '-prediction-mode=index', '-interval-list=30m', '-range-min-rsi=28', '-range-max-rsi=80', '-range-p-ema=50,250', '-target-margin-list=1.0,1.5,2.0,2.5,3.0,3.5,4.0,4.5,5.0', '-log-level=WARNING']
2023-11-26 19:46:05;UNIUSDT;30m;4.5;125;34;78;100.0;4;154.2;['-batch-training', '-calc-rsi', '-verbose', '-prediction-mode=index', '-interval-list=30m', '-range-min-rsi=28', '-range-max-rsi=80', '-range-p-ema=50,250', '-target-margin-list=1.0,1.5,2.0,2.5,3.0,3.5,4.0,4.5,5.0', '-log-level=WARNING']
2023-11-26 19:46:05;UNIUSDT;30m;4.5;125;34;78;100.0;6;154.2;['-batch-training', '-calc-rsi', '-verbose', '-prediction-mode=index', '-interval-list=30m', '-range-min-rsi=28', '-range-max-rsi=80', '-range-p-ema=50,250', '-target-margin-list=1.0,1.5,2.0,2.5,3.0,3.5,4.0,4.5,5.0', '-log-level=WARNING']
2023-11-26 19:46:05;UNIUSDT;30m;4.5;125;34;78;100.0;7;154.2;['-batch-training', '-calc-rsi', '-verbose', '-prediction-mode=index', '-interval-list=30m', '-range-min-rsi=28', '-range-max-rsi=80', '-range-p-ema=50,250', '-target-margin-list=1.0,1.5,2.0,2.5,3.0,3.5,4.0,4.5,5.0', '-log-level=WARNING']
2023-11-26 19:46:05;UNIUSDT;30m;4.5;125;34;78;100.0;5;154.2;['-batch-training', '-calc-rsi', '-verbose', '-prediction-mode=index', '-interval-list=30m', '-range-min-rsi=28', '-range-max-rsi=80', '-range-p-ema=50,250', '-target-margin-list=1.0,1.5,2.0,2.5,3.0,3.5,4.0,4.5,5.0', '-log-level=WARNING']
2023-11-26 19:46:20;UNIUSDT;30m;4.5;125;34;80;100.0;4;154.2;['-batch-training', '-calc-rsi', '-verbose', '-prediction-mode=index', '-interval-list=30m', '-range-min-rsi=28', '-range-max-rsi=80', '-range-p-ema=50,250', '-target-margin-list=1.0,1.5,2.0,2.5,3.0,3.5,4.0,4.5,5.0', '-log-level=WARNING']
2023-11-26 19:45:34;UNIUSDT;30m;4.5;125;34;74;100.0;6;154.2;['-batch-training', '-calc-rsi', '-verbose', '-prediction-mode=index', '-interval-list=30m', '-range-min-rsi=28', '-range-max-rsi=80', '-range-p-ema=50,250', '-target-margin-list=1.0,1.5,2.0,2.5,3.0,3.5,4.0,4.5,5.0', '-log-level=WARNING']
2023-11-26 19:46:20;UNIUSDT;30m;4.5;125;34;80;100.0;7;154.2;['-batch-training', '-calc-rsi', '-verbose', '-prediction-mode=index', '-interval-list=30m', '-range-min-rsi=28', '-range-max-rsi=80', '-range-p-ema=50,250', '-target-margin-list=1.0,1.5,2.0,2.5,3.0,3.5,4.0,4.5,5.0', '-log-level=WARNING']
2023-11-26 19:46:21;UNIUSDT;30m;4.5;125;34;80;100.0;5;154.2;['-batch-training', '-calc-rsi', '-verbose', '-prediction-mode=index', '-interval-list=30m', '-range-min-rsi=28', '-range-max-rsi=80', '-range-p-ema=50,250', '-target-margin-list=1.0,1.5,2.0,2.5,3.0,3.5,4.0,4.5,5.0', '-log-level=WARNING']
2023-11-26 19:45:50;UNIUSDT;30m;4.5;125;34;76;100.0;6;154.2;['-batch-training', '-calc-rsi', '-verbose', '-prediction-mode=index', '-interval-list=30m', '-range-min-rsi=28', '-range-max-rsi=80', '-range-p-ema=50,250', '-target-margin-list=1.0,1.5,2.0,2.5,3.0,3.5,4.0,4.5,5.0', '-log-level=WARNING']
2023-11-26 19:45:34;UNIUSDT;30m;4.5;125;34;74;100.0;4;154.2;['-batch-training', '-calc-rsi', '-verbose', '-prediction-mode=index', '-interval-list=30m', '-range-min-rsi=28', '-range-max-rsi=80', '-range-p-ema=50,250', '-target-margin-list=1.0,1.5,2.0,2.5,3.0,3.5,4.0,4.5,5.0', '-log-level=WARNING']
2023-11-26 21:15:15;UNIUSDT;30m;4.5;75;34;76;100.0;4;154.2;['-batch-training', '-calc-rsi', '-verbose', '-prediction-mode=index', '-interval-list=30m', '-range-min-rsi=28', '-range-max-rsi=80', '-range-p-ema=50,250', '-target-margin-list=1.0,1.5,2.0,2.5,3.0,3.5,4.0,4.5,5.0', '-log-level=WARNING']
2023-11-26 20:59:23;UNIUSDT;30m;4.5;50;34;74;100.0;7;154.2;['-batch-training', '-calc-rsi', '-verbose', '-prediction-mode=index', '-interval-list=30m', '-range-min-rsi=28', '-range-max-rsi=80', '-range-p-ema=50,250', '-target-margin-list=1.0,1.5,2.0,2.5,3.0,3.5,4.0,4.5,5.0', '-log-level=WARNING']
2023-11-26 21:00:03;UNIUSDT;30m;4.5;50;34;78;100.0;5;154.2;['-batch-training', '-calc-rsi', '-verbose', '-prediction-mode=index', '-interval-list=30m', '-range-min-rsi=28', '-range-max-rsi=80', '-range-p-ema=50,250', '-target-margin-list=1.0,1.5,2.0,2.5,3.0,3.5,4.0,4.5,5.0', '-log-level=WARNING']
2023-11-26 19:34:15;UNIUSDT;30m;4.5;100;34;76;100.0;4;154.2;['-batch-training', '-calc-rsi', '-verbose', '-prediction-mode=index', '-interval-list=30m', '-range-min-rsi=28', '-range-max-rsi=80', '-range-p-ema=50,250', '-target-margin-list=1.0,1.5,2.0,2.5,3.0,3.5,4.0,4.5,5.0', '-log-level=WARNING']
2023-11-26 20:59:43;UNIUSDT;30m;4.5;50;34;76;100.0;5;154.2;['-batch-training', '-calc-rsi', '-verbose', '-prediction-mode=index', '-interval-list=30m', '-range-min-rsi=28', '-range-max-rsi=80', '-range-p-ema=50,250', '-target-margin-list=1.0,1.5,2.0,2.5,3.0,3.5,4.0,4.5,5.0', '-log-level=WARNING']
2023-11-26 20:59:43;UNIUSDT;30m;4.5;50;34;76;100.0;7;154.2;['-batch-training', '-calc-rsi', '-verbose', '-prediction-mode=index', '-interval-list=30m', '-range-min-rsi=28', '-range-max-rsi=80', '-range-p-ema=50,250', '-target-margin-list=1.0,1.5,2.0,2.5,3.0,3.5,4.0,4.5,5.0', '-log-level=WARNING']
2023-11-26 21:15:49;UNIUSDT;30m;4.5;75;34;80;100.0;4;154.2;['-batch-training', '-calc-rsi', '-verbose', '-prediction-mode=index', '-interval-list=30m', '-range-min-rsi=28', '-range-max-rsi=80', '-range-p-ema=50,250', '-target-margin-list=1.0,1.5,2.0,2.5,3.0,3.5,4.0,4.5,5.0', '-log-level=WARNING']
2023-11-26 21:15:49;UNIUSDT;30m;4.5;75;34;80;100.0;5;154.2;['-batch-training', '-calc-rsi', '-verbose', '-prediction-mode=index', '-interval-list=30m', '-range-min-rsi=28', '-range-max-rsi=80', '-range-p-ema=50,250', '-target-margin-list=1.0,1.5,2.0,2.5,3.0,3.5,4.0,4.5,5.0', '-log-level=WARNING']
2023-11-26 21:15:49;UNIUSDT;30m;4.5;75;34;80;100.0;6;154.2;['-batch-training', '-calc-rsi', '-verbose', '-prediction-mode=index', '-interval-list=30m', '-range-min-rsi=28', '-range-max-rsi=80', '-range-p-ema=50,250', '-target-margin-list=1.0,1.5,2.0,2.5,3.0,3.5,4.0,4.5,5.0', '-log-level=WARNING']
2023-11-26 21:15:49;UNIUSDT;30m;4.5;75;34;80;100.0;7;154.2;['-batch-training', '-calc-rsi', '-verbose', '-prediction-mode=index', '-interval-list=30m', '-range-min-rsi=28', '-range-max-rsi=80', '-range-p-ema=50,250', '-target-margin-list=1.0,1.5,2.0,2.5,3.0,3.5,4.0,4.5,5.0', '-log-level=WARNING']
2023-11-26 19:34:15;UNIUSDT;30m;4.5;100;34;76;100.0;5;154.2;['-batch-training', '-calc-rsi', '-verbose', '-prediction-mode=index', '-interval-list=30m', '-range-min-rsi=28', '-range-max-rsi=80', '-range-p-ema=50,250', '-target-margin-list=1.0,1.5,2.0,2.5,3.0,3.5,4.0,4.5,5.0', '-log-level=WARNING']
2023-11-26 19:34:01;UNIUSDT;30m;4.5;100;34;74;100.0;7;154.2;['-batch-training', '-calc-rsi', '-verbose', '-prediction-mode=index', '-interval-list=30m', '-range-min-rsi=28', '-range-max-rsi=80', '-range-p-ema=50,250', '-target-margin-list=1.0,1.5,2.0,2.5,3.0,3.5,4.0,4.5,5.0', '-log-level=WARNING']
2023-11-26 19:34:01;UNIUSDT;30m;4.5;100;34;74;100.0;4;154.2;['-batch-training', '-calc-rsi', '-verbose', '-prediction-mode=index', '-interval-list=30m', '-range-min-rsi=28', '-range-max-rsi=80', '-range-p-ema=50,250', '-target-margin-list=1.0,1.5,2.0,2.5,3.0,3.5,4.0,4.5,5.0', '-log-level=WARNING']
2023-11-26 19:34:00;UNIUSDT;30m;4.5;100;34;74;100.0;6;154.2;['-batch-training', '-calc-rsi', '-verbose', '-prediction-mode=index', '-interval-list=30m', '-range-min-rsi=28', '-range-max-rsi=80', '-range-p-ema=50,250', '-target-margin-list=1.0,1.5,2.0,2.5,3.0,3.5,4.0,4.5,5.0', '-log-level=WARNING']
2023-11-26 19:34:00;UNIUSDT;30m;4.5;100;34;74;100.0;5;154.2;['-batch-training', '-calc-rsi', '-verbose', '-prediction-mode=index', '-interval-list=30m', '-range-min-rsi=28', '-range-max-rsi=80', '-range-p-ema=50,250', '-target-margin-list=1.0,1.5,2.0,2.5,3.0,3.5,4.0,4.5,5.0', '-log-level=WARNING']
2023-11-26 21:00:24;UNIUSDT;30m;4.5;50;34;80;100.0;6;154.2;['-batch-training', '-calc-rsi', '-verbose', '-prediction-mode=index', '-interval-list=30m', '-range-min-rsi=28', '-range-max-rsi=80', '-range-p-ema=50,250', '-target-margin-list=1.0,1.5,2.0,2.5,3.0,3.5,4.0,4.5,5.0', '-log-level=WARNING']
2023-11-26 21:00:24;UNIUSDT;30m;4.5;50;34;80;100.0;7;154.2;['-batch-training', '-calc-rsi', '-verbose', '-prediction-mode=index', '-interval-list=30m', '-range-min-rsi=28', '-range-max-rsi=80', '-range-p-ema=50,250', '-target-margin-list=1.0,1.5,2.0,2.5,3.0,3.5,4.0,4.5,5.0', '-log-level=WARNING']
2023-11-26 21:00:24;UNIUSDT;30m;4.5;50;34;80;100.0;4;154.2;['-batch-training', '-calc-rsi', '-verbose', '-prediction-mode=index', '-interval-list=30m', '-range-min-rsi=28', '-range-max-rsi=80', '-range-p-ema=50,250', '-target-margin-list=1.0,1.5,2.0,2.5,3.0,3.5,4.0,4.5,5.0', '-log-level=WARNING']
2023-11-26 21:00:24;UNIUSDT;30m;4.5;50;34;80;100.0;5;154.2;['-batch-training', '-calc-rsi', '-verbose', '-prediction-mode=index', '-interval-list=30m', '-range-min-rsi=28', '-range-max-rsi=80', '-range-p-ema=50,250', '-target-margin-list=1.0,1.5,2.0,2.5,3.0,3.5,4.0,4.5,5.0', '-log-level=WARNING']
2023-11-26 21:00:03;UNIUSDT;30m;4.5;50;34;78;100.0;7;154.2;['-batch-training', '-calc-rsi', '-verbose', '-prediction-mode=index', '-interval-list=30m', '-range-min-rsi=28', '-range-max-rsi=80', '-range-p-ema=50,250', '-target-margin-list=1.0,1.5,2.0,2.5,3.0,3.5,4.0,4.5,5.0', '-log-level=WARNING']
2023-11-26 21:00:03;UNIUSDT;30m;4.5;50;34;78;100.0;6;154.2;['-batch-training', '-calc-rsi', '-verbose', '-prediction-mode=index', '-interval-list=30m', '-range-min-rsi=28', '-range-max-rsi=80', '-range-p-ema=50,250', '-target-margin-list=1.0,1.5,2.0,2.5,3.0,3.5,4.0,4.5,5.0', '-log-level=WARNING']
2023-11-26 19:34:15;UNIUSDT;30m;4.5;100;34;76;100.0;6;154.2;['-batch-training', '-calc-rsi', '-verbose', '-prediction-mode=index', '-interval-list=30m', '-range-min-rsi=28', '-range-max-rsi=80', '-range-p-ema=50,250', '-target-margin-list=1.0,1.5,2.0,2.5,3.0,3.5,4.0,4.5,5.0', '-log-level=WARNING']
2023-11-26 19:34:30;UNIUSDT;30m;4.5;100;34;78;100.0;4;154.2;['-batch-training', '-calc-rsi', '-verbose', '-prediction-mode=index', '-interval-list=30m', '-range-min-rsi=28', '-range-max-rsi=80', '-range-p-ema=50,250', '-target-margin-list=1.0,1.5,2.0,2.5,3.0,3.5,4.0,4.5,5.0', '-log-level=WARNING']
2023-11-26 19:34:15;UNIUSDT;30m;4.5;100;34;76;100.0;7;154.2;['-batch-training', '-calc-rsi', '-verbose', '-prediction-mode=index', '-interval-list=30m', '-range-min-rsi=28', '-range-max-rsi=80', '-range-p-ema=50,250', '-target-margin-list=1.0,1.5,2.0,2.5,3.0,3.5,4.0,4.5,5.0', '-log-level=WARNING']
2023-11-26 19:34:30;UNIUSDT;30m;4.5;100;34;78;100.0;5;154.2;['-batch-training', '-calc-rsi', '-verbose', '-prediction-mode=index', '-interval-list=30m', '-range-min-rsi=28', '-range-max-rsi=80', '-range-p-ema=50,250', '-target-margin-list=1.0,1.5,2.0,2.5,3.0,3.5,4.0,4.5,5.0', '-log-level=WARNING']
2023-11-26 20:59:23;UNIUSDT;30m;4.5;50;34;74;100.0;5;154.2;['-batch-training', '-calc-rsi', '-verbose', '-prediction-mode=index', '-interval-list=30m', '-range-min-rsi=28', '-range-max-rsi=80', '-range-p-ema=50,250', '-target-margin-list=1.0,1.5,2.0,2.5,3.0,3.5,4.0,4.5,5.0', '-log-level=WARNING']
2023-11-26 21:15:15;UNIUSDT;30m;4.5;75;34;76;100.0;5;154.2;['-batch-training', '-calc-rsi', '-verbose', '-prediction-mode=index', '-interval-list=30m', '-range-min-rsi=28', '-range-max-rsi=80', '-range-p-ema=50,250', '-target-margin-list=1.0,1.5,2.0,2.5,3.0,3.5,4.0,4.5,5.0', '-log-level=WARNING']
2023-11-26 21:14:58;UNIUSDT;30m;4.5;75;34;74;100.0;4;154.2;['-batch-training', '-calc-rsi', '-verbose', '-prediction-mode=index', '-interval-list=30m', '-range-min-rsi=28', '-range-max-rsi=80', '-range-p-ema=50,250', '-target-margin-list=1.0,1.5,2.0,2.5,3.0,3.5,4.0,4.5,5.0', '-log-level=WARNING']
2023-11-26 21:14:58;UNIUSDT;30m;4.5;75;34;74;100.0;6;154.2;['-batch-training', '-calc-rsi', '-verbose', '-prediction-mode=index', '-interval-list=30m', '-range-min-rsi=28', '-range-max-rsi=80', '-range-p-ema=50,250', '-target-margin-list=1.0,1.5,2.0,2.5,3.0,3.5,4.0,4.5,5.0', '-log-level=WARNING']
2023-11-26 20:59:23;UNIUSDT;30m;4.5;50;34;74;100.0;6;154.2;['-batch-training', '-calc-rsi', '-verbose', '-prediction-mode=index', '-interval-list=30m', '-range-min-rsi=28', '-range-max-rsi=80', '-range-p-ema=50,250', '-target-margin-list=1.0,1.5,2.0,2.5,3.0,3.5,4.0,4.5,5.0', '-log-level=WARNING']
2023-11-26 21:14:58;UNIUSDT;30m;4.5;75;34;74;100.0;7;154.2;['-batch-training', '-calc-rsi', '-verbose', '-prediction-mode=index', '-interval-list=30m', '-range-min-rsi=28', '-range-max-rsi=80', '-range-p-ema=50,250', '-target-margin-list=1.0,1.5,2.0,2.5,3.0,3.5,4.0,4.5,5.0', '-log-level=WARNING']
2023-11-26 21:15:15;UNIUSDT;30m;4.5;75;34;76;100.0;6;154.2;['-batch-training', '-calc-rsi', '-verbose', '-prediction-mode=index', '-interval-list=30m', '-range-min-rsi=28', '-range-max-rsi=80', '-range-p-ema=50,250', '-target-margin-list=1.0,1.5,2.0,2.5,3.0,3.5,4.0,4.5,5.0', '-log-level=WARNING']
2023-11-26 21:15:15;UNIUSDT;30m;4.5;75;34;76;100.0;7;154.2;['-batch-training', '-calc-rsi', '-verbose', '-prediction-mode=index', '-interval-list=30m', '-range-min-rsi=28', '-range-max-rsi=80', '-range-p-ema=50,250', '-target-margin-list=1.0,1.5,2.0,2.5,3.0,3.5,4.0,4.5,5.0', '-log-level=WARNING']
2023-11-26 21:14:58;UNIUSDT;30m;4.5;75;34;74;100.0;5;154.2;['-batch-training', '-calc-rsi', '-verbose', '-prediction-mode=index', '-interval-list=30m', '-range-min-rsi=28', '-range-max-rsi=80', '-range-p-ema=50,250', '-target-margin-list=1.0,1.5,2.0,2.5,3.0,3.5,4.0,4.5,5.0', '-log-level=WARNING']
2023-11-26 20:59:43;UNIUSDT;30m;4.5;50;34;76;100.0;4;154.2;['-batch-training', '-calc-rsi', '-verbose', '-prediction-mode=index', '-interval-list=30m', '-range-min-rsi=28', '-range-max-rsi=80', '-range-p-ema=50,250', '-target-margin-list=1.0,1.5,2.0,2.5,3.0,3.5,4.0,4.5,5.0', '-log-level=WARNING']
2023-11-26 21:00:03;UNIUSDT;30m;4.5;50;34;78;100.0;4;154.2;['-batch-training', '-calc-rsi', '-verbose', '-prediction-mode=index', '-interval-list=30m', '-range-min-rsi=28', '-range-max-rsi=80', '-range-p-ema=50,250', '-target-margin-list=1.0,1.5,2.0,2.5,3.0,3.5,4.0,4.5,5.0', '-log-level=WARNING']
2023-11-26 20:59:42;UNIUSDT;30m;4.5;50;34;76;100.0;6;154.2;['-batch-training', '-calc-rsi', '-verbose', '-prediction-mode=index', '-interval-list=30m', '-range-min-rsi=28', '-range-max-rsi=80', '-range-p-ema=50,250', '-target-margin-list=1.0,1.5,2.0,2.5,3.0,3.5,4.0,4.5,5.0', '-log-level=WARNING']
2023-11-26 21:15:33;UNIUSDT;30m;4.5;75;34;78;100.0;6;154.2;['-batch-training', '-calc-rsi', '-verbose', '-prediction-mode=index', '-interval-list=30m', '-range-min-rsi=28', '-range-max-rsi=80', '-range-p-ema=50,250', '-target-margin-list=1.0,1.5,2.0,2.5,3.0,3.5,4.0,4.5,5.0', '-log-level=WARNING']
2023-11-26 21:15:33;UNIUSDT;30m;4.5;75;34;78;100.0;5;154.2;['-batch-training', '-calc-rsi', '-verbose', '-prediction-mode=index', '-interval-list=30m', '-range-min-rsi=28', '-range-max-rsi=80', '-range-p-ema=50,250', '-target-margin-list=1.0,1.5,2.0,2.5,3.0,3.5,4.0,4.5,5.0', '-log-level=WARNING']
2023-11-26 21:15:33;UNIUSDT;30m;4.5;75;34;78;100.0;4;154.2;['-batch-training', '-calc-rsi', '-verbose', '-prediction-mode=index', '-interval-list=30m', '-range-min-rsi=28', '-range-max-rsi=80', '-range-p-ema=50,250', '-target-margin-list=1.0,1.5,2.0,2.5,3.0,3.5,4.0,4.5,5.0', '-log-level=WARNING']
2023-11-26 19:34:46;UNIUSDT;30m;4.5;100;34;80;100.0;4;154.2;['-batch-training', '-calc-rsi', '-verbose', '-prediction-mode=index', '-interval-list=30m', '-range-min-rsi=28', '-range-max-rsi=80', '-range-p-ema=50,250', '-target-margin-list=1.0,1.5,2.0,2.5,3.0,3.5,4.0,4.5,5.0', '-log-level=WARNING']
2023-11-26 19:34:46;UNIUSDT;30m;4.5;100;34;80;100.0;7;154.2;['-batch-training', '-calc-rsi', '-verbose', '-prediction-mode=index', '-interval-list=30m', '-range-min-rsi=28', '-range-max-rsi=80', '-range-p-ema=50,250', '-target-margin-list=1.0,1.5,2.0,2.5,3.0,3.5,4.0,4.5,5.0', '-log-level=WARNING']
2023-11-26 21:15:33;UNIUSDT;30m;4.5;75;34;78;100.0;7;154.2;['-batch-training', '-calc-rsi', '-verbose', '-prediction-mode=index', '-interval-list=30m', '-range-min-rsi=28', '-range-max-rsi=80', '-range-p-ema=50,250', '-target-margin-list=1.0,1.5,2.0,2.5,3.0,3.5,4.0,4.5,5.0', '-log-level=WARNING']
2023-11-26 19:34:45;UNIUSDT;30m;4.5;100;34;80;100.0;5;154.2;['-batch-training', '-calc-rsi', '-verbose', '-prediction-mode=index', '-interval-list=30m', '-range-min-rsi=28', '-range-max-rsi=80', '-range-p-ema=50,250', '-target-margin-list=1.0,1.5,2.0,2.5,3.0,3.5,4.0,4.5,5.0', '-log-level=WARNING']
2023-11-26 19:34:45;UNIUSDT;30m;4.5;100;34;80;100.0;6;154.2;['-batch-training', '-calc-rsi', '-verbose', '-prediction-mode=index', '-interval-list=30m', '-range-min-rsi=28', '-range-max-rsi=80', '-range-p-ema=50,250', '-target-margin-list=1.0,1.5,2.0,2.5,3.0,3.5,4.0,4.5,5.0', '-log-level=WARNING']
2023-11-26 19:34:31;UNIUSDT;30m;4.5;100;34;78;100.0;7;154.2;['-batch-training', '-calc-rsi', '-verbose', '-prediction-mode=index', '-interval-list=30m', '-range-min-rsi=28', '-range-max-rsi=80', '-range-p-ema=50,250', '-target-margin-list=1.0,1.5,2.0,2.5,3.0,3.5,4.0,4.5,5.0', '-log-level=WARNING']
2023-11-26 19:34:30;UNIUSDT;30m;4.5;100;34;78;100.0;6;154.2;['-batch-training', '-calc-rsi', '-verbose', '-prediction-mode=index', '-interval-list=30m', '-range-min-rsi=28', '-range-max-rsi=80', '-range-p-ema=50,250', '-target-margin-list=1.0,1.5,2.0,2.5,3.0,3.5,4.0,4.5,5.0', '-log-level=WARNING']
2023-11-26 19:58:27;UNIUSDT;30m;5.0;150;36;80;100.0;6;154.22;['-batch-training', '-calc-rsi', '-verbose', '-prediction-mode=index', '-interval-list=30m', '-range-min-rsi=28', '-range-max-rsi=80', '-range-p-ema=50,250', '-target-margin-list=1.0,1.5,2.0,2.5,3.0,3.5,4.0,4.5,5.0', '-log-level=WARNING']
2023-11-26 19:58:14;UNIUSDT;30m;5.0;150;36;78;100.0;4;154.22;['-batch-training', '-calc-rsi', '-verbose', '-prediction-mode=index', '-interval-list=30m', '-range-min-rsi=28', '-range-max-rsi=80', '-range-p-ema=50,250', '-target-margin-list=1.0,1.5,2.0,2.5,3.0,3.5,4.0,4.5,5.0', '-log-level=WARNING']
2023-11-26 19:58:15;UNIUSDT;30m;5.0;150;36;78;100.0;6;154.22;['-batch-training', '-calc-rsi', '-verbose', '-prediction-mode=index', '-interval-list=30m', '-range-min-rsi=28', '-range-max-rsi=80', '-range-p-ema=50,250', '-target-margin-list=1.0,1.5,2.0,2.5,3.0,3.5,4.0,4.5,5.0', '-log-level=WARNING']
2023-11-26 19:58:27;UNIUSDT;30m;5.0;150;36;80;100.0;7;154.22;['-batch-training', '-calc-rsi', '-verbose', '-prediction-mode=index', '-interval-list=30m', '-range-min-rsi=28', '-range-max-rsi=80', '-range-p-ema=50,250', '-target-margin-list=1.0,1.5,2.0,2.5,3.0,3.5,4.0,4.5,5.0', '-log-level=WARNING']
2023-11-26 19:58:27;UNIUSDT;30m;5.0;150;36;80;100.0;4;154.22;['-batch-training', '-calc-rsi', '-verbose', '-prediction-mode=index', '-interval-list=30m', '-range-min-rsi=28', '-range-max-rsi=80', '-range-p-ema=50,250', '-target-margin-list=1.0,1.5,2.0,2.5,3.0,3.5,4.0,4.5,5.0', '-log-level=WARNING']
2023-11-26 19:58:27;UNIUSDT;30m;5.0;150;36;80;100.0;5;154.22;['-batch-training', '-calc-rsi', '-verbose', '-prediction-mode=index', '-interval-list=30m', '-range-min-rsi=28', '-range-max-rsi=80', '-range-p-ema=50,250', '-target-margin-list=1.0,1.5,2.0,2.5,3.0,3.5,4.0,4.5,5.0', '-log-level=WARNING']
2023-11-26 19:58:14;UNIUSDT;30m;5.0;150;36;78;100.0;7;154.22;['-batch-training', '-calc-rsi', '-verbose', '-prediction-mode=index', '-interval-list=30m', '-range-min-rsi=28', '-range-max-rsi=80', '-range-p-ema=50,250', '-target-margin-list=1.0,1.5,2.0,2.5,3.0,3.5,4.0,4.5,5.0', '-log-level=WARNING']
2023-11-26 19:58:14;UNIUSDT;30m;5.0;150;36;78;100.0;5;154.22;['-batch-training', '-calc-rsi', '-verbose', '-prediction-mode=index', '-interval-list=30m', '-range-min-rsi=28', '-range-max-rsi=80', '-range-p-ema=50,250', '-target-margin-list=1.0,1.5,2.0,2.5,3.0,3.5,4.0,4.5,5.0', '-log-level=WARNING']
2023-11-26 19:57:49;UNIUSDT;30m;5.0;150;36;74;100.0;7;154.22;['-batch-training', '-calc-rsi', '-verbose', '-prediction-mode=index', '-interval-list=30m', '-range-min-rsi=28', '-range-max-rsi=80', '-range-p-ema=50,250', '-target-margin-list=1.0,1.5,2.0,2.5,3.0,3.5,4.0,4.5,5.0', '-log-level=WARNING']
2023-11-26 19:57:49;UNIUSDT;30m;5.0;150;36;74;100.0;6;154.22;['-batch-training', '-calc-rsi', '-verbose', '-prediction-mode=index', '-interval-list=30m', '-range-min-rsi=28', '-range-max-rsi=80', '-range-p-ema=50,250', '-target-margin-list=1.0,1.5,2.0,2.5,3.0,3.5,4.0,4.5,5.0', '-log-level=WARNING']
2023-11-26 19:57:49;UNIUSDT;30m;5.0;150;36;74;100.0;4;154.22;['-batch-training', '-calc-rsi', '-verbose', '-prediction-mode=index', '-interval-list=30m', '-range-min-rsi=28', '-range-max-rsi=80', '-range-p-ema=50,250', '-target-margin-list=1.0,1.5,2.0,2.5,3.0,3.5,4.0,4.5,5.0', '-log-level=WARNING']
2023-11-26 19:57:49;UNIUSDT;30m;5.0;150;36;74;100.0;5;154.22;['-batch-training', '-calc-rsi', '-verbose', '-prediction-mode=index', '-interval-list=30m', '-range-min-rsi=28', '-range-max-rsi=80', '-range-p-ema=50,250', '-target-margin-list=1.0,1.5,2.0,2.5,3.0,3.5,4.0,4.5,5.0', '-log-level=WARNING']
2023-11-26 19:58:01;UNIUSDT;30m;5.0;150;36;76;100.0;4;154.22;['-batch-training', '-calc-rsi', '-verbose', '-prediction-mode=index', '-interval-list=30m', '-range-min-rsi=28', '-range-max-rsi=80', '-range-p-ema=50,250', '-target-margin-list=1.0,1.5,2.0,2.5,3.0,3.5,4.0,4.5,5.0', '-log-level=WARNING']
2023-11-26 19:58:01;UNIUSDT;30m;5.0;150;36;76;100.0;6;154.22;['-batch-training', '-calc-rsi', '-verbose', '-prediction-mode=index', '-interval-list=30m', '-range-min-rsi=28', '-range-max-rsi=80', '-range-p-ema=50,250', '-target-margin-list=1.0,1.5,2.0,2.5,3.0,3.5,4.0,4.5,5.0', '-log-level=WARNING']
2023-11-26 19:58:01;UNIUSDT;30m;5.0;150;36;76;100.0;5;154.22;['-batch-training', '-calc-rsi', '-verbose', '-prediction-mode=index', '-interval-list=30m', '-range-min-rsi=28', '-range-max-rsi=80', '-range-p-ema=50,250', '-target-margin-list=1.0,1.5,2.0,2.5,3.0,3.5,4.0,4.5,5.0', '-log-level=WARNING']
2023-11-26 19:58:01;UNIUSDT;30m;5.0;150;36;76;100.0;7;154.22;['-batch-training', '-calc-rsi', '-verbose', '-prediction-mode=index', '-interval-list=30m', '-range-min-rsi=28', '-range-max-rsi=80', '-range-p-ema=50,250', '-target-margin-list=1.0,1.5,2.0,2.5,3.0,3.5,4.0,4.5,5.0', '-log-level=WARNING']
2023-11-26 19:31:33;UNIUSDT;30m;3.5;100;34;74;100.0;2;154.23;['-batch-training', '-calc-rsi', '-verbose', '-prediction-mode=index', '-interval-list=30m', '-range-min-rsi=28', '-range-max-rsi=80', '-range-p-ema=50,250', '-target-margin-list=1.0,1.5,2.0,2.5,3.0,3.5,4.0,4.5,5.0', '-log-level=WARNING']
2023-11-26 19:43:03;UNIUSDT;30m;3.5;125;34;74;100.0;2;154.23;['-batch-training', '-calc-rsi', '-verbose', '-prediction-mode=index', '-interval-list=30m', '-range-min-rsi=28', '-range-max-rsi=80', '-range-p-ema=50,250', '-target-margin-list=1.0,1.5,2.0,2.5,3.0,3.5,4.0,4.5,5.0', '-log-level=WARNING']
2023-11-26 20:56:04;UNIUSDT;30m;3.5;50;34;74;100.0;2;154.23;['-batch-training', '-calc-rsi', '-verbose', '-prediction-mode=index', '-interval-list=30m', '-range-min-rsi=28', '-range-max-rsi=80', '-range-p-ema=50,250', '-target-margin-list=1.0,1.5,2.0,2.5,3.0,3.5,4.0,4.5,5.0', '-log-level=WARNING']
2023-11-26 21:11:42;UNIUSDT;30m;3.5;75;34;74;100.0;2;154.23;['-batch-training', '-calc-rsi', '-verbose', '-prediction-mode=index', '-interval-list=30m', '-range-min-rsi=28', '-range-max-rsi=80', '-range-p-ema=50,250', '-target-margin-list=1.0,1.5,2.0,2.5,3.0,3.5,4.0,4.5,5.0', '-log-level=WARNING']
2023-11-26 19:57:46;UNIUSDT;30m;5.0;150;34;74;100.0;7;154.44;['-batch-training', '-calc-rsi', '-verbose', '-prediction-mode=index', '-interval-list=30m', '-range-min-rsi=28', '-range-max-rsi=80', '-range-p-ema=50,250', '-target-margin-list=1.0,1.5,2.0,2.5,3.0,3.5,4.0,4.5,5.0', '-log-level=WARNING']
2023-11-26 19:57:46;UNIUSDT;30m;5.0;150;34;74;100.0;5;154.44;['-batch-training', '-calc-rsi', '-verbose', '-prediction-mode=index', '-interval-list=30m', '-range-min-rsi=28', '-range-max-rsi=80', '-range-p-ema=50,250', '-target-margin-list=1.0,1.5,2.0,2.5,3.0,3.5,4.0,4.5,5.0', '-log-level=WARNING']
2023-11-26 20:19:36;UNIUSDT;30m;5.0;200;34;74;100.0;7;154.44;['-batch-training', '-calc-rsi', '-verbose', '-prediction-mode=index', '-interval-list=30m', '-range-min-rsi=28', '-range-max-rsi=80', '-range-p-ema=50,250', '-target-margin-list=1.0,1.5,2.0,2.5,3.0,3.5,4.0,4.5,5.0', '-log-level=WARNING']
2023-11-26 20:19:36;UNIUSDT;30m;5.0;200;34;74;100.0;6;154.44;['-batch-training', '-calc-rsi', '-verbose', '-prediction-mode=index', '-interval-list=30m', '-range-min-rsi=28', '-range-max-rsi=80', '-range-p-ema=50,250', '-target-margin-list=1.0,1.5,2.0,2.5,3.0,3.5,4.0,4.5,5.0', '-log-level=WARNING']
2023-11-26 20:20:10;UNIUSDT;30m;5.0;200;34;78;100.0;5;154.44;['-batch-training', '-calc-rsi', '-verbose', '-prediction-mode=index', '-interval-list=30m', '-range-min-rsi=28', '-range-max-rsi=80', '-range-p-ema=50,250', '-target-margin-list=1.0,1.5,2.0,2.5,3.0,3.5,4.0,4.5,5.0', '-log-level=WARNING']
2023-11-26 19:58:12;UNIUSDT;30m;5.0;150;34;78;100.0;4;154.44;['-batch-training', '-calc-rsi', '-verbose', '-prediction-mode=index', '-interval-list=30m', '-range-min-rsi=28', '-range-max-rsi=80', '-range-p-ema=50,250', '-target-margin-list=1.0,1.5,2.0,2.5,3.0,3.5,4.0,4.5,5.0', '-log-level=WARNING']
2023-11-26 20:20:10;UNIUSDT;30m;5.0;200;34;78;100.0;7;154.44;['-batch-training', '-calc-rsi', '-verbose', '-prediction-mode=index', '-interval-list=30m', '-range-min-rsi=28', '-range-max-rsi=80', '-range-p-ema=50,250', '-target-margin-list=1.0,1.5,2.0,2.5,3.0,3.5,4.0,4.5,5.0', '-log-level=WARNING']
2023-11-26 20:20:10;UNIUSDT;30m;5.0;200;34;78;100.0;6;154.44;['-batch-training', '-calc-rsi', '-verbose', '-prediction-mode=index', '-interval-list=30m', '-range-min-rsi=28', '-range-max-rsi=80', '-range-p-ema=50,250', '-target-margin-list=1.0,1.5,2.0,2.5,3.0,3.5,4.0,4.5,5.0', '-log-level=WARNING']
2023-11-26 20:20:10;UNIUSDT;30m;5.0;200;34;78;100.0;4;154.44;['-batch-training', '-calc-rsi', '-verbose', '-prediction-mode=index', '-interval-list=30m', '-range-min-rsi=28', '-range-max-rsi=80', '-range-p-ema=50,250', '-target-margin-list=1.0,1.5,2.0,2.5,3.0,3.5,4.0,4.5,5.0', '-log-level=WARNING']
2023-11-26 20:08:01;UNIUSDT;30m;5.0;175;34;76;100.0;7;154.44;['-batch-training', '-calc-rsi', '-verbose', '-prediction-mode=index', '-interval-list=30m', '-range-min-rsi=28', '-range-max-rsi=80', '-range-p-ema=50,250', '-target-margin-list=1.0,1.5,2.0,2.5,3.0,3.5,4.0,4.5,5.0', '-log-level=WARNING']
2023-11-26 19:58:12;UNIUSDT;30m;5.0;150;34;78;100.0;6;154.44;['-batch-training', '-calc-rsi', '-verbose', '-prediction-mode=index', '-interval-list=30m', '-range-min-rsi=28', '-range-max-rsi=80', '-range-p-ema=50,250', '-target-margin-list=1.0,1.5,2.0,2.5,3.0,3.5,4.0,4.5,5.0', '-log-level=WARNING']
2023-11-26 19:58:12;UNIUSDT;30m;5.0;150;34;78;100.0;7;154.44;['-batch-training', '-calc-rsi', '-verbose', '-prediction-mode=index', '-interval-list=30m', '-range-min-rsi=28', '-range-max-rsi=80', '-range-p-ema=50,250', '-target-margin-list=1.0,1.5,2.0,2.5,3.0,3.5,4.0,4.5,5.0', '-log-level=WARNING']
2023-11-26 20:19:54;UNIUSDT;30m;5.0;200;34;76;100.0;5;154.44;['-batch-training', '-calc-rsi', '-verbose', '-prediction-mode=index', '-interval-list=30m', '-range-min-rsi=28', '-range-max-rsi=80', '-range-p-ema=50,250', '-target-margin-list=1.0,1.5,2.0,2.5,3.0,3.5,4.0,4.5,5.0', '-log-level=WARNING']
2023-11-26 20:19:54;UNIUSDT;30m;5.0;200;34;76;100.0;7;154.44;['-batch-training', '-calc-rsi', '-verbose', '-prediction-mode=index', '-interval-list=30m', '-range-min-rsi=28', '-range-max-rsi=80', '-range-p-ema=50,250', '-target-margin-list=1.0,1.5,2.0,2.5,3.0,3.5,4.0,4.5,5.0', '-log-level=WARNING']
2023-11-26 20:08:27;UNIUSDT;30m;5.0;175;34;80;100.0;6;154.44;['-batch-training', '-calc-rsi', '-verbose', '-prediction-mode=index', '-interval-list=30m', '-range-min-rsi=28', '-range-max-rsi=80', '-range-p-ema=50,250', '-target-margin-list=1.0,1.5,2.0,2.5,3.0,3.5,4.0,4.5,5.0', '-log-level=WARNING']
2023-11-26 20:19:54;UNIUSDT;30m;5.0;200;34;76;100.0;6;154.44;['-batch-training', '-calc-rsi', '-verbose', '-prediction-mode=index', '-interval-list=30m', '-range-min-rsi=28', '-range-max-rsi=80', '-range-p-ema=50,250', '-target-margin-list=1.0,1.5,2.0,2.5,3.0,3.5,4.0,4.5,5.0', '-log-level=WARNING']
2023-11-26 20:19:54;UNIUSDT;30m;5.0;200;34;76;100.0;4;154.44;['-batch-training', '-calc-rsi', '-verbose', '-prediction-mode=index', '-interval-list=30m', '-range-min-rsi=28', '-range-max-rsi=80', '-range-p-ema=50,250', '-target-margin-list=1.0,1.5,2.0,2.5,3.0,3.5,4.0,4.5,5.0', '-log-level=WARNING']
2023-11-26 20:08:27;UNIUSDT;30m;5.0;175;34;80;100.0;7;154.44;['-batch-training', '-calc-rsi', '-verbose', '-prediction-mode=index', '-interval-list=30m', '-range-min-rsi=28', '-range-max-rsi=80', '-range-p-ema=50,250', '-target-margin-list=1.0,1.5,2.0,2.5,3.0,3.5,4.0,4.5,5.0', '-log-level=WARNING']
2023-11-26 20:08:27;UNIUSDT;30m;5.0;175;34;80;100.0;5;154.44;['-batch-training', '-calc-rsi', '-verbose', '-prediction-mode=index', '-interval-list=30m', '-range-min-rsi=28', '-range-max-rsi=80', '-range-p-ema=50,250', '-target-margin-list=1.0,1.5,2.0,2.5,3.0,3.5,4.0,4.5,5.0', '-log-level=WARNING']
2023-11-26 20:08:27;UNIUSDT;30m;5.0;175;34;80;100.0;4;154.44;['-batch-training', '-calc-rsi', '-verbose', '-prediction-mode=index', '-interval-list=30m', '-range-min-rsi=28', '-range-max-rsi=80', '-range-p-ema=50,250', '-target-margin-list=1.0,1.5,2.0,2.5,3.0,3.5,4.0,4.5,5.0', '-log-level=WARNING']
2023-11-26 19:57:58;UNIUSDT;30m;5.0;150;34;76;100.0;5;154.44;['-batch-training', '-calc-rsi', '-verbose', '-prediction-mode=index', '-interval-list=30m', '-range-min-rsi=28', '-range-max-rsi=80', '-range-p-ema=50,250', '-target-margin-list=1.0,1.5,2.0,2.5,3.0,3.5,4.0,4.5,5.0', '-log-level=WARNING']
2023-11-26 20:08:14;UNIUSDT;30m;5.0;175;34;78;100.0;4;154.44;['-batch-training', '-calc-rsi', '-verbose', '-prediction-mode=index', '-interval-list=30m', '-range-min-rsi=28', '-range-max-rsi=80', '-range-p-ema=50,250', '-target-margin-list=1.0,1.5,2.0,2.5,3.0,3.5,4.0,4.5,5.0', '-log-level=WARNING']
2023-11-26 20:08:14;UNIUSDT;30m;5.0;175;34;78;100.0;6;154.44;['-batch-training', '-calc-rsi', '-verbose', '-prediction-mode=index', '-interval-list=30m', '-range-min-rsi=28', '-range-max-rsi=80', '-range-p-ema=50,250', '-target-margin-list=1.0,1.5,2.0,2.5,3.0,3.5,4.0,4.5,5.0', '-log-level=WARNING']
2023-11-26 19:57:59;UNIUSDT;30m;5.0;150;34;76;100.0;4;154.44;['-batch-training', '-calc-rsi', '-verbose', '-prediction-mode=index', '-interval-list=30m', '-range-min-rsi=28', '-range-max-rsi=80', '-range-p-ema=50,250', '-target-margin-list=1.0,1.5,2.0,2.5,3.0,3.5,4.0,4.5,5.0', '-log-level=WARNING']
2023-11-26 19:57:46;UNIUSDT;30m;5.0;150;34;74;100.0;4;154.44;['-batch-training', '-calc-rsi', '-verbose', '-prediction-mode=index', '-interval-list=30m', '-range-min-rsi=28', '-range-max-rsi=80', '-range-p-ema=50,250', '-target-margin-list=1.0,1.5,2.0,2.5,3.0,3.5,4.0,4.5,5.0', '-log-level=WARNING']
2023-11-26 19:57:46;UNIUSDT;30m;5.0;150;34;74;100.0;6;154.44;['-batch-training', '-calc-rsi', '-verbose', '-prediction-mode=index', '-interval-list=30m', '-range-min-rsi=28', '-range-max-rsi=80', '-range-p-ema=50,250', '-target-margin-list=1.0,1.5,2.0,2.5,3.0,3.5,4.0,4.5,5.0', '-log-level=WARNING']
2023-11-26 20:08:14;UNIUSDT;30m;5.0;175;34;78;100.0;5;154.44;['-batch-training', '-calc-rsi', '-verbose', '-prediction-mode=index', '-interval-list=30m', '-range-min-rsi=28', '-range-max-rsi=80', '-range-p-ema=50,250', '-target-margin-list=1.0,1.5,2.0,2.5,3.0,3.5,4.0,4.5,5.0', '-log-level=WARNING']
2023-11-26 19:58:24;UNIUSDT;30m;5.0;150;34;80;100.0;6;154.44;['-batch-training', '-calc-rsi', '-verbose', '-prediction-mode=index', '-interval-list=30m', '-range-min-rsi=28', '-range-max-rsi=80', '-range-p-ema=50,250', '-target-margin-list=1.0,1.5,2.0,2.5,3.0,3.5,4.0,4.5,5.0', '-log-level=WARNING']
2023-11-26 19:58:24;UNIUSDT;30m;5.0;150;34;80;100.0;7;154.44;['-batch-training', '-calc-rsi', '-verbose', '-prediction-mode=index', '-interval-list=30m', '-range-min-rsi=28', '-range-max-rsi=80', '-range-p-ema=50,250', '-target-margin-list=1.0,1.5,2.0,2.5,3.0,3.5,4.0,4.5,5.0', '-log-level=WARNING']
2023-11-26 19:58:24;UNIUSDT;30m;5.0;150;34;80;100.0;5;154.44;['-batch-training', '-calc-rsi', '-verbose', '-prediction-mode=index', '-interval-list=30m', '-range-min-rsi=28', '-range-max-rsi=80', '-range-p-ema=50,250', '-target-margin-list=1.0,1.5,2.0,2.5,3.0,3.5,4.0,4.5,5.0', '-log-level=WARNING']
2023-11-26 19:58:24;UNIUSDT;30m;5.0;150;34;80;100.0;4;154.44;['-batch-training', '-calc-rsi', '-verbose', '-prediction-mode=index', '-interval-list=30m', '-range-min-rsi=28', '-range-max-rsi=80', '-range-p-ema=50,250', '-target-margin-list=1.0,1.5,2.0,2.5,3.0,3.5,4.0,4.5,5.0', '-log-level=WARNING']
2023-11-26 20:07:47;UNIUSDT;30m;5.0;175;34;74;100.0;5;154.44;['-batch-training', '-calc-rsi', '-verbose', '-prediction-mode=index', '-interval-list=30m', '-range-min-rsi=28', '-range-max-rsi=80', '-range-p-ema=50,250', '-target-margin-list=1.0,1.5,2.0,2.5,3.0,3.5,4.0,4.5,5.0', '-log-level=WARNING']
2023-11-26 20:07:47;UNIUSDT;30m;5.0;175;34;74;100.0;6;154.44;['-batch-training', '-calc-rsi', '-verbose', '-prediction-mode=index', '-interval-list=30m', '-range-min-rsi=28', '-range-max-rsi=80', '-range-p-ema=50,250', '-target-margin-list=1.0,1.5,2.0,2.5,3.0,3.5,4.0,4.5,5.0', '-log-level=WARNING']
2023-11-26 20:07:47;UNIUSDT;30m;5.0;175;34;74;100.0;4;154.44;['-batch-training', '-calc-rsi', '-verbose', '-prediction-mode=index', '-interval-list=30m', '-range-min-rsi=28', '-range-max-rsi=80', '-range-p-ema=50,250', '-target-margin-list=1.0,1.5,2.0,2.5,3.0,3.5,4.0,4.5,5.0', '-log-level=WARNING']
2023-11-26 20:07:47;UNIUSDT;30m;5.0;175;34;74;100.0;7;154.44;['-batch-training', '-calc-rsi', '-verbose', '-prediction-mode=index', '-interval-list=30m', '-range-min-rsi=28', '-range-max-rsi=80', '-range-p-ema=50,250', '-target-margin-list=1.0,1.5,2.0,2.5,3.0,3.5,4.0,4.5,5.0', '-log-level=WARNING']
2023-11-26 20:08:01;UNIUSDT;30m;5.0;175;34;76;100.0;4;154.44;['-batch-training', '-calc-rsi', '-verbose', '-prediction-mode=index', '-interval-list=30m', '-range-min-rsi=28', '-range-max-rsi=80', '-range-p-ema=50,250', '-target-margin-list=1.0,1.5,2.0,2.5,3.0,3.5,4.0,4.5,5.0', '-log-level=WARNING']
2023-11-26 20:19:36;UNIUSDT;30m;5.0;200;34;74;100.0;5;154.44;['-batch-training', '-calc-rsi', '-verbose', '-prediction-mode=index', '-interval-list=30m', '-range-min-rsi=28', '-range-max-rsi=80', '-range-p-ema=50,250', '-target-margin-list=1.0,1.5,2.0,2.5,3.0,3.5,4.0,4.5,5.0', '-log-level=WARNING']
2023-11-26 20:19:36;UNIUSDT;30m;5.0;200;34;74;100.0;4;154.44;['-batch-training', '-calc-rsi', '-verbose', '-prediction-mode=index', '-interval-list=30m', '-range-min-rsi=28', '-range-max-rsi=80', '-range-p-ema=50,250', '-target-margin-list=1.0,1.5,2.0,2.5,3.0,3.5,4.0,4.5,5.0', '-log-level=WARNING']
2023-11-26 19:58:12;UNIUSDT;30m;5.0;150;34;78;100.0;5;154.44;['-batch-training', '-calc-rsi', '-verbose', '-prediction-mode=index', '-interval-list=30m', '-range-min-rsi=28', '-range-max-rsi=80', '-range-p-ema=50,250', '-target-margin-list=1.0,1.5,2.0,2.5,3.0,3.5,4.0,4.5,5.0', '-log-level=WARNING']
2023-11-26 20:08:01;UNIUSDT;30m;5.0;175;34;76;100.0;6;154.44;['-batch-training', '-calc-rsi', '-verbose', '-prediction-mode=index', '-interval-list=30m', '-range-min-rsi=28', '-range-max-rsi=80', '-range-p-ema=50,250', '-target-margin-list=1.0,1.5,2.0,2.5,3.0,3.5,4.0,4.5,5.0', '-log-level=WARNING']
2023-11-26 20:08:14;UNIUSDT;30m;5.0;175;34;78;100.0;7;154.44;['-batch-training', '-calc-rsi', '-verbose', '-prediction-mode=index', '-interval-list=30m', '-range-min-rsi=28', '-range-max-rsi=80', '-range-p-ema=50,250', '-target-margin-list=1.0,1.5,2.0,2.5,3.0,3.5,4.0,4.5,5.0', '-log-level=WARNING']
2023-11-26 20:20:27;UNIUSDT;30m;5.0;200;34;80;100.0;7;154.44;['-batch-training', '-calc-rsi', '-verbose', '-prediction-mode=index', '-interval-list=30m', '-range-min-rsi=28', '-range-max-rsi=80', '-range-p-ema=50,250', '-target-margin-list=1.0,1.5,2.0,2.5,3.0,3.5,4.0,4.5,5.0', '-log-level=WARNING']
2023-11-26 20:08:01;UNIUSDT;30m;5.0;175;34;76;100.0;5;154.44;['-batch-training', '-calc-rsi', '-verbose', '-prediction-mode=index', '-interval-list=30m', '-range-min-rsi=28', '-range-max-rsi=80', '-range-p-ema=50,250', '-target-margin-list=1.0,1.5,2.0,2.5,3.0,3.5,4.0,4.5,5.0', '-log-level=WARNING']
2023-11-26 20:20:27;UNIUSDT;30m;5.0;200;34;80;100.0;6;154.44;['-batch-training', '-calc-rsi', '-verbose', '-prediction-mode=index', '-interval-list=30m', '-range-min-rsi=28', '-range-max-rsi=80', '-range-p-ema=50,250', '-target-margin-list=1.0,1.5,2.0,2.5,3.0,3.5,4.0,4.5,5.0', '-log-level=WARNING']
2023-11-26 20:20:27;UNIUSDT;30m;5.0;200;34;80;100.0;5;154.44;['-batch-training', '-calc-rsi', '-verbose', '-prediction-mode=index', '-interval-list=30m', '-range-min-rsi=28', '-range-max-rsi=80', '-range-p-ema=50,250', '-target-margin-list=1.0,1.5,2.0,2.5,3.0,3.5,4.0,4.5,5.0', '-log-level=WARNING']
2023-11-26 20:20:27;UNIUSDT;30m;5.0;200;34;80;100.0;4;154.44;['-batch-training', '-calc-rsi', '-verbose', '-prediction-mode=index', '-interval-list=30m', '-range-min-rsi=28', '-range-max-rsi=80', '-range-p-ema=50,250', '-target-margin-list=1.0,1.5,2.0,2.5,3.0,3.5,4.0,4.5,5.0', '-log-level=WARNING']
2023-11-26 19:57:59;UNIUSDT;30m;5.0;150;34;76;100.0;6;154.44;['-batch-training', '-calc-rsi', '-verbose', '-prediction-mode=index', '-interval-list=30m', '-range-min-rsi=28', '-range-max-rsi=80', '-range-p-ema=50,250', '-target-margin-list=1.0,1.5,2.0,2.5,3.0,3.5,4.0,4.5,5.0', '-log-level=WARNING']
2023-11-26 19:57:59;UNIUSDT;30m;5.0;150;34;76;100.0;7;154.44;['-batch-training', '-calc-rsi', '-verbose', '-prediction-mode=index', '-interval-list=30m', '-range-min-rsi=28', '-range-max-rsi=80', '-range-p-ema=50,250', '-target-margin-list=1.0,1.5,2.0,2.5,3.0,3.5,4.0,4.5,5.0', '-log-level=WARNING']
2023-11-26 20:12:34;UNIUSDT;30m;2.5;200;36;72;100.0;4;154.46;['-batch-training', '-calc-rsi', '-verbose', '-prediction-mode=index', '-interval-list=30m', '-range-min-rsi=28', '-range-max-rsi=80', '-range-p-ema=50,250', '-target-margin-list=1.0,1.5,2.0,2.5,3.0,3.5,4.0,4.5,5.0', '-log-level=WARNING']
2023-11-26 20:02:06;UNIUSDT;30m;2.5;175;36;72;100.0;4;154.46;['-batch-training', '-calc-rsi', '-verbose', '-prediction-mode=index', '-interval-list=30m', '-range-min-rsi=28', '-range-max-rsi=80', '-range-p-ema=50,250', '-target-margin-list=1.0,1.5,2.0,2.5,3.0,3.5,4.0,4.5,5.0', '-log-level=WARNING']
2023-11-26 21:08:05;UNIUSDT;30m;2.5;75;32;74;100.0;3;154.54;['-batch-training', '-calc-rsi', '-verbose', '-prediction-mode=index', '-interval-list=30m', '-range-min-rsi=28', '-range-max-rsi=80', '-range-p-ema=50,250', '-target-margin-list=1.0,1.5,2.0,2.5,3.0,3.5,4.0,4.5,5.0', '-log-level=WARNING']
2023-11-26 20:52:42;UNIUSDT;30m;2.5;50;32;74;100.0;3;154.54;['-batch-training', '-calc-rsi', '-verbose', '-prediction-mode=index', '-interval-list=30m', '-range-min-rsi=28', '-range-max-rsi=80', '-range-p-ema=50,250', '-target-margin-list=1.0,1.5,2.0,2.5,3.0,3.5,4.0,4.5,5.0', '-log-level=WARNING']
2023-11-26 19:40:27;UNIUSDT;30m;2.5;125;32;74;100.0;3;154.54;['-batch-training', '-calc-rsi', '-verbose', '-prediction-mode=index', '-interval-list=30m', '-range-min-rsi=28', '-range-max-rsi=80', '-range-p-ema=50,250', '-target-margin-list=1.0,1.5,2.0,2.5,3.0,3.5,4.0,4.5,5.0', '-log-level=WARNING']
2023-11-26 20:25:40;UNIUSDT;30m;2.5;225;34;76;100.0;3;154.54;['-batch-training', '-calc-rsi', '-verbose', '-prediction-mode=index', '-interval-list=30m', '-range-min-rsi=28', '-range-max-rsi=80', '-range-p-ema=50,250', '-target-margin-list=1.0,1.5,2.0,2.5,3.0,3.5,4.0,4.5,5.0', '-log-level=WARNING']
2023-11-26 19:28:59;UNIUSDT;30m;2.5;100;32;74;100.0;3;154.54;['-batch-training', '-calc-rsi', '-verbose', '-prediction-mode=index', '-interval-list=30m', '-range-min-rsi=28', '-range-max-rsi=80', '-range-p-ema=50,250', '-target-margin-list=1.0,1.5,2.0,2.5,3.0,3.5,4.0,4.5,5.0', '-log-level=WARNING']
2023-11-26 19:53:13;UNIUSDT;30m;3.0;150;34;74;100.0;2;154.63;['-batch-training', '-calc-rsi', '-verbose', '-prediction-mode=index', '-interval-list=30m', '-range-min-rsi=28', '-range-max-rsi=80', '-range-p-ema=50,250', '-target-margin-list=1.0,1.5,2.0,2.5,3.0,3.5,4.0,4.5,5.0', '-log-level=WARNING']
2023-11-26 19:41:44;UNIUSDT;30m;3.0;125;32;74;100.0;3;154.75;['-batch-training', '-calc-rsi', '-verbose', '-prediction-mode=index', '-interval-list=30m', '-range-min-rsi=28', '-range-max-rsi=80', '-range-p-ema=50,250', '-target-margin-list=1.0,1.5,2.0,2.5,3.0,3.5,4.0,4.5,5.0', '-log-level=WARNING']
2023-11-26 21:09:50;UNIUSDT;30m;3.0;75;32;74;100.0;3;154.75;['-batch-training', '-calc-rsi', '-verbose', '-prediction-mode=index', '-interval-list=30m', '-range-min-rsi=28', '-range-max-rsi=80', '-range-p-ema=50,250', '-target-margin-list=1.0,1.5,2.0,2.5,3.0,3.5,4.0,4.5,5.0', '-log-level=WARNING']
2023-11-26 19:30:14;UNIUSDT;30m;3.0;100;32;74;100.0;3;154.75;['-batch-training', '-calc-rsi', '-verbose', '-prediction-mode=index', '-interval-list=30m', '-range-min-rsi=28', '-range-max-rsi=80', '-range-p-ema=50,250', '-target-margin-list=1.0,1.5,2.0,2.5,3.0,3.5,4.0,4.5,5.0', '-log-level=WARNING']
2023-11-26 20:54:23;UNIUSDT;30m;3.0;50;32;74;100.0;3;154.75;['-batch-training', '-calc-rsi', '-verbose', '-prediction-mode=index', '-interval-list=30m', '-range-min-rsi=28', '-range-max-rsi=80', '-range-p-ema=50,250', '-target-margin-list=1.0,1.5,2.0,2.5,3.0,3.5,4.0,4.5,5.0', '-log-level=WARNING']
2023-11-26 20:17:53;UNIUSDT;30m;4.5;200;32;72;100.0;2;154.77;['-batch-training', '-calc-rsi', '-verbose', '-prediction-mode=index', '-interval-list=30m', '-range-min-rsi=28', '-range-max-rsi=80', '-range-p-ema=50,250', '-target-margin-list=1.0,1.5,2.0,2.5,3.0,3.5,4.0,4.5,5.0', '-log-level=WARNING']
2023-11-26 20:06:26;UNIUSDT;30m;4.5;175;32;72;100.0;2;154.77;['-batch-training', '-calc-rsi', '-verbose', '-prediction-mode=index', '-interval-list=30m', '-range-min-rsi=28', '-range-max-rsi=80', '-range-p-ema=50,250', '-target-margin-list=1.0,1.5,2.0,2.5,3.0,3.5,4.0,4.5,5.0', '-log-level=WARNING']
2023-11-26 20:44:26;UNIUSDT;30m;4.5;250;32;72;100.0;2;154.77;['-batch-training', '-calc-rsi', '-verbose', '-prediction-mode=index', '-interval-list=30m', '-range-min-rsi=28', '-range-max-rsi=80', '-range-p-ema=50,250', '-target-margin-list=1.0,1.5,2.0,2.5,3.0,3.5,4.0,4.5,5.0', '-log-level=WARNING']
2023-11-26 20:30:49;UNIUSDT;30m;4.5;225;32;72;100.0;2;154.77;['-batch-training', '-calc-rsi', '-verbose', '-prediction-mode=index', '-interval-list=30m', '-range-min-rsi=28', '-range-max-rsi=80', '-range-p-ema=50,250', '-target-margin-list=1.0,1.5,2.0,2.5,3.0,3.5,4.0,4.5,5.0', '-log-level=WARNING']
2023-11-26 19:56:21;UNIUSDT;30m;4.5;150;32;72;100.0;2;154.77;['-batch-training', '-calc-rsi', '-verbose', '-prediction-mode=index', '-interval-list=30m', '-range-min-rsi=28', '-range-max-rsi=80', '-range-p-ema=50,250', '-target-margin-list=1.0,1.5,2.0,2.5,3.0,3.5,4.0,4.5,5.0', '-log-level=WARNING']
2023-11-26 20:13:51;UNIUSDT;30m;3.0;200;34;72;100.0;7;154.79;['-batch-training', '-calc-rsi', '-verbose', '-prediction-mode=index', '-interval-list=30m', '-range-min-rsi=28', '-range-max-rsi=80', '-range-p-ema=50,250', '-target-margin-list=1.0,1.5,2.0,2.5,3.0,3.5,4.0,4.5,5.0', '-log-level=WARNING']
2023-11-26 20:03:10;UNIUSDT;30m;3.0;175;34;72;100.0;7;154.79;['-batch-training', '-calc-rsi', '-verbose', '-prediction-mode=index', '-interval-list=30m', '-range-min-rsi=28', '-range-max-rsi=80', '-range-p-ema=50,250', '-target-margin-list=1.0,1.5,2.0,2.5,3.0,3.5,4.0,4.5,5.0', '-log-level=WARNING']
2023-11-26 21:12:48;UNIUSDT;30m;3.5;75;34;80;100.0;3;155.01;['-batch-training', '-calc-rsi', '-verbose', '-prediction-mode=index', '-interval-list=30m', '-range-min-rsi=28', '-range-max-rsi=80', '-range-p-ema=50,250', '-target-margin-list=1.0,1.5,2.0,2.5,3.0,3.5,4.0,4.5,5.0', '-log-level=WARNING']
2023-11-26 19:32:17;UNIUSDT;30m;3.5;100;34;80;100.0;3;155.01;['-batch-training', '-calc-rsi', '-verbose', '-prediction-mode=index', '-interval-list=30m', '-range-min-rsi=28', '-range-max-rsi=80', '-range-p-ema=50,250', '-target-margin-list=1.0,1.5,2.0,2.5,3.0,3.5,4.0,4.5,5.0', '-log-level=WARNING']
2023-11-26 19:43:48;UNIUSDT;30m;3.5;125;34;80;100.0;3;155.01;['-batch-training', '-calc-rsi', '-verbose', '-prediction-mode=index', '-interval-list=30m', '-range-min-rsi=28', '-range-max-rsi=80', '-range-p-ema=50,250', '-target-margin-list=1.0,1.5,2.0,2.5,3.0,3.5,4.0,4.5,5.0', '-log-level=WARNING']
2023-11-26 20:57:03;UNIUSDT;30m;3.5;50;34;80;100.0;3;155.01;['-batch-training', '-calc-rsi', '-verbose', '-prediction-mode=index', '-interval-list=30m', '-range-min-rsi=28', '-range-max-rsi=80', '-range-p-ema=50,250', '-target-margin-list=1.0,1.5,2.0,2.5,3.0,3.5,4.0,4.5,5.0', '-log-level=WARNING']
2023-11-26 19:42:42;UNIUSDT;30m;3.5;125;30;72;100.0;6;155.06;['-batch-training', '-calc-rsi', '-verbose', '-prediction-mode=index', '-interval-list=30m', '-range-min-rsi=28', '-range-max-rsi=80', '-range-p-ema=50,250', '-target-margin-list=1.0,1.5,2.0,2.5,3.0,3.5,4.0,4.5,5.0', '-log-level=WARNING']
2023-11-26 20:04:11;UNIUSDT;30m;3.5;175;30;72;100.0;7;155.06;['-batch-training', '-calc-rsi', '-verbose', '-prediction-mode=index', '-interval-list=30m', '-range-min-rsi=28', '-range-max-rsi=80', '-range-p-ema=50,250', '-target-margin-list=1.0,1.5,2.0,2.5,3.0,3.5,4.0,4.5,5.0', '-log-level=WARNING']
2023-11-26 19:31:12;UNIUSDT;30m;3.5;100;30;72;100.0;7;155.06;['-batch-training', '-calc-rsi', '-verbose', '-prediction-mode=index', '-interval-list=30m', '-range-min-rsi=28', '-range-max-rsi=80', '-range-p-ema=50,250', '-target-margin-list=1.0,1.5,2.0,2.5,3.0,3.5,4.0,4.5,5.0', '-log-level=WARNING']
2023-11-26 20:55:37;UNIUSDT;30m;3.5;50;30;72;100.0;6;155.06;['-batch-training', '-calc-rsi', '-verbose', '-prediction-mode=index', '-interval-list=30m', '-range-min-rsi=28', '-range-max-rsi=80', '-range-p-ema=50,250', '-target-margin-list=1.0,1.5,2.0,2.5,3.0,3.5,4.0,4.5,5.0', '-log-level=WARNING']
2023-11-26 20:55:37;UNIUSDT;30m;3.5;50;30;72;100.0;7;155.06;['-batch-training', '-calc-rsi', '-verbose', '-prediction-mode=index', '-interval-list=30m', '-range-min-rsi=28', '-range-max-rsi=80', '-range-p-ema=50,250', '-target-margin-list=1.0,1.5,2.0,2.5,3.0,3.5,4.0,4.5,5.0', '-log-level=WARNING']
2023-11-26 19:54:02;UNIUSDT;30m;3.5;150;30;72;100.0;6;155.06;['-batch-training', '-calc-rsi', '-verbose', '-prediction-mode=index', '-interval-list=30m', '-range-min-rsi=28', '-range-max-rsi=80', '-range-p-ema=50,250', '-target-margin-list=1.0,1.5,2.0,2.5,3.0,3.5,4.0,4.5,5.0', '-log-level=WARNING']
2023-11-26 19:54:02;UNIUSDT;30m;3.5;150;30;72;100.0;7;155.06;['-batch-training', '-calc-rsi', '-verbose', '-prediction-mode=index', '-interval-list=30m', '-range-min-rsi=28', '-range-max-rsi=80', '-range-p-ema=50,250', '-target-margin-list=1.0,1.5,2.0,2.5,3.0,3.5,4.0,4.5,5.0', '-log-level=WARNING']
2023-11-26 21:11:12;UNIUSDT;30m;3.5;75;30;72;100.0;6;155.06;['-batch-training', '-calc-rsi', '-verbose', '-prediction-mode=index', '-interval-list=30m', '-range-min-rsi=28', '-range-max-rsi=80', '-range-p-ema=50,250', '-target-margin-list=1.0,1.5,2.0,2.5,3.0,3.5,4.0,4.5,5.0', '-log-level=WARNING']
2023-11-26 21:11:12;UNIUSDT;30m;3.5;75;30;72;100.0;7;155.06;['-batch-training', '-calc-rsi', '-verbose', '-prediction-mode=index', '-interval-list=30m', '-range-min-rsi=28', '-range-max-rsi=80', '-range-p-ema=50,250', '-target-margin-list=1.0,1.5,2.0,2.5,3.0,3.5,4.0,4.5,5.0', '-log-level=WARNING']
2023-11-26 20:41:17;UNIUSDT;30m;3.5;250;30;72;100.0;6;155.06;['-batch-training', '-calc-rsi', '-verbose', '-prediction-mode=index', '-interval-list=30m', '-range-min-rsi=28', '-range-max-rsi=80', '-range-p-ema=50,250', '-target-margin-list=1.0,1.5,2.0,2.5,3.0,3.5,4.0,4.5,5.0', '-log-level=WARNING']
2023-11-26 19:42:42;UNIUSDT;30m;3.5;125;30;72;100.0;7;155.06;['-batch-training', '-calc-rsi', '-verbose', '-prediction-mode=index', '-interval-list=30m', '-range-min-rsi=28', '-range-max-rsi=80', '-range-p-ema=50,250', '-target-margin-list=1.0,1.5,2.0,2.5,3.0,3.5,4.0,4.5,5.0', '-log-level=WARNING']
2023-11-26 20:41:17;UNIUSDT;30m;3.5;250;30;72;100.0;7;155.06;['-batch-training', '-calc-rsi', '-verbose', '-prediction-mode=index', '-interval-list=30m', '-range-min-rsi=28', '-range-max-rsi=80', '-range-p-ema=50,250', '-target-margin-list=1.0,1.5,2.0,2.5,3.0,3.5,4.0,4.5,5.0', '-log-level=WARNING']
2023-11-26 20:15:06;UNIUSDT;30m;3.5;200;30;72;100.0;7;155.06;['-batch-training', '-calc-rsi', '-verbose', '-prediction-mode=index', '-interval-list=30m', '-range-min-rsi=28', '-range-max-rsi=80', '-range-p-ema=50,250', '-target-margin-list=1.0,1.5,2.0,2.5,3.0,3.5,4.0,4.5,5.0', '-log-level=WARNING']
2023-11-26 20:04:11;UNIUSDT;30m;3.5;175;30;72;100.0;6;155.06;['-batch-training', '-calc-rsi', '-verbose', '-prediction-mode=index', '-interval-list=30m', '-range-min-rsi=28', '-range-max-rsi=80', '-range-p-ema=50,250', '-target-margin-list=1.0,1.5,2.0,2.5,3.0,3.5,4.0,4.5,5.0', '-log-level=WARNING']
2023-11-26 19:31:12;UNIUSDT;30m;3.5;100;30;72;100.0;6;155.06;['-batch-training', '-calc-rsi', '-verbose', '-prediction-mode=index', '-interval-list=30m', '-range-min-rsi=28', '-range-max-rsi=80', '-range-p-ema=50,250', '-target-margin-list=1.0,1.5,2.0,2.5,3.0,3.5,4.0,4.5,5.0', '-log-level=WARNING']
2023-11-26 20:27:52;UNIUSDT;30m;3.5;225;30;72;100.0;7;155.06;['-batch-training', '-calc-rsi', '-verbose', '-prediction-mode=index', '-interval-list=30m', '-range-min-rsi=28', '-range-max-rsi=80', '-range-p-ema=50,250', '-target-margin-list=1.0,1.5,2.0,2.5,3.0,3.5,4.0,4.5,5.0', '-log-level=WARNING']
2023-11-26 20:27:52;UNIUSDT;30m;3.5;225;30;72;100.0;6;155.06;['-batch-training', '-calc-rsi', '-verbose', '-prediction-mode=index', '-interval-list=30m', '-range-min-rsi=28', '-range-max-rsi=80', '-range-p-ema=50,250', '-target-margin-list=1.0,1.5,2.0,2.5,3.0,3.5,4.0,4.5,5.0', '-log-level=WARNING']
2023-11-26 20:15:06;UNIUSDT;30m;3.5;200;30;72;100.0;6;155.06;['-batch-training', '-calc-rsi', '-verbose', '-prediction-mode=index', '-interval-list=30m', '-range-min-rsi=28', '-range-max-rsi=80', '-range-p-ema=50,250', '-target-margin-list=1.0,1.5,2.0,2.5,3.0,3.5,4.0,4.5,5.0', '-log-level=WARNING']
2023-11-26 20:27:55;UNIUSDT;30m;3.5;225;32;72;100.0;2;155.21;['-batch-training', '-calc-rsi', '-verbose', '-prediction-mode=index', '-interval-list=30m', '-range-min-rsi=28', '-range-max-rsi=80', '-range-p-ema=50,250', '-target-margin-list=1.0,1.5,2.0,2.5,3.0,3.5,4.0,4.5,5.0', '-log-level=WARNING']
2023-11-26 20:13:48;UNIUSDT;30m;3.0;200;32;72;100.0;2;155.61;['-batch-training', '-calc-rsi', '-verbose', '-prediction-mode=index', '-interval-list=30m', '-range-min-rsi=28', '-range-max-rsi=80', '-range-p-ema=50,250', '-target-margin-list=1.0,1.5,2.0,2.5,3.0,3.5,4.0,4.5,5.0', '-log-level=WARNING']
2023-11-26 19:52:57;UNIUSDT;30m;3.0;150;32;72;100.0;2;155.61;['-batch-training', '-calc-rsi', '-verbose', '-prediction-mode=index', '-interval-list=30m', '-range-min-rsi=28', '-range-max-rsi=80', '-range-p-ema=50,250', '-target-margin-list=1.0,1.5,2.0,2.5,3.0,3.5,4.0,4.5,5.0', '-log-level=WARNING']
2023-11-26 20:03:07;UNIUSDT;30m;3.0;175;32;72;100.0;2;155.61;['-batch-training', '-calc-rsi', '-verbose', '-prediction-mode=index', '-interval-list=30m', '-range-min-rsi=28', '-range-max-rsi=80', '-range-p-ema=50,250', '-target-margin-list=1.0,1.5,2.0,2.5,3.0,3.5,4.0,4.5,5.0', '-log-level=WARNING']
2023-11-26 20:13:55;UNIUSDT;30m;3.0;200;36;72;100.0;7;155.66;['-batch-training', '-calc-rsi', '-verbose', '-prediction-mode=index', '-interval-list=30m', '-range-min-rsi=28', '-range-max-rsi=80', '-range-p-ema=50,250', '-target-margin-list=1.0,1.5,2.0,2.5,3.0,3.5,4.0,4.5,5.0', '-log-level=WARNING']
2023-11-26 20:03:13;UNIUSDT;30m;3.0;175;36;72;100.0;7;155.66;['-batch-training', '-calc-rsi', '-verbose', '-prediction-mode=index', '-interval-list=30m', '-range-min-rsi=28', '-range-max-rsi=80', '-range-p-ema=50,250', '-target-margin-list=1.0,1.5,2.0,2.5,3.0,3.5,4.0,4.5,5.0', '-log-level=WARNING']
2023-11-26 19:51:50;UNIUSDT;30m;2.5;150;36;72;100.0;3;155.87;['-batch-training', '-calc-rsi', '-verbose', '-prediction-mode=index', '-interval-list=30m', '-range-min-rsi=28', '-range-max-rsi=80', '-range-p-ema=50,250', '-target-margin-list=1.0,1.5,2.0,2.5,3.0,3.5,4.0,4.5,5.0', '-log-level=WARNING']
2023-11-26 19:28:47;UNIUSDT;30m;2.5;100;34;72;100.0;3;155.89;['-batch-training', '-calc-rsi', '-verbose', '-prediction-mode=index', '-interval-list=30m', '-range-min-rsi=28', '-range-max-rsi=80', '-range-p-ema=50,250', '-target-margin-list=1.0,1.5,2.0,2.5,3.0,3.5,4.0,4.5,5.0', '-log-level=WARNING']
2023-11-26 20:52:27;UNIUSDT;30m;2.5;50;34;72;100.0;3;155.89;['-batch-training', '-calc-rsi', '-verbose', '-prediction-mode=index', '-interval-list=30m', '-range-min-rsi=28', '-range-max-rsi=80', '-range-p-ema=50,250', '-target-margin-list=1.0,1.5,2.0,2.5,3.0,3.5,4.0,4.5,5.0', '-log-level=WARNING']
2023-11-26 21:07:47;UNIUSDT;30m;2.5;75;34;72;100.0;3;155.89;['-batch-training', '-calc-rsi', '-verbose', '-prediction-mode=index', '-interval-list=30m', '-range-min-rsi=28', '-range-max-rsi=80', '-range-p-ema=50,250', '-target-margin-list=1.0,1.5,2.0,2.5,3.0,3.5,4.0,4.5,5.0', '-log-level=WARNING']
2023-11-26 19:40:15;UNIUSDT;30m;2.5;125;34;72;100.0;3;155.89;['-batch-training', '-calc-rsi', '-verbose', '-prediction-mode=index', '-interval-list=30m', '-range-min-rsi=28', '-range-max-rsi=80', '-range-p-ema=50,250', '-target-margin-list=1.0,1.5,2.0,2.5,3.0,3.5,4.0,4.5,5.0', '-log-level=WARNING']
2023-11-26 20:04:29;UNIUSDT;30m;3.5;175;34;74;100.0;3;155.99;['-batch-training', '-calc-rsi', '-verbose', '-prediction-mode=index', '-interval-list=30m', '-range-min-rsi=28', '-range-max-rsi=80', '-range-p-ema=50,250', '-target-margin-list=1.0,1.5,2.0,2.5,3.0,3.5,4.0,4.5,5.0', '-log-level=WARNING']
2023-11-26 20:15:28;UNIUSDT;30m;3.5;200;34;74;100.0;3;155.99;['-batch-training', '-calc-rsi', '-verbose', '-prediction-mode=index', '-interval-list=30m', '-range-min-rsi=28', '-range-max-rsi=80', '-range-p-ema=50,250', '-target-margin-list=1.0,1.5,2.0,2.5,3.0,3.5,4.0,4.5,5.0', '-log-level=WARNING']
2023-11-26 20:27:24;UNIUSDT;30m;3.0;225;34;78;100.0;2;156.7;['-batch-training', '-calc-rsi', '-verbose', '-prediction-mode=index', '-interval-list=30m', '-range-min-rsi=28', '-range-max-rsi=80', '-range-p-ema=50,250', '-target-margin-list=1.0,1.5,2.0,2.5,3.0,3.5,4.0,4.5,5.0', '-log-level=WARNING']
2023-11-26 20:39:44;UNIUSDT;30m;3.0;250;30;72;100.0;7;156.99;['-batch-training', '-calc-rsi', '-verbose', '-prediction-mode=index', '-interval-list=30m', '-range-min-rsi=28', '-range-max-rsi=80', '-range-p-ema=50,250', '-target-margin-list=1.0,1.5,2.0,2.5,3.0,3.5,4.0,4.5,5.0', '-log-level=WARNING']
2023-11-26 20:13:45;UNIUSDT;30m;3.0;200;30;72;100.0;7;156.99;['-batch-training', '-calc-rsi', '-verbose', '-prediction-mode=index', '-interval-list=30m', '-range-min-rsi=28', '-range-max-rsi=80', '-range-p-ema=50,250', '-target-margin-list=1.0,1.5,2.0,2.5,3.0,3.5,4.0,4.5,5.0', '-log-level=WARNING']
2023-11-26 20:53:59;UNIUSDT;30m;3.0;50;30;72;100.0;7;156.99;['-batch-training', '-calc-rsi', '-verbose', '-prediction-mode=index', '-interval-list=30m', '-range-min-rsi=28', '-range-max-rsi=80', '-range-p-ema=50,250', '-target-margin-list=1.0,1.5,2.0,2.5,3.0,3.5,4.0,4.5,5.0', '-log-level=WARNING']
2023-11-26 20:26:24;UNIUSDT;30m;3.0;225;30;72;100.0;7;156.99;['-batch-training', '-calc-rsi', '-verbose', '-prediction-mode=index', '-interval-list=30m', '-range-min-rsi=28', '-range-max-rsi=80', '-range-p-ema=50,250', '-target-margin-list=1.0,1.5,2.0,2.5,3.0,3.5,4.0,4.5,5.0', '-log-level=WARNING']
2023-11-26 19:29:57;UNIUSDT;30m;3.0;100;30;72;100.0;7;156.99;['-batch-training', '-calc-rsi', '-verbose', '-prediction-mode=index', '-interval-list=30m', '-range-min-rsi=28', '-range-max-rsi=80', '-range-p-ema=50,250', '-target-margin-list=1.0,1.5,2.0,2.5,3.0,3.5,4.0,4.5,5.0', '-log-level=WARNING']
2023-11-26 20:03:05;UNIUSDT;30m;3.0;175;30;72;100.0;7;156.99;['-batch-training', '-calc-rsi', '-verbose', '-prediction-mode=index', '-interval-list=30m', '-range-min-rsi=28', '-range-max-rsi=80', '-range-p-ema=50,250', '-target-margin-list=1.0,1.5,2.0,2.5,3.0,3.5,4.0,4.5,5.0', '-log-level=WARNING']
2023-11-26 19:41:26;UNIUSDT;30m;3.0;125;30;72;100.0;7;156.99;['-batch-training', '-calc-rsi', '-verbose', '-prediction-mode=index', '-interval-list=30m', '-range-min-rsi=28', '-range-max-rsi=80', '-range-p-ema=50,250', '-target-margin-list=1.0,1.5,2.0,2.5,3.0,3.5,4.0,4.5,5.0', '-log-level=WARNING']
2023-11-26 19:52:54;UNIUSDT;30m;3.0;150;30;72;100.0;7;156.99;['-batch-training', '-calc-rsi', '-verbose', '-prediction-mode=index', '-interval-list=30m', '-range-min-rsi=28', '-range-max-rsi=80', '-range-p-ema=50,250', '-target-margin-list=1.0,1.5,2.0,2.5,3.0,3.5,4.0,4.5,5.0', '-log-level=WARNING']
2023-11-26 21:09:26;UNIUSDT;30m;3.0;75;30;72;100.0;7;156.99;['-batch-training', '-calc-rsi', '-verbose', '-prediction-mode=index', '-interval-list=30m', '-range-min-rsi=28', '-range-max-rsi=80', '-range-p-ema=50,250', '-target-margin-list=1.0,1.5,2.0,2.5,3.0,3.5,4.0,4.5,5.0', '-log-level=WARNING']
2023-11-26 21:08:13;UNIUSDT;30m;2.5;75;36;74;100.0;3;157.01;['-batch-training', '-calc-rsi', '-verbose', '-prediction-mode=index', '-interval-list=30m', '-range-min-rsi=28', '-range-max-rsi=80', '-range-p-ema=50,250', '-target-margin-list=1.0,1.5,2.0,2.5,3.0,3.5,4.0,4.5,5.0', '-log-level=WARNING']
2023-11-26 19:29:05;UNIUSDT;30m;2.5;100;36;74;100.0;3;157.01;['-batch-training', '-calc-rsi', '-verbose', '-prediction-mode=index', '-interval-list=30m', '-range-min-rsi=28', '-range-max-rsi=80', '-range-p-ema=50,250', '-target-margin-list=1.0,1.5,2.0,2.5,3.0,3.5,4.0,4.5,5.0', '-log-level=WARNING']
2023-11-26 20:52:51;UNIUSDT;30m;2.5;50;36;74;100.0;3;157.01;['-batch-training', '-calc-rsi', '-verbose', '-prediction-mode=index', '-interval-list=30m', '-range-min-rsi=28', '-range-max-rsi=80', '-range-p-ema=50,250', '-target-margin-list=1.0,1.5,2.0,2.5,3.0,3.5,4.0,4.5,5.0', '-log-level=WARNING']
2023-11-26 19:40:33;UNIUSDT;30m;2.5;125;36;74;100.0;3;157.01;['-batch-training', '-calc-rsi', '-verbose', '-prediction-mode=index', '-interval-list=30m', '-range-min-rsi=28', '-range-max-rsi=80', '-range-p-ema=50,250', '-target-margin-list=1.0,1.5,2.0,2.5,3.0,3.5,4.0,4.5,5.0', '-log-level=WARNING']
2023-11-26 19:31:36;UNIUSDT;30m;3.5;100;36;74;100.0;3;157.06;['-batch-training', '-calc-rsi', '-verbose', '-prediction-mode=index', '-interval-list=30m', '-range-min-rsi=28', '-range-max-rsi=80', '-range-p-ema=50,250', '-target-margin-list=1.0,1.5,2.0,2.5,3.0,3.5,4.0,4.5,5.0', '-log-level=WARNING']
2023-11-26 19:43:06;UNIUSDT;30m;3.5;125;36;74;100.0;3;157.06;['-batch-training', '-calc-rsi', '-verbose', '-prediction-mode=index', '-interval-list=30m', '-range-min-rsi=28', '-range-max-rsi=80', '-range-p-ema=50,250', '-target-margin-list=1.0,1.5,2.0,2.5,3.0,3.5,4.0,4.5,5.0', '-log-level=WARNING']
2023-11-26 20:56:08;UNIUSDT;30m;3.5;50;36;74;100.0;3;157.06;['-batch-training', '-calc-rsi', '-verbose', '-prediction-mode=index', '-interval-list=30m', '-range-min-rsi=28', '-range-max-rsi=80', '-range-p-ema=50,250', '-target-margin-list=1.0,1.5,2.0,2.5,3.0,3.5,4.0,4.5,5.0', '-log-level=WARNING']
2023-11-26 21:11:46;UNIUSDT;30m;3.5;75;36;74;100.0;3;157.06;['-batch-training', '-calc-rsi', '-verbose', '-prediction-mode=index', '-interval-list=30m', '-range-min-rsi=28', '-range-max-rsi=80', '-range-p-ema=50,250', '-target-margin-list=1.0,1.5,2.0,2.5,3.0,3.5,4.0,4.5,5.0', '-log-level=WARNING']
2023-11-26 20:55:44;UNIUSDT;30m;3.5;50;34;72;100.0;3;157.2;['-batch-training', '-calc-rsi', '-verbose', '-prediction-mode=index', '-interval-list=30m', '-range-min-rsi=28', '-range-max-rsi=80', '-range-p-ema=50,250', '-target-margin-list=1.0,1.5,2.0,2.5,3.0,3.5,4.0,4.5,5.0', '-log-level=WARNING']
2023-11-26 21:11:20;UNIUSDT;30m;3.5;75;34;72;100.0;3;157.2;['-batch-training', '-calc-rsi', '-verbose', '-prediction-mode=index', '-interval-list=30m', '-range-min-rsi=28', '-range-max-rsi=80', '-range-p-ema=50,250', '-target-margin-list=1.0,1.5,2.0,2.5,3.0,3.5,4.0,4.5,5.0', '-log-level=WARNING']
2023-11-26 19:42:47;UNIUSDT;30m;3.5;125;34;72;100.0;3;157.2;['-batch-training', '-calc-rsi', '-verbose', '-prediction-mode=index', '-interval-list=30m', '-range-min-rsi=28', '-range-max-rsi=80', '-range-p-ema=50,250', '-target-margin-list=1.0,1.5,2.0,2.5,3.0,3.5,4.0,4.5,5.0', '-log-level=WARNING']
2023-11-26 19:31:18;UNIUSDT;30m;3.5;100;34;72;100.0;3;157.2;['-batch-training', '-calc-rsi', '-verbose', '-prediction-mode=index', '-interval-list=30m', '-range-min-rsi=28', '-range-max-rsi=80', '-range-p-ema=50,250', '-target-margin-list=1.0,1.5,2.0,2.5,3.0,3.5,4.0,4.5,5.0', '-log-level=WARNING']
2023-11-26 20:57:03;UNIUSDT;30m;3.5;50;34;80;100.0;7;157.29;['-batch-training', '-calc-rsi', '-verbose', '-prediction-mode=index', '-interval-list=30m', '-range-min-rsi=28', '-range-max-rsi=80', '-range-p-ema=50,250', '-target-margin-list=1.0,1.5,2.0,2.5,3.0,3.5,4.0,4.5,5.0', '-log-level=WARNING']
2023-11-26 21:12:48;UNIUSDT;30m;3.5;75;34;80;100.0;5;157.29;['-batch-training', '-calc-rsi', '-verbose', '-prediction-mode=index', '-interval-list=30m', '-range-min-rsi=28', '-range-max-rsi=80', '-range-p-ema=50,250', '-target-margin-list=1.0,1.5,2.0,2.5,3.0,3.5,4.0,4.5,5.0', '-log-level=WARNING']
2023-11-26 19:43:49;UNIUSDT;30m;3.5;125;34;80;100.0;6;157.29;['-batch-training', '-calc-rsi', '-verbose', '-prediction-mode=index', '-interval-list=30m', '-range-min-rsi=28', '-range-max-rsi=80', '-range-p-ema=50,250', '-target-margin-list=1.0,1.5,2.0,2.5,3.0,3.5,4.0,4.5,5.0', '-log-level=WARNING']
2023-11-26 20:57:03;UNIUSDT;30m;3.5;50;34;80;100.0;6;157.29;['-batch-training', '-calc-rsi', '-verbose', '-prediction-mode=index', '-interval-list=30m', '-range-min-rsi=28', '-range-max-rsi=80', '-range-p-ema=50,250', '-target-margin-list=1.0,1.5,2.0,2.5,3.0,3.5,4.0,4.5,5.0', '-log-level=WARNING']
2023-11-26 20:57:03;UNIUSDT;30m;3.5;50;34;80;100.0;5;157.29;['-batch-training', '-calc-rsi', '-verbose', '-prediction-mode=index', '-interval-list=30m', '-range-min-rsi=28', '-range-max-rsi=80', '-range-p-ema=50,250', '-target-margin-list=1.0,1.5,2.0,2.5,3.0,3.5,4.0,4.5,5.0', '-log-level=WARNING']
2023-11-26 19:32:17;UNIUSDT;30m;3.5;100;34;80;100.0;5;157.29;['-batch-training', '-calc-rsi', '-verbose', '-prediction-mode=index', '-interval-list=30m', '-range-min-rsi=28', '-range-max-rsi=80', '-range-p-ema=50,250', '-target-margin-list=1.0,1.5,2.0,2.5,3.0,3.5,4.0,4.5,5.0', '-log-level=WARNING']
2023-11-26 21:12:48;UNIUSDT;30m;3.5;75;34;80;100.0;7;157.29;['-batch-training', '-calc-rsi', '-verbose', '-prediction-mode=index', '-interval-list=30m', '-range-min-rsi=28', '-range-max-rsi=80', '-range-p-ema=50,250', '-target-margin-list=1.0,1.5,2.0,2.5,3.0,3.5,4.0,4.5,5.0', '-log-level=WARNING']
2023-11-26 19:32:17;UNIUSDT;30m;3.5;100;34;80;100.0;7;157.29;['-batch-training', '-calc-rsi', '-verbose', '-prediction-mode=index', '-interval-list=30m', '-range-min-rsi=28', '-range-max-rsi=80', '-range-p-ema=50,250', '-target-margin-list=1.0,1.5,2.0,2.5,3.0,3.5,4.0,4.5,5.0', '-log-level=WARNING']
2023-11-26 19:43:48;UNIUSDT;30m;3.5;125;34;80;100.0;7;157.29;['-batch-training', '-calc-rsi', '-verbose', '-prediction-mode=index', '-interval-list=30m', '-range-min-rsi=28', '-range-max-rsi=80', '-range-p-ema=50,250', '-target-margin-list=1.0,1.5,2.0,2.5,3.0,3.5,4.0,4.5,5.0', '-log-level=WARNING']
2023-11-26 19:43:49;UNIUSDT;30m;3.5;125;34;80;100.0;5;157.29;['-batch-training', '-calc-rsi', '-verbose', '-prediction-mode=index', '-interval-list=30m', '-range-min-rsi=28', '-range-max-rsi=80', '-range-p-ema=50,250', '-target-margin-list=1.0,1.5,2.0,2.5,3.0,3.5,4.0,4.5,5.0', '-log-level=WARNING']
2023-11-26 19:32:17;UNIUSDT;30m;3.5;100;34;80;100.0;6;157.29;['-batch-training', '-calc-rsi', '-verbose', '-prediction-mode=index', '-interval-list=30m', '-range-min-rsi=28', '-range-max-rsi=80', '-range-p-ema=50,250', '-target-margin-list=1.0,1.5,2.0,2.5,3.0,3.5,4.0,4.5,5.0', '-log-level=WARNING']
2023-11-26 21:12:48;UNIUSDT;30m;3.5;75;34;80;100.0;6;157.29;['-batch-training', '-calc-rsi', '-verbose', '-prediction-mode=index', '-interval-list=30m', '-range-min-rsi=28', '-range-max-rsi=80', '-range-p-ema=50,250', '-target-margin-list=1.0,1.5,2.0,2.5,3.0,3.5,4.0,4.5,5.0', '-log-level=WARNING']
2023-11-26 21:10:16;UNIUSDT;30m;3.0;75;34;76;100.0;2;157.71;['-batch-training', '-calc-rsi', '-verbose', '-prediction-mode=index', '-interval-list=30m', '-range-min-rsi=28', '-range-max-rsi=80', '-range-p-ema=50,250', '-target-margin-list=1.0,1.5,2.0,2.5,3.0,3.5,4.0,4.5,5.0', '-log-level=WARNING']
2023-11-26 19:42:02;UNIUSDT;30m;3.0;125;34;76;100.0;2;157.71;['-batch-training', '-calc-rsi', '-verbose', '-prediction-mode=index', '-interval-list=30m', '-range-min-rsi=28', '-range-max-rsi=80', '-range-p-ema=50,250', '-target-margin-list=1.0,1.5,2.0,2.5,3.0,3.5,4.0,4.5,5.0', '-log-level=WARNING']
2023-11-26 20:54:45;UNIUSDT;30m;3.0;50;34;76;100.0;2;157.71;['-batch-training', '-calc-rsi', '-verbose', '-prediction-mode=index', '-interval-list=30m', '-range-min-rsi=28', '-range-max-rsi=80', '-range-p-ema=50,250', '-target-margin-list=1.0,1.5,2.0,2.5,3.0,3.5,4.0,4.5,5.0', '-log-level=WARNING']
2023-11-26 19:30:32;UNIUSDT;30m;3.0;100;34;76;100.0;2;157.71;['-batch-training', '-calc-rsi', '-verbose', '-prediction-mode=index', '-interval-list=30m', '-range-min-rsi=28', '-range-max-rsi=80', '-range-p-ema=50,250', '-target-margin-list=1.0,1.5,2.0,2.5,3.0,3.5,4.0,4.5,5.0', '-log-level=WARNING']
2023-11-26 19:54:10;UNIUSDT;30m;3.5;150;36;72;100.0;3;157.87;['-batch-training', '-calc-rsi', '-verbose', '-prediction-mode=index', '-interval-list=30m', '-range-min-rsi=28', '-range-max-rsi=80', '-range-p-ema=50,250', '-target-margin-list=1.0,1.5,2.0,2.5,3.0,3.5,4.0,4.5,5.0', '-log-level=WARNING']
2023-11-26 19:32:06;UNIUSDT;30m;3.5;100;36;78;100.0;7;157.92;['-batch-training', '-calc-rsi', '-verbose', '-prediction-mode=index', '-interval-list=30m', '-range-min-rsi=28', '-range-max-rsi=80', '-range-p-ema=50,250', '-target-margin-list=1.0,1.5,2.0,2.5,3.0,3.5,4.0,4.5,5.0', '-log-level=WARNING']
2023-11-26 19:32:06;UNIUSDT;30m;3.5;100;36;78;100.0;6;157.92;['-batch-training', '-calc-rsi', '-verbose', '-prediction-mode=index', '-interval-list=30m', '-range-min-rsi=28', '-range-max-rsi=80', '-range-p-ema=50,250', '-target-margin-list=1.0,1.5,2.0,2.5,3.0,3.5,4.0,4.5,5.0', '-log-level=WARNING']
2023-11-26 19:43:06;UNIUSDT;30m;3.5;125;36;74;100.0;6;157.92;['-batch-training', '-calc-rsi', '-verbose', '-prediction-mode=index', '-interval-list=30m', '-range-min-rsi=28', '-range-max-rsi=80', '-range-p-ema=50,250', '-target-margin-list=1.0,1.5,2.0,2.5,3.0,3.5,4.0,4.5,5.0', '-log-level=WARNING']
2023-11-26 20:56:28;UNIUSDT;30m;3.5;50;36;76;100.0;6;157.92;['-batch-training', '-calc-rsi', '-verbose', '-prediction-mode=index', '-interval-list=30m', '-range-min-rsi=28', '-range-max-rsi=80', '-range-p-ema=50,250', '-target-margin-list=1.0,1.5,2.0,2.5,3.0,3.5,4.0,4.5,5.0', '-log-level=WARNING']
2023-11-26 20:56:28;UNIUSDT;30m;3.5;50;36;76;100.0;7;157.92;['-batch-training', '-calc-rsi', '-verbose', '-prediction-mode=index', '-interval-list=30m', '-range-min-rsi=28', '-range-max-rsi=80', '-range-p-ema=50,250', '-target-margin-list=1.0,1.5,2.0,2.5,3.0,3.5,4.0,4.5,5.0', '-log-level=WARNING']
2023-11-26 19:31:51;UNIUSDT;30m;3.5;100;36;76;100.0;6;157.92;['-batch-training', '-calc-rsi', '-verbose', '-prediction-mode=index', '-interval-list=30m', '-range-min-rsi=28', '-range-max-rsi=80', '-range-p-ema=50,250', '-target-margin-list=1.0,1.5,2.0,2.5,3.0,3.5,4.0,4.5,5.0', '-log-level=WARNING']
2023-11-26 19:43:06;UNIUSDT;30m;3.5;125;36;74;100.0;7;157.92;['-batch-training', '-calc-rsi', '-verbose', '-prediction-mode=index', '-interval-list=30m', '-range-min-rsi=28', '-range-max-rsi=80', '-range-p-ema=50,250', '-target-margin-list=1.0,1.5,2.0,2.5,3.0,3.5,4.0,4.5,5.0', '-log-level=WARNING']
2023-11-26 19:31:51;UNIUSDT;30m;3.5;100;36;76;100.0;7;157.92;['-batch-training', '-calc-rsi', '-verbose', '-prediction-mode=index', '-interval-list=30m', '-range-min-rsi=28', '-range-max-rsi=80', '-range-p-ema=50,250', '-target-margin-list=1.0,1.5,2.0,2.5,3.0,3.5,4.0,4.5,5.0', '-log-level=WARNING']
2023-11-26 19:31:36;UNIUSDT;30m;3.5;100;36;74;100.0;7;157.92;['-batch-training', '-calc-rsi', '-verbose', '-prediction-mode=index', '-interval-list=30m', '-range-min-rsi=28', '-range-max-rsi=80', '-range-p-ema=50,250', '-target-margin-list=1.0,1.5,2.0,2.5,3.0,3.5,4.0,4.5,5.0', '-log-level=WARNING']
2023-11-26 20:57:07;UNIUSDT;30m;3.5;50;36;80;100.0;7;157.92;['-batch-training', '-calc-rsi', '-verbose', '-prediction-mode=index', '-interval-list=30m', '-range-min-rsi=28', '-range-max-rsi=80', '-range-p-ema=50,250', '-target-margin-list=1.0,1.5,2.0,2.5,3.0,3.5,4.0,4.5,5.0', '-log-level=WARNING']
2023-11-26 21:12:09;UNIUSDT;30m;3.5;75;36;76;100.0;7;157.92;['-batch-training', '-calc-rsi', '-verbose', '-prediction-mode=index', '-interval-list=30m', '-range-min-rsi=28', '-range-max-rsi=80', '-range-p-ema=50,250', '-target-margin-list=1.0,1.5,2.0,2.5,3.0,3.5,4.0,4.5,5.0', '-log-level=WARNING']
2023-11-26 21:11:47;UNIUSDT;30m;3.5;75;36;74;100.0;6;157.92;['-batch-training', '-calc-rsi', '-verbose', '-prediction-mode=index', '-interval-list=30m', '-range-min-rsi=28', '-range-max-rsi=80', '-range-p-ema=50,250', '-target-margin-list=1.0,1.5,2.0,2.5,3.0,3.5,4.0,4.5,5.0', '-log-level=WARNING']
2023-11-26 21:11:47;UNIUSDT;30m;3.5;75;36;74;100.0;7;157.92;['-batch-training', '-calc-rsi', '-verbose', '-prediction-mode=index', '-interval-list=30m', '-range-min-rsi=28', '-range-max-rsi=80', '-range-p-ema=50,250', '-target-margin-list=1.0,1.5,2.0,2.5,3.0,3.5,4.0,4.5,5.0', '-log-level=WARNING']
2023-11-26 20:56:08;UNIUSDT;30m;3.5;50;36;74;100.0;7;157.92;['-batch-training', '-calc-rsi', '-verbose', '-prediction-mode=index', '-interval-list=30m', '-range-min-rsi=28', '-range-max-rsi=80', '-range-p-ema=50,250', '-target-margin-list=1.0,1.5,2.0,2.5,3.0,3.5,4.0,4.5,5.0', '-log-level=WARNING']
2023-11-26 20:56:08;UNIUSDT;30m;3.5;50;36;74;100.0;6;157.92;['-batch-training', '-calc-rsi', '-verbose', '-prediction-mode=index', '-interval-list=30m', '-range-min-rsi=28', '-range-max-rsi=80', '-range-p-ema=50,250', '-target-margin-list=1.0,1.5,2.0,2.5,3.0,3.5,4.0,4.5,5.0', '-log-level=WARNING']
2023-11-26 19:32:20;UNIUSDT;30m;3.5;100;36;80;100.0;6;157.92;['-batch-training', '-calc-rsi', '-verbose', '-prediction-mode=index', '-interval-list=30m', '-range-min-rsi=28', '-range-max-rsi=80', '-range-p-ema=50,250', '-target-margin-list=1.0,1.5,2.0,2.5,3.0,3.5,4.0,4.5,5.0', '-log-level=WARNING']
2023-11-26 19:32:20;UNIUSDT;30m;3.5;100;36;80;100.0;7;157.92;['-batch-training', '-calc-rsi', '-verbose', '-prediction-mode=index', '-interval-list=30m', '-range-min-rsi=28', '-range-max-rsi=80', '-range-p-ema=50,250', '-target-margin-list=1.0,1.5,2.0,2.5,3.0,3.5,4.0,4.5,5.0', '-log-level=WARNING']
2023-11-26 19:43:51;UNIUSDT;30m;3.5;125;36;80;100.0;7;157.92;['-batch-training', '-calc-rsi', '-verbose', '-prediction-mode=index', '-interval-list=30m', '-range-min-rsi=28', '-range-max-rsi=80', '-range-p-ema=50,250', '-target-margin-list=1.0,1.5,2.0,2.5,3.0,3.5,4.0,4.5,5.0', '-log-level=WARNING']
2023-11-26 19:43:51;UNIUSDT;30m;3.5;125;36;80;100.0;6;157.92;['-batch-training', '-calc-rsi', '-verbose', '-prediction-mode=index', '-interval-list=30m', '-range-min-rsi=28', '-range-max-rsi=80', '-range-p-ema=50,250', '-target-margin-list=1.0,1.5,2.0,2.5,3.0,3.5,4.0,4.5,5.0', '-log-level=WARNING']
2023-11-26 21:12:08;UNIUSDT;30m;3.5;75;36;76;100.0;6;157.92;['-batch-training', '-calc-rsi', '-verbose', '-prediction-mode=index', '-interval-list=30m', '-range-min-rsi=28', '-range-max-rsi=80', '-range-p-ema=50,250', '-target-margin-list=1.0,1.5,2.0,2.5,3.0,3.5,4.0,4.5,5.0', '-log-level=WARNING']
2023-11-26 19:31:36;UNIUSDT;30m;3.5;100;36;74;100.0;6;157.92;['-batch-training', '-calc-rsi', '-verbose', '-prediction-mode=index', '-interval-list=30m', '-range-min-rsi=28', '-range-max-rsi=80', '-range-p-ema=50,250', '-target-margin-list=1.0,1.5,2.0,2.5,3.0,3.5,4.0,4.5,5.0', '-log-level=WARNING']
2023-11-26 19:43:36;UNIUSDT;30m;3.5;125;36;78;100.0;6;157.92;['-batch-training', '-calc-rsi', '-verbose', '-prediction-mode=index', '-interval-list=30m', '-range-min-rsi=28', '-range-max-rsi=80', '-range-p-ema=50,250', '-target-margin-list=1.0,1.5,2.0,2.5,3.0,3.5,4.0,4.5,5.0', '-log-level=WARNING']
2023-11-26 21:12:52;UNIUSDT;30m;3.5;75;36;80;100.0;6;157.92;['-batch-training', '-calc-rsi', '-verbose', '-prediction-mode=index', '-interval-list=30m', '-range-min-rsi=28', '-range-max-rsi=80', '-range-p-ema=50,250', '-target-margin-list=1.0,1.5,2.0,2.5,3.0,3.5,4.0,4.5,5.0', '-log-level=WARNING']
2023-11-26 20:57:07;UNIUSDT;30m;3.5;50;36;80;100.0;6;157.92;['-batch-training', '-calc-rsi', '-verbose', '-prediction-mode=index', '-interval-list=30m', '-range-min-rsi=28', '-range-max-rsi=80', '-range-p-ema=50,250', '-target-margin-list=1.0,1.5,2.0,2.5,3.0,3.5,4.0,4.5,5.0', '-log-level=WARNING']
2023-11-26 21:12:52;UNIUSDT;30m;3.5;75;36;80;100.0;7;157.92;['-batch-training', '-calc-rsi', '-verbose', '-prediction-mode=index', '-interval-list=30m', '-range-min-rsi=28', '-range-max-rsi=80', '-range-p-ema=50,250', '-target-margin-list=1.0,1.5,2.0,2.5,3.0,3.5,4.0,4.5,5.0', '-log-level=WARNING']
2023-11-26 20:56:48;UNIUSDT;30m;3.5;50;36;78;100.0;7;157.92;['-batch-training', '-calc-rsi', '-verbose', '-prediction-mode=index', '-interval-list=30m', '-range-min-rsi=28', '-range-max-rsi=80', '-range-p-ema=50,250', '-target-margin-list=1.0,1.5,2.0,2.5,3.0,3.5,4.0,4.5,5.0', '-log-level=WARNING']
2023-11-26 19:43:21;UNIUSDT;30m;3.5;125;36;76;100.0;7;157.92;['-batch-training', '-calc-rsi', '-verbose', '-prediction-mode=index', '-interval-list=30m', '-range-min-rsi=28', '-range-max-rsi=80', '-range-p-ema=50,250', '-target-margin-list=1.0,1.5,2.0,2.5,3.0,3.5,4.0,4.5,5.0', '-log-level=WARNING']
2023-11-26 19:43:21;UNIUSDT;30m;3.5;125;36;76;100.0;6;157.92;['-batch-training', '-calc-rsi', '-verbose', '-prediction-mode=index', '-interval-list=30m', '-range-min-rsi=28', '-range-max-rsi=80', '-range-p-ema=50,250', '-target-margin-list=1.0,1.5,2.0,2.5,3.0,3.5,4.0,4.5,5.0', '-log-level=WARNING']
2023-11-26 20:56:48;UNIUSDT;30m;3.5;50;36;78;100.0;6;157.92;['-batch-training', '-calc-rsi', '-verbose', '-prediction-mode=index', '-interval-list=30m', '-range-min-rsi=28', '-range-max-rsi=80', '-range-p-ema=50,250', '-target-margin-list=1.0,1.5,2.0,2.5,3.0,3.5,4.0,4.5,5.0', '-log-level=WARNING']
2023-11-26 21:12:30;UNIUSDT;30m;3.5;75;36;78;100.0;6;157.92;['-batch-training', '-calc-rsi', '-verbose', '-prediction-mode=index', '-interval-list=30m', '-range-min-rsi=28', '-range-max-rsi=80', '-range-p-ema=50,250', '-target-margin-list=1.0,1.5,2.0,2.5,3.0,3.5,4.0,4.5,5.0', '-log-level=WARNING']
2023-11-26 21:12:30;UNIUSDT;30m;3.5;75;36;78;100.0;7;157.92;['-batch-training', '-calc-rsi', '-verbose', '-prediction-mode=index', '-interval-list=30m', '-range-min-rsi=28', '-range-max-rsi=80', '-range-p-ema=50,250', '-target-margin-list=1.0,1.5,2.0,2.5,3.0,3.5,4.0,4.5,5.0', '-log-level=WARNING']
2023-11-26 19:43:36;UNIUSDT;30m;3.5;125;36;78;100.0;7;157.92;['-batch-training', '-calc-rsi', '-verbose', '-prediction-mode=index', '-interval-list=30m', '-range-min-rsi=28', '-range-max-rsi=80', '-range-p-ema=50,250', '-target-margin-list=1.0,1.5,2.0,2.5,3.0,3.5,4.0,4.5,5.0', '-log-level=WARNING']
2023-11-26 20:53:59;UNIUSDT;30m;3.0;50;30;72;100.0;3;157.94;['-batch-training', '-calc-rsi', '-verbose', '-prediction-mode=index', '-interval-list=30m', '-range-min-rsi=28', '-range-max-rsi=80', '-range-p-ema=50,250', '-target-margin-list=1.0,1.5,2.0,2.5,3.0,3.5,4.0,4.5,5.0', '-log-level=WARNING']
2023-11-26 21:09:26;UNIUSDT;30m;3.0;75;30;72;100.0;3;157.94;['-batch-training', '-calc-rsi', '-verbose', '-prediction-mode=index', '-interval-list=30m', '-range-min-rsi=28', '-range-max-rsi=80', '-range-p-ema=50,250', '-target-margin-list=1.0,1.5,2.0,2.5,3.0,3.5,4.0,4.5,5.0', '-log-level=WARNING']
2023-11-26 20:26:24;UNIUSDT;30m;3.0;225;30;72;100.0;3;157.94;['-batch-training', '-calc-rsi', '-verbose', '-prediction-mode=index', '-interval-list=30m', '-range-min-rsi=28', '-range-max-rsi=80', '-range-p-ema=50,250', '-target-margin-list=1.0,1.5,2.0,2.5,3.0,3.5,4.0,4.5,5.0', '-log-level=WARNING']
2023-11-26 19:41:25;UNIUSDT;30m;3.0;125;30;72;100.0;3;157.94;['-batch-training', '-calc-rsi', '-verbose', '-prediction-mode=index', '-interval-list=30m', '-range-min-rsi=28', '-range-max-rsi=80', '-range-p-ema=50,250', '-target-margin-list=1.0,1.5,2.0,2.5,3.0,3.5,4.0,4.5,5.0', '-log-level=WARNING']
2023-11-26 20:03:05;UNIUSDT;30m;3.0;175;30;72;100.0;3;157.94;['-batch-training', '-calc-rsi', '-verbose', '-prediction-mode=index', '-interval-list=30m', '-range-min-rsi=28', '-range-max-rsi=80', '-range-p-ema=50,250', '-target-margin-list=1.0,1.5,2.0,2.5,3.0,3.5,4.0,4.5,5.0', '-log-level=WARNING']
2023-11-26 19:29:57;UNIUSDT;30m;3.0;100;30;72;100.0;3;157.94;['-batch-training', '-calc-rsi', '-verbose', '-prediction-mode=index', '-interval-list=30m', '-range-min-rsi=28', '-range-max-rsi=80', '-range-p-ema=50,250', '-target-margin-list=1.0,1.5,2.0,2.5,3.0,3.5,4.0,4.5,5.0', '-log-level=WARNING']
2023-11-26 20:39:44;UNIUSDT;30m;3.0;250;30;72;100.0;3;157.94;['-batch-training', '-calc-rsi', '-verbose', '-prediction-mode=index', '-interval-list=30m', '-range-min-rsi=28', '-range-max-rsi=80', '-range-p-ema=50,250', '-target-margin-list=1.0,1.5,2.0,2.5,3.0,3.5,4.0,4.5,5.0', '-log-level=WARNING']
2023-11-26 20:13:45;UNIUSDT;30m;3.0;200;30;72;100.0;3;157.94;['-batch-training', '-calc-rsi', '-verbose', '-prediction-mode=index', '-interval-list=30m', '-range-min-rsi=28', '-range-max-rsi=80', '-range-p-ema=50,250', '-target-margin-list=1.0,1.5,2.0,2.5,3.0,3.5,4.0,4.5,5.0', '-log-level=WARNING']
2023-11-26 19:52:54;UNIUSDT;30m;3.0;150;30;72;100.0;3;157.94;['-batch-training', '-calc-rsi', '-verbose', '-prediction-mode=index', '-interval-list=30m', '-range-min-rsi=28', '-range-max-rsi=80', '-range-p-ema=50,250', '-target-margin-list=1.0,1.5,2.0,2.5,3.0,3.5,4.0,4.5,5.0', '-log-level=WARNING']
2023-11-26 20:40:47;UNIUSDT;30m;3.0;250;34;78;100.0;2;158.3;['-batch-training', '-calc-rsi', '-verbose', '-prediction-mode=index', '-interval-list=30m', '-range-min-rsi=28', '-range-max-rsi=80', '-range-p-ema=50,250', '-target-margin-list=1.0,1.5,2.0,2.5,3.0,3.5,4.0,4.5,5.0', '-log-level=WARNING']
2023-11-26 19:43:18;UNIUSDT;30m;3.5;125;34;76;100.0;3;158.58;['-batch-training', '-calc-rsi', '-verbose', '-prediction-mode=index', '-interval-list=30m', '-range-min-rsi=28', '-range-max-rsi=80', '-range-p-ema=50,250', '-target-margin-list=1.0,1.5,2.0,2.5,3.0,3.5,4.0,4.5,5.0', '-log-level=WARNING']
2023-11-26 20:56:24;UNIUSDT;30m;3.5;50;34;76;100.0;3;158.58;['-batch-training', '-calc-rsi', '-verbose', '-prediction-mode=index', '-interval-list=30m', '-range-min-rsi=28', '-range-max-rsi=80', '-range-p-ema=50,250', '-target-margin-list=1.0,1.5,2.0,2.5,3.0,3.5,4.0,4.5,5.0', '-log-level=WARNING']
2023-11-26 19:31:48;UNIUSDT;30m;3.5;100;34;76;100.0;3;158.58;['-batch-training', '-calc-rsi', '-verbose', '-prediction-mode=index', '-interval-list=30m', '-range-min-rsi=28', '-range-max-rsi=80', '-range-p-ema=50,250', '-target-margin-list=1.0,1.5,2.0,2.5,3.0,3.5,4.0,4.5,5.0', '-log-level=WARNING']
2023-11-26 21:12:03;UNIUSDT;30m;3.5;75;34;76;100.0;3;158.58;['-batch-training', '-calc-rsi', '-verbose', '-prediction-mode=index', '-interval-list=30m', '-range-min-rsi=28', '-range-max-rsi=80', '-range-p-ema=50,250', '-target-margin-list=1.0,1.5,2.0,2.5,3.0,3.5,4.0,4.5,5.0', '-log-level=WARNING']
2023-11-26 21:14:06;UNIUSDT;30m;4.0;75;34;78;100.0;2;158.77;['-batch-training', '-calc-rsi', '-verbose', '-prediction-mode=index', '-interval-list=30m', '-range-min-rsi=28', '-range-max-rsi=80', '-range-p-ema=50,250', '-target-margin-list=1.0,1.5,2.0,2.5,3.0,3.5,4.0,4.5,5.0', '-log-level=WARNING']
2023-11-26 19:33:17;UNIUSDT;30m;4.0;100;34;78;100.0;2;158.77;['-batch-training', '-calc-rsi', '-verbose', '-prediction-mode=index', '-interval-list=30m', '-range-min-rsi=28', '-range-max-rsi=80', '-range-p-ema=50,250', '-target-margin-list=1.0,1.5,2.0,2.5,3.0,3.5,4.0,4.5,5.0', '-log-level=WARNING']
2023-11-26 20:58:23;UNIUSDT;30m;4.0;50;34;78;100.0;2;158.77;['-batch-training', '-calc-rsi', '-verbose', '-prediction-mode=index', '-interval-list=30m', '-range-min-rsi=28', '-range-max-rsi=80', '-range-p-ema=50,250', '-target-margin-list=1.0,1.5,2.0,2.5,3.0,3.5,4.0,4.5,5.0', '-log-level=WARNING']
2023-11-26 19:44:48;UNIUSDT;30m;4.0;125;34;78;100.0;2;158.77;['-batch-training', '-calc-rsi', '-verbose', '-prediction-mode=index', '-interval-list=30m', '-range-min-rsi=28', '-range-max-rsi=80', '-range-p-ema=50,250', '-target-margin-list=1.0,1.5,2.0,2.5,3.0,3.5,4.0,4.5,5.0', '-log-level=WARNING']
2023-11-26 19:51:50;UNIUSDT;30m;2.5;150;36;72;100.0;4;159.13;['-batch-training', '-calc-rsi', '-verbose', '-prediction-mode=index', '-interval-list=30m', '-range-min-rsi=28', '-range-max-rsi=80', '-range-p-ema=50,250', '-target-margin-list=1.0,1.5,2.0,2.5,3.0,3.5,4.0,4.5,5.0', '-log-level=WARNING']
2023-11-26 19:44:33;UNIUSDT;30m;4.0;125;34;76;100.0;2;159.43;['-batch-training', '-calc-rsi', '-verbose', '-prediction-mode=index', '-interval-list=30m', '-range-min-rsi=28', '-range-max-rsi=80', '-range-p-ema=50,250', '-target-margin-list=1.0,1.5,2.0,2.5,3.0,3.5,4.0,4.5,5.0', '-log-level=WARNING']
2023-11-26 20:58:03;UNIUSDT;30m;4.0;50;34;76;100.0;2;159.43;['-batch-training', '-calc-rsi', '-verbose', '-prediction-mode=index', '-interval-list=30m', '-range-min-rsi=28', '-range-max-rsi=80', '-range-p-ema=50,250', '-target-margin-list=1.0,1.5,2.0,2.5,3.0,3.5,4.0,4.5,5.0', '-log-level=WARNING']
2023-11-26 21:13:50;UNIUSDT;30m;4.0;75;34;76;100.0;2;159.43;['-batch-training', '-calc-rsi', '-verbose', '-prediction-mode=index', '-interval-list=30m', '-range-min-rsi=28', '-range-max-rsi=80', '-range-p-ema=50,250', '-target-margin-list=1.0,1.5,2.0,2.5,3.0,3.5,4.0,4.5,5.0', '-log-level=WARNING']
2023-11-26 19:33:02;UNIUSDT;30m;4.0;100;34;76;100.0;2;159.43;['-batch-training', '-calc-rsi', '-verbose', '-prediction-mode=index', '-interval-list=30m', '-range-min-rsi=28', '-range-max-rsi=80', '-range-p-ema=50,250', '-target-margin-list=1.0,1.5,2.0,2.5,3.0,3.5,4.0,4.5,5.0', '-log-level=WARNING']
2023-11-26 20:13:03;UNIUSDT;30m;2.5;200;34;76;100.0;3;159.68;['-batch-training', '-calc-rsi', '-verbose', '-prediction-mode=index', '-interval-list=30m', '-range-min-rsi=28', '-range-max-rsi=80', '-range-p-ema=50,250', '-target-margin-list=1.0,1.5,2.0,2.5,3.0,3.5,4.0,4.5,5.0', '-log-level=WARNING']
2023-11-26 20:02:30;UNIUSDT;30m;2.5;175;34;76;100.0;3;159.68;['-batch-training', '-calc-rsi', '-verbose', '-prediction-mode=index', '-interval-list=30m', '-range-min-rsi=28', '-range-max-rsi=80', '-range-p-ema=50,250', '-target-margin-list=1.0,1.5,2.0,2.5,3.0,3.5,4.0,4.5,5.0', '-log-level=WARNING']
2023-11-26 19:47:22;UNIUSDT;30m;5.0;125;34;78;100.0;6;160.11;['-batch-training', '-calc-rsi', '-verbose', '-prediction-mode=index', '-interval-list=30m', '-range-min-rsi=28', '-range-max-rsi=80', '-range-p-ema=50,250', '-target-margin-list=1.0,1.5,2.0,2.5,3.0,3.5,4.0,4.5,5.0', '-log-level=WARNING']
2023-11-26 19:35:47;UNIUSDT;30m;5.0;100;34;78;100.0;4;160.11;['-batch-training', '-calc-rsi', '-verbose', '-prediction-mode=index', '-interval-list=30m', '-range-min-rsi=28', '-range-max-rsi=80', '-range-p-ema=50,250', '-target-margin-list=1.0,1.5,2.0,2.5,3.0,3.5,4.0,4.5,5.0', '-log-level=WARNING']
2023-11-26 19:47:07;UNIUSDT;30m;5.0;125;34;76;100.0;4;160.11;['-batch-training', '-calc-rsi', '-verbose', '-prediction-mode=index', '-interval-list=30m', '-range-min-rsi=28', '-range-max-rsi=80', '-range-p-ema=50,250', '-target-margin-list=1.0,1.5,2.0,2.5,3.0,3.5,4.0,4.5,5.0', '-log-level=WARNING']
2023-11-26 19:47:07;UNIUSDT;30m;5.0;125;34;76;100.0;5;160.11;['-batch-training', '-calc-rsi', '-verbose', '-prediction-mode=index', '-interval-list=30m', '-range-min-rsi=28', '-range-max-rsi=80', '-range-p-ema=50,250', '-target-margin-list=1.0,1.5,2.0,2.5,3.0,3.5,4.0,4.5,5.0', '-log-level=WARNING']
2023-11-26 21:01:04;UNIUSDT;30m;5.0;50;34;74;100.0;6;160.11;['-batch-training', '-calc-rsi', '-verbose', '-prediction-mode=index', '-interval-list=30m', '-range-min-rsi=28', '-range-max-rsi=80', '-range-p-ema=50,250', '-target-margin-list=1.0,1.5,2.0,2.5,3.0,3.5,4.0,4.5,5.0', '-log-level=WARNING']
2023-11-26 21:02:04;UNIUSDT;30m;5.0;50;34;80;100.0;7;160.11;['-batch-training', '-calc-rsi', '-verbose', '-prediction-mode=index', '-interval-list=30m', '-range-min-rsi=28', '-range-max-rsi=80', '-range-p-ema=50,250', '-target-margin-list=1.0,1.5,2.0,2.5,3.0,3.5,4.0,4.5,5.0', '-log-level=WARNING']
2023-11-26 19:47:07;UNIUSDT;30m;5.0;125;34;76;100.0;6;160.11;['-batch-training', '-calc-rsi', '-verbose', '-prediction-mode=index', '-interval-list=30m', '-range-min-rsi=28', '-range-max-rsi=80', '-range-p-ema=50,250', '-target-margin-list=1.0,1.5,2.0,2.5,3.0,3.5,4.0,4.5,5.0', '-log-level=WARNING']
2023-11-26 21:02:04;UNIUSDT;30m;5.0;50;34;80;100.0;6;160.11;['-batch-training', '-calc-rsi', '-verbose', '-prediction-mode=index', '-interval-list=30m', '-range-min-rsi=28', '-range-max-rsi=80', '-range-p-ema=50,250', '-target-margin-list=1.0,1.5,2.0,2.5,3.0,3.5,4.0,4.5,5.0', '-log-level=WARNING']
2023-11-26 19:47:07;UNIUSDT;30m;5.0;125;34;76;100.0;7;160.11;['-batch-training', '-calc-rsi', '-verbose', '-prediction-mode=index', '-interval-list=30m', '-range-min-rsi=28', '-range-max-rsi=80', '-range-p-ema=50,250', '-target-margin-list=1.0,1.5,2.0,2.5,3.0,3.5,4.0,4.5,5.0', '-log-level=WARNING']
2023-11-26 21:01:04;UNIUSDT;30m;5.0;50;34;74;100.0;7;160.11;['-batch-training', '-calc-rsi', '-verbose', '-prediction-mode=index', '-interval-list=30m', '-range-min-rsi=28', '-range-max-rsi=80', '-range-p-ema=50,250', '-target-margin-list=1.0,1.5,2.0,2.5,3.0,3.5,4.0,4.5,5.0', '-log-level=WARNING']
2023-11-26 19:47:22;UNIUSDT;30m;5.0;125;34;78;100.0;4;160.11;['-batch-training', '-calc-rsi', '-verbose', '-prediction-mode=index', '-interval-list=30m', '-range-min-rsi=28', '-range-max-rsi=80', '-range-p-ema=50,250', '-target-margin-list=1.0,1.5,2.0,2.5,3.0,3.5,4.0,4.5,5.0', '-log-level=WARNING']
2023-11-26 19:46:51;UNIUSDT;30m;5.0;125;34;74;100.0;6;160.11;['-batch-training', '-calc-rsi', '-verbose', '-prediction-mode=index', '-interval-list=30m', '-range-min-rsi=28', '-range-max-rsi=80', '-range-p-ema=50,250', '-target-margin-list=1.0,1.5,2.0,2.5,3.0,3.5,4.0,4.5,5.0', '-log-level=WARNING']
2023-11-26 21:02:04;UNIUSDT;30m;5.0;50;34;80;100.0;5;160.11;['-batch-training', '-calc-rsi', '-verbose', '-prediction-mode=index', '-interval-list=30m', '-range-min-rsi=28', '-range-max-rsi=80', '-range-p-ema=50,250', '-target-margin-list=1.0,1.5,2.0,2.5,3.0,3.5,4.0,4.5,5.0', '-log-level=WARNING']
2023-11-26 19:35:47;UNIUSDT;30m;5.0;100;34;78;100.0;7;160.11;['-batch-training', '-calc-rsi', '-verbose', '-prediction-mode=index', '-interval-list=30m', '-range-min-rsi=28', '-range-max-rsi=80', '-range-p-ema=50,250', '-target-margin-list=1.0,1.5,2.0,2.5,3.0,3.5,4.0,4.5,5.0', '-log-level=WARNING']
2023-11-26 21:02:04;UNIUSDT;30m;5.0;50;34;80;100.0;4;160.11;['-batch-training', '-calc-rsi', '-verbose', '-prediction-mode=index', '-interval-list=30m', '-range-min-rsi=28', '-range-max-rsi=80', '-range-p-ema=50,250', '-target-margin-list=1.0,1.5,2.0,2.5,3.0,3.5,4.0,4.5,5.0', '-log-level=WARNING']
2023-11-26 21:01:25;UNIUSDT;30m;5.0;50;34;76;100.0;5;160.11;['-batch-training', '-calc-rsi', '-verbose', '-prediction-mode=index', '-interval-list=30m', '-range-min-rsi=28', '-range-max-rsi=80', '-range-p-ema=50,250', '-target-margin-list=1.0,1.5,2.0,2.5,3.0,3.5,4.0,4.5,5.0', '-log-level=WARNING']
2023-11-26 21:01:25;UNIUSDT;30m;5.0;50;34;76;100.0;6;160.11;['-batch-training', '-calc-rsi', '-verbose', '-prediction-mode=index', '-interval-list=30m', '-range-min-rsi=28', '-range-max-rsi=80', '-range-p-ema=50,250', '-target-margin-list=1.0,1.5,2.0,2.5,3.0,3.5,4.0,4.5,5.0', '-log-level=WARNING']
2023-11-26 19:35:32;UNIUSDT;30m;5.0;100;34;76;100.0;7;160.11;['-batch-training', '-calc-rsi', '-verbose', '-prediction-mode=index', '-interval-list=30m', '-range-min-rsi=28', '-range-max-rsi=80', '-range-p-ema=50,250', '-target-margin-list=1.0,1.5,2.0,2.5,3.0,3.5,4.0,4.5,5.0', '-log-level=WARNING']
2023-11-26 19:47:37;UNIUSDT;30m;5.0;125;34;80;100.0;5;160.11;['-batch-training', '-calc-rsi', '-verbose', '-prediction-mode=index', '-interval-list=30m', '-range-min-rsi=28', '-range-max-rsi=80', '-range-p-ema=50,250', '-target-margin-list=1.0,1.5,2.0,2.5,3.0,3.5,4.0,4.5,5.0', '-log-level=WARNING']
2023-11-26 21:17:15;UNIUSDT;30m;5.0;75;34;80;100.0;7;160.11;['-batch-training', '-calc-rsi', '-verbose', '-prediction-mode=index', '-interval-list=30m', '-range-min-rsi=28', '-range-max-rsi=80', '-range-p-ema=50,250', '-target-margin-list=1.0,1.5,2.0,2.5,3.0,3.5,4.0,4.5,5.0', '-log-level=WARNING']
2023-11-26 19:47:37;UNIUSDT;30m;5.0;125;34;80;100.0;7;160.11;['-batch-training', '-calc-rsi', '-verbose', '-prediction-mode=index', '-interval-list=30m', '-range-min-rsi=28', '-range-max-rsi=80', '-range-p-ema=50,250', '-target-margin-list=1.0,1.5,2.0,2.5,3.0,3.5,4.0,4.5,5.0', '-log-level=WARNING']
2023-11-26 21:17:15;UNIUSDT;30m;5.0;75;34;80;100.0;6;160.11;['-batch-training', '-calc-rsi', '-verbose', '-prediction-mode=index', '-interval-list=30m', '-range-min-rsi=28', '-range-max-rsi=80', '-range-p-ema=50,250', '-target-margin-list=1.0,1.5,2.0,2.5,3.0,3.5,4.0,4.5,5.0', '-log-level=WARNING']
2023-11-26 21:17:15;UNIUSDT;30m;5.0;75;34;80;100.0;5;160.11;['-batch-training', '-calc-rsi', '-verbose', '-prediction-mode=index', '-interval-list=30m', '-range-min-rsi=28', '-range-max-rsi=80', '-range-p-ema=50,250', '-target-margin-list=1.0,1.5,2.0,2.5,3.0,3.5,4.0,4.5,5.0', '-log-level=WARNING']
2023-11-26 19:47:37;UNIUSDT;30m;5.0;125;34;80;100.0;6;160.11;['-batch-training', '-calc-rsi', '-verbose', '-prediction-mode=index', '-interval-list=30m', '-range-min-rsi=28', '-range-max-rsi=80', '-range-p-ema=50,250', '-target-margin-list=1.0,1.5,2.0,2.5,3.0,3.5,4.0,4.5,5.0', '-log-level=WARNING']
2023-11-26 19:47:37;UNIUSDT;30m;5.0;125;34;80;100.0;4;160.11;['-batch-training', '-calc-rsi', '-verbose', '-prediction-mode=index', '-interval-list=30m', '-range-min-rsi=28', '-range-max-rsi=80', '-range-p-ema=50,250', '-target-margin-list=1.0,1.5,2.0,2.5,3.0,3.5,4.0,4.5,5.0', '-log-level=WARNING']
2023-11-26 19:35:32;UNIUSDT;30m;5.0;100;34;76;100.0;4;160.11;['-batch-training', '-calc-rsi', '-verbose', '-prediction-mode=index', '-interval-list=30m', '-range-min-rsi=28', '-range-max-rsi=80', '-range-p-ema=50,250', '-target-margin-list=1.0,1.5,2.0,2.5,3.0,3.5,4.0,4.5,5.0', '-log-level=WARNING']
2023-11-26 21:16:40;UNIUSDT;30m;5.0;75;34;76;100.0;7;160.11;['-batch-training', '-calc-rsi', '-verbose', '-prediction-mode=index', '-interval-list=30m', '-range-min-rsi=28', '-range-max-rsi=80', '-range-p-ema=50,250', '-target-margin-list=1.0,1.5,2.0,2.5,3.0,3.5,4.0,4.5,5.0', '-log-level=WARNING']
2023-11-26 19:47:22;UNIUSDT;30m;5.0;125;34;78;100.0;5;160.11;['-batch-training', '-calc-rsi', '-verbose', '-prediction-mode=index', '-interval-list=30m', '-range-min-rsi=28', '-range-max-rsi=80', '-range-p-ema=50,250', '-target-margin-list=1.0,1.5,2.0,2.5,3.0,3.5,4.0,4.5,5.0', '-log-level=WARNING']
2023-11-26 19:47:22;UNIUSDT;30m;5.0;125;34;78;100.0;7;160.11;['-batch-training', '-calc-rsi', '-verbose', '-prediction-mode=index', '-interval-list=30m', '-range-min-rsi=28', '-range-max-rsi=80', '-range-p-ema=50,250', '-target-margin-list=1.0,1.5,2.0,2.5,3.0,3.5,4.0,4.5,5.0', '-log-level=WARNING']
2023-11-26 21:17:15;UNIUSDT;30m;5.0;75;34;80;100.0;4;160.11;['-batch-training', '-calc-rsi', '-verbose', '-prediction-mode=index', '-interval-list=30m', '-range-min-rsi=28', '-range-max-rsi=80', '-range-p-ema=50,250', '-target-margin-list=1.0,1.5,2.0,2.5,3.0,3.5,4.0,4.5,5.0', '-log-level=WARNING']
2023-11-26 19:35:32;UNIUSDT;30m;5.0;100;34;76;100.0;6;160.11;['-batch-training', '-calc-rsi', '-verbose', '-prediction-mode=index', '-interval-list=30m', '-range-min-rsi=28', '-range-max-rsi=80', '-range-p-ema=50,250', '-target-margin-list=1.0,1.5,2.0,2.5,3.0,3.5,4.0,4.5,5.0', '-log-level=WARNING']
2023-11-26 21:01:25;UNIUSDT;30m;5.0;50;34;76;100.0;7;160.11;['-batch-training', '-calc-rsi', '-verbose', '-prediction-mode=index', '-interval-list=30m', '-range-min-rsi=28', '-range-max-rsi=80', '-range-p-ema=50,250', '-target-margin-list=1.0,1.5,2.0,2.5,3.0,3.5,4.0,4.5,5.0', '-log-level=WARNING']
2023-11-26 19:46:51;UNIUSDT;30m;5.0;125;34;74;100.0;5;160.11;['-batch-training', '-calc-rsi', '-verbose', '-prediction-mode=index', '-interval-list=30m', '-range-min-rsi=28', '-range-max-rsi=80', '-range-p-ema=50,250', '-target-margin-list=1.0,1.5,2.0,2.5,3.0,3.5,4.0,4.5,5.0', '-log-level=WARNING']
2023-11-26 19:46:51;UNIUSDT;30m;5.0;125;34;74;100.0;4;160.11;['-batch-training', '-calc-rsi', '-verbose', '-prediction-mode=index', '-interval-list=30m', '-range-min-rsi=28', '-range-max-rsi=80', '-range-p-ema=50,250', '-target-margin-list=1.0,1.5,2.0,2.5,3.0,3.5,4.0,4.5,5.0', '-log-level=WARNING']
2023-11-26 19:35:16;UNIUSDT;30m;5.0;100;34;74;100.0;6;160.11;['-batch-training', '-calc-rsi', '-verbose', '-prediction-mode=index', '-interval-list=30m', '-range-min-rsi=28', '-range-max-rsi=80', '-range-p-ema=50,250', '-target-margin-list=1.0,1.5,2.0,2.5,3.0,3.5,4.0,4.5,5.0', '-log-level=WARNING']
2023-11-26 19:35:16;UNIUSDT;30m;5.0;100;34;74;100.0;5;160.11;['-batch-training', '-calc-rsi', '-verbose', '-prediction-mode=index', '-interval-list=30m', '-range-min-rsi=28', '-range-max-rsi=80', '-range-p-ema=50,250', '-target-margin-list=1.0,1.5,2.0,2.5,3.0,3.5,4.0,4.5,5.0', '-log-level=WARNING']
2023-11-26 21:01:44;UNIUSDT;30m;5.0;50;34;78;100.0;4;160.11;['-batch-training', '-calc-rsi', '-verbose', '-prediction-mode=index', '-interval-list=30m', '-range-min-rsi=28', '-range-max-rsi=80', '-range-p-ema=50,250', '-target-margin-list=1.0,1.5,2.0,2.5,3.0,3.5,4.0,4.5,5.0', '-log-level=WARNING']
2023-11-26 21:16:57;UNIUSDT;30m;5.0;75;34;78;100.0;4;160.11;['-batch-training', '-calc-rsi', '-verbose', '-prediction-mode=index', '-interval-list=30m', '-range-min-rsi=28', '-range-max-rsi=80', '-range-p-ema=50,250', '-target-margin-list=1.0,1.5,2.0,2.5,3.0,3.5,4.0,4.5,5.0', '-log-level=WARNING']
2023-11-26 21:16:57;UNIUSDT;30m;5.0;75;34;78;100.0;7;160.11;['-batch-training', '-calc-rsi', '-verbose', '-prediction-mode=index', '-interval-list=30m', '-range-min-rsi=28', '-range-max-rsi=80', '-range-p-ema=50,250', '-target-margin-list=1.0,1.5,2.0,2.5,3.0,3.5,4.0,4.5,5.0', '-log-level=WARNING']
2023-11-26 21:01:44;UNIUSDT;30m;5.0;50;34;78;100.0;6;160.11;['-batch-training', '-calc-rsi', '-verbose', '-prediction-mode=index', '-interval-list=30m', '-range-min-rsi=28', '-range-max-rsi=80', '-range-p-ema=50,250', '-target-margin-list=1.0,1.5,2.0,2.5,3.0,3.5,4.0,4.5,5.0', '-log-level=WARNING']
2023-11-26 21:16:57;UNIUSDT;30m;5.0;75;34;78;100.0;6;160.11;['-batch-training', '-calc-rsi', '-verbose', '-prediction-mode=index', '-interval-list=30m', '-range-min-rsi=28', '-range-max-rsi=80', '-range-p-ema=50,250', '-target-margin-list=1.0,1.5,2.0,2.5,3.0,3.5,4.0,4.5,5.0', '-log-level=WARNING']
2023-11-26 19:46:51;UNIUSDT;30m;5.0;125;34;74;100.0;7;160.11;['-batch-training', '-calc-rsi', '-verbose', '-prediction-mode=index', '-interval-list=30m', '-range-min-rsi=28', '-range-max-rsi=80', '-range-p-ema=50,250', '-target-margin-list=1.0,1.5,2.0,2.5,3.0,3.5,4.0,4.5,5.0', '-log-level=WARNING']
2023-11-26 21:01:44;UNIUSDT;30m;5.0;50;34;78;100.0;7;160.11;['-batch-training', '-calc-rsi', '-verbose', '-prediction-mode=index', '-interval-list=30m', '-range-min-rsi=28', '-range-max-rsi=80', '-range-p-ema=50,250', '-target-margin-list=1.0,1.5,2.0,2.5,3.0,3.5,4.0,4.5,5.0', '-log-level=WARNING']
2023-11-26 21:16:24;UNIUSDT;30m;5.0;75;34;74;100.0;4;160.11;['-batch-training', '-calc-rsi', '-verbose', '-prediction-mode=index', '-interval-list=30m', '-range-min-rsi=28', '-range-max-rsi=80', '-range-p-ema=50,250', '-target-margin-list=1.0,1.5,2.0,2.5,3.0,3.5,4.0,4.5,5.0', '-log-level=WARNING']
2023-11-26 21:16:24;UNIUSDT;30m;5.0;75;34;74;100.0;5;160.11;['-batch-training', '-calc-rsi', '-verbose', '-prediction-mode=index', '-interval-list=30m', '-range-min-rsi=28', '-range-max-rsi=80', '-range-p-ema=50,250', '-target-margin-list=1.0,1.5,2.0,2.5,3.0,3.5,4.0,4.5,5.0', '-log-level=WARNING']
2023-11-26 21:16:24;UNIUSDT;30m;5.0;75;34;74;100.0;6;160.11;['-batch-training', '-calc-rsi', '-verbose', '-prediction-mode=index', '-interval-list=30m', '-range-min-rsi=28', '-range-max-rsi=80', '-range-p-ema=50,250', '-target-margin-list=1.0,1.5,2.0,2.5,3.0,3.5,4.0,4.5,5.0', '-log-level=WARNING']
2023-11-26 19:35:47;UNIUSDT;30m;5.0;100;34;78;100.0;6;160.11;['-batch-training', '-calc-rsi', '-verbose', '-prediction-mode=index', '-interval-list=30m', '-range-min-rsi=28', '-range-max-rsi=80', '-range-p-ema=50,250', '-target-margin-list=1.0,1.5,2.0,2.5,3.0,3.5,4.0,4.5,5.0', '-log-level=WARNING']
2023-11-26 19:35:47;UNIUSDT;30m;5.0;100;34;78;100.0;5;160.11;['-batch-training', '-calc-rsi', '-verbose', '-prediction-mode=index', '-interval-list=30m', '-range-min-rsi=28', '-range-max-rsi=80', '-range-p-ema=50,250', '-target-margin-list=1.0,1.5,2.0,2.5,3.0,3.5,4.0,4.5,5.0', '-log-level=WARNING']
2023-11-26 21:16:24;UNIUSDT;30m;5.0;75;34;74;100.0;7;160.11;['-batch-training', '-calc-rsi', '-verbose', '-prediction-mode=index', '-interval-list=30m', '-range-min-rsi=28', '-range-max-rsi=80', '-range-p-ema=50,250', '-target-margin-list=1.0,1.5,2.0,2.5,3.0,3.5,4.0,4.5,5.0', '-log-level=WARNING']
2023-11-26 19:35:16;UNIUSDT;30m;5.0;100;34;74;100.0;7;160.11;['-batch-training', '-calc-rsi', '-verbose', '-prediction-mode=index', '-interval-list=30m', '-range-min-rsi=28', '-range-max-rsi=80', '-range-p-ema=50,250', '-target-margin-list=1.0,1.5,2.0,2.5,3.0,3.5,4.0,4.5,5.0', '-log-level=WARNING']
2023-11-26 21:01:25;UNIUSDT;30m;5.0;50;34;76;100.0;4;160.11;['-batch-training', '-calc-rsi', '-verbose', '-prediction-mode=index', '-interval-list=30m', '-range-min-rsi=28', '-range-max-rsi=80', '-range-p-ema=50,250', '-target-margin-list=1.0,1.5,2.0,2.5,3.0,3.5,4.0,4.5,5.0', '-log-level=WARNING']
2023-11-26 19:36:02;UNIUSDT;30m;5.0;100;34;80;100.0;5;160.11;['-batch-training', '-calc-rsi', '-verbose', '-prediction-mode=index', '-interval-list=30m', '-range-min-rsi=28', '-range-max-rsi=80', '-range-p-ema=50,250', '-target-margin-list=1.0,1.5,2.0,2.5,3.0,3.5,4.0,4.5,5.0', '-log-level=WARNING']
2023-11-26 21:16:40;UNIUSDT;30m;5.0;75;34;76;100.0;6;160.11;['-batch-training', '-calc-rsi', '-verbose', '-prediction-mode=index', '-interval-list=30m', '-range-min-rsi=28', '-range-max-rsi=80', '-range-p-ema=50,250', '-target-margin-list=1.0,1.5,2.0,2.5,3.0,3.5,4.0,4.5,5.0', '-log-level=WARNING']
2023-11-26 21:16:40;UNIUSDT;30m;5.0;75;34;76;100.0;5;160.11;['-batch-training', '-calc-rsi', '-verbose', '-prediction-mode=index', '-interval-list=30m', '-range-min-rsi=28', '-range-max-rsi=80', '-range-p-ema=50,250', '-target-margin-list=1.0,1.5,2.0,2.5,3.0,3.5,4.0,4.5,5.0', '-log-level=WARNING']
2023-11-26 21:01:04;UNIUSDT;30m;5.0;50;34;74;100.0;4;160.11;['-batch-training', '-calc-rsi', '-verbose', '-prediction-mode=index', '-interval-list=30m', '-range-min-rsi=28', '-range-max-rsi=80', '-range-p-ema=50,250', '-target-margin-list=1.0,1.5,2.0,2.5,3.0,3.5,4.0,4.5,5.0', '-log-level=WARNING']
2023-11-26 19:35:16;UNIUSDT;30m;5.0;100;34;74;100.0;4;160.11;['-batch-training', '-calc-rsi', '-verbose', '-prediction-mode=index', '-interval-list=30m', '-range-min-rsi=28', '-range-max-rsi=80', '-range-p-ema=50,250', '-target-margin-list=1.0,1.5,2.0,2.5,3.0,3.5,4.0,4.5,5.0', '-log-level=WARNING']
2023-11-26 19:35:32;UNIUSDT;30m;5.0;100;34;76;100.0;5;160.11;['-batch-training', '-calc-rsi', '-verbose', '-prediction-mode=index', '-interval-list=30m', '-range-min-rsi=28', '-range-max-rsi=80', '-range-p-ema=50,250', '-target-margin-list=1.0,1.5,2.0,2.5,3.0,3.5,4.0,4.5,5.0', '-log-level=WARNING']
2023-11-26 19:36:02;UNIUSDT;30m;5.0;100;34;80;100.0;6;160.11;['-batch-training', '-calc-rsi', '-verbose', '-prediction-mode=index', '-interval-list=30m', '-range-min-rsi=28', '-range-max-rsi=80', '-range-p-ema=50,250', '-target-margin-list=1.0,1.5,2.0,2.5,3.0,3.5,4.0,4.5,5.0', '-log-level=WARNING']
2023-11-26 19:36:02;UNIUSDT;30m;5.0;100;34;80;100.0;7;160.11;['-batch-training', '-calc-rsi', '-verbose', '-prediction-mode=index', '-interval-list=30m', '-range-min-rsi=28', '-range-max-rsi=80', '-range-p-ema=50,250', '-target-margin-list=1.0,1.5,2.0,2.5,3.0,3.5,4.0,4.5,5.0', '-log-level=WARNING']
2023-11-26 21:01:04;UNIUSDT;30m;5.0;50;34;74;100.0;5;160.11;['-batch-training', '-calc-rsi', '-verbose', '-prediction-mode=index', '-interval-list=30m', '-range-min-rsi=28', '-range-max-rsi=80', '-range-p-ema=50,250', '-target-margin-list=1.0,1.5,2.0,2.5,3.0,3.5,4.0,4.5,5.0', '-log-level=WARNING']
2023-11-26 21:01:44;UNIUSDT;30m;5.0;50;34;78;100.0;5;160.11;['-batch-training', '-calc-rsi', '-verbose', '-prediction-mode=index', '-interval-list=30m', '-range-min-rsi=28', '-range-max-rsi=80', '-range-p-ema=50,250', '-target-margin-list=1.0,1.5,2.0,2.5,3.0,3.5,4.0,4.5,5.0', '-log-level=WARNING']
2023-11-26 21:16:40;UNIUSDT;30m;5.0;75;34;76;100.0;4;160.11;['-batch-training', '-calc-rsi', '-verbose', '-prediction-mode=index', '-interval-list=30m', '-range-min-rsi=28', '-range-max-rsi=80', '-range-p-ema=50,250', '-target-margin-list=1.0,1.5,2.0,2.5,3.0,3.5,4.0,4.5,5.0', '-log-level=WARNING']
2023-11-26 19:36:02;UNIUSDT;30m;5.0;100;34;80;100.0;4;160.11;['-batch-training', '-calc-rsi', '-verbose', '-prediction-mode=index', '-interval-list=30m', '-range-min-rsi=28', '-range-max-rsi=80', '-range-p-ema=50,250', '-target-margin-list=1.0,1.5,2.0,2.5,3.0,3.5,4.0,4.5,5.0', '-log-level=WARNING']
2023-11-26 21:16:57;UNIUSDT;30m;5.0;75;34;78;100.0;5;160.11;['-batch-training', '-calc-rsi', '-verbose', '-prediction-mode=index', '-interval-list=30m', '-range-min-rsi=28', '-range-max-rsi=80', '-range-p-ema=50,250', '-target-margin-list=1.0,1.5,2.0,2.5,3.0,3.5,4.0,4.5,5.0', '-log-level=WARNING']
2023-11-26 19:53:00;UNIUSDT;30m;3.0;150;34;72;100.0;7;160.31;['-batch-training', '-calc-rsi', '-verbose', '-prediction-mode=index', '-interval-list=30m', '-range-min-rsi=28', '-range-max-rsi=80', '-range-p-ema=50,250', '-target-margin-list=1.0,1.5,2.0,2.5,3.0,3.5,4.0,4.5,5.0', '-log-level=WARNING']
2023-11-26 21:09:54;UNIUSDT;30m;3.0;75;34;74;100.0;2;160.64;['-batch-training', '-calc-rsi', '-verbose', '-prediction-mode=index', '-interval-list=30m', '-range-min-rsi=28', '-range-max-rsi=80', '-range-p-ema=50,250', '-target-margin-list=1.0,1.5,2.0,2.5,3.0,3.5,4.0,4.5,5.0', '-log-level=WARNING']
2023-11-26 19:30:17;UNIUSDT;30m;3.0;100;34;74;100.0;2;160.64;['-batch-training', '-calc-rsi', '-verbose', '-prediction-mode=index', '-interval-list=30m', '-range-min-rsi=28', '-range-max-rsi=80', '-range-p-ema=50,250', '-target-margin-list=1.0,1.5,2.0,2.5,3.0,3.5,4.0,4.5,5.0', '-log-level=WARNING']
2023-11-26 19:41:47;UNIUSDT;30m;3.0;125;34;74;100.0;2;160.64;['-batch-training', '-calc-rsi', '-verbose', '-prediction-mode=index', '-interval-list=30m', '-range-min-rsi=28', '-range-max-rsi=80', '-range-p-ema=50,250', '-target-margin-list=1.0,1.5,2.0,2.5,3.0,3.5,4.0,4.5,5.0', '-log-level=WARNING']
2023-11-26 20:54:26;UNIUSDT;30m;3.0;50;34;74;100.0;2;160.64;['-batch-training', '-calc-rsi', '-verbose', '-prediction-mode=index', '-interval-list=30m', '-range-min-rsi=28', '-range-max-rsi=80', '-range-p-ema=50,250', '-target-margin-list=1.0,1.5,2.0,2.5,3.0,3.5,4.0,4.5,5.0', '-log-level=WARNING']
2023-11-26 20:41:21;UNIUSDT;30m;3.5;250;32;72;100.0;2;160.77;['-batch-training', '-calc-rsi', '-verbose', '-prediction-mode=index', '-interval-list=30m', '-range-min-rsi=28', '-range-max-rsi=80', '-range-p-ema=50,250', '-target-margin-list=1.0,1.5,2.0,2.5,3.0,3.5,4.0,4.5,5.0', '-log-level=WARNING']
2023-11-26 20:03:07;UNIUSDT;30m;3.0;175;32;72;100.0;7;160.82;['-batch-training', '-calc-rsi', '-verbose', '-prediction-mode=index', '-interval-list=30m', '-range-min-rsi=28', '-range-max-rsi=80', '-range-p-ema=50,250', '-target-margin-list=1.0,1.5,2.0,2.5,3.0,3.5,4.0,4.5,5.0', '-log-level=WARNING']
2023-11-26 20:26:28;UNIUSDT;30m;3.0;225;32;72;100.0;7;160.82;['-batch-training', '-calc-rsi', '-verbose', '-prediction-mode=index', '-interval-list=30m', '-range-min-rsi=28', '-range-max-rsi=80', '-range-p-ema=50,250', '-target-margin-list=1.0,1.5,2.0,2.5,3.0,3.5,4.0,4.5,5.0', '-log-level=WARNING']
2023-11-26 20:41:25;UNIUSDT;30m;3.5;250;34;72;100.0;7;160.82;['-batch-training', '-calc-rsi', '-verbose', '-prediction-mode=index', '-interval-list=30m', '-range-min-rsi=28', '-range-max-rsi=80', '-range-p-ema=50,250', '-target-margin-list=1.0,1.5,2.0,2.5,3.0,3.5,4.0,4.5,5.0', '-log-level=WARNING']
2023-11-26 20:41:25;UNIUSDT;30m;3.5;250;34;72;100.0;6;160.82;['-batch-training', '-calc-rsi', '-verbose', '-prediction-mode=index', '-interval-list=30m', '-range-min-rsi=28', '-range-max-rsi=80', '-range-p-ema=50,250', '-target-margin-list=1.0,1.5,2.0,2.5,3.0,3.5,4.0,4.5,5.0', '-log-level=WARNING']
2023-11-26 19:52:57;UNIUSDT;30m;3.0;150;32;72;100.0;7;160.82;['-batch-training', '-calc-rsi', '-verbose', '-prediction-mode=index', '-interval-list=30m', '-range-min-rsi=28', '-range-max-rsi=80', '-range-p-ema=50,250', '-target-margin-list=1.0,1.5,2.0,2.5,3.0,3.5,4.0,4.5,5.0', '-log-level=WARNING']
2023-11-26 20:39:48;UNIUSDT;30m;3.0;250;32;72;100.0;7;160.82;['-batch-training', '-calc-rsi', '-verbose', '-prediction-mode=index', '-interval-list=30m', '-range-min-rsi=28', '-range-max-rsi=80', '-range-p-ema=50,250', '-target-margin-list=1.0,1.5,2.0,2.5,3.0,3.5,4.0,4.5,5.0', '-log-level=WARNING']
2023-11-26 20:13:48;UNIUSDT;30m;3.0;200;32;72;100.0;7;160.82;['-batch-training', '-calc-rsi', '-verbose', '-prediction-mode=index', '-interval-list=30m', '-range-min-rsi=28', '-range-max-rsi=80', '-range-p-ema=50,250', '-target-margin-list=1.0,1.5,2.0,2.5,3.0,3.5,4.0,4.5,5.0', '-log-level=WARNING']
2023-11-26 21:17:00;UNIUSDT;30m;5.0;75;36;78;100.0;5;160.87;['-batch-training', '-calc-rsi', '-verbose', '-prediction-mode=index', '-interval-list=30m', '-range-min-rsi=28', '-range-max-rsi=80', '-range-p-ema=50,250', '-target-margin-list=1.0,1.5,2.0,2.5,3.0,3.5,4.0,4.5,5.0', '-log-level=WARNING']
2023-11-26 21:16:27;UNIUSDT;30m;5.0;75;36;74;100.0;7;160.87;['-batch-training', '-calc-rsi', '-verbose', '-prediction-mode=index', '-interval-list=30m', '-range-min-rsi=28', '-range-max-rsi=80', '-range-p-ema=50,250', '-target-margin-list=1.0,1.5,2.0,2.5,3.0,3.5,4.0,4.5,5.0', '-log-level=WARNING']
2023-11-26 21:17:18;UNIUSDT;30m;5.0;75;36;80;100.0;5;160.87;['-batch-training', '-calc-rsi', '-verbose', '-prediction-mode=index', '-interval-list=30m', '-range-min-rsi=28', '-range-max-rsi=80', '-range-p-ema=50,250', '-target-margin-list=1.0,1.5,2.0,2.5,3.0,3.5,4.0,4.5,5.0', '-log-level=WARNING']
2023-11-26 21:16:43;UNIUSDT;30m;5.0;75;36;76;100.0;4;160.87;['-batch-training', '-calc-rsi', '-verbose', '-prediction-mode=index', '-interval-list=30m', '-range-min-rsi=28', '-range-max-rsi=80', '-range-p-ema=50,250', '-target-margin-list=1.0,1.5,2.0,2.5,3.0,3.5,4.0,4.5,5.0', '-log-level=WARNING']
2023-11-26 21:16:27;UNIUSDT;30m;5.0;75;36;74;100.0;5;160.87;['-batch-training', '-calc-rsi', '-verbose', '-prediction-mode=index', '-interval-list=30m', '-range-min-rsi=28', '-range-max-rsi=80', '-range-p-ema=50,250', '-target-margin-list=1.0,1.5,2.0,2.5,3.0,3.5,4.0,4.5,5.0', '-log-level=WARNING']
2023-11-26 21:16:43;UNIUSDT;30m;5.0;75;36;76;100.0;5;160.87;['-batch-training', '-calc-rsi', '-verbose', '-prediction-mode=index', '-interval-list=30m', '-range-min-rsi=28', '-range-max-rsi=80', '-range-p-ema=50,250', '-target-margin-list=1.0,1.5,2.0,2.5,3.0,3.5,4.0,4.5,5.0', '-log-level=WARNING']
2023-11-26 21:17:00;UNIUSDT;30m;5.0;75;36;78;100.0;7;160.87;['-batch-training', '-calc-rsi', '-verbose', '-prediction-mode=index', '-interval-list=30m', '-range-min-rsi=28', '-range-max-rsi=80', '-range-p-ema=50,250', '-target-margin-list=1.0,1.5,2.0,2.5,3.0,3.5,4.0,4.5,5.0', '-log-level=WARNING']
2023-11-26 21:17:18;UNIUSDT;30m;5.0;75;36;80;100.0;6;160.87;['-batch-training', '-calc-rsi', '-verbose', '-prediction-mode=index', '-interval-list=30m', '-range-min-rsi=28', '-range-max-rsi=80', '-range-p-ema=50,250', '-target-margin-list=1.0,1.5,2.0,2.5,3.0,3.5,4.0,4.5,5.0', '-log-level=WARNING']
2023-11-26 21:17:18;UNIUSDT;30m;5.0;75;36;80;100.0;4;160.87;['-batch-training', '-calc-rsi', '-verbose', '-prediction-mode=index', '-interval-list=30m', '-range-min-rsi=28', '-range-max-rsi=80', '-range-p-ema=50,250', '-target-margin-list=1.0,1.5,2.0,2.5,3.0,3.5,4.0,4.5,5.0', '-log-level=WARNING']
2023-11-26 21:17:00;UNIUSDT;30m;5.0;75;36;78;100.0;6;160.87;['-batch-training', '-calc-rsi', '-verbose', '-prediction-mode=index', '-interval-list=30m', '-range-min-rsi=28', '-range-max-rsi=80', '-range-p-ema=50,250', '-target-margin-list=1.0,1.5,2.0,2.5,3.0,3.5,4.0,4.5,5.0', '-log-level=WARNING']
2023-11-26 21:16:27;UNIUSDT;30m;5.0;75;36;74;100.0;6;160.87;['-batch-training', '-calc-rsi', '-verbose', '-prediction-mode=index', '-interval-list=30m', '-range-min-rsi=28', '-range-max-rsi=80', '-range-p-ema=50,250', '-target-margin-list=1.0,1.5,2.0,2.5,3.0,3.5,4.0,4.5,5.0', '-log-level=WARNING']
2023-11-26 21:16:27;UNIUSDT;30m;5.0;75;36;74;100.0;4;160.87;['-batch-training', '-calc-rsi', '-verbose', '-prediction-mode=index', '-interval-list=30m', '-range-min-rsi=28', '-range-max-rsi=80', '-range-p-ema=50,250', '-target-margin-list=1.0,1.5,2.0,2.5,3.0,3.5,4.0,4.5,5.0', '-log-level=WARNING']
2023-11-26 21:16:43;UNIUSDT;30m;5.0;75;36;76;100.0;7;160.87;['-batch-training', '-calc-rsi', '-verbose', '-prediction-mode=index', '-interval-list=30m', '-range-min-rsi=28', '-range-max-rsi=80', '-range-p-ema=50,250', '-target-margin-list=1.0,1.5,2.0,2.5,3.0,3.5,4.0,4.5,5.0', '-log-level=WARNING']
2023-11-26 21:16:43;UNIUSDT;30m;5.0;75;36;76;100.0;6;160.87;['-batch-training', '-calc-rsi', '-verbose', '-prediction-mode=index', '-interval-list=30m', '-range-min-rsi=28', '-range-max-rsi=80', '-range-p-ema=50,250', '-target-margin-list=1.0,1.5,2.0,2.5,3.0,3.5,4.0,4.5,5.0', '-log-level=WARNING']
2023-11-26 21:17:00;UNIUSDT;30m;5.0;75;36;78;100.0;4;160.87;['-batch-training', '-calc-rsi', '-verbose', '-prediction-mode=index', '-interval-list=30m', '-range-min-rsi=28', '-range-max-rsi=80', '-range-p-ema=50,250', '-target-margin-list=1.0,1.5,2.0,2.5,3.0,3.5,4.0,4.5,5.0', '-log-level=WARNING']
2023-11-26 21:17:18;UNIUSDT;30m;5.0;75;36;80;100.0;7;160.87;['-batch-training', '-calc-rsi', '-verbose', '-prediction-mode=index', '-interval-list=30m', '-range-min-rsi=28', '-range-max-rsi=80', '-range-p-ema=50,250', '-target-margin-list=1.0,1.5,2.0,2.5,3.0,3.5,4.0,4.5,5.0', '-log-level=WARNING']
2023-11-26 21:01:28;UNIUSDT;30m;5.0;50;36;76;100.0;4;160.87;['-batch-training', '-calc-rsi', '-verbose', '-prediction-mode=index', '-interval-list=30m', '-range-min-rsi=28', '-range-max-rsi=80', '-range-p-ema=50,250', '-target-margin-list=1.0,1.5,2.0,2.5,3.0,3.5,4.0,4.5,5.0', '-log-level=WARNING']
2023-11-26 19:35:50;UNIUSDT;30m;5.0;100;36;78;100.0;5;160.87;['-batch-training', '-calc-rsi', '-verbose', '-prediction-mode=index', '-interval-list=30m', '-range-min-rsi=28', '-range-max-rsi=80', '-range-p-ema=50,250', '-target-margin-list=1.0,1.5,2.0,2.5,3.0,3.5,4.0,4.5,5.0', '-log-level=WARNING']
2023-11-26 19:36:05;UNIUSDT;30m;5.0;100;36;80;100.0;4;160.87;['-batch-training', '-calc-rsi', '-verbose', '-prediction-mode=index', '-interval-list=30m', '-range-min-rsi=28', '-range-max-rsi=80', '-range-p-ema=50,250', '-target-margin-list=1.0,1.5,2.0,2.5,3.0,3.5,4.0,4.5,5.0', '-log-level=WARNING']
2023-11-26 19:36:05;UNIUSDT;30m;5.0;100;36;80;100.0;5;160.87;['-batch-training', '-calc-rsi', '-verbose', '-prediction-mode=index', '-interval-list=30m', '-range-min-rsi=28', '-range-max-rsi=80', '-range-p-ema=50,250', '-target-margin-list=1.0,1.5,2.0,2.5,3.0,3.5,4.0,4.5,5.0', '-log-level=WARNING']
2023-11-26 19:36:05;UNIUSDT;30m;5.0;100;36;80;100.0;7;160.87;['-batch-training', '-calc-rsi', '-verbose', '-prediction-mode=index', '-interval-list=30m', '-range-min-rsi=28', '-range-max-rsi=80', '-range-p-ema=50,250', '-target-margin-list=1.0,1.5,2.0,2.5,3.0,3.5,4.0,4.5,5.0', '-log-level=WARNING']
2023-11-26 19:36:05;UNIUSDT;30m;5.0;100;36;80;100.0;6;160.87;['-batch-training', '-calc-rsi', '-verbose', '-prediction-mode=index', '-interval-list=30m', '-range-min-rsi=28', '-range-max-rsi=80', '-range-p-ema=50,250', '-target-margin-list=1.0,1.5,2.0,2.5,3.0,3.5,4.0,4.5,5.0', '-log-level=WARNING']
2023-11-26 19:47:40;UNIUSDT;30m;5.0;125;36;80;100.0;7;160.87;['-batch-training', '-calc-rsi', '-verbose', '-prediction-mode=index', '-interval-list=30m', '-range-min-rsi=28', '-range-max-rsi=80', '-range-p-ema=50,250', '-target-margin-list=1.0,1.5,2.0,2.5,3.0,3.5,4.0,4.5,5.0', '-log-level=WARNING']
2023-11-26 19:47:40;UNIUSDT;30m;5.0;125;36;80;100.0;5;160.87;['-batch-training', '-calc-rsi', '-verbose', '-prediction-mode=index', '-interval-list=30m', '-range-min-rsi=28', '-range-max-rsi=80', '-range-p-ema=50,250', '-target-margin-list=1.0,1.5,2.0,2.5,3.0,3.5,4.0,4.5,5.0', '-log-level=WARNING']
2023-11-26 19:47:40;UNIUSDT;30m;5.0;125;36;80;100.0;6;160.87;['-batch-training', '-calc-rsi', '-verbose', '-prediction-mode=index', '-interval-list=30m', '-range-min-rsi=28', '-range-max-rsi=80', '-range-p-ema=50,250', '-target-margin-list=1.0,1.5,2.0,2.5,3.0,3.5,4.0,4.5,5.0', '-log-level=WARNING']
2023-11-26 19:47:40;UNIUSDT;30m;5.0;125;36;80;100.0;4;160.87;['-batch-training', '-calc-rsi', '-verbose', '-prediction-mode=index', '-interval-list=30m', '-range-min-rsi=28', '-range-max-rsi=80', '-range-p-ema=50,250', '-target-margin-list=1.0,1.5,2.0,2.5,3.0,3.5,4.0,4.5,5.0', '-log-level=WARNING']
2023-11-26 19:47:25;UNIUSDT;30m;5.0;125;36;78;100.0;7;160.87;['-batch-training', '-calc-rsi', '-verbose', '-prediction-mode=index', '-interval-list=30m', '-range-min-rsi=28', '-range-max-rsi=80', '-range-p-ema=50,250', '-target-margin-list=1.0,1.5,2.0,2.5,3.0,3.5,4.0,4.5,5.0', '-log-level=WARNING']
2023-11-26 19:47:25;UNIUSDT;30m;5.0;125;36;78;100.0;6;160.87;['-batch-training', '-calc-rsi', '-verbose', '-prediction-mode=index', '-interval-list=30m', '-range-min-rsi=28', '-range-max-rsi=80', '-range-p-ema=50,250', '-target-margin-list=1.0,1.5,2.0,2.5,3.0,3.5,4.0,4.5,5.0', '-log-level=WARNING']
2023-11-26 19:47:25;UNIUSDT;30m;5.0;125;36;78;100.0;4;160.87;['-batch-training', '-calc-rsi', '-verbose', '-prediction-mode=index', '-interval-list=30m', '-range-min-rsi=28', '-range-max-rsi=80', '-range-p-ema=50,250', '-target-margin-list=1.0,1.5,2.0,2.5,3.0,3.5,4.0,4.5,5.0', '-log-level=WARNING']
2023-11-26 19:47:25;UNIUSDT;30m;5.0;125;36;78;100.0;5;160.87;['-batch-training', '-calc-rsi', '-verbose', '-prediction-mode=index', '-interval-list=30m', '-range-min-rsi=28', '-range-max-rsi=80', '-range-p-ema=50,250', '-target-margin-list=1.0,1.5,2.0,2.5,3.0,3.5,4.0,4.5,5.0', '-log-level=WARNING']
2023-11-26 19:47:10;UNIUSDT;30m;5.0;125;36;76;100.0;7;160.87;['-batch-training', '-calc-rsi', '-verbose', '-prediction-mode=index', '-interval-list=30m', '-range-min-rsi=28', '-range-max-rsi=80', '-range-p-ema=50,250', '-target-margin-list=1.0,1.5,2.0,2.5,3.0,3.5,4.0,4.5,5.0', '-log-level=WARNING']
2023-11-26 19:47:10;UNIUSDT;30m;5.0;125;36;76;100.0;5;160.87;['-batch-training', '-calc-rsi', '-verbose', '-prediction-mode=index', '-interval-list=30m', '-range-min-rsi=28', '-range-max-rsi=80', '-range-p-ema=50,250', '-target-margin-list=1.0,1.5,2.0,2.5,3.0,3.5,4.0,4.5,5.0', '-log-level=WARNING']
2023-11-26 19:47:10;UNIUSDT;30m;5.0;125;36;76;100.0;6;160.87;['-batch-training', '-calc-rsi', '-verbose', '-prediction-mode=index', '-interval-list=30m', '-range-min-rsi=28', '-range-max-rsi=80', '-range-p-ema=50,250', '-target-margin-list=1.0,1.5,2.0,2.5,3.0,3.5,4.0,4.5,5.0', '-log-level=WARNING']
2023-11-26 19:35:35;UNIUSDT;30m;5.0;100;36;76;100.0;4;160.87;['-batch-training', '-calc-rsi', '-verbose', '-prediction-mode=index', '-interval-list=30m', '-range-min-rsi=28', '-range-max-rsi=80', '-range-p-ema=50,250', '-target-margin-list=1.0,1.5,2.0,2.5,3.0,3.5,4.0,4.5,5.0', '-log-level=WARNING']
2023-11-26 19:46:54;UNIUSDT;30m;5.0;125;36;74;100.0;7;160.87;['-batch-training', '-calc-rsi', '-verbose', '-prediction-mode=index', '-interval-list=30m', '-range-min-rsi=28', '-range-max-rsi=80', '-range-p-ema=50,250', '-target-margin-list=1.0,1.5,2.0,2.5,3.0,3.5,4.0,4.5,5.0', '-log-level=WARNING']
2023-11-26 19:46:54;UNIUSDT;30m;5.0;125;36;74;100.0;6;160.87;['-batch-training', '-calc-rsi', '-verbose', '-prediction-mode=index', '-interval-list=30m', '-range-min-rsi=28', '-range-max-rsi=80', '-range-p-ema=50,250', '-target-margin-list=1.0,1.5,2.0,2.5,3.0,3.5,4.0,4.5,5.0', '-log-level=WARNING']
2023-11-26 19:35:50;UNIUSDT;30m;5.0;100;36;78;100.0;7;160.87;['-batch-training', '-calc-rsi', '-verbose', '-prediction-mode=index', '-interval-list=30m', '-range-min-rsi=28', '-range-max-rsi=80', '-range-p-ema=50,250', '-target-margin-list=1.0,1.5,2.0,2.5,3.0,3.5,4.0,4.5,5.0', '-log-level=WARNING']
2023-11-26 19:35:50;UNIUSDT;30m;5.0;100;36;78;100.0;6;160.87;['-batch-training', '-calc-rsi', '-verbose', '-prediction-mode=index', '-interval-list=30m', '-range-min-rsi=28', '-range-max-rsi=80', '-range-p-ema=50,250', '-target-margin-list=1.0,1.5,2.0,2.5,3.0,3.5,4.0,4.5,5.0', '-log-level=WARNING']
2023-11-26 19:35:19;UNIUSDT;30m;5.0;100;36;74;100.0;4;160.87;['-batch-training', '-calc-rsi', '-verbose', '-prediction-mode=index', '-interval-list=30m', '-range-min-rsi=28', '-range-max-rsi=80', '-range-p-ema=50,250', '-target-margin-list=1.0,1.5,2.0,2.5,3.0,3.5,4.0,4.5,5.0', '-log-level=WARNING']
2023-11-26 19:35:19;UNIUSDT;30m;5.0;100;36;74;100.0;7;160.87;['-batch-training', '-calc-rsi', '-verbose', '-prediction-mode=index', '-interval-list=30m', '-range-min-rsi=28', '-range-max-rsi=80', '-range-p-ema=50,250', '-target-margin-list=1.0,1.5,2.0,2.5,3.0,3.5,4.0,4.5,5.0', '-log-level=WARNING']
2023-11-26 19:35:35;UNIUSDT;30m;5.0;100;36;76;100.0;6;160.87;['-batch-training', '-calc-rsi', '-verbose', '-prediction-mode=index', '-interval-list=30m', '-range-min-rsi=28', '-range-max-rsi=80', '-range-p-ema=50,250', '-target-margin-list=1.0,1.5,2.0,2.5,3.0,3.5,4.0,4.5,5.0', '-log-level=WARNING']
2023-11-26 19:35:35;UNIUSDT;30m;5.0;100;36;76;100.0;5;160.87;['-batch-training', '-calc-rsi', '-verbose', '-prediction-mode=index', '-interval-list=30m', '-range-min-rsi=28', '-range-max-rsi=80', '-range-p-ema=50,250', '-target-margin-list=1.0,1.5,2.0,2.5,3.0,3.5,4.0,4.5,5.0', '-log-level=WARNING']
2023-11-26 21:01:47;UNIUSDT;30m;5.0;50;36;78;100.0;4;160.87;['-batch-training', '-calc-rsi', '-verbose', '-prediction-mode=index', '-interval-list=30m', '-range-min-rsi=28', '-range-max-rsi=80', '-range-p-ema=50,250', '-target-margin-list=1.0,1.5,2.0,2.5,3.0,3.5,4.0,4.5,5.0', '-log-level=WARNING']
2023-11-26 21:01:47;UNIUSDT;30m;5.0;50;36;78;100.0;5;160.87;['-batch-training', '-calc-rsi', '-verbose', '-prediction-mode=index', '-interval-list=30m', '-range-min-rsi=28', '-range-max-rsi=80', '-range-p-ema=50,250', '-target-margin-list=1.0,1.5,2.0,2.5,3.0,3.5,4.0,4.5,5.0', '-log-level=WARNING']
2023-11-26 21:01:47;UNIUSDT;30m;5.0;50;36;78;100.0;6;160.87;['-batch-training', '-calc-rsi', '-verbose', '-prediction-mode=index', '-interval-list=30m', '-range-min-rsi=28', '-range-max-rsi=80', '-range-p-ema=50,250', '-target-margin-list=1.0,1.5,2.0,2.5,3.0,3.5,4.0,4.5,5.0', '-log-level=WARNING']
2023-11-26 21:01:48;UNIUSDT;30m;5.0;50;36;78;100.0;7;160.87;['-batch-training', '-calc-rsi', '-verbose', '-prediction-mode=index', '-interval-list=30m', '-range-min-rsi=28', '-range-max-rsi=80', '-range-p-ema=50,250', '-target-margin-list=1.0,1.5,2.0,2.5,3.0,3.5,4.0,4.5,5.0', '-log-level=WARNING']
2023-11-26 21:01:28;UNIUSDT;30m;5.0;50;36;76;100.0;7;160.87;['-batch-training', '-calc-rsi', '-verbose', '-prediction-mode=index', '-interval-list=30m', '-range-min-rsi=28', '-range-max-rsi=80', '-range-p-ema=50,250', '-target-margin-list=1.0,1.5,2.0,2.5,3.0,3.5,4.0,4.5,5.0', '-log-level=WARNING']
2023-11-26 21:02:08;UNIUSDT;30m;5.0;50;36;80;100.0;4;160.87;['-batch-training', '-calc-rsi', '-verbose', '-prediction-mode=index', '-interval-list=30m', '-range-min-rsi=28', '-range-max-rsi=80', '-range-p-ema=50,250', '-target-margin-list=1.0,1.5,2.0,2.5,3.0,3.5,4.0,4.5,5.0', '-log-level=WARNING']
2023-11-26 21:02:08;UNIUSDT;30m;5.0;50;36;80;100.0;5;160.87;['-batch-training', '-calc-rsi', '-verbose', '-prediction-mode=index', '-interval-list=30m', '-range-min-rsi=28', '-range-max-rsi=80', '-range-p-ema=50,250', '-target-margin-list=1.0,1.5,2.0,2.5,3.0,3.5,4.0,4.5,5.0', '-log-level=WARNING']
2023-11-26 19:46:54;UNIUSDT;30m;5.0;125;36;74;100.0;4;160.87;['-batch-training', '-calc-rsi', '-verbose', '-prediction-mode=index', '-interval-list=30m', '-range-min-rsi=28', '-range-max-rsi=80', '-range-p-ema=50,250', '-target-margin-list=1.0,1.5,2.0,2.5,3.0,3.5,4.0,4.5,5.0', '-log-level=WARNING']
2023-11-26 21:01:28;UNIUSDT;30m;5.0;50;36;76;100.0;6;160.87;['-batch-training', '-calc-rsi', '-verbose', '-prediction-mode=index', '-interval-list=30m', '-range-min-rsi=28', '-range-max-rsi=80', '-range-p-ema=50,250', '-target-margin-list=1.0,1.5,2.0,2.5,3.0,3.5,4.0,4.5,5.0', '-log-level=WARNING']
2023-11-26 21:02:08;UNIUSDT;30m;5.0;50;36;80;100.0;7;160.87;['-batch-training', '-calc-rsi', '-verbose', '-prediction-mode=index', '-interval-list=30m', '-range-min-rsi=28', '-range-max-rsi=80', '-range-p-ema=50,250', '-target-margin-list=1.0,1.5,2.0,2.5,3.0,3.5,4.0,4.5,5.0', '-log-level=WARNING']
2023-11-26 21:01:28;UNIUSDT;30m;5.0;50;36;76;100.0;5;160.87;['-batch-training', '-calc-rsi', '-verbose', '-prediction-mode=index', '-interval-list=30m', '-range-min-rsi=28', '-range-max-rsi=80', '-range-p-ema=50,250', '-target-margin-list=1.0,1.5,2.0,2.5,3.0,3.5,4.0,4.5,5.0', '-log-level=WARNING']
2023-11-26 21:01:08;UNIUSDT;30m;5.0;50;36;74;100.0;5;160.87;['-batch-training', '-calc-rsi', '-verbose', '-prediction-mode=index', '-interval-list=30m', '-range-min-rsi=28', '-range-max-rsi=80', '-range-p-ema=50,250', '-target-margin-list=1.0,1.5,2.0,2.5,3.0,3.5,4.0,4.5,5.0', '-log-level=WARNING']
2023-11-26 21:01:08;UNIUSDT;30m;5.0;50;36;74;100.0;7;160.87;['-batch-training', '-calc-rsi', '-verbose', '-prediction-mode=index', '-interval-list=30m', '-range-min-rsi=28', '-range-max-rsi=80', '-range-p-ema=50,250', '-target-margin-list=1.0,1.5,2.0,2.5,3.0,3.5,4.0,4.5,5.0', '-log-level=WARNING']
2023-11-26 21:01:08;UNIUSDT;30m;5.0;50;36;74;100.0;6;160.87;['-batch-training', '-calc-rsi', '-verbose', '-prediction-mode=index', '-interval-list=30m', '-range-min-rsi=28', '-range-max-rsi=80', '-range-p-ema=50,250', '-target-margin-list=1.0,1.5,2.0,2.5,3.0,3.5,4.0,4.5,5.0', '-log-level=WARNING']
2023-11-26 21:01:08;UNIUSDT;30m;5.0;50;36;74;100.0;4;160.87;['-batch-training', '-calc-rsi', '-verbose', '-prediction-mode=index', '-interval-list=30m', '-range-min-rsi=28', '-range-max-rsi=80', '-range-p-ema=50,250', '-target-margin-list=1.0,1.5,2.0,2.5,3.0,3.5,4.0,4.5,5.0', '-log-level=WARNING']
2023-11-26 19:35:50;UNIUSDT;30m;5.0;100;36;78;100.0;4;160.87;['-batch-training', '-calc-rsi', '-verbose', '-prediction-mode=index', '-interval-list=30m', '-range-min-rsi=28', '-range-max-rsi=80', '-range-p-ema=50,250', '-target-margin-list=1.0,1.5,2.0,2.5,3.0,3.5,4.0,4.5,5.0', '-log-level=WARNING']
2023-11-26 19:35:19;UNIUSDT;30m;5.0;100;36;74;100.0;5;160.87;['-batch-training', '-calc-rsi', '-verbose', '-prediction-mode=index', '-interval-list=30m', '-range-min-rsi=28', '-range-max-rsi=80', '-range-p-ema=50,250', '-target-margin-list=1.0,1.5,2.0,2.5,3.0,3.5,4.0,4.5,5.0', '-log-level=WARNING']
2023-11-26 19:35:19;UNIUSDT;30m;5.0;100;36;74;100.0;6;160.87;['-batch-training', '-calc-rsi', '-verbose', '-prediction-mode=index', '-interval-list=30m', '-range-min-rsi=28', '-range-max-rsi=80', '-range-p-ema=50,250', '-target-margin-list=1.0,1.5,2.0,2.5,3.0,3.5,4.0,4.5,5.0', '-log-level=WARNING']
2023-11-26 21:02:08;UNIUSDT;30m;5.0;50;36;80;100.0;6;160.87;['-batch-training', '-calc-rsi', '-verbose', '-prediction-mode=index', '-interval-list=30m', '-range-min-rsi=28', '-range-max-rsi=80', '-range-p-ema=50,250', '-target-margin-list=1.0,1.5,2.0,2.5,3.0,3.5,4.0,4.5,5.0', '-log-level=WARNING']
2023-11-26 19:46:54;UNIUSDT;30m;5.0;125;36;74;100.0;5;160.87;['-batch-training', '-calc-rsi', '-verbose', '-prediction-mode=index', '-interval-list=30m', '-range-min-rsi=28', '-range-max-rsi=80', '-range-p-ema=50,250', '-target-margin-list=1.0,1.5,2.0,2.5,3.0,3.5,4.0,4.5,5.0', '-log-level=WARNING']
2023-11-26 19:47:10;UNIUSDT;30m;5.0;125;36;76;100.0;4;160.87;['-batch-training', '-calc-rsi', '-verbose', '-prediction-mode=index', '-interval-list=30m', '-range-min-rsi=28', '-range-max-rsi=80', '-range-p-ema=50,250', '-target-margin-list=1.0,1.5,2.0,2.5,3.0,3.5,4.0,4.5,5.0', '-log-level=WARNING']
2023-11-26 19:35:35;UNIUSDT;30m;5.0;100;36;76;100.0;7;160.87;['-batch-training', '-calc-rsi', '-verbose', '-prediction-mode=index', '-interval-list=30m', '-range-min-rsi=28', '-range-max-rsi=80', '-range-p-ema=50,250', '-target-margin-list=1.0,1.5,2.0,2.5,3.0,3.5,4.0,4.5,5.0', '-log-level=WARNING']
2023-11-26 20:41:29;UNIUSDT;30m;3.5;250;36;72;100.0;6;160.88;['-batch-training', '-calc-rsi', '-verbose', '-prediction-mode=index', '-interval-list=30m', '-range-min-rsi=28', '-range-max-rsi=80', '-range-p-ema=50,250', '-target-margin-list=1.0,1.5,2.0,2.5,3.0,3.5,4.0,4.5,5.0', '-log-level=WARNING']
2023-11-26 20:41:29;UNIUSDT;30m;3.5;250;36;72;100.0;7;160.88;['-batch-training', '-calc-rsi', '-verbose', '-prediction-mode=index', '-interval-list=30m', '-range-min-rsi=28', '-range-max-rsi=80', '-range-p-ema=50,250', '-target-margin-list=1.0,1.5,2.0,2.5,3.0,3.5,4.0,4.5,5.0', '-log-level=WARNING']
2023-11-26 19:41:28;UNIUSDT;30m;3.0;125;32;72;100.0;2;161.08;['-batch-training', '-calc-rsi', '-verbose', '-prediction-mode=index', '-interval-list=30m', '-range-min-rsi=28', '-range-max-rsi=80', '-range-p-ema=50,250', '-target-margin-list=1.0,1.5,2.0,2.5,3.0,3.5,4.0,4.5,5.0', '-log-level=WARNING']
2023-11-26 19:30:00;UNIUSDT;30m;3.0;100;32;72;100.0;2;161.08;['-batch-training', '-calc-rsi', '-verbose', '-prediction-mode=index', '-interval-list=30m', '-range-min-rsi=28', '-range-max-rsi=80', '-range-p-ema=50,250', '-target-margin-list=1.0,1.5,2.0,2.5,3.0,3.5,4.0,4.5,5.0', '-log-level=WARNING']
2023-11-26 20:54:02;UNIUSDT;30m;3.0;50;32;72;100.0;2;161.08;['-batch-training', '-calc-rsi', '-verbose', '-prediction-mode=index', '-interval-list=30m', '-range-min-rsi=28', '-range-max-rsi=80', '-range-p-ema=50,250', '-target-margin-list=1.0,1.5,2.0,2.5,3.0,3.5,4.0,4.5,5.0', '-log-level=WARNING']
2023-11-26 21:09:30;UNIUSDT;30m;3.0;75;32;72;100.0;2;161.08;['-batch-training', '-calc-rsi', '-verbose', '-prediction-mode=index', '-interval-list=30m', '-range-min-rsi=28', '-range-max-rsi=80', '-range-p-ema=50,250', '-target-margin-list=1.0,1.5,2.0,2.5,3.0,3.5,4.0,4.5,5.0', '-log-level=WARNING']
2023-11-26 19:53:03;UNIUSDT;30m;3.0;150;36;72;100.0;7;161.21;['-batch-training', '-calc-rsi', '-verbose', '-prediction-mode=index', '-interval-list=30m', '-range-min-rsi=28', '-range-max-rsi=80', '-range-p-ema=50,250', '-target-margin-list=1.0,1.5,2.0,2.5,3.0,3.5,4.0,4.5,5.0', '-log-level=WARNING']
2023-11-26 20:52:31;UNIUSDT;30m;2.5;50;36;72;100.0;3;161.34;['-batch-training', '-calc-rsi', '-verbose', '-prediction-mode=index', '-interval-list=30m', '-range-min-rsi=28', '-range-max-rsi=80', '-range-p-ema=50,250', '-target-margin-list=1.0,1.5,2.0,2.5,3.0,3.5,4.0,4.5,5.0', '-log-level=WARNING']
2023-11-26 19:40:18;UNIUSDT;30m;2.5;125;36;72;100.0;3;161.34;['-batch-training', '-calc-rsi', '-verbose', '-prediction-mode=index', '-interval-list=30m', '-range-min-rsi=28', '-range-max-rsi=80', '-range-p-ema=50,250', '-target-margin-list=1.0,1.5,2.0,2.5,3.0,3.5,4.0,4.5,5.0', '-log-level=WARNING']
2023-11-26 19:28:50;UNIUSDT;30m;2.5;100;36;72;100.0;3;161.34;['-batch-training', '-calc-rsi', '-verbose', '-prediction-mode=index', '-interval-list=30m', '-range-min-rsi=28', '-range-max-rsi=80', '-range-p-ema=50,250', '-target-margin-list=1.0,1.5,2.0,2.5,3.0,3.5,4.0,4.5,5.0', '-log-level=WARNING']
2023-11-26 21:07:52;UNIUSDT;30m;2.5;75;36;72;100.0;3;161.34;['-batch-training', '-calc-rsi', '-verbose', '-prediction-mode=index', '-interval-list=30m', '-range-min-rsi=28', '-range-max-rsi=80', '-range-p-ema=50,250', '-target-margin-list=1.0,1.5,2.0,2.5,3.0,3.5,4.0,4.5,5.0', '-log-level=WARNING']
2023-11-26 20:27:58;UNIUSDT;30m;3.5;225;34;72;100.0;6;161.43;['-batch-training', '-calc-rsi', '-verbose', '-prediction-mode=index', '-interval-list=30m', '-range-min-rsi=28', '-range-max-rsi=80', '-range-p-ema=50,250', '-target-margin-list=1.0,1.5,2.0,2.5,3.0,3.5,4.0,4.5,5.0', '-log-level=WARNING']
2023-11-26 20:27:58;UNIUSDT;30m;3.5;225;34;72;100.0;7;161.43;['-batch-training', '-calc-rsi', '-verbose', '-prediction-mode=index', '-interval-list=30m', '-range-min-rsi=28', '-range-max-rsi=80', '-range-p-ema=50,250', '-target-margin-list=1.0,1.5,2.0,2.5,3.0,3.5,4.0,4.5,5.0', '-log-level=WARNING']
2023-11-26 20:15:12;UNIUSDT;30m;3.5;200;34;72;100.0;6;161.43;['-batch-training', '-calc-rsi', '-verbose', '-prediction-mode=index', '-interval-list=30m', '-range-min-rsi=28', '-range-max-rsi=80', '-range-p-ema=50,250', '-target-margin-list=1.0,1.5,2.0,2.5,3.0,3.5,4.0,4.5,5.0', '-log-level=WARNING']
2023-11-26 20:04:16;UNIUSDT;30m;3.5;175;34;72;100.0;7;161.43;['-batch-training', '-calc-rsi', '-verbose', '-prediction-mode=index', '-interval-list=30m', '-range-min-rsi=28', '-range-max-rsi=80', '-range-p-ema=50,250', '-target-margin-list=1.0,1.5,2.0,2.5,3.0,3.5,4.0,4.5,5.0', '-log-level=WARNING']
2023-11-26 20:04:16;UNIUSDT;30m;3.5;175;34;72;100.0;6;161.43;['-batch-training', '-calc-rsi', '-verbose', '-prediction-mode=index', '-interval-list=30m', '-range-min-rsi=28', '-range-max-rsi=80', '-range-p-ema=50,250', '-target-margin-list=1.0,1.5,2.0,2.5,3.0,3.5,4.0,4.5,5.0', '-log-level=WARNING']
2023-11-26 20:15:12;UNIUSDT;30m;3.5;200;34;72;100.0;7;161.43;['-batch-training', '-calc-rsi', '-verbose', '-prediction-mode=index', '-interval-list=30m', '-range-min-rsi=28', '-range-max-rsi=80', '-range-p-ema=50,250', '-target-margin-list=1.0,1.5,2.0,2.5,3.0,3.5,4.0,4.5,5.0', '-log-level=WARNING']
2023-11-26 20:14:40;UNIUSDT;30m;3.0;200;34;78;100.0;2;161.45;['-batch-training', '-calc-rsi', '-verbose', '-prediction-mode=index', '-interval-list=30m', '-range-min-rsi=28', '-range-max-rsi=80', '-range-p-ema=50,250', '-target-margin-list=1.0,1.5,2.0,2.5,3.0,3.5,4.0,4.5,5.0', '-log-level=WARNING']
2023-11-26 20:03:50;UNIUSDT;30m;3.0;175;34;78;100.0;2;161.45;['-batch-training', '-calc-rsi', '-verbose', '-prediction-mode=index', '-interval-list=30m', '-range-min-rsi=28', '-range-max-rsi=80', '-range-p-ema=50,250', '-target-margin-list=1.0,1.5,2.0,2.5,3.0,3.5,4.0,4.5,5.0', '-log-level=WARNING']
2023-11-26 20:15:15;UNIUSDT;30m;3.5;200;36;72;100.0;6;161.49;['-batch-training', '-calc-rsi', '-verbose', '-prediction-mode=index', '-interval-list=30m', '-range-min-rsi=28', '-range-max-rsi=80', '-range-p-ema=50,250', '-target-margin-list=1.0,1.5,2.0,2.5,3.0,3.5,4.0,4.5,5.0', '-log-level=WARNING']
2023-11-26 20:15:15;UNIUSDT;30m;3.5;200;36;72;100.0;7;161.49;['-batch-training', '-calc-rsi', '-verbose', '-prediction-mode=index', '-interval-list=30m', '-range-min-rsi=28', '-range-max-rsi=80', '-range-p-ema=50,250', '-target-margin-list=1.0,1.5,2.0,2.5,3.0,3.5,4.0,4.5,5.0', '-log-level=WARNING']
2023-11-26 20:04:19;UNIUSDT;30m;3.5;175;36;72;100.0;6;161.49;['-batch-training', '-calc-rsi', '-verbose', '-prediction-mode=index', '-interval-list=30m', '-range-min-rsi=28', '-range-max-rsi=80', '-range-p-ema=50,250', '-target-margin-list=1.0,1.5,2.0,2.5,3.0,3.5,4.0,4.5,5.0', '-log-level=WARNING']
2023-11-26 20:04:19;UNIUSDT;30m;3.5;175;36;72;100.0;7;161.49;['-batch-training', '-calc-rsi', '-verbose', '-prediction-mode=index', '-interval-list=30m', '-range-min-rsi=28', '-range-max-rsi=80', '-range-p-ema=50,250', '-target-margin-list=1.0,1.5,2.0,2.5,3.0,3.5,4.0,4.5,5.0', '-log-level=WARNING']
2023-11-26 20:28:02;UNIUSDT;30m;3.5;225;36;72;100.0;7;161.49;['-batch-training', '-calc-rsi', '-verbose', '-prediction-mode=index', '-interval-list=30m', '-range-min-rsi=28', '-range-max-rsi=80', '-range-p-ema=50,250', '-target-margin-list=1.0,1.5,2.0,2.5,3.0,3.5,4.0,4.5,5.0', '-log-level=WARNING']
2023-11-26 20:28:02;UNIUSDT;30m;3.5;225;36;72;100.0;6;161.49;['-batch-training', '-calc-rsi', '-verbose', '-prediction-mode=index', '-interval-list=30m', '-range-min-rsi=28', '-range-max-rsi=80', '-range-p-ema=50,250', '-target-margin-list=1.0,1.5,2.0,2.5,3.0,3.5,4.0,4.5,5.0', '-log-level=WARNING']
2023-11-26 19:54:21;UNIUSDT;30m;3.5;150;34;74;100.0;3;161.79;['-batch-training', '-calc-rsi', '-verbose', '-prediction-mode=index', '-interval-list=30m', '-range-min-rsi=28', '-range-max-rsi=80', '-range-p-ema=50,250', '-target-margin-list=1.0,1.5,2.0,2.5,3.0,3.5,4.0,4.5,5.0', '-log-level=WARNING']
2023-11-26 19:52:57;UNIUSDT;30m;3.0;150;32;72;100.0;3;161.85;['-batch-training', '-calc-rsi', '-verbose', '-prediction-mode=index', '-interval-list=30m', '-range-min-rsi=28', '-range-max-rsi=80', '-range-p-ema=50,250', '-target-margin-list=1.0,1.5,2.0,2.5,3.0,3.5,4.0,4.5,5.0', '-log-level=WARNING']
2023-11-26 20:13:48;UNIUSDT;30m;3.0;200;32;72;100.0;3;161.85;['-batch-training', '-calc-rsi', '-verbose', '-prediction-mode=index', '-interval-list=30m', '-range-min-rsi=28', '-range-max-rsi=80', '-range-p-ema=50,250', '-target-margin-list=1.0,1.5,2.0,2.5,3.0,3.5,4.0,4.5,5.0', '-log-level=WARNING']
2023-11-26 20:39:48;UNIUSDT;30m;3.0;250;32;72;100.0;3;161.85;['-batch-training', '-calc-rsi', '-verbose', '-prediction-mode=index', '-interval-list=30m', '-range-min-rsi=28', '-range-max-rsi=80', '-range-p-ema=50,250', '-target-margin-list=1.0,1.5,2.0,2.5,3.0,3.5,4.0,4.5,5.0', '-log-level=WARNING']
2023-11-26 20:03:08;UNIUSDT;30m;3.0;175;32;72;100.0;3;161.85;['-batch-training', '-calc-rsi', '-verbose', '-prediction-mode=index', '-interval-list=30m', '-range-min-rsi=28', '-range-max-rsi=80', '-range-p-ema=50,250', '-target-margin-list=1.0,1.5,2.0,2.5,3.0,3.5,4.0,4.5,5.0', '-log-level=WARNING']
2023-11-26 20:26:28;UNIUSDT;30m;3.0;225;32;72;100.0;3;161.85;['-batch-training', '-calc-rsi', '-verbose', '-prediction-mode=index', '-interval-list=30m', '-range-min-rsi=28', '-range-max-rsi=80', '-range-p-ema=50,250', '-target-margin-list=1.0,1.5,2.0,2.5,3.0,3.5,4.0,4.5,5.0', '-log-level=WARNING']
2023-11-26 19:33:43;UNIUSDT;30m;4.5;100;32;72;100.0;2;162.24;['-batch-training', '-calc-rsi', '-verbose', '-prediction-mode=index', '-interval-list=30m', '-range-min-rsi=28', '-range-max-rsi=80', '-range-p-ema=50,250', '-target-margin-list=1.0,1.5,2.0,2.5,3.0,3.5,4.0,4.5,5.0', '-log-level=WARNING']
2023-11-26 19:45:16;UNIUSDT;30m;4.5;125;32;72;100.0;2;162.24;['-batch-training', '-calc-rsi', '-verbose', '-prediction-mode=index', '-interval-list=30m', '-range-min-rsi=28', '-range-max-rsi=80', '-range-p-ema=50,250', '-target-margin-list=1.0,1.5,2.0,2.5,3.0,3.5,4.0,4.5,5.0', '-log-level=WARNING']
2023-11-26 21:14:38;UNIUSDT;30m;4.5;75;32;72;100.0;2;162.24;['-batch-training', '-calc-rsi', '-verbose', '-prediction-mode=index', '-interval-list=30m', '-range-min-rsi=28', '-range-max-rsi=80', '-range-p-ema=50,250', '-target-margin-list=1.0,1.5,2.0,2.5,3.0,3.5,4.0,4.5,5.0', '-log-level=WARNING']
2023-11-26 20:58:59;UNIUSDT;30m;4.5;50;32;72;100.0;2;162.24;['-batch-training', '-calc-rsi', '-verbose', '-prediction-mode=index', '-interval-list=30m', '-range-min-rsi=28', '-range-max-rsi=80', '-range-p-ema=50,250', '-target-margin-list=1.0,1.5,2.0,2.5,3.0,3.5,4.0,4.5,5.0', '-log-level=WARNING']
2023-11-26 20:41:22;UNIUSDT;30m;3.5;250;32;72;100.0;7;162.42;['-batch-training', '-calc-rsi', '-verbose', '-prediction-mode=index', '-interval-list=30m', '-range-min-rsi=28', '-range-max-rsi=80', '-range-p-ema=50,250', '-target-margin-list=1.0,1.5,2.0,2.5,3.0,3.5,4.0,4.5,5.0', '-log-level=WARNING']
2023-11-26 19:54:05;UNIUSDT;30m;3.5;150;32;72;100.0;7;162.42;['-batch-training', '-calc-rsi', '-verbose', '-prediction-mode=index', '-interval-list=30m', '-range-min-rsi=28', '-range-max-rsi=80', '-range-p-ema=50,250', '-target-margin-list=1.0,1.5,2.0,2.5,3.0,3.5,4.0,4.5,5.0', '-log-level=WARNING']
2023-11-26 19:54:05;UNIUSDT;30m;3.5;150;32;72;100.0;6;162.42;['-batch-training', '-calc-rsi', '-verbose', '-prediction-mode=index', '-interval-list=30m', '-range-min-rsi=28', '-range-max-rsi=80', '-range-p-ema=50,250', '-target-margin-list=1.0,1.5,2.0,2.5,3.0,3.5,4.0,4.5,5.0', '-log-level=WARNING']
2023-11-26 20:41:22;UNIUSDT;30m;3.5;250;32;72;100.0;6;162.42;['-batch-training', '-calc-rsi', '-verbose', '-prediction-mode=index', '-interval-list=30m', '-range-min-rsi=28', '-range-max-rsi=80', '-range-p-ema=50,250', '-target-margin-list=1.0,1.5,2.0,2.5,3.0,3.5,4.0,4.5,5.0', '-log-level=WARNING']
2023-11-26 20:04:13;UNIUSDT;30m;3.5;175;32;72;100.0;7;162.42;['-batch-training', '-calc-rsi', '-verbose', '-prediction-mode=index', '-interval-list=30m', '-range-min-rsi=28', '-range-max-rsi=80', '-range-p-ema=50,250', '-target-margin-list=1.0,1.5,2.0,2.5,3.0,3.5,4.0,4.5,5.0', '-log-level=WARNING']
2023-11-26 20:27:55;UNIUSDT;30m;3.5;225;32;72;100.0;7;162.42;['-batch-training', '-calc-rsi', '-verbose', '-prediction-mode=index', '-interval-list=30m', '-range-min-rsi=28', '-range-max-rsi=80', '-range-p-ema=50,250', '-target-margin-list=1.0,1.5,2.0,2.5,3.0,3.5,4.0,4.5,5.0', '-log-level=WARNING']
2023-11-26 20:27:55;UNIUSDT;30m;3.5;225;32;72;100.0;6;162.42;['-batch-training', '-calc-rsi', '-verbose', '-prediction-mode=index', '-interval-list=30m', '-range-min-rsi=28', '-range-max-rsi=80', '-range-p-ema=50,250', '-target-margin-list=1.0,1.5,2.0,2.5,3.0,3.5,4.0,4.5,5.0', '-log-level=WARNING']
2023-11-26 20:04:13;UNIUSDT;30m;3.5;175;32;72;100.0;6;162.42;['-batch-training', '-calc-rsi', '-verbose', '-prediction-mode=index', '-interval-list=30m', '-range-min-rsi=28', '-range-max-rsi=80', '-range-p-ema=50,250', '-target-margin-list=1.0,1.5,2.0,2.5,3.0,3.5,4.0,4.5,5.0', '-log-level=WARNING']
2023-11-26 20:15:09;UNIUSDT;30m;3.5;200;32;72;100.0;7;162.42;['-batch-training', '-calc-rsi', '-verbose', '-prediction-mode=index', '-interval-list=30m', '-range-min-rsi=28', '-range-max-rsi=80', '-range-p-ema=50,250', '-target-margin-list=1.0,1.5,2.0,2.5,3.0,3.5,4.0,4.5,5.0', '-log-level=WARNING']
2023-11-26 20:15:09;UNIUSDT;30m;3.5;200;32;72;100.0;6;162.42;['-batch-training', '-calc-rsi', '-verbose', '-prediction-mode=index', '-interval-list=30m', '-range-min-rsi=28', '-range-max-rsi=80', '-range-p-ema=50,250', '-target-margin-list=1.0,1.5,2.0,2.5,3.0,3.5,4.0,4.5,5.0', '-log-level=WARNING']
2023-11-26 20:56:24;UNIUSDT;30m;3.5;50;34;76;100.0;6;162.86;['-batch-training', '-calc-rsi', '-verbose', '-prediction-mode=index', '-interval-list=30m', '-range-min-rsi=28', '-range-max-rsi=80', '-range-p-ema=50,250', '-target-margin-list=1.0,1.5,2.0,2.5,3.0,3.5,4.0,4.5,5.0', '-log-level=WARNING']
2023-11-26 21:12:03;UNIUSDT;30m;3.5;75;34;76;100.0;5;162.86;['-batch-training', '-calc-rsi', '-verbose', '-prediction-mode=index', '-interval-list=30m', '-range-min-rsi=28', '-range-max-rsi=80', '-range-p-ema=50,250', '-target-margin-list=1.0,1.5,2.0,2.5,3.0,3.5,4.0,4.5,5.0', '-log-level=WARNING']
2023-11-26 21:12:03;UNIUSDT;30m;3.5;75;34;76;100.0;6;162.86;['-batch-training', '-calc-rsi', '-verbose', '-prediction-mode=index', '-interval-list=30m', '-range-min-rsi=28', '-range-max-rsi=80', '-range-p-ema=50,250', '-target-margin-list=1.0,1.5,2.0,2.5,3.0,3.5,4.0,4.5,5.0', '-log-level=WARNING']
2023-11-26 19:43:03;UNIUSDT;30m;3.5;125;34;74;100.0;6;162.86;['-batch-training', '-calc-rsi', '-verbose', '-prediction-mode=index', '-interval-list=30m', '-range-min-rsi=28', '-range-max-rsi=80', '-range-p-ema=50,250', '-target-margin-list=1.0,1.5,2.0,2.5,3.0,3.5,4.0,4.5,5.0', '-log-level=WARNING']
2023-11-26 21:12:03;UNIUSDT;30m;3.5;75;34;76;100.0;7;162.86;['-batch-training', '-calc-rsi', '-verbose', '-prediction-mode=index', '-interval-list=30m', '-range-min-rsi=28', '-range-max-rsi=80', '-range-p-ema=50,250', '-target-margin-list=1.0,1.5,2.0,2.5,3.0,3.5,4.0,4.5,5.0', '-log-level=WARNING']
2023-11-26 21:12:26;UNIUSDT;30m;3.5;75;34;78;100.0;5;162.86;['-batch-training', '-calc-rsi', '-verbose', '-prediction-mode=index', '-interval-list=30m', '-range-min-rsi=28', '-range-max-rsi=80', '-range-p-ema=50,250', '-target-margin-list=1.0,1.5,2.0,2.5,3.0,3.5,4.0,4.5,5.0', '-log-level=WARNING']
2023-11-26 21:12:26;UNIUSDT;30m;3.5;75;34;78;100.0;6;162.86;['-batch-training', '-calc-rsi', '-verbose', '-prediction-mode=index', '-interval-list=30m', '-range-min-rsi=28', '-range-max-rsi=80', '-range-p-ema=50,250', '-target-margin-list=1.0,1.5,2.0,2.5,3.0,3.5,4.0,4.5,5.0', '-log-level=WARNING']
2023-11-26 19:43:03;UNIUSDT;30m;3.5;125;34;74;100.0;7;162.86;['-batch-training', '-calc-rsi', '-verbose', '-prediction-mode=index', '-interval-list=30m', '-range-min-rsi=28', '-range-max-rsi=80', '-range-p-ema=50,250', '-target-margin-list=1.0,1.5,2.0,2.5,3.0,3.5,4.0,4.5,5.0', '-log-level=WARNING']
2023-11-26 19:43:03;UNIUSDT;30m;3.5;125;34;74;100.0;5;162.86;['-batch-training', '-calc-rsi', '-verbose', '-prediction-mode=index', '-interval-list=30m', '-range-min-rsi=28', '-range-max-rsi=80', '-range-p-ema=50,250', '-target-margin-list=1.0,1.5,2.0,2.5,3.0,3.5,4.0,4.5,5.0', '-log-level=WARNING']
2023-11-26 21:12:26;UNIUSDT;30m;3.5;75;34;78;100.0;7;162.86;['-batch-training', '-calc-rsi', '-verbose', '-prediction-mode=index', '-interval-list=30m', '-range-min-rsi=28', '-range-max-rsi=80', '-range-p-ema=50,250', '-target-margin-list=1.0,1.5,2.0,2.5,3.0,3.5,4.0,4.5,5.0', '-log-level=WARNING']
2023-11-26 19:43:18;UNIUSDT;30m;3.5;125;34;76;100.0;5;162.86;['-batch-training', '-calc-rsi', '-verbose', '-prediction-mode=index', '-interval-list=30m', '-range-min-rsi=28', '-range-max-rsi=80', '-range-p-ema=50,250', '-target-margin-list=1.0,1.5,2.0,2.5,3.0,3.5,4.0,4.5,5.0', '-log-level=WARNING']
2023-11-26 19:43:18;UNIUSDT;30m;3.5;125;34;76;100.0;7;162.86;['-batch-training', '-calc-rsi', '-verbose', '-prediction-mode=index', '-interval-list=30m', '-range-min-rsi=28', '-range-max-rsi=80', '-range-p-ema=50,250', '-target-margin-list=1.0,1.5,2.0,2.5,3.0,3.5,4.0,4.5,5.0', '-log-level=WARNING']
2023-11-26 19:43:19;UNIUSDT;30m;3.5;125;34;76;100.0;6;162.86;['-batch-training', '-calc-rsi', '-verbose', '-prediction-mode=index', '-interval-list=30m', '-range-min-rsi=28', '-range-max-rsi=80', '-range-p-ema=50,250', '-target-margin-list=1.0,1.5,2.0,2.5,3.0,3.5,4.0,4.5,5.0', '-log-level=WARNING']
2023-11-26 19:43:33;UNIUSDT;30m;3.5;125;34;78;100.0;7;162.86;['-batch-training', '-calc-rsi', '-verbose', '-prediction-mode=index', '-interval-list=30m', '-range-min-rsi=28', '-range-max-rsi=80', '-range-p-ema=50,250', '-target-margin-list=1.0,1.5,2.0,2.5,3.0,3.5,4.0,4.5,5.0', '-log-level=WARNING']
2023-11-26 20:56:24;UNIUSDT;30m;3.5;50;34;76;100.0;5;162.86;['-batch-training', '-calc-rsi', '-verbose', '-prediction-mode=index', '-interval-list=30m', '-range-min-rsi=28', '-range-max-rsi=80', '-range-p-ema=50,250', '-target-margin-list=1.0,1.5,2.0,2.5,3.0,3.5,4.0,4.5,5.0', '-log-level=WARNING']
2023-11-26 19:43:33;UNIUSDT;30m;3.5;125;34;78;100.0;5;162.86;['-batch-training', '-calc-rsi', '-verbose', '-prediction-mode=index', '-interval-list=30m', '-range-min-rsi=28', '-range-max-rsi=80', '-range-p-ema=50,250', '-target-margin-list=1.0,1.5,2.0,2.5,3.0,3.5,4.0,4.5,5.0', '-log-level=WARNING']
2023-11-26 19:43:33;UNIUSDT;30m;3.5;125;34;78;100.0;6;162.86;['-batch-training', '-calc-rsi', '-verbose', '-prediction-mode=index', '-interval-list=30m', '-range-min-rsi=28', '-range-max-rsi=80', '-range-p-ema=50,250', '-target-margin-list=1.0,1.5,2.0,2.5,3.0,3.5,4.0,4.5,5.0', '-log-level=WARNING']
2023-11-26 20:56:43;UNIUSDT;30m;3.5;50;34;78;100.0;5;162.86;['-batch-training', '-calc-rsi', '-verbose', '-prediction-mode=index', '-interval-list=30m', '-range-min-rsi=28', '-range-max-rsi=80', '-range-p-ema=50,250', '-target-margin-list=1.0,1.5,2.0,2.5,3.0,3.5,4.0,4.5,5.0', '-log-level=WARNING']
2023-11-26 19:31:48;UNIUSDT;30m;3.5;100;34;76;100.0;5;162.86;['-batch-training', '-calc-rsi', '-verbose', '-prediction-mode=index', '-interval-list=30m', '-range-min-rsi=28', '-range-max-rsi=80', '-range-p-ema=50,250', '-target-margin-list=1.0,1.5,2.0,2.5,3.0,3.5,4.0,4.5,5.0', '-log-level=WARNING']
2023-11-26 21:11:43;UNIUSDT;30m;3.5;75;34;74;100.0;7;162.86;['-batch-training', '-calc-rsi', '-verbose', '-prediction-mode=index', '-interval-list=30m', '-range-min-rsi=28', '-range-max-rsi=80', '-range-p-ema=50,250', '-target-margin-list=1.0,1.5,2.0,2.5,3.0,3.5,4.0,4.5,5.0', '-log-level=WARNING']
2023-11-26 20:56:04;UNIUSDT;30m;3.5;50;34;74;100.0;6;162.86;['-batch-training', '-calc-rsi', '-verbose', '-prediction-mode=index', '-interval-list=30m', '-range-min-rsi=28', '-range-max-rsi=80', '-range-p-ema=50,250', '-target-margin-list=1.0,1.5,2.0,2.5,3.0,3.5,4.0,4.5,5.0', '-log-level=WARNING']
2023-11-26 20:56:24;UNIUSDT;30m;3.5;50;34;76;100.0;7;162.86;['-batch-training', '-calc-rsi', '-verbose', '-prediction-mode=index', '-interval-list=30m', '-range-min-rsi=28', '-range-max-rsi=80', '-range-p-ema=50,250', '-target-margin-list=1.0,1.5,2.0,2.5,3.0,3.5,4.0,4.5,5.0', '-log-level=WARNING']
2023-11-26 21:11:42;UNIUSDT;30m;3.5;75;34;74;100.0;5;162.86;['-batch-training', '-calc-rsi', '-verbose', '-prediction-mode=index', '-interval-list=30m', '-range-min-rsi=28', '-range-max-rsi=80', '-range-p-ema=50,250', '-target-margin-list=1.0,1.5,2.0,2.5,3.0,3.5,4.0,4.5,5.0', '-log-level=WARNING']
2023-11-26 19:31:33;UNIUSDT;30m;3.5;100;34;74;100.0;5;162.86;['-batch-training', '-calc-rsi', '-verbose', '-prediction-mode=index', '-interval-list=30m', '-range-min-rsi=28', '-range-max-rsi=80', '-range-p-ema=50,250', '-target-margin-list=1.0,1.5,2.0,2.5,3.0,3.5,4.0,4.5,5.0', '-log-level=WARNING']
2023-11-26 21:11:42;UNIUSDT;30m;3.5;75;34;74;100.0;6;162.86;['-batch-training', '-calc-rsi', '-verbose', '-prediction-mode=index', '-interval-list=30m', '-range-min-rsi=28', '-range-max-rsi=80', '-range-p-ema=50,250', '-target-margin-list=1.0,1.5,2.0,2.5,3.0,3.5,4.0,4.5,5.0', '-log-level=WARNING']
2023-11-26 19:31:33;UNIUSDT;30m;3.5;100;34;74;100.0;6;162.86;['-batch-training', '-calc-rsi', '-verbose', '-prediction-mode=index', '-interval-list=30m', '-range-min-rsi=28', '-range-max-rsi=80', '-range-p-ema=50,250', '-target-margin-list=1.0,1.5,2.0,2.5,3.0,3.5,4.0,4.5,5.0', '-log-level=WARNING']
2023-11-26 20:56:04;UNIUSDT;30m;3.5;50;34;74;100.0;5;162.86;['-batch-training', '-calc-rsi', '-verbose', '-prediction-mode=index', '-interval-list=30m', '-range-min-rsi=28', '-range-max-rsi=80', '-range-p-ema=50,250', '-target-margin-list=1.0,1.5,2.0,2.5,3.0,3.5,4.0,4.5,5.0', '-log-level=WARNING']
2023-11-26 19:31:48;UNIUSDT;30m;3.5;100;34;76;100.0;6;162.86;['-batch-training', '-calc-rsi', '-verbose', '-prediction-mode=index', '-interval-list=30m', '-range-min-rsi=28', '-range-max-rsi=80', '-range-p-ema=50,250', '-target-margin-list=1.0,1.5,2.0,2.5,3.0,3.5,4.0,4.5,5.0', '-log-level=WARNING']
2023-11-26 20:56:04;UNIUSDT;30m;3.5;50;34;74;100.0;7;162.86;['-batch-training', '-calc-rsi', '-verbose', '-prediction-mode=index', '-interval-list=30m', '-range-min-rsi=28', '-range-max-rsi=80', '-range-p-ema=50,250', '-target-margin-list=1.0,1.5,2.0,2.5,3.0,3.5,4.0,4.5,5.0', '-log-level=WARNING']
2023-11-26 19:31:33;UNIUSDT;30m;3.5;100;34;74;100.0;7;162.86;['-batch-training', '-calc-rsi', '-verbose', '-prediction-mode=index', '-interval-list=30m', '-range-min-rsi=28', '-range-max-rsi=80', '-range-p-ema=50,250', '-target-margin-list=1.0,1.5,2.0,2.5,3.0,3.5,4.0,4.5,5.0', '-log-level=WARNING']
2023-11-26 19:32:03;UNIUSDT;30m;3.5;100;34;78;100.0;5;162.86;['-batch-training', '-calc-rsi', '-verbose', '-prediction-mode=index', '-interval-list=30m', '-range-min-rsi=28', '-range-max-rsi=80', '-range-p-ema=50,250', '-target-margin-list=1.0,1.5,2.0,2.5,3.0,3.5,4.0,4.5,5.0', '-log-level=WARNING']
2023-11-26 20:56:43;UNIUSDT;30m;3.5;50;34;78;100.0;6;162.86;['-batch-training', '-calc-rsi', '-verbose', '-prediction-mode=index', '-interval-list=30m', '-range-min-rsi=28', '-range-max-rsi=80', '-range-p-ema=50,250', '-target-margin-list=1.0,1.5,2.0,2.5,3.0,3.5,4.0,4.5,5.0', '-log-level=WARNING']
2023-11-26 19:32:03;UNIUSDT;30m;3.5;100;34;78;100.0;6;162.86;['-batch-training', '-calc-rsi', '-verbose', '-prediction-mode=index', '-interval-list=30m', '-range-min-rsi=28', '-range-max-rsi=80', '-range-p-ema=50,250', '-target-margin-list=1.0,1.5,2.0,2.5,3.0,3.5,4.0,4.5,5.0', '-log-level=WARNING']
2023-11-26 20:56:43;UNIUSDT;30m;3.5;50;34;78;100.0;7;162.86;['-batch-training', '-calc-rsi', '-verbose', '-prediction-mode=index', '-interval-list=30m', '-range-min-rsi=28', '-range-max-rsi=80', '-range-p-ema=50,250', '-target-margin-list=1.0,1.5,2.0,2.5,3.0,3.5,4.0,4.5,5.0', '-log-level=WARNING']
2023-11-26 19:32:03;UNIUSDT;30m;3.5;100;34;78;100.0;7;162.86;['-batch-training', '-calc-rsi', '-verbose', '-prediction-mode=index', '-interval-list=30m', '-range-min-rsi=28', '-range-max-rsi=80', '-range-p-ema=50,250', '-target-margin-list=1.0,1.5,2.0,2.5,3.0,3.5,4.0,4.5,5.0', '-log-level=WARNING']
2023-11-26 19:31:48;UNIUSDT;30m;3.5;100;34;76;100.0;7;162.86;['-batch-training', '-calc-rsi', '-verbose', '-prediction-mode=index', '-interval-list=30m', '-range-min-rsi=28', '-range-max-rsi=80', '-range-p-ema=50,250', '-target-margin-list=1.0,1.5,2.0,2.5,3.0,3.5,4.0,4.5,5.0', '-log-level=WARNING']
2023-11-26 21:11:25;UNIUSDT;30m;3.5;75;36;72;100.0;3;163.42;['-batch-training', '-calc-rsi', '-verbose', '-prediction-mode=index', '-interval-list=30m', '-range-min-rsi=28', '-range-max-rsi=80', '-range-p-ema=50,250', '-target-margin-list=1.0,1.5,2.0,2.5,3.0,3.5,4.0,4.5,5.0', '-log-level=WARNING']
2023-11-26 20:55:49;UNIUSDT;30m;3.5;50;36;72;100.0;3;163.42;['-batch-training', '-calc-rsi', '-verbose', '-prediction-mode=index', '-interval-list=30m', '-range-min-rsi=28', '-range-max-rsi=80', '-range-p-ema=50,250', '-target-margin-list=1.0,1.5,2.0,2.5,3.0,3.5,4.0,4.5,5.0', '-log-level=WARNING']
2023-11-26 19:31:21;UNIUSDT;30m;3.5;100;36;72;100.0;3;163.42;['-batch-training', '-calc-rsi', '-verbose', '-prediction-mode=index', '-interval-list=30m', '-range-min-rsi=28', '-range-max-rsi=80', '-range-p-ema=50,250', '-target-margin-list=1.0,1.5,2.0,2.5,3.0,3.5,4.0,4.5,5.0', '-log-level=WARNING']
2023-11-26 19:42:50;UNIUSDT;30m;3.5;125;36;72;100.0;3;163.42;['-batch-training', '-calc-rsi', '-verbose', '-prediction-mode=index', '-interval-list=30m', '-range-min-rsi=28', '-range-max-rsi=80', '-range-p-ema=50,250', '-target-margin-list=1.0,1.5,2.0,2.5,3.0,3.5,4.0,4.5,5.0', '-log-level=WARNING']
2023-11-26 19:43:18;UNIUSDT;30m;3.5;125;34;76;100.0;2;163.7;['-batch-training', '-calc-rsi', '-verbose', '-prediction-mode=index', '-interval-list=30m', '-range-min-rsi=28', '-range-max-rsi=80', '-range-p-ema=50,250', '-target-margin-list=1.0,1.5,2.0,2.5,3.0,3.5,4.0,4.5,5.0', '-log-level=WARNING']
2023-11-26 19:31:48;UNIUSDT;30m;3.5;100;34;76;100.0;2;163.7;['-batch-training', '-calc-rsi', '-verbose', '-prediction-mode=index', '-interval-list=30m', '-range-min-rsi=28', '-range-max-rsi=80', '-range-p-ema=50,250', '-target-margin-list=1.0,1.5,2.0,2.5,3.0,3.5,4.0,4.5,5.0', '-log-level=WARNING']
2023-11-26 21:12:03;UNIUSDT;30m;3.5;75;34;76;100.0;2;163.7;['-batch-training', '-calc-rsi', '-verbose', '-prediction-mode=index', '-interval-list=30m', '-range-min-rsi=28', '-range-max-rsi=80', '-range-p-ema=50,250', '-target-margin-list=1.0,1.5,2.0,2.5,3.0,3.5,4.0,4.5,5.0', '-log-level=WARNING']
2023-11-26 20:56:24;UNIUSDT;30m;3.5;50;34;76;100.0;2;163.7;['-batch-training', '-calc-rsi', '-verbose', '-prediction-mode=index', '-interval-list=30m', '-range-min-rsi=28', '-range-max-rsi=80', '-range-p-ema=50,250', '-target-margin-list=1.0,1.5,2.0,2.5,3.0,3.5,4.0,4.5,5.0', '-log-level=WARNING']
2023-11-26 20:38:39;UNIUSDT;30m;2.5;250;34;74;100.0;3;163.96;['-batch-training', '-calc-rsi', '-verbose', '-prediction-mode=index', '-interval-list=30m', '-range-min-rsi=28', '-range-max-rsi=80', '-range-p-ema=50,250', '-target-margin-list=1.0,1.5,2.0,2.5,3.0,3.5,4.0,4.5,5.0', '-log-level=WARNING']
2023-11-26 20:25:22;UNIUSDT;30m;2.5;225;34;74;100.0;3;164.41;['-batch-training', '-calc-rsi', '-verbose', '-prediction-mode=index', '-interval-list=30m', '-range-min-rsi=28', '-range-max-rsi=80', '-range-p-ema=50,250', '-target-margin-list=1.0,1.5,2.0,2.5,3.0,3.5,4.0,4.5,5.0', '-log-level=WARNING']
2023-11-26 19:52:17;UNIUSDT;30m;2.5;150;34;76;100.0;3;164.52;['-batch-training', '-calc-rsi', '-verbose', '-prediction-mode=index', '-interval-list=30m', '-range-min-rsi=28', '-range-max-rsi=80', '-range-p-ema=50,250', '-target-margin-list=1.0,1.5,2.0,2.5,3.0,3.5,4.0,4.5,5.0', '-log-level=WARNING']
2023-11-26 19:45:07;UNIUSDT;30m;4.0;125;36;80;100.0;5;164.54;['-batch-training', '-calc-rsi', '-verbose', '-prediction-mode=index', '-interval-list=30m', '-range-min-rsi=28', '-range-max-rsi=80', '-range-p-ema=50,250', '-target-margin-list=1.0,1.5,2.0,2.5,3.0,3.5,4.0,4.5,5.0', '-log-level=WARNING']
2023-11-26 20:57:46;UNIUSDT;30m;4.0;50;36;74;100.0;6;164.54;['-batch-training', '-calc-rsi', '-verbose', '-prediction-mode=index', '-interval-list=30m', '-range-min-rsi=28', '-range-max-rsi=80', '-range-p-ema=50,250', '-target-margin-list=1.0,1.5,2.0,2.5,3.0,3.5,4.0,4.5,5.0', '-log-level=WARNING']
2023-11-26 20:57:46;UNIUSDT;30m;4.0;50;36;74;100.0;7;164.54;['-batch-training', '-calc-rsi', '-verbose', '-prediction-mode=index', '-interval-list=30m', '-range-min-rsi=28', '-range-max-rsi=80', '-range-p-ema=50,250', '-target-margin-list=1.0,1.5,2.0,2.5,3.0,3.5,4.0,4.5,5.0', '-log-level=WARNING']
2023-11-26 20:57:46;UNIUSDT;30m;4.0;50;36;74;100.0;5;164.54;['-batch-training', '-calc-rsi', '-verbose', '-prediction-mode=index', '-interval-list=30m', '-range-min-rsi=28', '-range-max-rsi=80', '-range-p-ema=50,250', '-target-margin-list=1.0,1.5,2.0,2.5,3.0,3.5,4.0,4.5,5.0', '-log-level=WARNING']
2023-11-26 19:45:07;UNIUSDT;30m;4.0;125;36;80;100.0;7;164.54;['-batch-training', '-calc-rsi', '-verbose', '-prediction-mode=index', '-interval-list=30m', '-range-min-rsi=28', '-range-max-rsi=80', '-range-p-ema=50,250', '-target-margin-list=1.0,1.5,2.0,2.5,3.0,3.5,4.0,4.5,5.0', '-log-level=WARNING']
2023-11-26 20:58:07;UNIUSDT;30m;4.0;50;36;76;100.0;5;164.54;['-batch-training', '-calc-rsi', '-verbose', '-prediction-mode=index', '-interval-list=30m', '-range-min-rsi=28', '-range-max-rsi=80', '-range-p-ema=50,250', '-target-margin-list=1.0,1.5,2.0,2.5,3.0,3.5,4.0,4.5,5.0', '-log-level=WARNING']
2023-11-26 19:44:21;UNIUSDT;30m;4.0;125;36;74;100.0;6;164.54;['-batch-training', '-calc-rsi', '-verbose', '-prediction-mode=index', '-interval-list=30m', '-range-min-rsi=28', '-range-max-rsi=80', '-range-p-ema=50,250', '-target-margin-list=1.0,1.5,2.0,2.5,3.0,3.5,4.0,4.5,5.0', '-log-level=WARNING']
2023-11-26 20:58:27;UNIUSDT;30m;4.0;50;36;78;100.0;5;164.54;['-batch-training', '-calc-rsi', '-verbose', '-prediction-mode=index', '-interval-list=30m', '-range-min-rsi=28', '-range-max-rsi=80', '-range-p-ema=50,250', '-target-margin-list=1.0,1.5,2.0,2.5,3.0,3.5,4.0,4.5,5.0', '-log-level=WARNING']
2023-11-26 20:58:27;UNIUSDT;30m;4.0;50;36;78;100.0;6;164.54;['-batch-training', '-calc-rsi', '-verbose', '-prediction-mode=index', '-interval-list=30m', '-range-min-rsi=28', '-range-max-rsi=80', '-range-p-ema=50,250', '-target-margin-list=1.0,1.5,2.0,2.5,3.0,3.5,4.0,4.5,5.0', '-log-level=WARNING']
2023-11-26 20:58:27;UNIUSDT;30m;4.0;50;36;78;100.0;7;164.54;['-batch-training', '-calc-rsi', '-verbose', '-prediction-mode=index', '-interval-list=30m', '-range-min-rsi=28', '-range-max-rsi=80', '-range-p-ema=50,250', '-target-margin-list=1.0,1.5,2.0,2.5,3.0,3.5,4.0,4.5,5.0', '-log-level=WARNING']
2023-11-26 20:58:46;UNIUSDT;30m;4.0;50;36;80;100.0;5;164.54;['-batch-training', '-calc-rsi', '-verbose', '-prediction-mode=index', '-interval-list=30m', '-range-min-rsi=28', '-range-max-rsi=80', '-range-p-ema=50,250', '-target-margin-list=1.0,1.5,2.0,2.5,3.0,3.5,4.0,4.5,5.0', '-log-level=WARNING']
2023-11-26 20:58:46;UNIUSDT;30m;4.0;50;36;80;100.0;6;164.54;['-batch-training', '-calc-rsi', '-verbose', '-prediction-mode=index', '-interval-list=30m', '-range-min-rsi=28', '-range-max-rsi=80', '-range-p-ema=50,250', '-target-margin-list=1.0,1.5,2.0,2.5,3.0,3.5,4.0,4.5,5.0', '-log-level=WARNING']
2023-11-26 20:58:46;UNIUSDT;30m;4.0;50;36;80;100.0;7;164.54;['-batch-training', '-calc-rsi', '-verbose', '-prediction-mode=index', '-interval-list=30m', '-range-min-rsi=28', '-range-max-rsi=80', '-range-p-ema=50,250', '-target-margin-list=1.0,1.5,2.0,2.5,3.0,3.5,4.0,4.5,5.0', '-log-level=WARNING']
2023-11-26 19:45:07;UNIUSDT;30m;4.0;125;36;80;100.0;6;164.54;['-batch-training', '-calc-rsi', '-verbose', '-prediction-mode=index', '-interval-list=30m', '-range-min-rsi=28', '-range-max-rsi=80', '-range-p-ema=50,250', '-target-margin-list=1.0,1.5,2.0,2.5,3.0,3.5,4.0,4.5,5.0', '-log-level=WARNING']
2023-11-26 19:44:36;UNIUSDT;30m;4.0;125;36;76;100.0;6;164.54;['-batch-training', '-calc-rsi', '-verbose', '-prediction-mode=index', '-interval-list=30m', '-range-min-rsi=28', '-range-max-rsi=80', '-range-p-ema=50,250', '-target-margin-list=1.0,1.5,2.0,2.5,3.0,3.5,4.0,4.5,5.0', '-log-level=WARNING']
2023-11-26 20:58:07;UNIUSDT;30m;4.0;50;36;76;100.0;7;164.54;['-batch-training', '-calc-rsi', '-verbose', '-prediction-mode=index', '-interval-list=30m', '-range-min-rsi=28', '-range-max-rsi=80', '-range-p-ema=50,250', '-target-margin-list=1.0,1.5,2.0,2.5,3.0,3.5,4.0,4.5,5.0', '-log-level=WARNING']
2023-11-26 20:58:07;UNIUSDT;30m;4.0;50;36;76;100.0;6;164.54;['-batch-training', '-calc-rsi', '-verbose', '-prediction-mode=index', '-interval-list=30m', '-range-min-rsi=28', '-range-max-rsi=80', '-range-p-ema=50,250', '-target-margin-list=1.0,1.5,2.0,2.5,3.0,3.5,4.0,4.5,5.0', '-log-level=WARNING']
2023-11-26 19:44:36;UNIUSDT;30m;4.0;125;36;76;100.0;7;164.54;['-batch-training', '-calc-rsi', '-verbose', '-prediction-mode=index', '-interval-list=30m', '-range-min-rsi=28', '-range-max-rsi=80', '-range-p-ema=50,250', '-target-margin-list=1.0,1.5,2.0,2.5,3.0,3.5,4.0,4.5,5.0', '-log-level=WARNING']
2023-11-26 19:44:21;UNIUSDT;30m;4.0;125;36;74;100.0;7;164.54;['-batch-training', '-calc-rsi', '-verbose', '-prediction-mode=index', '-interval-list=30m', '-range-min-rsi=28', '-range-max-rsi=80', '-range-p-ema=50,250', '-target-margin-list=1.0,1.5,2.0,2.5,3.0,3.5,4.0,4.5,5.0', '-log-level=WARNING']
2023-11-26 19:44:51;UNIUSDT;30m;4.0;125;36;78;100.0;5;164.54;['-batch-training', '-calc-rsi', '-verbose', '-prediction-mode=index', '-interval-list=30m', '-range-min-rsi=28', '-range-max-rsi=80', '-range-p-ema=50,250', '-target-margin-list=1.0,1.5,2.0,2.5,3.0,3.5,4.0,4.5,5.0', '-log-level=WARNING']
2023-11-26 19:44:51;UNIUSDT;30m;4.0;125;36;78;100.0;6;164.54;['-batch-training', '-calc-rsi', '-verbose', '-prediction-mode=index', '-interval-list=30m', '-range-min-rsi=28', '-range-max-rsi=80', '-range-p-ema=50,250', '-target-margin-list=1.0,1.5,2.0,2.5,3.0,3.5,4.0,4.5,5.0', '-log-level=WARNING']
2023-11-26 19:44:21;UNIUSDT;30m;4.0;125;36;74;100.0;5;164.54;['-batch-training', '-calc-rsi', '-verbose', '-prediction-mode=index', '-interval-list=30m', '-range-min-rsi=28', '-range-max-rsi=80', '-range-p-ema=50,250', '-target-margin-list=1.0,1.5,2.0,2.5,3.0,3.5,4.0,4.5,5.0', '-log-level=WARNING']
2023-11-26 19:44:51;UNIUSDT;30m;4.0;125;36;78;100.0;7;164.54;['-batch-training', '-calc-rsi', '-verbose', '-prediction-mode=index', '-interval-list=30m', '-range-min-rsi=28', '-range-max-rsi=80', '-range-p-ema=50,250', '-target-margin-list=1.0,1.5,2.0,2.5,3.0,3.5,4.0,4.5,5.0', '-log-level=WARNING']
2023-11-26 19:44:36;UNIUSDT;30m;4.0;125;36;76;100.0;5;164.54;['-batch-training', '-calc-rsi', '-verbose', '-prediction-mode=index', '-interval-list=30m', '-range-min-rsi=28', '-range-max-rsi=80', '-range-p-ema=50,250', '-target-margin-list=1.0,1.5,2.0,2.5,3.0,3.5,4.0,4.5,5.0', '-log-level=WARNING']
2023-11-26 19:32:50;UNIUSDT;30m;4.0;100;36;74;100.0;5;164.54;['-batch-training', '-calc-rsi', '-verbose', '-prediction-mode=index', '-interval-list=30m', '-range-min-rsi=28', '-range-max-rsi=80', '-range-p-ema=50,250', '-target-margin-list=1.0,1.5,2.0,2.5,3.0,3.5,4.0,4.5,5.0', '-log-level=WARNING']
2023-11-26 21:14:27;UNIUSDT;30m;4.0;75;36;80;100.0;5;164.54;['-batch-training', '-calc-rsi', '-verbose', '-prediction-mode=index', '-interval-list=30m', '-range-min-rsi=28', '-range-max-rsi=80', '-range-p-ema=50,250', '-target-margin-list=1.0,1.5,2.0,2.5,3.0,3.5,4.0,4.5,5.0', '-log-level=WARNING']
2023-11-26 19:33:05;UNIUSDT;30m;4.0;100;36;76;100.0;6;164.54;['-batch-training', '-calc-rsi', '-verbose', '-prediction-mode=index', '-interval-list=30m', '-range-min-rsi=28', '-range-max-rsi=80', '-range-p-ema=50,250', '-target-margin-list=1.0,1.5,2.0,2.5,3.0,3.5,4.0,4.5,5.0', '-log-level=WARNING']
2023-11-26 19:33:19;UNIUSDT;30m;4.0;100;36;78;100.0;7;164.54;['-batch-training', '-calc-rsi', '-verbose', '-prediction-mode=index', '-interval-list=30m', '-range-min-rsi=28', '-range-max-rsi=80', '-range-p-ema=50,250', '-target-margin-list=1.0,1.5,2.0,2.5,3.0,3.5,4.0,4.5,5.0', '-log-level=WARNING']
2023-11-26 19:33:19;UNIUSDT;30m;4.0;100;36;78;100.0;5;164.54;['-batch-training', '-calc-rsi', '-verbose', '-prediction-mode=index', '-interval-list=30m', '-range-min-rsi=28', '-range-max-rsi=80', '-range-p-ema=50,250', '-target-margin-list=1.0,1.5,2.0,2.5,3.0,3.5,4.0,4.5,5.0', '-log-level=WARNING']
2023-11-26 19:33:19;UNIUSDT;30m;4.0;100;36;78;100.0;6;164.54;['-batch-training', '-calc-rsi', '-verbose', '-prediction-mode=index', '-interval-list=30m', '-range-min-rsi=28', '-range-max-rsi=80', '-range-p-ema=50,250', '-target-margin-list=1.0,1.5,2.0,2.5,3.0,3.5,4.0,4.5,5.0', '-log-level=WARNING']
2023-11-26 19:33:05;UNIUSDT;30m;4.0;100;36;76;100.0;5;164.54;['-batch-training', '-calc-rsi', '-verbose', '-prediction-mode=index', '-interval-list=30m', '-range-min-rsi=28', '-range-max-rsi=80', '-range-p-ema=50,250', '-target-margin-list=1.0,1.5,2.0,2.5,3.0,3.5,4.0,4.5,5.0', '-log-level=WARNING']
2023-11-26 19:32:50;UNIUSDT;30m;4.0;100;36;74;100.0;6;164.54;['-batch-training', '-calc-rsi', '-verbose', '-prediction-mode=index', '-interval-list=30m', '-range-min-rsi=28', '-range-max-rsi=80', '-range-p-ema=50,250', '-target-margin-list=1.0,1.5,2.0,2.5,3.0,3.5,4.0,4.5,5.0', '-log-level=WARNING']
2023-11-26 19:33:34;UNIUSDT;30m;4.0;100;36;80;100.0;7;164.54;['-batch-training', '-calc-rsi', '-verbose', '-prediction-mode=index', '-interval-list=30m', '-range-min-rsi=28', '-range-max-rsi=80', '-range-p-ema=50,250', '-target-margin-list=1.0,1.5,2.0,2.5,3.0,3.5,4.0,4.5,5.0', '-log-level=WARNING']
2023-11-26 19:33:34;UNIUSDT;30m;4.0;100;36;80;100.0;5;164.54;['-batch-training', '-calc-rsi', '-verbose', '-prediction-mode=index', '-interval-list=30m', '-range-min-rsi=28', '-range-max-rsi=80', '-range-p-ema=50,250', '-target-margin-list=1.0,1.5,2.0,2.5,3.0,3.5,4.0,4.5,5.0', '-log-level=WARNING']
2023-11-26 19:33:05;UNIUSDT;30m;4.0;100;36;76;100.0;7;164.54;['-batch-training', '-calc-rsi', '-verbose', '-prediction-mode=index', '-interval-list=30m', '-range-min-rsi=28', '-range-max-rsi=80', '-range-p-ema=50,250', '-target-margin-list=1.0,1.5,2.0,2.5,3.0,3.5,4.0,4.5,5.0', '-log-level=WARNING']
2023-11-26 21:13:35;UNIUSDT;30m;4.0;75;36;74;100.0;7;164.54;['-batch-training', '-calc-rsi', '-verbose', '-prediction-mode=index', '-interval-list=30m', '-range-min-rsi=28', '-range-max-rsi=80', '-range-p-ema=50,250', '-target-margin-list=1.0,1.5,2.0,2.5,3.0,3.5,4.0,4.5,5.0', '-log-level=WARNING']
2023-11-26 19:33:34;UNIUSDT;30m;4.0;100;36;80;100.0;6;164.54;['-batch-training', '-calc-rsi', '-verbose', '-prediction-mode=index', '-interval-list=30m', '-range-min-rsi=28', '-range-max-rsi=80', '-range-p-ema=50,250', '-target-margin-list=1.0,1.5,2.0,2.5,3.0,3.5,4.0,4.5,5.0', '-log-level=WARNING']
2023-11-26 21:14:11;UNIUSDT;30m;4.0;75;36;78;100.0;6;164.54;['-batch-training', '-calc-rsi', '-verbose', '-prediction-mode=index', '-interval-list=30m', '-range-min-rsi=28', '-range-max-rsi=80', '-range-p-ema=50,250', '-target-margin-list=1.0,1.5,2.0,2.5,3.0,3.5,4.0,4.5,5.0', '-log-level=WARNING']
2023-11-26 21:14:11;UNIUSDT;30m;4.0;75;36;78;100.0;5;164.54;['-batch-training', '-calc-rsi', '-verbose', '-prediction-mode=index', '-interval-list=30m', '-range-min-rsi=28', '-range-max-rsi=80', '-range-p-ema=50,250', '-target-margin-list=1.0,1.5,2.0,2.5,3.0,3.5,4.0,4.5,5.0', '-log-level=WARNING']
2023-11-26 21:13:53;UNIUSDT;30m;4.0;75;36;76;100.0;5;164.54;['-batch-training', '-calc-rsi', '-verbose', '-prediction-mode=index', '-interval-list=30m', '-range-min-rsi=28', '-range-max-rsi=80', '-range-p-ema=50,250', '-target-margin-list=1.0,1.5,2.0,2.5,3.0,3.5,4.0,4.5,5.0', '-log-level=WARNING']
2023-11-26 21:14:27;UNIUSDT;30m;4.0;75;36;80;100.0;7;164.54;['-batch-training', '-calc-rsi', '-verbose', '-prediction-mode=index', '-interval-list=30m', '-range-min-rsi=28', '-range-max-rsi=80', '-range-p-ema=50,250', '-target-margin-list=1.0,1.5,2.0,2.5,3.0,3.5,4.0,4.5,5.0', '-log-level=WARNING']
2023-11-26 21:13:53;UNIUSDT;30m;4.0;75;36;76;100.0;6;164.54;['-batch-training', '-calc-rsi', '-verbose', '-prediction-mode=index', '-interval-list=30m', '-range-min-rsi=28', '-range-max-rsi=80', '-range-p-ema=50,250', '-target-margin-list=1.0,1.5,2.0,2.5,3.0,3.5,4.0,4.5,5.0', '-log-level=WARNING']
2023-11-26 21:13:53;UNIUSDT;30m;4.0;75;36;76;100.0;7;164.54;['-batch-training', '-calc-rsi', '-verbose', '-prediction-mode=index', '-interval-list=30m', '-range-min-rsi=28', '-range-max-rsi=80', '-range-p-ema=50,250', '-target-margin-list=1.0,1.5,2.0,2.5,3.0,3.5,4.0,4.5,5.0', '-log-level=WARNING']
2023-11-26 21:14:27;UNIUSDT;30m;4.0;75;36;80;100.0;6;164.54;['-batch-training', '-calc-rsi', '-verbose', '-prediction-mode=index', '-interval-list=30m', '-range-min-rsi=28', '-range-max-rsi=80', '-range-p-ema=50,250', '-target-margin-list=1.0,1.5,2.0,2.5,3.0,3.5,4.0,4.5,5.0', '-log-level=WARNING']
2023-11-26 21:13:35;UNIUSDT;30m;4.0;75;36;74;100.0;6;164.54;['-batch-training', '-calc-rsi', '-verbose', '-prediction-mode=index', '-interval-list=30m', '-range-min-rsi=28', '-range-max-rsi=80', '-range-p-ema=50,250', '-target-margin-list=1.0,1.5,2.0,2.5,3.0,3.5,4.0,4.5,5.0', '-log-level=WARNING']
2023-11-26 21:13:35;UNIUSDT;30m;4.0;75;36;74;100.0;5;164.54;['-batch-training', '-calc-rsi', '-verbose', '-prediction-mode=index', '-interval-list=30m', '-range-min-rsi=28', '-range-max-rsi=80', '-range-p-ema=50,250', '-target-margin-list=1.0,1.5,2.0,2.5,3.0,3.5,4.0,4.5,5.0', '-log-level=WARNING']
2023-11-26 21:14:11;UNIUSDT;30m;4.0;75;36;78;100.0;7;164.54;['-batch-training', '-calc-rsi', '-verbose', '-prediction-mode=index', '-interval-list=30m', '-range-min-rsi=28', '-range-max-rsi=80', '-range-p-ema=50,250', '-target-margin-list=1.0,1.5,2.0,2.5,3.0,3.5,4.0,4.5,5.0', '-log-level=WARNING']
2023-11-26 19:32:50;UNIUSDT;30m;4.0;100;36;74;100.0;7;164.54;['-batch-training', '-calc-rsi', '-verbose', '-prediction-mode=index', '-interval-list=30m', '-range-min-rsi=28', '-range-max-rsi=80', '-range-p-ema=50,250', '-target-margin-list=1.0,1.5,2.0,2.5,3.0,3.5,4.0,4.5,5.0', '-log-level=WARNING']
2023-11-26 21:07:52;UNIUSDT;30m;2.5;75;36;72;100.0;4;164.72;['-batch-training', '-calc-rsi', '-verbose', '-prediction-mode=index', '-interval-list=30m', '-range-min-rsi=28', '-range-max-rsi=80', '-range-p-ema=50,250', '-target-margin-list=1.0,1.5,2.0,2.5,3.0,3.5,4.0,4.5,5.0', '-log-level=WARNING']
2023-11-26 19:28:50;UNIUSDT;30m;2.5;100;36;72;100.0;4;164.72;['-batch-training', '-calc-rsi', '-verbose', '-prediction-mode=index', '-interval-list=30m', '-range-min-rsi=28', '-range-max-rsi=80', '-range-p-ema=50,250', '-target-margin-list=1.0,1.5,2.0,2.5,3.0,3.5,4.0,4.5,5.0', '-log-level=WARNING']
2023-11-26 20:52:31;UNIUSDT;30m;2.5;50;36;72;100.0;4;164.72;['-batch-training', '-calc-rsi', '-verbose', '-prediction-mode=index', '-interval-list=30m', '-range-min-rsi=28', '-range-max-rsi=80', '-range-p-ema=50,250', '-target-margin-list=1.0,1.5,2.0,2.5,3.0,3.5,4.0,4.5,5.0', '-log-level=WARNING']
2023-11-26 19:40:18;UNIUSDT;30m;2.5;125;36;72;100.0;4;164.72;['-batch-training', '-calc-rsi', '-verbose', '-prediction-mode=index', '-interval-list=30m', '-range-min-rsi=28', '-range-max-rsi=80', '-range-p-ema=50,250', '-target-margin-list=1.0,1.5,2.0,2.5,3.0,3.5,4.0,4.5,5.0', '-log-level=WARNING']
2023-11-26 21:14:06;UNIUSDT;30m;4.0;75;34;78;100.0;6;164.99;['-batch-training', '-calc-rsi', '-verbose', '-prediction-mode=index', '-interval-list=30m', '-range-min-rsi=28', '-range-max-rsi=80', '-range-p-ema=50,250', '-target-margin-list=1.0,1.5,2.0,2.5,3.0,3.5,4.0,4.5,5.0', '-log-level=WARNING']
2023-11-26 19:44:18;UNIUSDT;30m;4.0;125;34;74;100.0;7;164.99;['-batch-training', '-calc-rsi', '-verbose', '-prediction-mode=index', '-interval-list=30m', '-range-min-rsi=28', '-range-max-rsi=80', '-range-p-ema=50,250', '-target-margin-list=1.0,1.5,2.0,2.5,3.0,3.5,4.0,4.5,5.0', '-log-level=WARNING']
2023-11-26 21:13:31;UNIUSDT;30m;4.0;75;34;74;100.0;7;164.99;['-batch-training', '-calc-rsi', '-verbose', '-prediction-mode=index', '-interval-list=30m', '-range-min-rsi=28', '-range-max-rsi=80', '-range-p-ema=50,250', '-target-margin-list=1.0,1.5,2.0,2.5,3.0,3.5,4.0,4.5,5.0', '-log-level=WARNING']
2023-11-26 19:44:18;UNIUSDT;30m;4.0;125;34;74;100.0;6;164.99;['-batch-training', '-calc-rsi', '-verbose', '-prediction-mode=index', '-interval-list=30m', '-range-min-rsi=28', '-range-max-rsi=80', '-range-p-ema=50,250', '-target-margin-list=1.0,1.5,2.0,2.5,3.0,3.5,4.0,4.5,5.0', '-log-level=WARNING']
2023-11-26 19:44:18;UNIUSDT;30m;4.0;125;34;74;100.0;5;164.99;['-batch-training', '-calc-rsi', '-verbose', '-prediction-mode=index', '-interval-list=30m', '-range-min-rsi=28', '-range-max-rsi=80', '-range-p-ema=50,250', '-target-margin-list=1.0,1.5,2.0,2.5,3.0,3.5,4.0,4.5,5.0', '-log-level=WARNING']
2023-11-26 21:13:31;UNIUSDT;30m;4.0;75;34;74;100.0;5;164.99;['-batch-training', '-calc-rsi', '-verbose', '-prediction-mode=index', '-interval-list=30m', '-range-min-rsi=28', '-range-max-rsi=80', '-range-p-ema=50,250', '-target-margin-list=1.0,1.5,2.0,2.5,3.0,3.5,4.0,4.5,5.0', '-log-level=WARNING']
2023-11-26 19:44:34;UNIUSDT;30m;4.0;125;34;76;100.0;5;164.99;['-batch-training', '-calc-rsi', '-verbose', '-prediction-mode=index', '-interval-list=30m', '-range-min-rsi=28', '-range-max-rsi=80', '-range-p-ema=50,250', '-target-margin-list=1.0,1.5,2.0,2.5,3.0,3.5,4.0,4.5,5.0', '-log-level=WARNING']
2023-11-26 21:14:24;UNIUSDT;30m;4.0;75;34;80;100.0;5;164.99;['-batch-training', '-calc-rsi', '-verbose', '-prediction-mode=index', '-interval-list=30m', '-range-min-rsi=28', '-range-max-rsi=80', '-range-p-ema=50,250', '-target-margin-list=1.0,1.5,2.0,2.5,3.0,3.5,4.0,4.5,5.0', '-log-level=WARNING']
2023-11-26 19:44:34;UNIUSDT;30m;4.0;125;34;76;100.0;7;164.99;['-batch-training', '-calc-rsi', '-verbose', '-prediction-mode=index', '-interval-list=30m', '-range-min-rsi=28', '-range-max-rsi=80', '-range-p-ema=50,250', '-target-margin-list=1.0,1.5,2.0,2.5,3.0,3.5,4.0,4.5,5.0', '-log-level=WARNING']
2023-11-26 20:57:43;UNIUSDT;30m;4.0;50;34;74;100.0;7;164.99;['-batch-training', '-calc-rsi', '-verbose', '-prediction-mode=index', '-interval-list=30m', '-range-min-rsi=28', '-range-max-rsi=80', '-range-p-ema=50,250', '-target-margin-list=1.0,1.5,2.0,2.5,3.0,3.5,4.0,4.5,5.0', '-log-level=WARNING']
2023-11-26 20:57:43;UNIUSDT;30m;4.0;50;34;74;100.0;6;164.99;['-batch-training', '-calc-rsi', '-verbose', '-prediction-mode=index', '-interval-list=30m', '-range-min-rsi=28', '-range-max-rsi=80', '-range-p-ema=50,250', '-target-margin-list=1.0,1.5,2.0,2.5,3.0,3.5,4.0,4.5,5.0', '-log-level=WARNING']
2023-11-26 20:57:43;UNIUSDT;30m;4.0;50;34;74;100.0;5;164.99;['-batch-training', '-calc-rsi', '-verbose', '-prediction-mode=index', '-interval-list=30m', '-range-min-rsi=28', '-range-max-rsi=80', '-range-p-ema=50,250', '-target-margin-list=1.0,1.5,2.0,2.5,3.0,3.5,4.0,4.5,5.0', '-log-level=WARNING']
2023-11-26 20:58:03;UNIUSDT;30m;4.0;50;34;76;100.0;5;164.99;['-batch-training', '-calc-rsi', '-verbose', '-prediction-mode=index', '-interval-list=30m', '-range-min-rsi=28', '-range-max-rsi=80', '-range-p-ema=50,250', '-target-margin-list=1.0,1.5,2.0,2.5,3.0,3.5,4.0,4.5,5.0', '-log-level=WARNING']
2023-11-26 21:14:24;UNIUSDT;30m;4.0;75;34;80;100.0;6;164.99;['-batch-training', '-calc-rsi', '-verbose', '-prediction-mode=index', '-interval-list=30m', '-range-min-rsi=28', '-range-max-rsi=80', '-range-p-ema=50,250', '-target-margin-list=1.0,1.5,2.0,2.5,3.0,3.5,4.0,4.5,5.0', '-log-level=WARNING']
2023-11-26 21:14:24;UNIUSDT;30m;4.0;75;34;80;100.0;7;164.99;['-batch-training', '-calc-rsi', '-verbose', '-prediction-mode=index', '-interval-list=30m', '-range-min-rsi=28', '-range-max-rsi=80', '-range-p-ema=50,250', '-target-margin-list=1.0,1.5,2.0,2.5,3.0,3.5,4.0,4.5,5.0', '-log-level=WARNING']
2023-11-26 19:44:48;UNIUSDT;30m;4.0;125;34;78;100.0;7;164.99;['-batch-training', '-calc-rsi', '-verbose', '-prediction-mode=index', '-interval-list=30m', '-range-min-rsi=28', '-range-max-rsi=80', '-range-p-ema=50,250', '-target-margin-list=1.0,1.5,2.0,2.5,3.0,3.5,4.0,4.5,5.0', '-log-level=WARNING']
2023-11-26 19:44:48;UNIUSDT;30m;4.0;125;34;78;100.0;6;164.99;['-batch-training', '-calc-rsi', '-verbose', '-prediction-mode=index', '-interval-list=30m', '-range-min-rsi=28', '-range-max-rsi=80', '-range-p-ema=50,250', '-target-margin-list=1.0,1.5,2.0,2.5,3.0,3.5,4.0,4.5,5.0', '-log-level=WARNING']
2023-11-26 19:44:48;UNIUSDT;30m;4.0;125;34;78;100.0;5;164.99;['-batch-training', '-calc-rsi', '-verbose', '-prediction-mode=index', '-interval-list=30m', '-range-min-rsi=28', '-range-max-rsi=80', '-range-p-ema=50,250', '-target-margin-list=1.0,1.5,2.0,2.5,3.0,3.5,4.0,4.5,5.0', '-log-level=WARNING']
2023-11-26 19:45:04;UNIUSDT;30m;4.0;125;34;80;100.0;6;164.99;['-batch-training', '-calc-rsi', '-verbose', '-prediction-mode=index', '-interval-list=30m', '-range-min-rsi=28', '-range-max-rsi=80', '-range-p-ema=50,250', '-target-margin-list=1.0,1.5,2.0,2.5,3.0,3.5,4.0,4.5,5.0', '-log-level=WARNING']
2023-11-26 19:45:04;UNIUSDT;30m;4.0;125;34;80;100.0;5;164.99;['-batch-training', '-calc-rsi', '-verbose', '-prediction-mode=index', '-interval-list=30m', '-range-min-rsi=28', '-range-max-rsi=80', '-range-p-ema=50,250', '-target-margin-list=1.0,1.5,2.0,2.5,3.0,3.5,4.0,4.5,5.0', '-log-level=WARNING']
2023-11-26 19:44:34;UNIUSDT;30m;4.0;125;34;76;100.0;6;164.99;['-batch-training', '-calc-rsi', '-verbose', '-prediction-mode=index', '-interval-list=30m', '-range-min-rsi=28', '-range-max-rsi=80', '-range-p-ema=50,250', '-target-margin-list=1.0,1.5,2.0,2.5,3.0,3.5,4.0,4.5,5.0', '-log-level=WARNING']
2023-11-26 20:58:03;UNIUSDT;30m;4.0;50;34;76;100.0;6;164.99;['-batch-training', '-calc-rsi', '-verbose', '-prediction-mode=index', '-interval-list=30m', '-range-min-rsi=28', '-range-max-rsi=80', '-range-p-ema=50,250', '-target-margin-list=1.0,1.5,2.0,2.5,3.0,3.5,4.0,4.5,5.0', '-log-level=WARNING']
2023-11-26 20:58:23;UNIUSDT;30m;4.0;50;34;78;100.0;5;164.99;['-batch-training', '-calc-rsi', '-verbose', '-prediction-mode=index', '-interval-list=30m', '-range-min-rsi=28', '-range-max-rsi=80', '-range-p-ema=50,250', '-target-margin-list=1.0,1.5,2.0,2.5,3.0,3.5,4.0,4.5,5.0', '-log-level=WARNING']
2023-11-26 21:13:31;UNIUSDT;30m;4.0;75;34;74;100.0;6;164.99;['-batch-training', '-calc-rsi', '-verbose', '-prediction-mode=index', '-interval-list=30m', '-range-min-rsi=28', '-range-max-rsi=80', '-range-p-ema=50,250', '-target-margin-list=1.0,1.5,2.0,2.5,3.0,3.5,4.0,4.5,5.0', '-log-level=WARNING']
2023-11-26 21:14:06;UNIUSDT;30m;4.0;75;34;78;100.0;7;164.99;['-batch-training', '-calc-rsi', '-verbose', '-prediction-mode=index', '-interval-list=30m', '-range-min-rsi=28', '-range-max-rsi=80', '-range-p-ema=50,250', '-target-margin-list=1.0,1.5,2.0,2.5,3.0,3.5,4.0,4.5,5.0', '-log-level=WARNING']
2023-11-26 21:14:06;UNIUSDT;30m;4.0;75;34;78;100.0;5;164.99;['-batch-training', '-calc-rsi', '-verbose', '-prediction-mode=index', '-interval-list=30m', '-range-min-rsi=28', '-range-max-rsi=80', '-range-p-ema=50,250', '-target-margin-list=1.0,1.5,2.0,2.5,3.0,3.5,4.0,4.5,5.0', '-log-level=WARNING']
2023-11-26 21:13:50;UNIUSDT;30m;4.0;75;34;76;100.0;7;164.99;['-batch-training', '-calc-rsi', '-verbose', '-prediction-mode=index', '-interval-list=30m', '-range-min-rsi=28', '-range-max-rsi=80', '-range-p-ema=50,250', '-target-margin-list=1.0,1.5,2.0,2.5,3.0,3.5,4.0,4.5,5.0', '-log-level=WARNING']
2023-11-26 19:33:31;UNIUSDT;30m;4.0;100;34;80;100.0;7;164.99;['-batch-training', '-calc-rsi', '-verbose', '-prediction-mode=index', '-interval-list=30m', '-range-min-rsi=28', '-range-max-rsi=80', '-range-p-ema=50,250', '-target-margin-list=1.0,1.5,2.0,2.5,3.0,3.5,4.0,4.5,5.0', '-log-level=WARNING']
2023-11-26 19:33:31;UNIUSDT;30m;4.0;100;34;80;100.0;6;164.99;['-batch-training', '-calc-rsi', '-verbose', '-prediction-mode=index', '-interval-list=30m', '-range-min-rsi=28', '-range-max-rsi=80', '-range-p-ema=50,250', '-target-margin-list=1.0,1.5,2.0,2.5,3.0,3.5,4.0,4.5,5.0', '-log-level=WARNING']
2023-11-26 21:13:50;UNIUSDT;30m;4.0;75;34;76;100.0;6;164.99;['-batch-training', '-calc-rsi', '-verbose', '-prediction-mode=index', '-interval-list=30m', '-range-min-rsi=28', '-range-max-rsi=80', '-range-p-ema=50,250', '-target-margin-list=1.0,1.5,2.0,2.5,3.0,3.5,4.0,4.5,5.0', '-log-level=WARNING']
2023-11-26 19:33:31;UNIUSDT;30m;4.0;100;34;80;100.0;5;164.99;['-batch-training', '-calc-rsi', '-verbose', '-prediction-mode=index', '-interval-list=30m', '-range-min-rsi=28', '-range-max-rsi=80', '-range-p-ema=50,250', '-target-margin-list=1.0,1.5,2.0,2.5,3.0,3.5,4.0,4.5,5.0', '-log-level=WARNING']
2023-11-26 21:13:50;UNIUSDT;30m;4.0;75;34;76;100.0;5;164.99;['-batch-training', '-calc-rsi', '-verbose', '-prediction-mode=index', '-interval-list=30m', '-range-min-rsi=28', '-range-max-rsi=80', '-range-p-ema=50,250', '-target-margin-list=1.0,1.5,2.0,2.5,3.0,3.5,4.0,4.5,5.0', '-log-level=WARNING']
2023-11-26 20:58:03;UNIUSDT;30m;4.0;50;34;76;100.0;7;164.99;['-batch-training', '-calc-rsi', '-verbose', '-prediction-mode=index', '-interval-list=30m', '-range-min-rsi=28', '-range-max-rsi=80', '-range-p-ema=50,250', '-target-margin-list=1.0,1.5,2.0,2.5,3.0,3.5,4.0,4.5,5.0', '-log-level=WARNING']
2023-11-26 19:33:17;UNIUSDT;30m;4.0;100;34;78;100.0;6;164.99;['-batch-training', '-calc-rsi', '-verbose', '-prediction-mode=index', '-interval-list=30m', '-range-min-rsi=28', '-range-max-rsi=80', '-range-p-ema=50,250', '-target-margin-list=1.0,1.5,2.0,2.5,3.0,3.5,4.0,4.5,5.0', '-log-level=WARNING']
2023-11-26 19:33:17;UNIUSDT;30m;4.0;100;34;78;100.0;5;164.99;['-batch-training', '-calc-rsi', '-verbose', '-prediction-mode=index', '-interval-list=30m', '-range-min-rsi=28', '-range-max-rsi=80', '-range-p-ema=50,250', '-target-margin-list=1.0,1.5,2.0,2.5,3.0,3.5,4.0,4.5,5.0', '-log-level=WARNING']
2023-11-26 19:33:17;UNIUSDT;30m;4.0;100;34;78;100.0;7;164.99;['-batch-training', '-calc-rsi', '-verbose', '-prediction-mode=index', '-interval-list=30m', '-range-min-rsi=28', '-range-max-rsi=80', '-range-p-ema=50,250', '-target-margin-list=1.0,1.5,2.0,2.5,3.0,3.5,4.0,4.5,5.0', '-log-level=WARNING']
2023-11-26 19:33:02;UNIUSDT;30m;4.0;100;34;76;100.0;6;164.99;['-batch-training', '-calc-rsi', '-verbose', '-prediction-mode=index', '-interval-list=30m', '-range-min-rsi=28', '-range-max-rsi=80', '-range-p-ema=50,250', '-target-margin-list=1.0,1.5,2.0,2.5,3.0,3.5,4.0,4.5,5.0', '-log-level=WARNING']
2023-11-26 20:58:42;UNIUSDT;30m;4.0;50;34;80;100.0;7;164.99;['-batch-training', '-calc-rsi', '-verbose', '-prediction-mode=index', '-interval-list=30m', '-range-min-rsi=28', '-range-max-rsi=80', '-range-p-ema=50,250', '-target-margin-list=1.0,1.5,2.0,2.5,3.0,3.5,4.0,4.5,5.0', '-log-level=WARNING']
2023-11-26 20:58:42;UNIUSDT;30m;4.0;50;34;80;100.0;5;164.99;['-batch-training', '-calc-rsi', '-verbose', '-prediction-mode=index', '-interval-list=30m', '-range-min-rsi=28', '-range-max-rsi=80', '-range-p-ema=50,250', '-target-margin-list=1.0,1.5,2.0,2.5,3.0,3.5,4.0,4.5,5.0', '-log-level=WARNING']
2023-11-26 20:58:42;UNIUSDT;30m;4.0;50;34;80;100.0;6;164.99;['-batch-training', '-calc-rsi', '-verbose', '-prediction-mode=index', '-interval-list=30m', '-range-min-rsi=28', '-range-max-rsi=80', '-range-p-ema=50,250', '-target-margin-list=1.0,1.5,2.0,2.5,3.0,3.5,4.0,4.5,5.0', '-log-level=WARNING']
2023-11-26 19:33:02;UNIUSDT;30m;4.0;100;34;76;100.0;5;164.99;['-batch-training', '-calc-rsi', '-verbose', '-prediction-mode=index', '-interval-list=30m', '-range-min-rsi=28', '-range-max-rsi=80', '-range-p-ema=50,250', '-target-margin-list=1.0,1.5,2.0,2.5,3.0,3.5,4.0,4.5,5.0', '-log-level=WARNING']
2023-11-26 20:58:23;UNIUSDT;30m;4.0;50;34;78;100.0;7;164.99;['-batch-training', '-calc-rsi', '-verbose', '-prediction-mode=index', '-interval-list=30m', '-range-min-rsi=28', '-range-max-rsi=80', '-range-p-ema=50,250', '-target-margin-list=1.0,1.5,2.0,2.5,3.0,3.5,4.0,4.5,5.0', '-log-level=WARNING']
2023-11-26 20:58:23;UNIUSDT;30m;4.0;50;34;78;100.0;6;164.99;['-batch-training', '-calc-rsi', '-verbose', '-prediction-mode=index', '-interval-list=30m', '-range-min-rsi=28', '-range-max-rsi=80', '-range-p-ema=50,250', '-target-margin-list=1.0,1.5,2.0,2.5,3.0,3.5,4.0,4.5,5.0', '-log-level=WARNING']
2023-11-26 19:45:04;UNIUSDT;30m;4.0;125;34;80;100.0;7;164.99;['-batch-training', '-calc-rsi', '-verbose', '-prediction-mode=index', '-interval-list=30m', '-range-min-rsi=28', '-range-max-rsi=80', '-range-p-ema=50,250', '-target-margin-list=1.0,1.5,2.0,2.5,3.0,3.5,4.0,4.5,5.0', '-log-level=WARNING']
2023-11-26 19:33:02;UNIUSDT;30m;4.0;100;34;76;100.0;7;164.99;['-batch-training', '-calc-rsi', '-verbose', '-prediction-mode=index', '-interval-list=30m', '-range-min-rsi=28', '-range-max-rsi=80', '-range-p-ema=50,250', '-target-margin-list=1.0,1.5,2.0,2.5,3.0,3.5,4.0,4.5,5.0', '-log-level=WARNING']
2023-11-26 19:32:47;UNIUSDT;30m;4.0;100;34;74;100.0;6;164.99;['-batch-training', '-calc-rsi', '-verbose', '-prediction-mode=index', '-interval-list=30m', '-range-min-rsi=28', '-range-max-rsi=80', '-range-p-ema=50,250', '-target-margin-list=1.0,1.5,2.0,2.5,3.0,3.5,4.0,4.5,5.0', '-log-level=WARNING']
2023-11-26 19:32:47;UNIUSDT;30m;4.0;100;34;74;100.0;5;164.99;['-batch-training', '-calc-rsi', '-verbose', '-prediction-mode=index', '-interval-list=30m', '-range-min-rsi=28', '-range-max-rsi=80', '-range-p-ema=50,250', '-target-margin-list=1.0,1.5,2.0,2.5,3.0,3.5,4.0,4.5,5.0', '-log-level=WARNING']
2023-11-26 19:32:47;UNIUSDT;30m;4.0;100;34;74;100.0;7;164.99;['-batch-training', '-calc-rsi', '-verbose', '-prediction-mode=index', '-interval-list=30m', '-range-min-rsi=28', '-range-max-rsi=80', '-range-p-ema=50,250', '-target-margin-list=1.0,1.5,2.0,2.5,3.0,3.5,4.0,4.5,5.0', '-log-level=WARNING']
2023-11-26 20:25:05;UNIUSDT;30m;2.5;225;34;72;100.0;4;165.11;['-batch-training', '-calc-rsi', '-verbose', '-prediction-mode=index', '-interval-list=30m', '-range-min-rsi=28', '-range-max-rsi=80', '-range-p-ema=50,250', '-target-margin-list=1.0,1.5,2.0,2.5,3.0,3.5,4.0,4.5,5.0', '-log-level=WARNING']
2023-11-26 20:38:20;UNIUSDT;30m;2.5;250;34;72;100.0;4;165.65;['-batch-training', '-calc-rsi', '-verbose', '-prediction-mode=index', '-interval-list=30m', '-range-min-rsi=28', '-range-max-rsi=80', '-range-p-ema=50,250', '-target-margin-list=1.0,1.5,2.0,2.5,3.0,3.5,4.0,4.5,5.0', '-log-level=WARNING']
2023-11-26 19:41:32;UNIUSDT;30m;3.0;125;34;72;100.0;7;165.94;['-batch-training', '-calc-rsi', '-verbose', '-prediction-mode=index', '-interval-list=30m', '-range-min-rsi=28', '-range-max-rsi=80', '-range-p-ema=50,250', '-target-margin-list=1.0,1.5,2.0,2.5,3.0,3.5,4.0,4.5,5.0', '-log-level=WARNING']
2023-11-26 19:30:03;UNIUSDT;30m;3.0;100;34;72;100.0;7;165.94;['-batch-training', '-calc-rsi', '-verbose', '-prediction-mode=index', '-interval-list=30m', '-range-min-rsi=28', '-range-max-rsi=80', '-range-p-ema=50,250', '-target-margin-list=1.0,1.5,2.0,2.5,3.0,3.5,4.0,4.5,5.0', '-log-level=WARNING']
2023-11-26 20:54:06;UNIUSDT;30m;3.0;50;34;72;100.0;7;165.94;['-batch-training', '-calc-rsi', '-verbose', '-prediction-mode=index', '-interval-list=30m', '-range-min-rsi=28', '-range-max-rsi=80', '-range-p-ema=50,250', '-target-margin-list=1.0,1.5,2.0,2.5,3.0,3.5,4.0,4.5,5.0', '-log-level=WARNING']
2023-11-26 21:09:34;UNIUSDT;30m;3.0;75;34;72;100.0;7;165.94;['-batch-training', '-calc-rsi', '-verbose', '-prediction-mode=index', '-interval-list=30m', '-range-min-rsi=28', '-range-max-rsi=80', '-range-p-ema=50,250', '-target-margin-list=1.0,1.5,2.0,2.5,3.0,3.5,4.0,4.5,5.0', '-log-level=WARNING']
2023-11-26 19:53:40;UNIUSDT;30m;3.0;150;34;78;100.0;2;166.34;['-batch-training', '-calc-rsi', '-verbose', '-prediction-mode=index', '-interval-list=30m', '-range-min-rsi=28', '-range-max-rsi=80', '-range-p-ema=50,250', '-target-margin-list=1.0,1.5,2.0,2.5,3.0,3.5,4.0,4.5,5.0', '-log-level=WARNING']
2023-11-26 21:09:30;UNIUSDT;30m;3.0;75;32;72;100.0;7;166.47;['-batch-training', '-calc-rsi', '-verbose', '-prediction-mode=index', '-interval-list=30m', '-range-min-rsi=28', '-range-max-rsi=80', '-range-p-ema=50,250', '-target-margin-list=1.0,1.5,2.0,2.5,3.0,3.5,4.0,4.5,5.0', '-log-level=WARNING']
2023-11-26 20:54:03;UNIUSDT;30m;3.0;50;32;72;100.0;7;166.47;['-batch-training', '-calc-rsi', '-verbose', '-prediction-mode=index', '-interval-list=30m', '-range-min-rsi=28', '-range-max-rsi=80', '-range-p-ema=50,250', '-target-margin-list=1.0,1.5,2.0,2.5,3.0,3.5,4.0,4.5,5.0', '-log-level=WARNING']
2023-11-26 19:30:00;UNIUSDT;30m;3.0;100;32;72;100.0;7;166.47;['-batch-training', '-calc-rsi', '-verbose', '-prediction-mode=index', '-interval-list=30m', '-range-min-rsi=28', '-range-max-rsi=80', '-range-p-ema=50,250', '-target-margin-list=1.0,1.5,2.0,2.5,3.0,3.5,4.0,4.5,5.0', '-log-level=WARNING']
2023-11-26 19:41:28;UNIUSDT;30m;3.0;125;32;72;100.0;7;166.47;['-batch-training', '-calc-rsi', '-verbose', '-prediction-mode=index', '-interval-list=30m', '-range-min-rsi=28', '-range-max-rsi=80', '-range-p-ema=50,250', '-target-margin-list=1.0,1.5,2.0,2.5,3.0,3.5,4.0,4.5,5.0', '-log-level=WARNING']
2023-11-26 19:41:35;UNIUSDT;30m;3.0;125;36;72;100.0;7;166.88;['-batch-training', '-calc-rsi', '-verbose', '-prediction-mode=index', '-interval-list=30m', '-range-min-rsi=28', '-range-max-rsi=80', '-range-p-ema=50,250', '-target-margin-list=1.0,1.5,2.0,2.5,3.0,3.5,4.0,4.5,5.0', '-log-level=WARNING']
2023-11-26 21:09:38;UNIUSDT;30m;3.0;75;36;72;100.0;7;166.88;['-batch-training', '-calc-rsi', '-verbose', '-prediction-mode=index', '-interval-list=30m', '-range-min-rsi=28', '-range-max-rsi=80', '-range-p-ema=50,250', '-target-margin-list=1.0,1.5,2.0,2.5,3.0,3.5,4.0,4.5,5.0', '-log-level=WARNING']
2023-11-26 20:54:10;UNIUSDT;30m;3.0;50;36;72;100.0;7;166.88;['-batch-training', '-calc-rsi', '-verbose', '-prediction-mode=index', '-interval-list=30m', '-range-min-rsi=28', '-range-max-rsi=80', '-range-p-ema=50,250', '-target-margin-list=1.0,1.5,2.0,2.5,3.0,3.5,4.0,4.5,5.0', '-log-level=WARNING']
2023-11-26 19:30:06;UNIUSDT;30m;3.0;100;36;72;100.0;7;166.88;['-batch-training', '-calc-rsi', '-verbose', '-prediction-mode=index', '-interval-list=30m', '-range-min-rsi=28', '-range-max-rsi=80', '-range-p-ema=50,250', '-target-margin-list=1.0,1.5,2.0,2.5,3.0,3.5,4.0,4.5,5.0', '-log-level=WARNING']
2023-11-26 19:54:07;UNIUSDT;30m;3.5;150;34;72;100.0;6;167.19;['-batch-training', '-calc-rsi', '-verbose', '-prediction-mode=index', '-interval-list=30m', '-range-min-rsi=28', '-range-max-rsi=80', '-range-p-ema=50,250', '-target-margin-list=1.0,1.5,2.0,2.5,3.0,3.5,4.0,4.5,5.0', '-log-level=WARNING']
2023-11-26 19:54:07;UNIUSDT;30m;3.5;150;34;72;100.0;7;167.19;['-batch-training', '-calc-rsi', '-verbose', '-prediction-mode=index', '-interval-list=30m', '-range-min-rsi=28', '-range-max-rsi=80', '-range-p-ema=50,250', '-target-margin-list=1.0,1.5,2.0,2.5,3.0,3.5,4.0,4.5,5.0', '-log-level=WARNING']
2023-11-26 19:54:10;UNIUSDT;30m;3.5;150;36;72;100.0;6;167.25;['-batch-training', '-calc-rsi', '-verbose', '-prediction-mode=index', '-interval-list=30m', '-range-min-rsi=28', '-range-max-rsi=80', '-range-p-ema=50,250', '-target-margin-list=1.0,1.5,2.0,2.5,3.0,3.5,4.0,4.5,5.0', '-log-level=WARNING']
2023-11-26 19:54:10;UNIUSDT;30m;3.5;150;36;72;100.0;7;167.25;['-batch-training', '-calc-rsi', '-verbose', '-prediction-mode=index', '-interval-list=30m', '-range-min-rsi=28', '-range-max-rsi=80', '-range-p-ema=50,250', '-target-margin-list=1.0,1.5,2.0,2.5,3.0,3.5,4.0,4.5,5.0', '-log-level=WARNING']
2023-11-26 19:41:29;UNIUSDT;30m;3.0;125;32;72;100.0;3;167.54;['-batch-training', '-calc-rsi', '-verbose', '-prediction-mode=index', '-interval-list=30m', '-range-min-rsi=28', '-range-max-rsi=80', '-range-p-ema=50,250', '-target-margin-list=1.0,1.5,2.0,2.5,3.0,3.5,4.0,4.5,5.0', '-log-level=WARNING']
2023-11-26 19:30:00;UNIUSDT;30m;3.0;100;32;72;100.0;3;167.54;['-batch-training', '-calc-rsi', '-verbose', '-prediction-mode=index', '-interval-list=30m', '-range-min-rsi=28', '-range-max-rsi=80', '-range-p-ema=50,250', '-target-margin-list=1.0,1.5,2.0,2.5,3.0,3.5,4.0,4.5,5.0', '-log-level=WARNING']
2023-11-26 21:09:30;UNIUSDT;30m;3.0;75;32;72;100.0;3;167.54;['-batch-training', '-calc-rsi', '-verbose', '-prediction-mode=index', '-interval-list=30m', '-range-min-rsi=28', '-range-max-rsi=80', '-range-p-ema=50,250', '-target-margin-list=1.0,1.5,2.0,2.5,3.0,3.5,4.0,4.5,5.0', '-log-level=WARNING']
2023-11-26 20:54:03;UNIUSDT;30m;3.0;50;32;72;100.0;3;167.54;['-batch-training', '-calc-rsi', '-verbose', '-prediction-mode=index', '-interval-list=30m', '-range-min-rsi=28', '-range-max-rsi=80', '-range-p-ema=50,250', '-target-margin-list=1.0,1.5,2.0,2.5,3.0,3.5,4.0,4.5,5.0', '-log-level=WARNING']
2023-11-26 19:31:15;UNIUSDT;30m;3.5;100;32;72;100.0;7;168.12;['-batch-training', '-calc-rsi', '-verbose', '-prediction-mode=index', '-interval-list=30m', '-range-min-rsi=28', '-range-max-rsi=80', '-range-p-ema=50,250', '-target-margin-list=1.0,1.5,2.0,2.5,3.0,3.5,4.0,4.5,5.0', '-log-level=WARNING']
2023-11-26 19:31:15;UNIUSDT;30m;3.5;100;32;72;100.0;6;168.12;['-batch-training', '-calc-rsi', '-verbose', '-prediction-mode=index', '-interval-list=30m', '-range-min-rsi=28', '-range-max-rsi=80', '-range-p-ema=50,250', '-target-margin-list=1.0,1.5,2.0,2.5,3.0,3.5,4.0,4.5,5.0', '-log-level=WARNING']
2023-11-26 19:42:45;UNIUSDT;30m;3.5;125;32;72;100.0;6;168.12;['-batch-training', '-calc-rsi', '-verbose', '-prediction-mode=index', '-interval-list=30m', '-range-min-rsi=28', '-range-max-rsi=80', '-range-p-ema=50,250', '-target-margin-list=1.0,1.5,2.0,2.5,3.0,3.5,4.0,4.5,5.0', '-log-level=WARNING']
2023-11-26 21:11:17;UNIUSDT;30m;3.5;75;32;72;100.0;7;168.12;['-batch-training', '-calc-rsi', '-verbose', '-prediction-mode=index', '-interval-list=30m', '-range-min-rsi=28', '-range-max-rsi=80', '-range-p-ema=50,250', '-target-margin-list=1.0,1.5,2.0,2.5,3.0,3.5,4.0,4.5,5.0', '-log-level=WARNING']
2023-11-26 20:55:40;UNIUSDT;30m;3.5;50;32;72;100.0;6;168.12;['-batch-training', '-calc-rsi', '-verbose', '-prediction-mode=index', '-interval-list=30m', '-range-min-rsi=28', '-range-max-rsi=80', '-range-p-ema=50,250', '-target-margin-list=1.0,1.5,2.0,2.5,3.0,3.5,4.0,4.5,5.0', '-log-level=WARNING']
2023-11-26 21:11:16;UNIUSDT;30m;3.5;75;32;72;100.0;6;168.12;['-batch-training', '-calc-rsi', '-verbose', '-prediction-mode=index', '-interval-list=30m', '-range-min-rsi=28', '-range-max-rsi=80', '-range-p-ema=50,250', '-target-margin-list=1.0,1.5,2.0,2.5,3.0,3.5,4.0,4.5,5.0', '-log-level=WARNING']
2023-11-26 20:55:40;UNIUSDT;30m;3.5;50;32;72;100.0;7;168.12;['-batch-training', '-calc-rsi', '-verbose', '-prediction-mode=index', '-interval-list=30m', '-range-min-rsi=28', '-range-max-rsi=80', '-range-p-ema=50,250', '-target-margin-list=1.0,1.5,2.0,2.5,3.0,3.5,4.0,4.5,5.0', '-log-level=WARNING']
2023-11-26 19:42:45;UNIUSDT;30m;3.5;125;32;72;100.0;7;168.12;['-batch-training', '-calc-rsi', '-verbose', '-prediction-mode=index', '-interval-list=30m', '-range-min-rsi=28', '-range-max-rsi=80', '-range-p-ema=50,250', '-target-margin-list=1.0,1.5,2.0,2.5,3.0,3.5,4.0,4.5,5.0', '-log-level=WARNING']
2023-11-26 20:12:47;UNIUSDT;30m;2.5;200;34;74;100.0;3;168.95;['-batch-training', '-calc-rsi', '-verbose', '-prediction-mode=index', '-interval-list=30m', '-range-min-rsi=28', '-range-max-rsi=80', '-range-p-ema=50,250', '-target-margin-list=1.0,1.5,2.0,2.5,3.0,3.5,4.0,4.5,5.0', '-log-level=WARNING']
2023-11-26 20:02:17;UNIUSDT;30m;2.5;175;34;74;100.0;3;168.95;['-batch-training', '-calc-rsi', '-verbose', '-prediction-mode=index', '-interval-list=30m', '-range-min-rsi=28', '-range-max-rsi=80', '-range-p-ema=50,250', '-target-margin-list=1.0,1.5,2.0,2.5,3.0,3.5,4.0,4.5,5.0', '-log-level=WARNING']
2023-11-26 19:35:31;UNIUSDT;30m;5.0;100;34;76;100.0;2;168.99;['-batch-training', '-calc-rsi', '-verbose', '-prediction-mode=index', '-interval-list=30m', '-range-min-rsi=28', '-range-max-rsi=80', '-range-p-ema=50,250', '-target-margin-list=1.0,1.5,2.0,2.5,3.0,3.5,4.0,4.5,5.0', '-log-level=WARNING']
2023-11-26 19:47:07;UNIUSDT;30m;5.0;125;34;76;100.0;2;168.99;['-batch-training', '-calc-rsi', '-verbose', '-prediction-mode=index', '-interval-list=30m', '-range-min-rsi=28', '-range-max-rsi=80', '-range-p-ema=50,250', '-target-margin-list=1.0,1.5,2.0,2.5,3.0,3.5,4.0,4.5,5.0', '-log-level=WARNING']
2023-11-26 21:16:40;UNIUSDT;30m;5.0;75;34;76;100.0;2;168.99;['-batch-training', '-calc-rsi', '-verbose', '-prediction-mode=index', '-interval-list=30m', '-range-min-rsi=28', '-range-max-rsi=80', '-range-p-ema=50,250', '-target-margin-list=1.0,1.5,2.0,2.5,3.0,3.5,4.0,4.5,5.0', '-log-level=WARNING']
2023-11-26 21:01:24;UNIUSDT;30m;5.0;50;34;76;100.0;2;168.99;['-batch-training', '-calc-rsi', '-verbose', '-prediction-mode=index', '-interval-list=30m', '-range-min-rsi=28', '-range-max-rsi=80', '-range-p-ema=50,250', '-target-margin-list=1.0,1.5,2.0,2.5,3.0,3.5,4.0,4.5,5.0', '-log-level=WARNING']
2023-11-26 21:08:31;UNIUSDT;30m;2.5;75;34;76;100.0;3;170.21;['-batch-training', '-calc-rsi', '-verbose', '-prediction-mode=index', '-interval-list=30m', '-range-min-rsi=28', '-range-max-rsi=80', '-range-p-ema=50,250', '-target-margin-list=1.0,1.5,2.0,2.5,3.0,3.5,4.0,4.5,5.0', '-log-level=WARNING']
2023-11-26 19:29:17;UNIUSDT;30m;2.5;100;34;76;100.0;3;170.21;['-batch-training', '-calc-rsi', '-verbose', '-prediction-mode=index', '-interval-list=30m', '-range-min-rsi=28', '-range-max-rsi=80', '-range-p-ema=50,250', '-target-margin-list=1.0,1.5,2.0,2.5,3.0,3.5,4.0,4.5,5.0', '-log-level=WARNING']
2023-11-26 19:40:46;UNIUSDT;30m;2.5;125;34;76;100.0;3;170.21;['-batch-training', '-calc-rsi', '-verbose', '-prediction-mode=index', '-interval-list=30m', '-range-min-rsi=28', '-range-max-rsi=80', '-range-p-ema=50,250', '-target-margin-list=1.0,1.5,2.0,2.5,3.0,3.5,4.0,4.5,5.0', '-log-level=WARNING']
2023-11-26 20:53:06;UNIUSDT;30m;2.5;50;34;76;100.0;3;170.21;['-batch-training', '-calc-rsi', '-verbose', '-prediction-mode=index', '-interval-list=30m', '-range-min-rsi=28', '-range-max-rsi=80', '-range-p-ema=50,250', '-target-margin-list=1.0,1.5,2.0,2.5,3.0,3.5,4.0,4.5,5.0', '-log-level=WARNING']
2023-11-26 20:12:31;UNIUSDT;30m;2.5;200;34;72;100.0;4;170.61;['-batch-training', '-calc-rsi', '-verbose', '-prediction-mode=index', '-interval-list=30m', '-range-min-rsi=28', '-range-max-rsi=80', '-range-p-ema=50,250', '-target-margin-list=1.0,1.5,2.0,2.5,3.0,3.5,4.0,4.5,5.0', '-log-level=WARNING']
2023-11-26 20:02:04;UNIUSDT;30m;2.5;175;34;72;100.0;4;170.61;['-batch-training', '-calc-rsi', '-verbose', '-prediction-mode=index', '-interval-list=30m', '-range-min-rsi=28', '-range-max-rsi=80', '-range-p-ema=50,250', '-target-margin-list=1.0,1.5,2.0,2.5,3.0,3.5,4.0,4.5,5.0', '-log-level=WARNING']
2023-11-26 19:43:03;UNIUSDT;30m;3.5;125;34;74;100.0;3;172.41;['-batch-training', '-calc-rsi', '-verbose', '-prediction-mode=index', '-interval-list=30m', '-range-min-rsi=28', '-range-max-rsi=80', '-range-p-ema=50,250', '-target-margin-list=1.0,1.5,2.0,2.5,3.0,3.5,4.0,4.5,5.0', '-log-level=WARNING']
2023-11-26 20:56:04;UNIUSDT;30m;3.5;50;34;74;100.0;3;172.41;['-batch-training', '-calc-rsi', '-verbose', '-prediction-mode=index', '-interval-list=30m', '-range-min-rsi=28', '-range-max-rsi=80', '-range-p-ema=50,250', '-target-margin-list=1.0,1.5,2.0,2.5,3.0,3.5,4.0,4.5,5.0', '-log-level=WARNING']
2023-11-26 19:31:33;UNIUSDT;30m;3.5;100;34;74;100.0;3;172.41;['-batch-training', '-calc-rsi', '-verbose', '-prediction-mode=index', '-interval-list=30m', '-range-min-rsi=28', '-range-max-rsi=80', '-range-p-ema=50,250', '-target-margin-list=1.0,1.5,2.0,2.5,3.0,3.5,4.0,4.5,5.0', '-log-level=WARNING']
2023-11-26 21:11:42;UNIUSDT;30m;3.5;75;34;74;100.0;3;172.41;['-batch-training', '-calc-rsi', '-verbose', '-prediction-mode=index', '-interval-list=30m', '-range-min-rsi=28', '-range-max-rsi=80', '-range-p-ema=50,250', '-target-margin-list=1.0,1.5,2.0,2.5,3.0,3.5,4.0,4.5,5.0', '-log-level=WARNING']
2023-11-26 20:15:12;UNIUSDT;30m;3.5;200;34;72;100.0;2;172.48;['-batch-training', '-calc-rsi', '-verbose', '-prediction-mode=index', '-interval-list=30m', '-range-min-rsi=28', '-range-max-rsi=80', '-range-p-ema=50,250', '-target-margin-list=1.0,1.5,2.0,2.5,3.0,3.5,4.0,4.5,5.0', '-log-level=WARNING']
2023-11-26 20:04:16;UNIUSDT;30m;3.5;175;34;72;100.0;2;172.48;['-batch-training', '-calc-rsi', '-verbose', '-prediction-mode=index', '-interval-list=30m', '-range-min-rsi=28', '-range-max-rsi=80', '-range-p-ema=50,250', '-target-margin-list=1.0,1.5,2.0,2.5,3.0,3.5,4.0,4.5,5.0', '-log-level=WARNING']
2023-11-26 20:04:19;UNIUSDT;30m;3.5;175;36;72;100.0;2;172.55;['-batch-training', '-calc-rsi', '-verbose', '-prediction-mode=index', '-interval-list=30m', '-range-min-rsi=28', '-range-max-rsi=80', '-range-p-ema=50,250', '-target-margin-list=1.0,1.5,2.0,2.5,3.0,3.5,4.0,4.5,5.0', '-log-level=WARNING']
2023-11-26 20:15:15;UNIUSDT;30m;3.5;200;36;72;100.0;2;172.55;['-batch-training', '-calc-rsi', '-verbose', '-prediction-mode=index', '-interval-list=30m', '-range-min-rsi=28', '-range-max-rsi=80', '-range-p-ema=50,250', '-target-margin-list=1.0,1.5,2.0,2.5,3.0,3.5,4.0,4.5,5.0', '-log-level=WARNING']
2023-11-26 19:30:48;UNIUSDT;30m;3.0;100;34;78;100.0;2;172.8;['-batch-training', '-calc-rsi', '-verbose', '-prediction-mode=index', '-interval-list=30m', '-range-min-rsi=28', '-range-max-rsi=80', '-range-p-ema=50,250', '-target-margin-list=1.0,1.5,2.0,2.5,3.0,3.5,4.0,4.5,5.0', '-log-level=WARNING']
2023-11-26 21:10:38;UNIUSDT;30m;3.0;75;34;78;100.0;2;172.8;['-batch-training', '-calc-rsi', '-verbose', '-prediction-mode=index', '-interval-list=30m', '-range-min-rsi=28', '-range-max-rsi=80', '-range-p-ema=50,250', '-target-margin-list=1.0,1.5,2.0,2.5,3.0,3.5,4.0,4.5,5.0', '-log-level=WARNING']
2023-11-26 19:42:18;UNIUSDT;30m;3.0;125;34;78;100.0;2;172.8;['-batch-training', '-calc-rsi', '-verbose', '-prediction-mode=index', '-interval-list=30m', '-range-min-rsi=28', '-range-max-rsi=80', '-range-p-ema=50,250', '-target-margin-list=1.0,1.5,2.0,2.5,3.0,3.5,4.0,4.5,5.0', '-log-level=WARNING']
2023-11-26 20:55:05;UNIUSDT;30m;3.0;50;34;78;100.0;2;172.8;['-batch-training', '-calc-rsi', '-verbose', '-prediction-mode=index', '-interval-list=30m', '-range-min-rsi=28', '-range-max-rsi=80', '-range-p-ema=50,250', '-target-margin-list=1.0,1.5,2.0,2.5,3.0,3.5,4.0,4.5,5.0', '-log-level=WARNING']
2023-11-26 20:55:44;UNIUSDT;30m;3.5;50;34;72;100.0;7;173.06;['-batch-training', '-calc-rsi', '-verbose', '-prediction-mode=index', '-interval-list=30m', '-range-min-rsi=28', '-range-max-rsi=80', '-range-p-ema=50,250', '-target-margin-list=1.0,1.5,2.0,2.5,3.0,3.5,4.0,4.5,5.0', '-log-level=WARNING']
2023-11-26 19:31:18;UNIUSDT;30m;3.5;100;34;72;100.0;7;173.06;['-batch-training', '-calc-rsi', '-verbose', '-prediction-mode=index', '-interval-list=30m', '-range-min-rsi=28', '-range-max-rsi=80', '-range-p-ema=50,250', '-target-margin-list=1.0,1.5,2.0,2.5,3.0,3.5,4.0,4.5,5.0', '-log-level=WARNING']
2023-11-26 19:31:18;UNIUSDT;30m;3.5;100;34;72;100.0;6;173.06;['-batch-training', '-calc-rsi', '-verbose', '-prediction-mode=index', '-interval-list=30m', '-range-min-rsi=28', '-range-max-rsi=80', '-range-p-ema=50,250', '-target-margin-list=1.0,1.5,2.0,2.5,3.0,3.5,4.0,4.5,5.0', '-log-level=WARNING']
2023-11-26 21:11:21;UNIUSDT;30m;3.5;75;34;72;100.0;7;173.06;['-batch-training', '-calc-rsi', '-verbose', '-prediction-mode=index', '-interval-list=30m', '-range-min-rsi=28', '-range-max-rsi=80', '-range-p-ema=50,250', '-target-margin-list=1.0,1.5,2.0,2.5,3.0,3.5,4.0,4.5,5.0', '-log-level=WARNING']
2023-11-26 19:42:47;UNIUSDT;30m;3.5;125;34;72;100.0;7;173.06;['-batch-training', '-calc-rsi', '-verbose', '-prediction-mode=index', '-interval-list=30m', '-range-min-rsi=28', '-range-max-rsi=80', '-range-p-ema=50,250', '-target-margin-list=1.0,1.5,2.0,2.5,3.0,3.5,4.0,4.5,5.0', '-log-level=WARNING']
2023-11-26 19:42:47;UNIUSDT;30m;3.5;125;34;72;100.0;6;173.06;['-batch-training', '-calc-rsi', '-verbose', '-prediction-mode=index', '-interval-list=30m', '-range-min-rsi=28', '-range-max-rsi=80', '-range-p-ema=50,250', '-target-margin-list=1.0,1.5,2.0,2.5,3.0,3.5,4.0,4.5,5.0', '-log-level=WARNING']
2023-11-26 21:11:21;UNIUSDT;30m;3.5;75;34;72;100.0;6;173.06;['-batch-training', '-calc-rsi', '-verbose', '-prediction-mode=index', '-interval-list=30m', '-range-min-rsi=28', '-range-max-rsi=80', '-range-p-ema=50,250', '-target-margin-list=1.0,1.5,2.0,2.5,3.0,3.5,4.0,4.5,5.0', '-log-level=WARNING']
2023-11-26 20:55:44;UNIUSDT;30m;3.5;50;34;72;100.0;6;173.06;['-batch-training', '-calc-rsi', '-verbose', '-prediction-mode=index', '-interval-list=30m', '-range-min-rsi=28', '-range-max-rsi=80', '-range-p-ema=50,250', '-target-margin-list=1.0,1.5,2.0,2.5,3.0,3.5,4.0,4.5,5.0', '-log-level=WARNING']
2023-11-26 19:42:50;UNIUSDT;30m;3.5;125;36;72;100.0;7;173.13;['-batch-training', '-calc-rsi', '-verbose', '-prediction-mode=index', '-interval-list=30m', '-range-min-rsi=28', '-range-max-rsi=80', '-range-p-ema=50,250', '-target-margin-list=1.0,1.5,2.0,2.5,3.0,3.5,4.0,4.5,5.0', '-log-level=WARNING']
2023-11-26 19:42:50;UNIUSDT;30m;3.5;125;36;72;100.0;6;173.13;['-batch-training', '-calc-rsi', '-verbose', '-prediction-mode=index', '-interval-list=30m', '-range-min-rsi=28', '-range-max-rsi=80', '-range-p-ema=50,250', '-target-margin-list=1.0,1.5,2.0,2.5,3.0,3.5,4.0,4.5,5.0', '-log-level=WARNING']
2023-11-26 20:55:49;UNIUSDT;30m;3.5;50;36;72;100.0;7;173.13;['-batch-training', '-calc-rsi', '-verbose', '-prediction-mode=index', '-interval-list=30m', '-range-min-rsi=28', '-range-max-rsi=80', '-range-p-ema=50,250', '-target-margin-list=1.0,1.5,2.0,2.5,3.0,3.5,4.0,4.5,5.0', '-log-level=WARNING']
2023-11-26 21:11:25;UNIUSDT;30m;3.5;75;36;72;100.0;6;173.13;['-batch-training', '-calc-rsi', '-verbose', '-prediction-mode=index', '-interval-list=30m', '-range-min-rsi=28', '-range-max-rsi=80', '-range-p-ema=50,250', '-target-margin-list=1.0,1.5,2.0,2.5,3.0,3.5,4.0,4.5,5.0', '-log-level=WARNING']
2023-11-26 20:55:49;UNIUSDT;30m;3.5;50;36;72;100.0;6;173.13;['-batch-training', '-calc-rsi', '-verbose', '-prediction-mode=index', '-interval-list=30m', '-range-min-rsi=28', '-range-max-rsi=80', '-range-p-ema=50,250', '-target-margin-list=1.0,1.5,2.0,2.5,3.0,3.5,4.0,4.5,5.0', '-log-level=WARNING']
2023-11-26 21:11:25;UNIUSDT;30m;3.5;75;36;72;100.0;7;173.13;['-batch-training', '-calc-rsi', '-verbose', '-prediction-mode=index', '-interval-list=30m', '-range-min-rsi=28', '-range-max-rsi=80', '-range-p-ema=50,250', '-target-margin-list=1.0,1.5,2.0,2.5,3.0,3.5,4.0,4.5,5.0', '-log-level=WARNING']
2023-11-26 19:31:21;UNIUSDT;30m;3.5;100;36;72;100.0;7;173.13;['-batch-training', '-calc-rsi', '-verbose', '-prediction-mode=index', '-interval-list=30m', '-range-min-rsi=28', '-range-max-rsi=80', '-range-p-ema=50,250', '-target-margin-list=1.0,1.5,2.0,2.5,3.0,3.5,4.0,4.5,5.0', '-log-level=WARNING']
2023-11-26 19:31:21;UNIUSDT;30m;3.5;100;36;72;100.0;6;173.13;['-batch-training', '-calc-rsi', '-verbose', '-prediction-mode=index', '-interval-list=30m', '-range-min-rsi=28', '-range-max-rsi=80', '-range-p-ema=50,250', '-target-margin-list=1.0,1.5,2.0,2.5,3.0,3.5,4.0,4.5,5.0', '-log-level=WARNING']
2023-11-26 19:52:02;UNIUSDT;30m;2.5;150;34;74;100.0;3;174.07;['-batch-training', '-calc-rsi', '-verbose', '-prediction-mode=index', '-interval-list=30m', '-range-min-rsi=28', '-range-max-rsi=80', '-range-p-ema=50,250', '-target-margin-list=1.0,1.5,2.0,2.5,3.0,3.5,4.0,4.5,5.0', '-log-level=WARNING']
2023-11-26 19:54:04;UNIUSDT;30m;3.5;150;32;72;100.0;2;175.1;['-batch-training', '-calc-rsi', '-verbose', '-prediction-mode=index', '-interval-list=30m', '-range-min-rsi=28', '-range-max-rsi=80', '-range-p-ema=50,250', '-target-margin-list=1.0,1.5,2.0,2.5,3.0,3.5,4.0,4.5,5.0', '-log-level=WARNING']
2023-11-26 20:04:13;UNIUSDT;30m;3.5;175;32;72;100.0;2;175.1;['-batch-training', '-calc-rsi', '-verbose', '-prediction-mode=index', '-interval-list=30m', '-range-min-rsi=28', '-range-max-rsi=80', '-range-p-ema=50,250', '-target-margin-list=1.0,1.5,2.0,2.5,3.0,3.5,4.0,4.5,5.0', '-log-level=WARNING']
2023-11-26 20:15:09;UNIUSDT;30m;3.5;200;32;72;100.0;2;175.1;['-batch-training', '-calc-rsi', '-verbose', '-prediction-mode=index', '-interval-list=30m', '-range-min-rsi=28', '-range-max-rsi=80', '-range-p-ema=50,250', '-target-margin-list=1.0,1.5,2.0,2.5,3.0,3.5,4.0,4.5,5.0', '-log-level=WARNING']
2023-11-26 19:51:47;UNIUSDT;30m;2.5;150;34;72;100.0;4;175.51;['-batch-training', '-calc-rsi', '-verbose', '-prediction-mode=index', '-interval-list=30m', '-range-min-rsi=28', '-range-max-rsi=80', '-range-p-ema=50,250', '-target-margin-list=1.0,1.5,2.0,2.5,3.0,3.5,4.0,4.5,5.0', '-log-level=WARNING']
2023-11-26 19:54:07;UNIUSDT;30m;3.5;150;34;72;100.0;2;178.63;['-batch-training', '-calc-rsi', '-verbose', '-prediction-mode=index', '-interval-list=30m', '-range-min-rsi=28', '-range-max-rsi=80', '-range-p-ema=50,250', '-target-margin-list=1.0,1.5,2.0,2.5,3.0,3.5,4.0,4.5,5.0', '-log-level=WARNING']
2023-11-26 19:54:10;UNIUSDT;30m;3.5;150;36;72;100.0;2;178.7;['-batch-training', '-calc-rsi', '-verbose', '-prediction-mode=index', '-interval-list=30m', '-range-min-rsi=28', '-range-max-rsi=80', '-range-p-ema=50,250', '-target-margin-list=1.0,1.5,2.0,2.5,3.0,3.5,4.0,4.5,5.0', '-log-level=WARNING']
2023-11-26 19:29:02;UNIUSDT;30m;2.5;100;34;74;100.0;3;180.08;['-batch-training', '-calc-rsi', '-verbose', '-prediction-mode=index', '-interval-list=30m', '-range-min-rsi=28', '-range-max-rsi=80', '-range-p-ema=50,250', '-target-margin-list=1.0,1.5,2.0,2.5,3.0,3.5,4.0,4.5,5.0', '-log-level=WARNING']
2023-11-26 20:52:46;UNIUSDT;30m;2.5;50;34;74;100.0;3;180.08;['-batch-training', '-calc-rsi', '-verbose', '-prediction-mode=index', '-interval-list=30m', '-range-min-rsi=28', '-range-max-rsi=80', '-range-p-ema=50,250', '-target-margin-list=1.0,1.5,2.0,2.5,3.0,3.5,4.0,4.5,5.0', '-log-level=WARNING']
2023-11-26 21:08:09;UNIUSDT;30m;2.5;75;34;74;100.0;3;180.08;['-batch-training', '-calc-rsi', '-verbose', '-prediction-mode=index', '-interval-list=30m', '-range-min-rsi=28', '-range-max-rsi=80', '-range-p-ema=50,250', '-target-margin-list=1.0,1.5,2.0,2.5,3.0,3.5,4.0,4.5,5.0', '-log-level=WARNING']
2023-11-26 19:40:30;UNIUSDT;30m;2.5;125;34;74;100.0;3;180.08;['-batch-training', '-calc-rsi', '-verbose', '-prediction-mode=index', '-interval-list=30m', '-range-min-rsi=28', '-range-max-rsi=80', '-range-p-ema=50,250', '-target-margin-list=1.0,1.5,2.0,2.5,3.0,3.5,4.0,4.5,5.0', '-log-level=WARNING']
2023-11-26 19:42:45;UNIUSDT;30m;3.5;125;32;72;100.0;2;181.25;['-batch-training', '-calc-rsi', '-verbose', '-prediction-mode=index', '-interval-list=30m', '-range-min-rsi=28', '-range-max-rsi=80', '-range-p-ema=50,250', '-target-margin-list=1.0,1.5,2.0,2.5,3.0,3.5,4.0,4.5,5.0', '-log-level=WARNING']
2023-11-26 21:11:16;UNIUSDT;30m;3.5;75;32;72;100.0;2;181.25;['-batch-training', '-calc-rsi', '-verbose', '-prediction-mode=index', '-interval-list=30m', '-range-min-rsi=28', '-range-max-rsi=80', '-range-p-ema=50,250', '-target-margin-list=1.0,1.5,2.0,2.5,3.0,3.5,4.0,4.5,5.0', '-log-level=WARNING']
2023-11-26 19:31:15;UNIUSDT;30m;3.5;100;32;72;100.0;2;181.25;['-batch-training', '-calc-rsi', '-verbose', '-prediction-mode=index', '-interval-list=30m', '-range-min-rsi=28', '-range-max-rsi=80', '-range-p-ema=50,250', '-target-margin-list=1.0,1.5,2.0,2.5,3.0,3.5,4.0,4.5,5.0', '-log-level=WARNING']
2023-11-26 20:55:40;UNIUSDT;30m;3.5;50;32;72;100.0;2;181.25;['-batch-training', '-calc-rsi', '-verbose', '-prediction-mode=index', '-interval-list=30m', '-range-min-rsi=28', '-range-max-rsi=80', '-range-p-ema=50,250', '-target-margin-list=1.0,1.5,2.0,2.5,3.0,3.5,4.0,4.5,5.0', '-log-level=WARNING']
2023-11-26 20:52:27;UNIUSDT;30m;2.5;50;34;72;100.0;4;181.68;['-batch-training', '-calc-rsi', '-verbose', '-prediction-mode=index', '-interval-list=30m', '-range-min-rsi=28', '-range-max-rsi=80', '-range-p-ema=50,250', '-target-margin-list=1.0,1.5,2.0,2.5,3.0,3.5,4.0,4.5,5.0', '-log-level=WARNING']
2023-11-26 21:07:47;UNIUSDT;30m;2.5;75;34;72;100.0;4;181.68;['-batch-training', '-calc-rsi', '-verbose', '-prediction-mode=index', '-interval-list=30m', '-range-min-rsi=28', '-range-max-rsi=80', '-range-p-ema=50,250', '-target-margin-list=1.0,1.5,2.0,2.5,3.0,3.5,4.0,4.5,5.0', '-log-level=WARNING']
2023-11-26 19:40:15;UNIUSDT;30m;2.5;125;34;72;100.0;4;181.68;['-batch-training', '-calc-rsi', '-verbose', '-prediction-mode=index', '-interval-list=30m', '-range-min-rsi=28', '-range-max-rsi=80', '-range-p-ema=50,250', '-target-margin-list=1.0,1.5,2.0,2.5,3.0,3.5,4.0,4.5,5.0', '-log-level=WARNING']
2023-11-26 19:28:47;UNIUSDT;30m;2.5;100;34;72;100.0;4;181.68;['-batch-training', '-calc-rsi', '-verbose', '-prediction-mode=index', '-interval-list=30m', '-range-min-rsi=28', '-range-max-rsi=80', '-range-p-ema=50,250', '-target-margin-list=1.0,1.5,2.0,2.5,3.0,3.5,4.0,4.5,5.0', '-log-level=WARNING']
2023-11-26 19:31:18;UNIUSDT;30m;3.5;100;34;72;100.0;2;184.91;['-batch-training', '-calc-rsi', '-verbose', '-prediction-mode=index', '-interval-list=30m', '-range-min-rsi=28', '-range-max-rsi=80', '-range-p-ema=50,250', '-target-margin-list=1.0,1.5,2.0,2.5,3.0,3.5,4.0,4.5,5.0', '-log-level=WARNING']
2023-11-26 20:55:44;UNIUSDT;30m;3.5;50;34;72;100.0;2;184.91;['-batch-training', '-calc-rsi', '-verbose', '-prediction-mode=index', '-interval-list=30m', '-range-min-rsi=28', '-range-max-rsi=80', '-range-p-ema=50,250', '-target-margin-list=1.0,1.5,2.0,2.5,3.0,3.5,4.0,4.5,5.0', '-log-level=WARNING']
2023-11-26 19:42:47;UNIUSDT;30m;3.5;125;34;72;100.0;2;184.91;['-batch-training', '-calc-rsi', '-verbose', '-prediction-mode=index', '-interval-list=30m', '-range-min-rsi=28', '-range-max-rsi=80', '-range-p-ema=50,250', '-target-margin-list=1.0,1.5,2.0,2.5,3.0,3.5,4.0,4.5,5.0', '-log-level=WARNING']
2023-11-26 21:11:20;UNIUSDT;30m;3.5;75;34;72;100.0;2;184.91;['-batch-training', '-calc-rsi', '-verbose', '-prediction-mode=index', '-interval-list=30m', '-range-min-rsi=28', '-range-max-rsi=80', '-range-p-ema=50,250', '-target-margin-list=1.0,1.5,2.0,2.5,3.0,3.5,4.0,4.5,5.0', '-log-level=WARNING']
2023-11-26 19:42:50;UNIUSDT;30m;3.5;125;36;72;100.0;2;184.98;['-batch-training', '-calc-rsi', '-verbose', '-prediction-mode=index', '-interval-list=30m', '-range-min-rsi=28', '-range-max-rsi=80', '-range-p-ema=50,250', '-target-margin-list=1.0,1.5,2.0,2.5,3.0,3.5,4.0,4.5,5.0', '-log-level=WARNING']
2023-11-26 19:31:21;UNIUSDT;30m;3.5;100;36;72;100.0;2;184.98;['-batch-training', '-calc-rsi', '-verbose', '-prediction-mode=index', '-interval-list=30m', '-range-min-rsi=28', '-range-max-rsi=80', '-range-p-ema=50,250', '-target-margin-list=1.0,1.5,2.0,2.5,3.0,3.5,4.0,4.5,5.0', '-log-level=WARNING']
2023-11-26 20:55:49;UNIUSDT;30m;3.5;50;36;72;100.0;2;184.98;['-batch-training', '-calc-rsi', '-verbose', '-prediction-mode=index', '-interval-list=30m', '-range-min-rsi=28', '-range-max-rsi=80', '-range-p-ema=50,250', '-target-margin-list=1.0,1.5,2.0,2.5,3.0,3.5,4.0,4.5,5.0', '-log-level=WARNING']
2023-11-26 21:11:25;UNIUSDT;30m;3.5;75;36;72;100.0;2;184.98;['-batch-training', '-calc-rsi', '-verbose', '-prediction-mode=index', '-interval-list=30m', '-range-min-rsi=28', '-range-max-rsi=80', '-range-p-ema=50,250', '-target-margin-list=1.0,1.5,2.0,2.5,3.0,3.5,4.0,4.5,5.0', '-log-level=WARNING']
