data;symbol;interval;estimator;imbalance_method;stop_loss;regression_times;times_regression_profit_and_loss;CAI;ESTAVEL;SOBE;max_score;numeric_features;regression_features;train_size;use-all-data-to-train;start_train_date;start_test_date;fold;no-tune;model_name;arguments
2023-10-20 22:26:07;BNBUSDT;5m;knn;allknn;1.0;0;72;0.1452;0.6886;0.1467;0.1467;rsi;;0.7;False;2023-01-01;2023-07-22 22:10:00;3;True;<< NOT SAVED >>;['-batch-training', '-calc-rsi', '-normalize', '-no-tune', '-n-jobs=20', '-symbol-list=BTCUSDT,ETHUSDT,BNBUSDT,XRPUSDT,ADAUSDT,DOGEUSDT,SOLUSDT,TRXUSDT,DOTUSDT,MATICUSDT,LTCUSDT,BCHUSDT,AVAXUSDT,XLMUSDT,LINKUSDT,XMRUSDT,UNIUSDT,ATOMUSDT', '-interval-list=5m', '-estimator-list=knn', '-stop-loss-list=1.0', '-numeric-features=volume,quote_asset_volume,number_of_trades,taker_buy_base_asset_volume,taker_buy_quote_asset_volume', '-regression-PnL-list=72', '-regression-times-list=0', '-start-train-date=2023-01-01', '-start-test-date=2023-07-01']
2023-10-20 22:31:45;BNBUSDT;5m;knn;allknn;1.0;0;72;0.0745;0.7602;0.1799;0.1799;number_of_trades,rsi;;0.7;False;2023-01-01;2023-07-22 22:10:00;3;True;<< NOT SAVED >>;['-batch-training', '-calc-rsi', '-normalize', '-no-tune', '-n-jobs=20', '-symbol-list=BTCUSDT,ETHUSDT,BNBUSDT,XRPUSDT,ADAUSDT,DOGEUSDT,SOLUSDT,TRXUSDT,DOTUSDT,MATICUSDT,LTCUSDT,BCHUSDT,AVAXUSDT,XLMUSDT,LINKUSDT,XMRUSDT,UNIUSDT,ATOMUSDT', '-interval-list=5m', '-estimator-list=knn', '-stop-loss-list=1.0', '-numeric-features=volume,quote_asset_volume,number_of_trades,taker_buy_base_asset_volume,taker_buy_quote_asset_volume', '-regression-PnL-list=72', '-regression-times-list=0', '-start-train-date=2023-01-01', '-start-test-date=2023-07-01']
2023-10-20 23:09:41;BNBUSDT;5m;knn;allknn;1.0;0;72;0.0739;0.7758;0.1907;0.1907;quote_asset_volume,number_of_trades,taker_buy_quote_asset_volume,rsi;;0.7;False;2023-01-01;2023-07-22 22:10:00;3;True;<< NOT SAVED >>;['-batch-training', '-calc-rsi', '-normalize', '-no-tune', '-n-jobs=20', '-symbol-list=BTCUSDT,ETHUSDT,BNBUSDT,XRPUSDT,ADAUSDT,DOGEUSDT,SOLUSDT,TRXUSDT,DOTUSDT,MATICUSDT,LTCUSDT,BCHUSDT,AVAXUSDT,XLMUSDT,LINKUSDT,XMRUSDT,UNIUSDT,ATOMUSDT', '-interval-list=5m', '-estimator-list=knn', '-stop-loss-list=1.0', '-numeric-features=volume,quote_asset_volume,number_of_trades,taker_buy_base_asset_volume,taker_buy_quote_asset_volume', '-regression-PnL-list=72', '-regression-times-list=0', '-start-train-date=2023-01-01', '-start-test-date=2023-07-01']
2023-10-20 22:49:43;BNBUSDT;5m;knn;allknn;1.0;0;72;0.0457;0.7804;0.1914;0.1914;number_of_trades,taker_buy_quote_asset_volume,rsi;;0.7;False;2023-01-01;2023-07-22 22:10:00;3;True;<< NOT SAVED >>;['-batch-training', '-calc-rsi', '-normalize', '-no-tune', '-n-jobs=20', '-symbol-list=BTCUSDT,ETHUSDT,BNBUSDT,XRPUSDT,ADAUSDT,DOGEUSDT,SOLUSDT,TRXUSDT,DOTUSDT,MATICUSDT,LTCUSDT,BCHUSDT,AVAXUSDT,XLMUSDT,LINKUSDT,XMRUSDT,UNIUSDT,ATOMUSDT', '-interval-list=5m', '-estimator-list=knn', '-stop-loss-list=1.0', '-numeric-features=volume,quote_asset_volume,number_of_trades,taker_buy_base_asset_volume,taker_buy_quote_asset_volume', '-regression-PnL-list=72', '-regression-times-list=0', '-start-train-date=2023-01-01', '-start-test-date=2023-07-01']
2023-10-20 22:43:52;BNBUSDT;5m;knn;allknn;1.0;0;72;0.0536;0.78;0.1922;0.1922;quote_asset_volume,number_of_trades,rsi;;0.7;False;2023-01-01;2023-07-22 22:10:00;3;True;<< NOT SAVED >>;['-batch-training', '-calc-rsi', '-normalize', '-no-tune', '-n-jobs=20', '-symbol-list=BTCUSDT,ETHUSDT,BNBUSDT,XRPUSDT,ADAUSDT,DOGEUSDT,SOLUSDT,TRXUSDT,DOTUSDT,MATICUSDT,LTCUSDT,BCHUSDT,AVAXUSDT,XLMUSDT,LINKUSDT,XMRUSDT,UNIUSDT,ATOMUSDT', '-interval-list=5m', '-estimator-list=knn', '-stop-loss-list=1.0', '-numeric-features=volume,quote_asset_volume,number_of_trades,taker_buy_base_asset_volume,taker_buy_quote_asset_volume', '-regression-PnL-list=72', '-regression-times-list=0', '-start-train-date=2023-01-01', '-start-test-date=2023-07-01']
2023-10-20 22:30:10;BNBUSDT;5m;knn;allknn;1.0;0;72;0.0821;0.75;0.1926;0.1926;quote_asset_volume,rsi;;0.7;False;2023-01-01;2023-07-22 22:10:00;3;True;<< NOT SAVED >>;['-batch-training', '-calc-rsi', '-normalize', '-no-tune', '-n-jobs=20', '-symbol-list=BTCUSDT,ETHUSDT,BNBUSDT,XRPUSDT,ADAUSDT,DOGEUSDT,SOLUSDT,TRXUSDT,DOTUSDT,MATICUSDT,LTCUSDT,BCHUSDT,AVAXUSDT,XLMUSDT,LINKUSDT,XMRUSDT,UNIUSDT,ATOMUSDT', '-interval-list=5m', '-estimator-list=knn', '-stop-loss-list=1.0', '-numeric-features=volume,quote_asset_volume,number_of_trades,taker_buy_base_asset_volume,taker_buy_quote_asset_volume', '-regression-PnL-list=72', '-regression-times-list=0', '-start-train-date=2023-01-01', '-start-test-date=2023-07-01']
2023-10-20 22:48:39;BNBUSDT;5m;knn;allknn;1.0;0;72;0.064;0.774;0.193;0.193;number_of_trades,taker_buy_base_asset_volume,rsi;;0.7;False;2023-01-01;2023-07-22 22:10:00;3;True;<< NOT SAVED >>;['-batch-training', '-calc-rsi', '-normalize', '-no-tune', '-n-jobs=20', '-symbol-list=BTCUSDT,ETHUSDT,BNBUSDT,XRPUSDT,ADAUSDT,DOGEUSDT,SOLUSDT,TRXUSDT,DOTUSDT,MATICUSDT,LTCUSDT,BCHUSDT,AVAXUSDT,XLMUSDT,LINKUSDT,XMRUSDT,UNIUSDT,ATOMUSDT', '-interval-list=5m', '-estimator-list=knn', '-stop-loss-list=1.0', '-numeric-features=volume,quote_asset_volume,number_of_trades,taker_buy_base_asset_volume,taker_buy_quote_asset_volume', '-regression-PnL-list=72', '-regression-times-list=0', '-start-train-date=2023-01-01', '-start-test-date=2023-07-01']
2023-10-20 22:25:50;BNBUSDT;5m;knn;allknn;1.0;0;72;0.078;0.7344;0.1953;0.1953;taker_buy_quote_asset_volume;;0.7;False;2023-01-01;2023-07-22 22:10:00;3;True;<< NOT SAVED >>;['-batch-training', '-calc-rsi', '-normalize', '-no-tune', '-n-jobs=20', '-symbol-list=BTCUSDT,ETHUSDT,BNBUSDT,XRPUSDT,ADAUSDT,DOGEUSDT,SOLUSDT,TRXUSDT,DOTUSDT,MATICUSDT,LTCUSDT,BCHUSDT,AVAXUSDT,XLMUSDT,LINKUSDT,XMRUSDT,UNIUSDT,ATOMUSDT', '-interval-list=5m', '-estimator-list=knn', '-stop-loss-list=1.0', '-numeric-features=volume,quote_asset_volume,number_of_trades,taker_buy_base_asset_volume,taker_buy_quote_asset_volume', '-regression-PnL-list=72', '-regression-times-list=0', '-start-train-date=2023-01-01', '-start-test-date=2023-07-01']
2023-10-20 22:32:42;BNBUSDT;5m;knn;allknn;1.0;0;72;0.0935;0.7233;0.1953;0.1953;taker_buy_base_asset_volume,taker_buy_quote_asset_volume;;0.7;False;2023-01-01;2023-07-22 22:10:00;3;True;<< NOT SAVED >>;['-batch-training', '-calc-rsi', '-normalize', '-no-tune', '-n-jobs=20', '-symbol-list=BTCUSDT,ETHUSDT,BNBUSDT,XRPUSDT,ADAUSDT,DOGEUSDT,SOLUSDT,TRXUSDT,DOTUSDT,MATICUSDT,LTCUSDT,BCHUSDT,AVAXUSDT,XLMUSDT,LINKUSDT,XMRUSDT,UNIUSDT,ATOMUSDT', '-interval-list=5m', '-estimator-list=knn', '-stop-loss-list=1.0', '-numeric-features=volume,quote_asset_volume,number_of_trades,taker_buy_base_asset_volume,taker_buy_quote_asset_volume', '-regression-PnL-list=72', '-regression-times-list=0', '-start-train-date=2023-01-01', '-start-test-date=2023-07-01']
2023-10-20 22:31:24;BNBUSDT;5m;knn;allknn;1.0;0;72;0.0396;0.7843;0.1968;0.1968;number_of_trades,taker_buy_quote_asset_volume;;0.7;False;2023-01-01;2023-07-22 22:10:00;3;True;<< NOT SAVED >>;['-batch-training', '-calc-rsi', '-normalize', '-no-tune', '-n-jobs=20', '-symbol-list=BTCUSDT,ETHUSDT,BNBUSDT,XRPUSDT,ADAUSDT,DOGEUSDT,SOLUSDT,TRXUSDT,DOTUSDT,MATICUSDT,LTCUSDT,BCHUSDT,AVAXUSDT,XLMUSDT,LINKUSDT,XMRUSDT,UNIUSDT,ATOMUSDT', '-interval-list=5m', '-estimator-list=knn', '-stop-loss-list=1.0', '-numeric-features=volume,quote_asset_volume,number_of_trades,taker_buy_base_asset_volume,taker_buy_quote_asset_volume', '-regression-PnL-list=72', '-regression-times-list=0', '-start-train-date=2023-01-01', '-start-test-date=2023-07-01']
2023-10-20 23:34:59;BNBUSDT;5m;knn;allknn;1.0;0;72;0.0888;0.7749;0.1972;0.1972;quote_asset_volume,number_of_trades,taker_buy_base_asset_volume,taker_buy_quote_asset_volume,rsi;;0.7;False;2023-01-01;2023-07-22 22:10:00;3;True;<< NOT SAVED >>;['-batch-training', '-calc-rsi', '-normalize', '-no-tune', '-n-jobs=20', '-symbol-list=BTCUSDT,ETHUSDT,BNBUSDT,XRPUSDT,ADAUSDT,DOGEUSDT,SOLUSDT,TRXUSDT,DOTUSDT,MATICUSDT,LTCUSDT,BCHUSDT,AVAXUSDT,XLMUSDT,LINKUSDT,XMRUSDT,UNIUSDT,ATOMUSDT', '-interval-list=5m', '-estimator-list=knn', '-stop-loss-list=1.0', '-numeric-features=volume,quote_asset_volume,number_of_trades,taker_buy_base_asset_volume,taker_buy_quote_asset_volume', '-regression-PnL-list=72', '-regression-times-list=0', '-start-train-date=2023-01-01', '-start-test-date=2023-07-01']
2023-10-20 22:25:16;BNBUSDT;5m;knn;allknn;1.0;0;72;0.097;0.7456;0.1976;0.1976;number_of_trades;;0.7;False;2023-01-01;2023-07-22 22:10:00;3;True;<< NOT SAVED >>;['-batch-training', '-calc-rsi', '-normalize', '-no-tune', '-n-jobs=20', '-symbol-list=BTCUSDT,ETHUSDT,BNBUSDT,XRPUSDT,ADAUSDT,DOGEUSDT,SOLUSDT,TRXUSDT,DOTUSDT,MATICUSDT,LTCUSDT,BCHUSDT,AVAXUSDT,XLMUSDT,LINKUSDT,XMRUSDT,UNIUSDT,ATOMUSDT', '-interval-list=5m', '-estimator-list=knn', '-stop-loss-list=1.0', '-numeric-features=volume,quote_asset_volume,number_of_trades,taker_buy_base_asset_volume,taker_buy_quote_asset_volume', '-regression-PnL-list=72', '-regression-times-list=0', '-start-train-date=2023-01-01', '-start-test-date=2023-07-01']
2023-10-20 23:22:49;BNBUSDT;5m;knn;allknn;1.0;0;72;0.091;0.7705;0.198;0.198;volume,quote_asset_volume,number_of_trades,taker_buy_quote_asset_volume,rsi;;0.7;False;2023-01-01;2023-07-22 22:10:00;3;True;<< NOT SAVED >>;['-batch-training', '-calc-rsi', '-normalize', '-no-tune', '-n-jobs=20', '-symbol-list=BTCUSDT,ETHUSDT,BNBUSDT,XRPUSDT,ADAUSDT,DOGEUSDT,SOLUSDT,TRXUSDT,DOTUSDT,MATICUSDT,LTCUSDT,BCHUSDT,AVAXUSDT,XLMUSDT,LINKUSDT,XMRUSDT,UNIUSDT,ATOMUSDT', '-interval-list=5m', '-estimator-list=knn', '-stop-loss-list=1.0', '-numeric-features=volume,quote_asset_volume,number_of_trades,taker_buy_base_asset_volume,taker_buy_quote_asset_volume', '-regression-PnL-list=72', '-regression-times-list=0', '-start-train-date=2023-01-01', '-start-test-date=2023-07-01']
2023-10-20 22:31:06;BNBUSDT;5m;knn;allknn;1.0;0;72;0.0704;0.7741;0.1988;0.1988;number_of_trades,taker_buy_base_asset_volume;;0.7;False;2023-01-01;2023-07-22 22:10:00;3;True;<< NOT SAVED >>;['-batch-training', '-calc-rsi', '-normalize', '-no-tune', '-n-jobs=20', '-symbol-list=BTCUSDT,ETHUSDT,BNBUSDT,XRPUSDT,ADAUSDT,DOGEUSDT,SOLUSDT,TRXUSDT,DOTUSDT,MATICUSDT,LTCUSDT,BCHUSDT,AVAXUSDT,XLMUSDT,LINKUSDT,XMRUSDT,UNIUSDT,ATOMUSDT', '-interval-list=5m', '-estimator-list=knn', '-stop-loss-list=1.0', '-numeric-features=volume,quote_asset_volume,number_of_trades,taker_buy_base_asset_volume,taker_buy_quote_asset_volume', '-regression-PnL-list=72', '-regression-times-list=0', '-start-train-date=2023-01-01', '-start-test-date=2023-07-01']
2023-10-20 23:43:16;BNBUSDT;5m;knn;allknn;1.0;0;72;0.0736;0.7717;0.1992;0.1992;volume,quote_asset_volume,number_of_trades,taker_buy_base_asset_volume,taker_buy_quote_asset_volume,rsi;;0.7;False;2023-01-01;2023-07-22 22:10:00;3;True;<< NOT SAVED >>;['-batch-training', '-calc-rsi', '-normalize', '-no-tune', '-n-jobs=20', '-symbol-list=BTCUSDT,ETHUSDT,BNBUSDT,XRPUSDT,ADAUSDT,DOGEUSDT,SOLUSDT,TRXUSDT,DOTUSDT,MATICUSDT,LTCUSDT,BCHUSDT,AVAXUSDT,XLMUSDT,LINKUSDT,XMRUSDT,UNIUSDT,ATOMUSDT', '-interval-list=5m', '-estimator-list=knn', '-stop-loss-list=1.0', '-numeric-features=volume,quote_asset_volume,number_of_trades,taker_buy_base_asset_volume,taker_buy_quote_asset_volume', '-regression-PnL-list=72', '-regression-times-list=0', '-start-train-date=2023-01-01', '-start-test-date=2023-07-01']
2023-10-20 22:28:17;BNBUSDT;5m;knn;allknn;1.0;0;72;0.1354;0.7281;0.1999;0.1999;volume,rsi;;0.7;False;2023-01-01;2023-07-22 22:10:00;3;True;<< NOT SAVED >>;['-batch-training', '-calc-rsi', '-normalize', '-no-tune', '-n-jobs=20', '-symbol-list=BTCUSDT,ETHUSDT,BNBUSDT,XRPUSDT,ADAUSDT,DOGEUSDT,SOLUSDT,TRXUSDT,DOTUSDT,MATICUSDT,LTCUSDT,BCHUSDT,AVAXUSDT,XLMUSDT,LINKUSDT,XMRUSDT,UNIUSDT,ATOMUSDT', '-interval-list=5m', '-estimator-list=knn', '-stop-loss-list=1.0', '-numeric-features=volume,quote_asset_volume,number_of_trades,taker_buy_base_asset_volume,taker_buy_quote_asset_volume', '-regression-PnL-list=72', '-regression-times-list=0', '-start-train-date=2023-01-01', '-start-test-date=2023-07-01']
2023-10-20 22:24:59;BNBUSDT;5m;knn;allknn;1.0;0;72;0.0951;0.7424;0.2003;0.2003;quote_asset_volume;;0.7;False;2023-01-01;2023-07-22 22:10:00;3;True;<< NOT SAVED >>;['-batch-training', '-calc-rsi', '-normalize', '-no-tune', '-n-jobs=20', '-symbol-list=BTCUSDT,ETHUSDT,BNBUSDT,XRPUSDT,ADAUSDT,DOGEUSDT,SOLUSDT,TRXUSDT,DOTUSDT,MATICUSDT,LTCUSDT,BCHUSDT,AVAXUSDT,XLMUSDT,LINKUSDT,XMRUSDT,UNIUSDT,ATOMUSDT', '-interval-list=5m', '-estimator-list=knn', '-stop-loss-list=1.0', '-numeric-features=volume,quote_asset_volume,number_of_trades,taker_buy_base_asset_volume,taker_buy_quote_asset_volume', '-regression-PnL-list=72', '-regression-times-list=0', '-start-train-date=2023-01-01', '-start-test-date=2023-07-01']
2023-10-20 23:00:40;BNBUSDT;5m;knn;allknn;1.0;0;72;0.077;0.7551;0.2022;0.2022;volume,number_of_trades,taker_buy_base_asset_volume,taker_buy_quote_asset_volume;;0.7;False;2023-01-01;2023-07-22 22:10:00;3;True;<< NOT SAVED >>;['-batch-training', '-calc-rsi', '-normalize', '-no-tune', '-n-jobs=20', '-symbol-list=BTCUSDT,ETHUSDT,BNBUSDT,XRPUSDT,ADAUSDT,DOGEUSDT,SOLUSDT,TRXUSDT,DOTUSDT,MATICUSDT,LTCUSDT,BCHUSDT,AVAXUSDT,XLMUSDT,LINKUSDT,XMRUSDT,UNIUSDT,ATOMUSDT', '-interval-list=5m', '-estimator-list=knn', '-stop-loss-list=1.0', '-numeric-features=volume,quote_asset_volume,number_of_trades,taker_buy_base_asset_volume,taker_buy_quote_asset_volume', '-regression-PnL-list=72', '-regression-times-list=0', '-start-train-date=2023-01-01', '-start-test-date=2023-07-01']
2023-10-20 23:25:10;BNBUSDT;5m;knn;allknn;1.0;0;72;0.0875;0.7597;0.203;0.203;volume,quote_asset_volume,taker_buy_base_asset_volume,taker_buy_quote_asset_volume,rsi;;0.7;False;2023-01-01;2023-07-22 22:10:00;3;True;<< NOT SAVED >>;['-batch-training', '-calc-rsi', '-normalize', '-no-tune', '-n-jobs=20', '-symbol-list=BTCUSDT,ETHUSDT,BNBUSDT,XRPUSDT,ADAUSDT,DOGEUSDT,SOLUSDT,TRXUSDT,DOTUSDT,MATICUSDT,LTCUSDT,BCHUSDT,AVAXUSDT,XLMUSDT,LINKUSDT,XMRUSDT,UNIUSDT,ATOMUSDT', '-interval-list=5m', '-estimator-list=knn', '-stop-loss-list=1.0', '-numeric-features=volume,quote_asset_volume,number_of_trades,taker_buy_base_asset_volume,taker_buy_quote_asset_volume', '-regression-PnL-list=72', '-regression-times-list=0', '-start-train-date=2023-01-01', '-start-test-date=2023-07-01']
2023-10-20 23:11:54;BNBUSDT;5m;knn;allknn;1.0;0;72;0.0945;0.7607;0.2034;0.2034;quote_asset_volume,taker_buy_base_asset_volume,taker_buy_quote_asset_volume,rsi;;0.7;False;2023-01-01;2023-07-22 22:10:00;3;True;<< NOT SAVED >>;['-batch-training', '-calc-rsi', '-normalize', '-no-tune', '-n-jobs=20', '-symbol-list=BTCUSDT,ETHUSDT,BNBUSDT,XRPUSDT,ADAUSDT,DOGEUSDT,SOLUSDT,TRXUSDT,DOTUSDT,MATICUSDT,LTCUSDT,BCHUSDT,AVAXUSDT,XLMUSDT,LINKUSDT,XMRUSDT,UNIUSDT,ATOMUSDT', '-interval-list=5m', '-estimator-list=knn', '-stop-loss-list=1.0', '-numeric-features=volume,quote_asset_volume,number_of_trades,taker_buy_base_asset_volume,taker_buy_quote_asset_volume', '-regression-PnL-list=72', '-regression-times-list=0', '-start-train-date=2023-01-01', '-start-test-date=2023-07-01']
2023-10-20 23:21:34;BNBUSDT;5m;knn;allknn;1.0;0;72;0.129;0.7401;0.2038;0.2038;volume,quote_asset_volume,number_of_trades,taker_buy_base_asset_volume,rsi;;0.7;False;2023-01-01;2023-07-22 22:10:00;3;True;<< NOT SAVED >>;['-batch-training', '-calc-rsi', '-normalize', '-no-tune', '-n-jobs=20', '-symbol-list=BTCUSDT,ETHUSDT,BNBUSDT,XRPUSDT,ADAUSDT,DOGEUSDT,SOLUSDT,TRXUSDT,DOTUSDT,MATICUSDT,LTCUSDT,BCHUSDT,AVAXUSDT,XLMUSDT,LINKUSDT,XMRUSDT,UNIUSDT,ATOMUSDT', '-interval-list=5m', '-estimator-list=knn', '-stop-loss-list=1.0', '-numeric-features=volume,quote_asset_volume,number_of_trades,taker_buy_base_asset_volume,taker_buy_quote_asset_volume', '-regression-PnL-list=72', '-regression-times-list=0', '-start-train-date=2023-01-01', '-start-test-date=2023-07-01']
2023-10-20 22:57:02;BNBUSDT;5m;knn;allknn;1.0;0;72;0.0663;0.7607;0.2049;0.2049;volume,quote_asset_volume,taker_buy_base_asset_volume,taker_buy_quote_asset_volume;;0.7;False;2023-01-01;2023-07-22 22:10:00;3;True;<< NOT SAVED >>;['-batch-training', '-calc-rsi', '-normalize', '-no-tune', '-n-jobs=20', '-symbol-list=BTCUSDT,ETHUSDT,BNBUSDT,XRPUSDT,ADAUSDT,DOGEUSDT,SOLUSDT,TRXUSDT,DOTUSDT,MATICUSDT,LTCUSDT,BCHUSDT,AVAXUSDT,XLMUSDT,LINKUSDT,XMRUSDT,UNIUSDT,ATOMUSDT', '-interval-list=5m', '-estimator-list=knn', '-stop-loss-list=1.0', '-numeric-features=volume,quote_asset_volume,number_of_trades,taker_buy_base_asset_volume,taker_buy_quote_asset_volume', '-regression-PnL-list=72', '-regression-times-list=0', '-start-train-date=2023-01-01', '-start-test-date=2023-07-01']
2023-10-20 22:33:58;BNBUSDT;5m;knn;allknn;1.0;0;72;0.0821;0.746;0.2049;0.2049;taker_buy_quote_asset_volume,rsi;;0.7;False;2023-01-01;2023-07-22 22:10:00;3;True;<< NOT SAVED >>;['-batch-training', '-calc-rsi', '-normalize', '-no-tune', '-n-jobs=20', '-symbol-list=BTCUSDT,ETHUSDT,BNBUSDT,XRPUSDT,ADAUSDT,DOGEUSDT,SOLUSDT,TRXUSDT,DOTUSDT,MATICUSDT,LTCUSDT,BCHUSDT,AVAXUSDT,XLMUSDT,LINKUSDT,XMRUSDT,UNIUSDT,ATOMUSDT', '-interval-list=5m', '-estimator-list=knn', '-stop-loss-list=1.0', '-numeric-features=volume,quote_asset_volume,number_of_trades,taker_buy_base_asset_volume,taker_buy_quote_asset_volume', '-regression-PnL-list=72', '-regression-times-list=0', '-start-train-date=2023-01-01', '-start-test-date=2023-07-01']
2023-10-20 22:55:12;BNBUSDT;5m;knn;allknn;1.0;0;72;0.1053;0.7472;0.2053;0.2053;volume,quote_asset_volume,number_of_trades,taker_buy_base_asset_volume;;0.7;False;2023-01-01;2023-07-22 22:10:00;3;True;<< NOT SAVED >>;['-batch-training', '-calc-rsi', '-normalize', '-no-tune', '-n-jobs=20', '-symbol-list=BTCUSDT,ETHUSDT,BNBUSDT,XRPUSDT,ADAUSDT,DOGEUSDT,SOLUSDT,TRXUSDT,DOTUSDT,MATICUSDT,LTCUSDT,BCHUSDT,AVAXUSDT,XLMUSDT,LINKUSDT,XMRUSDT,UNIUSDT,ATOMUSDT', '-interval-list=5m', '-estimator-list=knn', '-stop-loss-list=1.0', '-numeric-features=volume,quote_asset_volume,number_of_trades,taker_buy_base_asset_volume,taker_buy_quote_asset_volume', '-regression-PnL-list=72', '-regression-times-list=0', '-start-train-date=2023-01-01', '-start-test-date=2023-07-01']
2023-10-20 22:55:35;BNBUSDT;5m;knn;allknn;1.0;0;72;0.0755;0.7707;0.2053;0.2053;volume,quote_asset_volume,number_of_trades,taker_buy_quote_asset_volume;;0.7;False;2023-01-01;2023-07-22 22:10:00;3;True;<< NOT SAVED >>;['-batch-training', '-calc-rsi', '-normalize', '-no-tune', '-n-jobs=20', '-symbol-list=BTCUSDT,ETHUSDT,BNBUSDT,XRPUSDT,ADAUSDT,DOGEUSDT,SOLUSDT,TRXUSDT,DOTUSDT,MATICUSDT,LTCUSDT,BCHUSDT,AVAXUSDT,XLMUSDT,LINKUSDT,XMRUSDT,UNIUSDT,ATOMUSDT', '-interval-list=5m', '-estimator-list=knn', '-stop-loss-list=1.0', '-numeric-features=volume,quote_asset_volume,number_of_trades,taker_buy_base_asset_volume,taker_buy_quote_asset_volume', '-regression-PnL-list=72', '-regression-times-list=0', '-start-train-date=2023-01-01', '-start-test-date=2023-07-01']
2023-10-20 22:24:42;BNBUSDT;5m;knn;allknn;1.0;0;72;0.1084;0.7277;0.2061;0.2061;volume;;0.7;False;2023-01-01;2023-07-22 22:10:00;3;True;<< NOT SAVED >>;['-batch-training', '-calc-rsi', '-normalize', '-no-tune', '-n-jobs=20', '-symbol-list=BTCUSDT,ETHUSDT,BNBUSDT,XRPUSDT,ADAUSDT,DOGEUSDT,SOLUSDT,TRXUSDT,DOTUSDT,MATICUSDT,LTCUSDT,BCHUSDT,AVAXUSDT,XLMUSDT,LINKUSDT,XMRUSDT,UNIUSDT,ATOMUSDT', '-interval-list=5m', '-estimator-list=knn', '-stop-loss-list=1.0', '-numeric-features=volume,quote_asset_volume,number_of_trades,taker_buy_base_asset_volume,taker_buy_quote_asset_volume', '-regression-PnL-list=72', '-regression-times-list=0', '-start-train-date=2023-01-01', '-start-test-date=2023-07-01']
2023-10-20 23:02:13;BNBUSDT;5m;knn;allknn;1.0;0;72;0.071;0.7598;0.2061;0.2061;volume,number_of_trades,taker_buy_quote_asset_volume,rsi;;0.7;False;2023-01-01;2023-07-22 22:10:00;3;True;<< NOT SAVED >>;['-batch-training', '-calc-rsi', '-normalize', '-no-tune', '-n-jobs=20', '-symbol-list=BTCUSDT,ETHUSDT,BNBUSDT,XRPUSDT,ADAUSDT,DOGEUSDT,SOLUSDT,TRXUSDT,DOTUSDT,MATICUSDT,LTCUSDT,BCHUSDT,AVAXUSDT,XLMUSDT,LINKUSDT,XMRUSDT,UNIUSDT,ATOMUSDT', '-interval-list=5m', '-estimator-list=knn', '-stop-loss-list=1.0', '-numeric-features=volume,quote_asset_volume,number_of_trades,taker_buy_base_asset_volume,taker_buy_quote_asset_volume', '-regression-PnL-list=72', '-regression-times-list=0', '-start-train-date=2023-01-01', '-start-test-date=2023-07-01']
2023-10-20 23:08:34;BNBUSDT;5m;knn;allknn;1.0;0;72;0.0888;0.7695;0.2065;0.2065;quote_asset_volume,number_of_trades,taker_buy_base_asset_volume,rsi;;0.7;False;2023-01-01;2023-07-22 22:10:00;3;True;<< NOT SAVED >>;['-batch-training', '-calc-rsi', '-normalize', '-no-tune', '-n-jobs=20', '-symbol-list=BTCUSDT,ETHUSDT,BNBUSDT,XRPUSDT,ADAUSDT,DOGEUSDT,SOLUSDT,TRXUSDT,DOTUSDT,MATICUSDT,LTCUSDT,BCHUSDT,AVAXUSDT,XLMUSDT,LINKUSDT,XMRUSDT,UNIUSDT,ATOMUSDT', '-interval-list=5m', '-estimator-list=knn', '-stop-loss-list=1.0', '-numeric-features=volume,quote_asset_volume,number_of_trades,taker_buy_base_asset_volume,taker_buy_quote_asset_volume', '-regression-PnL-list=72', '-regression-times-list=0', '-start-train-date=2023-01-01', '-start-test-date=2023-07-01']
2023-10-20 22:37:55;BNBUSDT;5m;knn;allknn;1.0;0;72;0.0618;0.7736;0.2076;0.2076;volume,number_of_trades,taker_buy_base_asset_volume;;0.7;False;2023-01-01;2023-07-22 22:10:00;3;True;<< NOT SAVED >>;['-batch-training', '-calc-rsi', '-normalize', '-no-tune', '-n-jobs=20', '-symbol-list=BTCUSDT,ETHUSDT,BNBUSDT,XRPUSDT,ADAUSDT,DOGEUSDT,SOLUSDT,TRXUSDT,DOTUSDT,MATICUSDT,LTCUSDT,BCHUSDT,AVAXUSDT,XLMUSDT,LINKUSDT,XMRUSDT,UNIUSDT,ATOMUSDT', '-interval-list=5m', '-estimator-list=knn', '-stop-loss-list=1.0', '-numeric-features=volume,quote_asset_volume,number_of_trades,taker_buy_base_asset_volume,taker_buy_quote_asset_volume', '-regression-PnL-list=72', '-regression-times-list=0', '-start-train-date=2023-01-01', '-start-test-date=2023-07-01']
2023-10-20 23:29:00;BNBUSDT;5m;knn;allknn;1.0;0;72;0.0964;0.7491;0.208;0.208;volume,number_of_trades,taker_buy_base_asset_volume,taker_buy_quote_asset_volume,rsi;;0.7;False;2023-01-01;2023-07-22 22:10:00;3;True;<< NOT SAVED >>;['-batch-training', '-calc-rsi', '-normalize', '-no-tune', '-n-jobs=20', '-symbol-list=BTCUSDT,ETHUSDT,BNBUSDT,XRPUSDT,ADAUSDT,DOGEUSDT,SOLUSDT,TRXUSDT,DOTUSDT,MATICUSDT,LTCUSDT,BCHUSDT,AVAXUSDT,XLMUSDT,LINKUSDT,XMRUSDT,UNIUSDT,ATOMUSDT', '-interval-list=5m', '-estimator-list=knn', '-stop-loss-list=1.0', '-numeric-features=volume,quote_asset_volume,number_of_trades,taker_buy_base_asset_volume,taker_buy_quote_asset_volume', '-regression-PnL-list=72', '-regression-times-list=0', '-start-train-date=2023-01-01', '-start-test-date=2023-07-01']
2023-10-20 22:33:02;BNBUSDT;5m;knn;allknn;1.0;0;72;0.1176;0.7301;0.208;0.208;taker_buy_base_asset_volume,rsi;;0.7;False;2023-01-01;2023-07-22 22:10:00;3;True;<< NOT SAVED >>;['-batch-training', '-calc-rsi', '-normalize', '-no-tune', '-n-jobs=20', '-symbol-list=BTCUSDT,ETHUSDT,BNBUSDT,XRPUSDT,ADAUSDT,DOGEUSDT,SOLUSDT,TRXUSDT,DOTUSDT,MATICUSDT,LTCUSDT,BCHUSDT,AVAXUSDT,XLMUSDT,LINKUSDT,XMRUSDT,UNIUSDT,ATOMUSDT', '-interval-list=5m', '-estimator-list=knn', '-stop-loss-list=1.0', '-numeric-features=volume,quote_asset_volume,number_of_trades,taker_buy_base_asset_volume,taker_buy_quote_asset_volume', '-regression-PnL-list=72', '-regression-times-list=0', '-start-train-date=2023-01-01', '-start-test-date=2023-07-01']
2023-10-20 22:43:09;BNBUSDT;5m;knn;allknn;1.0;0;72;0.0647;0.7747;0.208;0.208;quote_asset_volume,number_of_trades,taker_buy_base_asset_volume;;0.7;False;2023-01-01;2023-07-22 22:10:00;3;True;<< NOT SAVED >>;['-batch-training', '-calc-rsi', '-normalize', '-no-tune', '-n-jobs=20', '-symbol-list=BTCUSDT,ETHUSDT,BNBUSDT,XRPUSDT,ADAUSDT,DOGEUSDT,SOLUSDT,TRXUSDT,DOTUSDT,MATICUSDT,LTCUSDT,BCHUSDT,AVAXUSDT,XLMUSDT,LINKUSDT,XMRUSDT,UNIUSDT,ATOMUSDT', '-interval-list=5m', '-estimator-list=knn', '-stop-loss-list=1.0', '-numeric-features=volume,quote_asset_volume,number_of_trades,taker_buy_base_asset_volume,taker_buy_quote_asset_volume', '-regression-PnL-list=72', '-regression-times-list=0', '-start-train-date=2023-01-01', '-start-test-date=2023-07-01']
2023-10-20 22:29:12;BNBUSDT;5m;knn;allknn;1.0;0;72;0.0552;0.7741;0.2084;0.2084;quote_asset_volume,number_of_trades;;0.7;False;2023-01-01;2023-07-22 22:10:00;3;True;<< NOT SAVED >>;['-batch-training', '-calc-rsi', '-normalize', '-no-tune', '-n-jobs=20', '-symbol-list=BTCUSDT,ETHUSDT,BNBUSDT,XRPUSDT,ADAUSDT,DOGEUSDT,SOLUSDT,TRXUSDT,DOTUSDT,MATICUSDT,LTCUSDT,BCHUSDT,AVAXUSDT,XLMUSDT,LINKUSDT,XMRUSDT,UNIUSDT,ATOMUSDT', '-interval-list=5m', '-estimator-list=knn', '-stop-loss-list=1.0', '-numeric-features=volume,quote_asset_volume,number_of_trades,taker_buy_base_asset_volume,taker_buy_quote_asset_volume', '-regression-PnL-list=72', '-regression-times-list=0', '-start-train-date=2023-01-01', '-start-test-date=2023-07-01']
2023-10-20 22:29:51;BNBUSDT;5m;knn;allknn;1.0;0;72;0.0691;0.7503;0.2088;0.2088;quote_asset_volume,taker_buy_quote_asset_volume;;0.7;False;2023-01-01;2023-07-22 22:10:00;3;True;<< NOT SAVED >>;['-batch-training', '-calc-rsi', '-normalize', '-no-tune', '-n-jobs=20', '-symbol-list=BTCUSDT,ETHUSDT,BNBUSDT,XRPUSDT,ADAUSDT,DOGEUSDT,SOLUSDT,TRXUSDT,DOTUSDT,MATICUSDT,LTCUSDT,BCHUSDT,AVAXUSDT,XLMUSDT,LINKUSDT,XMRUSDT,UNIUSDT,ATOMUSDT', '-interval-list=5m', '-estimator-list=knn', '-stop-loss-list=1.0', '-numeric-features=volume,quote_asset_volume,number_of_trades,taker_buy_base_asset_volume,taker_buy_quote_asset_volume', '-regression-PnL-list=72', '-regression-times-list=0', '-start-train-date=2023-01-01', '-start-test-date=2023-07-01']
2023-10-20 23:21:09;BNBUSDT;5m;knn;allknn;1.0;0;72;0.0666;0.7759;0.2092;0.2092;volume,quote_asset_volume,number_of_trades,taker_buy_base_asset_volume,taker_buy_quote_asset_volume;;0.7;False;2023-01-01;2023-07-22 22:10:00;3;True;<< NOT SAVED >>;['-batch-training', '-calc-rsi', '-normalize', '-no-tune', '-n-jobs=20', '-symbol-list=BTCUSDT,ETHUSDT,BNBUSDT,XRPUSDT,ADAUSDT,DOGEUSDT,SOLUSDT,TRXUSDT,DOTUSDT,MATICUSDT,LTCUSDT,BCHUSDT,AVAXUSDT,XLMUSDT,LINKUSDT,XMRUSDT,UNIUSDT,ATOMUSDT', '-interval-list=5m', '-estimator-list=knn', '-stop-loss-list=1.0', '-numeric-features=volume,quote_asset_volume,number_of_trades,taker_buy_base_asset_volume,taker_buy_quote_asset_volume', '-regression-PnL-list=72', '-regression-times-list=0', '-start-train-date=2023-01-01', '-start-test-date=2023-07-01']
2023-10-20 22:57:25;BNBUSDT;5m;knn;allknn;1.0;0;72;0.1363;0.7251;0.21;0.21;volume,quote_asset_volume,taker_buy_base_asset_volume,rsi;;0.7;False;2023-01-01;2023-07-22 22:10:00;3;True;<< NOT SAVED >>;['-batch-training', '-calc-rsi', '-normalize', '-no-tune', '-n-jobs=20', '-symbol-list=BTCUSDT,ETHUSDT,BNBUSDT,XRPUSDT,ADAUSDT,DOGEUSDT,SOLUSDT,TRXUSDT,DOTUSDT,MATICUSDT,LTCUSDT,BCHUSDT,AVAXUSDT,XLMUSDT,LINKUSDT,XMRUSDT,UNIUSDT,ATOMUSDT', '-interval-list=5m', '-estimator-list=knn', '-stop-loss-list=1.0', '-numeric-features=volume,quote_asset_volume,number_of_trades,taker_buy_base_asset_volume,taker_buy_quote_asset_volume', '-regression-PnL-list=72', '-regression-times-list=0', '-start-train-date=2023-01-01', '-start-test-date=2023-07-01']
2023-10-20 22:43:30;BNBUSDT;5m;knn;allknn;1.0;0;72;0.0637;0.7768;0.2103;0.2103;quote_asset_volume,number_of_trades,taker_buy_quote_asset_volume;;0.7;False;2023-01-01;2023-07-22 22:10:00;3;True;<< NOT SAVED >>;['-batch-training', '-calc-rsi', '-normalize', '-no-tune', '-n-jobs=20', '-symbol-list=BTCUSDT,ETHUSDT,BNBUSDT,XRPUSDT,ADAUSDT,DOGEUSDT,SOLUSDT,TRXUSDT,DOTUSDT,MATICUSDT,LTCUSDT,BCHUSDT,AVAXUSDT,XLMUSDT,LINKUSDT,XMRUSDT,UNIUSDT,ATOMUSDT', '-interval-list=5m', '-estimator-list=knn', '-stop-loss-list=1.0', '-numeric-features=volume,quote_asset_volume,number_of_trades,taker_buy_base_asset_volume,taker_buy_quote_asset_volume', '-regression-PnL-list=72', '-regression-times-list=0', '-start-train-date=2023-01-01', '-start-test-date=2023-07-01']
2023-10-20 22:45:14;BNBUSDT;5m;knn;allknn;1.0;0;72;0.1021;0.748;0.2103;0.2103;quote_asset_volume,taker_buy_base_asset_volume,rsi;;0.7;False;2023-01-01;2023-07-22 22:10:00;3;True;<< NOT SAVED >>;['-batch-training', '-calc-rsi', '-normalize', '-no-tune', '-n-jobs=20', '-symbol-list=BTCUSDT,ETHUSDT,BNBUSDT,XRPUSDT,ADAUSDT,DOGEUSDT,SOLUSDT,TRXUSDT,DOTUSDT,MATICUSDT,LTCUSDT,BCHUSDT,AVAXUSDT,XLMUSDT,LINKUSDT,XMRUSDT,UNIUSDT,ATOMUSDT', '-interval-list=5m', '-estimator-list=knn', '-stop-loss-list=1.0', '-numeric-features=volume,quote_asset_volume,number_of_trades,taker_buy_base_asset_volume,taker_buy_quote_asset_volume', '-regression-PnL-list=72', '-regression-times-list=0', '-start-train-date=2023-01-01', '-start-test-date=2023-07-01']
2023-10-20 22:38:38;BNBUSDT;5m;knn;allknn;1.0;0;72;0.064;0.7574;0.2115;0.2115;volume,number_of_trades,rsi;;0.7;False;2023-01-01;2023-07-22 22:10:00;3;True;<< NOT SAVED >>;['-batch-training', '-calc-rsi', '-normalize', '-no-tune', '-n-jobs=20', '-symbol-list=BTCUSDT,ETHUSDT,BNBUSDT,XRPUSDT,ADAUSDT,DOGEUSDT,SOLUSDT,TRXUSDT,DOTUSDT,MATICUSDT,LTCUSDT,BCHUSDT,AVAXUSDT,XLMUSDT,LINKUSDT,XMRUSDT,UNIUSDT,ATOMUSDT', '-interval-list=5m', '-estimator-list=knn', '-stop-loss-list=1.0', '-numeric-features=volume,quote_asset_volume,number_of_trades,taker_buy_base_asset_volume,taker_buy_quote_asset_volume', '-regression-PnL-list=72', '-regression-times-list=0', '-start-train-date=2023-01-01', '-start-test-date=2023-07-01']
2023-10-20 22:36:10;BNBUSDT;5m;knn;allknn;1.0;0;72;0.1386;0.7194;0.2119;0.2119;volume,quote_asset_volume,taker_buy_base_asset_volume;;0.7;False;2023-01-01;2023-07-22 22:10:00;3;True;<< NOT SAVED >>;['-batch-training', '-calc-rsi', '-normalize', '-no-tune', '-n-jobs=20', '-symbol-list=BTCUSDT,ETHUSDT,BNBUSDT,XRPUSDT,ADAUSDT,DOGEUSDT,SOLUSDT,TRXUSDT,DOTUSDT,MATICUSDT,LTCUSDT,BCHUSDT,AVAXUSDT,XLMUSDT,LINKUSDT,XMRUSDT,UNIUSDT,ATOMUSDT', '-interval-list=5m', '-estimator-list=knn', '-stop-loss-list=1.0', '-numeric-features=volume,quote_asset_volume,number_of_trades,taker_buy_base_asset_volume,taker_buy_quote_asset_volume', '-regression-PnL-list=72', '-regression-times-list=0', '-start-train-date=2023-01-01', '-start-test-date=2023-07-01']
2023-10-20 22:27:18;BNBUSDT;5m;knn;allknn;1.0;0;72;0.0812;0.7539;0.213;0.213;volume,number_of_trades;;0.7;False;2023-01-01;2023-07-22 22:10:00;3;True;<< NOT SAVED >>;['-batch-training', '-calc-rsi', '-normalize', '-no-tune', '-n-jobs=20', '-symbol-list=BTCUSDT,ETHUSDT,BNBUSDT,XRPUSDT,ADAUSDT,DOGEUSDT,SOLUSDT,TRXUSDT,DOTUSDT,MATICUSDT,LTCUSDT,BCHUSDT,AVAXUSDT,XLMUSDT,LINKUSDT,XMRUSDT,UNIUSDT,ATOMUSDT', '-interval-list=5m', '-estimator-list=knn', '-stop-loss-list=1.0', '-numeric-features=volume,quote_asset_volume,number_of_trades,taker_buy_base_asset_volume,taker_buy_quote_asset_volume', '-regression-PnL-list=72', '-regression-times-list=0', '-start-train-date=2023-01-01', '-start-test-date=2023-07-01']
2023-10-20 22:38:16;BNBUSDT;5m;knn;allknn;1.0;0;72;0.0587;0.7636;0.2134;0.2134;volume,number_of_trades,taker_buy_quote_asset_volume;;0.7;False;2023-01-01;2023-07-22 22:10:00;3;True;<< NOT SAVED >>;['-batch-training', '-calc-rsi', '-normalize', '-no-tune', '-n-jobs=20', '-symbol-list=BTCUSDT,ETHUSDT,BNBUSDT,XRPUSDT,ADAUSDT,DOGEUSDT,SOLUSDT,TRXUSDT,DOTUSDT,MATICUSDT,LTCUSDT,BCHUSDT,AVAXUSDT,XLMUSDT,LINKUSDT,XMRUSDT,UNIUSDT,ATOMUSDT', '-interval-list=5m', '-estimator-list=knn', '-stop-loss-list=1.0', '-numeric-features=volume,quote_asset_volume,number_of_trades,taker_buy_base_asset_volume,taker_buy_quote_asset_volume', '-regression-PnL-list=72', '-regression-times-list=0', '-start-train-date=2023-01-01', '-start-test-date=2023-07-01']
2023-10-20 22:48:17;BNBUSDT;5m;knn;allknn;1.0;0;72;0.0685;0.7581;0.2134;0.2134;number_of_trades,taker_buy_base_asset_volume,taker_buy_quote_asset_volume;;0.7;False;2023-01-01;2023-07-22 22:10:00;3;True;<< NOT SAVED >>;['-batch-training', '-calc-rsi', '-normalize', '-no-tune', '-n-jobs=20', '-symbol-list=BTCUSDT,ETHUSDT,BNBUSDT,XRPUSDT,ADAUSDT,DOGEUSDT,SOLUSDT,TRXUSDT,DOTUSDT,MATICUSDT,LTCUSDT,BCHUSDT,AVAXUSDT,XLMUSDT,LINKUSDT,XMRUSDT,UNIUSDT,ATOMUSDT', '-interval-list=5m', '-estimator-list=knn', '-stop-loss-list=1.0', '-numeric-features=volume,quote_asset_volume,number_of_trades,taker_buy_base_asset_volume,taker_buy_quote_asset_volume', '-regression-PnL-list=72', '-regression-times-list=0', '-start-train-date=2023-01-01', '-start-test-date=2023-07-01']
2023-10-20 23:15:34;BNBUSDT;5m;knn;allknn;1.0;0;72;0.0767;0.7499;0.2146;0.2146;number_of_trades,taker_buy_base_asset_volume,taker_buy_quote_asset_volume,rsi;;0.7;False;2023-01-01;2023-07-22 22:10:00;3;True;<< NOT SAVED >>;['-batch-training', '-calc-rsi', '-normalize', '-no-tune', '-n-jobs=20', '-symbol-list=BTCUSDT,ETHUSDT,BNBUSDT,XRPUSDT,ADAUSDT,DOGEUSDT,SOLUSDT,TRXUSDT,DOTUSDT,MATICUSDT,LTCUSDT,BCHUSDT,AVAXUSDT,XLMUSDT,LINKUSDT,XMRUSDT,UNIUSDT,ATOMUSDT', '-interval-list=5m', '-estimator-list=knn', '-stop-loss-list=1.0', '-numeric-features=volume,quote_asset_volume,number_of_trades,taker_buy_base_asset_volume,taker_buy_quote_asset_volume', '-regression-PnL-list=72', '-regression-times-list=0', '-start-train-date=2023-01-01', '-start-test-date=2023-07-01']
2023-10-20 23:08:10;BNBUSDT;5m;knn;allknn;1.0;0;72;0.0644;0.7784;0.2154;0.2154;quote_asset_volume,number_of_trades,taker_buy_base_asset_volume,taker_buy_quote_asset_volume;;0.7;False;2023-01-01;2023-07-22 22:10:00;3;True;<< NOT SAVED >>;['-batch-training', '-calc-rsi', '-normalize', '-no-tune', '-n-jobs=20', '-symbol-list=BTCUSDT,ETHUSDT,BNBUSDT,XRPUSDT,ADAUSDT,DOGEUSDT,SOLUSDT,TRXUSDT,DOTUSDT,MATICUSDT,LTCUSDT,BCHUSDT,AVAXUSDT,XLMUSDT,LINKUSDT,XMRUSDT,UNIUSDT,ATOMUSDT', '-interval-list=5m', '-estimator-list=knn', '-stop-loss-list=1.0', '-numeric-features=volume,quote_asset_volume,number_of_trades,taker_buy_base_asset_volume,taker_buy_quote_asset_volume', '-regression-PnL-list=72', '-regression-times-list=0', '-start-train-date=2023-01-01', '-start-test-date=2023-07-01']
2023-10-20 22:44:53;BNBUSDT;5m;knn;allknn;1.0;0;72;0.0691;0.759;0.2157;0.2157;quote_asset_volume,taker_buy_base_asset_volume,taker_buy_quote_asset_volume;;0.7;False;2023-01-01;2023-07-22 22:10:00;3;True;<< NOT SAVED >>;['-batch-training', '-calc-rsi', '-normalize', '-no-tune', '-n-jobs=20', '-symbol-list=BTCUSDT,ETHUSDT,BNBUSDT,XRPUSDT,ADAUSDT,DOGEUSDT,SOLUSDT,TRXUSDT,DOTUSDT,MATICUSDT,LTCUSDT,BCHUSDT,AVAXUSDT,XLMUSDT,LINKUSDT,XMRUSDT,UNIUSDT,ATOMUSDT', '-interval-list=5m', '-estimator-list=knn', '-stop-loss-list=1.0', '-numeric-features=volume,quote_asset_volume,number_of_trades,taker_buy_base_asset_volume,taker_buy_quote_asset_volume', '-regression-PnL-list=72', '-regression-times-list=0', '-start-train-date=2023-01-01', '-start-test-date=2023-07-01']
2023-10-20 22:58:31;BNBUSDT;5m;knn;allknn;1.0;0;72;0.0774;0.754;0.2161;0.2161;volume,quote_asset_volume,taker_buy_quote_asset_volume,rsi;;0.7;False;2023-01-01;2023-07-22 22:10:00;3;True;<< NOT SAVED >>;['-batch-training', '-calc-rsi', '-normalize', '-no-tune', '-n-jobs=20', '-symbol-list=BTCUSDT,ETHUSDT,BNBUSDT,XRPUSDT,ADAUSDT,DOGEUSDT,SOLUSDT,TRXUSDT,DOTUSDT,MATICUSDT,LTCUSDT,BCHUSDT,AVAXUSDT,XLMUSDT,LINKUSDT,XMRUSDT,UNIUSDT,ATOMUSDT', '-interval-list=5m', '-estimator-list=knn', '-stop-loss-list=1.0', '-numeric-features=volume,quote_asset_volume,number_of_trades,taker_buy_base_asset_volume,taker_buy_quote_asset_volume', '-regression-PnL-list=72', '-regression-times-list=0', '-start-train-date=2023-01-01', '-start-test-date=2023-07-01']
2023-10-20 22:46:17;BNBUSDT;5m;knn;allknn;1.0;0;72;0.0748;0.7574;0.2169;0.2169;quote_asset_volume,taker_buy_quote_asset_volume,rsi;;0.7;False;2023-01-01;2023-07-22 22:10:00;3;True;<< NOT SAVED >>;['-batch-training', '-calc-rsi', '-normalize', '-no-tune', '-n-jobs=20', '-symbol-list=BTCUSDT,ETHUSDT,BNBUSDT,XRPUSDT,ADAUSDT,DOGEUSDT,SOLUSDT,TRXUSDT,DOTUSDT,MATICUSDT,LTCUSDT,BCHUSDT,AVAXUSDT,XLMUSDT,LINKUSDT,XMRUSDT,UNIUSDT,ATOMUSDT', '-interval-list=5m', '-estimator-list=knn', '-stop-loss-list=1.0', '-numeric-features=volume,quote_asset_volume,number_of_trades,taker_buy_base_asset_volume,taker_buy_quote_asset_volume', '-regression-PnL-list=72', '-regression-times-list=0', '-start-train-date=2023-01-01', '-start-test-date=2023-07-01']
2023-10-20 22:25:34;BNBUSDT;5m;knn;allknn;1.0;0;72;0.085;0.7254;0.2169;0.2169;taker_buy_base_asset_volume;;0.7;False;2023-01-01;2023-07-22 22:10:00;3;True;<< NOT SAVED >>;['-batch-training', '-calc-rsi', '-normalize', '-no-tune', '-n-jobs=20', '-symbol-list=BTCUSDT,ETHUSDT,BNBUSDT,XRPUSDT,ADAUSDT,DOGEUSDT,SOLUSDT,TRXUSDT,DOTUSDT,MATICUSDT,LTCUSDT,BCHUSDT,AVAXUSDT,XLMUSDT,LINKUSDT,XMRUSDT,UNIUSDT,ATOMUSDT', '-interval-list=5m', '-estimator-list=knn', '-stop-loss-list=1.0', '-numeric-features=volume,quote_asset_volume,number_of_trades,taker_buy_base_asset_volume,taker_buy_quote_asset_volume', '-regression-PnL-list=72', '-regression-times-list=0', '-start-train-date=2023-01-01', '-start-test-date=2023-07-01']
2023-10-20 23:01:03;BNBUSDT;5m;knn;allknn;1.0;0;72;0.0659;0.7607;0.2188;0.2188;volume,number_of_trades,taker_buy_base_asset_volume,rsi;;0.7;False;2023-01-01;2023-07-22 22:10:00;3;True;<< NOT SAVED >>;['-batch-training', '-calc-rsi', '-normalize', '-no-tune', '-n-jobs=20', '-symbol-list=BTCUSDT,ETHUSDT,BNBUSDT,XRPUSDT,ADAUSDT,DOGEUSDT,SOLUSDT,TRXUSDT,DOTUSDT,MATICUSDT,LTCUSDT,BCHUSDT,AVAXUSDT,XLMUSDT,LINKUSDT,XMRUSDT,UNIUSDT,ATOMUSDT', '-interval-list=5m', '-estimator-list=knn', '-stop-loss-list=1.0', '-numeric-features=volume,quote_asset_volume,number_of_trades,taker_buy_base_asset_volume,taker_buy_quote_asset_volume', '-regression-PnL-list=72', '-regression-times-list=0', '-start-train-date=2023-01-01', '-start-test-date=2023-07-01']
2023-10-20 22:29:31;BNBUSDT;5m;knn;allknn;1.0;0;72;0.0891;0.7483;0.2196;0.2196;quote_asset_volume,taker_buy_base_asset_volume;;0.7;False;2023-01-01;2023-07-22 22:10:00;3;True;<< NOT SAVED >>;['-batch-training', '-calc-rsi', '-normalize', '-no-tune', '-n-jobs=20', '-symbol-list=BTCUSDT,ETHUSDT,BNBUSDT,XRPUSDT,ADAUSDT,DOGEUSDT,SOLUSDT,TRXUSDT,DOTUSDT,MATICUSDT,LTCUSDT,BCHUSDT,AVAXUSDT,XLMUSDT,LINKUSDT,XMRUSDT,UNIUSDT,ATOMUSDT', '-interval-list=5m', '-estimator-list=knn', '-stop-loss-list=1.0', '-numeric-features=volume,quote_asset_volume,number_of_trades,taker_buy_base_asset_volume,taker_buy_quote_asset_volume', '-regression-PnL-list=72', '-regression-times-list=0', '-start-train-date=2023-01-01', '-start-test-date=2023-07-01']
2023-10-20 22:35:49;BNBUSDT;5m;knn;allknn;1.0;0;72;0.0919;0.7422;0.2212;0.2212;volume,quote_asset_volume,number_of_trades;;0.7;False;2023-01-01;2023-07-22 22:10:00;3;True;<< NOT SAVED >>;['-batch-training', '-calc-rsi', '-normalize', '-no-tune', '-n-jobs=20', '-symbol-list=BTCUSDT,ETHUSDT,BNBUSDT,XRPUSDT,ADAUSDT,DOGEUSDT,SOLUSDT,TRXUSDT,DOTUSDT,MATICUSDT,LTCUSDT,BCHUSDT,AVAXUSDT,XLMUSDT,LINKUSDT,XMRUSDT,UNIUSDT,ATOMUSDT', '-interval-list=5m', '-estimator-list=knn', '-stop-loss-list=1.0', '-numeric-features=volume,quote_asset_volume,number_of_trades,taker_buy_base_asset_volume,taker_buy_quote_asset_volume', '-regression-PnL-list=72', '-regression-times-list=0', '-start-train-date=2023-01-01', '-start-test-date=2023-07-01']
2023-10-20 22:36:32;BNBUSDT;5m;knn;allknn;1.0;0;72;0.0669;0.7526;0.2227;0.2227;volume,quote_asset_volume,taker_buy_quote_asset_volume;;0.7;False;2023-01-01;2023-07-22 22:10:00;3;True;<< NOT SAVED >>;['-batch-training', '-calc-rsi', '-normalize', '-no-tune', '-n-jobs=20', '-symbol-list=BTCUSDT,ETHUSDT,BNBUSDT,XRPUSDT,ADAUSDT,DOGEUSDT,SOLUSDT,TRXUSDT,DOTUSDT,MATICUSDT,LTCUSDT,BCHUSDT,AVAXUSDT,XLMUSDT,LINKUSDT,XMRUSDT,UNIUSDT,ATOMUSDT', '-interval-list=5m', '-estimator-list=knn', '-stop-loss-list=1.0', '-numeric-features=volume,quote_asset_volume,number_of_trades,taker_buy_base_asset_volume,taker_buy_quote_asset_volume', '-regression-PnL-list=72', '-regression-times-list=0', '-start-train-date=2023-01-01', '-start-test-date=2023-07-01']
2023-10-20 22:26:58;BNBUSDT;5m;knn;allknn;1.0;0;72;0.1046;0.7179;0.2246;0.2246;volume,quote_asset_volume;;0.7;False;2023-01-01;2023-07-22 22:10:00;3;True;<< NOT SAVED >>;['-batch-training', '-calc-rsi', '-normalize', '-no-tune', '-n-jobs=20', '-symbol-list=BTCUSDT,ETHUSDT,BNBUSDT,XRPUSDT,ADAUSDT,DOGEUSDT,SOLUSDT,TRXUSDT,DOTUSDT,MATICUSDT,LTCUSDT,BCHUSDT,AVAXUSDT,XLMUSDT,LINKUSDT,XMRUSDT,UNIUSDT,ATOMUSDT', '-interval-list=5m', '-estimator-list=knn', '-stop-loss-list=1.0', '-numeric-features=volume,quote_asset_volume,number_of_trades,taker_buy_base_asset_volume,taker_buy_quote_asset_volume', '-regression-PnL-list=72', '-regression-times-list=0', '-start-train-date=2023-01-01', '-start-test-date=2023-07-01']
2023-10-20 22:55:57;BNBUSDT;5m;knn;allknn;1.0;0;72;0.0919;0.7421;0.225;0.225;volume,quote_asset_volume,number_of_trades,rsi;;0.7;False;2023-01-01;2023-07-22 22:10:00;3;True;<< NOT SAVED >>;['-batch-training', '-calc-rsi', '-normalize', '-no-tune', '-n-jobs=20', '-symbol-list=BTCUSDT,ETHUSDT,BNBUSDT,XRPUSDT,ADAUSDT,DOGEUSDT,SOLUSDT,TRXUSDT,DOTUSDT,MATICUSDT,LTCUSDT,BCHUSDT,AVAXUSDT,XLMUSDT,LINKUSDT,XMRUSDT,UNIUSDT,ATOMUSDT', '-interval-list=5m', '-estimator-list=knn', '-stop-loss-list=1.0', '-numeric-features=volume,quote_asset_volume,number_of_trades,taker_buy_base_asset_volume,taker_buy_quote_asset_volume', '-regression-PnL-list=72', '-regression-times-list=0', '-start-train-date=2023-01-01', '-start-test-date=2023-07-01']
2023-10-20 22:27:38;BNBUSDT;5m;knn;allknn;1.0;0;72;0.0999;0.725;0.2254;0.2254;volume,taker_buy_base_asset_volume;;0.7;False;2023-01-01;2023-07-22 22:10:00;3;True;<< NOT SAVED >>;['-batch-training', '-calc-rsi', '-normalize', '-no-tune', '-n-jobs=20', '-symbol-list=BTCUSDT,ETHUSDT,BNBUSDT,XRPUSDT,ADAUSDT,DOGEUSDT,SOLUSDT,TRXUSDT,DOTUSDT,MATICUSDT,LTCUSDT,BCHUSDT,AVAXUSDT,XLMUSDT,LINKUSDT,XMRUSDT,UNIUSDT,ATOMUSDT', '-interval-list=5m', '-estimator-list=knn', '-stop-loss-list=1.0', '-numeric-features=volume,quote_asset_volume,number_of_trades,taker_buy_base_asset_volume,taker_buy_quote_asset_volume', '-regression-PnL-list=72', '-regression-times-list=0', '-start-train-date=2023-01-01', '-start-test-date=2023-07-01']
2023-10-20 22:26:03;BNBUSDT;5m;knn;repeatededitednearestneighbours;1.0;0;72;0.111;0.6536;0.2289;0.2289;rsi;;0.7;False;2023-01-01;2023-07-22 22:10:00;3;True;<< NOT SAVED >>;['-batch-training', '-calc-rsi', '-normalize', '-no-tune', '-n-jobs=20', '-symbol-list=BTCUSDT,ETHUSDT,BNBUSDT,XRPUSDT,ADAUSDT,DOGEUSDT,SOLUSDT,TRXUSDT,DOTUSDT,MATICUSDT,LTCUSDT,BCHUSDT,AVAXUSDT,XLMUSDT,LINKUSDT,XMRUSDT,UNIUSDT,ATOMUSDT', '-interval-list=5m', '-estimator-list=knn', '-stop-loss-list=1.0', '-numeric-features=volume,quote_asset_volume,number_of_trades,taker_buy_base_asset_volume,taker_buy_quote_asset_volume', '-regression-PnL-list=72', '-regression-times-list=0', '-start-train-date=2023-01-01', '-start-test-date=2023-07-01']
2023-10-20 22:39:40;BNBUSDT;5m;knn;allknn;1.0;0;72;0.1157;0.723;0.2323;0.2323;volume,taker_buy_base_asset_volume,taker_buy_quote_asset_volume;;0.7;False;2023-01-01;2023-07-22 22:10:00;3;True;<< NOT SAVED >>;['-batch-training', '-calc-rsi', '-normalize', '-no-tune', '-n-jobs=20', '-symbol-list=BTCUSDT,ETHUSDT,BNBUSDT,XRPUSDT,ADAUSDT,DOGEUSDT,SOLUSDT,TRXUSDT,DOTUSDT,MATICUSDT,LTCUSDT,BCHUSDT,AVAXUSDT,XLMUSDT,LINKUSDT,XMRUSDT,UNIUSDT,ATOMUSDT', '-interval-list=5m', '-estimator-list=knn', '-stop-loss-list=1.0', '-numeric-features=volume,quote_asset_volume,number_of_trades,taker_buy_base_asset_volume,taker_buy_quote_asset_volume', '-regression-PnL-list=72', '-regression-times-list=0', '-start-train-date=2023-01-01', '-start-test-date=2023-07-01']
2023-10-20 22:36:53;BNBUSDT;5m;knn;allknn;1.0;0;72;0.0961;0.7244;0.2347;0.2347;volume,quote_asset_volume,rsi;;0.7;False;2023-01-01;2023-07-22 22:10:00;3;True;<< NOT SAVED >>;['-batch-training', '-calc-rsi', '-normalize', '-no-tune', '-n-jobs=20', '-symbol-list=BTCUSDT,ETHUSDT,BNBUSDT,XRPUSDT,ADAUSDT,DOGEUSDT,SOLUSDT,TRXUSDT,DOTUSDT,MATICUSDT,LTCUSDT,BCHUSDT,AVAXUSDT,XLMUSDT,LINKUSDT,XMRUSDT,UNIUSDT,ATOMUSDT', '-interval-list=5m', '-estimator-list=knn', '-stop-loss-list=1.0', '-numeric-features=volume,quote_asset_volume,number_of_trades,taker_buy_base_asset_volume,taker_buy_quote_asset_volume', '-regression-PnL-list=72', '-regression-times-list=0', '-start-train-date=2023-01-01', '-start-test-date=2023-07-01']
2023-10-20 22:51:48;BNBUSDT;5m;knn;allknn;1.0;0;72;0.0961;0.7138;0.235;0.235;taker_buy_base_asset_volume,taker_buy_quote_asset_volume,rsi;;0.7;False;2023-01-01;2023-07-22 22:10:00;3;True;<< NOT SAVED >>;['-batch-training', '-calc-rsi', '-normalize', '-no-tune', '-n-jobs=20', '-symbol-list=BTCUSDT,ETHUSDT,BNBUSDT,XRPUSDT,ADAUSDT,DOGEUSDT,SOLUSDT,TRXUSDT,DOTUSDT,MATICUSDT,LTCUSDT,BCHUSDT,AVAXUSDT,XLMUSDT,LINKUSDT,XMRUSDT,UNIUSDT,ATOMUSDT', '-interval-list=5m', '-estimator-list=knn', '-stop-loss-list=1.0', '-numeric-features=volume,quote_asset_volume,number_of_trades,taker_buy_base_asset_volume,taker_buy_quote_asset_volume', '-regression-PnL-list=72', '-regression-times-list=0', '-start-train-date=2023-01-01', '-start-test-date=2023-07-01']
2023-10-29 17:42:28;BNBUSDT;5m;knn;allknn;1.0;0;72;0.021;0.7179;0.235;0.235;close,number_of_trades,rsi;;0.7;False;2023-01-01;2023-07-31 19:40:00;3;True;<< NOT SAVED >>;['-batch-training', '-calc-rsi', '-normalize', '-no-tune', '-n-jobs=20', '-symbol-list=BTCUSDT,ETHUSDT,BNBUSDT,XRPUSDT,ADAUSDT,DOGEUSDT,SOLUSDT,TRXUSDT,DOTUSDT,MATICUSDT,LTCUSDT,BCHUSDT,AVAXUSDT,XLMUSDT,LINKUSDT,XMRUSDT,UNIUSDT,ATOMUSDT', '-interval-list=5m', '-estimator-list=knn', '-stop-loss-list=1.0', '-numeric-features=close,volume,quote_asset_volume,number_of_trades', '-regression-PnL-list=72', '-regression-times-list=0', '-start-train-date=2023-01-01', '-start-test-date=2023-07-01']
2023-10-20 22:25:08;BNBUSDT;5m;knn;instancehardnessthreshold;1.0;0;72;0.2318;0.5903;0.2358;0.2358;number_of_trades;;0.7;False;2023-01-01;2023-07-22 22:10:00;3;True;<< NOT SAVED >>;['-batch-training', '-calc-rsi', '-normalize', '-no-tune', '-n-jobs=20', '-symbol-list=BTCUSDT,ETHUSDT,BNBUSDT,XRPUSDT,ADAUSDT,DOGEUSDT,SOLUSDT,TRXUSDT,DOTUSDT,MATICUSDT,LTCUSDT,BCHUSDT,AVAXUSDT,XLMUSDT,LINKUSDT,XMRUSDT,UNIUSDT,ATOMUSDT', '-interval-list=5m', '-estimator-list=knn', '-stop-loss-list=1.0', '-numeric-features=volume,quote_asset_volume,number_of_trades,taker_buy_base_asset_volume,taker_buy_quote_asset_volume', '-regression-PnL-list=72', '-regression-times-list=0', '-start-train-date=2023-01-01', '-start-test-date=2023-07-01']
2023-10-20 22:27:57;BNBUSDT;5m;knn;allknn;1.0;0;72;0.0786;0.7314;0.2358;0.2358;volume,taker_buy_quote_asset_volume;;0.7;False;2023-01-01;2023-07-22 22:10:00;3;True;<< NOT SAVED >>;['-batch-training', '-calc-rsi', '-normalize', '-no-tune', '-n-jobs=20', '-symbol-list=BTCUSDT,ETHUSDT,BNBUSDT,XRPUSDT,ADAUSDT,DOGEUSDT,SOLUSDT,TRXUSDT,DOTUSDT,MATICUSDT,LTCUSDT,BCHUSDT,AVAXUSDT,XLMUSDT,LINKUSDT,XMRUSDT,UNIUSDT,ATOMUSDT', '-interval-list=5m', '-estimator-list=knn', '-stop-loss-list=1.0', '-numeric-features=volume,quote_asset_volume,number_of_trades,taker_buy_base_asset_volume,taker_buy_quote_asset_volume', '-regression-PnL-list=72', '-regression-times-list=0', '-start-train-date=2023-01-01', '-start-test-date=2023-07-01']
2023-10-20 22:26:19;BNBUSDT;5m;knn;repeatededitednearestneighbours;1.0;0;72;0.051;0.6791;0.2362;0.2362;ema_72p;;0.7;False;2023-01-01;2023-07-22 22:10:00;3;True;<< NOT SAVED >>;['-batch-training', '-calc-rsi', '-normalize', '-no-tune', '-n-jobs=20', '-symbol-list=BTCUSDT,ETHUSDT,BNBUSDT,XRPUSDT,ADAUSDT,DOGEUSDT,SOLUSDT,TRXUSDT,DOTUSDT,MATICUSDT,LTCUSDT,BCHUSDT,AVAXUSDT,XLMUSDT,LINKUSDT,XMRUSDT,UNIUSDT,ATOMUSDT', '-interval-list=5m', '-estimator-list=knn', '-stop-loss-list=1.0', '-numeric-features=volume,quote_asset_volume,number_of_trades,taker_buy_base_asset_volume,taker_buy_quote_asset_volume', '-regression-PnL-list=72', '-regression-times-list=0', '-start-train-date=2023-01-01', '-start-test-date=2023-07-01']
2023-10-20 22:26:23;BNBUSDT;5m;knn;allknn;1.0;0;72;0.051;0.6793;0.2362;0.2362;ema_72p;;0.7;False;2023-01-01;2023-07-22 22:10:00;3;True;<< NOT SAVED >>;['-batch-training', '-calc-rsi', '-normalize', '-no-tune', '-n-jobs=20', '-symbol-list=BTCUSDT,ETHUSDT,BNBUSDT,XRPUSDT,ADAUSDT,DOGEUSDT,SOLUSDT,TRXUSDT,DOTUSDT,MATICUSDT,LTCUSDT,BCHUSDT,AVAXUSDT,XLMUSDT,LINKUSDT,XMRUSDT,UNIUSDT,ATOMUSDT', '-interval-list=5m', '-estimator-list=knn', '-stop-loss-list=1.0', '-numeric-features=volume,quote_asset_volume,number_of_trades,taker_buy_base_asset_volume,taker_buy_quote_asset_volume', '-regression-PnL-list=72', '-regression-times-list=0', '-start-train-date=2023-01-01', '-start-test-date=2023-07-01']
2023-10-29 17:53:31;BNBUSDT;5m;knn;allknn;1.0;0;72;0.0579;0.6804;0.2379;0.2379;close,volume,quote_asset_volume,number_of_trades,rsi;;0.7;False;2023-01-01;2023-07-31 19:40:00;3;True;<< NOT SAVED >>;['-batch-training', '-calc-rsi', '-normalize', '-no-tune', '-n-jobs=20', '-symbol-list=BTCUSDT,ETHUSDT,BNBUSDT,XRPUSDT,ADAUSDT,DOGEUSDT,SOLUSDT,TRXUSDT,DOTUSDT,MATICUSDT,LTCUSDT,BCHUSDT,AVAXUSDT,XLMUSDT,LINKUSDT,XMRUSDT,UNIUSDT,ATOMUSDT', '-interval-list=5m', '-estimator-list=knn', '-stop-loss-list=1.0', '-numeric-features=close,volume,quote_asset_volume,number_of_trades', '-regression-PnL-list=72', '-regression-times-list=0', '-start-train-date=2023-01-01', '-start-test-date=2023-07-01']
2023-10-29 17:37:51;BNBUSDT;5m;knn;allknn;1.0;0;72;0.0037;0.7009;0.2385;0.2385;close,rsi;;0.7;False;2023-01-01;2023-07-31 19:40:00;3;True;<< NOT SAVED >>;['-batch-training', '-calc-rsi', '-normalize', '-no-tune', '-n-jobs=20', '-symbol-list=BTCUSDT,ETHUSDT,BNBUSDT,XRPUSDT,ADAUSDT,DOGEUSDT,SOLUSDT,TRXUSDT,DOTUSDT,MATICUSDT,LTCUSDT,BCHUSDT,AVAXUSDT,XLMUSDT,LINKUSDT,XMRUSDT,UNIUSDT,ATOMUSDT', '-interval-list=5m', '-estimator-list=knn', '-stop-loss-list=1.0', '-numeric-features=close,volume,quote_asset_volume,number_of_trades', '-regression-PnL-list=72', '-regression-times-list=0', '-start-train-date=2023-01-01', '-start-test-date=2023-07-01']
2023-10-20 23:37:48;BNBUSDT;5m;knn;allknn;1.0;0;72;0.0568;0.758;0.2412;0.2412;quote_asset_volume,number_of_trades,taker_buy_quote_asset_volume,rsi,ema_200p;;0.7;False;2023-01-01;2023-07-22 22:10:00;3;True;<< NOT SAVED >>;['-batch-training', '-calc-rsi', '-normalize', '-no-tune', '-n-jobs=20', '-symbol-list=BTCUSDT,ETHUSDT,BNBUSDT,XRPUSDT,ADAUSDT,DOGEUSDT,SOLUSDT,TRXUSDT,DOTUSDT,MATICUSDT,LTCUSDT,BCHUSDT,AVAXUSDT,XLMUSDT,LINKUSDT,XMRUSDT,UNIUSDT,ATOMUSDT', '-interval-list=5m', '-estimator-list=knn', '-stop-loss-list=1.0', '-numeric-features=volume,quote_asset_volume,number_of_trades,taker_buy_base_asset_volume,taker_buy_quote_asset_volume', '-regression-PnL-list=72', '-regression-times-list=0', '-start-train-date=2023-01-01', '-start-test-date=2023-07-01']
2023-10-20 22:26:35;BNBUSDT;5m;knn;repeatededitednearestneighbours;1.0;0;72;0.058;0.7058;0.242;0.242;ema_200p;;0.7;False;2023-01-01;2023-07-22 22:10:00;3;True;<< NOT SAVED >>;['-batch-training', '-calc-rsi', '-normalize', '-no-tune', '-n-jobs=20', '-symbol-list=BTCUSDT,ETHUSDT,BNBUSDT,XRPUSDT,ADAUSDT,DOGEUSDT,SOLUSDT,TRXUSDT,DOTUSDT,MATICUSDT,LTCUSDT,BCHUSDT,AVAXUSDT,XLMUSDT,LINKUSDT,XMRUSDT,UNIUSDT,ATOMUSDT', '-interval-list=5m', '-estimator-list=knn', '-stop-loss-list=1.0', '-numeric-features=volume,quote_asset_volume,number_of_trades,taker_buy_base_asset_volume,taker_buy_quote_asset_volume', '-regression-PnL-list=72', '-regression-times-list=0', '-start-train-date=2023-01-01', '-start-test-date=2023-07-01']
2023-10-20 22:26:39;BNBUSDT;5m;knn;allknn;1.0;0;72;0.058;0.7044;0.242;0.242;ema_200p;;0.7;False;2023-01-01;2023-07-22 22:10:00;3;True;<< NOT SAVED >>;['-batch-training', '-calc-rsi', '-normalize', '-no-tune', '-n-jobs=20', '-symbol-list=BTCUSDT,ETHUSDT,BNBUSDT,XRPUSDT,ADAUSDT,DOGEUSDT,SOLUSDT,TRXUSDT,DOTUSDT,MATICUSDT,LTCUSDT,BCHUSDT,AVAXUSDT,XLMUSDT,LINKUSDT,XMRUSDT,UNIUSDT,ATOMUSDT', '-interval-list=5m', '-estimator-list=knn', '-stop-loss-list=1.0', '-numeric-features=volume,quote_asset_volume,number_of_trades,taker_buy_base_asset_volume,taker_buy_quote_asset_volume', '-regression-PnL-list=72', '-regression-times-list=0', '-start-train-date=2023-01-01', '-start-test-date=2023-07-01']
2023-10-20 22:26:15;BNBUSDT;5m;knn;instancehardnessthreshold;1.0;0;72;0.064;0.6548;0.2428;0.2428;ema_72p;;0.7;False;2023-01-01;2023-07-22 22:10:00;3;True;<< NOT SAVED >>;['-batch-training', '-calc-rsi', '-normalize', '-no-tune', '-n-jobs=20', '-symbol-list=BTCUSDT,ETHUSDT,BNBUSDT,XRPUSDT,ADAUSDT,DOGEUSDT,SOLUSDT,TRXUSDT,DOTUSDT,MATICUSDT,LTCUSDT,BCHUSDT,AVAXUSDT,XLMUSDT,LINKUSDT,XMRUSDT,UNIUSDT,ATOMUSDT', '-interval-list=5m', '-estimator-list=knn', '-stop-loss-list=1.0', '-numeric-features=volume,quote_asset_volume,number_of_trades,taker_buy_base_asset_volume,taker_buy_quote_asset_volume', '-regression-PnL-list=72', '-regression-times-list=0', '-start-train-date=2023-01-01', '-start-test-date=2023-07-01']
2023-10-29 17:49:07;BNBUSDT;5m;knn;allknn;1.0;0;72;0.0216;0.691;0.2433;0.2433;close,quote_asset_volume,number_of_trades,rsi;;0.7;False;2023-01-01;2023-07-31 19:40:00;3;True;<< NOT SAVED >>;['-batch-training', '-calc-rsi', '-normalize', '-no-tune', '-n-jobs=20', '-symbol-list=BTCUSDT,ETHUSDT,BNBUSDT,XRPUSDT,ADAUSDT,DOGEUSDT,SOLUSDT,TRXUSDT,DOTUSDT,MATICUSDT,LTCUSDT,BCHUSDT,AVAXUSDT,XLMUSDT,LINKUSDT,XMRUSDT,UNIUSDT,ATOMUSDT', '-interval-list=5m', '-estimator-list=knn', '-stop-loss-list=1.0', '-numeric-features=close,volume,quote_asset_volume,number_of_trades', '-regression-PnL-list=72', '-regression-times-list=0', '-start-train-date=2023-01-01', '-start-test-date=2023-07-01']
2023-10-20 23:04:28;BNBUSDT;5m;knn;allknn;1.0;0;72;0.0964;0.7203;0.2439;0.2439;volume,taker_buy_base_asset_volume,taker_buy_quote_asset_volume,rsi;;0.7;False;2023-01-01;2023-07-22 22:10:00;3;True;<< NOT SAVED >>;['-batch-training', '-calc-rsi', '-normalize', '-no-tune', '-n-jobs=20', '-symbol-list=BTCUSDT,ETHUSDT,BNBUSDT,XRPUSDT,ADAUSDT,DOGEUSDT,SOLUSDT,TRXUSDT,DOTUSDT,MATICUSDT,LTCUSDT,BCHUSDT,AVAXUSDT,XLMUSDT,LINKUSDT,XMRUSDT,UNIUSDT,ATOMUSDT', '-interval-list=5m', '-estimator-list=knn', '-stop-loss-list=1.0', '-numeric-features=volume,quote_asset_volume,number_of_trades,taker_buy_base_asset_volume,taker_buy_quote_asset_volume', '-regression-PnL-list=72', '-regression-times-list=0', '-start-train-date=2023-01-01', '-start-test-date=2023-07-01']
2023-10-20 23:56:24;BNBUSDT;5m;knn;allknn;1.0;0;72;0.0615;0.7529;0.2443;0.2443;volume,quote_asset_volume,number_of_trades,taker_buy_base_asset_volume,taker_buy_quote_asset_volume,rsi,ema_200p;;0.7;False;2023-01-01;2023-07-22 22:10:00;3;True;<< NOT SAVED >>;['-batch-training', '-calc-rsi', '-normalize', '-no-tune', '-n-jobs=20', '-symbol-list=BTCUSDT,ETHUSDT,BNBUSDT,XRPUSDT,ADAUSDT,DOGEUSDT,SOLUSDT,TRXUSDT,DOTUSDT,MATICUSDT,LTCUSDT,BCHUSDT,AVAXUSDT,XLMUSDT,LINKUSDT,XMRUSDT,UNIUSDT,ATOMUSDT', '-interval-list=5m', '-estimator-list=knn', '-stop-loss-list=1.0', '-numeric-features=volume,quote_asset_volume,number_of_trades,taker_buy_base_asset_volume,taker_buy_quote_asset_volume', '-regression-PnL-list=72', '-regression-times-list=0', '-start-train-date=2023-01-01', '-start-test-date=2023-07-01']
2023-10-20 22:41:05;BNBUSDT;5m;knn;allknn;1.0;0;72;0.0783;0.7348;0.2447;0.2447;volume,taker_buy_quote_asset_volume,rsi;;0.7;False;2023-01-01;2023-07-22 22:10:00;3;True;<< NOT SAVED >>;['-batch-training', '-calc-rsi', '-normalize', '-no-tune', '-n-jobs=20', '-symbol-list=BTCUSDT,ETHUSDT,BNBUSDT,XRPUSDT,ADAUSDT,DOGEUSDT,SOLUSDT,TRXUSDT,DOTUSDT,MATICUSDT,LTCUSDT,BCHUSDT,AVAXUSDT,XLMUSDT,LINKUSDT,XMRUSDT,UNIUSDT,ATOMUSDT', '-interval-list=5m', '-estimator-list=knn', '-stop-loss-list=1.0', '-numeric-features=volume,quote_asset_volume,number_of_trades,taker_buy_base_asset_volume,taker_buy_quote_asset_volume', '-regression-PnL-list=72', '-regression-times-list=0', '-start-train-date=2023-01-01', '-start-test-date=2023-07-01']
2023-10-20 22:40:02;BNBUSDT;5m;knn;allknn;1.0;0;72;0.0932;0.7228;0.2466;0.2466;volume,taker_buy_base_asset_volume,rsi;;0.7;False;2023-01-01;2023-07-22 22:10:00;3;True;<< NOT SAVED >>;['-batch-training', '-calc-rsi', '-normalize', '-no-tune', '-n-jobs=20', '-symbol-list=BTCUSDT,ETHUSDT,BNBUSDT,XRPUSDT,ADAUSDT,DOGEUSDT,SOLUSDT,TRXUSDT,DOTUSDT,MATICUSDT,LTCUSDT,BCHUSDT,AVAXUSDT,XLMUSDT,LINKUSDT,XMRUSDT,UNIUSDT,ATOMUSDT', '-interval-list=5m', '-estimator-list=knn', '-stop-loss-list=1.0', '-numeric-features=volume,quote_asset_volume,number_of_trades,taker_buy_base_asset_volume,taker_buy_quote_asset_volume', '-regression-PnL-list=72', '-regression-times-list=0', '-start-train-date=2023-01-01', '-start-test-date=2023-07-01']
2023-10-20 23:38:57;BNBUSDT;5m;knn;allknn;1.0;0;72;0.0596;0.7465;0.2474;0.2474;quote_asset_volume,taker_buy_base_asset_volume,taker_buy_quote_asset_volume,rsi,ema_72p;;0.7;False;2023-01-01;2023-07-22 22:10:00;3;True;<< NOT SAVED >>;['-batch-training', '-calc-rsi', '-normalize', '-no-tune', '-n-jobs=20', '-symbol-list=BTCUSDT,ETHUSDT,BNBUSDT,XRPUSDT,ADAUSDT,DOGEUSDT,SOLUSDT,TRXUSDT,DOTUSDT,MATICUSDT,LTCUSDT,BCHUSDT,AVAXUSDT,XLMUSDT,LINKUSDT,XMRUSDT,UNIUSDT,ATOMUSDT', '-interval-list=5m', '-estimator-list=knn', '-stop-loss-list=1.0', '-numeric-features=volume,quote_asset_volume,number_of_trades,taker_buy_base_asset_volume,taker_buy_quote_asset_volume', '-regression-PnL-list=72', '-regression-times-list=0', '-start-train-date=2023-01-01', '-start-test-date=2023-07-01']
2023-10-29 17:37:44;BNBUSDT;5m;knn;repeatededitednearestneighbours;1.0;0;72;0.0009;0.6981;0.2501;0.2501;close,rsi;;0.7;False;2023-01-01;2023-07-31 19:40:00;3;True;<< NOT SAVED >>;['-batch-training', '-calc-rsi', '-normalize', '-no-tune', '-n-jobs=20', '-symbol-list=BTCUSDT,ETHUSDT,BNBUSDT,XRPUSDT,ADAUSDT,DOGEUSDT,SOLUSDT,TRXUSDT,DOTUSDT,MATICUSDT,LTCUSDT,BCHUSDT,AVAXUSDT,XLMUSDT,LINKUSDT,XMRUSDT,UNIUSDT,ATOMUSDT', '-interval-list=5m', '-estimator-list=knn', '-stop-loss-list=1.0', '-numeric-features=close,volume,quote_asset_volume,number_of_trades', '-regression-PnL-list=72', '-regression-times-list=0', '-start-train-date=2023-01-01', '-start-test-date=2023-07-01']
2023-10-20 22:51:07;BNBUSDT;5m;knn;allknn;1.0;0;72;0.0812;0.7358;0.2505;0.2505;number_of_trades,rsi,ema_200p;;0.7;False;2023-01-01;2023-07-22 22:10:00;3;True;<< NOT SAVED >>;['-batch-training', '-calc-rsi', '-normalize', '-no-tune', '-n-jobs=20', '-symbol-list=BTCUSDT,ETHUSDT,BNBUSDT,XRPUSDT,ADAUSDT,DOGEUSDT,SOLUSDT,TRXUSDT,DOTUSDT,MATICUSDT,LTCUSDT,BCHUSDT,AVAXUSDT,XLMUSDT,LINKUSDT,XMRUSDT,UNIUSDT,ATOMUSDT', '-interval-list=5m', '-estimator-list=knn', '-stop-loss-list=1.0', '-numeric-features=volume,quote_asset_volume,number_of_trades,taker_buy_base_asset_volume,taker_buy_quote_asset_volume', '-regression-PnL-list=72', '-regression-times-list=0', '-start-train-date=2023-01-01', '-start-test-date=2023-07-01']
2023-10-20 23:46:27;BNBUSDT;5m;knn;allknn;1.0;0;72;0.0723;0.7487;0.2509;0.2509;volume,quote_asset_volume,number_of_trades,taker_buy_quote_asset_volume,rsi,ema_200p;;0.7;False;2023-01-01;2023-07-22 22:10:00;3;True;<< NOT SAVED >>;['-batch-training', '-calc-rsi', '-normalize', '-no-tune', '-n-jobs=20', '-symbol-list=BTCUSDT,ETHUSDT,BNBUSDT,XRPUSDT,ADAUSDT,DOGEUSDT,SOLUSDT,TRXUSDT,DOTUSDT,MATICUSDT,LTCUSDT,BCHUSDT,AVAXUSDT,XLMUSDT,LINKUSDT,XMRUSDT,UNIUSDT,ATOMUSDT', '-interval-list=5m', '-estimator-list=knn', '-stop-loss-list=1.0', '-numeric-features=volume,quote_asset_volume,number_of_trades,taker_buy_base_asset_volume,taker_buy_quote_asset_volume', '-regression-PnL-list=72', '-regression-times-list=0', '-start-train-date=2023-01-01', '-start-test-date=2023-07-01']
2023-10-20 23:53:11;BNBUSDT;5m;knn;allknn;1.0;0;72;0.0621;0.754;0.252;0.252;quote_asset_volume,number_of_trades,taker_buy_base_asset_volume,taker_buy_quote_asset_volume,rsi,ema_200p;;0.7;False;2023-01-01;2023-07-22 22:10:00;3;True;<< NOT SAVED >>;['-batch-training', '-calc-rsi', '-normalize', '-no-tune', '-n-jobs=20', '-symbol-list=BTCUSDT,ETHUSDT,BNBUSDT,XRPUSDT,ADAUSDT,DOGEUSDT,SOLUSDT,TRXUSDT,DOTUSDT,MATICUSDT,LTCUSDT,BCHUSDT,AVAXUSDT,XLMUSDT,LINKUSDT,XMRUSDT,UNIUSDT,ATOMUSDT', '-interval-list=5m', '-estimator-list=knn', '-stop-loss-list=1.0', '-numeric-features=volume,quote_asset_volume,number_of_trades,taker_buy_base_asset_volume,taker_buy_quote_asset_volume', '-regression-PnL-list=72', '-regression-times-list=0', '-start-train-date=2023-01-01', '-start-test-date=2023-07-01']
2023-10-20 23:39:21;BNBUSDT;5m;knn;allknn;1.0;0;72;0.0631;0.749;0.252;0.252;quote_asset_volume,taker_buy_base_asset_volume,taker_buy_quote_asset_volume,rsi,ema_200p;;0.7;False;2023-01-01;2023-07-22 22:10:00;3;True;<< NOT SAVED >>;['-batch-training', '-calc-rsi', '-normalize', '-no-tune', '-n-jobs=20', '-symbol-list=BTCUSDT,ETHUSDT,BNBUSDT,XRPUSDT,ADAUSDT,DOGEUSDT,SOLUSDT,TRXUSDT,DOTUSDT,MATICUSDT,LTCUSDT,BCHUSDT,AVAXUSDT,XLMUSDT,LINKUSDT,XMRUSDT,UNIUSDT,ATOMUSDT', '-interval-list=5m', '-estimator-list=knn', '-stop-loss-list=1.0', '-numeric-features=volume,quote_asset_volume,number_of_trades,taker_buy_base_asset_volume,taker_buy_quote_asset_volume', '-regression-PnL-list=72', '-regression-times-list=0', '-start-train-date=2023-01-01', '-start-test-date=2023-07-01']
2023-10-20 23:56:12;BNBUSDT;5m;knn;instancehardnessthreshold;1.0;0;72;0.2324;0.6278;0.254;0.254;volume,quote_asset_volume,number_of_trades,taker_buy_base_asset_volume,taker_buy_quote_asset_volume,rsi,ema_200p;;0.7;False;2023-01-01;2023-07-22 22:10:00;3;True;<< NOT SAVED >>;['-batch-training', '-calc-rsi', '-normalize', '-no-tune', '-n-jobs=20', '-symbol-list=BTCUSDT,ETHUSDT,BNBUSDT,XRPUSDT,ADAUSDT,DOGEUSDT,SOLUSDT,TRXUSDT,DOTUSDT,MATICUSDT,LTCUSDT,BCHUSDT,AVAXUSDT,XLMUSDT,LINKUSDT,XMRUSDT,UNIUSDT,ATOMUSDT', '-interval-list=5m', '-estimator-list=knn', '-stop-loss-list=1.0', '-numeric-features=volume,quote_asset_volume,number_of_trades,taker_buy_base_asset_volume,taker_buy_quote_asset_volume', '-regression-PnL-list=72', '-regression-times-list=0', '-start-train-date=2023-01-01', '-start-test-date=2023-07-01']
2023-10-20 23:50:15;BNBUSDT;5m;knn;instancehardnessthreshold;1.0;0;72;0.2267;0.6264;0.2547;0.2547;volume,number_of_trades,taker_buy_base_asset_volume,taker_buy_quote_asset_volume,rsi,ema_200p;;0.7;False;2023-01-01;2023-07-22 22:10:00;3;True;<< NOT SAVED >>;['-batch-training', '-calc-rsi', '-normalize', '-no-tune', '-n-jobs=20', '-symbol-list=BTCUSDT,ETHUSDT,BNBUSDT,XRPUSDT,ADAUSDT,DOGEUSDT,SOLUSDT,TRXUSDT,DOTUSDT,MATICUSDT,LTCUSDT,BCHUSDT,AVAXUSDT,XLMUSDT,LINKUSDT,XMRUSDT,UNIUSDT,ATOMUSDT', '-interval-list=5m', '-estimator-list=knn', '-stop-loss-list=1.0', '-numeric-features=volume,quote_asset_volume,number_of_trades,taker_buy_base_asset_volume,taker_buy_quote_asset_volume', '-regression-PnL-list=72', '-regression-times-list=0', '-start-train-date=2023-01-01', '-start-test-date=2023-07-01']
2023-10-20 23:46:15;BNBUSDT;5m;knn;instancehardnessthreshold;1.0;0;72;0.2289;0.6186;0.2555;0.2555;volume,quote_asset_volume,number_of_trades,taker_buy_quote_asset_volume,rsi,ema_200p;;0.7;False;2023-01-01;2023-07-22 22:10:00;3;True;<< NOT SAVED >>;['-batch-training', '-calc-rsi', '-normalize', '-no-tune', '-n-jobs=20', '-symbol-list=BTCUSDT,ETHUSDT,BNBUSDT,XRPUSDT,ADAUSDT,DOGEUSDT,SOLUSDT,TRXUSDT,DOTUSDT,MATICUSDT,LTCUSDT,BCHUSDT,AVAXUSDT,XLMUSDT,LINKUSDT,XMRUSDT,UNIUSDT,ATOMUSDT', '-interval-list=5m', '-estimator-list=knn', '-stop-loss-list=1.0', '-numeric-features=volume,quote_asset_volume,number_of_trades,taker_buy_base_asset_volume,taker_buy_quote_asset_volume', '-regression-PnL-list=72', '-regression-times-list=0', '-start-train-date=2023-01-01', '-start-test-date=2023-07-01']
2023-10-20 22:26:31;BNBUSDT;5m;knn;instancehardnessthreshold;1.0;0;72;0.0751;0.6823;0.2559;0.2559;ema_200p;;0.7;False;2023-01-01;2023-07-22 22:10:00;3;True;<< NOT SAVED >>;['-batch-training', '-calc-rsi', '-normalize', '-no-tune', '-n-jobs=20', '-symbol-list=BTCUSDT,ETHUSDT,BNBUSDT,XRPUSDT,ADAUSDT,DOGEUSDT,SOLUSDT,TRXUSDT,DOTUSDT,MATICUSDT,LTCUSDT,BCHUSDT,AVAXUSDT,XLMUSDT,LINKUSDT,XMRUSDT,UNIUSDT,ATOMUSDT', '-interval-list=5m', '-estimator-list=knn', '-stop-loss-list=1.0', '-numeric-features=volume,quote_asset_volume,number_of_trades,taker_buy_base_asset_volume,taker_buy_quote_asset_volume', '-regression-PnL-list=72', '-regression-times-list=0', '-start-train-date=2023-01-01', '-start-test-date=2023-07-01']
2023-10-20 23:49:47;BNBUSDT;5m;knn;instancehardnessthreshold;1.0;0;72;0.2295;0.6287;0.2563;0.2563;volume,number_of_trades,taker_buy_base_asset_volume,taker_buy_quote_asset_volume,rsi,ema_72p;;0.7;False;2023-01-01;2023-07-22 22:10:00;3;True;<< NOT SAVED >>;['-batch-training', '-calc-rsi', '-normalize', '-no-tune', '-n-jobs=20', '-symbol-list=BTCUSDT,ETHUSDT,BNBUSDT,XRPUSDT,ADAUSDT,DOGEUSDT,SOLUSDT,TRXUSDT,DOTUSDT,MATICUSDT,LTCUSDT,BCHUSDT,AVAXUSDT,XLMUSDT,LINKUSDT,XMRUSDT,UNIUSDT,ATOMUSDT', '-interval-list=5m', '-estimator-list=knn', '-stop-loss-list=1.0', '-numeric-features=volume,quote_asset_volume,number_of_trades,taker_buy_base_asset_volume,taker_buy_quote_asset_volume', '-regression-PnL-list=72', '-regression-times-list=0', '-start-train-date=2023-01-01', '-start-test-date=2023-07-01']
2023-10-20 23:26:18;BNBUSDT;5m;knn;allknn;1.0;0;72;0.0973;0.7131;0.2567;0.2567;volume,quote_asset_volume,taker_buy_base_asset_volume,rsi,ema_72p;;0.7;False;2023-01-01;2023-07-22 22:10:00;3;True;<< NOT SAVED >>;['-batch-training', '-calc-rsi', '-normalize', '-no-tune', '-n-jobs=20', '-symbol-list=BTCUSDT,ETHUSDT,BNBUSDT,XRPUSDT,ADAUSDT,DOGEUSDT,SOLUSDT,TRXUSDT,DOTUSDT,MATICUSDT,LTCUSDT,BCHUSDT,AVAXUSDT,XLMUSDT,LINKUSDT,XMRUSDT,UNIUSDT,ATOMUSDT', '-interval-list=5m', '-estimator-list=knn', '-stop-loss-list=1.0', '-numeric-features=volume,quote_asset_volume,number_of_trades,taker_buy_base_asset_volume,taker_buy_quote_asset_volume', '-regression-PnL-list=72', '-regression-times-list=0', '-start-train-date=2023-01-01', '-start-test-date=2023-07-01']
2023-10-29 17:39:46;BNBUSDT;5m;knn;allknn;1.0;0;72;0.0438;0.7034;0.2567;0.2567;close,volume,rsi;;0.7;False;2023-01-01;2023-07-31 19:40:00;3;True;<< NOT SAVED >>;['-batch-training', '-calc-rsi', '-normalize', '-no-tune', '-n-jobs=20', '-symbol-list=BTCUSDT,ETHUSDT,BNBUSDT,XRPUSDT,ADAUSDT,DOGEUSDT,SOLUSDT,TRXUSDT,DOTUSDT,MATICUSDT,LTCUSDT,BCHUSDT,AVAXUSDT,XLMUSDT,LINKUSDT,XMRUSDT,UNIUSDT,ATOMUSDT', '-interval-list=5m', '-estimator-list=knn', '-stop-loss-list=1.0', '-numeric-features=close,volume,quote_asset_volume,number_of_trades', '-regression-PnL-list=72', '-regression-times-list=0', '-start-train-date=2023-01-01', '-start-test-date=2023-07-01']
2023-10-20 23:10:49;BNBUSDT;5m;knn;allknn;1.0;0;72;0.059;0.7305;0.257;0.257;quote_asset_volume,number_of_trades,rsi,ema_72p;;0.7;False;2023-01-01;2023-07-22 22:10:00;3;True;<< NOT SAVED >>;['-batch-training', '-calc-rsi', '-normalize', '-no-tune', '-n-jobs=20', '-symbol-list=BTCUSDT,ETHUSDT,BNBUSDT,XRPUSDT,ADAUSDT,DOGEUSDT,SOLUSDT,TRXUSDT,DOTUSDT,MATICUSDT,LTCUSDT,BCHUSDT,AVAXUSDT,XLMUSDT,LINKUSDT,XMRUSDT,UNIUSDT,ATOMUSDT', '-interval-list=5m', '-estimator-list=knn', '-stop-loss-list=1.0', '-numeric-features=volume,quote_asset_volume,number_of_trades,taker_buy_base_asset_volume,taker_buy_quote_asset_volume', '-regression-PnL-list=72', '-regression-times-list=0', '-start-train-date=2023-01-01', '-start-test-date=2023-07-01']
2023-10-20 23:11:12;BNBUSDT;5m;knn;allknn;1.0;0;72;0.0539;0.7373;0.2582;0.2582;quote_asset_volume,number_of_trades,rsi,ema_200p;;0.7;False;2023-01-01;2023-07-22 22:10:00;3;True;<< NOT SAVED >>;['-batch-training', '-calc-rsi', '-normalize', '-no-tune', '-n-jobs=20', '-symbol-list=BTCUSDT,ETHUSDT,BNBUSDT,XRPUSDT,ADAUSDT,DOGEUSDT,SOLUSDT,TRXUSDT,DOTUSDT,MATICUSDT,LTCUSDT,BCHUSDT,AVAXUSDT,XLMUSDT,LINKUSDT,XMRUSDT,UNIUSDT,ATOMUSDT', '-interval-list=5m', '-estimator-list=knn', '-stop-loss-list=1.0', '-numeric-features=volume,quote_asset_volume,number_of_trades,taker_buy_base_asset_volume,taker_buy_quote_asset_volume', '-regression-PnL-list=72', '-regression-times-list=0', '-start-train-date=2023-01-01', '-start-test-date=2023-07-01']
2023-10-20 23:47:45;BNBUSDT;5m;knn;allknn;1.0;0;72;0.0577;0.7474;0.259;0.259;volume,quote_asset_volume,taker_buy_base_asset_volume,taker_buy_quote_asset_volume,rsi,ema_72p;;0.7;False;2023-01-01;2023-07-22 22:10:00;3;True;<< NOT SAVED >>;['-batch-training', '-calc-rsi', '-normalize', '-no-tune', '-n-jobs=20', '-symbol-list=BTCUSDT,ETHUSDT,BNBUSDT,XRPUSDT,ADAUSDT,DOGEUSDT,SOLUSDT,TRXUSDT,DOTUSDT,MATICUSDT,LTCUSDT,BCHUSDT,AVAXUSDT,XLMUSDT,LINKUSDT,XMRUSDT,UNIUSDT,ATOMUSDT', '-interval-list=5m', '-estimator-list=knn', '-stop-loss-list=1.0', '-numeric-features=volume,quote_asset_volume,number_of_trades,taker_buy_base_asset_volume,taker_buy_quote_asset_volume', '-regression-PnL-list=72', '-regression-times-list=0', '-start-train-date=2023-01-01', '-start-test-date=2023-07-01']
2023-10-20 22:53:10;BNBUSDT;5m;knn;allknn;1.0;0;72;0.1107;0.7132;0.2594;0.2594;taker_buy_base_asset_volume,rsi,ema_200p;;0.7;False;2023-01-01;2023-07-22 22:10:00;3;True;<< NOT SAVED >>;['-batch-training', '-calc-rsi', '-normalize', '-no-tune', '-n-jobs=20', '-symbol-list=BTCUSDT,ETHUSDT,BNBUSDT,XRPUSDT,ADAUSDT,DOGEUSDT,SOLUSDT,TRXUSDT,DOTUSDT,MATICUSDT,LTCUSDT,BCHUSDT,AVAXUSDT,XLMUSDT,LINKUSDT,XMRUSDT,UNIUSDT,ATOMUSDT', '-interval-list=5m', '-estimator-list=knn', '-stop-loss-list=1.0', '-numeric-features=volume,quote_asset_volume,number_of_trades,taker_buy_base_asset_volume,taker_buy_quote_asset_volume', '-regression-PnL-list=72', '-regression-times-list=0', '-start-train-date=2023-01-01', '-start-test-date=2023-07-01']
2023-10-20 23:44:53;BNBUSDT;5m;knn;instancehardnessthreshold;1.0;0;72;0.2305;0.6227;0.2594;0.2594;volume,quote_asset_volume,number_of_trades,taker_buy_base_asset_volume,rsi,ema_200p;;0.7;False;2023-01-01;2023-07-22 22:10:00;3;True;<< NOT SAVED >>;['-batch-training', '-calc-rsi', '-normalize', '-no-tune', '-n-jobs=20', '-symbol-list=BTCUSDT,ETHUSDT,BNBUSDT,XRPUSDT,ADAUSDT,DOGEUSDT,SOLUSDT,TRXUSDT,DOTUSDT,MATICUSDT,LTCUSDT,BCHUSDT,AVAXUSDT,XLMUSDT,LINKUSDT,XMRUSDT,UNIUSDT,ATOMUSDT', '-interval-list=5m', '-estimator-list=knn', '-stop-loss-list=1.0', '-numeric-features=volume,quote_asset_volume,number_of_trades,taker_buy_base_asset_volume,taker_buy_quote_asset_volume', '-regression-PnL-list=72', '-regression-times-list=0', '-start-train-date=2023-01-01', '-start-test-date=2023-07-01']
2023-10-20 22:25:59;BNBUSDT;5m;knn;instancehardnessthreshold;1.0;0;72;0.26;0.5005;0.252;0.26;rsi;;0.7;False;2023-01-01;2023-07-22 22:10:00;3;True;<< NOT SAVED >>;['-batch-training', '-calc-rsi', '-normalize', '-no-tune', '-n-jobs=20', '-symbol-list=BTCUSDT,ETHUSDT,BNBUSDT,XRPUSDT,ADAUSDT,DOGEUSDT,SOLUSDT,TRXUSDT,DOTUSDT,MATICUSDT,LTCUSDT,BCHUSDT,AVAXUSDT,XLMUSDT,LINKUSDT,XMRUSDT,UNIUSDT,ATOMUSDT', '-interval-list=5m', '-estimator-list=knn', '-stop-loss-list=1.0', '-numeric-features=volume,quote_asset_volume,number_of_trades,taker_buy_base_asset_volume,taker_buy_quote_asset_volume', '-regression-PnL-list=72', '-regression-times-list=0', '-start-train-date=2023-01-01', '-start-test-date=2023-07-01']
2023-10-20 23:48:12;BNBUSDT;5m;knn;allknn;1.0;0;72;0.0561;0.7478;0.2601;0.2601;volume,quote_asset_volume,taker_buy_base_asset_volume,taker_buy_quote_asset_volume,rsi,ema_200p;;0.7;False;2023-01-01;2023-07-22 22:10:00;3;True;<< NOT SAVED >>;['-batch-training', '-calc-rsi', '-normalize', '-no-tune', '-n-jobs=20', '-symbol-list=BTCUSDT,ETHUSDT,BNBUSDT,XRPUSDT,ADAUSDT,DOGEUSDT,SOLUSDT,TRXUSDT,DOTUSDT,MATICUSDT,LTCUSDT,BCHUSDT,AVAXUSDT,XLMUSDT,LINKUSDT,XMRUSDT,UNIUSDT,ATOMUSDT', '-interval-list=5m', '-estimator-list=knn', '-stop-loss-list=1.0', '-numeric-features=volume,quote_asset_volume,number_of_trades,taker_buy_base_asset_volume,taker_buy_quote_asset_volume', '-regression-PnL-list=72', '-regression-times-list=0', '-start-train-date=2023-01-01', '-start-test-date=2023-07-01']
2023-10-20 22:27:09;BNBUSDT;5m;knn;instancehardnessthreshold;1.0;0;72;0.2549;0.5605;0.2601;0.2601;volume,number_of_trades;;0.7;False;2023-01-01;2023-07-22 22:10:00;3;True;<< NOT SAVED >>;['-batch-training', '-calc-rsi', '-normalize', '-no-tune', '-n-jobs=20', '-symbol-list=BTCUSDT,ETHUSDT,BNBUSDT,XRPUSDT,ADAUSDT,DOGEUSDT,SOLUSDT,TRXUSDT,DOTUSDT,MATICUSDT,LTCUSDT,BCHUSDT,AVAXUSDT,XLMUSDT,LINKUSDT,XMRUSDT,UNIUSDT,ATOMUSDT', '-interval-list=5m', '-estimator-list=knn', '-stop-loss-list=1.0', '-numeric-features=volume,quote_asset_volume,number_of_trades,taker_buy_base_asset_volume,taker_buy_quote_asset_volume', '-regression-PnL-list=72', '-regression-times-list=0', '-start-train-date=2023-01-01', '-start-test-date=2023-07-01']
2023-10-20 23:53:00;BNBUSDT;5m;knn;instancehardnessthreshold;1.0;0;72;0.2067;0.6332;0.2605;0.2605;quote_asset_volume,number_of_trades,taker_buy_base_asset_volume,taker_buy_quote_asset_volume,rsi,ema_200p;;0.7;False;2023-01-01;2023-07-22 22:10:00;3;True;<< NOT SAVED >>;['-batch-training', '-calc-rsi', '-normalize', '-no-tune', '-n-jobs=20', '-symbol-list=BTCUSDT,ETHUSDT,BNBUSDT,XRPUSDT,ADAUSDT,DOGEUSDT,SOLUSDT,TRXUSDT,DOTUSDT,MATICUSDT,LTCUSDT,BCHUSDT,AVAXUSDT,XLMUSDT,LINKUSDT,XMRUSDT,UNIUSDT,ATOMUSDT', '-interval-list=5m', '-estimator-list=knn', '-stop-loss-list=1.0', '-numeric-features=volume,quote_asset_volume,number_of_trades,taker_buy_base_asset_volume,taker_buy_quote_asset_volume', '-regression-PnL-list=72', '-regression-times-list=0', '-start-train-date=2023-01-01', '-start-test-date=2023-07-01']
2023-10-20 23:41:06;BNBUSDT;5m;knn;instancehardnessthreshold;1.0;0;72;0.2318;0.6043;0.2605;0.2605;number_of_trades,taker_buy_base_asset_volume,taker_buy_quote_asset_volume,rsi,ema_200p;;0.7;False;2023-01-01;2023-07-22 22:10:00;3;True;<< NOT SAVED >>;['-batch-training', '-calc-rsi', '-normalize', '-no-tune', '-n-jobs=20', '-symbol-list=BTCUSDT,ETHUSDT,BNBUSDT,XRPUSDT,ADAUSDT,DOGEUSDT,SOLUSDT,TRXUSDT,DOTUSDT,MATICUSDT,LTCUSDT,BCHUSDT,AVAXUSDT,XLMUSDT,LINKUSDT,XMRUSDT,UNIUSDT,ATOMUSDT', '-interval-list=5m', '-estimator-list=knn', '-stop-loss-list=1.0', '-numeric-features=volume,quote_asset_volume,number_of_trades,taker_buy_base_asset_volume,taker_buy_quote_asset_volume', '-regression-PnL-list=72', '-regression-times-list=0', '-start-train-date=2023-01-01', '-start-test-date=2023-07-01']
2023-10-20 22:31:35;BNBUSDT;5m;knn;instancehardnessthreshold;1.0;0;72;0.2609;0.5706;0.232;0.2609;number_of_trades,rsi;;0.7;False;2023-01-01;2023-07-22 22:10:00;3;True;<< NOT SAVED >>;['-batch-training', '-calc-rsi', '-normalize', '-no-tune', '-n-jobs=20', '-symbol-list=BTCUSDT,ETHUSDT,BNBUSDT,XRPUSDT,ADAUSDT,DOGEUSDT,SOLUSDT,TRXUSDT,DOTUSDT,MATICUSDT,LTCUSDT,BCHUSDT,AVAXUSDT,XLMUSDT,LINKUSDT,XMRUSDT,UNIUSDT,ATOMUSDT', '-interval-list=5m', '-estimator-list=knn', '-stop-loss-list=1.0', '-numeric-features=volume,quote_asset_volume,number_of_trades,taker_buy_base_asset_volume,taker_buy_quote_asset_volume', '-regression-PnL-list=72', '-regression-times-list=0', '-start-train-date=2023-01-01', '-start-test-date=2023-07-01']
2023-10-20 23:37:37;BNBUSDT;5m;knn;instancehardnessthreshold;1.0;0;72;0.2502;0.6151;0.2609;0.2609;quote_asset_volume,number_of_trades,taker_buy_quote_asset_volume,rsi,ema_200p;;0.7;False;2023-01-01;2023-07-22 22:10:00;3;True;<< NOT SAVED >>;['-batch-training', '-calc-rsi', '-normalize', '-no-tune', '-n-jobs=20', '-symbol-list=BTCUSDT,ETHUSDT,BNBUSDT,XRPUSDT,ADAUSDT,DOGEUSDT,SOLUSDT,TRXUSDT,DOTUSDT,MATICUSDT,LTCUSDT,BCHUSDT,AVAXUSDT,XLMUSDT,LINKUSDT,XMRUSDT,UNIUSDT,ATOMUSDT', '-interval-list=5m', '-estimator-list=knn', '-stop-loss-list=1.0', '-numeric-features=volume,quote_asset_volume,number_of_trades,taker_buy_base_asset_volume,taker_buy_quote_asset_volume', '-regression-PnL-list=72', '-regression-times-list=0', '-start-train-date=2023-01-01', '-start-test-date=2023-07-01']
2023-10-20 22:50:44;BNBUSDT;5m;knn;allknn;1.0;0;72;0.0904;0.7274;0.2613;0.2613;number_of_trades,rsi,ema_72p;;0.7;False;2023-01-01;2023-07-22 22:10:00;3;True;<< NOT SAVED >>;['-batch-training', '-calc-rsi', '-normalize', '-no-tune', '-n-jobs=20', '-symbol-list=BTCUSDT,ETHUSDT,BNBUSDT,XRPUSDT,ADAUSDT,DOGEUSDT,SOLUSDT,TRXUSDT,DOTUSDT,MATICUSDT,LTCUSDT,BCHUSDT,AVAXUSDT,XLMUSDT,LINKUSDT,XMRUSDT,UNIUSDT,ATOMUSDT', '-interval-list=5m', '-estimator-list=knn', '-stop-loss-list=1.0', '-numeric-features=volume,quote_asset_volume,number_of_trades,taker_buy_base_asset_volume,taker_buy_quote_asset_volume', '-regression-PnL-list=72', '-regression-times-list=0', '-start-train-date=2023-01-01', '-start-test-date=2023-07-01']
2023-10-20 23:48:01;BNBUSDT;5m;knn;instancehardnessthreshold;1.0;0;72;0.2521;0.6011;0.2617;0.2617;volume,quote_asset_volume,taker_buy_base_asset_volume,taker_buy_quote_asset_volume,rsi,ema_200p;;0.7;False;2023-01-01;2023-07-22 22:10:00;3;True;<< NOT SAVED >>;['-batch-training', '-calc-rsi', '-normalize', '-no-tune', '-n-jobs=20', '-symbol-list=BTCUSDT,ETHUSDT,BNBUSDT,XRPUSDT,ADAUSDT,DOGEUSDT,SOLUSDT,TRXUSDT,DOTUSDT,MATICUSDT,LTCUSDT,BCHUSDT,AVAXUSDT,XLMUSDT,LINKUSDT,XMRUSDT,UNIUSDT,ATOMUSDT', '-interval-list=5m', '-estimator-list=knn', '-stop-loss-list=1.0', '-numeric-features=volume,quote_asset_volume,number_of_trades,taker_buy_base_asset_volume,taker_buy_quote_asset_volume', '-regression-PnL-list=72', '-regression-times-list=0', '-start-train-date=2023-01-01', '-start-test-date=2023-07-01']
2023-10-20 23:55:55;BNBUSDT;5m;knn;allknn;1.0;0;72;0.0593;0.7459;0.2621;0.2621;volume,quote_asset_volume,number_of_trades,taker_buy_base_asset_volume,taker_buy_quote_asset_volume,rsi,ema_72p;;0.7;False;2023-01-01;2023-07-22 22:10:00;3;True;<< NOT SAVED >>;['-batch-training', '-calc-rsi', '-normalize', '-no-tune', '-n-jobs=20', '-symbol-list=BTCUSDT,ETHUSDT,BNBUSDT,XRPUSDT,ADAUSDT,DOGEUSDT,SOLUSDT,TRXUSDT,DOTUSDT,MATICUSDT,LTCUSDT,BCHUSDT,AVAXUSDT,XLMUSDT,LINKUSDT,XMRUSDT,UNIUSDT,ATOMUSDT', '-interval-list=5m', '-estimator-list=knn', '-stop-loss-list=1.0', '-numeric-features=volume,quote_asset_volume,number_of_trades,taker_buy_base_asset_volume,taker_buy_quote_asset_volume', '-regression-PnL-list=72', '-regression-times-list=0', '-start-train-date=2023-01-01', '-start-test-date=2023-07-01']
2023-10-20 23:37:23;BNBUSDT;5m;knn;allknn;1.0;0;72;0.0663;0.7479;0.2621;0.2621;quote_asset_volume,number_of_trades,taker_buy_quote_asset_volume,rsi,ema_72p;;0.7;False;2023-01-01;2023-07-22 22:10:00;3;True;<< NOT SAVED >>;['-batch-training', '-calc-rsi', '-normalize', '-no-tune', '-n-jobs=20', '-symbol-list=BTCUSDT,ETHUSDT,BNBUSDT,XRPUSDT,ADAUSDT,DOGEUSDT,SOLUSDT,TRXUSDT,DOTUSDT,MATICUSDT,LTCUSDT,BCHUSDT,AVAXUSDT,XLMUSDT,LINKUSDT,XMRUSDT,UNIUSDT,ATOMUSDT', '-interval-list=5m', '-estimator-list=knn', '-stop-loss-list=1.0', '-numeric-features=volume,quote_asset_volume,number_of_trades,taker_buy_base_asset_volume,taker_buy_quote_asset_volume', '-regression-PnL-list=72', '-regression-times-list=0', '-start-train-date=2023-01-01', '-start-test-date=2023-07-01']
2023-10-20 22:42:29;BNBUSDT;5m;knn;allknn;1.0;0;72;0.0916;0.7229;0.2632;0.2632;volume,rsi,ema_200p;;0.7;False;2023-01-01;2023-07-22 22:10:00;3;True;<< NOT SAVED >>;['-batch-training', '-calc-rsi', '-normalize', '-no-tune', '-n-jobs=20', '-symbol-list=BTCUSDT,ETHUSDT,BNBUSDT,XRPUSDT,ADAUSDT,DOGEUSDT,SOLUSDT,TRXUSDT,DOTUSDT,MATICUSDT,LTCUSDT,BCHUSDT,AVAXUSDT,XLMUSDT,LINKUSDT,XMRUSDT,UNIUSDT,ATOMUSDT', '-interval-list=5m', '-estimator-list=knn', '-stop-loss-list=1.0', '-numeric-features=volume,quote_asset_volume,number_of_trades,taker_buy_base_asset_volume,taker_buy_quote_asset_volume', '-regression-PnL-list=72', '-regression-times-list=0', '-start-train-date=2023-01-01', '-start-test-date=2023-07-01']
2023-10-29 17:46:27;BNBUSDT;5m;knn;allknn;1.0;0;72;0.0291;0.687;0.2641;0.2641;close,volume,number_of_trades,rsi;;0.7;False;2023-01-01;2023-07-31 19:40:00;3;True;<< NOT SAVED >>;['-batch-training', '-calc-rsi', '-normalize', '-no-tune', '-n-jobs=20', '-symbol-list=BTCUSDT,ETHUSDT,BNBUSDT,XRPUSDT,ADAUSDT,DOGEUSDT,SOLUSDT,TRXUSDT,DOTUSDT,MATICUSDT,LTCUSDT,BCHUSDT,AVAXUSDT,XLMUSDT,LINKUSDT,XMRUSDT,UNIUSDT,ATOMUSDT', '-interval-list=5m', '-estimator-list=knn', '-stop-loss-list=1.0', '-numeric-features=close,volume,quote_asset_volume,number_of_trades', '-regression-PnL-list=72', '-regression-times-list=0', '-start-train-date=2023-01-01', '-start-test-date=2023-07-01']
2023-10-20 22:29:04;BNBUSDT;5m;knn;instancehardnessthreshold;1.0;0;72;0.2644;0.5721;0.2513;0.2644;quote_asset_volume,number_of_trades;;0.7;False;2023-01-01;2023-07-22 22:10:00;3;True;<< NOT SAVED >>;['-batch-training', '-calc-rsi', '-normalize', '-no-tune', '-n-jobs=20', '-symbol-list=BTCUSDT,ETHUSDT,BNBUSDT,XRPUSDT,ADAUSDT,DOGEUSDT,SOLUSDT,TRXUSDT,DOTUSDT,MATICUSDT,LTCUSDT,BCHUSDT,AVAXUSDT,XLMUSDT,LINKUSDT,XMRUSDT,UNIUSDT,ATOMUSDT', '-interval-list=5m', '-estimator-list=knn', '-stop-loss-list=1.0', '-numeric-features=volume,quote_asset_volume,number_of_trades,taker_buy_base_asset_volume,taker_buy_quote_asset_volume', '-regression-PnL-list=72', '-regression-times-list=0', '-start-train-date=2023-01-01', '-start-test-date=2023-07-01']
2023-10-20 23:47:35;BNBUSDT;5m;knn;instancehardnessthreshold;1.0;0;72;0.2575;0.599;0.2651;0.2651;volume,quote_asset_volume,taker_buy_base_asset_volume,taker_buy_quote_asset_volume,rsi,ema_72p;;0.7;False;2023-01-01;2023-07-22 22:10:00;3;True;<< NOT SAVED >>;['-batch-training', '-calc-rsi', '-normalize', '-no-tune', '-n-jobs=20', '-symbol-list=BTCUSDT,ETHUSDT,BNBUSDT,XRPUSDT,ADAUSDT,DOGEUSDT,SOLUSDT,TRXUSDT,DOTUSDT,MATICUSDT,LTCUSDT,BCHUSDT,AVAXUSDT,XLMUSDT,LINKUSDT,XMRUSDT,UNIUSDT,ATOMUSDT', '-interval-list=5m', '-estimator-list=knn', '-stop-loss-list=1.0', '-numeric-features=volume,quote_asset_volume,number_of_trades,taker_buy_base_asset_volume,taker_buy_quote_asset_volume', '-regression-PnL-list=72', '-regression-times-list=0', '-start-train-date=2023-01-01', '-start-test-date=2023-07-01']
2023-10-20 22:47:38;BNBUSDT;5m;knn;allknn;1.0;0;72;0.0729;0.7161;0.2651;0.2651;quote_asset_volume,rsi,ema_200p;;0.7;False;2023-01-01;2023-07-22 22:10:00;3;True;<< NOT SAVED >>;['-batch-training', '-calc-rsi', '-normalize', '-no-tune', '-n-jobs=20', '-symbol-list=BTCUSDT,ETHUSDT,BNBUSDT,XRPUSDT,ADAUSDT,DOGEUSDT,SOLUSDT,TRXUSDT,DOTUSDT,MATICUSDT,LTCUSDT,BCHUSDT,AVAXUSDT,XLMUSDT,LINKUSDT,XMRUSDT,UNIUSDT,ATOMUSDT', '-interval-list=5m', '-estimator-list=knn', '-stop-loss-list=1.0', '-numeric-features=volume,quote_asset_volume,number_of_trades,taker_buy_base_asset_volume,taker_buy_quote_asset_volume', '-regression-PnL-list=72', '-regression-times-list=0', '-start-train-date=2023-01-01', '-start-test-date=2023-07-01']
2023-10-20 23:52:43;BNBUSDT;5m;knn;allknn;1.0;0;72;0.0618;0.7496;0.2655;0.2655;quote_asset_volume,number_of_trades,taker_buy_base_asset_volume,taker_buy_quote_asset_volume,rsi,ema_72p;;0.7;False;2023-01-01;2023-07-22 22:10:00;3;True;<< NOT SAVED >>;['-batch-training', '-calc-rsi', '-normalize', '-no-tune', '-n-jobs=20', '-symbol-list=BTCUSDT,ETHUSDT,BNBUSDT,XRPUSDT,ADAUSDT,DOGEUSDT,SOLUSDT,TRXUSDT,DOTUSDT,MATICUSDT,LTCUSDT,BCHUSDT,AVAXUSDT,XLMUSDT,LINKUSDT,XMRUSDT,UNIUSDT,ATOMUSDT', '-interval-list=5m', '-estimator-list=knn', '-stop-loss-list=1.0', '-numeric-features=volume,quote_asset_volume,number_of_trades,taker_buy_base_asset_volume,taker_buy_quote_asset_volume', '-regression-PnL-list=72', '-regression-times-list=0', '-start-train-date=2023-01-01', '-start-test-date=2023-07-01']
2023-10-20 22:31:16;BNBUSDT;5m;knn;instancehardnessthreshold;1.0;0;72;0.2641;0.5604;0.2655;0.2655;number_of_trades,taker_buy_quote_asset_volume;;0.7;False;2023-01-01;2023-07-22 22:10:00;3;True;<< NOT SAVED >>;['-batch-training', '-calc-rsi', '-normalize', '-no-tune', '-n-jobs=20', '-symbol-list=BTCUSDT,ETHUSDT,BNBUSDT,XRPUSDT,ADAUSDT,DOGEUSDT,SOLUSDT,TRXUSDT,DOTUSDT,MATICUSDT,LTCUSDT,BCHUSDT,AVAXUSDT,XLMUSDT,LINKUSDT,XMRUSDT,UNIUSDT,ATOMUSDT', '-interval-list=5m', '-estimator-list=knn', '-stop-loss-list=1.0', '-numeric-features=volume,quote_asset_volume,number_of_trades,taker_buy_base_asset_volume,taker_buy_quote_asset_volume', '-regression-PnL-list=72', '-regression-times-list=0', '-start-train-date=2023-01-01', '-start-test-date=2023-07-01']
2023-10-29 17:41:19;BNBUSDT;5m;knn;allknn;1.0;0;72;0.0159;0.7048;0.2656;0.2656;close,quote_asset_volume,rsi;;0.7;False;2023-01-01;2023-07-31 19:40:00;3;True;<< NOT SAVED >>;['-batch-training', '-calc-rsi', '-normalize', '-no-tune', '-n-jobs=20', '-symbol-list=BTCUSDT,ETHUSDT,BNBUSDT,XRPUSDT,ADAUSDT,DOGEUSDT,SOLUSDT,TRXUSDT,DOTUSDT,MATICUSDT,LTCUSDT,BCHUSDT,AVAXUSDT,XLMUSDT,LINKUSDT,XMRUSDT,UNIUSDT,ATOMUSDT', '-interval-list=5m', '-estimator-list=knn', '-stop-loss-list=1.0', '-numeric-features=close,volume,quote_asset_volume,number_of_trades', '-regression-PnL-list=72', '-regression-times-list=0', '-start-train-date=2023-01-01', '-start-test-date=2023-07-01']
2023-10-20 22:35:41;BNBUSDT;5m;knn;instancehardnessthreshold;1.0;0;72;0.2657;0.5515;0.264;0.2657;volume,quote_asset_volume,number_of_trades;;0.7;False;2023-01-01;2023-07-22 22:10:00;3;True;<< NOT SAVED >>;['-batch-training', '-calc-rsi', '-normalize', '-no-tune', '-n-jobs=20', '-symbol-list=BTCUSDT,ETHUSDT,BNBUSDT,XRPUSDT,ADAUSDT,DOGEUSDT,SOLUSDT,TRXUSDT,DOTUSDT,MATICUSDT,LTCUSDT,BCHUSDT,AVAXUSDT,XLMUSDT,LINKUSDT,XMRUSDT,UNIUSDT,ATOMUSDT', '-interval-list=5m', '-estimator-list=knn', '-stop-loss-list=1.0', '-numeric-features=volume,quote_asset_volume,number_of_trades,taker_buy_base_asset_volume,taker_buy_quote_asset_volume', '-regression-PnL-list=72', '-regression-times-list=0', '-start-train-date=2023-01-01', '-start-test-date=2023-07-01']
2023-10-20 22:35:12;BNBUSDT;5m;knn;allknn;1.0;0;72;0.0793;0.6886;0.2667;0.2667;rsi,ema_200p;;0.7;False;2023-01-01;2023-07-22 22:10:00;3;True;<< NOT SAVED >>;['-batch-training', '-calc-rsi', '-normalize', '-no-tune', '-n-jobs=20', '-symbol-list=BTCUSDT,ETHUSDT,BNBUSDT,XRPUSDT,ADAUSDT,DOGEUSDT,SOLUSDT,TRXUSDT,DOTUSDT,MATICUSDT,LTCUSDT,BCHUSDT,AVAXUSDT,XLMUSDT,LINKUSDT,XMRUSDT,UNIUSDT,ATOMUSDT', '-interval-list=5m', '-estimator-list=knn', '-stop-loss-list=1.0', '-numeric-features=volume,quote_asset_volume,number_of_trades,taker_buy_base_asset_volume,taker_buy_quote_asset_volume', '-regression-PnL-list=72', '-regression-times-list=0', '-start-train-date=2023-01-01', '-start-test-date=2023-07-01']
2023-10-20 22:54:11;BNBUSDT;5m;knn;allknn;1.0;0;72;0.0894;0.7051;0.2667;0.2667;taker_buy_quote_asset_volume,rsi,ema_200p;;0.7;False;2023-01-01;2023-07-22 22:10:00;3;True;<< NOT SAVED >>;['-batch-training', '-calc-rsi', '-normalize', '-no-tune', '-n-jobs=20', '-symbol-list=BTCUSDT,ETHUSDT,BNBUSDT,XRPUSDT,ADAUSDT,DOGEUSDT,SOLUSDT,TRXUSDT,DOTUSDT,MATICUSDT,LTCUSDT,BCHUSDT,AVAXUSDT,XLMUSDT,LINKUSDT,XMRUSDT,UNIUSDT,ATOMUSDT', '-interval-list=5m', '-estimator-list=knn', '-stop-loss-list=1.0', '-numeric-features=volume,quote_asset_volume,number_of_trades,taker_buy_base_asset_volume,taker_buy_quote_asset_volume', '-regression-PnL-list=72', '-regression-times-list=0', '-start-train-date=2023-01-01', '-start-test-date=2023-07-01']
2023-10-20 22:24:51;BNBUSDT;5m;knn;instancehardnessthreshold;1.0;0;72;0.267;0.5289;0.2516;0.267;quote_asset_volume;;0.7;False;2023-01-01;2023-07-22 22:10:00;3;True;<< NOT SAVED >>;['-batch-training', '-calc-rsi', '-normalize', '-no-tune', '-n-jobs=20', '-symbol-list=BTCUSDT,ETHUSDT,BNBUSDT,XRPUSDT,ADAUSDT,DOGEUSDT,SOLUSDT,TRXUSDT,DOTUSDT,MATICUSDT,LTCUSDT,BCHUSDT,AVAXUSDT,XLMUSDT,LINKUSDT,XMRUSDT,UNIUSDT,ATOMUSDT', '-interval-list=5m', '-estimator-list=knn', '-stop-loss-list=1.0', '-numeric-features=volume,quote_asset_volume,number_of_trades,taker_buy_base_asset_volume,taker_buy_quote_asset_volume', '-regression-PnL-list=72', '-regression-times-list=0', '-start-train-date=2023-01-01', '-start-test-date=2023-07-01']
2023-10-20 23:55:43;BNBUSDT;5m;knn;instancehardnessthreshold;1.0;0;72;0.2387;0.616;0.2671;0.2671;volume,quote_asset_volume,number_of_trades,taker_buy_base_asset_volume,taker_buy_quote_asset_volume,rsi,ema_72p;;0.7;False;2023-01-01;2023-07-22 22:10:00;3;True;<< NOT SAVED >>;['-batch-training', '-calc-rsi', '-normalize', '-no-tune', '-n-jobs=20', '-symbol-list=BTCUSDT,ETHUSDT,BNBUSDT,XRPUSDT,ADAUSDT,DOGEUSDT,SOLUSDT,TRXUSDT,DOTUSDT,MATICUSDT,LTCUSDT,BCHUSDT,AVAXUSDT,XLMUSDT,LINKUSDT,XMRUSDT,UNIUSDT,ATOMUSDT', '-interval-list=5m', '-estimator-list=knn', '-stop-loss-list=1.0', '-numeric-features=volume,quote_asset_volume,number_of_trades,taker_buy_base_asset_volume,taker_buy_quote_asset_volume', '-regression-PnL-list=72', '-regression-times-list=0', '-start-train-date=2023-01-01', '-start-test-date=2023-07-01']
2023-10-20 22:43:21;BNBUSDT;5m;knn;instancehardnessthreshold;1.0;0;72;0.2673;0.5663;0.2543;0.2673;quote_asset_volume,number_of_trades,taker_buy_quote_asset_volume;;0.7;False;2023-01-01;2023-07-22 22:10:00;3;True;<< NOT SAVED >>;['-batch-training', '-calc-rsi', '-normalize', '-no-tune', '-n-jobs=20', '-symbol-list=BTCUSDT,ETHUSDT,BNBUSDT,XRPUSDT,ADAUSDT,DOGEUSDT,SOLUSDT,TRXUSDT,DOTUSDT,MATICUSDT,LTCUSDT,BCHUSDT,AVAXUSDT,XLMUSDT,LINKUSDT,XMRUSDT,UNIUSDT,ATOMUSDT', '-interval-list=5m', '-estimator-list=knn', '-stop-loss-list=1.0', '-numeric-features=volume,quote_asset_volume,number_of_trades,taker_buy_base_asset_volume,taker_buy_quote_asset_volume', '-regression-PnL-list=72', '-regression-times-list=0', '-start-train-date=2023-01-01', '-start-test-date=2023-07-01']
2023-10-20 23:30:26;BNBUSDT;5m;knn;instancehardnessthreshold;1.0;0;72;0.2334;0.604;0.2682;0.2682;volume,number_of_trades,taker_buy_base_asset_volume,rsi,ema_200p;;0.7;False;2023-01-01;2023-07-22 22:10:00;3;True;<< NOT SAVED >>;['-batch-training', '-calc-rsi', '-normalize', '-no-tune', '-n-jobs=20', '-symbol-list=BTCUSDT,ETHUSDT,BNBUSDT,XRPUSDT,ADAUSDT,DOGEUSDT,SOLUSDT,TRXUSDT,DOTUSDT,MATICUSDT,LTCUSDT,BCHUSDT,AVAXUSDT,XLMUSDT,LINKUSDT,XMRUSDT,UNIUSDT,ATOMUSDT', '-interval-list=5m', '-estimator-list=knn', '-stop-loss-list=1.0', '-numeric-features=volume,quote_asset_volume,number_of_trades,taker_buy_base_asset_volume,taker_buy_quote_asset_volume', '-regression-PnL-list=72', '-regression-times-list=0', '-start-train-date=2023-01-01', '-start-test-date=2023-07-01']
2023-10-20 22:25:26;BNBUSDT;5m;knn;instancehardnessthreshold;1.0;0;72;0.2663;0.5066;0.2686;0.2686;taker_buy_base_asset_volume;;0.7;False;2023-01-01;2023-07-22 22:10:00;3;True;<< NOT SAVED >>;['-batch-training', '-calc-rsi', '-normalize', '-no-tune', '-n-jobs=20', '-symbol-list=BTCUSDT,ETHUSDT,BNBUSDT,XRPUSDT,ADAUSDT,DOGEUSDT,SOLUSDT,TRXUSDT,DOTUSDT,MATICUSDT,LTCUSDT,BCHUSDT,AVAXUSDT,XLMUSDT,LINKUSDT,XMRUSDT,UNIUSDT,ATOMUSDT', '-interval-list=5m', '-estimator-list=knn', '-stop-loss-list=1.0', '-numeric-features=volume,quote_asset_volume,number_of_trades,taker_buy_base_asset_volume,taker_buy_quote_asset_volume', '-regression-PnL-list=72', '-regression-times-list=0', '-start-train-date=2023-01-01', '-start-test-date=2023-07-01']
2023-10-20 23:17:05;BNBUSDT;5m;knn;allknn;1.0;0;72;0.0834;0.7191;0.269;0.269;number_of_trades,taker_buy_base_asset_volume,rsi,ema_200p;;0.7;False;2023-01-01;2023-07-22 22:10:00;3;True;<< NOT SAVED >>;['-batch-training', '-calc-rsi', '-normalize', '-no-tune', '-n-jobs=20', '-symbol-list=BTCUSDT,ETHUSDT,BNBUSDT,XRPUSDT,ADAUSDT,DOGEUSDT,SOLUSDT,TRXUSDT,DOTUSDT,MATICUSDT,LTCUSDT,BCHUSDT,AVAXUSDT,XLMUSDT,LINKUSDT,XMRUSDT,UNIUSDT,ATOMUSDT', '-interval-list=5m', '-estimator-list=knn', '-stop-loss-list=1.0', '-numeric-features=volume,quote_asset_volume,number_of_trades,taker_buy_base_asset_volume,taker_buy_quote_asset_volume', '-regression-PnL-list=72', '-regression-times-list=0', '-start-train-date=2023-01-01', '-start-test-date=2023-07-01']
2023-10-20 22:34:53;BNBUSDT;5m;knn;allknn;1.0;0;72;0.0862;0.6866;0.2694;0.2694;rsi,ema_72p;;0.7;False;2023-01-01;2023-07-22 22:10:00;3;True;<< NOT SAVED >>;['-batch-training', '-calc-rsi', '-normalize', '-no-tune', '-n-jobs=20', '-symbol-list=BTCUSDT,ETHUSDT,BNBUSDT,XRPUSDT,ADAUSDT,DOGEUSDT,SOLUSDT,TRXUSDT,DOTUSDT,MATICUSDT,LTCUSDT,BCHUSDT,AVAXUSDT,XLMUSDT,LINKUSDT,XMRUSDT,UNIUSDT,ATOMUSDT', '-interval-list=5m', '-estimator-list=knn', '-stop-loss-list=1.0', '-numeric-features=volume,quote_asset_volume,number_of_trades,taker_buy_base_asset_volume,taker_buy_quote_asset_volume', '-regression-PnL-list=72', '-regression-times-list=0', '-start-train-date=2023-01-01', '-start-test-date=2023-07-01']
2023-10-20 23:13:00;BNBUSDT;5m;knn;allknn;1.0;0;72;0.0837;0.7188;0.2694;0.2694;quote_asset_volume,taker_buy_base_asset_volume,rsi,ema_72p;;0.7;False;2023-01-01;2023-07-22 22:10:00;3;True;<< NOT SAVED >>;['-batch-training', '-calc-rsi', '-normalize', '-no-tune', '-n-jobs=20', '-symbol-list=BTCUSDT,ETHUSDT,BNBUSDT,XRPUSDT,ADAUSDT,DOGEUSDT,SOLUSDT,TRXUSDT,DOTUSDT,MATICUSDT,LTCUSDT,BCHUSDT,AVAXUSDT,XLMUSDT,LINKUSDT,XMRUSDT,UNIUSDT,ATOMUSDT', '-interval-list=5m', '-estimator-list=knn', '-stop-loss-list=1.0', '-numeric-features=volume,quote_asset_volume,number_of_trades,taker_buy_base_asset_volume,taker_buy_quote_asset_volume', '-regression-PnL-list=72', '-regression-times-list=0', '-start-train-date=2023-01-01', '-start-test-date=2023-07-01']
2023-10-20 23:37:12;BNBUSDT;5m;knn;instancehardnessthreshold;1.0;0;72;0.2368;0.6109;0.2702;0.2702;quote_asset_volume,number_of_trades,taker_buy_quote_asset_volume,rsi,ema_72p;;0.7;False;2023-01-01;2023-07-22 22:10:00;3;True;<< NOT SAVED >>;['-batch-training', '-calc-rsi', '-normalize', '-no-tune', '-n-jobs=20', '-symbol-list=BTCUSDT,ETHUSDT,BNBUSDT,XRPUSDT,ADAUSDT,DOGEUSDT,SOLUSDT,TRXUSDT,DOTUSDT,MATICUSDT,LTCUSDT,BCHUSDT,AVAXUSDT,XLMUSDT,LINKUSDT,XMRUSDT,UNIUSDT,ATOMUSDT', '-interval-list=5m', '-estimator-list=knn', '-stop-loss-list=1.0', '-numeric-features=volume,quote_asset_volume,number_of_trades,taker_buy_base_asset_volume,taker_buy_quote_asset_volume', '-regression-PnL-list=72', '-regression-times-list=0', '-start-train-date=2023-01-01', '-start-test-date=2023-07-01']
2023-10-20 23:31:41;BNBUSDT;5m;knn;instancehardnessthreshold;1.0;0;72;0.2286;0.6027;0.2706;0.2706;volume,number_of_trades,taker_buy_quote_asset_volume,rsi,ema_200p;;0.7;False;2023-01-01;2023-07-22 22:10:00;3;True;<< NOT SAVED >>;['-batch-training', '-calc-rsi', '-normalize', '-no-tune', '-n-jobs=20', '-symbol-list=BTCUSDT,ETHUSDT,BNBUSDT,XRPUSDT,ADAUSDT,DOGEUSDT,SOLUSDT,TRXUSDT,DOTUSDT,MATICUSDT,LTCUSDT,BCHUSDT,AVAXUSDT,XLMUSDT,LINKUSDT,XMRUSDT,UNIUSDT,ATOMUSDT', '-interval-list=5m', '-estimator-list=knn', '-stop-loss-list=1.0', '-numeric-features=volume,quote_asset_volume,number_of_trades,taker_buy_base_asset_volume,taker_buy_quote_asset_volume', '-regression-PnL-list=72', '-regression-times-list=0', '-start-train-date=2023-01-01', '-start-test-date=2023-07-01']
2023-10-20 23:39:10;BNBUSDT;5m;knn;instancehardnessthreshold;1.0;0;72;0.2464;0.5948;0.2709;0.2709;quote_asset_volume,taker_buy_base_asset_volume,taker_buy_quote_asset_volume,rsi,ema_200p;;0.7;False;2023-01-01;2023-07-22 22:10:00;3;True;<< NOT SAVED >>;['-batch-training', '-calc-rsi', '-normalize', '-no-tune', '-n-jobs=20', '-symbol-list=BTCUSDT,ETHUSDT,BNBUSDT,XRPUSDT,ADAUSDT,DOGEUSDT,SOLUSDT,TRXUSDT,DOTUSDT,MATICUSDT,LTCUSDT,BCHUSDT,AVAXUSDT,XLMUSDT,LINKUSDT,XMRUSDT,UNIUSDT,ATOMUSDT', '-interval-list=5m', '-estimator-list=knn', '-stop-loss-list=1.0', '-numeric-features=volume,quote_asset_volume,number_of_trades,taker_buy_base_asset_volume,taker_buy_quote_asset_volume', '-regression-PnL-list=72', '-regression-times-list=0', '-start-train-date=2023-01-01', '-start-test-date=2023-07-01']
2023-10-20 23:40:42;BNBUSDT;5m;knn;instancehardnessthreshold;1.0;0;72;0.2318;0.6057;0.2709;0.2709;number_of_trades,taker_buy_base_asset_volume,taker_buy_quote_asset_volume,rsi,ema_72p;;0.7;False;2023-01-01;2023-07-22 22:10:00;3;True;<< NOT SAVED >>;['-batch-training', '-calc-rsi', '-normalize', '-no-tune', '-n-jobs=20', '-symbol-list=BTCUSDT,ETHUSDT,BNBUSDT,XRPUSDT,ADAUSDT,DOGEUSDT,SOLUSDT,TRXUSDT,DOTUSDT,MATICUSDT,LTCUSDT,BCHUSDT,AVAXUSDT,XLMUSDT,LINKUSDT,XMRUSDT,UNIUSDT,ATOMUSDT', '-interval-list=5m', '-estimator-list=knn', '-stop-loss-list=1.0', '-numeric-features=volume,quote_asset_volume,number_of_trades,taker_buy_base_asset_volume,taker_buy_quote_asset_volume', '-regression-PnL-list=72', '-regression-times-list=0', '-start-train-date=2023-01-01', '-start-test-date=2023-07-01']
2023-10-20 23:27:28;BNBUSDT;5m;knn;allknn;1.0;0;72;0.0621;0.7416;0.2717;0.2717;volume,quote_asset_volume,taker_buy_quote_asset_volume,rsi,ema_72p;;0.7;False;2023-01-01;2023-07-22 22:10:00;3;True;<< NOT SAVED >>;['-batch-training', '-calc-rsi', '-normalize', '-no-tune', '-n-jobs=20', '-symbol-list=BTCUSDT,ETHUSDT,BNBUSDT,XRPUSDT,ADAUSDT,DOGEUSDT,SOLUSDT,TRXUSDT,DOTUSDT,MATICUSDT,LTCUSDT,BCHUSDT,AVAXUSDT,XLMUSDT,LINKUSDT,XMRUSDT,UNIUSDT,ATOMUSDT', '-interval-list=5m', '-estimator-list=knn', '-stop-loss-list=1.0', '-numeric-features=volume,quote_asset_volume,number_of_trades,taker_buy_base_asset_volume,taker_buy_quote_asset_volume', '-regression-PnL-list=72', '-regression-times-list=0', '-start-train-date=2023-01-01', '-start-test-date=2023-07-01']
2023-10-20 23:14:05;BNBUSDT;5m;knn;allknn;1.0;0;72;0.0583;0.7391;0.2717;0.2717;quote_asset_volume,taker_buy_quote_asset_volume,rsi,ema_72p;;0.7;False;2023-01-01;2023-07-22 22:10:00;3;True;<< NOT SAVED >>;['-batch-training', '-calc-rsi', '-normalize', '-no-tune', '-n-jobs=20', '-symbol-list=BTCUSDT,ETHUSDT,BNBUSDT,XRPUSDT,ADAUSDT,DOGEUSDT,SOLUSDT,TRXUSDT,DOTUSDT,MATICUSDT,LTCUSDT,BCHUSDT,AVAXUSDT,XLMUSDT,LINKUSDT,XMRUSDT,UNIUSDT,ATOMUSDT', '-interval-list=5m', '-estimator-list=knn', '-stop-loss-list=1.0', '-numeric-features=volume,quote_asset_volume,number_of_trades,taker_buy_base_asset_volume,taker_buy_quote_asset_volume', '-regression-PnL-list=72', '-regression-times-list=0', '-start-train-date=2023-01-01', '-start-test-date=2023-07-01']
2023-10-20 23:26:42;BNBUSDT;5m;knn;allknn;1.0;0;72;0.0805;0.7216;0.2721;0.2721;volume,quote_asset_volume,taker_buy_base_asset_volume,rsi,ema_200p;;0.7;False;2023-01-01;2023-07-22 22:10:00;3;True;<< NOT SAVED >>;['-batch-training', '-calc-rsi', '-normalize', '-no-tune', '-n-jobs=20', '-symbol-list=BTCUSDT,ETHUSDT,BNBUSDT,XRPUSDT,ADAUSDT,DOGEUSDT,SOLUSDT,TRXUSDT,DOTUSDT,MATICUSDT,LTCUSDT,BCHUSDT,AVAXUSDT,XLMUSDT,LINKUSDT,XMRUSDT,UNIUSDT,ATOMUSDT', '-interval-list=5m', '-estimator-list=knn', '-stop-loss-list=1.0', '-numeric-features=volume,quote_asset_volume,number_of_trades,taker_buy_base_asset_volume,taker_buy_quote_asset_volume', '-regression-PnL-list=72', '-regression-times-list=0', '-start-train-date=2023-01-01', '-start-test-date=2023-07-01']
2023-10-20 23:19:40;BNBUSDT;5m;knn;allknn;1.0;0;72;0.0929;0.6993;0.2725;0.2725;taker_buy_base_asset_volume,taker_buy_quote_asset_volume,rsi,ema_200p;;0.7;False;2023-01-01;2023-07-22 22:10:00;3;True;<< NOT SAVED >>;['-batch-training', '-calc-rsi', '-normalize', '-no-tune', '-n-jobs=20', '-symbol-list=BTCUSDT,ETHUSDT,BNBUSDT,XRPUSDT,ADAUSDT,DOGEUSDT,SOLUSDT,TRXUSDT,DOTUSDT,MATICUSDT,LTCUSDT,BCHUSDT,AVAXUSDT,XLMUSDT,LINKUSDT,XMRUSDT,UNIUSDT,ATOMUSDT', '-interval-list=5m', '-estimator-list=knn', '-stop-loss-list=1.0', '-numeric-features=volume,quote_asset_volume,number_of_trades,taker_buy_base_asset_volume,taker_buy_quote_asset_volume', '-regression-PnL-list=72', '-regression-times-list=0', '-start-train-date=2023-01-01', '-start-test-date=2023-07-01']
2023-10-20 23:18:12;BNBUSDT;5m;knn;allknn;1.0;0;72;0.0488;0.7345;0.2733;0.2733;number_of_trades,taker_buy_quote_asset_volume,rsi,ema_200p;;0.7;False;2023-01-01;2023-07-22 22:10:00;3;True;<< NOT SAVED >>;['-batch-training', '-calc-rsi', '-normalize', '-no-tune', '-n-jobs=20', '-symbol-list=BTCUSDT,ETHUSDT,BNBUSDT,XRPUSDT,ADAUSDT,DOGEUSDT,SOLUSDT,TRXUSDT,DOTUSDT,MATICUSDT,LTCUSDT,BCHUSDT,AVAXUSDT,XLMUSDT,LINKUSDT,XMRUSDT,UNIUSDT,ATOMUSDT', '-interval-list=5m', '-estimator-list=knn', '-stop-loss-list=1.0', '-numeric-features=volume,quote_asset_volume,number_of_trades,taker_buy_base_asset_volume,taker_buy_quote_asset_volume', '-regression-PnL-list=72', '-regression-times-list=0', '-start-train-date=2023-01-01', '-start-test-date=2023-07-01']
2023-10-20 23:08:01;BNBUSDT;5m;knn;instancehardnessthreshold;1.0;0;72;0.2733;0.5573;0.2597;0.2733;quote_asset_volume,number_of_trades,taker_buy_base_asset_volume,taker_buy_quote_asset_volume;;0.7;False;2023-01-01;2023-07-22 22:10:00;3;True;<< NOT SAVED >>;['-batch-training', '-calc-rsi', '-normalize', '-no-tune', '-n-jobs=20', '-symbol-list=BTCUSDT,ETHUSDT,BNBUSDT,XRPUSDT,ADAUSDT,DOGEUSDT,SOLUSDT,TRXUSDT,DOTUSDT,MATICUSDT,LTCUSDT,BCHUSDT,AVAXUSDT,XLMUSDT,LINKUSDT,XMRUSDT,UNIUSDT,ATOMUSDT', '-interval-list=5m', '-estimator-list=knn', '-stop-loss-list=1.0', '-numeric-features=volume,quote_asset_volume,number_of_trades,taker_buy_base_asset_volume,taker_buy_quote_asset_volume', '-regression-PnL-list=72', '-regression-times-list=0', '-start-train-date=2023-01-01', '-start-test-date=2023-07-01']
2023-10-20 23:45:59;BNBUSDT;5m;knn;allknn;1.0;0;72;0.0558;0.747;0.2736;0.2736;volume,quote_asset_volume,number_of_trades,taker_buy_quote_asset_volume,rsi,ema_72p;;0.7;False;2023-01-01;2023-07-22 22:10:00;3;True;<< NOT SAVED >>;['-batch-training', '-calc-rsi', '-normalize', '-no-tune', '-n-jobs=20', '-symbol-list=BTCUSDT,ETHUSDT,BNBUSDT,XRPUSDT,ADAUSDT,DOGEUSDT,SOLUSDT,TRXUSDT,DOTUSDT,MATICUSDT,LTCUSDT,BCHUSDT,AVAXUSDT,XLMUSDT,LINKUSDT,XMRUSDT,UNIUSDT,ATOMUSDT', '-interval-list=5m', '-estimator-list=knn', '-stop-loss-list=1.0', '-numeric-features=volume,quote_asset_volume,number_of_trades,taker_buy_base_asset_volume,taker_buy_quote_asset_volume', '-regression-PnL-list=72', '-regression-times-list=0', '-start-train-date=2023-01-01', '-start-test-date=2023-07-01']
2023-10-20 23:24:01;BNBUSDT;5m;knn;allknn;1.0;0;72;0.0885;0.7191;0.2748;0.2748;volume,quote_asset_volume,number_of_trades,rsi,ema_72p;;0.7;False;2023-01-01;2023-07-22 22:10:00;3;True;<< NOT SAVED >>;['-batch-training', '-calc-rsi', '-normalize', '-no-tune', '-n-jobs=20', '-symbol-list=BTCUSDT,ETHUSDT,BNBUSDT,XRPUSDT,ADAUSDT,DOGEUSDT,SOLUSDT,TRXUSDT,DOTUSDT,MATICUSDT,LTCUSDT,BCHUSDT,AVAXUSDT,XLMUSDT,LINKUSDT,XMRUSDT,UNIUSDT,ATOMUSDT', '-interval-list=5m', '-estimator-list=knn', '-stop-loss-list=1.0', '-numeric-features=volume,quote_asset_volume,number_of_trades,taker_buy_base_asset_volume,taker_buy_quote_asset_volume', '-regression-PnL-list=72', '-regression-times-list=0', '-start-train-date=2023-01-01', '-start-test-date=2023-07-01']
2023-10-20 23:19:19;BNBUSDT;5m;knn;allknn;1.0;0;72;0.0821;0.6994;0.2748;0.2748;taker_buy_base_asset_volume,taker_buy_quote_asset_volume,rsi,ema_72p;;0.7;False;2023-01-01;2023-07-22 22:10:00;3;True;<< NOT SAVED >>;['-batch-training', '-calc-rsi', '-normalize', '-no-tune', '-n-jobs=20', '-symbol-list=BTCUSDT,ETHUSDT,BNBUSDT,XRPUSDT,ADAUSDT,DOGEUSDT,SOLUSDT,TRXUSDT,DOTUSDT,MATICUSDT,LTCUSDT,BCHUSDT,AVAXUSDT,XLMUSDT,LINKUSDT,XMRUSDT,UNIUSDT,ATOMUSDT', '-interval-list=5m', '-estimator-list=knn', '-stop-loss-list=1.0', '-numeric-features=volume,quote_asset_volume,number_of_trades,taker_buy_base_asset_volume,taker_buy_quote_asset_volume', '-regression-PnL-list=72', '-regression-times-list=0', '-start-train-date=2023-01-01', '-start-test-date=2023-07-01']
2023-10-29 17:45:14;BNBUSDT;5m;knn;allknn;1.0;0;72;0.0334;0.6938;0.2749;0.2749;close,volume,quote_asset_volume,rsi;;0.7;False;2023-01-01;2023-07-31 19:40:00;3;True;<< NOT SAVED >>;['-batch-training', '-calc-rsi', '-normalize', '-no-tune', '-n-jobs=20', '-symbol-list=BTCUSDT,ETHUSDT,BNBUSDT,XRPUSDT,ADAUSDT,DOGEUSDT,SOLUSDT,TRXUSDT,DOTUSDT,MATICUSDT,LTCUSDT,BCHUSDT,AVAXUSDT,XLMUSDT,LINKUSDT,XMRUSDT,UNIUSDT,ATOMUSDT', '-interval-list=5m', '-estimator-list=knn', '-stop-loss-list=1.0', '-numeric-features=close,volume,quote_asset_volume,number_of_trades', '-regression-PnL-list=72', '-regression-times-list=0', '-start-train-date=2023-01-01', '-start-test-date=2023-07-01']
2023-10-20 23:03:44;BNBUSDT;5m;knn;allknn;1.0;0;72;0.0666;0.7179;0.2752;0.2752;volume,number_of_trades,rsi,ema_200p;;0.7;False;2023-01-01;2023-07-22 22:10:00;3;True;<< NOT SAVED >>;['-batch-training', '-calc-rsi', '-normalize', '-no-tune', '-n-jobs=20', '-symbol-list=BTCUSDT,ETHUSDT,BNBUSDT,XRPUSDT,ADAUSDT,DOGEUSDT,SOLUSDT,TRXUSDT,DOTUSDT,MATICUSDT,LTCUSDT,BCHUSDT,AVAXUSDT,XLMUSDT,LINKUSDT,XMRUSDT,UNIUSDT,ATOMUSDT', '-interval-list=5m', '-estimator-list=knn', '-stop-loss-list=1.0', '-numeric-features=volume,quote_asset_volume,number_of_trades,taker_buy_base_asset_volume,taker_buy_quote_asset_volume', '-regression-PnL-list=72', '-regression-times-list=0', '-start-train-date=2023-01-01', '-start-test-date=2023-07-01']
2023-10-20 22:25:43;BNBUSDT;5m;knn;instancehardnessthreshold;1.0;0;72;0.2755;0.5179;0.2389;0.2755;taker_buy_quote_asset_volume;;0.7;False;2023-01-01;2023-07-22 22:10:00;3;True;<< NOT SAVED >>;['-batch-training', '-calc-rsi', '-normalize', '-no-tune', '-n-jobs=20', '-symbol-list=BTCUSDT,ETHUSDT,BNBUSDT,XRPUSDT,ADAUSDT,DOGEUSDT,SOLUSDT,TRXUSDT,DOTUSDT,MATICUSDT,LTCUSDT,BCHUSDT,AVAXUSDT,XLMUSDT,LINKUSDT,XMRUSDT,UNIUSDT,ATOMUSDT', '-interval-list=5m', '-estimator-list=knn', '-stop-loss-list=1.0', '-numeric-features=volume,quote_asset_volume,number_of_trades,taker_buy_base_asset_volume,taker_buy_quote_asset_volume', '-regression-PnL-list=72', '-regression-times-list=0', '-start-train-date=2023-01-01', '-start-test-date=2023-07-01']
2023-10-20 23:31:52;BNBUSDT;5m;knn;allknn;1.0;0;72;0.0488;0.7313;0.276;0.276;volume,number_of_trades,taker_buy_quote_asset_volume,rsi,ema_200p;;0.7;False;2023-01-01;2023-07-22 22:10:00;3;True;<< NOT SAVED >>;['-batch-training', '-calc-rsi', '-normalize', '-no-tune', '-n-jobs=20', '-symbol-list=BTCUSDT,ETHUSDT,BNBUSDT,XRPUSDT,ADAUSDT,DOGEUSDT,SOLUSDT,TRXUSDT,DOTUSDT,MATICUSDT,LTCUSDT,BCHUSDT,AVAXUSDT,XLMUSDT,LINKUSDT,XMRUSDT,UNIUSDT,ATOMUSDT', '-interval-list=5m', '-estimator-list=knn', '-stop-loss-list=1.0', '-numeric-features=volume,quote_asset_volume,number_of_trades,taker_buy_base_asset_volume,taker_buy_quote_asset_volume', '-regression-PnL-list=72', '-regression-times-list=0', '-start-train-date=2023-01-01', '-start-test-date=2023-07-01']
2023-10-20 23:49:59;BNBUSDT;5m;knn;allknn;1.0;0;72;0.0691;0.7177;0.276;0.276;volume,number_of_trades,taker_buy_base_asset_volume,taker_buy_quote_asset_volume,rsi,ema_72p;;0.7;False;2023-01-01;2023-07-22 22:10:00;3;True;<< NOT SAVED >>;['-batch-training', '-calc-rsi', '-normalize', '-no-tune', '-n-jobs=20', '-symbol-list=BTCUSDT,ETHUSDT,BNBUSDT,XRPUSDT,ADAUSDT,DOGEUSDT,SOLUSDT,TRXUSDT,DOTUSDT,MATICUSDT,LTCUSDT,BCHUSDT,AVAXUSDT,XLMUSDT,LINKUSDT,XMRUSDT,UNIUSDT,ATOMUSDT', '-interval-list=5m', '-estimator-list=knn', '-stop-loss-list=1.0', '-numeric-features=volume,quote_asset_volume,number_of_trades,taker_buy_base_asset_volume,taker_buy_quote_asset_volume', '-regression-PnL-list=72', '-regression-times-list=0', '-start-train-date=2023-01-01', '-start-test-date=2023-07-01']
2023-10-20 22:48:09;BNBUSDT;5m;knn;instancehardnessthreshold;1.0;0;72;0.2762;0.5429;0.2752;0.2762;number_of_trades,taker_buy_base_asset_volume,taker_buy_quote_asset_volume;;0.7;False;2023-01-01;2023-07-22 22:10:00;3;True;<< NOT SAVED >>;['-batch-training', '-calc-rsi', '-normalize', '-no-tune', '-n-jobs=20', '-symbol-list=BTCUSDT,ETHUSDT,BNBUSDT,XRPUSDT,ADAUSDT,DOGEUSDT,SOLUSDT,TRXUSDT,DOTUSDT,MATICUSDT,LTCUSDT,BCHUSDT,AVAXUSDT,XLMUSDT,LINKUSDT,XMRUSDT,UNIUSDT,ATOMUSDT', '-interval-list=5m', '-estimator-list=knn', '-stop-loss-list=1.0', '-numeric-features=volume,quote_asset_volume,number_of_trades,taker_buy_base_asset_volume,taker_buy_quote_asset_volume', '-regression-PnL-list=72', '-regression-times-list=0', '-start-train-date=2023-01-01', '-start-test-date=2023-07-01']
2023-10-20 23:13:13;BNBUSDT;5m;knn;instancehardnessthreshold;1.0;0;72;0.247;0.5983;0.2763;0.2763;quote_asset_volume,taker_buy_base_asset_volume,rsi,ema_200p;;0.7;False;2023-01-01;2023-07-22 22:10:00;3;True;<< NOT SAVED >>;['-batch-training', '-calc-rsi', '-normalize', '-no-tune', '-n-jobs=20', '-symbol-list=BTCUSDT,ETHUSDT,BNBUSDT,XRPUSDT,ADAUSDT,DOGEUSDT,SOLUSDT,TRXUSDT,DOTUSDT,MATICUSDT,LTCUSDT,BCHUSDT,AVAXUSDT,XLMUSDT,LINKUSDT,XMRUSDT,UNIUSDT,ATOMUSDT', '-interval-list=5m', '-estimator-list=knn', '-stop-loss-list=1.0', '-numeric-features=volume,quote_asset_volume,number_of_trades,taker_buy_base_asset_volume,taker_buy_quote_asset_volume', '-regression-PnL-list=72', '-regression-times-list=0', '-start-train-date=2023-01-01', '-start-test-date=2023-07-01']
2023-10-20 23:16:53;BNBUSDT;5m;knn;instancehardnessthreshold;1.0;0;72;0.22;0.6102;0.2763;0.2763;number_of_trades,taker_buy_base_asset_volume,rsi,ema_200p;;0.7;False;2023-01-01;2023-07-22 22:10:00;3;True;<< NOT SAVED >>;['-batch-training', '-calc-rsi', '-normalize', '-no-tune', '-n-jobs=20', '-symbol-list=BTCUSDT,ETHUSDT,BNBUSDT,XRPUSDT,ADAUSDT,DOGEUSDT,SOLUSDT,TRXUSDT,DOTUSDT,MATICUSDT,LTCUSDT,BCHUSDT,AVAXUSDT,XLMUSDT,LINKUSDT,XMRUSDT,UNIUSDT,ATOMUSDT', '-interval-list=5m', '-estimator-list=knn', '-stop-loss-list=1.0', '-numeric-features=volume,quote_asset_volume,number_of_trades,taker_buy_base_asset_volume,taker_buy_quote_asset_volume', '-regression-PnL-list=72', '-regression-times-list=0', '-start-train-date=2023-01-01', '-start-test-date=2023-07-01']
2023-10-20 23:14:28;BNBUSDT;5m;knn;allknn;1.0;0;72;0.0599;0.7431;0.2763;0.2763;quote_asset_volume,taker_buy_quote_asset_volume,rsi,ema_200p;;0.7;False;2023-01-01;2023-07-22 22:10:00;3;True;<< NOT SAVED >>;['-batch-training', '-calc-rsi', '-normalize', '-no-tune', '-n-jobs=20', '-symbol-list=BTCUSDT,ETHUSDT,BNBUSDT,XRPUSDT,ADAUSDT,DOGEUSDT,SOLUSDT,TRXUSDT,DOTUSDT,MATICUSDT,LTCUSDT,BCHUSDT,AVAXUSDT,XLMUSDT,LINKUSDT,XMRUSDT,UNIUSDT,ATOMUSDT', '-interval-list=5m', '-estimator-list=knn', '-stop-loss-list=1.0', '-numeric-features=volume,quote_asset_volume,number_of_trades,taker_buy_base_asset_volume,taker_buy_quote_asset_volume', '-regression-PnL-list=72', '-regression-times-list=0', '-start-train-date=2023-01-01', '-start-test-date=2023-07-01']
2023-10-20 23:45:03;BNBUSDT;5m;knn;allknn;1.0;0;72;0.0951;0.7184;0.2763;0.2763;volume,quote_asset_volume,number_of_trades,taker_buy_base_asset_volume,rsi,ema_200p;;0.7;False;2023-01-01;2023-07-22 22:10:00;3;True;<< NOT SAVED >>;['-batch-training', '-calc-rsi', '-normalize', '-no-tune', '-n-jobs=20', '-symbol-list=BTCUSDT,ETHUSDT,BNBUSDT,XRPUSDT,ADAUSDT,DOGEUSDT,SOLUSDT,TRXUSDT,DOTUSDT,MATICUSDT,LTCUSDT,BCHUSDT,AVAXUSDT,XLMUSDT,LINKUSDT,XMRUSDT,UNIUSDT,ATOMUSDT', '-interval-list=5m', '-estimator-list=knn', '-stop-loss-list=1.0', '-numeric-features=volume,quote_asset_volume,number_of_trades,taker_buy_base_asset_volume,taker_buy_quote_asset_volume', '-regression-PnL-list=72', '-regression-times-list=0', '-start-train-date=2023-01-01', '-start-test-date=2023-07-01']
2023-10-20 22:38:28;BNBUSDT;5m;knn;instancehardnessthreshold;1.0;0;72;0.2765;0.56;0.2586;0.2765;volume,number_of_trades,rsi;;0.7;False;2023-01-01;2023-07-22 22:10:00;3;True;<< NOT SAVED >>;['-batch-training', '-calc-rsi', '-normalize', '-no-tune', '-n-jobs=20', '-symbol-list=BTCUSDT,ETHUSDT,BNBUSDT,XRPUSDT,ADAUSDT,DOGEUSDT,SOLUSDT,TRXUSDT,DOTUSDT,MATICUSDT,LTCUSDT,BCHUSDT,AVAXUSDT,XLMUSDT,LINKUSDT,XMRUSDT,UNIUSDT,ATOMUSDT', '-interval-list=5m', '-estimator-list=knn', '-stop-loss-list=1.0', '-numeric-features=volume,quote_asset_volume,number_of_trades,taker_buy_base_asset_volume,taker_buy_quote_asset_volume', '-regression-PnL-list=72', '-regression-times-list=0', '-start-train-date=2023-01-01', '-start-test-date=2023-07-01']
2023-10-29 17:39:20;BNBUSDT;5m;knn;allknn;1.0;0;72;0.0369;0.6495;0.2767;0.2767;close,volume,number_of_trades;;0.7;False;2023-01-01;2023-07-31 19:40:00;3;True;<< NOT SAVED >>;['-batch-training', '-calc-rsi', '-normalize', '-no-tune', '-n-jobs=20', '-symbol-list=BTCUSDT,ETHUSDT,BNBUSDT,XRPUSDT,ADAUSDT,DOGEUSDT,SOLUSDT,TRXUSDT,DOTUSDT,MATICUSDT,LTCUSDT,BCHUSDT,AVAXUSDT,XLMUSDT,LINKUSDT,XMRUSDT,UNIUSDT,ATOMUSDT', '-interval-list=5m', '-estimator-list=knn', '-stop-loss-list=1.0', '-numeric-features=close,volume,quote_asset_volume,number_of_trades', '-regression-PnL-list=72', '-regression-times-list=0', '-start-train-date=2023-01-01', '-start-test-date=2023-07-01']
2023-10-20 23:52:33;BNBUSDT;5m;knn;instancehardnessthreshold;1.0;0;72;0.2166;0.6182;0.2767;0.2767;quote_asset_volume,number_of_trades,taker_buy_base_asset_volume,taker_buy_quote_asset_volume,rsi,ema_72p;;0.7;False;2023-01-01;2023-07-22 22:10:00;3;True;<< NOT SAVED >>;['-batch-training', '-calc-rsi', '-normalize', '-no-tune', '-n-jobs=20', '-symbol-list=BTCUSDT,ETHUSDT,BNBUSDT,XRPUSDT,ADAUSDT,DOGEUSDT,SOLUSDT,TRXUSDT,DOTUSDT,MATICUSDT,LTCUSDT,BCHUSDT,AVAXUSDT,XLMUSDT,LINKUSDT,XMRUSDT,UNIUSDT,ATOMUSDT', '-interval-list=5m', '-estimator-list=knn', '-stop-loss-list=1.0', '-numeric-features=volume,quote_asset_volume,number_of_trades,taker_buy_base_asset_volume,taker_buy_quote_asset_volume', '-regression-PnL-list=72', '-regression-times-list=0', '-start-train-date=2023-01-01', '-start-test-date=2023-07-01']
2023-10-20 23:44:36;BNBUSDT;5m;knn;allknn;1.0;0;72;0.0964;0.7153;0.2767;0.2767;volume,quote_asset_volume,number_of_trades,taker_buy_base_asset_volume,rsi,ema_72p;;0.7;False;2023-01-01;2023-07-22 22:10:00;3;True;<< NOT SAVED >>;['-batch-training', '-calc-rsi', '-normalize', '-no-tune', '-n-jobs=20', '-symbol-list=BTCUSDT,ETHUSDT,BNBUSDT,XRPUSDT,ADAUSDT,DOGEUSDT,SOLUSDT,TRXUSDT,DOTUSDT,MATICUSDT,LTCUSDT,BCHUSDT,AVAXUSDT,XLMUSDT,LINKUSDT,XMRUSDT,UNIUSDT,ATOMUSDT', '-interval-list=5m', '-estimator-list=knn', '-stop-loss-list=1.0', '-numeric-features=volume,quote_asset_volume,number_of_trades,taker_buy_base_asset_volume,taker_buy_quote_asset_volume', '-regression-PnL-list=72', '-regression-times-list=0', '-start-train-date=2023-01-01', '-start-test-date=2023-07-01']
2023-10-20 22:47:18;BNBUSDT;5m;knn;allknn;1.0;0;72;0.0625;0.7108;0.2767;0.2767;quote_asset_volume,rsi,ema_72p;;0.7;False;2023-01-01;2023-07-22 22:10:00;3;True;<< NOT SAVED >>;['-batch-training', '-calc-rsi', '-normalize', '-no-tune', '-n-jobs=20', '-symbol-list=BTCUSDT,ETHUSDT,BNBUSDT,XRPUSDT,ADAUSDT,DOGEUSDT,SOLUSDT,TRXUSDT,DOTUSDT,MATICUSDT,LTCUSDT,BCHUSDT,AVAXUSDT,XLMUSDT,LINKUSDT,XMRUSDT,UNIUSDT,ATOMUSDT', '-interval-list=5m', '-estimator-list=knn', '-stop-loss-list=1.0', '-numeric-features=volume,quote_asset_volume,number_of_trades,taker_buy_base_asset_volume,taker_buy_quote_asset_volume', '-regression-PnL-list=72', '-regression-times-list=0', '-start-train-date=2023-01-01', '-start-test-date=2023-07-01']
2023-10-20 23:36:36;BNBUSDT;5m;knn;allknn;1.0;0;72;0.0774;0.7362;0.2767;0.2767;quote_asset_volume,number_of_trades,taker_buy_base_asset_volume,rsi,ema_200p;;0.7;False;2023-01-01;2023-07-22 22:10:00;3;True;<< NOT SAVED >>;['-batch-training', '-calc-rsi', '-normalize', '-no-tune', '-n-jobs=20', '-symbol-list=BTCUSDT,ETHUSDT,BNBUSDT,XRPUSDT,ADAUSDT,DOGEUSDT,SOLUSDT,TRXUSDT,DOTUSDT,MATICUSDT,LTCUSDT,BCHUSDT,AVAXUSDT,XLMUSDT,LINKUSDT,XMRUSDT,UNIUSDT,ATOMUSDT', '-interval-list=5m', '-estimator-list=knn', '-stop-loss-list=1.0', '-numeric-features=volume,quote_asset_volume,number_of_trades,taker_buy_base_asset_volume,taker_buy_quote_asset_volume', '-regression-PnL-list=72', '-regression-times-list=0', '-start-train-date=2023-01-01', '-start-test-date=2023-07-01']
2023-10-20 22:38:07;BNBUSDT;5m;knn;instancehardnessthreshold;1.0;0;72;0.2768;0.5505;0.2594;0.2768;volume,number_of_trades,taker_buy_quote_asset_volume;;0.7;False;2023-01-01;2023-07-22 22:10:00;3;True;<< NOT SAVED >>;['-batch-training', '-calc-rsi', '-normalize', '-no-tune', '-n-jobs=20', '-symbol-list=BTCUSDT,ETHUSDT,BNBUSDT,XRPUSDT,ADAUSDT,DOGEUSDT,SOLUSDT,TRXUSDT,DOTUSDT,MATICUSDT,LTCUSDT,BCHUSDT,AVAXUSDT,XLMUSDT,LINKUSDT,XMRUSDT,UNIUSDT,ATOMUSDT', '-interval-list=5m', '-estimator-list=knn', '-stop-loss-list=1.0', '-numeric-features=volume,quote_asset_volume,number_of_trades,taker_buy_base_asset_volume,taker_buy_quote_asset_volume', '-regression-PnL-list=72', '-regression-times-list=0', '-start-train-date=2023-01-01', '-start-test-date=2023-07-01']
2023-10-20 23:18:01;BNBUSDT;5m;knn;instancehardnessthreshold;1.0;0;72;0.2039;0.6223;0.2771;0.2771;number_of_trades,taker_buy_quote_asset_volume,rsi,ema_200p;;0.7;False;2023-01-01;2023-07-22 22:10:00;3;True;<< NOT SAVED >>;['-batch-training', '-calc-rsi', '-normalize', '-no-tune', '-n-jobs=20', '-symbol-list=BTCUSDT,ETHUSDT,BNBUSDT,XRPUSDT,ADAUSDT,DOGEUSDT,SOLUSDT,TRXUSDT,DOTUSDT,MATICUSDT,LTCUSDT,BCHUSDT,AVAXUSDT,XLMUSDT,LINKUSDT,XMRUSDT,UNIUSDT,ATOMUSDT', '-interval-list=5m', '-estimator-list=knn', '-stop-loss-list=1.0', '-numeric-features=volume,quote_asset_volume,number_of_trades,taker_buy_base_asset_volume,taker_buy_quote_asset_volume', '-regression-PnL-list=72', '-regression-times-list=0', '-start-train-date=2023-01-01', '-start-test-date=2023-07-01']
2023-10-20 23:16:41;BNBUSDT;5m;knn;allknn;1.0;0;72;0.0783;0.7155;0.2771;0.2771;number_of_trades,taker_buy_base_asset_volume,rsi,ema_72p;;0.7;False;2023-01-01;2023-07-22 22:10:00;3;True;<< NOT SAVED >>;['-batch-training', '-calc-rsi', '-normalize', '-no-tune', '-n-jobs=20', '-symbol-list=BTCUSDT,ETHUSDT,BNBUSDT,XRPUSDT,ADAUSDT,DOGEUSDT,SOLUSDT,TRXUSDT,DOTUSDT,MATICUSDT,LTCUSDT,BCHUSDT,AVAXUSDT,XLMUSDT,LINKUSDT,XMRUSDT,UNIUSDT,ATOMUSDT', '-interval-list=5m', '-estimator-list=knn', '-stop-loss-list=1.0', '-numeric-features=volume,quote_asset_volume,number_of_trades,taker_buy_base_asset_volume,taker_buy_quote_asset_volume', '-regression-PnL-list=72', '-regression-times-list=0', '-start-train-date=2023-01-01', '-start-test-date=2023-07-01']
2023-10-20 22:50:56;BNBUSDT;5m;knn;instancehardnessthreshold;1.0;0;72;0.1798;0.6377;0.2775;0.2775;number_of_trades,rsi,ema_200p;;0.7;False;2023-01-01;2023-07-22 22:10:00;3;True;<< NOT SAVED >>;['-batch-training', '-calc-rsi', '-normalize', '-no-tune', '-n-jobs=20', '-symbol-list=BTCUSDT,ETHUSDT,BNBUSDT,XRPUSDT,ADAUSDT,DOGEUSDT,SOLUSDT,TRXUSDT,DOTUSDT,MATICUSDT,LTCUSDT,BCHUSDT,AVAXUSDT,XLMUSDT,LINKUSDT,XMRUSDT,UNIUSDT,ATOMUSDT', '-interval-list=5m', '-estimator-list=knn', '-stop-loss-list=1.0', '-numeric-features=volume,quote_asset_volume,number_of_trades,taker_buy_base_asset_volume,taker_buy_quote_asset_volume', '-regression-PnL-list=72', '-regression-times-list=0', '-start-train-date=2023-01-01', '-start-test-date=2023-07-01']
2023-10-20 22:42:08;BNBUSDT;5m;knn;allknn;1.0;0;72;0.0764;0.716;0.2779;0.2779;volume,rsi,ema_72p;;0.7;False;2023-01-01;2023-07-22 22:10:00;3;True;<< NOT SAVED >>;['-batch-training', '-calc-rsi', '-normalize', '-no-tune', '-n-jobs=20', '-symbol-list=BTCUSDT,ETHUSDT,BNBUSDT,XRPUSDT,ADAUSDT,DOGEUSDT,SOLUSDT,TRXUSDT,DOTUSDT,MATICUSDT,LTCUSDT,BCHUSDT,AVAXUSDT,XLMUSDT,LINKUSDT,XMRUSDT,UNIUSDT,ATOMUSDT', '-interval-list=5m', '-estimator-list=knn', '-stop-loss-list=1.0', '-numeric-features=volume,quote_asset_volume,number_of_trades,taker_buy_base_asset_volume,taker_buy_quote_asset_volume', '-regression-PnL-list=72', '-regression-times-list=0', '-start-train-date=2023-01-01', '-start-test-date=2023-07-01']
2023-10-20 23:36:11;BNBUSDT;5m;knn;allknn;1.0;0;72;0.0631;0.7356;0.2779;0.2779;quote_asset_volume,number_of_trades,taker_buy_base_asset_volume,rsi,ema_72p;;0.7;False;2023-01-01;2023-07-22 22:10:00;3;True;<< NOT SAVED >>;['-batch-training', '-calc-rsi', '-normalize', '-no-tune', '-n-jobs=20', '-symbol-list=BTCUSDT,ETHUSDT,BNBUSDT,XRPUSDT,ADAUSDT,DOGEUSDT,SOLUSDT,TRXUSDT,DOTUSDT,MATICUSDT,LTCUSDT,BCHUSDT,AVAXUSDT,XLMUSDT,LINKUSDT,XMRUSDT,UNIUSDT,ATOMUSDT', '-interval-list=5m', '-estimator-list=knn', '-stop-loss-list=1.0', '-numeric-features=volume,quote_asset_volume,number_of_trades,taker_buy_base_asset_volume,taker_buy_quote_asset_volume', '-regression-PnL-list=72', '-regression-times-list=0', '-start-train-date=2023-01-01', '-start-test-date=2023-07-01']
2023-10-20 23:20:59;BNBUSDT;5m;knn;instancehardnessthreshold;1.0;0;72;0.2666;0.5577;0.2783;0.2783;volume,quote_asset_volume,number_of_trades,taker_buy_base_asset_volume,taker_buy_quote_asset_volume;;0.7;False;2023-01-01;2023-07-22 22:10:00;3;True;<< NOT SAVED >>;['-batch-training', '-calc-rsi', '-normalize', '-no-tune', '-n-jobs=20', '-symbol-list=BTCUSDT,ETHUSDT,BNBUSDT,XRPUSDT,ADAUSDT,DOGEUSDT,SOLUSDT,TRXUSDT,DOTUSDT,MATICUSDT,LTCUSDT,BCHUSDT,AVAXUSDT,XLMUSDT,LINKUSDT,XMRUSDT,UNIUSDT,ATOMUSDT', '-interval-list=5m', '-estimator-list=knn', '-stop-loss-list=1.0', '-numeric-features=volume,quote_asset_volume,number_of_trades,taker_buy_base_asset_volume,taker_buy_quote_asset_volume', '-regression-PnL-list=72', '-regression-times-list=0', '-start-train-date=2023-01-01', '-start-test-date=2023-07-01']
2023-10-20 23:15:25;BNBUSDT;5m;knn;instancehardnessthreshold;1.0;0;72;0.2784;0.5301;0.2636;0.2784;number_of_trades,taker_buy_base_asset_volume,taker_buy_quote_asset_volume,rsi;;0.7;False;2023-01-01;2023-07-22 22:10:00;3;True;<< NOT SAVED >>;['-batch-training', '-calc-rsi', '-normalize', '-no-tune', '-n-jobs=20', '-symbol-list=BTCUSDT,ETHUSDT,BNBUSDT,XRPUSDT,ADAUSDT,DOGEUSDT,SOLUSDT,TRXUSDT,DOTUSDT,MATICUSDT,LTCUSDT,BCHUSDT,AVAXUSDT,XLMUSDT,LINKUSDT,XMRUSDT,UNIUSDT,ATOMUSDT', '-interval-list=5m', '-estimator-list=knn', '-stop-loss-list=1.0', '-numeric-features=volume,quote_asset_volume,number_of_trades,taker_buy_base_asset_volume,taker_buy_quote_asset_volume', '-regression-PnL-list=72', '-regression-times-list=0', '-start-train-date=2023-01-01', '-start-test-date=2023-07-01']
2023-10-20 22:24:35;BNBUSDT;5m;knn;instancehardnessthreshold;1.0;0;72;0.2787;0.5133;0.2605;0.2787;volume;;0.7;False;2023-01-01;2023-07-22 22:10:00;3;True;<< NOT SAVED >>;['-batch-training', '-calc-rsi', '-normalize', '-no-tune', '-n-jobs=20', '-symbol-list=BTCUSDT,ETHUSDT,BNBUSDT,XRPUSDT,ADAUSDT,DOGEUSDT,SOLUSDT,TRXUSDT,DOTUSDT,MATICUSDT,LTCUSDT,BCHUSDT,AVAXUSDT,XLMUSDT,LINKUSDT,XMRUSDT,UNIUSDT,ATOMUSDT', '-interval-list=5m', '-estimator-list=knn', '-stop-loss-list=1.0', '-numeric-features=volume,quote_asset_volume,number_of_trades,taker_buy_base_asset_volume,taker_buy_quote_asset_volume', '-regression-PnL-list=72', '-regression-times-list=0', '-start-train-date=2023-01-01', '-start-test-date=2023-07-01']
2023-10-20 23:50:27;BNBUSDT;5m;knn;allknn;1.0;0;72;0.071;0.7187;0.2787;0.2787;volume,number_of_trades,taker_buy_base_asset_volume,taker_buy_quote_asset_volume,rsi,ema_200p;;0.7;False;2023-01-01;2023-07-22 22:10:00;3;True;<< NOT SAVED >>;['-batch-training', '-calc-rsi', '-normalize', '-no-tune', '-n-jobs=20', '-symbol-list=BTCUSDT,ETHUSDT,BNBUSDT,XRPUSDT,ADAUSDT,DOGEUSDT,SOLUSDT,TRXUSDT,DOTUSDT,MATICUSDT,LTCUSDT,BCHUSDT,AVAXUSDT,XLMUSDT,LINKUSDT,XMRUSDT,UNIUSDT,ATOMUSDT', '-interval-list=5m', '-estimator-list=knn', '-stop-loss-list=1.0', '-numeric-features=volume,quote_asset_volume,number_of_trades,taker_buy_base_asset_volume,taker_buy_quote_asset_volume', '-regression-PnL-list=72', '-regression-times-list=0', '-start-train-date=2023-01-01', '-start-test-date=2023-07-01']
2023-10-20 23:17:49;BNBUSDT;5m;knn;allknn;1.0;0;72;0.051;0.7247;0.279;0.279;number_of_trades,taker_buy_quote_asset_volume,rsi,ema_72p;;0.7;False;2023-01-01;2023-07-22 22:10:00;3;True;<< NOT SAVED >>;['-batch-training', '-calc-rsi', '-normalize', '-no-tune', '-n-jobs=20', '-symbol-list=BTCUSDT,ETHUSDT,BNBUSDT,XRPUSDT,ADAUSDT,DOGEUSDT,SOLUSDT,TRXUSDT,DOTUSDT,MATICUSDT,LTCUSDT,BCHUSDT,AVAXUSDT,XLMUSDT,LINKUSDT,XMRUSDT,UNIUSDT,ATOMUSDT', '-interval-list=5m', '-estimator-list=knn', '-stop-loss-list=1.0', '-numeric-features=volume,quote_asset_volume,number_of_trades,taker_buy_base_asset_volume,taker_buy_quote_asset_volume', '-regression-PnL-list=72', '-regression-times-list=0', '-start-train-date=2023-01-01', '-start-test-date=2023-07-01']
2023-10-20 23:41:16;BNBUSDT;5m;knn;allknn;1.0;0;72;0.0774;0.7187;0.279;0.279;number_of_trades,taker_buy_base_asset_volume,taker_buy_quote_asset_volume,rsi,ema_200p;;0.7;False;2023-01-01;2023-07-22 22:10:00;3;True;<< NOT SAVED >>;['-batch-training', '-calc-rsi', '-normalize', '-no-tune', '-n-jobs=20', '-symbol-list=BTCUSDT,ETHUSDT,BNBUSDT,XRPUSDT,ADAUSDT,DOGEUSDT,SOLUSDT,TRXUSDT,DOTUSDT,MATICUSDT,LTCUSDT,BCHUSDT,AVAXUSDT,XLMUSDT,LINKUSDT,XMRUSDT,UNIUSDT,ATOMUSDT', '-interval-list=5m', '-estimator-list=knn', '-stop-loss-list=1.0', '-numeric-features=volume,quote_asset_volume,number_of_trades,taker_buy_base_asset_volume,taker_buy_quote_asset_volume', '-regression-PnL-list=72', '-regression-times-list=0', '-start-train-date=2023-01-01', '-start-test-date=2023-07-01']
2023-10-20 22:35:07;BNBUSDT;5m;knn;repeatededitednearestneighbours;1.0;0;72;0.071;0.6805;0.2794;0.2794;rsi,ema_200p;;0.7;False;2023-01-01;2023-07-22 22:10:00;3;True;<< NOT SAVED >>;['-batch-training', '-calc-rsi', '-normalize', '-no-tune', '-n-jobs=20', '-symbol-list=BTCUSDT,ETHUSDT,BNBUSDT,XRPUSDT,ADAUSDT,DOGEUSDT,SOLUSDT,TRXUSDT,DOTUSDT,MATICUSDT,LTCUSDT,BCHUSDT,AVAXUSDT,XLMUSDT,LINKUSDT,XMRUSDT,UNIUSDT,ATOMUSDT', '-interval-list=5m', '-estimator-list=knn', '-stop-loss-list=1.0', '-numeric-features=volume,quote_asset_volume,number_of_trades,taker_buy_base_asset_volume,taker_buy_quote_asset_volume', '-regression-PnL-list=72', '-regression-times-list=0', '-start-train-date=2023-01-01', '-start-test-date=2023-07-01']
2023-10-20 22:49:33;BNBUSDT;5m;knn;instancehardnessthreshold;1.0;0;72;0.2796;0.5508;0.2513;0.2796;number_of_trades,taker_buy_quote_asset_volume,rsi;;0.7;False;2023-01-01;2023-07-22 22:10:00;3;True;<< NOT SAVED >>;['-batch-training', '-calc-rsi', '-normalize', '-no-tune', '-n-jobs=20', '-symbol-list=BTCUSDT,ETHUSDT,BNBUSDT,XRPUSDT,ADAUSDT,DOGEUSDT,SOLUSDT,TRXUSDT,DOTUSDT,MATICUSDT,LTCUSDT,BCHUSDT,AVAXUSDT,XLMUSDT,LINKUSDT,XMRUSDT,UNIUSDT,ATOMUSDT', '-interval-list=5m', '-estimator-list=knn', '-stop-loss-list=1.0', '-numeric-features=volume,quote_asset_volume,number_of_trades,taker_buy_base_asset_volume,taker_buy_quote_asset_volume', '-regression-PnL-list=72', '-regression-times-list=0', '-start-train-date=2023-01-01', '-start-test-date=2023-07-01']
2023-10-20 23:19:31;BNBUSDT;5m;knn;instancehardnessthreshold;1.0;0;72;0.2578;0.5807;0.2798;0.2798;taker_buy_base_asset_volume,taker_buy_quote_asset_volume,rsi,ema_200p;;0.7;False;2023-01-01;2023-07-22 22:10:00;3;True;<< NOT SAVED >>;['-batch-training', '-calc-rsi', '-normalize', '-no-tune', '-n-jobs=20', '-symbol-list=BTCUSDT,ETHUSDT,BNBUSDT,XRPUSDT,ADAUSDT,DOGEUSDT,SOLUSDT,TRXUSDT,DOTUSDT,MATICUSDT,LTCUSDT,BCHUSDT,AVAXUSDT,XLMUSDT,LINKUSDT,XMRUSDT,UNIUSDT,ATOMUSDT', '-interval-list=5m', '-estimator-list=knn', '-stop-loss-list=1.0', '-numeric-features=volume,quote_asset_volume,number_of_trades,taker_buy_base_asset_volume,taker_buy_quote_asset_volume', '-regression-PnL-list=72', '-regression-times-list=0', '-start-train-date=2023-01-01', '-start-test-date=2023-07-01']
2023-10-20 22:52:49;BNBUSDT;5m;knn;allknn;1.0;0;72;0.0929;0.7099;0.281;0.281;taker_buy_base_asset_volume,rsi,ema_72p;;0.7;False;2023-01-01;2023-07-22 22:10:00;3;True;<< NOT SAVED >>;['-batch-training', '-calc-rsi', '-normalize', '-no-tune', '-n-jobs=20', '-symbol-list=BTCUSDT,ETHUSDT,BNBUSDT,XRPUSDT,ADAUSDT,DOGEUSDT,SOLUSDT,TRXUSDT,DOTUSDT,MATICUSDT,LTCUSDT,BCHUSDT,AVAXUSDT,XLMUSDT,LINKUSDT,XMRUSDT,UNIUSDT,ATOMUSDT', '-interval-list=5m', '-estimator-list=knn', '-stop-loss-list=1.0', '-numeric-features=volume,quote_asset_volume,number_of_trades,taker_buy_base_asset_volume,taker_buy_quote_asset_volume', '-regression-PnL-list=72', '-regression-times-list=0', '-start-train-date=2023-01-01', '-start-test-date=2023-07-01']
2023-10-20 23:43:42;BNBUSDT;5m;knn;allknn;1.0;0;72;0.0656;0.7335;0.281;0.281;volume,quote_asset_volume,number_of_trades,taker_buy_base_asset_volume,taker_buy_quote_asset_volume,ema_72p;;0.7;False;2023-01-01;2023-07-22 22:10:00;3;True;<< NOT SAVED >>;['-batch-training', '-calc-rsi', '-normalize', '-no-tune', '-n-jobs=20', '-symbol-list=BTCUSDT,ETHUSDT,BNBUSDT,XRPUSDT,ADAUSDT,DOGEUSDT,SOLUSDT,TRXUSDT,DOTUSDT,MATICUSDT,LTCUSDT,BCHUSDT,AVAXUSDT,XLMUSDT,LINKUSDT,XMRUSDT,UNIUSDT,ATOMUSDT', '-interval-list=5m', '-estimator-list=knn', '-stop-loss-list=1.0', '-numeric-features=volume,quote_asset_volume,number_of_trades,taker_buy_base_asset_volume,taker_buy_quote_asset_volume', '-regression-PnL-list=72', '-regression-times-list=0', '-start-train-date=2023-01-01', '-start-test-date=2023-07-01']
2023-10-20 23:44:25;BNBUSDT;5m;knn;instancehardnessthreshold;1.0;0;72;0.2425;0.6101;0.281;0.281;volume,quote_asset_volume,number_of_trades,taker_buy_base_asset_volume,rsi,ema_72p;;0.7;False;2023-01-01;2023-07-22 22:10:00;3;True;<< NOT SAVED >>;['-batch-training', '-calc-rsi', '-normalize', '-no-tune', '-n-jobs=20', '-symbol-list=BTCUSDT,ETHUSDT,BNBUSDT,XRPUSDT,ADAUSDT,DOGEUSDT,SOLUSDT,TRXUSDT,DOTUSDT,MATICUSDT,LTCUSDT,BCHUSDT,AVAXUSDT,XLMUSDT,LINKUSDT,XMRUSDT,UNIUSDT,ATOMUSDT', '-interval-list=5m', '-estimator-list=knn', '-stop-loss-list=1.0', '-numeric-features=volume,quote_asset_volume,number_of_trades,taker_buy_base_asset_volume,taker_buy_quote_asset_volume', '-regression-PnL-list=72', '-regression-times-list=0', '-start-train-date=2023-01-01', '-start-test-date=2023-07-01']
2023-10-20 23:19:10;BNBUSDT;5m;knn;instancehardnessthreshold;1.0;0;72;0.2584;0.575;0.281;0.281;taker_buy_base_asset_volume,taker_buy_quote_asset_volume,rsi,ema_72p;;0.7;False;2023-01-01;2023-07-22 22:10:00;3;True;<< NOT SAVED >>;['-batch-training', '-calc-rsi', '-normalize', '-no-tune', '-n-jobs=20', '-symbol-list=BTCUSDT,ETHUSDT,BNBUSDT,XRPUSDT,ADAUSDT,DOGEUSDT,SOLUSDT,TRXUSDT,DOTUSDT,MATICUSDT,LTCUSDT,BCHUSDT,AVAXUSDT,XLMUSDT,LINKUSDT,XMRUSDT,UNIUSDT,ATOMUSDT', '-interval-list=5m', '-estimator-list=knn', '-stop-loss-list=1.0', '-numeric-features=volume,quote_asset_volume,number_of_trades,taker_buy_base_asset_volume,taker_buy_quote_asset_volume', '-regression-PnL-list=72', '-regression-times-list=0', '-start-train-date=2023-01-01', '-start-test-date=2023-07-01']
2023-10-20 23:24:24;BNBUSDT;5m;knn;allknn;1.0;0;72;0.084;0.7215;0.2814;0.2814;volume,quote_asset_volume,number_of_trades,rsi,ema_200p;;0.7;False;2023-01-01;2023-07-22 22:10:00;3;True;<< NOT SAVED >>;['-batch-training', '-calc-rsi', '-normalize', '-no-tune', '-n-jobs=20', '-symbol-list=BTCUSDT,ETHUSDT,BNBUSDT,XRPUSDT,ADAUSDT,DOGEUSDT,SOLUSDT,TRXUSDT,DOTUSDT,MATICUSDT,LTCUSDT,BCHUSDT,AVAXUSDT,XLMUSDT,LINKUSDT,XMRUSDT,UNIUSDT,ATOMUSDT', '-interval-list=5m', '-estimator-list=knn', '-stop-loss-list=1.0', '-numeric-features=volume,quote_asset_volume,number_of_trades,taker_buy_base_asset_volume,taker_buy_quote_asset_volume', '-regression-PnL-list=72', '-regression-times-list=0', '-start-train-date=2023-01-01', '-start-test-date=2023-07-01']
2023-10-20 22:59:57;BNBUSDT;5m;knn;allknn;1.0;0;72;0.0805;0.7143;0.2817;0.2817;volume,quote_asset_volume,rsi,ema_200p;;0.7;False;2023-01-01;2023-07-22 22:10:00;3;True;<< NOT SAVED >>;['-batch-training', '-calc-rsi', '-normalize', '-no-tune', '-n-jobs=20', '-symbol-list=BTCUSDT,ETHUSDT,BNBUSDT,XRPUSDT,ADAUSDT,DOGEUSDT,SOLUSDT,TRXUSDT,DOTUSDT,MATICUSDT,LTCUSDT,BCHUSDT,AVAXUSDT,XLMUSDT,LINKUSDT,XMRUSDT,UNIUSDT,ATOMUSDT', '-interval-list=5m', '-estimator-list=knn', '-stop-loss-list=1.0', '-numeric-features=volume,quote_asset_volume,number_of_trades,taker_buy_base_asset_volume,taker_buy_quote_asset_volume', '-regression-PnL-list=72', '-regression-times-list=0', '-start-train-date=2023-01-01', '-start-test-date=2023-07-01']
2023-10-20 23:23:37;BNBUSDT;5m;knn;allknn;1.0;0;72;0.0663;0.7319;0.2821;0.2821;volume,quote_asset_volume,number_of_trades,taker_buy_quote_asset_volume,ema_200p;;0.7;False;2023-01-01;2023-07-22 22:10:00;3;True;<< NOT SAVED >>;['-batch-training', '-calc-rsi', '-normalize', '-no-tune', '-n-jobs=20', '-symbol-list=BTCUSDT,ETHUSDT,BNBUSDT,XRPUSDT,ADAUSDT,DOGEUSDT,SOLUSDT,TRXUSDT,DOTUSDT,MATICUSDT,LTCUSDT,BCHUSDT,AVAXUSDT,XLMUSDT,LINKUSDT,XMRUSDT,UNIUSDT,ATOMUSDT', '-interval-list=5m', '-estimator-list=knn', '-stop-loss-list=1.0', '-numeric-features=volume,quote_asset_volume,number_of_trades,taker_buy_base_asset_volume,taker_buy_quote_asset_volume', '-regression-PnL-list=72', '-regression-times-list=0', '-start-train-date=2023-01-01', '-start-test-date=2023-07-01']
2023-10-20 22:33:50;BNBUSDT;5m;knn;instancehardnessthreshold;1.0;0;72;0.2822;0.5145;0.2586;0.2822;taker_buy_quote_asset_volume,rsi;;0.7;False;2023-01-01;2023-07-22 22:10:00;3;True;<< NOT SAVED >>;['-batch-training', '-calc-rsi', '-normalize', '-no-tune', '-n-jobs=20', '-symbol-list=BTCUSDT,ETHUSDT,BNBUSDT,XRPUSDT,ADAUSDT,DOGEUSDT,SOLUSDT,TRXUSDT,DOTUSDT,MATICUSDT,LTCUSDT,BCHUSDT,AVAXUSDT,XLMUSDT,LINKUSDT,XMRUSDT,UNIUSDT,ATOMUSDT', '-interval-list=5m', '-estimator-list=knn', '-stop-loss-list=1.0', '-numeric-features=volume,quote_asset_volume,number_of_trades,taker_buy_base_asset_volume,taker_buy_quote_asset_volume', '-regression-PnL-list=72', '-regression-times-list=0', '-start-train-date=2023-01-01', '-start-test-date=2023-07-01']
2023-10-20 22:30:57;BNBUSDT;5m;knn;instancehardnessthreshold;1.0;0;72;0.2825;0.5505;0.2509;0.2825;number_of_trades,taker_buy_base_asset_volume;;0.7;False;2023-01-01;2023-07-22 22:10:00;3;True;<< NOT SAVED >>;['-batch-training', '-calc-rsi', '-normalize', '-no-tune', '-n-jobs=20', '-symbol-list=BTCUSDT,ETHUSDT,BNBUSDT,XRPUSDT,ADAUSDT,DOGEUSDT,SOLUSDT,TRXUSDT,DOTUSDT,MATICUSDT,LTCUSDT,BCHUSDT,AVAXUSDT,XLMUSDT,LINKUSDT,XMRUSDT,UNIUSDT,ATOMUSDT', '-interval-list=5m', '-estimator-list=knn', '-stop-loss-list=1.0', '-numeric-features=volume,quote_asset_volume,number_of_trades,taker_buy_base_asset_volume,taker_buy_quote_asset_volume', '-regression-PnL-list=72', '-regression-times-list=0', '-start-train-date=2023-01-01', '-start-test-date=2023-07-01']
2023-10-20 23:18:57;BNBUSDT;5m;knn;allknn;1.0;0;72;0.0745;0.7093;0.2825;0.2825;number_of_trades,rsi,ema_72p,ema_200p;;0.7;False;2023-01-01;2023-07-22 22:10:00;3;True;<< NOT SAVED >>;['-batch-training', '-calc-rsi', '-normalize', '-no-tune', '-n-jobs=20', '-symbol-list=BTCUSDT,ETHUSDT,BNBUSDT,XRPUSDT,ADAUSDT,DOGEUSDT,SOLUSDT,TRXUSDT,DOTUSDT,MATICUSDT,LTCUSDT,BCHUSDT,AVAXUSDT,XLMUSDT,LINKUSDT,XMRUSDT,UNIUSDT,ATOMUSDT', '-interval-list=5m', '-estimator-list=knn', '-stop-loss-list=1.0', '-numeric-features=volume,quote_asset_volume,number_of_trades,taker_buy_base_asset_volume,taker_buy_quote_asset_volume', '-regression-PnL-list=72', '-regression-times-list=0', '-start-train-date=2023-01-01', '-start-test-date=2023-07-01']
2023-10-20 23:31:26;BNBUSDT;5m;knn;allknn;1.0;0;72;0.0485;0.7285;0.2829;0.2829;volume,number_of_trades,taker_buy_quote_asset_volume,rsi,ema_72p;;0.7;False;2023-01-01;2023-07-22 22:10:00;3;True;<< NOT SAVED >>;['-batch-training', '-calc-rsi', '-normalize', '-no-tune', '-n-jobs=20', '-symbol-list=BTCUSDT,ETHUSDT,BNBUSDT,XRPUSDT,ADAUSDT,DOGEUSDT,SOLUSDT,TRXUSDT,DOTUSDT,MATICUSDT,LTCUSDT,BCHUSDT,AVAXUSDT,XLMUSDT,LINKUSDT,XMRUSDT,UNIUSDT,ATOMUSDT', '-interval-list=5m', '-estimator-list=knn', '-stop-loss-list=1.0', '-numeric-features=volume,quote_asset_volume,number_of_trades,taker_buy_base_asset_volume,taker_buy_quote_asset_volume', '-regression-PnL-list=72', '-regression-times-list=0', '-start-train-date=2023-01-01', '-start-test-date=2023-07-01']
2023-10-20 23:12:50;BNBUSDT;5m;knn;instancehardnessthreshold;1.0;0;72;0.2514;0.5891;0.2829;0.2829;quote_asset_volume,taker_buy_base_asset_volume,rsi,ema_72p;;0.7;False;2023-01-01;2023-07-22 22:10:00;3;True;<< NOT SAVED >>;['-batch-training', '-calc-rsi', '-normalize', '-no-tune', '-n-jobs=20', '-symbol-list=BTCUSDT,ETHUSDT,BNBUSDT,XRPUSDT,ADAUSDT,DOGEUSDT,SOLUSDT,TRXUSDT,DOTUSDT,MATICUSDT,LTCUSDT,BCHUSDT,AVAXUSDT,XLMUSDT,LINKUSDT,XMRUSDT,UNIUSDT,ATOMUSDT', '-interval-list=5m', '-estimator-list=knn', '-stop-loss-list=1.0', '-numeric-features=volume,quote_asset_volume,number_of_trades,taker_buy_base_asset_volume,taker_buy_quote_asset_volume', '-regression-PnL-list=72', '-regression-times-list=0', '-start-train-date=2023-01-01', '-start-test-date=2023-07-01']
2023-10-20 22:47:29;BNBUSDT;5m;knn;instancehardnessthreshold;1.0;0;72;0.2115;0.5873;0.2829;0.2829;quote_asset_volume,rsi,ema_200p;;0.7;False;2023-01-01;2023-07-22 22:10:00;3;True;<< NOT SAVED >>;['-batch-training', '-calc-rsi', '-normalize', '-no-tune', '-n-jobs=20', '-symbol-list=BTCUSDT,ETHUSDT,BNBUSDT,XRPUSDT,ADAUSDT,DOGEUSDT,SOLUSDT,TRXUSDT,DOTUSDT,MATICUSDT,LTCUSDT,BCHUSDT,AVAXUSDT,XLMUSDT,LINKUSDT,XMRUSDT,UNIUSDT,ATOMUSDT', '-interval-list=5m', '-estimator-list=knn', '-stop-loss-list=1.0', '-numeric-features=volume,quote_asset_volume,number_of_trades,taker_buy_base_asset_volume,taker_buy_quote_asset_volume', '-regression-PnL-list=72', '-regression-times-list=0', '-start-train-date=2023-01-01', '-start-test-date=2023-07-01']
2023-10-20 23:02:03;BNBUSDT;5m;knn;instancehardnessthreshold;1.0;0;72;0.2834;0.5505;0.2617;0.2834;volume,number_of_trades,taker_buy_quote_asset_volume,rsi;;0.7;False;2023-01-01;2023-07-22 22:10:00;3;True;<< NOT SAVED >>;['-batch-training', '-calc-rsi', '-normalize', '-no-tune', '-n-jobs=20', '-symbol-list=BTCUSDT,ETHUSDT,BNBUSDT,XRPUSDT,ADAUSDT,DOGEUSDT,SOLUSDT,TRXUSDT,DOTUSDT,MATICUSDT,LTCUSDT,BCHUSDT,AVAXUSDT,XLMUSDT,LINKUSDT,XMRUSDT,UNIUSDT,ATOMUSDT', '-interval-list=5m', '-estimator-list=knn', '-stop-loss-list=1.0', '-numeric-features=volume,quote_asset_volume,number_of_trades,taker_buy_base_asset_volume,taker_buy_quote_asset_volume', '-regression-PnL-list=72', '-regression-times-list=0', '-start-train-date=2023-01-01', '-start-test-date=2023-07-01']
2023-10-20 23:31:15;BNBUSDT;5m;knn;instancehardnessthreshold;1.0;0;72;0.2403;0.6092;0.2837;0.2837;volume,number_of_trades,taker_buy_quote_asset_volume,rsi,ema_72p;;0.7;False;2023-01-01;2023-07-22 22:10:00;3;True;<< NOT SAVED >>;['-batch-training', '-calc-rsi', '-normalize', '-no-tune', '-n-jobs=20', '-symbol-list=BTCUSDT,ETHUSDT,BNBUSDT,XRPUSDT,ADAUSDT,DOGEUSDT,SOLUSDT,TRXUSDT,DOTUSDT,MATICUSDT,LTCUSDT,BCHUSDT,AVAXUSDT,XLMUSDT,LINKUSDT,XMRUSDT,UNIUSDT,ATOMUSDT', '-interval-list=5m', '-estimator-list=knn', '-stop-loss-list=1.0', '-numeric-features=volume,quote_asset_volume,number_of_trades,taker_buy_base_asset_volume,taker_buy_quote_asset_volume', '-regression-PnL-list=72', '-regression-times-list=0', '-start-train-date=2023-01-01', '-start-test-date=2023-07-01']
2023-10-20 23:23:51;BNBUSDT;5m;knn;instancehardnessthreshold;1.0;0;72;0.2337;0.6061;0.2841;0.2841;volume,quote_asset_volume,number_of_trades,rsi,ema_72p;;0.7;False;2023-01-01;2023-07-22 22:10:00;3;True;<< NOT SAVED >>;['-batch-training', '-calc-rsi', '-normalize', '-no-tune', '-n-jobs=20', '-symbol-list=BTCUSDT,ETHUSDT,BNBUSDT,XRPUSDT,ADAUSDT,DOGEUSDT,SOLUSDT,TRXUSDT,DOTUSDT,MATICUSDT,LTCUSDT,BCHUSDT,AVAXUSDT,XLMUSDT,LINKUSDT,XMRUSDT,UNIUSDT,ATOMUSDT', '-interval-list=5m', '-estimator-list=knn', '-stop-loss-list=1.0', '-numeric-features=volume,quote_asset_volume,number_of_trades,taker_buy_base_asset_volume,taker_buy_quote_asset_volume', '-regression-PnL-list=72', '-regression-times-list=0', '-start-train-date=2023-01-01', '-start-test-date=2023-07-01']
2023-10-20 23:27:51;BNBUSDT;5m;knn;allknn;1.0;0;72;0.0517;0.7461;0.2841;0.2841;volume,quote_asset_volume,taker_buy_quote_asset_volume,rsi,ema_200p;;0.7;False;2023-01-01;2023-07-22 22:10:00;3;True;<< NOT SAVED >>;['-batch-training', '-calc-rsi', '-normalize', '-no-tune', '-n-jobs=20', '-symbol-list=BTCUSDT,ETHUSDT,BNBUSDT,XRPUSDT,ADAUSDT,DOGEUSDT,SOLUSDT,TRXUSDT,DOTUSDT,MATICUSDT,LTCUSDT,BCHUSDT,AVAXUSDT,XLMUSDT,LINKUSDT,XMRUSDT,UNIUSDT,ATOMUSDT', '-interval-list=5m', '-estimator-list=knn', '-stop-loss-list=1.0', '-numeric-features=volume,quote_asset_volume,number_of_trades,taker_buy_base_asset_volume,taker_buy_quote_asset_volume', '-regression-PnL-list=72', '-regression-times-list=0', '-start-train-date=2023-01-01', '-start-test-date=2023-07-01']
2023-10-20 22:55:25;BNBUSDT;5m;knn;instancehardnessthreshold;1.0;0;72;0.2844;0.5573;0.2478;0.2844;volume,quote_asset_volume,number_of_trades,taker_buy_quote_asset_volume;;0.7;False;2023-01-01;2023-07-22 22:10:00;3;True;<< NOT SAVED >>;['-batch-training', '-calc-rsi', '-normalize', '-no-tune', '-n-jobs=20', '-symbol-list=BTCUSDT,ETHUSDT,BNBUSDT,XRPUSDT,ADAUSDT,DOGEUSDT,SOLUSDT,TRXUSDT,DOTUSDT,MATICUSDT,LTCUSDT,BCHUSDT,AVAXUSDT,XLMUSDT,LINKUSDT,XMRUSDT,UNIUSDT,ATOMUSDT', '-interval-list=5m', '-estimator-list=knn', '-stop-loss-list=1.0', '-numeric-features=volume,quote_asset_volume,number_of_trades,taker_buy_base_asset_volume,taker_buy_quote_asset_volume', '-regression-PnL-list=72', '-regression-times-list=0', '-start-train-date=2023-01-01', '-start-test-date=2023-07-01']
2023-10-20 23:59:30;BNBUSDT;5m;knn;instancehardnessthreshold;1.0;0;72;0.1978;0.613;0.2844;0.2844;volume,quote_asset_volume,number_of_trades,taker_buy_base_asset_volume,taker_buy_quote_asset_volume,rsi,ema_72p,ema_200p;;0.7;False;2023-01-01;2023-07-22 22:10:00;3;True;<< NOT SAVED >>;['-batch-training', '-calc-rsi', '-normalize', '-no-tune', '-n-jobs=20', '-symbol-list=BTCUSDT,ETHUSDT,BNBUSDT,XRPUSDT,ADAUSDT,DOGEUSDT,SOLUSDT,TRXUSDT,DOTUSDT,MATICUSDT,LTCUSDT,BCHUSDT,AVAXUSDT,XLMUSDT,LINKUSDT,XMRUSDT,UNIUSDT,ATOMUSDT', '-interval-list=5m', '-estimator-list=knn', '-stop-loss-list=1.0', '-numeric-features=volume,quote_asset_volume,number_of_trades,taker_buy_base_asset_volume,taker_buy_quote_asset_volume', '-regression-PnL-list=72', '-regression-times-list=0', '-start-train-date=2023-01-01', '-start-test-date=2023-07-01']
2023-10-20 23:36:25;BNBUSDT;5m;knn;instancehardnessthreshold;1.0;0;72;0.2425;0.6105;0.2844;0.2844;quote_asset_volume,number_of_trades,taker_buy_base_asset_volume,rsi,ema_200p;;0.7;False;2023-01-01;2023-07-22 22:10:00;3;True;<< NOT SAVED >>;['-batch-training', '-calc-rsi', '-normalize', '-no-tune', '-n-jobs=20', '-symbol-list=BTCUSDT,ETHUSDT,BNBUSDT,XRPUSDT,ADAUSDT,DOGEUSDT,SOLUSDT,TRXUSDT,DOTUSDT,MATICUSDT,LTCUSDT,BCHUSDT,AVAXUSDT,XLMUSDT,LINKUSDT,XMRUSDT,UNIUSDT,ATOMUSDT', '-interval-list=5m', '-estimator-list=knn', '-stop-loss-list=1.0', '-numeric-features=volume,quote_asset_volume,number_of_trades,taker_buy_base_asset_volume,taker_buy_quote_asset_volume', '-regression-PnL-list=72', '-regression-times-list=0', '-start-train-date=2023-01-01', '-start-test-date=2023-07-01']
2023-10-29 17:39:33;BNBUSDT;5m;knn;instancehardnessthreshold;1.0;0;72;0.0836;0.6242;0.2847;0.2847;close,volume,rsi;;0.7;False;2023-01-01;2023-07-31 19:40:00;3;True;<< NOT SAVED >>;['-batch-training', '-calc-rsi', '-normalize', '-no-tune', '-n-jobs=20', '-symbol-list=BTCUSDT,ETHUSDT,BNBUSDT,XRPUSDT,ADAUSDT,DOGEUSDT,SOLUSDT,TRXUSDT,DOTUSDT,MATICUSDT,LTCUSDT,BCHUSDT,AVAXUSDT,XLMUSDT,LINKUSDT,XMRUSDT,UNIUSDT,ATOMUSDT', '-interval-list=5m', '-estimator-list=knn', '-stop-loss-list=1.0', '-numeric-features=close,volume,quote_asset_volume,number_of_trades', '-regression-PnL-list=72', '-regression-times-list=0', '-start-train-date=2023-01-01', '-start-test-date=2023-07-01']
2023-10-20 22:34:48;BNBUSDT;5m;knn;repeatededitednearestneighbours;1.0;0;72;0.0821;0.6783;0.2848;0.2848;rsi,ema_72p;;0.7;False;2023-01-01;2023-07-22 22:10:00;3;True;<< NOT SAVED >>;['-batch-training', '-calc-rsi', '-normalize', '-no-tune', '-n-jobs=20', '-symbol-list=BTCUSDT,ETHUSDT,BNBUSDT,XRPUSDT,ADAUSDT,DOGEUSDT,SOLUSDT,TRXUSDT,DOTUSDT,MATICUSDT,LTCUSDT,BCHUSDT,AVAXUSDT,XLMUSDT,LINKUSDT,XMRUSDT,UNIUSDT,ATOMUSDT', '-interval-list=5m', '-estimator-list=knn', '-stop-loss-list=1.0', '-numeric-features=volume,quote_asset_volume,number_of_trades,taker_buy_base_asset_volume,taker_buy_quote_asset_volume', '-regression-PnL-list=72', '-regression-times-list=0', '-start-train-date=2023-01-01', '-start-test-date=2023-07-01']
2023-10-20 22:29:42;BNBUSDT;5m;knn;instancehardnessthreshold;1.0;0;72;0.285;0.5045;0.2787;0.285;quote_asset_volume,taker_buy_quote_asset_volume;;0.7;False;2023-01-01;2023-07-22 22:10:00;3;True;<< NOT SAVED >>;['-batch-training', '-calc-rsi', '-normalize', '-no-tune', '-n-jobs=20', '-symbol-list=BTCUSDT,ETHUSDT,BNBUSDT,XRPUSDT,ADAUSDT,DOGEUSDT,SOLUSDT,TRXUSDT,DOTUSDT,MATICUSDT,LTCUSDT,BCHUSDT,AVAXUSDT,XLMUSDT,LINKUSDT,XMRUSDT,UNIUSDT,ATOMUSDT', '-interval-list=5m', '-estimator-list=knn', '-stop-loss-list=1.0', '-numeric-features=volume,quote_asset_volume,number_of_trades,taker_buy_base_asset_volume,taker_buy_quote_asset_volume', '-regression-PnL-list=72', '-regression-times-list=0', '-start-train-date=2023-01-01', '-start-test-date=2023-07-01']
2023-10-20 23:44:08;BNBUSDT;5m;knn;allknn;1.0;0;72;0.0647;0.7387;0.2856;0.2856;volume,quote_asset_volume,number_of_trades,taker_buy_base_asset_volume,taker_buy_quote_asset_volume,ema_200p;;0.7;False;2023-01-01;2023-07-22 22:10:00;3;True;<< NOT SAVED >>;['-batch-training', '-calc-rsi', '-normalize', '-no-tune', '-n-jobs=20', '-symbol-list=BTCUSDT,ETHUSDT,BNBUSDT,XRPUSDT,ADAUSDT,DOGEUSDT,SOLUSDT,TRXUSDT,DOTUSDT,MATICUSDT,LTCUSDT,BCHUSDT,AVAXUSDT,XLMUSDT,LINKUSDT,XMRUSDT,UNIUSDT,ATOMUSDT', '-interval-list=5m', '-estimator-list=knn', '-stop-loss-list=1.0', '-numeric-features=volume,quote_asset_volume,number_of_trades,taker_buy_base_asset_volume,taker_buy_quote_asset_volume', '-regression-PnL-list=72', '-regression-times-list=0', '-start-train-date=2023-01-01', '-start-test-date=2023-07-01']
2023-10-20 23:38:47;BNBUSDT;5m;knn;instancehardnessthreshold;1.0;0;72;0.2717;0.5802;0.2856;0.2856;quote_asset_volume,taker_buy_base_asset_volume,taker_buy_quote_asset_volume,rsi,ema_72p;;0.7;False;2023-01-01;2023-07-22 22:10:00;3;True;<< NOT SAVED >>;['-batch-training', '-calc-rsi', '-normalize', '-no-tune', '-n-jobs=20', '-symbol-list=BTCUSDT,ETHUSDT,BNBUSDT,XRPUSDT,ADAUSDT,DOGEUSDT,SOLUSDT,TRXUSDT,DOTUSDT,MATICUSDT,LTCUSDT,BCHUSDT,AVAXUSDT,XLMUSDT,LINKUSDT,XMRUSDT,UNIUSDT,ATOMUSDT', '-interval-list=5m', '-estimator-list=knn', '-stop-loss-list=1.0', '-numeric-features=volume,quote_asset_volume,number_of_trades,taker_buy_base_asset_volume,taker_buy_quote_asset_volume', '-regression-PnL-list=72', '-regression-times-list=0', '-start-train-date=2023-01-01', '-start-test-date=2023-07-01']
2023-10-20 22:58:09;BNBUSDT;5m;knn;allknn;1.0;0;72;0.0831;0.7089;0.286;0.286;volume,quote_asset_volume,taker_buy_base_asset_volume,ema_200p;;0.7;False;2023-01-01;2023-07-22 22:10:00;3;True;<< NOT SAVED >>;['-batch-training', '-calc-rsi', '-normalize', '-no-tune', '-n-jobs=20', '-symbol-list=BTCUSDT,ETHUSDT,BNBUSDT,XRPUSDT,ADAUSDT,DOGEUSDT,SOLUSDT,TRXUSDT,DOTUSDT,MATICUSDT,LTCUSDT,BCHUSDT,AVAXUSDT,XLMUSDT,LINKUSDT,XMRUSDT,UNIUSDT,ATOMUSDT', '-interval-list=5m', '-estimator-list=knn', '-stop-loss-list=1.0', '-numeric-features=volume,quote_asset_volume,number_of_trades,taker_buy_base_asset_volume,taker_buy_quote_asset_volume', '-regression-PnL-list=72', '-regression-times-list=0', '-start-train-date=2023-01-01', '-start-test-date=2023-07-01']
2023-10-20 22:53:50;BNBUSDT;5m;knn;allknn;1.0;0;72;0.0789;0.6999;0.286;0.286;taker_buy_quote_asset_volume,rsi,ema_72p;;0.7;False;2023-01-01;2023-07-22 22:10:00;3;True;<< NOT SAVED >>;['-batch-training', '-calc-rsi', '-normalize', '-no-tune', '-n-jobs=20', '-symbol-list=BTCUSDT,ETHUSDT,BNBUSDT,XRPUSDT,ADAUSDT,DOGEUSDT,SOLUSDT,TRXUSDT,DOTUSDT,MATICUSDT,LTCUSDT,BCHUSDT,AVAXUSDT,XLMUSDT,LINKUSDT,XMRUSDT,UNIUSDT,ATOMUSDT', '-interval-list=5m', '-estimator-list=knn', '-stop-loss-list=1.0', '-numeric-features=volume,quote_asset_volume,number_of_trades,taker_buy_base_asset_volume,taker_buy_quote_asset_volume', '-regression-PnL-list=72', '-regression-times-list=0', '-start-train-date=2023-01-01', '-start-test-date=2023-07-01']
2023-10-20 23:13:21;BNBUSDT;5m;knn;allknn;1.0;0;72;0.0682;0.7221;0.2868;0.2868;quote_asset_volume,taker_buy_base_asset_volume,rsi,ema_200p;;0.7;False;2023-01-01;2023-07-22 22:10:00;3;True;<< NOT SAVED >>;['-batch-training', '-calc-rsi', '-normalize', '-no-tune', '-n-jobs=20', '-symbol-list=BTCUSDT,ETHUSDT,BNBUSDT,XRPUSDT,ADAUSDT,DOGEUSDT,SOLUSDT,TRXUSDT,DOTUSDT,MATICUSDT,LTCUSDT,BCHUSDT,AVAXUSDT,XLMUSDT,LINKUSDT,XMRUSDT,UNIUSDT,ATOMUSDT', '-interval-list=5m', '-estimator-list=knn', '-stop-loss-list=1.0', '-numeric-features=volume,quote_asset_volume,number_of_trades,taker_buy_base_asset_volume,taker_buy_quote_asset_volume', '-regression-PnL-list=72', '-regression-times-list=0', '-start-train-date=2023-01-01', '-start-test-date=2023-07-01']
2023-10-20 23:16:30;BNBUSDT;5m;knn;instancehardnessthreshold;1.0;0;72;0.2178;0.6055;0.2868;0.2868;number_of_trades,taker_buy_base_asset_volume,rsi,ema_72p;;0.7;False;2023-01-01;2023-07-22 22:10:00;3;True;<< NOT SAVED >>;['-batch-training', '-calc-rsi', '-normalize', '-no-tune', '-n-jobs=20', '-symbol-list=BTCUSDT,ETHUSDT,BNBUSDT,XRPUSDT,ADAUSDT,DOGEUSDT,SOLUSDT,TRXUSDT,DOTUSDT,MATICUSDT,LTCUSDT,BCHUSDT,AVAXUSDT,XLMUSDT,LINKUSDT,XMRUSDT,UNIUSDT,ATOMUSDT', '-interval-list=5m', '-estimator-list=knn', '-stop-loss-list=1.0', '-numeric-features=volume,quote_asset_volume,number_of_trades,taker_buy_base_asset_volume,taker_buy_quote_asset_volume', '-regression-PnL-list=72', '-regression-times-list=0', '-start-train-date=2023-01-01', '-start-test-date=2023-07-01']
2023-10-20 22:46:57;BNBUSDT;5m;knn;allknn;1.0;0;72;0.0612;0.7273;0.2868;0.2868;quote_asset_volume,taker_buy_quote_asset_volume,ema_200p;;0.7;False;2023-01-01;2023-07-22 22:10:00;3;True;<< NOT SAVED >>;['-batch-training', '-calc-rsi', '-normalize', '-no-tune', '-n-jobs=20', '-symbol-list=BTCUSDT,ETHUSDT,BNBUSDT,XRPUSDT,ADAUSDT,DOGEUSDT,SOLUSDT,TRXUSDT,DOTUSDT,MATICUSDT,LTCUSDT,BCHUSDT,AVAXUSDT,XLMUSDT,LINKUSDT,XMRUSDT,UNIUSDT,ATOMUSDT', '-interval-list=5m', '-estimator-list=knn', '-stop-loss-list=1.0', '-numeric-features=volume,quote_asset_volume,number_of_trades,taker_buy_base_asset_volume,taker_buy_quote_asset_volume', '-regression-PnL-list=72', '-regression-times-list=0', '-start-train-date=2023-01-01', '-start-test-date=2023-07-01']
2023-10-20 22:32:34;BNBUSDT;5m;knn;instancehardnessthreshold;1.0;0;72;0.2581;0.5037;0.2868;0.2868;taker_buy_base_asset_volume,taker_buy_quote_asset_volume;;0.7;False;2023-01-01;2023-07-22 22:10:00;3;True;<< NOT SAVED >>;['-batch-training', '-calc-rsi', '-normalize', '-no-tune', '-n-jobs=20', '-symbol-list=BTCUSDT,ETHUSDT,BNBUSDT,XRPUSDT,ADAUSDT,DOGEUSDT,SOLUSDT,TRXUSDT,DOTUSDT,MATICUSDT,LTCUSDT,BCHUSDT,AVAXUSDT,XLMUSDT,LINKUSDT,XMRUSDT,UNIUSDT,ATOMUSDT', '-interval-list=5m', '-estimator-list=knn', '-stop-loss-list=1.0', '-numeric-features=volume,quote_asset_volume,number_of_trades,taker_buy_base_asset_volume,taker_buy_quote_asset_volume', '-regression-PnL-list=72', '-regression-times-list=0', '-start-train-date=2023-01-01', '-start-test-date=2023-07-01']
2023-10-20 22:50:34;BNBUSDT;5m;knn;instancehardnessthreshold;1.0;0;72;0.1776;0.6354;0.2868;0.2868;number_of_trades,rsi,ema_72p;;0.7;False;2023-01-01;2023-07-22 22:10:00;3;True;<< NOT SAVED >>;['-batch-training', '-calc-rsi', '-normalize', '-no-tune', '-n-jobs=20', '-symbol-list=BTCUSDT,ETHUSDT,BNBUSDT,XRPUSDT,ADAUSDT,DOGEUSDT,SOLUSDT,TRXUSDT,DOTUSDT,MATICUSDT,LTCUSDT,BCHUSDT,AVAXUSDT,XLMUSDT,LINKUSDT,XMRUSDT,UNIUSDT,ATOMUSDT', '-interval-list=5m', '-estimator-list=knn', '-stop-loss-list=1.0', '-numeric-features=volume,quote_asset_volume,number_of_trades,taker_buy_base_asset_volume,taker_buy_quote_asset_volume', '-regression-PnL-list=72', '-regression-times-list=0', '-start-train-date=2023-01-01', '-start-test-date=2023-07-01']
2023-10-20 23:08:23;BNBUSDT;5m;knn;instancehardnessthreshold;1.0;0;72;0.2869;0.5592;0.2509;0.2869;quote_asset_volume,number_of_trades,taker_buy_base_asset_volume,rsi;;0.7;False;2023-01-01;2023-07-22 22:10:00;3;True;<< NOT SAVED >>;['-batch-training', '-calc-rsi', '-normalize', '-no-tune', '-n-jobs=20', '-symbol-list=BTCUSDT,ETHUSDT,BNBUSDT,XRPUSDT,ADAUSDT,DOGEUSDT,SOLUSDT,TRXUSDT,DOTUSDT,MATICUSDT,LTCUSDT,BCHUSDT,AVAXUSDT,XLMUSDT,LINKUSDT,XMRUSDT,UNIUSDT,ATOMUSDT', '-interval-list=5m', '-estimator-list=knn', '-stop-loss-list=1.0', '-numeric-features=volume,quote_asset_volume,number_of_trades,taker_buy_base_asset_volume,taker_buy_quote_asset_volume', '-regression-PnL-list=72', '-regression-times-list=0', '-start-train-date=2023-01-01', '-start-test-date=2023-07-01']
2023-10-20 23:35:59;BNBUSDT;5m;knn;instancehardnessthreshold;1.0;0;72;0.2308;0.6068;0.2871;0.2871;quote_asset_volume,number_of_trades,taker_buy_base_asset_volume,rsi,ema_72p;;0.7;False;2023-01-01;2023-07-22 22:10:00;3;True;<< NOT SAVED >>;['-batch-training', '-calc-rsi', '-normalize', '-no-tune', '-n-jobs=20', '-symbol-list=BTCUSDT,ETHUSDT,BNBUSDT,XRPUSDT,ADAUSDT,DOGEUSDT,SOLUSDT,TRXUSDT,DOTUSDT,MATICUSDT,LTCUSDT,BCHUSDT,AVAXUSDT,XLMUSDT,LINKUSDT,XMRUSDT,UNIUSDT,ATOMUSDT', '-interval-list=5m', '-estimator-list=knn', '-stop-loss-list=1.0', '-numeric-features=volume,quote_asset_volume,number_of_trades,taker_buy_base_asset_volume,taker_buy_quote_asset_volume', '-regression-PnL-list=72', '-regression-times-list=0', '-start-train-date=2023-01-01', '-start-test-date=2023-07-01']
2023-10-20 23:17:39;BNBUSDT;5m;knn;instancehardnessthreshold;1.0;0;72;0.2127;0.6133;0.2871;0.2871;number_of_trades,taker_buy_quote_asset_volume,rsi,ema_72p;;0.7;False;2023-01-01;2023-07-22 22:10:00;3;True;<< NOT SAVED >>;['-batch-training', '-calc-rsi', '-normalize', '-no-tune', '-n-jobs=20', '-symbol-list=BTCUSDT,ETHUSDT,BNBUSDT,XRPUSDT,ADAUSDT,DOGEUSDT,SOLUSDT,TRXUSDT,DOTUSDT,MATICUSDT,LTCUSDT,BCHUSDT,AVAXUSDT,XLMUSDT,LINKUSDT,XMRUSDT,UNIUSDT,ATOMUSDT', '-interval-list=5m', '-estimator-list=knn', '-stop-loss-list=1.0', '-numeric-features=volume,quote_asset_volume,number_of_trades,taker_buy_base_asset_volume,taker_buy_quote_asset_volume', '-regression-PnL-list=72', '-regression-times-list=0', '-start-train-date=2023-01-01', '-start-test-date=2023-07-01']
2023-10-20 23:12:37;BNBUSDT;5m;knn;allknn;1.0;0;72;0.0647;0.734;0.2871;0.2871;quote_asset_volume,taker_buy_base_asset_volume,taker_buy_quote_asset_volume,ema_200p;;0.7;False;2023-01-01;2023-07-22 22:10:00;3;True;<< NOT SAVED >>;['-batch-training', '-calc-rsi', '-normalize', '-no-tune', '-n-jobs=20', '-symbol-list=BTCUSDT,ETHUSDT,BNBUSDT,XRPUSDT,ADAUSDT,DOGEUSDT,SOLUSDT,TRXUSDT,DOTUSDT,MATICUSDT,LTCUSDT,BCHUSDT,AVAXUSDT,XLMUSDT,LINKUSDT,XMRUSDT,UNIUSDT,ATOMUSDT', '-interval-list=5m', '-estimator-list=knn', '-stop-loss-list=1.0', '-numeric-features=volume,quote_asset_volume,number_of_trades,taker_buy_base_asset_volume,taker_buy_quote_asset_volume', '-regression-PnL-list=72', '-regression-times-list=0', '-start-train-date=2023-01-01', '-start-test-date=2023-07-01']
2023-10-20 22:43:00;BNBUSDT;5m;knn;instancehardnessthreshold;1.0;0;72;0.2873;0.5493;0.2582;0.2873;quote_asset_volume,number_of_trades,taker_buy_base_asset_volume;;0.7;False;2023-01-01;2023-07-22 22:10:00;3;True;<< NOT SAVED >>;['-batch-training', '-calc-rsi', '-normalize', '-no-tune', '-n-jobs=20', '-symbol-list=BTCUSDT,ETHUSDT,BNBUSDT,XRPUSDT,ADAUSDT,DOGEUSDT,SOLUSDT,TRXUSDT,DOTUSDT,MATICUSDT,LTCUSDT,BCHUSDT,AVAXUSDT,XLMUSDT,LINKUSDT,XMRUSDT,UNIUSDT,ATOMUSDT', '-interval-list=5m', '-estimator-list=knn', '-stop-loss-list=1.0', '-numeric-features=volume,quote_asset_volume,number_of_trades,taker_buy_base_asset_volume,taker_buy_quote_asset_volume', '-regression-PnL-list=72', '-regression-times-list=0', '-start-train-date=2023-01-01', '-start-test-date=2023-07-01']
2023-10-20 22:37:45;BNBUSDT;5m;knn;instancehardnessthreshold;1.0;0;72;0.2873;0.5459;0.2567;0.2873;volume,number_of_trades,taker_buy_base_asset_volume;;0.7;False;2023-01-01;2023-07-22 22:10:00;3;True;<< NOT SAVED >>;['-batch-training', '-calc-rsi', '-normalize', '-no-tune', '-n-jobs=20', '-symbol-list=BTCUSDT,ETHUSDT,BNBUSDT,XRPUSDT,ADAUSDT,DOGEUSDT,SOLUSDT,TRXUSDT,DOTUSDT,MATICUSDT,LTCUSDT,BCHUSDT,AVAXUSDT,XLMUSDT,LINKUSDT,XMRUSDT,UNIUSDT,ATOMUSDT', '-interval-list=5m', '-estimator-list=knn', '-stop-loss-list=1.0', '-numeric-features=volume,quote_asset_volume,number_of_trades,taker_buy_base_asset_volume,taker_buy_quote_asset_volume', '-regression-PnL-list=72', '-regression-times-list=0', '-start-train-date=2023-01-01', '-start-test-date=2023-07-01']
2023-10-20 22:26:50;BNBUSDT;5m;knn;instancehardnessthreshold;1.0;0;72;0.2857;0.4932;0.2875;0.2875;volume,quote_asset_volume;;0.7;False;2023-01-01;2023-07-22 22:10:00;3;True;<< NOT SAVED >>;['-batch-training', '-calc-rsi', '-normalize', '-no-tune', '-n-jobs=20', '-symbol-list=BTCUSDT,ETHUSDT,BNBUSDT,XRPUSDT,ADAUSDT,DOGEUSDT,SOLUSDT,TRXUSDT,DOTUSDT,MATICUSDT,LTCUSDT,BCHUSDT,AVAXUSDT,XLMUSDT,LINKUSDT,XMRUSDT,UNIUSDT,ATOMUSDT', '-interval-list=5m', '-estimator-list=knn', '-stop-loss-list=1.0', '-numeric-features=volume,quote_asset_volume,number_of_trades,taker_buy_base_asset_volume,taker_buy_quote_asset_volume', '-regression-PnL-list=72', '-regression-times-list=0', '-start-train-date=2023-01-01', '-start-test-date=2023-07-01']
2023-10-20 22:55:03;BNBUSDT;5m;knn;instancehardnessthreshold;1.0;0;72;0.2876;0.55;0.2532;0.2876;volume,quote_asset_volume,number_of_trades,taker_buy_base_asset_volume;;0.7;False;2023-01-01;2023-07-22 22:10:00;3;True;<< NOT SAVED >>;['-batch-training', '-calc-rsi', '-normalize', '-no-tune', '-n-jobs=20', '-symbol-list=BTCUSDT,ETHUSDT,BNBUSDT,XRPUSDT,ADAUSDT,DOGEUSDT,SOLUSDT,TRXUSDT,DOTUSDT,MATICUSDT,LTCUSDT,BCHUSDT,AVAXUSDT,XLMUSDT,LINKUSDT,XMRUSDT,UNIUSDT,ATOMUSDT', '-interval-list=5m', '-estimator-list=knn', '-stop-loss-list=1.0', '-numeric-features=volume,quote_asset_volume,number_of_trades,taker_buy_base_asset_volume,taker_buy_quote_asset_volume', '-regression-PnL-list=72', '-regression-times-list=0', '-start-train-date=2023-01-01', '-start-test-date=2023-07-01']
2023-10-20 23:26:08;BNBUSDT;5m;knn;instancehardnessthreshold;1.0;0;72;0.2882;0.5835;0.2748;0.2882;volume,quote_asset_volume,taker_buy_base_asset_volume,rsi,ema_72p;;0.7;False;2023-01-01;2023-07-22 22:10:00;3;True;<< NOT SAVED >>;['-batch-training', '-calc-rsi', '-normalize', '-no-tune', '-n-jobs=20', '-symbol-list=BTCUSDT,ETHUSDT,BNBUSDT,XRPUSDT,ADAUSDT,DOGEUSDT,SOLUSDT,TRXUSDT,DOTUSDT,MATICUSDT,LTCUSDT,BCHUSDT,AVAXUSDT,XLMUSDT,LINKUSDT,XMRUSDT,UNIUSDT,ATOMUSDT', '-interval-list=5m', '-estimator-list=knn', '-stop-loss-list=1.0', '-numeric-features=volume,quote_asset_volume,number_of_trades,taker_buy_base_asset_volume,taker_buy_quote_asset_volume', '-regression-PnL-list=72', '-regression-times-list=0', '-start-train-date=2023-01-01', '-start-test-date=2023-07-01']
2023-10-20 23:35:46;BNBUSDT;5m;knn;allknn;1.0;0;72;0.0507;0.7458;0.2883;0.2883;quote_asset_volume,number_of_trades,taker_buy_base_asset_volume,taker_buy_quote_asset_volume,ema_200p;;0.7;False;2023-01-01;2023-07-22 22:10:00;3;True;<< NOT SAVED >>;['-batch-training', '-calc-rsi', '-normalize', '-no-tune', '-n-jobs=20', '-symbol-list=BTCUSDT,ETHUSDT,BNBUSDT,XRPUSDT,ADAUSDT,DOGEUSDT,SOLUSDT,TRXUSDT,DOTUSDT,MATICUSDT,LTCUSDT,BCHUSDT,AVAXUSDT,XLMUSDT,LINKUSDT,XMRUSDT,UNIUSDT,ATOMUSDT', '-interval-list=5m', '-estimator-list=knn', '-stop-loss-list=1.0', '-numeric-features=volume,quote_asset_volume,number_of_trades,taker_buy_base_asset_volume,taker_buy_quote_asset_volume', '-regression-PnL-list=72', '-regression-times-list=0', '-start-train-date=2023-01-01', '-start-test-date=2023-07-01']
2023-10-20 22:59:35;BNBUSDT;5m;knn;allknn;1.0;0;72;0.0726;0.7098;0.2887;0.2887;volume,quote_asset_volume,rsi,ema_72p;;0.7;False;2023-01-01;2023-07-22 22:10:00;3;True;<< NOT SAVED >>;['-batch-training', '-calc-rsi', '-normalize', '-no-tune', '-n-jobs=20', '-symbol-list=BTCUSDT,ETHUSDT,BNBUSDT,XRPUSDT,ADAUSDT,DOGEUSDT,SOLUSDT,TRXUSDT,DOTUSDT,MATICUSDT,LTCUSDT,BCHUSDT,AVAXUSDT,XLMUSDT,LINKUSDT,XMRUSDT,UNIUSDT,ATOMUSDT', '-interval-list=5m', '-estimator-list=knn', '-stop-loss-list=1.0', '-numeric-features=volume,quote_asset_volume,number_of_trades,taker_buy_base_asset_volume,taker_buy_quote_asset_volume', '-regression-PnL-list=72', '-regression-times-list=0', '-start-train-date=2023-01-01', '-start-test-date=2023-07-01']
2023-10-29 17:53:18;BNBUSDT;5m;knn;instancehardnessthreshold;1.0;0;72;0.1156;0.6193;0.2889;0.2889;close,volume,quote_asset_volume,number_of_trades,rsi;;0.7;False;2023-01-01;2023-07-31 19:40:00;3;True;<< NOT SAVED >>;['-batch-training', '-calc-rsi', '-normalize', '-no-tune', '-n-jobs=20', '-symbol-list=BTCUSDT,ETHUSDT,BNBUSDT,XRPUSDT,ADAUSDT,DOGEUSDT,SOLUSDT,TRXUSDT,DOTUSDT,MATICUSDT,LTCUSDT,BCHUSDT,AVAXUSDT,XLMUSDT,LINKUSDT,XMRUSDT,UNIUSDT,ATOMUSDT', '-interval-list=5m', '-estimator-list=knn', '-stop-loss-list=1.0', '-numeric-features=close,volume,quote_asset_volume,number_of_trades', '-regression-PnL-list=72', '-regression-times-list=0', '-start-train-date=2023-01-01', '-start-test-date=2023-07-01']
2023-10-20 23:29:59;BNBUSDT;5m;knn;instancehardnessthreshold;1.0;0;72;0.2311;0.598;0.2891;0.2891;volume,number_of_trades,taker_buy_base_asset_volume,rsi,ema_72p;;0.7;False;2023-01-01;2023-07-22 22:10:00;3;True;<< NOT SAVED >>;['-batch-training', '-calc-rsi', '-normalize', '-no-tune', '-n-jobs=20', '-symbol-list=BTCUSDT,ETHUSDT,BNBUSDT,XRPUSDT,ADAUSDT,DOGEUSDT,SOLUSDT,TRXUSDT,DOTUSDT,MATICUSDT,LTCUSDT,BCHUSDT,AVAXUSDT,XLMUSDT,LINKUSDT,XMRUSDT,UNIUSDT,ATOMUSDT', '-interval-list=5m', '-estimator-list=knn', '-stop-loss-list=1.0', '-numeric-features=volume,quote_asset_volume,number_of_trades,taker_buy_base_asset_volume,taker_buy_quote_asset_volume', '-regression-PnL-list=72', '-regression-times-list=0', '-start-train-date=2023-01-01', '-start-test-date=2023-07-01']
2023-10-20 23:45:48;BNBUSDT;5m;knn;instancehardnessthreshold;1.0;0;72;0.2229;0.6148;0.2891;0.2891;volume,quote_asset_volume,number_of_trades,taker_buy_quote_asset_volume,rsi,ema_72p;;0.7;False;2023-01-01;2023-07-22 22:10:00;3;True;<< NOT SAVED >>;['-batch-training', '-calc-rsi', '-normalize', '-no-tune', '-n-jobs=20', '-symbol-list=BTCUSDT,ETHUSDT,BNBUSDT,XRPUSDT,ADAUSDT,DOGEUSDT,SOLUSDT,TRXUSDT,DOTUSDT,MATICUSDT,LTCUSDT,BCHUSDT,AVAXUSDT,XLMUSDT,LINKUSDT,XMRUSDT,UNIUSDT,ATOMUSDT', '-interval-list=5m', '-estimator-list=knn', '-stop-loss-list=1.0', '-numeric-features=volume,quote_asset_volume,number_of_trades,taker_buy_base_asset_volume,taker_buy_quote_asset_volume', '-regression-PnL-list=72', '-regression-times-list=0', '-start-train-date=2023-01-01', '-start-test-date=2023-07-01']
2023-10-20 22:43:42;BNBUSDT;5m;knn;instancehardnessthreshold;1.0;0;72;0.2892;0.5547;0.2439;0.2892;quote_asset_volume,number_of_trades,rsi;;0.7;False;2023-01-01;2023-07-22 22:10:00;3;True;<< NOT SAVED >>;['-batch-training', '-calc-rsi', '-normalize', '-no-tune', '-n-jobs=20', '-symbol-list=BTCUSDT,ETHUSDT,BNBUSDT,XRPUSDT,ADAUSDT,DOGEUSDT,SOLUSDT,TRXUSDT,DOTUSDT,MATICUSDT,LTCUSDT,BCHUSDT,AVAXUSDT,XLMUSDT,LINKUSDT,XMRUSDT,UNIUSDT,ATOMUSDT', '-interval-list=5m', '-estimator-list=knn', '-stop-loss-list=1.0', '-numeric-features=volume,quote_asset_volume,number_of_trades,taker_buy_base_asset_volume,taker_buy_quote_asset_volume', '-regression-PnL-list=72', '-regression-times-list=0', '-start-train-date=2023-01-01', '-start-test-date=2023-07-01']
2023-10-20 23:03:21;BNBUSDT;5m;knn;allknn;1.0;0;72;0.0602;0.7113;0.2895;0.2895;volume,number_of_trades,rsi,ema_72p;;0.7;False;2023-01-01;2023-07-22 22:10:00;3;True;<< NOT SAVED >>;['-batch-training', '-calc-rsi', '-normalize', '-no-tune', '-n-jobs=20', '-symbol-list=BTCUSDT,ETHUSDT,BNBUSDT,XRPUSDT,ADAUSDT,DOGEUSDT,SOLUSDT,TRXUSDT,DOTUSDT,MATICUSDT,LTCUSDT,BCHUSDT,AVAXUSDT,XLMUSDT,LINKUSDT,XMRUSDT,UNIUSDT,ATOMUSDT', '-interval-list=5m', '-estimator-list=knn', '-stop-loss-list=1.0', '-numeric-features=volume,quote_asset_volume,number_of_trades,taker_buy_base_asset_volume,taker_buy_quote_asset_volume', '-regression-PnL-list=72', '-regression-times-list=0', '-start-train-date=2023-01-01', '-start-test-date=2023-07-01']
2023-10-20 23:03:33;BNBUSDT;5m;knn;instancehardnessthreshold;1.0;0;72;0.215;0.6092;0.2895;0.2895;volume,number_of_trades,rsi,ema_200p;;0.7;False;2023-01-01;2023-07-22 22:10:00;3;True;<< NOT SAVED >>;['-batch-training', '-calc-rsi', '-normalize', '-no-tune', '-n-jobs=20', '-symbol-list=BTCUSDT,ETHUSDT,BNBUSDT,XRPUSDT,ADAUSDT,DOGEUSDT,SOLUSDT,TRXUSDT,DOTUSDT,MATICUSDT,LTCUSDT,BCHUSDT,AVAXUSDT,XLMUSDT,LINKUSDT,XMRUSDT,UNIUSDT,ATOMUSDT', '-interval-list=5m', '-estimator-list=knn', '-stop-loss-list=1.0', '-numeric-features=volume,quote_asset_volume,number_of_trades,taker_buy_base_asset_volume,taker_buy_quote_asset_volume', '-regression-PnL-list=72', '-regression-times-list=0', '-start-train-date=2023-01-01', '-start-test-date=2023-07-01']
2023-10-20 23:06:31;BNBUSDT;5m;knn;instancehardnessthreshold;1.0;0;72;0.2432;0.59;0.2895;0.2895;volume,taker_buy_quote_asset_volume,rsi,ema_72p;;0.7;False;2023-01-01;2023-07-22 22:10:00;3;True;<< NOT SAVED >>;['-batch-training', '-calc-rsi', '-normalize', '-no-tune', '-n-jobs=20', '-symbol-list=BTCUSDT,ETHUSDT,BNBUSDT,XRPUSDT,ADAUSDT,DOGEUSDT,SOLUSDT,TRXUSDT,DOTUSDT,MATICUSDT,LTCUSDT,BCHUSDT,AVAXUSDT,XLMUSDT,LINKUSDT,XMRUSDT,UNIUSDT,ATOMUSDT', '-interval-list=5m', '-estimator-list=knn', '-stop-loss-list=1.0', '-numeric-features=volume,quote_asset_volume,number_of_trades,taker_buy_base_asset_volume,taker_buy_quote_asset_volume', '-regression-PnL-list=72', '-regression-times-list=0', '-start-train-date=2023-01-01', '-start-test-date=2023-07-01']
2023-10-20 23:51:11;BNBUSDT;5m;knn;instancehardnessthreshold;1.0;0;72;0.1915;0.6053;0.2895;0.2895;volume,number_of_trades,taker_buy_base_asset_volume,rsi,ema_72p,ema_200p;;0.7;False;2023-01-01;2023-07-22 22:10:00;3;True;<< NOT SAVED >>;['-batch-training', '-calc-rsi', '-normalize', '-no-tune', '-n-jobs=20', '-symbol-list=BTCUSDT,ETHUSDT,BNBUSDT,XRPUSDT,ADAUSDT,DOGEUSDT,SOLUSDT,TRXUSDT,DOTUSDT,MATICUSDT,LTCUSDT,BCHUSDT,AVAXUSDT,XLMUSDT,LINKUSDT,XMRUSDT,UNIUSDT,ATOMUSDT', '-interval-list=5m', '-estimator-list=knn', '-stop-loss-list=1.0', '-numeric-features=volume,quote_asset_volume,number_of_trades,taker_buy_base_asset_volume,taker_buy_quote_asset_volume', '-regression-PnL-list=72', '-regression-times-list=0', '-start-train-date=2023-01-01', '-start-test-date=2023-07-01']
2023-10-20 23:05:35;BNBUSDT;5m;knn;allknn;1.0;0;72;0.0935;0.7048;0.2898;0.2898;volume,taker_buy_base_asset_volume,rsi,ema_72p;;0.7;False;2023-01-01;2023-07-22 22:10:00;3;True;<< NOT SAVED >>;['-batch-training', '-calc-rsi', '-normalize', '-no-tune', '-n-jobs=20', '-symbol-list=BTCUSDT,ETHUSDT,BNBUSDT,XRPUSDT,ADAUSDT,DOGEUSDT,SOLUSDT,TRXUSDT,DOTUSDT,MATICUSDT,LTCUSDT,BCHUSDT,AVAXUSDT,XLMUSDT,LINKUSDT,XMRUSDT,UNIUSDT,ATOMUSDT', '-interval-list=5m', '-estimator-list=knn', '-stop-loss-list=1.0', '-numeric-features=volume,quote_asset_volume,number_of_trades,taker_buy_base_asset_volume,taker_buy_quote_asset_volume', '-regression-PnL-list=72', '-regression-times-list=0', '-start-train-date=2023-01-01', '-start-test-date=2023-07-01']
2023-10-20 23:40:53;BNBUSDT;5m;knn;allknn;1.0;0;72;0.0704;0.7137;0.2898;0.2898;number_of_trades,taker_buy_base_asset_volume,taker_buy_quote_asset_volume,rsi,ema_72p;;0.7;False;2023-01-01;2023-07-22 22:10:00;3;True;<< NOT SAVED >>;['-batch-training', '-calc-rsi', '-normalize', '-no-tune', '-n-jobs=20', '-symbol-list=BTCUSDT,ETHUSDT,BNBUSDT,XRPUSDT,ADAUSDT,DOGEUSDT,SOLUSDT,TRXUSDT,DOTUSDT,MATICUSDT,LTCUSDT,BCHUSDT,AVAXUSDT,XLMUSDT,LINKUSDT,XMRUSDT,UNIUSDT,ATOMUSDT', '-interval-list=5m', '-estimator-list=knn', '-stop-loss-list=1.0', '-numeric-features=volume,quote_asset_volume,number_of_trades,taker_buy_base_asset_volume,taker_buy_quote_asset_volume', '-regression-PnL-list=72', '-regression-times-list=0', '-start-train-date=2023-01-01', '-start-test-date=2023-07-01']
2023-10-20 22:55:47;BNBUSDT;5m;knn;instancehardnessthreshold;1.0;0;72;0.2898;0.5438;0.2713;0.2898;volume,quote_asset_volume,number_of_trades,rsi;;0.7;False;2023-01-01;2023-07-22 22:10:00;3;True;<< NOT SAVED >>;['-batch-training', '-calc-rsi', '-normalize', '-no-tune', '-n-jobs=20', '-symbol-list=BTCUSDT,ETHUSDT,BNBUSDT,XRPUSDT,ADAUSDT,DOGEUSDT,SOLUSDT,TRXUSDT,DOTUSDT,MATICUSDT,LTCUSDT,BCHUSDT,AVAXUSDT,XLMUSDT,LINKUSDT,XMRUSDT,UNIUSDT,ATOMUSDT', '-interval-list=5m', '-estimator-list=knn', '-stop-loss-list=1.0', '-numeric-features=volume,quote_asset_volume,number_of_trades,taker_buy_base_asset_volume,taker_buy_quote_asset_volume', '-regression-PnL-list=72', '-regression-times-list=0', '-start-train-date=2023-01-01', '-start-test-date=2023-07-01']
2023-10-20 22:54:02;BNBUSDT;5m;knn;instancehardnessthreshold;1.0;0;72;0.2283;0.5696;0.2906;0.2906;taker_buy_quote_asset_volume,rsi,ema_200p;;0.7;False;2023-01-01;2023-07-22 22:10:00;3;True;<< NOT SAVED >>;['-batch-training', '-calc-rsi', '-normalize', '-no-tune', '-n-jobs=20', '-symbol-list=BTCUSDT,ETHUSDT,BNBUSDT,XRPUSDT,ADAUSDT,DOGEUSDT,SOLUSDT,TRXUSDT,DOTUSDT,MATICUSDT,LTCUSDT,BCHUSDT,AVAXUSDT,XLMUSDT,LINKUSDT,XMRUSDT,UNIUSDT,ATOMUSDT', '-interval-list=5m', '-estimator-list=knn', '-stop-loss-list=1.0', '-numeric-features=volume,quote_asset_volume,number_of_trades,taker_buy_base_asset_volume,taker_buy_quote_asset_volume', '-regression-PnL-list=72', '-regression-times-list=0', '-start-train-date=2023-01-01', '-start-test-date=2023-07-01']
2023-10-29 17:43:40;BNBUSDT;5m;knn;allknn;1.0;0;72;0.196;0.4699;0.2909;0.2909;close,rsi,ema_72p;;0.7;False;2023-01-01;2023-07-31 19:40:00;3;True;<< NOT SAVED >>;['-batch-training', '-calc-rsi', '-normalize', '-no-tune', '-n-jobs=20', '-symbol-list=BTCUSDT,ETHUSDT,BNBUSDT,XRPUSDT,ADAUSDT,DOGEUSDT,SOLUSDT,TRXUSDT,DOTUSDT,MATICUSDT,LTCUSDT,BCHUSDT,AVAXUSDT,XLMUSDT,LINKUSDT,XMRUSDT,UNIUSDT,ATOMUSDT', '-interval-list=5m', '-estimator-list=knn', '-stop-loss-list=1.0', '-numeric-features=close,volume,quote_asset_volume,number_of_trades', '-regression-PnL-list=72', '-regression-times-list=0', '-start-train-date=2023-01-01', '-start-test-date=2023-07-01']
2023-10-20 23:53:53;BNBUSDT;5m;knn;instancehardnessthreshold;1.0;0;72;0.1969;0.6106;0.291;0.291;quote_asset_volume,number_of_trades,taker_buy_base_asset_volume,rsi,ema_72p,ema_200p;;0.7;False;2023-01-01;2023-07-22 22:10:00;3;True;<< NOT SAVED >>;['-batch-training', '-calc-rsi', '-normalize', '-no-tune', '-n-jobs=20', '-symbol-list=BTCUSDT,ETHUSDT,BNBUSDT,XRPUSDT,ADAUSDT,DOGEUSDT,SOLUSDT,TRXUSDT,DOTUSDT,MATICUSDT,LTCUSDT,BCHUSDT,AVAXUSDT,XLMUSDT,LINKUSDT,XMRUSDT,UNIUSDT,ATOMUSDT', '-interval-list=5m', '-estimator-list=knn', '-stop-loss-list=1.0', '-numeric-features=volume,quote_asset_volume,number_of_trades,taker_buy_base_asset_volume,taker_buy_quote_asset_volume', '-regression-PnL-list=72', '-regression-times-list=0', '-start-train-date=2023-01-01', '-start-test-date=2023-07-01']
2023-10-20 23:10:26;BNBUSDT;5m;knn;allknn;1.0;0;72;0.0533;0.7406;0.2914;0.2914;quote_asset_volume,number_of_trades,taker_buy_quote_asset_volume,ema_200p;;0.7;False;2023-01-01;2023-07-22 22:10:00;3;True;<< NOT SAVED >>;['-batch-training', '-calc-rsi', '-normalize', '-no-tune', '-n-jobs=20', '-symbol-list=BTCUSDT,ETHUSDT,BNBUSDT,XRPUSDT,ADAUSDT,DOGEUSDT,SOLUSDT,TRXUSDT,DOTUSDT,MATICUSDT,LTCUSDT,BCHUSDT,AVAXUSDT,XLMUSDT,LINKUSDT,XMRUSDT,UNIUSDT,ATOMUSDT', '-interval-list=5m', '-estimator-list=knn', '-stop-loss-list=1.0', '-numeric-features=volume,quote_asset_volume,number_of_trades,taker_buy_base_asset_volume,taker_buy_quote_asset_volume', '-regression-PnL-list=72', '-regression-times-list=0', '-start-train-date=2023-01-01', '-start-test-date=2023-07-01']
2023-10-20 23:30:37;BNBUSDT;5m;knn;allknn;1.0;0;72;0.0748;0.7187;0.2918;0.2918;volume,number_of_trades,taker_buy_base_asset_volume,rsi,ema_200p;;0.7;False;2023-01-01;2023-07-22 22:10:00;3;True;<< NOT SAVED >>;['-batch-training', '-calc-rsi', '-normalize', '-no-tune', '-n-jobs=20', '-symbol-list=BTCUSDT,ETHUSDT,BNBUSDT,XRPUSDT,ADAUSDT,DOGEUSDT,SOLUSDT,TRXUSDT,DOTUSDT,MATICUSDT,LTCUSDT,BCHUSDT,AVAXUSDT,XLMUSDT,LINKUSDT,XMRUSDT,UNIUSDT,ATOMUSDT', '-interval-list=5m', '-estimator-list=knn', '-stop-loss-list=1.0', '-numeric-features=volume,quote_asset_volume,number_of_trades,taker_buy_base_asset_volume,taker_buy_quote_asset_volume', '-regression-PnL-list=72', '-regression-times-list=0', '-start-train-date=2023-01-01', '-start-test-date=2023-07-01']
2023-10-20 23:05:58;BNBUSDT;5m;knn;allknn;1.0;0;72;0.0992;0.7082;0.2918;0.2918;volume,taker_buy_base_asset_volume,rsi,ema_200p;;0.7;False;2023-01-01;2023-07-22 22:10:00;3;True;<< NOT SAVED >>;['-batch-training', '-calc-rsi', '-normalize', '-no-tune', '-n-jobs=20', '-symbol-list=BTCUSDT,ETHUSDT,BNBUSDT,XRPUSDT,ADAUSDT,DOGEUSDT,SOLUSDT,TRXUSDT,DOTUSDT,MATICUSDT,LTCUSDT,BCHUSDT,AVAXUSDT,XLMUSDT,LINKUSDT,XMRUSDT,UNIUSDT,ATOMUSDT', '-interval-list=5m', '-estimator-list=knn', '-stop-loss-list=1.0', '-numeric-features=volume,quote_asset_volume,number_of_trades,taker_buy_base_asset_volume,taker_buy_quote_asset_volume', '-regression-PnL-list=72', '-regression-times-list=0', '-start-train-date=2023-01-01', '-start-test-date=2023-07-01']
2023-10-20 23:48:53;BNBUSDT;5m;knn;instancehardnessthreshold;1.0;0;72;0.2067;0.5954;0.2922;0.2922;volume,quote_asset_volume,taker_buy_base_asset_volume,rsi,ema_72p,ema_200p;;0.7;False;2023-01-01;2023-07-22 22:10:00;3;True;<< NOT SAVED >>;['-batch-training', '-calc-rsi', '-normalize', '-no-tune', '-n-jobs=20', '-symbol-list=BTCUSDT,ETHUSDT,BNBUSDT,XRPUSDT,ADAUSDT,DOGEUSDT,SOLUSDT,TRXUSDT,DOTUSDT,MATICUSDT,LTCUSDT,BCHUSDT,AVAXUSDT,XLMUSDT,LINKUSDT,XMRUSDT,UNIUSDT,ATOMUSDT', '-interval-list=5m', '-estimator-list=knn', '-stop-loss-list=1.0', '-numeric-features=volume,quote_asset_volume,number_of_trades,taker_buy_base_asset_volume,taker_buy_quote_asset_volume', '-regression-PnL-list=72', '-regression-times-list=0', '-start-train-date=2023-01-01', '-start-test-date=2023-07-01']
2023-10-20 23:24:15;BNBUSDT;5m;knn;instancehardnessthreshold;1.0;0;72;0.2226;0.6041;0.2926;0.2926;volume,quote_asset_volume,number_of_trades,rsi,ema_200p;;0.7;False;2023-01-01;2023-07-22 22:10:00;3;True;<< NOT SAVED >>;['-batch-training', '-calc-rsi', '-normalize', '-no-tune', '-n-jobs=20', '-symbol-list=BTCUSDT,ETHUSDT,BNBUSDT,XRPUSDT,ADAUSDT,DOGEUSDT,SOLUSDT,TRXUSDT,DOTUSDT,MATICUSDT,LTCUSDT,BCHUSDT,AVAXUSDT,XLMUSDT,LINKUSDT,XMRUSDT,UNIUSDT,ATOMUSDT', '-interval-list=5m', '-estimator-list=knn', '-stop-loss-list=1.0', '-numeric-features=volume,quote_asset_volume,number_of_trades,taker_buy_base_asset_volume,taker_buy_quote_asset_volume', '-regression-PnL-list=72', '-regression-times-list=0', '-start-train-date=2023-01-01', '-start-test-date=2023-07-01']
2023-10-20 23:54:58;BNBUSDT;5m;knn;allknn;1.0;0;72;0.0644;0.7131;0.2926;0.2926;quote_asset_volume,taker_buy_base_asset_volume,taker_buy_quote_asset_volume,rsi,ema_72p,ema_200p;;0.7;False;2023-01-01;2023-07-22 22:10:00;3;True;<< NOT SAVED >>;['-batch-training', '-calc-rsi', '-normalize', '-no-tune', '-n-jobs=20', '-symbol-list=BTCUSDT,ETHUSDT,BNBUSDT,XRPUSDT,ADAUSDT,DOGEUSDT,SOLUSDT,TRXUSDT,DOTUSDT,MATICUSDT,LTCUSDT,BCHUSDT,AVAXUSDT,XLMUSDT,LINKUSDT,XMRUSDT,UNIUSDT,ATOMUSDT', '-interval-list=5m', '-estimator-list=knn', '-stop-loss-list=1.0', '-numeric-features=volume,quote_asset_volume,number_of_trades,taker_buy_base_asset_volume,taker_buy_quote_asset_volume', '-regression-PnL-list=72', '-regression-times-list=0', '-start-train-date=2023-01-01', '-start-test-date=2023-07-01']
2023-10-20 22:53:01;BNBUSDT;5m;knn;instancehardnessthreshold;1.0;0;72;0.2479;0.5702;0.2926;0.2926;taker_buy_base_asset_volume,rsi,ema_200p;;0.7;False;2023-01-01;2023-07-22 22:10:00;3;True;<< NOT SAVED >>;['-batch-training', '-calc-rsi', '-normalize', '-no-tune', '-n-jobs=20', '-symbol-list=BTCUSDT,ETHUSDT,BNBUSDT,XRPUSDT,ADAUSDT,DOGEUSDT,SOLUSDT,TRXUSDT,DOTUSDT,MATICUSDT,LTCUSDT,BCHUSDT,AVAXUSDT,XLMUSDT,LINKUSDT,XMRUSDT,UNIUSDT,ATOMUSDT', '-interval-list=5m', '-estimator-list=knn', '-stop-loss-list=1.0', '-numeric-features=volume,quote_asset_volume,number_of_trades,taker_buy_base_asset_volume,taker_buy_quote_asset_volume', '-regression-PnL-list=72', '-regression-times-list=0', '-start-train-date=2023-01-01', '-start-test-date=2023-07-01']
2023-10-20 23:11:02;BNBUSDT;5m;knn;instancehardnessthreshold;1.0;0;72;0.2074;0.6164;0.2929;0.2929;quote_asset_volume,number_of_trades,rsi,ema_200p;;0.7;False;2023-01-01;2023-07-22 22:10:00;3;True;<< NOT SAVED >>;['-batch-training', '-calc-rsi', '-normalize', '-no-tune', '-n-jobs=20', '-symbol-list=BTCUSDT,ETHUSDT,BNBUSDT,XRPUSDT,ADAUSDT,DOGEUSDT,SOLUSDT,TRXUSDT,DOTUSDT,MATICUSDT,LTCUSDT,BCHUSDT,AVAXUSDT,XLMUSDT,LINKUSDT,XMRUSDT,UNIUSDT,ATOMUSDT', '-interval-list=5m', '-estimator-list=knn', '-stop-loss-list=1.0', '-numeric-features=volume,quote_asset_volume,number_of_trades,taker_buy_base_asset_volume,taker_buy_quote_asset_volume', '-regression-PnL-list=72', '-regression-times-list=0', '-start-train-date=2023-01-01', '-start-test-date=2023-07-01']
2023-10-20 23:30:12;BNBUSDT;5m;knn;allknn;1.0;0;72;0.0713;0.7151;0.2929;0.2929;volume,number_of_trades,taker_buy_base_asset_volume,rsi,ema_72p;;0.7;False;2023-01-01;2023-07-22 22:10:00;3;True;<< NOT SAVED >>;['-batch-training', '-calc-rsi', '-normalize', '-no-tune', '-n-jobs=20', '-symbol-list=BTCUSDT,ETHUSDT,BNBUSDT,XRPUSDT,ADAUSDT,DOGEUSDT,SOLUSDT,TRXUSDT,DOTUSDT,MATICUSDT,LTCUSDT,BCHUSDT,AVAXUSDT,XLMUSDT,LINKUSDT,XMRUSDT,UNIUSDT,ATOMUSDT', '-interval-list=5m', '-estimator-list=knn', '-stop-loss-list=1.0', '-numeric-features=volume,quote_asset_volume,number_of_trades,taker_buy_base_asset_volume,taker_buy_quote_asset_volume', '-regression-PnL-list=72', '-regression-times-list=0', '-start-train-date=2023-01-01', '-start-test-date=2023-07-01']
2023-10-20 22:45:35;BNBUSDT;5m;knn;allknn;1.0;0;72;0.0634;0.7176;0.2929;0.2929;quote_asset_volume,taker_buy_base_asset_volume,ema_72p;;0.7;False;2023-01-01;2023-07-22 22:10:00;3;True;<< NOT SAVED >>;['-batch-training', '-calc-rsi', '-normalize', '-no-tune', '-n-jobs=20', '-symbol-list=BTCUSDT,ETHUSDT,BNBUSDT,XRPUSDT,ADAUSDT,DOGEUSDT,SOLUSDT,TRXUSDT,DOTUSDT,MATICUSDT,LTCUSDT,BCHUSDT,AVAXUSDT,XLMUSDT,LINKUSDT,XMRUSDT,UNIUSDT,ATOMUSDT', '-interval-list=5m', '-estimator-list=knn', '-stop-loss-list=1.0', '-numeric-features=volume,quote_asset_volume,number_of_trades,taker_buy_base_asset_volume,taker_buy_quote_asset_volume', '-regression-PnL-list=72', '-regression-times-list=0', '-start-train-date=2023-01-01', '-start-test-date=2023-07-01']
2023-10-20 23:57:37;BNBUSDT;5m;knn;instancehardnessthreshold;1.0;0;72;0.1921;0.614;0.2937;0.2937;volume,quote_asset_volume,number_of_trades,taker_buy_quote_asset_volume,rsi,ema_72p,ema_200p;;0.7;False;2023-01-01;2023-07-22 22:10:00;3;True;<< NOT SAVED >>;['-batch-training', '-calc-rsi', '-normalize', '-no-tune', '-n-jobs=20', '-symbol-list=BTCUSDT,ETHUSDT,BNBUSDT,XRPUSDT,ADAUSDT,DOGEUSDT,SOLUSDT,TRXUSDT,DOTUSDT,MATICUSDT,LTCUSDT,BCHUSDT,AVAXUSDT,XLMUSDT,LINKUSDT,XMRUSDT,UNIUSDT,ATOMUSDT', '-interval-list=5m', '-estimator-list=knn', '-stop-loss-list=1.0', '-numeric-features=volume,quote_asset_volume,number_of_trades,taker_buy_base_asset_volume,taker_buy_quote_asset_volume', '-regression-PnL-list=72', '-regression-times-list=0', '-start-train-date=2023-01-01', '-start-test-date=2023-07-01']
2023-10-20 22:33:39;BNBUSDT;5m;knn;allknn;1.0;0;72;0.0831;0.7052;0.2937;0.2937;taker_buy_base_asset_volume,ema_200p;;0.7;False;2023-01-01;2023-07-22 22:10:00;3;True;<< NOT SAVED >>;['-batch-training', '-calc-rsi', '-normalize', '-no-tune', '-n-jobs=20', '-symbol-list=BTCUSDT,ETHUSDT,BNBUSDT,XRPUSDT,ADAUSDT,DOGEUSDT,SOLUSDT,TRXUSDT,DOTUSDT,MATICUSDT,LTCUSDT,BCHUSDT,AVAXUSDT,XLMUSDT,LINKUSDT,XMRUSDT,UNIUSDT,ATOMUSDT', '-interval-list=5m', '-estimator-list=knn', '-stop-loss-list=1.0', '-numeric-features=volume,quote_asset_volume,number_of_trades,taker_buy_base_asset_volume,taker_buy_quote_asset_volume', '-regression-PnL-list=72', '-regression-times-list=0', '-start-train-date=2023-01-01', '-start-test-date=2023-07-01']
2023-10-20 23:26:32;BNBUSDT;5m;knn;instancehardnessthreshold;1.0;0;72;0.2717;0.5849;0.2941;0.2941;volume,quote_asset_volume,taker_buy_base_asset_volume,rsi,ema_200p;;0.7;False;2023-01-01;2023-07-22 22:10:00;3;True;<< NOT SAVED >>;['-batch-training', '-calc-rsi', '-normalize', '-no-tune', '-n-jobs=20', '-symbol-list=BTCUSDT,ETHUSDT,BNBUSDT,XRPUSDT,ADAUSDT,DOGEUSDT,SOLUSDT,TRXUSDT,DOTUSDT,MATICUSDT,LTCUSDT,BCHUSDT,AVAXUSDT,XLMUSDT,LINKUSDT,XMRUSDT,UNIUSDT,ATOMUSDT', '-interval-list=5m', '-estimator-list=knn', '-stop-loss-list=1.0', '-numeric-features=volume,quote_asset_volume,number_of_trades,taker_buy_base_asset_volume,taker_buy_quote_asset_volume', '-regression-PnL-list=72', '-regression-times-list=0', '-start-train-date=2023-01-01', '-start-test-date=2023-07-01']
2023-10-20 22:52:27;BNBUSDT;5m;knn;allknn;1.0;0;72;0.0732;0.7034;0.2941;0.2941;taker_buy_base_asset_volume,taker_buy_quote_asset_volume,ema_200p;;0.7;False;2023-01-01;2023-07-22 22:10:00;3;True;<< NOT SAVED >>;['-batch-training', '-calc-rsi', '-normalize', '-no-tune', '-n-jobs=20', '-symbol-list=BTCUSDT,ETHUSDT,BNBUSDT,XRPUSDT,ADAUSDT,DOGEUSDT,SOLUSDT,TRXUSDT,DOTUSDT,MATICUSDT,LTCUSDT,BCHUSDT,AVAXUSDT,XLMUSDT,LINKUSDT,XMRUSDT,UNIUSDT,ATOMUSDT', '-interval-list=5m', '-estimator-list=knn', '-stop-loss-list=1.0', '-numeric-features=volume,quote_asset_volume,number_of_trades,taker_buy_base_asset_volume,taker_buy_quote_asset_volume', '-regression-PnL-list=72', '-regression-times-list=0', '-start-train-date=2023-01-01', '-start-test-date=2023-07-01']
2023-10-20 22:46:08;BNBUSDT;5m;knn;instancehardnessthreshold;1.0;0;72;0.2942;0.5127;0.2883;0.2942;quote_asset_volume,taker_buy_quote_asset_volume,rsi;;0.7;False;2023-01-01;2023-07-22 22:10:00;3;True;<< NOT SAVED >>;['-batch-training', '-calc-rsi', '-normalize', '-no-tune', '-n-jobs=20', '-symbol-list=BTCUSDT,ETHUSDT,BNBUSDT,XRPUSDT,ADAUSDT,DOGEUSDT,SOLUSDT,TRXUSDT,DOTUSDT,MATICUSDT,LTCUSDT,BCHUSDT,AVAXUSDT,XLMUSDT,LINKUSDT,XMRUSDT,UNIUSDT,ATOMUSDT', '-interval-list=5m', '-estimator-list=knn', '-stop-loss-list=1.0', '-numeric-features=volume,quote_asset_volume,number_of_trades,taker_buy_base_asset_volume,taker_buy_quote_asset_volume', '-regression-PnL-list=72', '-regression-times-list=0', '-start-train-date=2023-01-01', '-start-test-date=2023-07-01']
2023-10-20 22:59:48;BNBUSDT;5m;knn;instancehardnessthreshold;1.0;0;72;0.2432;0.5859;0.2945;0.2945;volume,quote_asset_volume,rsi,ema_200p;;0.7;False;2023-01-01;2023-07-22 22:10:00;3;True;<< NOT SAVED >>;['-batch-training', '-calc-rsi', '-normalize', '-no-tune', '-n-jobs=20', '-symbol-list=BTCUSDT,ETHUSDT,BNBUSDT,XRPUSDT,ADAUSDT,DOGEUSDT,SOLUSDT,TRXUSDT,DOTUSDT,MATICUSDT,LTCUSDT,BCHUSDT,AVAXUSDT,XLMUSDT,LINKUSDT,XMRUSDT,UNIUSDT,ATOMUSDT', '-interval-list=5m', '-estimator-list=knn', '-stop-loss-list=1.0', '-numeric-features=volume,quote_asset_volume,number_of_trades,taker_buy_base_asset_volume,taker_buy_quote_asset_volume', '-regression-PnL-list=72', '-regression-times-list=0', '-start-train-date=2023-01-01', '-start-test-date=2023-07-01']
2023-10-20 23:06:42;BNBUSDT;5m;knn;allknn;1.0;0;72;0.0831;0.7035;0.2949;0.2949;volume,taker_buy_quote_asset_volume,rsi,ema_72p;;0.7;False;2023-01-01;2023-07-22 22:10:00;3;True;<< NOT SAVED >>;['-batch-training', '-calc-rsi', '-normalize', '-no-tune', '-n-jobs=20', '-symbol-list=BTCUSDT,ETHUSDT,BNBUSDT,XRPUSDT,ADAUSDT,DOGEUSDT,SOLUSDT,TRXUSDT,DOTUSDT,MATICUSDT,LTCUSDT,BCHUSDT,AVAXUSDT,XLMUSDT,LINKUSDT,XMRUSDT,UNIUSDT,ATOMUSDT', '-interval-list=5m', '-estimator-list=knn', '-stop-loss-list=1.0', '-numeric-features=volume,quote_asset_volume,number_of_trades,taker_buy_base_asset_volume,taker_buy_quote_asset_volume', '-regression-PnL-list=72', '-regression-times-list=0', '-start-train-date=2023-01-01', '-start-test-date=2023-07-01']
2023-10-20 23:51:40;BNBUSDT;5m;knn;instancehardnessthreshold;1.0;0;72;0.169;0.6056;0.2949;0.2949;volume,number_of_trades,taker_buy_quote_asset_volume,rsi,ema_72p,ema_200p;;0.7;False;2023-01-01;2023-07-22 22:10:00;3;True;<< NOT SAVED >>;['-batch-training', '-calc-rsi', '-normalize', '-no-tune', '-n-jobs=20', '-symbol-list=BTCUSDT,ETHUSDT,BNBUSDT,XRPUSDT,ADAUSDT,DOGEUSDT,SOLUSDT,TRXUSDT,DOTUSDT,MATICUSDT,LTCUSDT,BCHUSDT,AVAXUSDT,XLMUSDT,LINKUSDT,XMRUSDT,UNIUSDT,ATOMUSDT', '-interval-list=5m', '-estimator-list=knn', '-stop-loss-list=1.0', '-numeric-features=volume,quote_asset_volume,number_of_trades,taker_buy_base_asset_volume,taker_buy_quote_asset_volume', '-regression-PnL-list=72', '-regression-times-list=0', '-start-train-date=2023-01-01', '-start-test-date=2023-07-01']
2023-10-20 22:27:49;BNBUSDT;5m;knn;instancehardnessthreshold;1.0;0;72;0.2949;0.4891;0.2821;0.2949;volume,taker_buy_quote_asset_volume;;0.7;False;2023-01-01;2023-07-22 22:10:00;3;True;<< NOT SAVED >>;['-batch-training', '-calc-rsi', '-normalize', '-no-tune', '-n-jobs=20', '-symbol-list=BTCUSDT,ETHUSDT,BNBUSDT,XRPUSDT,ADAUSDT,DOGEUSDT,SOLUSDT,TRXUSDT,DOTUSDT,MATICUSDT,LTCUSDT,BCHUSDT,AVAXUSDT,XLMUSDT,LINKUSDT,XMRUSDT,UNIUSDT,ATOMUSDT', '-interval-list=5m', '-estimator-list=knn', '-stop-loss-list=1.0', '-numeric-features=volume,quote_asset_volume,number_of_trades,taker_buy_base_asset_volume,taker_buy_quote_asset_volume', '-regression-PnL-list=72', '-regression-times-list=0', '-start-train-date=2023-01-01', '-start-test-date=2023-07-01']
2023-10-20 23:54:47;BNBUSDT;5m;knn;instancehardnessthreshold;1.0;0;72;0.2007;0.6003;0.2953;0.2953;quote_asset_volume,taker_buy_base_asset_volume,taker_buy_quote_asset_volume,rsi,ema_72p,ema_200p;;0.7;False;2023-01-01;2023-07-22 22:10:00;3;True;<< NOT SAVED >>;['-batch-training', '-calc-rsi', '-normalize', '-no-tune', '-n-jobs=20', '-symbol-list=BTCUSDT,ETHUSDT,BNBUSDT,XRPUSDT,ADAUSDT,DOGEUSDT,SOLUSDT,TRXUSDT,DOTUSDT,MATICUSDT,LTCUSDT,BCHUSDT,AVAXUSDT,XLMUSDT,LINKUSDT,XMRUSDT,UNIUSDT,ATOMUSDT', '-interval-list=5m', '-estimator-list=knn', '-stop-loss-list=1.0', '-numeric-features=volume,quote_asset_volume,number_of_trades,taker_buy_base_asset_volume,taker_buy_quote_asset_volume', '-regression-PnL-list=72', '-regression-times-list=0', '-start-train-date=2023-01-01', '-start-test-date=2023-07-01']
2023-10-20 23:47:08;BNBUSDT;5m;knn;instancehardnessthreshold;1.0;0;72;0.162;0.624;0.2953;0.2953;volume,quote_asset_volume,number_of_trades,rsi,ema_72p,ema_200p;;0.7;False;2023-01-01;2023-07-22 22:10:00;3;True;<< NOT SAVED >>;['-batch-training', '-calc-rsi', '-normalize', '-no-tune', '-n-jobs=20', '-symbol-list=BTCUSDT,ETHUSDT,BNBUSDT,XRPUSDT,ADAUSDT,DOGEUSDT,SOLUSDT,TRXUSDT,DOTUSDT,MATICUSDT,LTCUSDT,BCHUSDT,AVAXUSDT,XLMUSDT,LINKUSDT,XMRUSDT,UNIUSDT,ATOMUSDT', '-interval-list=5m', '-estimator-list=knn', '-stop-loss-list=1.0', '-numeric-features=volume,quote_asset_volume,number_of_trades,taker_buy_base_asset_volume,taker_buy_quote_asset_volume', '-regression-PnL-list=72', '-regression-times-list=0', '-start-train-date=2023-01-01', '-start-test-date=2023-07-01']
2023-10-20 23:22:38;BNBUSDT;5m;knn;instancehardnessthreshold;1.0;0;72;0.2955;0.5502;0.2601;0.2955;volume,quote_asset_volume,number_of_trades,taker_buy_quote_asset_volume,rsi;;0.7;False;2023-01-01;2023-07-22 22:10:00;3;True;<< NOT SAVED >>;['-batch-training', '-calc-rsi', '-normalize', '-no-tune', '-n-jobs=20', '-symbol-list=BTCUSDT,ETHUSDT,BNBUSDT,XRPUSDT,ADAUSDT,DOGEUSDT,SOLUSDT,TRXUSDT,DOTUSDT,MATICUSDT,LTCUSDT,BCHUSDT,AVAXUSDT,XLMUSDT,LINKUSDT,XMRUSDT,UNIUSDT,ATOMUSDT', '-interval-list=5m', '-estimator-list=knn', '-stop-loss-list=1.0', '-numeric-features=volume,quote_asset_volume,number_of_trades,taker_buy_base_asset_volume,taker_buy_quote_asset_volume', '-regression-PnL-list=72', '-regression-times-list=0', '-start-train-date=2023-01-01', '-start-test-date=2023-07-01']
2023-10-20 23:33:27;BNBUSDT;5m;knn;allknn;1.0;0;72;0.0815;0.7015;0.2956;0.2956;volume,taker_buy_base_asset_volume,taker_buy_quote_asset_volume,rsi,ema_200p;;0.7;False;2023-01-01;2023-07-22 22:10:00;3;True;<< NOT SAVED >>;['-batch-training', '-calc-rsi', '-normalize', '-no-tune', '-n-jobs=20', '-symbol-list=BTCUSDT,ETHUSDT,BNBUSDT,XRPUSDT,ADAUSDT,DOGEUSDT,SOLUSDT,TRXUSDT,DOTUSDT,MATICUSDT,LTCUSDT,BCHUSDT,AVAXUSDT,XLMUSDT,LINKUSDT,XMRUSDT,UNIUSDT,ATOMUSDT', '-interval-list=5m', '-estimator-list=knn', '-stop-loss-list=1.0', '-numeric-features=volume,quote_asset_volume,number_of_trades,taker_buy_base_asset_volume,taker_buy_quote_asset_volume', '-regression-PnL-list=72', '-regression-times-list=0', '-start-train-date=2023-01-01', '-start-test-date=2023-07-01']
2023-10-20 23:55:14;BNBUSDT;5m;knn;instancehardnessthreshold;1.0;0;72;0.1864;0.6164;0.2956;0.2956;number_of_trades,taker_buy_base_asset_volume,taker_buy_quote_asset_volume,rsi,ema_72p,ema_200p;;0.7;False;2023-01-01;2023-07-22 22:10:00;3;True;<< NOT SAVED >>;['-batch-training', '-calc-rsi', '-normalize', '-no-tune', '-n-jobs=20', '-symbol-list=BTCUSDT,ETHUSDT,BNBUSDT,XRPUSDT,ADAUSDT,DOGEUSDT,SOLUSDT,TRXUSDT,DOTUSDT,MATICUSDT,LTCUSDT,BCHUSDT,AVAXUSDT,XLMUSDT,LINKUSDT,XMRUSDT,UNIUSDT,ATOMUSDT', '-interval-list=5m', '-estimator-list=knn', '-stop-loss-list=1.0', '-numeric-features=volume,quote_asset_volume,number_of_trades,taker_buy_base_asset_volume,taker_buy_quote_asset_volume', '-regression-PnL-list=72', '-regression-times-list=0', '-start-train-date=2023-01-01', '-start-test-date=2023-07-01']
2023-10-20 23:10:39;BNBUSDT;5m;knn;instancehardnessthreshold;1.0;0;72;0.2089;0.6146;0.296;0.296;quote_asset_volume,number_of_trades,rsi,ema_72p;;0.7;False;2023-01-01;2023-07-22 22:10:00;3;True;<< NOT SAVED >>;['-batch-training', '-calc-rsi', '-normalize', '-no-tune', '-n-jobs=20', '-symbol-list=BTCUSDT,ETHUSDT,BNBUSDT,XRPUSDT,ADAUSDT,DOGEUSDT,SOLUSDT,TRXUSDT,DOTUSDT,MATICUSDT,LTCUSDT,BCHUSDT,AVAXUSDT,XLMUSDT,LINKUSDT,XMRUSDT,UNIUSDT,ATOMUSDT', '-interval-list=5m', '-estimator-list=knn', '-stop-loss-list=1.0', '-numeric-features=volume,quote_asset_volume,number_of_trades,taker_buy_base_asset_volume,taker_buy_quote_asset_volume', '-regression-PnL-list=72', '-regression-times-list=0', '-start-train-date=2023-01-01', '-start-test-date=2023-07-01']
2023-10-20 22:51:40;BNBUSDT;5m;knn;instancehardnessthreshold;1.0;0;72;0.2964;0.4944;0.2922;0.2964;taker_buy_base_asset_volume,taker_buy_quote_asset_volume,rsi;;0.7;False;2023-01-01;2023-07-22 22:10:00;3;True;<< NOT SAVED >>;['-batch-training', '-calc-rsi', '-normalize', '-no-tune', '-n-jobs=20', '-symbol-list=BTCUSDT,ETHUSDT,BNBUSDT,XRPUSDT,ADAUSDT,DOGEUSDT,SOLUSDT,TRXUSDT,DOTUSDT,MATICUSDT,LTCUSDT,BCHUSDT,AVAXUSDT,XLMUSDT,LINKUSDT,XMRUSDT,UNIUSDT,ATOMUSDT', '-interval-list=5m', '-estimator-list=knn', '-stop-loss-list=1.0', '-numeric-features=volume,quote_asset_volume,number_of_trades,taker_buy_base_asset_volume,taker_buy_quote_asset_volume', '-regression-PnL-list=72', '-regression-times-list=0', '-start-train-date=2023-01-01', '-start-test-date=2023-07-01']
2023-10-20 22:32:23;BNBUSDT;5m;knn;allknn;1.0;0;72;0.0577;0.7151;0.2968;0.2968;number_of_trades,ema_200p;;0.7;False;2023-01-01;2023-07-22 22:10:00;3;True;<< NOT SAVED >>;['-batch-training', '-calc-rsi', '-normalize', '-no-tune', '-n-jobs=20', '-symbol-list=BTCUSDT,ETHUSDT,BNBUSDT,XRPUSDT,ADAUSDT,DOGEUSDT,SOLUSDT,TRXUSDT,DOTUSDT,MATICUSDT,LTCUSDT,BCHUSDT,AVAXUSDT,XLMUSDT,LINKUSDT,XMRUSDT,UNIUSDT,ATOMUSDT', '-interval-list=5m', '-estimator-list=knn', '-stop-loss-list=1.0', '-numeric-features=volume,quote_asset_volume,number_of_trades,taker_buy_base_asset_volume,taker_buy_quote_asset_volume', '-regression-PnL-list=72', '-regression-times-list=0', '-start-train-date=2023-01-01', '-start-test-date=2023-07-01']
2023-10-20 23:35:22;BNBUSDT;5m;knn;allknn;1.0;0;72;0.0653;0.7372;0.2968;0.2968;quote_asset_volume,number_of_trades,taker_buy_base_asset_volume,taker_buy_quote_asset_volume,ema_72p;;0.7;False;2023-01-01;2023-07-22 22:10:00;3;True;<< NOT SAVED >>;['-batch-training', '-calc-rsi', '-normalize', '-no-tune', '-n-jobs=20', '-symbol-list=BTCUSDT,ETHUSDT,BNBUSDT,XRPUSDT,ADAUSDT,DOGEUSDT,SOLUSDT,TRXUSDT,DOTUSDT,MATICUSDT,LTCUSDT,BCHUSDT,AVAXUSDT,XLMUSDT,LINKUSDT,XMRUSDT,UNIUSDT,ATOMUSDT', '-interval-list=5m', '-estimator-list=knn', '-stop-loss-list=1.0', '-numeric-features=volume,quote_asset_volume,number_of_trades,taker_buy_base_asset_volume,taker_buy_quote_asset_volume', '-regression-PnL-list=72', '-regression-times-list=0', '-start-train-date=2023-01-01', '-start-test-date=2023-07-01']
2023-10-20 23:33:17;BNBUSDT;5m;knn;instancehardnessthreshold;1.0;0;72;0.2689;0.5774;0.2968;0.2968;volume,taker_buy_base_asset_volume,taker_buy_quote_asset_volume,rsi,ema_200p;;0.7;False;2023-01-01;2023-07-22 22:10:00;3;True;<< NOT SAVED >>;['-batch-training', '-calc-rsi', '-normalize', '-no-tune', '-n-jobs=20', '-symbol-list=BTCUSDT,ETHUSDT,BNBUSDT,XRPUSDT,ADAUSDT,DOGEUSDT,SOLUSDT,TRXUSDT,DOTUSDT,MATICUSDT,LTCUSDT,BCHUSDT,AVAXUSDT,XLMUSDT,LINKUSDT,XMRUSDT,UNIUSDT,ATOMUSDT', '-interval-list=5m', '-estimator-list=knn', '-stop-loss-list=1.0', '-numeric-features=volume,quote_asset_volume,number_of_trades,taker_buy_base_asset_volume,taker_buy_quote_asset_volume', '-regression-PnL-list=72', '-regression-times-list=0', '-start-train-date=2023-01-01', '-start-test-date=2023-07-01']
2023-10-20 23:09:31;BNBUSDT;5m;knn;instancehardnessthreshold;1.0;0;72;0.2971;0.5488;0.2613;0.2971;quote_asset_volume,number_of_trades,taker_buy_quote_asset_volume,rsi;;0.7;False;2023-01-01;2023-07-22 22:10:00;3;True;<< NOT SAVED >>;['-batch-training', '-calc-rsi', '-normalize', '-no-tune', '-n-jobs=20', '-symbol-list=BTCUSDT,ETHUSDT,BNBUSDT,XRPUSDT,ADAUSDT,DOGEUSDT,SOLUSDT,TRXUSDT,DOTUSDT,MATICUSDT,LTCUSDT,BCHUSDT,AVAXUSDT,XLMUSDT,LINKUSDT,XMRUSDT,UNIUSDT,ATOMUSDT', '-interval-list=5m', '-estimator-list=knn', '-stop-loss-list=1.0', '-numeric-features=volume,quote_asset_volume,number_of_trades,taker_buy_base_asset_volume,taker_buy_quote_asset_volume', '-regression-PnL-list=72', '-regression-times-list=0', '-start-train-date=2023-01-01', '-start-test-date=2023-07-01']
2023-10-20 22:47:09;BNBUSDT;5m;knn;instancehardnessthreshold;1.0;0;72;0.2169;0.5833;0.2972;0.2972;quote_asset_volume,rsi,ema_72p;;0.7;False;2023-01-01;2023-07-22 22:10:00;3;True;<< NOT SAVED >>;['-batch-training', '-calc-rsi', '-normalize', '-no-tune', '-n-jobs=20', '-symbol-list=BTCUSDT,ETHUSDT,BNBUSDT,XRPUSDT,ADAUSDT,DOGEUSDT,SOLUSDT,TRXUSDT,DOTUSDT,MATICUSDT,LTCUSDT,BCHUSDT,AVAXUSDT,XLMUSDT,LINKUSDT,XMRUSDT,UNIUSDT,ATOMUSDT', '-interval-list=5m', '-estimator-list=knn', '-stop-loss-list=1.0', '-numeric-features=volume,quote_asset_volume,number_of_trades,taker_buy_base_asset_volume,taker_buy_quote_asset_volume', '-regression-PnL-list=72', '-regression-times-list=0', '-start-train-date=2023-01-01', '-start-test-date=2023-07-01']
2023-10-20 23:27:18;BNBUSDT;5m;knn;instancehardnessthreshold;1.0;0;72;0.2695;0.5766;0.2972;0.2972;volume,quote_asset_volume,taker_buy_quote_asset_volume,rsi,ema_72p;;0.7;False;2023-01-01;2023-07-22 22:10:00;3;True;<< NOT SAVED >>;['-batch-training', '-calc-rsi', '-normalize', '-no-tune', '-n-jobs=20', '-symbol-list=BTCUSDT,ETHUSDT,BNBUSDT,XRPUSDT,ADAUSDT,DOGEUSDT,SOLUSDT,TRXUSDT,DOTUSDT,MATICUSDT,LTCUSDT,BCHUSDT,AVAXUSDT,XLMUSDT,LINKUSDT,XMRUSDT,UNIUSDT,ATOMUSDT', '-interval-list=5m', '-estimator-list=knn', '-stop-loss-list=1.0', '-numeric-features=volume,quote_asset_volume,number_of_trades,taker_buy_base_asset_volume,taker_buy_quote_asset_volume', '-regression-PnL-list=72', '-regression-times-list=0', '-start-train-date=2023-01-01', '-start-test-date=2023-07-01']
2023-10-20 23:57:09;BNBUSDT;5m;knn;instancehardnessthreshold;1.0;0;72;0.1991;0.6142;0.2976;0.2976;volume,quote_asset_volume,number_of_trades,taker_buy_base_asset_volume,rsi,ema_72p,ema_200p;;0.7;False;2023-01-01;2023-07-22 22:10:00;3;True;<< NOT SAVED >>;['-batch-training', '-calc-rsi', '-normalize', '-no-tune', '-n-jobs=20', '-symbol-list=BTCUSDT,ETHUSDT,BNBUSDT,XRPUSDT,ADAUSDT,DOGEUSDT,SOLUSDT,TRXUSDT,DOTUSDT,MATICUSDT,LTCUSDT,BCHUSDT,AVAXUSDT,XLMUSDT,LINKUSDT,XMRUSDT,UNIUSDT,ATOMUSDT', '-interval-list=5m', '-estimator-list=knn', '-stop-loss-list=1.0', '-numeric-features=volume,quote_asset_volume,number_of_trades,taker_buy_base_asset_volume,taker_buy_quote_asset_volume', '-regression-PnL-list=72', '-regression-times-list=0', '-start-train-date=2023-01-01', '-start-test-date=2023-07-01']
2023-10-20 22:41:58;BNBUSDT;5m;knn;instancehardnessthreshold;1.0;0;72;0.2387;0.5671;0.2983;0.2983;volume,rsi,ema_72p;;0.7;False;2023-01-01;2023-07-22 22:10:00;3;True;<< NOT SAVED >>;['-batch-training', '-calc-rsi', '-normalize', '-no-tune', '-n-jobs=20', '-symbol-list=BTCUSDT,ETHUSDT,BNBUSDT,XRPUSDT,ADAUSDT,DOGEUSDT,SOLUSDT,TRXUSDT,DOTUSDT,MATICUSDT,LTCUSDT,BCHUSDT,AVAXUSDT,XLMUSDT,LINKUSDT,XMRUSDT,UNIUSDT,ATOMUSDT', '-interval-list=5m', '-estimator-list=knn', '-stop-loss-list=1.0', '-numeric-features=volume,quote_asset_volume,number_of_trades,taker_buy_base_asset_volume,taker_buy_quote_asset_volume', '-regression-PnL-list=72', '-regression-times-list=0', '-start-train-date=2023-01-01', '-start-test-date=2023-07-01']
2023-10-20 22:48:29;BNBUSDT;5m;knn;instancehardnessthreshold;1.0;0;72;0.2984;0.548;0.2389;0.2984;number_of_trades,taker_buy_base_asset_volume,rsi;;0.7;False;2023-01-01;2023-07-22 22:10:00;3;True;<< NOT SAVED >>;['-batch-training', '-calc-rsi', '-normalize', '-no-tune', '-n-jobs=20', '-symbol-list=BTCUSDT,ETHUSDT,BNBUSDT,XRPUSDT,ADAUSDT,DOGEUSDT,SOLUSDT,TRXUSDT,DOTUSDT,MATICUSDT,LTCUSDT,BCHUSDT,AVAXUSDT,XLMUSDT,LINKUSDT,XMRUSDT,UNIUSDT,ATOMUSDT', '-interval-list=5m', '-estimator-list=knn', '-stop-loss-list=1.0', '-numeric-features=volume,quote_asset_volume,number_of_trades,taker_buy_base_asset_volume,taker_buy_quote_asset_volume', '-regression-PnL-list=72', '-regression-times-list=0', '-start-train-date=2023-01-01', '-start-test-date=2023-07-01']
2023-10-20 22:37:13;BNBUSDT;5m;knn;allknn;1.0;0;72;0.0872;0.6961;0.2987;0.2987;volume,quote_asset_volume,ema_72p;;0.7;False;2023-01-01;2023-07-22 22:10:00;3;True;<< NOT SAVED >>;['-batch-training', '-calc-rsi', '-normalize', '-no-tune', '-n-jobs=20', '-symbol-list=BTCUSDT,ETHUSDT,BNBUSDT,XRPUSDT,ADAUSDT,DOGEUSDT,SOLUSDT,TRXUSDT,DOTUSDT,MATICUSDT,LTCUSDT,BCHUSDT,AVAXUSDT,XLMUSDT,LINKUSDT,XMRUSDT,UNIUSDT,ATOMUSDT', '-interval-list=5m', '-estimator-list=knn', '-stop-loss-list=1.0', '-numeric-features=volume,quote_asset_volume,number_of_trades,taker_buy_base_asset_volume,taker_buy_quote_asset_volume', '-regression-PnL-list=72', '-regression-times-list=0', '-start-train-date=2023-01-01', '-start-test-date=2023-07-01']
2023-10-20 22:49:21;BNBUSDT;5m;knn;allknn;1.0;0;72;0.0587;0.7228;0.2991;0.2991;number_of_trades,taker_buy_base_asset_volume,ema_200p;;0.7;False;2023-01-01;2023-07-22 22:10:00;3;True;<< NOT SAVED >>;['-batch-training', '-calc-rsi', '-normalize', '-no-tune', '-n-jobs=20', '-symbol-list=BTCUSDT,ETHUSDT,BNBUSDT,XRPUSDT,ADAUSDT,DOGEUSDT,SOLUSDT,TRXUSDT,DOTUSDT,MATICUSDT,LTCUSDT,BCHUSDT,AVAXUSDT,XLMUSDT,LINKUSDT,XMRUSDT,UNIUSDT,ATOMUSDT', '-interval-list=5m', '-estimator-list=knn', '-stop-loss-list=1.0', '-numeric-features=volume,quote_asset_volume,number_of_trades,taker_buy_base_asset_volume,taker_buy_quote_asset_volume', '-regression-PnL-list=72', '-regression-times-list=0', '-start-train-date=2023-01-01', '-start-test-date=2023-07-01']
2023-10-20 22:45:55;BNBUSDT;5m;knn;allknn;1.0;0;72;0.0745;0.7187;0.2991;0.2991;quote_asset_volume,taker_buy_base_asset_volume,ema_200p;;0.7;False;2023-01-01;2023-07-22 22:10:00;3;True;<< NOT SAVED >>;['-batch-training', '-calc-rsi', '-normalize', '-no-tune', '-n-jobs=20', '-symbol-list=BTCUSDT,ETHUSDT,BNBUSDT,XRPUSDT,ADAUSDT,DOGEUSDT,SOLUSDT,TRXUSDT,DOTUSDT,MATICUSDT,LTCUSDT,BCHUSDT,AVAXUSDT,XLMUSDT,LINKUSDT,XMRUSDT,UNIUSDT,ATOMUSDT', '-interval-list=5m', '-estimator-list=knn', '-stop-loss-list=1.0', '-numeric-features=volume,quote_asset_volume,number_of_trades,taker_buy_base_asset_volume,taker_buy_quote_asset_volume', '-regression-PnL-list=72', '-regression-times-list=0', '-start-train-date=2023-01-01', '-start-test-date=2023-07-01']
2023-10-20 22:42:19;BNBUSDT;5m;knn;instancehardnessthreshold;1.0;0;72;0.2238;0.5761;0.2995;0.2995;volume,rsi,ema_200p;;0.7;False;2023-01-01;2023-07-22 22:10:00;3;True;<< NOT SAVED >>;['-batch-training', '-calc-rsi', '-normalize', '-no-tune', '-n-jobs=20', '-symbol-list=BTCUSDT,ETHUSDT,BNBUSDT,XRPUSDT,ADAUSDT,DOGEUSDT,SOLUSDT,TRXUSDT,DOTUSDT,MATICUSDT,LTCUSDT,BCHUSDT,AVAXUSDT,XLMUSDT,LINKUSDT,XMRUSDT,UNIUSDT,ATOMUSDT', '-interval-list=5m', '-estimator-list=knn', '-stop-loss-list=1.0', '-numeric-features=volume,quote_asset_volume,number_of_trades,taker_buy_base_asset_volume,taker_buy_quote_asset_volume', '-regression-PnL-list=72', '-regression-times-list=0', '-start-train-date=2023-01-01', '-start-test-date=2023-07-01']
2023-10-20 23:57:49;BNBUSDT;5m;knn;allknn;1.0;0;72;0.0736;0.7148;0.2999;0.2999;volume,quote_asset_volume,number_of_trades,taker_buy_quote_asset_volume,rsi,ema_72p,ema_200p;;0.7;False;2023-01-01;2023-07-22 22:10:00;3;True;<< NOT SAVED >>;['-batch-training', '-calc-rsi', '-normalize', '-no-tune', '-n-jobs=20', '-symbol-list=BTCUSDT,ETHUSDT,BNBUSDT,XRPUSDT,ADAUSDT,DOGEUSDT,SOLUSDT,TRXUSDT,DOTUSDT,MATICUSDT,LTCUSDT,BCHUSDT,AVAXUSDT,XLMUSDT,LINKUSDT,XMRUSDT,UNIUSDT,ATOMUSDT', '-interval-list=5m', '-estimator-list=knn', '-stop-loss-list=1.0', '-numeric-features=volume,quote_asset_volume,number_of_trades,taker_buy_base_asset_volume,taker_buy_quote_asset_volume', '-regression-PnL-list=72', '-regression-times-list=0', '-start-train-date=2023-01-01', '-start-test-date=2023-07-01']
2023-10-20 22:59:27;BNBUSDT;5m;knn;instancehardnessthreshold;1.0;0;72;0.254;0.5795;0.3003;0.3003;volume,quote_asset_volume,rsi,ema_72p;;0.7;False;2023-01-01;2023-07-22 22:10:00;3;True;<< NOT SAVED >>;['-batch-training', '-calc-rsi', '-normalize', '-no-tune', '-n-jobs=20', '-symbol-list=BTCUSDT,ETHUSDT,BNBUSDT,XRPUSDT,ADAUSDT,DOGEUSDT,SOLUSDT,TRXUSDT,DOTUSDT,MATICUSDT,LTCUSDT,BCHUSDT,AVAXUSDT,XLMUSDT,LINKUSDT,XMRUSDT,UNIUSDT,ATOMUSDT', '-interval-list=5m', '-estimator-list=knn', '-stop-loss-list=1.0', '-numeric-features=volume,quote_asset_volume,number_of_trades,taker_buy_base_asset_volume,taker_buy_quote_asset_volume', '-regression-PnL-list=72', '-regression-times-list=0', '-start-train-date=2023-01-01', '-start-test-date=2023-07-01']
2023-10-20 23:54:21;BNBUSDT;5m;knn;instancehardnessthreshold;1.0;0;72;0.1817;0.6058;0.3003;0.3003;quote_asset_volume,number_of_trades,taker_buy_quote_asset_volume,rsi,ema_72p,ema_200p;;0.7;False;2023-01-01;2023-07-22 22:10:00;3;True;<< NOT SAVED >>;['-batch-training', '-calc-rsi', '-normalize', '-no-tune', '-n-jobs=20', '-symbol-list=BTCUSDT,ETHUSDT,BNBUSDT,XRPUSDT,ADAUSDT,DOGEUSDT,SOLUSDT,TRXUSDT,DOTUSDT,MATICUSDT,LTCUSDT,BCHUSDT,AVAXUSDT,XLMUSDT,LINKUSDT,XMRUSDT,UNIUSDT,ATOMUSDT', '-interval-list=5m', '-estimator-list=knn', '-stop-loss-list=1.0', '-numeric-features=volume,quote_asset_volume,number_of_trades,taker_buy_base_asset_volume,taker_buy_quote_asset_volume', '-regression-PnL-list=72', '-regression-times-list=0', '-start-train-date=2023-01-01', '-start-test-date=2023-07-01']
2023-10-29 17:42:15;BNBUSDT;5m;knn;instancehardnessthreshold;1.0;0;72;0.0536;0.6614;0.3005;0.3005;close,number_of_trades,rsi;;0.7;False;2023-01-01;2023-07-31 19:40:00;3;True;<< NOT SAVED >>;['-batch-training', '-calc-rsi', '-normalize', '-no-tune', '-n-jobs=20', '-symbol-list=BTCUSDT,ETHUSDT,BNBUSDT,XRPUSDT,ADAUSDT,DOGEUSDT,SOLUSDT,TRXUSDT,DOTUSDT,MATICUSDT,LTCUSDT,BCHUSDT,AVAXUSDT,XLMUSDT,LINKUSDT,XMRUSDT,UNIUSDT,ATOMUSDT', '-interval-list=5m', '-estimator-list=knn', '-stop-loss-list=1.0', '-numeric-features=close,volume,quote_asset_volume,number_of_trades', '-regression-PnL-list=72', '-regression-times-list=0', '-start-train-date=2023-01-01', '-start-test-date=2023-07-01']
2023-10-20 23:40:29;BNBUSDT;5m;knn;allknn;1.0;0;72;0.0571;0.7104;0.3007;0.3007;quote_asset_volume,taker_buy_quote_asset_volume,rsi,ema_72p,ema_200p;;0.7;False;2023-01-01;2023-07-22 22:10:00;3;True;<< NOT SAVED >>;['-batch-training', '-calc-rsi', '-normalize', '-no-tune', '-n-jobs=20', '-symbol-list=BTCUSDT,ETHUSDT,BNBUSDT,XRPUSDT,ADAUSDT,DOGEUSDT,SOLUSDT,TRXUSDT,DOTUSDT,MATICUSDT,LTCUSDT,BCHUSDT,AVAXUSDT,XLMUSDT,LINKUSDT,XMRUSDT,UNIUSDT,ATOMUSDT', '-interval-list=5m', '-estimator-list=knn', '-stop-loss-list=1.0', '-numeric-features=volume,quote_asset_volume,number_of_trades,taker_buy_base_asset_volume,taker_buy_quote_asset_volume', '-regression-PnL-list=72', '-regression-times-list=0', '-start-train-date=2023-01-01', '-start-test-date=2023-07-01']
2023-10-20 22:33:21;BNBUSDT;5m;knn;allknn;1.0;0;72;0.0501;0.7094;0.301;0.301;taker_buy_base_asset_volume,ema_72p;;0.7;False;2023-01-01;2023-07-22 22:10:00;3;True;<< NOT SAVED >>;['-batch-training', '-calc-rsi', '-normalize', '-no-tune', '-n-jobs=20', '-symbol-list=BTCUSDT,ETHUSDT,BNBUSDT,XRPUSDT,ADAUSDT,DOGEUSDT,SOLUSDT,TRXUSDT,DOTUSDT,MATICUSDT,LTCUSDT,BCHUSDT,AVAXUSDT,XLMUSDT,LINKUSDT,XMRUSDT,UNIUSDT,ATOMUSDT', '-interval-list=5m', '-estimator-list=knn', '-stop-loss-list=1.0', '-numeric-features=volume,quote_asset_volume,number_of_trades,taker_buy_base_asset_volume,taker_buy_quote_asset_volume', '-regression-PnL-list=72', '-regression-times-list=0', '-start-train-date=2023-01-01', '-start-test-date=2023-07-01']
2023-10-20 23:03:11;BNBUSDT;5m;knn;instancehardnessthreshold;1.0;0;72;0.2102;0.6049;0.301;0.301;volume,number_of_trades,rsi,ema_72p;;0.7;False;2023-01-01;2023-07-22 22:10:00;3;True;<< NOT SAVED >>;['-batch-training', '-calc-rsi', '-normalize', '-no-tune', '-n-jobs=20', '-symbol-list=BTCUSDT,ETHUSDT,BNBUSDT,XRPUSDT,ADAUSDT,DOGEUSDT,SOLUSDT,TRXUSDT,DOTUSDT,MATICUSDT,LTCUSDT,BCHUSDT,AVAXUSDT,XLMUSDT,LINKUSDT,XMRUSDT,UNIUSDT,ATOMUSDT', '-interval-list=5m', '-estimator-list=knn', '-stop-loss-list=1.0', '-numeric-features=volume,quote_asset_volume,number_of_trades,taker_buy_base_asset_volume,taker_buy_quote_asset_volume', '-regression-PnL-list=72', '-regression-times-list=0', '-start-train-date=2023-01-01', '-start-test-date=2023-07-01']
2023-10-20 23:06:55;BNBUSDT;5m;knn;instancehardnessthreshold;1.0;0;72;0.2384;0.5938;0.301;0.301;volume,taker_buy_quote_asset_volume,rsi,ema_200p;;0.7;False;2023-01-01;2023-07-22 22:10:00;3;True;<< NOT SAVED >>;['-batch-training', '-calc-rsi', '-normalize', '-no-tune', '-n-jobs=20', '-symbol-list=BTCUSDT,ETHUSDT,BNBUSDT,XRPUSDT,ADAUSDT,DOGEUSDT,SOLUSDT,TRXUSDT,DOTUSDT,MATICUSDT,LTCUSDT,BCHUSDT,AVAXUSDT,XLMUSDT,LINKUSDT,XMRUSDT,UNIUSDT,ATOMUSDT', '-interval-list=5m', '-estimator-list=knn', '-stop-loss-list=1.0', '-numeric-features=volume,quote_asset_volume,number_of_trades,taker_buy_base_asset_volume,taker_buy_quote_asset_volume', '-regression-PnL-list=72', '-regression-times-list=0', '-start-train-date=2023-01-01', '-start-test-date=2023-07-01']
2023-10-20 22:52:08;BNBUSDT;5m;knn;allknn;1.0;0;72;0.065;0.7072;0.301;0.301;taker_buy_base_asset_volume,taker_buy_quote_asset_volume,ema_72p;;0.7;False;2023-01-01;2023-07-22 22:10:00;3;True;<< NOT SAVED >>;['-batch-training', '-calc-rsi', '-normalize', '-no-tune', '-n-jobs=20', '-symbol-list=BTCUSDT,ETHUSDT,BNBUSDT,XRPUSDT,ADAUSDT,DOGEUSDT,SOLUSDT,TRXUSDT,DOTUSDT,MATICUSDT,LTCUSDT,BCHUSDT,AVAXUSDT,XLMUSDT,LINKUSDT,XMRUSDT,UNIUSDT,ATOMUSDT', '-interval-list=5m', '-estimator-list=knn', '-stop-loss-list=1.0', '-numeric-features=volume,quote_asset_volume,number_of_trades,taker_buy_base_asset_volume,taker_buy_quote_asset_volume', '-regression-PnL-list=72', '-regression-times-list=0', '-start-train-date=2023-01-01', '-start-test-date=2023-07-01']
2023-10-29 17:45:02;BNBUSDT;5m;knn;instancehardnessthreshold;1.0;0;72;0.1018;0.6122;0.3014;0.3014;close,volume,quote_asset_volume,rsi;;0.7;False;2023-01-01;2023-07-31 19:40:00;3;True;<< NOT SAVED >>;['-batch-training', '-calc-rsi', '-normalize', '-no-tune', '-n-jobs=20', '-symbol-list=BTCUSDT,ETHUSDT,BNBUSDT,XRPUSDT,ADAUSDT,DOGEUSDT,SOLUSDT,TRXUSDT,DOTUSDT,MATICUSDT,LTCUSDT,BCHUSDT,AVAXUSDT,XLMUSDT,LINKUSDT,XMRUSDT,UNIUSDT,ATOMUSDT', '-interval-list=5m', '-estimator-list=knn', '-stop-loss-list=1.0', '-numeric-features=close,volume,quote_asset_volume,number_of_trades', '-regression-PnL-list=72', '-regression-times-list=0', '-start-train-date=2023-01-01', '-start-test-date=2023-07-01']
2023-10-20 22:30:02;BNBUSDT;5m;knn;instancehardnessthreshold;1.0;0;72;0.3015;0.5173;0.2536;0.3015;quote_asset_volume,rsi;;0.7;False;2023-01-01;2023-07-22 22:10:00;3;True;<< NOT SAVED >>;['-batch-training', '-calc-rsi', '-normalize', '-no-tune', '-n-jobs=20', '-symbol-list=BTCUSDT,ETHUSDT,BNBUSDT,XRPUSDT,ADAUSDT,DOGEUSDT,SOLUSDT,TRXUSDT,DOTUSDT,MATICUSDT,LTCUSDT,BCHUSDT,AVAXUSDT,XLMUSDT,LINKUSDT,XMRUSDT,UNIUSDT,ATOMUSDT', '-interval-list=5m', '-estimator-list=knn', '-stop-loss-list=1.0', '-numeric-features=volume,quote_asset_volume,number_of_trades,taker_buy_base_asset_volume,taker_buy_quote_asset_volume', '-regression-PnL-list=72', '-regression-times-list=0', '-start-train-date=2023-01-01', '-start-test-date=2023-07-01']
2023-10-20 23:05:48;BNBUSDT;5m;knn;instancehardnessthreshold;1.0;0;72;0.2603;0.5734;0.3018;0.3018;volume,taker_buy_base_asset_volume,rsi,ema_200p;;0.7;False;2023-01-01;2023-07-22 22:10:00;3;True;<< NOT SAVED >>;['-batch-training', '-calc-rsi', '-normalize', '-no-tune', '-n-jobs=20', '-symbol-list=BTCUSDT,ETHUSDT,BNBUSDT,XRPUSDT,ADAUSDT,DOGEUSDT,SOLUSDT,TRXUSDT,DOTUSDT,MATICUSDT,LTCUSDT,BCHUSDT,AVAXUSDT,XLMUSDT,LINKUSDT,XMRUSDT,UNIUSDT,ATOMUSDT', '-interval-list=5m', '-estimator-list=knn', '-stop-loss-list=1.0', '-numeric-features=volume,quote_asset_volume,number_of_trades,taker_buy_base_asset_volume,taker_buy_quote_asset_volume', '-regression-PnL-list=72', '-regression-times-list=0', '-start-train-date=2023-01-01', '-start-test-date=2023-07-01']
2023-10-29 17:40:54;BNBUSDT;5m;knn;allknn;1.0;0;72;0.0268;0.632;0.302;0.302;close,quote_asset_volume,number_of_trades;;0.7;False;2023-01-01;2023-07-31 19:40:00;3;True;<< NOT SAVED >>;['-batch-training', '-calc-rsi', '-normalize', '-no-tune', '-n-jobs=20', '-symbol-list=BTCUSDT,ETHUSDT,BNBUSDT,XRPUSDT,ADAUSDT,DOGEUSDT,SOLUSDT,TRXUSDT,DOTUSDT,MATICUSDT,LTCUSDT,BCHUSDT,AVAXUSDT,XLMUSDT,LINKUSDT,XMRUSDT,UNIUSDT,ATOMUSDT', '-interval-list=5m', '-estimator-list=knn', '-stop-loss-list=1.0', '-numeric-features=close,volume,quote_asset_volume,number_of_trades', '-regression-PnL-list=72', '-regression-times-list=0', '-start-train-date=2023-01-01', '-start-test-date=2023-07-01']
2023-10-29 17:37:06;BNBUSDT;5m;knn;allknn;1.0;0;72;0.002;0.6386;0.302;0.302;close,quote_asset_volume;;0.7;False;2023-01-01;2023-07-31 19:40:00;3;True;<< NOT SAVED >>;['-batch-training', '-calc-rsi', '-normalize', '-no-tune', '-n-jobs=20', '-symbol-list=BTCUSDT,ETHUSDT,BNBUSDT,XRPUSDT,ADAUSDT,DOGEUSDT,SOLUSDT,TRXUSDT,DOTUSDT,MATICUSDT,LTCUSDT,BCHUSDT,AVAXUSDT,XLMUSDT,LINKUSDT,XMRUSDT,UNIUSDT,ATOMUSDT', '-interval-list=5m', '-estimator-list=knn', '-stop-loss-list=1.0', '-numeric-features=close,volume,quote_asset_volume,number_of_trades', '-regression-PnL-list=72', '-regression-times-list=0', '-start-train-date=2023-01-01', '-start-test-date=2023-07-01']
2023-10-20 23:27:41;BNBUSDT;5m;knn;instancehardnessthreshold;1.0;0;72;0.2549;0.5868;0.3022;0.3022;volume,quote_asset_volume,taker_buy_quote_asset_volume,rsi,ema_200p;;0.7;False;2023-01-01;2023-07-22 22:10:00;3;True;<< NOT SAVED >>;['-batch-training', '-calc-rsi', '-normalize', '-no-tune', '-n-jobs=20', '-symbol-list=BTCUSDT,ETHUSDT,BNBUSDT,XRPUSDT,ADAUSDT,DOGEUSDT,SOLUSDT,TRXUSDT,DOTUSDT,MATICUSDT,LTCUSDT,BCHUSDT,AVAXUSDT,XLMUSDT,LINKUSDT,XMRUSDT,UNIUSDT,ATOMUSDT', '-interval-list=5m', '-estimator-list=knn', '-stop-loss-list=1.0', '-numeric-features=volume,quote_asset_volume,number_of_trades,taker_buy_base_asset_volume,taker_buy_quote_asset_volume', '-regression-PnL-list=72', '-regression-times-list=0', '-start-train-date=2023-01-01', '-start-test-date=2023-07-01']
2023-10-20 23:54:32;BNBUSDT;5m;knn;allknn;1.0;0;72;0.0577;0.7199;0.3022;0.3022;quote_asset_volume,number_of_trades,taker_buy_quote_asset_volume,rsi,ema_72p,ema_200p;;0.7;False;2023-01-01;2023-07-22 22:10:00;3;True;<< NOT SAVED >>;['-batch-training', '-calc-rsi', '-normalize', '-no-tune', '-n-jobs=20', '-symbol-list=BTCUSDT,ETHUSDT,BNBUSDT,XRPUSDT,ADAUSDT,DOGEUSDT,SOLUSDT,TRXUSDT,DOTUSDT,MATICUSDT,LTCUSDT,BCHUSDT,AVAXUSDT,XLMUSDT,LINKUSDT,XMRUSDT,UNIUSDT,ATOMUSDT', '-interval-list=5m', '-estimator-list=knn', '-stop-loss-list=1.0', '-numeric-features=volume,quote_asset_volume,number_of_trades,taker_buy_base_asset_volume,taker_buy_quote_asset_volume', '-regression-PnL-list=72', '-regression-times-list=0', '-start-train-date=2023-01-01', '-start-test-date=2023-07-01']
2023-10-20 23:25:55;BNBUSDT;5m;knn;allknn;1.0;0;72;0.0552;0.7294;0.3022;0.3022;volume,quote_asset_volume,taker_buy_base_asset_volume,taker_buy_quote_asset_volume,ema_200p;;0.7;False;2023-01-01;2023-07-22 22:10:00;3;True;<< NOT SAVED >>;['-batch-training', '-calc-rsi', '-normalize', '-no-tune', '-n-jobs=20', '-symbol-list=BTCUSDT,ETHUSDT,BNBUSDT,XRPUSDT,ADAUSDT,DOGEUSDT,SOLUSDT,TRXUSDT,DOTUSDT,MATICUSDT,LTCUSDT,BCHUSDT,AVAXUSDT,XLMUSDT,LINKUSDT,XMRUSDT,UNIUSDT,ATOMUSDT', '-interval-list=5m', '-estimator-list=knn', '-stop-loss-list=1.0', '-numeric-features=volume,quote_asset_volume,number_of_trades,taker_buy_base_asset_volume,taker_buy_quote_asset_volume', '-regression-PnL-list=72', '-regression-times-list=0', '-start-train-date=2023-01-01', '-start-test-date=2023-07-01']
2023-10-20 23:05:24;BNBUSDT;5m;knn;instancehardnessthreshold;1.0;0;72;0.2781;0.5638;0.3022;0.3022;volume,taker_buy_base_asset_volume,rsi,ema_72p;;0.7;False;2023-01-01;2023-07-22 22:10:00;3;True;<< NOT SAVED >>;['-batch-training', '-calc-rsi', '-normalize', '-no-tune', '-n-jobs=20', '-symbol-list=BTCUSDT,ETHUSDT,BNBUSDT,XRPUSDT,ADAUSDT,DOGEUSDT,SOLUSDT,TRXUSDT,DOTUSDT,MATICUSDT,LTCUSDT,BCHUSDT,AVAXUSDT,XLMUSDT,LINKUSDT,XMRUSDT,UNIUSDT,ATOMUSDT', '-interval-list=5m', '-estimator-list=knn', '-stop-loss-list=1.0', '-numeric-features=volume,quote_asset_volume,number_of_trades,taker_buy_base_asset_volume,taker_buy_quote_asset_volume', '-regression-PnL-list=72', '-regression-times-list=0', '-start-train-date=2023-01-01', '-start-test-date=2023-07-01']
2023-10-20 22:53:41;BNBUSDT;5m;knn;instancehardnessthreshold;1.0;0;72;0.2204;0.5748;0.3026;0.3026;taker_buy_quote_asset_volume,rsi,ema_72p;;0.7;False;2023-01-01;2023-07-22 22:10:00;3;True;<< NOT SAVED >>;['-batch-training', '-calc-rsi', '-normalize', '-no-tune', '-n-jobs=20', '-symbol-list=BTCUSDT,ETHUSDT,BNBUSDT,XRPUSDT,ADAUSDT,DOGEUSDT,SOLUSDT,TRXUSDT,DOTUSDT,MATICUSDT,LTCUSDT,BCHUSDT,AVAXUSDT,XLMUSDT,LINKUSDT,XMRUSDT,UNIUSDT,ATOMUSDT', '-interval-list=5m', '-estimator-list=knn', '-stop-loss-list=1.0', '-numeric-features=volume,quote_asset_volume,number_of_trades,taker_buy_base_asset_volume,taker_buy_quote_asset_volume', '-regression-PnL-list=72', '-regression-times-list=0', '-start-train-date=2023-01-01', '-start-test-date=2023-07-01']
2023-10-20 22:36:23;BNBUSDT;5m;knn;instancehardnessthreshold;1.0;0;72;0.3028;0.4909;0.2902;0.3028;volume,quote_asset_volume,taker_buy_quote_asset_volume;;0.7;False;2023-01-01;2023-07-22 22:10:00;3;True;<< NOT SAVED >>;['-batch-training', '-calc-rsi', '-normalize', '-no-tune', '-n-jobs=20', '-symbol-list=BTCUSDT,ETHUSDT,BNBUSDT,XRPUSDT,ADAUSDT,DOGEUSDT,SOLUSDT,TRXUSDT,DOTUSDT,MATICUSDT,LTCUSDT,BCHUSDT,AVAXUSDT,XLMUSDT,LINKUSDT,XMRUSDT,UNIUSDT,ATOMUSDT', '-interval-list=5m', '-estimator-list=knn', '-stop-loss-list=1.0', '-numeric-features=volume,quote_asset_volume,number_of_trades,taker_buy_base_asset_volume,taker_buy_quote_asset_volume', '-regression-PnL-list=72', '-regression-times-list=0', '-start-train-date=2023-01-01', '-start-test-date=2023-07-01']
2023-10-20 23:14:18;BNBUSDT;5m;knn;instancehardnessthreshold;1.0;0;72;0.2359;0.5845;0.303;0.303;quote_asset_volume,taker_buy_quote_asset_volume,rsi,ema_200p;;0.7;False;2023-01-01;2023-07-22 22:10:00;3;True;<< NOT SAVED >>;['-batch-training', '-calc-rsi', '-normalize', '-no-tune', '-n-jobs=20', '-symbol-list=BTCUSDT,ETHUSDT,BNBUSDT,XRPUSDT,ADAUSDT,DOGEUSDT,SOLUSDT,TRXUSDT,DOTUSDT,MATICUSDT,LTCUSDT,BCHUSDT,AVAXUSDT,XLMUSDT,LINKUSDT,XMRUSDT,UNIUSDT,ATOMUSDT', '-interval-list=5m', '-estimator-list=knn', '-stop-loss-list=1.0', '-numeric-features=volume,quote_asset_volume,number_of_trades,taker_buy_base_asset_volume,taker_buy_quote_asset_volume', '-regression-PnL-list=72', '-regression-times-list=0', '-start-train-date=2023-01-01', '-start-test-date=2023-07-01']
2023-10-20 23:58:16;BNBUSDT;5m;knn;allknn;1.0;0;72;0.0479;0.7172;0.303;0.303;volume,quote_asset_volume,taker_buy_base_asset_volume,taker_buy_quote_asset_volume,rsi,ema_72p,ema_200p;;0.7;False;2023-01-01;2023-07-22 22:10:00;3;True;<< NOT SAVED >>;['-batch-training', '-calc-rsi', '-normalize', '-no-tune', '-n-jobs=20', '-symbol-list=BTCUSDT,ETHUSDT,BNBUSDT,XRPUSDT,ADAUSDT,DOGEUSDT,SOLUSDT,TRXUSDT,DOTUSDT,MATICUSDT,LTCUSDT,BCHUSDT,AVAXUSDT,XLMUSDT,LINKUSDT,XMRUSDT,UNIUSDT,ATOMUSDT', '-interval-list=5m', '-estimator-list=knn', '-stop-loss-list=1.0', '-numeric-features=volume,quote_asset_volume,number_of_trades,taker_buy_base_asset_volume,taker_buy_quote_asset_volume', '-regression-PnL-list=72', '-regression-times-list=0', '-start-train-date=2023-01-01', '-start-test-date=2023-07-01']
2023-10-20 23:59:03;BNBUSDT;5m;knn;instancehardnessthreshold;1.0;0;72;0.168;0.6207;0.3041;0.3041;quote_asset_volume,number_of_trades,taker_buy_base_asset_volume,taker_buy_quote_asset_volume,rsi,ema_72p,ema_200p;;0.7;False;2023-01-01;2023-07-22 22:10:00;3;True;<< NOT SAVED >>;['-batch-training', '-calc-rsi', '-normalize', '-no-tune', '-n-jobs=20', '-symbol-list=BTCUSDT,ETHUSDT,BNBUSDT,XRPUSDT,ADAUSDT,DOGEUSDT,SOLUSDT,TRXUSDT,DOTUSDT,MATICUSDT,LTCUSDT,BCHUSDT,AVAXUSDT,XLMUSDT,LINKUSDT,XMRUSDT,UNIUSDT,ATOMUSDT', '-interval-list=5m', '-estimator-list=knn', '-stop-loss-list=1.0', '-numeric-features=volume,quote_asset_volume,number_of_trades,taker_buy_base_asset_volume,taker_buy_quote_asset_volume', '-regression-PnL-list=72', '-regression-times-list=0', '-start-train-date=2023-01-01', '-start-test-date=2023-07-01']
2023-10-20 23:13:55;BNBUSDT;5m;knn;instancehardnessthreshold;1.0;0;72;0.2473;0.577;0.3041;0.3041;quote_asset_volume,taker_buy_quote_asset_volume,rsi,ema_72p;;0.7;False;2023-01-01;2023-07-22 22:10:00;3;True;<< NOT SAVED >>;['-batch-training', '-calc-rsi', '-normalize', '-no-tune', '-n-jobs=20', '-symbol-list=BTCUSDT,ETHUSDT,BNBUSDT,XRPUSDT,ADAUSDT,DOGEUSDT,SOLUSDT,TRXUSDT,DOTUSDT,MATICUSDT,LTCUSDT,BCHUSDT,AVAXUSDT,XLMUSDT,LINKUSDT,XMRUSDT,UNIUSDT,ATOMUSDT', '-interval-list=5m', '-estimator-list=knn', '-stop-loss-list=1.0', '-numeric-features=volume,quote_asset_volume,number_of_trades,taker_buy_base_asset_volume,taker_buy_quote_asset_volume', '-regression-PnL-list=72', '-regression-times-list=0', '-start-train-date=2023-01-01', '-start-test-date=2023-07-01']
2023-10-29 17:37:28;BNBUSDT;5m;knn;allknn;1.0;0;72;0.0069;0.6388;0.3049;0.3049;close,number_of_trades;;0.7;False;2023-01-01;2023-07-31 19:40:00;3;True;<< NOT SAVED >>;['-batch-training', '-calc-rsi', '-normalize', '-no-tune', '-n-jobs=20', '-symbol-list=BTCUSDT,ETHUSDT,BNBUSDT,XRPUSDT,ADAUSDT,DOGEUSDT,SOLUSDT,TRXUSDT,DOTUSDT,MATICUSDT,LTCUSDT,BCHUSDT,AVAXUSDT,XLMUSDT,LINKUSDT,XMRUSDT,UNIUSDT,ATOMUSDT', '-interval-list=5m', '-estimator-list=knn', '-stop-loss-list=1.0', '-numeric-features=close,volume,quote_asset_volume,number_of_trades', '-regression-PnL-list=72', '-regression-times-list=0', '-start-train-date=2023-01-01', '-start-test-date=2023-07-01']
2023-10-20 23:43:57;BNBUSDT;5m;knn;instancehardnessthreshold;1.0;0;72;0.189;0.6135;0.3049;0.3049;volume,quote_asset_volume,number_of_trades,taker_buy_base_asset_volume,taker_buy_quote_asset_volume,ema_200p;;0.7;False;2023-01-01;2023-07-22 22:10:00;3;True;<< NOT SAVED >>;['-batch-training', '-calc-rsi', '-normalize', '-no-tune', '-n-jobs=20', '-symbol-list=BTCUSDT,ETHUSDT,BNBUSDT,XRPUSDT,ADAUSDT,DOGEUSDT,SOLUSDT,TRXUSDT,DOTUSDT,MATICUSDT,LTCUSDT,BCHUSDT,AVAXUSDT,XLMUSDT,LINKUSDT,XMRUSDT,UNIUSDT,ATOMUSDT', '-interval-list=5m', '-estimator-list=knn', '-stop-loss-list=1.0', '-numeric-features=volume,quote_asset_volume,number_of_trades,taker_buy_base_asset_volume,taker_buy_quote_asset_volume', '-regression-PnL-list=72', '-regression-times-list=0', '-start-train-date=2023-01-01', '-start-test-date=2023-07-01']
2023-10-20 23:25:33;BNBUSDT;5m;knn;allknn;1.0;0;72;0.0536;0.726;0.3053;0.3053;volume,quote_asset_volume,taker_buy_base_asset_volume,taker_buy_quote_asset_volume,ema_72p;;0.7;False;2023-01-01;2023-07-22 22:10:00;3;True;<< NOT SAVED >>;['-batch-training', '-calc-rsi', '-normalize', '-no-tune', '-n-jobs=20', '-symbol-list=BTCUSDT,ETHUSDT,BNBUSDT,XRPUSDT,ADAUSDT,DOGEUSDT,SOLUSDT,TRXUSDT,DOTUSDT,MATICUSDT,LTCUSDT,BCHUSDT,AVAXUSDT,XLMUSDT,LINKUSDT,XMRUSDT,UNIUSDT,ATOMUSDT', '-interval-list=5m', '-estimator-list=knn', '-stop-loss-list=1.0', '-numeric-features=volume,quote_asset_volume,number_of_trades,taker_buy_base_asset_volume,taker_buy_quote_asset_volume', '-regression-PnL-list=72', '-regression-times-list=0', '-start-train-date=2023-01-01', '-start-test-date=2023-07-01']
2023-10-20 23:28:27;BNBUSDT;5m;knn;instancehardnessthreshold;1.0;0;72;0.2213;0.572;0.3053;0.3053;volume,quote_asset_volume,rsi,ema_72p,ema_200p;;0.7;False;2023-01-01;2023-07-22 22:10:00;3;True;<< NOT SAVED >>;['-batch-training', '-calc-rsi', '-normalize', '-no-tune', '-n-jobs=20', '-symbol-list=BTCUSDT,ETHUSDT,BNBUSDT,XRPUSDT,ADAUSDT,DOGEUSDT,SOLUSDT,TRXUSDT,DOTUSDT,MATICUSDT,LTCUSDT,BCHUSDT,AVAXUSDT,XLMUSDT,LINKUSDT,XMRUSDT,UNIUSDT,ATOMUSDT', '-interval-list=5m', '-estimator-list=knn', '-stop-loss-list=1.0', '-numeric-features=volume,quote_asset_volume,number_of_trades,taker_buy_base_asset_volume,taker_buy_quote_asset_volume', '-regression-PnL-list=72', '-regression-times-list=0', '-start-train-date=2023-01-01', '-start-test-date=2023-07-01']
2023-10-29 17:43:33;BNBUSDT;5m;knn;repeatededitednearestneighbours;1.0;0;72;0.192;0.4682;0.3055;0.3055;close,rsi,ema_72p;;0.7;False;2023-01-01;2023-07-31 19:40:00;3;True;<< NOT SAVED >>;['-batch-training', '-calc-rsi', '-normalize', '-no-tune', '-n-jobs=20', '-symbol-list=BTCUSDT,ETHUSDT,BNBUSDT,XRPUSDT,ADAUSDT,DOGEUSDT,SOLUSDT,TRXUSDT,DOTUSDT,MATICUSDT,LTCUSDT,BCHUSDT,AVAXUSDT,XLMUSDT,LINKUSDT,XMRUSDT,UNIUSDT,ATOMUSDT', '-interval-list=5m', '-estimator-list=knn', '-stop-loss-list=1.0', '-numeric-features=close,volume,quote_asset_volume,number_of_trades', '-regression-PnL-list=72', '-regression-times-list=0', '-start-train-date=2023-01-01', '-start-test-date=2023-07-01']
2023-10-20 22:39:18;BNBUSDT;5m;knn;allknn;1.0;0;72;0.0457;0.7158;0.3057;0.3057;volume,number_of_trades,ema_200p;;0.7;False;2023-01-01;2023-07-22 22:10:00;3;True;<< NOT SAVED >>;['-batch-training', '-calc-rsi', '-normalize', '-no-tune', '-n-jobs=20', '-symbol-list=BTCUSDT,ETHUSDT,BNBUSDT,XRPUSDT,ADAUSDT,DOGEUSDT,SOLUSDT,TRXUSDT,DOTUSDT,MATICUSDT,LTCUSDT,BCHUSDT,AVAXUSDT,XLMUSDT,LINKUSDT,XMRUSDT,UNIUSDT,ATOMUSDT', '-interval-list=5m', '-estimator-list=knn', '-stop-loss-list=1.0', '-numeric-features=volume,quote_asset_volume,number_of_trades,taker_buy_base_asset_volume,taker_buy_quote_asset_volume', '-regression-PnL-list=72', '-regression-times-list=0', '-start-train-date=2023-01-01', '-start-test-date=2023-07-01']
2023-10-20 22:34:16;BNBUSDT;5m;knn;allknn;1.0;0;72;0.0529;0.7095;0.3057;0.3057;taker_buy_quote_asset_volume,ema_72p;;0.7;False;2023-01-01;2023-07-22 22:10:00;3;True;<< NOT SAVED >>;['-batch-training', '-calc-rsi', '-normalize', '-no-tune', '-n-jobs=20', '-symbol-list=BTCUSDT,ETHUSDT,BNBUSDT,XRPUSDT,ADAUSDT,DOGEUSDT,SOLUSDT,TRXUSDT,DOTUSDT,MATICUSDT,LTCUSDT,BCHUSDT,AVAXUSDT,XLMUSDT,LINKUSDT,XMRUSDT,UNIUSDT,ATOMUSDT', '-interval-list=5m', '-estimator-list=knn', '-stop-loss-list=1.0', '-numeric-features=volume,quote_asset_volume,number_of_trades,taker_buy_base_asset_volume,taker_buy_quote_asset_volume', '-regression-PnL-list=72', '-regression-times-list=0', '-start-train-date=2023-01-01', '-start-test-date=2023-07-01']
2023-10-20 23:58:05;BNBUSDT;5m;knn;instancehardnessthreshold;1.0;0;72;0.2086;0.5952;0.3061;0.3061;volume,quote_asset_volume,taker_buy_base_asset_volume,taker_buy_quote_asset_volume,rsi,ema_72p,ema_200p;;0.7;False;2023-01-01;2023-07-22 22:10:00;3;True;<< NOT SAVED >>;['-batch-training', '-calc-rsi', '-normalize', '-no-tune', '-n-jobs=20', '-symbol-list=BTCUSDT,ETHUSDT,BNBUSDT,XRPUSDT,ADAUSDT,DOGEUSDT,SOLUSDT,TRXUSDT,DOTUSDT,MATICUSDT,LTCUSDT,BCHUSDT,AVAXUSDT,XLMUSDT,LINKUSDT,XMRUSDT,UNIUSDT,ATOMUSDT', '-interval-list=5m', '-estimator-list=knn', '-stop-loss-list=1.0', '-numeric-features=volume,quote_asset_volume,number_of_trades,taker_buy_base_asset_volume,taker_buy_quote_asset_volume', '-regression-PnL-list=72', '-regression-times-list=0', '-start-train-date=2023-01-01', '-start-test-date=2023-07-01']
2023-10-20 23:59:41;BNBUSDT;5m;knn;allknn;1.0;0;72;0.0479;0.7196;0.3061;0.3061;volume,quote_asset_volume,number_of_trades,taker_buy_base_asset_volume,taker_buy_quote_asset_volume,rsi,ema_72p,ema_200p;;0.7;False;2023-01-01;2023-07-22 22:10:00;3;True;<< NOT SAVED >>;['-batch-training', '-calc-rsi', '-normalize', '-no-tune', '-n-jobs=20', '-symbol-list=BTCUSDT,ETHUSDT,BNBUSDT,XRPUSDT,ADAUSDT,DOGEUSDT,SOLUSDT,TRXUSDT,DOTUSDT,MATICUSDT,LTCUSDT,BCHUSDT,AVAXUSDT,XLMUSDT,LINKUSDT,XMRUSDT,UNIUSDT,ATOMUSDT', '-interval-list=5m', '-estimator-list=knn', '-stop-loss-list=1.0', '-numeric-features=volume,quote_asset_volume,number_of_trades,taker_buy_base_asset_volume,taker_buy_quote_asset_volume', '-regression-PnL-list=72', '-regression-times-list=0', '-start-train-date=2023-01-01', '-start-test-date=2023-07-01']
2023-10-20 23:54:04;BNBUSDT;5m;knn;allknn;1.0;0;72;0.0571;0.7089;0.3064;0.3064;quote_asset_volume,number_of_trades,taker_buy_base_asset_volume,rsi,ema_72p,ema_200p;;0.7;False;2023-01-01;2023-07-22 22:10:00;3;True;<< NOT SAVED >>;['-batch-training', '-calc-rsi', '-normalize', '-no-tune', '-n-jobs=20', '-symbol-list=BTCUSDT,ETHUSDT,BNBUSDT,XRPUSDT,ADAUSDT,DOGEUSDT,SOLUSDT,TRXUSDT,DOTUSDT,MATICUSDT,LTCUSDT,BCHUSDT,AVAXUSDT,XLMUSDT,LINKUSDT,XMRUSDT,UNIUSDT,ATOMUSDT', '-interval-list=5m', '-estimator-list=knn', '-stop-loss-list=1.0', '-numeric-features=volume,quote_asset_volume,number_of_trades,taker_buy_base_asset_volume,taker_buy_quote_asset_volume', '-regression-PnL-list=72', '-regression-times-list=0', '-start-train-date=2023-01-01', '-start-test-date=2023-07-01']
2023-10-20 23:49:03;BNBUSDT;5m;knn;allknn;1.0;0;72;0.0964;0.6822;0.3064;0.3064;volume,quote_asset_volume,taker_buy_base_asset_volume,rsi,ema_72p,ema_200p;;0.7;False;2023-01-01;2023-07-22 22:10:00;3;True;<< NOT SAVED >>;['-batch-training', '-calc-rsi', '-normalize', '-no-tune', '-n-jobs=20', '-symbol-list=BTCUSDT,ETHUSDT,BNBUSDT,XRPUSDT,ADAUSDT,DOGEUSDT,SOLUSDT,TRXUSDT,DOTUSDT,MATICUSDT,LTCUSDT,BCHUSDT,AVAXUSDT,XLMUSDT,LINKUSDT,XMRUSDT,UNIUSDT,ATOMUSDT', '-interval-list=5m', '-estimator-list=knn', '-stop-loss-list=1.0', '-numeric-features=volume,quote_asset_volume,number_of_trades,taker_buy_base_asset_volume,taker_buy_quote_asset_volume', '-regression-PnL-list=72', '-regression-times-list=0', '-start-train-date=2023-01-01', '-start-test-date=2023-07-01']
2023-10-20 22:40:56;BNBUSDT;5m;knn;instancehardnessthreshold;1.0;0;72;0.3066;0.5045;0.2841;0.3066;volume,taker_buy_quote_asset_volume,rsi;;0.7;False;2023-01-01;2023-07-22 22:10:00;3;True;<< NOT SAVED >>;['-batch-training', '-calc-rsi', '-normalize', '-no-tune', '-n-jobs=20', '-symbol-list=BTCUSDT,ETHUSDT,BNBUSDT,XRPUSDT,ADAUSDT,DOGEUSDT,SOLUSDT,TRXUSDT,DOTUSDT,MATICUSDT,LTCUSDT,BCHUSDT,AVAXUSDT,XLMUSDT,LINKUSDT,XMRUSDT,UNIUSDT,ATOMUSDT', '-interval-list=5m', '-estimator-list=knn', '-stop-loss-list=1.0', '-numeric-features=volume,quote_asset_volume,number_of_trades,taker_buy_base_asset_volume,taker_buy_quote_asset_volume', '-regression-PnL-list=72', '-regression-times-list=0', '-start-train-date=2023-01-01', '-start-test-date=2023-07-01']
2023-10-20 23:07:05;BNBUSDT;5m;knn;allknn;1.0;0;72;0.0732;0.7041;0.3068;0.3068;volume,taker_buy_quote_asset_volume,rsi,ema_200p;;0.7;False;2023-01-01;2023-07-22 22:10:00;3;True;<< NOT SAVED >>;['-batch-training', '-calc-rsi', '-normalize', '-no-tune', '-n-jobs=20', '-symbol-list=BTCUSDT,ETHUSDT,BNBUSDT,XRPUSDT,ADAUSDT,DOGEUSDT,SOLUSDT,TRXUSDT,DOTUSDT,MATICUSDT,LTCUSDT,BCHUSDT,AVAXUSDT,XLMUSDT,LINKUSDT,XMRUSDT,UNIUSDT,ATOMUSDT', '-interval-list=5m', '-estimator-list=knn', '-stop-loss-list=1.0', '-numeric-features=volume,quote_asset_volume,number_of_trades,taker_buy_base_asset_volume,taker_buy_quote_asset_volume', '-regression-PnL-list=72', '-regression-times-list=0', '-start-train-date=2023-01-01', '-start-test-date=2023-07-01']
2023-10-20 23:23:13;BNBUSDT;5m;knn;allknn;1.0;0;72;0.0736;0.7233;0.3072;0.3072;volume,quote_asset_volume,number_of_trades,taker_buy_quote_asset_volume,ema_72p;;0.7;False;2023-01-01;2023-07-22 22:10:00;3;True;<< NOT SAVED >>;['-batch-training', '-calc-rsi', '-normalize', '-no-tune', '-n-jobs=20', '-symbol-list=BTCUSDT,ETHUSDT,BNBUSDT,XRPUSDT,ADAUSDT,DOGEUSDT,SOLUSDT,TRXUSDT,DOTUSDT,MATICUSDT,LTCUSDT,BCHUSDT,AVAXUSDT,XLMUSDT,LINKUSDT,XMRUSDT,UNIUSDT,ATOMUSDT', '-interval-list=5m', '-estimator-list=knn', '-stop-loss-list=1.0', '-numeric-features=volume,quote_asset_volume,number_of_trades,taker_buy_base_asset_volume,taker_buy_quote_asset_volume', '-regression-PnL-list=72', '-regression-times-list=0', '-start-train-date=2023-01-01', '-start-test-date=2023-07-01']
2023-10-20 23:39:56;BNBUSDT;5m;knn;instancehardnessthreshold;1.0;0;72;0.2143;0.5798;0.3072;0.3072;quote_asset_volume,taker_buy_base_asset_volume,rsi,ema_72p,ema_200p;;0.7;False;2023-01-01;2023-07-22 22:10:00;3;True;<< NOT SAVED >>;['-batch-training', '-calc-rsi', '-normalize', '-no-tune', '-n-jobs=20', '-symbol-list=BTCUSDT,ETHUSDT,BNBUSDT,XRPUSDT,ADAUSDT,DOGEUSDT,SOLUSDT,TRXUSDT,DOTUSDT,MATICUSDT,LTCUSDT,BCHUSDT,AVAXUSDT,XLMUSDT,LINKUSDT,XMRUSDT,UNIUSDT,ATOMUSDT', '-interval-list=5m', '-estimator-list=knn', '-stop-loss-list=1.0', '-numeric-features=volume,quote_asset_volume,number_of_trades,taker_buy_base_asset_volume,taker_buy_quote_asset_volume', '-regression-PnL-list=72', '-regression-times-list=0', '-start-train-date=2023-01-01', '-start-test-date=2023-07-01']
2023-10-20 23:02:58;BNBUSDT;5m;knn;allknn;1.0;0;72;0.0396;0.727;0.3076;0.3076;volume,number_of_trades,taker_buy_quote_asset_volume,ema_200p;;0.7;False;2023-01-01;2023-07-22 22:10:00;3;True;<< NOT SAVED >>;['-batch-training', '-calc-rsi', '-normalize', '-no-tune', '-n-jobs=20', '-symbol-list=BTCUSDT,ETHUSDT,BNBUSDT,XRPUSDT,ADAUSDT,DOGEUSDT,SOLUSDT,TRXUSDT,DOTUSDT,MATICUSDT,LTCUSDT,BCHUSDT,AVAXUSDT,XLMUSDT,LINKUSDT,XMRUSDT,UNIUSDT,ATOMUSDT', '-interval-list=5m', '-estimator-list=knn', '-stop-loss-list=1.0', '-numeric-features=volume,quote_asset_volume,number_of_trades,taker_buy_base_asset_volume,taker_buy_quote_asset_volume', '-regression-PnL-list=72', '-regression-times-list=0', '-start-train-date=2023-01-01', '-start-test-date=2023-07-01']
2023-10-29 17:44:49;BNBUSDT;5m;knn;allknn;1.0;0;72;0.0138;0.6255;0.3079;0.3079;close,volume,quote_asset_volume,number_of_trades;;0.7;False;2023-01-01;2023-07-31 19:40:00;3;True;<< NOT SAVED >>;['-batch-training', '-calc-rsi', '-normalize', '-no-tune', '-n-jobs=20', '-symbol-list=BTCUSDT,ETHUSDT,BNBUSDT,XRPUSDT,ADAUSDT,DOGEUSDT,SOLUSDT,TRXUSDT,DOTUSDT,MATICUSDT,LTCUSDT,BCHUSDT,AVAXUSDT,XLMUSDT,LINKUSDT,XMRUSDT,UNIUSDT,ATOMUSDT', '-interval-list=5m', '-estimator-list=knn', '-stop-loss-list=1.0', '-numeric-features=close,volume,quote_asset_volume,number_of_trades', '-regression-PnL-list=72', '-regression-times-list=0', '-start-train-date=2023-01-01', '-start-test-date=2023-07-01']
2023-10-20 22:35:03;BNBUSDT;5m;knn;instancehardnessthreshold;1.0;0;72;0.1138;0.6105;0.308;0.308;rsi,ema_200p;;0.7;False;2023-01-01;2023-07-22 22:10:00;3;True;<< NOT SAVED >>;['-batch-training', '-calc-rsi', '-normalize', '-no-tune', '-n-jobs=20', '-symbol-list=BTCUSDT,ETHUSDT,BNBUSDT,XRPUSDT,ADAUSDT,DOGEUSDT,SOLUSDT,TRXUSDT,DOTUSDT,MATICUSDT,LTCUSDT,BCHUSDT,AVAXUSDT,XLMUSDT,LINKUSDT,XMRUSDT,UNIUSDT,ATOMUSDT', '-interval-list=5m', '-estimator-list=knn', '-stop-loss-list=1.0', '-numeric-features=volume,quote_asset_volume,number_of_trades,taker_buy_base_asset_volume,taker_buy_quote_asset_volume', '-regression-PnL-list=72', '-regression-times-list=0', '-start-train-date=2023-01-01', '-start-test-date=2023-07-01']
2023-10-20 23:42:39;BNBUSDT;5m;knn;instancehardnessthreshold;1.0;0;72;0.2115;0.56;0.3084;0.3084;taker_buy_base_asset_volume,taker_buy_quote_asset_volume,rsi,ema_72p,ema_200p;;0.7;False;2023-01-01;2023-07-22 22:10:00;3;True;<< NOT SAVED >>;['-batch-training', '-calc-rsi', '-normalize', '-no-tune', '-n-jobs=20', '-symbol-list=BTCUSDT,ETHUSDT,BNBUSDT,XRPUSDT,ADAUSDT,DOGEUSDT,SOLUSDT,TRXUSDT,DOTUSDT,MATICUSDT,LTCUSDT,BCHUSDT,AVAXUSDT,XLMUSDT,LINKUSDT,XMRUSDT,UNIUSDT,ATOMUSDT', '-interval-list=5m', '-estimator-list=knn', '-stop-loss-list=1.0', '-numeric-features=volume,quote_asset_volume,number_of_trades,taker_buy_base_asset_volume,taker_buy_quote_asset_volume', '-regression-PnL-list=72', '-regression-times-list=0', '-start-train-date=2023-01-01', '-start-test-date=2023-07-01']
2023-10-20 22:59:14;BNBUSDT;5m;knn;allknn;1.0;0;72;0.0549;0.7215;0.3084;0.3084;volume,quote_asset_volume,taker_buy_quote_asset_volume,ema_200p;;0.7;False;2023-01-01;2023-07-22 22:10:00;3;True;<< NOT SAVED >>;['-batch-training', '-calc-rsi', '-normalize', '-no-tune', '-n-jobs=20', '-symbol-list=BTCUSDT,ETHUSDT,BNBUSDT,XRPUSDT,ADAUSDT,DOGEUSDT,SOLUSDT,TRXUSDT,DOTUSDT,MATICUSDT,LTCUSDT,BCHUSDT,AVAXUSDT,XLMUSDT,LINKUSDT,XMRUSDT,UNIUSDT,ATOMUSDT', '-interval-list=5m', '-estimator-list=knn', '-stop-loss-list=1.0', '-numeric-features=volume,quote_asset_volume,number_of_trades,taker_buy_base_asset_volume,taker_buy_quote_asset_volume', '-regression-PnL-list=72', '-regression-times-list=0', '-start-train-date=2023-01-01', '-start-test-date=2023-07-01']
2023-10-20 23:40:05;BNBUSDT;5m;knn;allknn;1.0;0;72;0.091;0.6862;0.3084;0.3084;quote_asset_volume,taker_buy_base_asset_volume,rsi,ema_72p,ema_200p;;0.7;False;2023-01-01;2023-07-22 22:10:00;3;True;<< NOT SAVED >>;['-batch-training', '-calc-rsi', '-normalize', '-no-tune', '-n-jobs=20', '-symbol-list=BTCUSDT,ETHUSDT,BNBUSDT,XRPUSDT,ADAUSDT,DOGEUSDT,SOLUSDT,TRXUSDT,DOTUSDT,MATICUSDT,LTCUSDT,BCHUSDT,AVAXUSDT,XLMUSDT,LINKUSDT,XMRUSDT,UNIUSDT,ATOMUSDT', '-interval-list=5m', '-estimator-list=knn', '-stop-loss-list=1.0', '-numeric-features=volume,quote_asset_volume,number_of_trades,taker_buy_base_asset_volume,taker_buy_quote_asset_volume', '-regression-PnL-list=72', '-regression-times-list=0', '-start-train-date=2023-01-01', '-start-test-date=2023-07-01']
2023-10-20 22:44:32;BNBUSDT;5m;knn;allknn;1.0;0;72;0.038;0.7268;0.3084;0.3084;quote_asset_volume,number_of_trades,ema_200p;;0.7;False;2023-01-01;2023-07-22 22:10:00;3;True;<< NOT SAVED >>;['-batch-training', '-calc-rsi', '-normalize', '-no-tune', '-n-jobs=20', '-symbol-list=BTCUSDT,ETHUSDT,BNBUSDT,XRPUSDT,ADAUSDT,DOGEUSDT,SOLUSDT,TRXUSDT,DOTUSDT,MATICUSDT,LTCUSDT,BCHUSDT,AVAXUSDT,XLMUSDT,LINKUSDT,XMRUSDT,UNIUSDT,ATOMUSDT', '-interval-list=5m', '-estimator-list=knn', '-stop-loss-list=1.0', '-numeric-features=volume,quote_asset_volume,number_of_trades,taker_buy_base_asset_volume,taker_buy_quote_asset_volume', '-regression-PnL-list=72', '-regression-times-list=0', '-start-train-date=2023-01-01', '-start-test-date=2023-07-01']
2023-10-20 23:12:16;BNBUSDT;5m;knn;allknn;1.0;0;72;0.0539;0.727;0.3088;0.3088;quote_asset_volume,taker_buy_base_asset_volume,taker_buy_quote_asset_volume,ema_72p;;0.7;False;2023-01-01;2023-07-22 22:10:00;3;True;<< NOT SAVED >>;['-batch-training', '-calc-rsi', '-normalize', '-no-tune', '-n-jobs=20', '-symbol-list=BTCUSDT,ETHUSDT,BNBUSDT,XRPUSDT,ADAUSDT,DOGEUSDT,SOLUSDT,TRXUSDT,DOTUSDT,MATICUSDT,LTCUSDT,BCHUSDT,AVAXUSDT,XLMUSDT,LINKUSDT,XMRUSDT,UNIUSDT,ATOMUSDT', '-interval-list=5m', '-estimator-list=knn', '-stop-loss-list=1.0', '-numeric-features=volume,quote_asset_volume,number_of_trades,taker_buy_base_asset_volume,taker_buy_quote_asset_volume', '-regression-PnL-list=72', '-regression-times-list=0', '-start-train-date=2023-01-01', '-start-test-date=2023-07-01']
2023-10-20 23:58:34;BNBUSDT;5m;knn;instancehardnessthreshold;1.0;0;72;0.175;0.612;0.3088;0.3088;volume,number_of_trades,taker_buy_base_asset_volume,taker_buy_quote_asset_volume,rsi,ema_72p,ema_200p;;0.7;False;2023-01-01;2023-07-22 22:10:00;3;True;<< NOT SAVED >>;['-batch-training', '-calc-rsi', '-normalize', '-no-tune', '-n-jobs=20', '-symbol-list=BTCUSDT,ETHUSDT,BNBUSDT,XRPUSDT,ADAUSDT,DOGEUSDT,SOLUSDT,TRXUSDT,DOTUSDT,MATICUSDT,LTCUSDT,BCHUSDT,AVAXUSDT,XLMUSDT,LINKUSDT,XMRUSDT,UNIUSDT,ATOMUSDT', '-interval-list=5m', '-estimator-list=knn', '-stop-loss-list=1.0', '-numeric-features=volume,quote_asset_volume,number_of_trades,taker_buy_base_asset_volume,taker_buy_quote_asset_volume', '-regression-PnL-list=72', '-regression-times-list=0', '-start-train-date=2023-01-01', '-start-test-date=2023-07-01']
2023-10-20 23:00:30;BNBUSDT;5m;knn;instancehardnessthreshold;1.0;0;72;0.3088;0.5388;0.2555;0.3088;volume,number_of_trades,taker_buy_base_asset_volume,taker_buy_quote_asset_volume;;0.7;False;2023-01-01;2023-07-22 22:10:00;3;True;<< NOT SAVED >>;['-batch-training', '-calc-rsi', '-normalize', '-no-tune', '-n-jobs=20', '-symbol-list=BTCUSDT,ETHUSDT,BNBUSDT,XRPUSDT,ADAUSDT,DOGEUSDT,SOLUSDT,TRXUSDT,DOTUSDT,MATICUSDT,LTCUSDT,BCHUSDT,AVAXUSDT,XLMUSDT,LINKUSDT,XMRUSDT,UNIUSDT,ATOMUSDT', '-interval-list=5m', '-estimator-list=knn', '-stop-loss-list=1.0', '-numeric-features=volume,quote_asset_volume,number_of_trades,taker_buy_base_asset_volume,taker_buy_quote_asset_volume', '-regression-PnL-list=72', '-regression-times-list=0', '-start-train-date=2023-01-01', '-start-test-date=2023-07-01']
2023-10-20 22:49:00;BNBUSDT;5m;knn;allknn;1.0;0;72;0.0612;0.7177;0.3091;0.3091;number_of_trades,taker_buy_base_asset_volume,ema_72p;;0.7;False;2023-01-01;2023-07-22 22:10:00;3;True;<< NOT SAVED >>;['-batch-training', '-calc-rsi', '-normalize', '-no-tune', '-n-jobs=20', '-symbol-list=BTCUSDT,ETHUSDT,BNBUSDT,XRPUSDT,ADAUSDT,DOGEUSDT,SOLUSDT,TRXUSDT,DOTUSDT,MATICUSDT,LTCUSDT,BCHUSDT,AVAXUSDT,XLMUSDT,LINKUSDT,XMRUSDT,UNIUSDT,ATOMUSDT', '-interval-list=5m', '-estimator-list=knn', '-stop-loss-list=1.0', '-numeric-features=volume,quote_asset_volume,number_of_trades,taker_buy_base_asset_volume,taker_buy_quote_asset_volume', '-regression-PnL-list=72', '-regression-times-list=0', '-start-train-date=2023-01-01', '-start-test-date=2023-07-01']
2023-10-20 23:07:38;BNBUSDT;5m;knn;instancehardnessthreshold;1.0;0;72;0.176;0.5836;0.3095;0.3095;volume,rsi,ema_72p,ema_200p;;0.7;False;2023-01-01;2023-07-22 22:10:00;3;True;<< NOT SAVED >>;['-batch-training', '-calc-rsi', '-normalize', '-no-tune', '-n-jobs=20', '-symbol-list=BTCUSDT,ETHUSDT,BNBUSDT,XRPUSDT,ADAUSDT,DOGEUSDT,SOLUSDT,TRXUSDT,DOTUSDT,MATICUSDT,LTCUSDT,BCHUSDT,AVAXUSDT,XLMUSDT,LINKUSDT,XMRUSDT,UNIUSDT,ATOMUSDT', '-interval-list=5m', '-estimator-list=knn', '-stop-loss-list=1.0', '-numeric-features=volume,quote_asset_volume,number_of_trades,taker_buy_base_asset_volume,taker_buy_quote_asset_volume', '-regression-PnL-list=72', '-regression-times-list=0', '-start-train-date=2023-01-01', '-start-test-date=2023-07-01']
2023-10-20 23:32:54;BNBUSDT;5m;knn;instancehardnessthreshold;1.0;0;72;0.2714;0.5687;0.3095;0.3095;volume,taker_buy_base_asset_volume,taker_buy_quote_asset_volume,rsi,ema_72p;;0.7;False;2023-01-01;2023-07-22 22:10:00;3;True;<< NOT SAVED >>;['-batch-training', '-calc-rsi', '-normalize', '-no-tune', '-n-jobs=20', '-symbol-list=BTCUSDT,ETHUSDT,BNBUSDT,XRPUSDT,ADAUSDT,DOGEUSDT,SOLUSDT,TRXUSDT,DOTUSDT,MATICUSDT,LTCUSDT,BCHUSDT,AVAXUSDT,XLMUSDT,LINKUSDT,XMRUSDT,UNIUSDT,ATOMUSDT', '-interval-list=5m', '-estimator-list=knn', '-stop-loss-list=1.0', '-numeric-features=volume,quote_asset_volume,number_of_trades,taker_buy_base_asset_volume,taker_buy_quote_asset_volume', '-regression-PnL-list=72', '-regression-times-list=0', '-start-train-date=2023-01-01', '-start-test-date=2023-07-01']
2023-10-20 23:09:18;BNBUSDT;5m;knn;allknn;1.0;0;72;0.0536;0.7265;0.3095;0.3095;quote_asset_volume,number_of_trades,taker_buy_base_asset_volume,ema_200p;;0.7;False;2023-01-01;2023-07-22 22:10:00;3;True;<< NOT SAVED >>;['-batch-training', '-calc-rsi', '-normalize', '-no-tune', '-n-jobs=20', '-symbol-list=BTCUSDT,ETHUSDT,BNBUSDT,XRPUSDT,ADAUSDT,DOGEUSDT,SOLUSDT,TRXUSDT,DOTUSDT,MATICUSDT,LTCUSDT,BCHUSDT,AVAXUSDT,XLMUSDT,LINKUSDT,XMRUSDT,UNIUSDT,ATOMUSDT', '-interval-list=5m', '-estimator-list=knn', '-stop-loss-list=1.0', '-numeric-features=volume,quote_asset_volume,number_of_trades,taker_buy_base_asset_volume,taker_buy_quote_asset_volume', '-regression-PnL-list=72', '-regression-times-list=0', '-start-train-date=2023-01-01', '-start-test-date=2023-07-01']
2023-10-20 23:51:51;BNBUSDT;5m;knn;allknn;1.0;0;72;0.046;0.6997;0.3099;0.3099;volume,number_of_trades,taker_buy_quote_asset_volume,rsi,ema_72p,ema_200p;;0.7;False;2023-01-01;2023-07-22 22:10:00;3;True;<< NOT SAVED >>;['-batch-training', '-calc-rsi', '-normalize', '-no-tune', '-n-jobs=20', '-symbol-list=BTCUSDT,ETHUSDT,BNBUSDT,XRPUSDT,ADAUSDT,DOGEUSDT,SOLUSDT,TRXUSDT,DOTUSDT,MATICUSDT,LTCUSDT,BCHUSDT,AVAXUSDT,XLMUSDT,LINKUSDT,XMRUSDT,UNIUSDT,ATOMUSDT', '-interval-list=5m', '-estimator-list=knn', '-stop-loss-list=1.0', '-numeric-features=volume,quote_asset_volume,number_of_trades,taker_buy_base_asset_volume,taker_buy_quote_asset_volume', '-regression-PnL-list=72', '-regression-times-list=0', '-start-train-date=2023-01-01', '-start-test-date=2023-07-01']
2023-10-20 22:44:12;BNBUSDT;5m;knn;allknn;1.0;0;72;0.0355;0.7187;0.3099;0.3099;quote_asset_volume,number_of_trades,ema_72p;;0.7;False;2023-01-01;2023-07-22 22:10:00;3;True;<< NOT SAVED >>;['-batch-training', '-calc-rsi', '-normalize', '-no-tune', '-n-jobs=20', '-symbol-list=BTCUSDT,ETHUSDT,BNBUSDT,XRPUSDT,ADAUSDT,DOGEUSDT,SOLUSDT,TRXUSDT,DOTUSDT,MATICUSDT,LTCUSDT,BCHUSDT,AVAXUSDT,XLMUSDT,LINKUSDT,XMRUSDT,UNIUSDT,ATOMUSDT', '-interval-list=5m', '-estimator-list=knn', '-stop-loss-list=1.0', '-numeric-features=volume,quote_asset_volume,number_of_trades,taker_buy_base_asset_volume,taker_buy_quote_asset_volume', '-regression-PnL-list=72', '-regression-times-list=0', '-start-train-date=2023-01-01', '-start-test-date=2023-07-01']
2023-10-20 23:29:46;BNBUSDT;5m;knn;allknn;1.0;0;72;0.0453;0.7207;0.3099;0.3099;volume,number_of_trades,taker_buy_base_asset_volume,taker_buy_quote_asset_volume,ema_200p;;0.7;False;2023-01-01;2023-07-22 22:10:00;3;True;<< NOT SAVED >>;['-batch-training', '-calc-rsi', '-normalize', '-no-tune', '-n-jobs=20', '-symbol-list=BTCUSDT,ETHUSDT,BNBUSDT,XRPUSDT,ADAUSDT,DOGEUSDT,SOLUSDT,TRXUSDT,DOTUSDT,MATICUSDT,LTCUSDT,BCHUSDT,AVAXUSDT,XLMUSDT,LINKUSDT,XMRUSDT,UNIUSDT,ATOMUSDT', '-interval-list=5m', '-estimator-list=knn', '-stop-loss-list=1.0', '-numeric-features=volume,quote_asset_volume,number_of_trades,taker_buy_base_asset_volume,taker_buy_quote_asset_volume', '-regression-PnL-list=72', '-regression-times-list=0', '-start-train-date=2023-01-01', '-start-test-date=2023-07-01']
2023-10-20 22:25:12;BNBUSDT;5m;knn;repeatededitednearestneighbours;1.0;0;72;0.025;0.6937;0.3099;0.3099;number_of_trades;;0.7;False;2023-01-01;2023-07-22 22:10:00;3;True;<< NOT SAVED >>;['-batch-training', '-calc-rsi', '-normalize', '-no-tune', '-n-jobs=20', '-symbol-list=BTCUSDT,ETHUSDT,BNBUSDT,XRPUSDT,ADAUSDT,DOGEUSDT,SOLUSDT,TRXUSDT,DOTUSDT,MATICUSDT,LTCUSDT,BCHUSDT,AVAXUSDT,XLMUSDT,LINKUSDT,XMRUSDT,UNIUSDT,ATOMUSDT', '-interval-list=5m', '-estimator-list=knn', '-stop-loss-list=1.0', '-numeric-features=volume,quote_asset_volume,number_of_trades,taker_buy_base_asset_volume,taker_buy_quote_asset_volume', '-regression-PnL-list=72', '-regression-times-list=0', '-start-train-date=2023-01-01', '-start-test-date=2023-07-01']
2023-10-29 17:41:07;BNBUSDT;5m;knn;instancehardnessthreshold;1.0;0;72;0.0646;0.6097;0.31;0.31;close,quote_asset_volume,rsi;;0.7;False;2023-01-01;2023-07-31 19:40:00;3;True;<< NOT SAVED >>;['-batch-training', '-calc-rsi', '-normalize', '-no-tune', '-n-jobs=20', '-symbol-list=BTCUSDT,ETHUSDT,BNBUSDT,XRPUSDT,ADAUSDT,DOGEUSDT,SOLUSDT,TRXUSDT,DOTUSDT,MATICUSDT,LTCUSDT,BCHUSDT,AVAXUSDT,XLMUSDT,LINKUSDT,XMRUSDT,UNIUSDT,ATOMUSDT', '-interval-list=5m', '-estimator-list=knn', '-stop-loss-list=1.0', '-numeric-features=close,volume,quote_asset_volume,number_of_trades', '-regression-PnL-list=72', '-regression-times-list=0', '-start-train-date=2023-01-01', '-start-test-date=2023-07-01']
2023-10-20 22:29:23;BNBUSDT;5m;knn;instancehardnessthreshold;1.0;0;72;0.3101;0.4958;0.286;0.3101;quote_asset_volume,taker_buy_base_asset_volume;;0.7;False;2023-01-01;2023-07-22 22:10:00;3;True;<< NOT SAVED >>;['-batch-training', '-calc-rsi', '-normalize', '-no-tune', '-n-jobs=20', '-symbol-list=BTCUSDT,ETHUSDT,BNBUSDT,XRPUSDT,ADAUSDT,DOGEUSDT,SOLUSDT,TRXUSDT,DOTUSDT,MATICUSDT,LTCUSDT,BCHUSDT,AVAXUSDT,XLMUSDT,LINKUSDT,XMRUSDT,UNIUSDT,ATOMUSDT', '-interval-list=5m', '-estimator-list=knn', '-stop-loss-list=1.0', '-numeric-features=volume,quote_asset_volume,number_of_trades,taker_buy_base_asset_volume,taker_buy_quote_asset_volume', '-regression-PnL-list=72', '-regression-times-list=0', '-start-train-date=2023-01-01', '-start-test-date=2023-07-01']
2023-10-20 22:46:37;BNBUSDT;5m;knn;allknn;1.0;0;72;0.0539;0.719;0.3103;0.3103;quote_asset_volume,taker_buy_quote_asset_volume,ema_72p;;0.7;False;2023-01-01;2023-07-22 22:10:00;3;True;<< NOT SAVED >>;['-batch-training', '-calc-rsi', '-normalize', '-no-tune', '-n-jobs=20', '-symbol-list=BTCUSDT,ETHUSDT,BNBUSDT,XRPUSDT,ADAUSDT,DOGEUSDT,SOLUSDT,TRXUSDT,DOTUSDT,MATICUSDT,LTCUSDT,BCHUSDT,AVAXUSDT,XLMUSDT,LINKUSDT,XMRUSDT,UNIUSDT,ATOMUSDT', '-interval-list=5m', '-estimator-list=knn', '-stop-loss-list=1.0', '-numeric-features=volume,quote_asset_volume,number_of_trades,taker_buy_base_asset_volume,taker_buy_quote_asset_volume', '-regression-PnL-list=72', '-regression-times-list=0', '-start-train-date=2023-01-01', '-start-test-date=2023-07-01']
2023-10-20 22:54:50;BNBUSDT;5m;knn;allknn;1.0;0;72;0.0751;0.6709;0.3107;0.3107;rsi,ema_72p,ema_200p;;0.7;False;2023-01-01;2023-07-22 22:10:00;3;True;<< NOT SAVED >>;['-batch-training', '-calc-rsi', '-normalize', '-no-tune', '-n-jobs=20', '-symbol-list=BTCUSDT,ETHUSDT,BNBUSDT,XRPUSDT,ADAUSDT,DOGEUSDT,SOLUSDT,TRXUSDT,DOTUSDT,MATICUSDT,LTCUSDT,BCHUSDT,AVAXUSDT,XLMUSDT,LINKUSDT,XMRUSDT,UNIUSDT,ATOMUSDT', '-interval-list=5m', '-estimator-list=knn', '-stop-loss-list=1.0', '-numeric-features=volume,quote_asset_volume,number_of_trades,taker_buy_base_asset_volume,taker_buy_quote_asset_volume', '-regression-PnL-list=72', '-regression-times-list=0', '-start-train-date=2023-01-01', '-start-test-date=2023-07-01']
2023-10-20 22:34:34;BNBUSDT;5m;knn;allknn;1.0;0;72;0.0609;0.6991;0.3107;0.3107;taker_buy_quote_asset_volume,ema_200p;;0.7;False;2023-01-01;2023-07-22 22:10:00;3;True;<< NOT SAVED >>;['-batch-training', '-calc-rsi', '-normalize', '-no-tune', '-n-jobs=20', '-symbol-list=BTCUSDT,ETHUSDT,BNBUSDT,XRPUSDT,ADAUSDT,DOGEUSDT,SOLUSDT,TRXUSDT,DOTUSDT,MATICUSDT,LTCUSDT,BCHUSDT,AVAXUSDT,XLMUSDT,LINKUSDT,XMRUSDT,UNIUSDT,ATOMUSDT', '-interval-list=5m', '-estimator-list=knn', '-stop-loss-list=1.0', '-numeric-features=volume,quote_asset_volume,number_of_trades,taker_buy_base_asset_volume,taker_buy_quote_asset_volume', '-regression-PnL-list=72', '-regression-times-list=0', '-start-train-date=2023-01-01', '-start-test-date=2023-07-01']
2023-10-20 22:50:22;BNBUSDT;5m;knn;allknn;1.0;0;72;0.0374;0.7321;0.3107;0.3107;number_of_trades,taker_buy_quote_asset_volume,ema_200p;;0.7;False;2023-01-01;2023-07-22 22:10:00;3;True;<< NOT SAVED >>;['-batch-training', '-calc-rsi', '-normalize', '-no-tune', '-n-jobs=20', '-symbol-list=BTCUSDT,ETHUSDT,BNBUSDT,XRPUSDT,ADAUSDT,DOGEUSDT,SOLUSDT,TRXUSDT,DOTUSDT,MATICUSDT,LTCUSDT,BCHUSDT,AVAXUSDT,XLMUSDT,LINKUSDT,XMRUSDT,UNIUSDT,ATOMUSDT', '-interval-list=5m', '-estimator-list=knn', '-stop-loss-list=1.0', '-numeric-features=volume,quote_asset_volume,number_of_trades,taker_buy_base_asset_volume,taker_buy_quote_asset_volume', '-regression-PnL-list=72', '-regression-times-list=0', '-start-train-date=2023-01-01', '-start-test-date=2023-07-01']
2023-10-20 22:44:44;BNBUSDT;5m;knn;instancehardnessthreshold;1.0;0;72;0.3107;0.4919;0.2841;0.3107;quote_asset_volume,taker_buy_base_asset_volume,taker_buy_quote_asset_volume;;0.7;False;2023-01-01;2023-07-22 22:10:00;3;True;<< NOT SAVED >>;['-batch-training', '-calc-rsi', '-normalize', '-no-tune', '-n-jobs=20', '-symbol-list=BTCUSDT,ETHUSDT,BNBUSDT,XRPUSDT,ADAUSDT,DOGEUSDT,SOLUSDT,TRXUSDT,DOTUSDT,MATICUSDT,LTCUSDT,BCHUSDT,AVAXUSDT,XLMUSDT,LINKUSDT,XMRUSDT,UNIUSDT,ATOMUSDT', '-interval-list=5m', '-estimator-list=knn', '-stop-loss-list=1.0', '-numeric-features=volume,quote_asset_volume,number_of_trades,taker_buy_base_asset_volume,taker_buy_quote_asset_volume', '-regression-PnL-list=72', '-regression-times-list=0', '-start-train-date=2023-01-01', '-start-test-date=2023-07-01']
2023-10-20 23:34:50;BNBUSDT;5m;knn;instancehardnessthreshold;1.0;0;72;0.311;0.5433;0.2431;0.311;quote_asset_volume,number_of_trades,taker_buy_base_asset_volume,taker_buy_quote_asset_volume,rsi;;0.7;False;2023-01-01;2023-07-22 22:10:00;3;True;<< NOT SAVED >>;['-batch-training', '-calc-rsi', '-normalize', '-no-tune', '-n-jobs=20', '-symbol-list=BTCUSDT,ETHUSDT,BNBUSDT,XRPUSDT,ADAUSDT,DOGEUSDT,SOLUSDT,TRXUSDT,DOTUSDT,MATICUSDT,LTCUSDT,BCHUSDT,AVAXUSDT,XLMUSDT,LINKUSDT,XMRUSDT,UNIUSDT,ATOMUSDT', '-interval-list=5m', '-estimator-list=knn', '-stop-loss-list=1.0', '-numeric-features=volume,quote_asset_volume,number_of_trades,taker_buy_base_asset_volume,taker_buy_quote_asset_volume', '-regression-PnL-list=72', '-regression-times-list=0', '-start-train-date=2023-01-01', '-start-test-date=2023-07-01']
2023-10-20 23:29:23;BNBUSDT;5m;knn;allknn;1.0;0;72;0.0663;0.7157;0.3111;0.3111;volume,number_of_trades,taker_buy_base_asset_volume,taker_buy_quote_asset_volume,ema_72p;;0.7;False;2023-01-01;2023-07-22 22:10:00;3;True;<< NOT SAVED >>;['-batch-training', '-calc-rsi', '-normalize', '-no-tune', '-n-jobs=20', '-symbol-list=BTCUSDT,ETHUSDT,BNBUSDT,XRPUSDT,ADAUSDT,DOGEUSDT,SOLUSDT,TRXUSDT,DOTUSDT,MATICUSDT,LTCUSDT,BCHUSDT,AVAXUSDT,XLMUSDT,LINKUSDT,XMRUSDT,UNIUSDT,ATOMUSDT', '-interval-list=5m', '-estimator-list=knn', '-stop-loss-list=1.0', '-numeric-features=volume,quote_asset_volume,number_of_trades,taker_buy_base_asset_volume,taker_buy_quote_asset_volume', '-regression-PnL-list=72', '-regression-times-list=0', '-start-train-date=2023-01-01', '-start-test-date=2023-07-01']
2023-10-20 23:16:17;BNBUSDT;5m;knn;allknn;1.0;0;72;0.0596;0.7159;0.3111;0.3111;number_of_trades,taker_buy_base_asset_volume,taker_buy_quote_asset_volume,ema_200p;;0.7;False;2023-01-01;2023-07-22 22:10:00;3;True;<< NOT SAVED >>;['-batch-training', '-calc-rsi', '-normalize', '-no-tune', '-n-jobs=20', '-symbol-list=BTCUSDT,ETHUSDT,BNBUSDT,XRPUSDT,ADAUSDT,DOGEUSDT,SOLUSDT,TRXUSDT,DOTUSDT,MATICUSDT,LTCUSDT,BCHUSDT,AVAXUSDT,XLMUSDT,LINKUSDT,XMRUSDT,UNIUSDT,ATOMUSDT', '-interval-list=5m', '-estimator-list=knn', '-stop-loss-list=1.0', '-numeric-features=volume,quote_asset_volume,number_of_trades,taker_buy_base_asset_volume,taker_buy_quote_asset_volume', '-regression-PnL-list=72', '-regression-times-list=0', '-start-train-date=2023-01-01', '-start-test-date=2023-07-01']
2023-10-20 23:52:07;BNBUSDT;5m;knn;instancehardnessthreshold;1.0;0;72;0.189;0.5953;0.3115;0.3115;volume,taker_buy_base_asset_volume,taker_buy_quote_asset_volume,rsi,ema_72p,ema_200p;;0.7;False;2023-01-01;2023-07-22 22:10:00;3;True;<< NOT SAVED >>;['-batch-training', '-calc-rsi', '-normalize', '-no-tune', '-n-jobs=20', '-symbol-list=BTCUSDT,ETHUSDT,BNBUSDT,XRPUSDT,ADAUSDT,DOGEUSDT,SOLUSDT,TRXUSDT,DOTUSDT,MATICUSDT,LTCUSDT,BCHUSDT,AVAXUSDT,XLMUSDT,LINKUSDT,XMRUSDT,UNIUSDT,ATOMUSDT', '-interval-list=5m', '-estimator-list=knn', '-stop-loss-list=1.0', '-numeric-features=volume,quote_asset_volume,number_of_trades,taker_buy_base_asset_volume,taker_buy_quote_asset_volume', '-regression-PnL-list=72', '-regression-times-list=0', '-start-train-date=2023-01-01', '-start-test-date=2023-07-01']
2023-10-20 23:07:48;BNBUSDT;5m;knn;allknn;1.0;0;72;0.0821;0.6799;0.3118;0.3118;volume,rsi,ema_72p,ema_200p;;0.7;False;2023-01-01;2023-07-22 22:10:00;3;True;<< NOT SAVED >>;['-batch-training', '-calc-rsi', '-normalize', '-no-tune', '-n-jobs=20', '-symbol-list=BTCUSDT,ETHUSDT,BNBUSDT,XRPUSDT,ADAUSDT,DOGEUSDT,SOLUSDT,TRXUSDT,DOTUSDT,MATICUSDT,LTCUSDT,BCHUSDT,AVAXUSDT,XLMUSDT,LINKUSDT,XMRUSDT,UNIUSDT,ATOMUSDT', '-interval-list=5m', '-estimator-list=knn', '-stop-loss-list=1.0', '-numeric-features=volume,quote_asset_volume,number_of_trades,taker_buy_base_asset_volume,taker_buy_quote_asset_volume', '-regression-PnL-list=72', '-regression-times-list=0', '-start-train-date=2023-01-01', '-start-test-date=2023-07-01']
2023-10-20 23:33:04;BNBUSDT;5m;knn;allknn;1.0;0;72;0.071;0.6986;0.3122;0.3122;volume,taker_buy_base_asset_volume,taker_buy_quote_asset_volume,rsi,ema_72p;;0.7;False;2023-01-01;2023-07-22 22:10:00;3;True;<< NOT SAVED >>;['-batch-training', '-calc-rsi', '-normalize', '-no-tune', '-n-jobs=20', '-symbol-list=BTCUSDT,ETHUSDT,BNBUSDT,XRPUSDT,ADAUSDT,DOGEUSDT,SOLUSDT,TRXUSDT,DOTUSDT,MATICUSDT,LTCUSDT,BCHUSDT,AVAXUSDT,XLMUSDT,LINKUSDT,XMRUSDT,UNIUSDT,ATOMUSDT', '-interval-list=5m', '-estimator-list=knn', '-stop-loss-list=1.0', '-numeric-features=volume,quote_asset_volume,number_of_trades,taker_buy_base_asset_volume,taker_buy_quote_asset_volume', '-regression-PnL-list=72', '-regression-times-list=0', '-start-train-date=2023-01-01', '-start-test-date=2023-07-01']
2023-10-20 22:56:40;BNBUSDT;5m;knn;allknn;1.0;0;72;0.0755;0.7128;0.3126;0.3126;volume,quote_asset_volume,number_of_trades,ema_200p;;0.7;False;2023-01-01;2023-07-22 22:10:00;3;True;<< NOT SAVED >>;['-batch-training', '-calc-rsi', '-normalize', '-no-tune', '-n-jobs=20', '-symbol-list=BTCUSDT,ETHUSDT,BNBUSDT,XRPUSDT,ADAUSDT,DOGEUSDT,SOLUSDT,TRXUSDT,DOTUSDT,MATICUSDT,LTCUSDT,BCHUSDT,AVAXUSDT,XLMUSDT,LINKUSDT,XMRUSDT,UNIUSDT,ATOMUSDT', '-interval-list=5m', '-estimator-list=knn', '-stop-loss-list=1.0', '-numeric-features=volume,quote_asset_volume,number_of_trades,taker_buy_base_asset_volume,taker_buy_quote_asset_volume', '-regression-PnL-list=72', '-regression-times-list=0', '-start-train-date=2023-01-01', '-start-test-date=2023-07-01']
2023-10-29 17:46:14;BNBUSDT;5m;knn;instancehardnessthreshold;1.0;0;72;0.0986;0.6193;0.313;0.313;close,volume,number_of_trades,rsi;;0.7;False;2023-01-01;2023-07-31 19:40:00;3;True;<< NOT SAVED >>;['-batch-training', '-calc-rsi', '-normalize', '-no-tune', '-n-jobs=20', '-symbol-list=BTCUSDT,ETHUSDT,BNBUSDT,XRPUSDT,ADAUSDT,DOGEUSDT,SOLUSDT,TRXUSDT,DOTUSDT,MATICUSDT,LTCUSDT,BCHUSDT,AVAXUSDT,XLMUSDT,LINKUSDT,XMRUSDT,UNIUSDT,ATOMUSDT', '-interval-list=5m', '-estimator-list=knn', '-stop-loss-list=1.0', '-numeric-features=close,volume,quote_asset_volume,number_of_trades', '-regression-PnL-list=72', '-regression-times-list=0', '-start-train-date=2023-01-01', '-start-test-date=2023-07-01']
2023-10-20 23:43:06;BNBUSDT;5m;knn;instancehardnessthreshold;1.0;0;72;0.3136;0.5518;0.2308;0.3136;volume,quote_asset_volume,number_of_trades,taker_buy_base_asset_volume,taker_buy_quote_asset_volume,rsi;;0.7;False;2023-01-01;2023-07-22 22:10:00;3;True;<< NOT SAVED >>;['-batch-training', '-calc-rsi', '-normalize', '-no-tune', '-n-jobs=20', '-symbol-list=BTCUSDT,ETHUSDT,BNBUSDT,XRPUSDT,ADAUSDT,DOGEUSDT,SOLUSDT,TRXUSDT,DOTUSDT,MATICUSDT,LTCUSDT,BCHUSDT,AVAXUSDT,XLMUSDT,LINKUSDT,XMRUSDT,UNIUSDT,ATOMUSDT', '-interval-list=5m', '-estimator-list=knn', '-stop-loss-list=1.0', '-numeric-features=volume,quote_asset_volume,number_of_trades,taker_buy_base_asset_volume,taker_buy_quote_asset_volume', '-regression-PnL-list=72', '-regression-times-list=0', '-start-train-date=2023-01-01', '-start-test-date=2023-07-01']
2023-10-20 23:08:56;BNBUSDT;5m;knn;allknn;1.0;0;72;0.0612;0.7219;0.3138;0.3138;quote_asset_volume,number_of_trades,taker_buy_base_asset_volume,ema_72p;;0.7;False;2023-01-01;2023-07-22 22:10:00;3;True;<< NOT SAVED >>;['-batch-training', '-calc-rsi', '-normalize', '-no-tune', '-n-jobs=20', '-symbol-list=BTCUSDT,ETHUSDT,BNBUSDT,XRPUSDT,ADAUSDT,DOGEUSDT,SOLUSDT,TRXUSDT,DOTUSDT,MATICUSDT,LTCUSDT,BCHUSDT,AVAXUSDT,XLMUSDT,LINKUSDT,XMRUSDT,UNIUSDT,ATOMUSDT', '-interval-list=5m', '-estimator-list=knn', '-stop-loss-list=1.0', '-numeric-features=volume,quote_asset_volume,number_of_trades,taker_buy_base_asset_volume,taker_buy_quote_asset_volume', '-regression-PnL-list=72', '-regression-times-list=0', '-start-train-date=2023-01-01', '-start-test-date=2023-07-01']
2023-10-20 23:38:34;BNBUSDT;5m;knn;allknn;1.0;0;72;0.0523;0.6961;0.3138;0.3138;quote_asset_volume,number_of_trades,rsi,ema_72p,ema_200p;;0.7;False;2023-01-01;2023-07-22 22:10:00;3;True;<< NOT SAVED >>;['-batch-training', '-calc-rsi', '-normalize', '-no-tune', '-n-jobs=20', '-symbol-list=BTCUSDT,ETHUSDT,BNBUSDT,XRPUSDT,ADAUSDT,DOGEUSDT,SOLUSDT,TRXUSDT,DOTUSDT,MATICUSDT,LTCUSDT,BCHUSDT,AVAXUSDT,XLMUSDT,LINKUSDT,XMRUSDT,UNIUSDT,ATOMUSDT', '-interval-list=5m', '-estimator-list=knn', '-stop-loss-list=1.0', '-numeric-features=volume,quote_asset_volume,number_of_trades,taker_buy_base_asset_volume,taker_buy_quote_asset_volume', '-regression-PnL-list=72', '-regression-times-list=0', '-start-train-date=2023-01-01', '-start-test-date=2023-07-01']
2023-10-20 23:15:12;BNBUSDT;5m;knn;allknn;1.0;0;72;0.0615;0.6725;0.3142;0.3142;quote_asset_volume,rsi,ema_72p,ema_200p;;0.7;False;2023-01-01;2023-07-22 22:10:00;3;True;<< NOT SAVED >>;['-batch-training', '-calc-rsi', '-normalize', '-no-tune', '-n-jobs=20', '-symbol-list=BTCUSDT,ETHUSDT,BNBUSDT,XRPUSDT,ADAUSDT,DOGEUSDT,SOLUSDT,TRXUSDT,DOTUSDT,MATICUSDT,LTCUSDT,BCHUSDT,AVAXUSDT,XLMUSDT,LINKUSDT,XMRUSDT,UNIUSDT,ATOMUSDT', '-interval-list=5m', '-estimator-list=knn', '-stop-loss-list=1.0', '-numeric-features=volume,quote_asset_volume,number_of_trades,taker_buy_base_asset_volume,taker_buy_quote_asset_volume', '-regression-PnL-list=72', '-regression-times-list=0', '-start-train-date=2023-01-01', '-start-test-date=2023-07-01']
2023-10-20 23:28:36;BNBUSDT;5m;knn;allknn;1.0;0;72;0.0774;0.6823;0.3142;0.3142;volume,quote_asset_volume,rsi,ema_72p,ema_200p;;0.7;False;2023-01-01;2023-07-22 22:10:00;3;True;<< NOT SAVED >>;['-batch-training', '-calc-rsi', '-normalize', '-no-tune', '-n-jobs=20', '-symbol-list=BTCUSDT,ETHUSDT,BNBUSDT,XRPUSDT,ADAUSDT,DOGEUSDT,SOLUSDT,TRXUSDT,DOTUSDT,MATICUSDT,LTCUSDT,BCHUSDT,AVAXUSDT,XLMUSDT,LINKUSDT,XMRUSDT,UNIUSDT,ATOMUSDT', '-interval-list=5m', '-estimator-list=knn', '-stop-loss-list=1.0', '-numeric-features=volume,quote_asset_volume,number_of_trades,taker_buy_base_asset_volume,taker_buy_quote_asset_volume', '-regression-PnL-list=72', '-regression-times-list=0', '-start-train-date=2023-01-01', '-start-test-date=2023-07-01']
2023-10-29 17:36:45;BNBUSDT;5m;knn;allknn;1.0;0;72;0.0009;0.6404;0.3145;0.3145;close,volume;;0.7;False;2023-01-01;2023-07-31 19:40:00;3;True;<< NOT SAVED >>;['-batch-training', '-calc-rsi', '-normalize', '-no-tune', '-n-jobs=20', '-symbol-list=BTCUSDT,ETHUSDT,BNBUSDT,XRPUSDT,ADAUSDT,DOGEUSDT,SOLUSDT,TRXUSDT,DOTUSDT,MATICUSDT,LTCUSDT,BCHUSDT,AVAXUSDT,XLMUSDT,LINKUSDT,XMRUSDT,UNIUSDT,ATOMUSDT', '-interval-list=5m', '-estimator-list=knn', '-stop-loss-list=1.0', '-numeric-features=close,volume,quote_asset_volume,number_of_trades', '-regression-PnL-list=72', '-regression-times-list=0', '-start-train-date=2023-01-01', '-start-test-date=2023-07-01']
2023-10-29 17:48:53;BNBUSDT;5m;knn;instancehardnessthreshold;1.0;0;72;0.0703;0.6335;0.3148;0.3148;close,quote_asset_volume,number_of_trades,rsi;;0.7;False;2023-01-01;2023-07-31 19:40:00;3;True;<< NOT SAVED >>;['-batch-training', '-calc-rsi', '-normalize', '-no-tune', '-n-jobs=20', '-symbol-list=BTCUSDT,ETHUSDT,BNBUSDT,XRPUSDT,ADAUSDT,DOGEUSDT,SOLUSDT,TRXUSDT,DOTUSDT,MATICUSDT,LTCUSDT,BCHUSDT,AVAXUSDT,XLMUSDT,LINKUSDT,XMRUSDT,UNIUSDT,ATOMUSDT', '-interval-list=5m', '-estimator-list=knn', '-stop-loss-list=1.0', '-numeric-features=close,volume,quote_asset_volume,number_of_trades', '-regression-PnL-list=72', '-regression-times-list=0', '-start-train-date=2023-01-01', '-start-test-date=2023-07-01']
2023-10-20 23:10:04;BNBUSDT;5m;knn;allknn;1.0;0;72;0.0495;0.7337;0.3149;0.3149;quote_asset_volume,number_of_trades,taker_buy_quote_asset_volume,ema_72p;;0.7;False;2023-01-01;2023-07-22 22:10:00;3;True;<< NOT SAVED >>;['-batch-training', '-calc-rsi', '-normalize', '-no-tune', '-n-jobs=20', '-symbol-list=BTCUSDT,ETHUSDT,BNBUSDT,XRPUSDT,ADAUSDT,DOGEUSDT,SOLUSDT,TRXUSDT,DOTUSDT,MATICUSDT,LTCUSDT,BCHUSDT,AVAXUSDT,XLMUSDT,LINKUSDT,XMRUSDT,UNIUSDT,ATOMUSDT', '-interval-list=5m', '-estimator-list=knn', '-stop-loss-list=1.0', '-numeric-features=volume,quote_asset_volume,number_of_trades,taker_buy_base_asset_volume,taker_buy_quote_asset_volume', '-regression-PnL-list=72', '-regression-times-list=0', '-start-train-date=2023-01-01', '-start-test-date=2023-07-01']
2023-10-20 22:28:53;BNBUSDT;5m;knn;allknn;1.0;0;72;0.0542;0.7147;0.3149;0.3149;volume,ema_200p;;0.7;False;2023-01-01;2023-07-22 22:10:00;3;True;<< NOT SAVED >>;['-batch-training', '-calc-rsi', '-normalize', '-no-tune', '-n-jobs=20', '-symbol-list=BTCUSDT,ETHUSDT,BNBUSDT,XRPUSDT,ADAUSDT,DOGEUSDT,SOLUSDT,TRXUSDT,DOTUSDT,MATICUSDT,LTCUSDT,BCHUSDT,AVAXUSDT,XLMUSDT,LINKUSDT,XMRUSDT,UNIUSDT,ATOMUSDT', '-interval-list=5m', '-estimator-list=knn', '-stop-loss-list=1.0', '-numeric-features=volume,quote_asset_volume,number_of_trades,taker_buy_base_asset_volume,taker_buy_quote_asset_volume', '-regression-PnL-list=72', '-regression-times-list=0', '-start-train-date=2023-01-01', '-start-test-date=2023-07-01']
2023-10-20 23:40:19;BNBUSDT;5m;knn;instancehardnessthreshold;1.0;0;72;0.2083;0.5727;0.3153;0.3153;quote_asset_volume,taker_buy_quote_asset_volume,rsi,ema_72p,ema_200p;;0.7;False;2023-01-01;2023-07-22 22:10:00;3;True;<< NOT SAVED >>;['-batch-training', '-calc-rsi', '-normalize', '-no-tune', '-n-jobs=20', '-symbol-list=BTCUSDT,ETHUSDT,BNBUSDT,XRPUSDT,ADAUSDT,DOGEUSDT,SOLUSDT,TRXUSDT,DOTUSDT,MATICUSDT,LTCUSDT,BCHUSDT,AVAXUSDT,XLMUSDT,LINKUSDT,XMRUSDT,UNIUSDT,ATOMUSDT', '-interval-list=5m', '-estimator-list=knn', '-stop-loss-list=1.0', '-numeric-features=volume,quote_asset_volume,number_of_trades,taker_buy_base_asset_volume,taker_buy_quote_asset_volume', '-regression-PnL-list=72', '-regression-times-list=0', '-start-train-date=2023-01-01', '-start-test-date=2023-07-01']
2023-10-20 23:59:13;BNBUSDT;5m;knn;allknn;1.0;0;72;0.0488;0.719;0.3157;0.3157;quote_asset_volume,number_of_trades,taker_buy_base_asset_volume,taker_buy_quote_asset_volume,rsi,ema_72p,ema_200p;;0.7;False;2023-01-01;2023-07-22 22:10:00;3;True;<< NOT SAVED >>;['-batch-training', '-calc-rsi', '-normalize', '-no-tune', '-n-jobs=20', '-symbol-list=BTCUSDT,ETHUSDT,BNBUSDT,XRPUSDT,ADAUSDT,DOGEUSDT,SOLUSDT,TRXUSDT,DOTUSDT,MATICUSDT,LTCUSDT,BCHUSDT,AVAXUSDT,XLMUSDT,LINKUSDT,XMRUSDT,UNIUSDT,ATOMUSDT', '-interval-list=5m', '-estimator-list=knn', '-stop-loss-list=1.0', '-numeric-features=volume,quote_asset_volume,number_of_trades,taker_buy_base_asset_volume,taker_buy_quote_asset_volume', '-regression-PnL-list=72', '-regression-times-list=0', '-start-train-date=2023-01-01', '-start-test-date=2023-07-01']
2023-10-20 23:21:59;BNBUSDT;5m;knn;allknn;1.0;0;72;0.0679;0.702;0.3161;0.3161;volume,quote_asset_volume,number_of_trades,taker_buy_base_asset_volume,ema_72p;;0.7;False;2023-01-01;2023-07-22 22:10:00;3;True;<< NOT SAVED >>;['-batch-training', '-calc-rsi', '-normalize', '-no-tune', '-n-jobs=20', '-symbol-list=BTCUSDT,ETHUSDT,BNBUSDT,XRPUSDT,ADAUSDT,DOGEUSDT,SOLUSDT,TRXUSDT,DOTUSDT,MATICUSDT,LTCUSDT,BCHUSDT,AVAXUSDT,XLMUSDT,LINKUSDT,XMRUSDT,UNIUSDT,ATOMUSDT', '-interval-list=5m', '-estimator-list=knn', '-stop-loss-list=1.0', '-numeric-features=volume,quote_asset_volume,number_of_trades,taker_buy_base_asset_volume,taker_buy_quote_asset_volume', '-regression-PnL-list=72', '-regression-times-list=0', '-start-train-date=2023-01-01', '-start-test-date=2023-07-01']
2023-10-20 22:42:48;BNBUSDT;5m;knn;allknn;1.0;0;72;0.0558;0.6708;0.3165;0.3165;volume,ema_72p,ema_200p;;0.7;False;2023-01-01;2023-07-22 22:10:00;3;True;<< NOT SAVED >>;['-batch-training', '-calc-rsi', '-normalize', '-no-tune', '-n-jobs=20', '-symbol-list=BTCUSDT,ETHUSDT,BNBUSDT,XRPUSDT,ADAUSDT,DOGEUSDT,SOLUSDT,TRXUSDT,DOTUSDT,MATICUSDT,LTCUSDT,BCHUSDT,AVAXUSDT,XLMUSDT,LINKUSDT,XMRUSDT,UNIUSDT,ATOMUSDT', '-interval-list=5m', '-estimator-list=knn', '-stop-loss-list=1.0', '-numeric-features=volume,quote_asset_volume,number_of_trades,taker_buy_base_asset_volume,taker_buy_quote_asset_volume', '-regression-PnL-list=72', '-regression-times-list=0', '-start-train-date=2023-01-01', '-start-test-date=2023-07-01']
2023-10-20 23:21:48;BNBUSDT;5m;knn;instancehardnessthreshold;1.0;0;72;0.2124;0.5996;0.3165;0.3165;volume,quote_asset_volume,number_of_trades,taker_buy_base_asset_volume,ema_72p;;0.7;False;2023-01-01;2023-07-22 22:10:00;3;True;<< NOT SAVED >>;['-batch-training', '-calc-rsi', '-normalize', '-no-tune', '-n-jobs=20', '-symbol-list=BTCUSDT,ETHUSDT,BNBUSDT,XRPUSDT,ADAUSDT,DOGEUSDT,SOLUSDT,TRXUSDT,DOTUSDT,MATICUSDT,LTCUSDT,BCHUSDT,AVAXUSDT,XLMUSDT,LINKUSDT,XMRUSDT,UNIUSDT,ATOMUSDT', '-interval-list=5m', '-estimator-list=knn', '-stop-loss-list=1.0', '-numeric-features=volume,quote_asset_volume,number_of_trades,taker_buy_base_asset_volume,taker_buy_quote_asset_volume', '-regression-PnL-list=72', '-regression-times-list=0', '-start-train-date=2023-01-01', '-start-test-date=2023-07-01']
2023-10-20 23:42:49;BNBUSDT;5m;knn;allknn;1.0;0;72;0.0938;0.6641;0.3165;0.3165;taker_buy_base_asset_volume,taker_buy_quote_asset_volume,rsi,ema_72p,ema_200p;;0.7;False;2023-01-01;2023-07-22 22:10:00;3;True;<< NOT SAVED >>;['-batch-training', '-calc-rsi', '-normalize', '-no-tune', '-n-jobs=20', '-symbol-list=BTCUSDT,ETHUSDT,BNBUSDT,XRPUSDT,ADAUSDT,DOGEUSDT,SOLUSDT,TRXUSDT,DOTUSDT,MATICUSDT,LTCUSDT,BCHUSDT,AVAXUSDT,XLMUSDT,LINKUSDT,XMRUSDT,UNIUSDT,ATOMUSDT', '-interval-list=5m', '-estimator-list=knn', '-stop-loss-list=1.0', '-numeric-features=volume,quote_asset_volume,number_of_trades,taker_buy_base_asset_volume,taker_buy_quote_asset_volume', '-regression-PnL-list=72', '-regression-times-list=0', '-start-train-date=2023-01-01', '-start-test-date=2023-07-01']
2023-10-20 23:43:32;BNBUSDT;5m;knn;instancehardnessthreshold;1.0;0;72;0.1994;0.6025;0.318;0.318;volume,quote_asset_volume,number_of_trades,taker_buy_base_asset_volume,taker_buy_quote_asset_volume,ema_72p;;0.7;False;2023-01-01;2023-07-22 22:10:00;3;True;<< NOT SAVED >>;['-batch-training', '-calc-rsi', '-normalize', '-no-tune', '-n-jobs=20', '-symbol-list=BTCUSDT,ETHUSDT,BNBUSDT,XRPUSDT,ADAUSDT,DOGEUSDT,SOLUSDT,TRXUSDT,DOTUSDT,MATICUSDT,LTCUSDT,BCHUSDT,AVAXUSDT,XLMUSDT,LINKUSDT,XMRUSDT,UNIUSDT,ATOMUSDT', '-interval-list=5m', '-estimator-list=knn', '-stop-loss-list=1.0', '-numeric-features=volume,quote_asset_volume,number_of_trades,taker_buy_base_asset_volume,taker_buy_quote_asset_volume', '-regression-PnL-list=72', '-regression-times-list=0', '-start-train-date=2023-01-01', '-start-test-date=2023-07-01']
2023-10-20 23:00:53;BNBUSDT;5m;knn;instancehardnessthreshold;1.0;0;72;0.318;0.5452;0.2462;0.318;volume,number_of_trades,taker_buy_base_asset_volume,rsi;;0.7;False;2023-01-01;2023-07-22 22:10:00;3;True;<< NOT SAVED >>;['-batch-training', '-calc-rsi', '-normalize', '-no-tune', '-n-jobs=20', '-symbol-list=BTCUSDT,ETHUSDT,BNBUSDT,XRPUSDT,ADAUSDT,DOGEUSDT,SOLUSDT,TRXUSDT,DOTUSDT,MATICUSDT,LTCUSDT,BCHUSDT,AVAXUSDT,XLMUSDT,LINKUSDT,XMRUSDT,UNIUSDT,ATOMUSDT', '-interval-list=5m', '-estimator-list=knn', '-stop-loss-list=1.0', '-numeric-features=volume,quote_asset_volume,number_of_trades,taker_buy_base_asset_volume,taker_buy_quote_asset_volume', '-regression-PnL-list=72', '-regression-times-list=0', '-start-train-date=2023-01-01', '-start-test-date=2023-07-01']
2023-10-20 23:28:50;BNBUSDT;5m;knn;instancehardnessthreshold;1.0;0;72;0.3183;0.5242;0.2528;0.3183;volume,number_of_trades,taker_buy_base_asset_volume,taker_buy_quote_asset_volume,rsi;;0.7;False;2023-01-01;2023-07-22 22:10:00;3;True;<< NOT SAVED >>;['-batch-training', '-calc-rsi', '-normalize', '-no-tune', '-n-jobs=20', '-symbol-list=BTCUSDT,ETHUSDT,BNBUSDT,XRPUSDT,ADAUSDT,DOGEUSDT,SOLUSDT,TRXUSDT,DOTUSDT,MATICUSDT,LTCUSDT,BCHUSDT,AVAXUSDT,XLMUSDT,LINKUSDT,XMRUSDT,UNIUSDT,ATOMUSDT', '-interval-list=5m', '-estimator-list=knn', '-stop-loss-list=1.0', '-numeric-features=volume,quote_asset_volume,number_of_trades,taker_buy_base_asset_volume,taker_buy_quote_asset_volume', '-regression-PnL-list=72', '-regression-times-list=0', '-start-train-date=2023-01-01', '-start-test-date=2023-07-01']
2023-10-20 23:20:45;BNBUSDT;5m;knn;allknn;1.0;0;72;0.0682;0.6628;0.3184;0.3184;taker_buy_quote_asset_volume,rsi,ema_72p,ema_200p;;0.7;False;2023-01-01;2023-07-22 22:10:00;3;True;<< NOT SAVED >>;['-batch-training', '-calc-rsi', '-normalize', '-no-tune', '-n-jobs=20', '-symbol-list=BTCUSDT,ETHUSDT,BNBUSDT,XRPUSDT,ADAUSDT,DOGEUSDT,SOLUSDT,TRXUSDT,DOTUSDT,MATICUSDT,LTCUSDT,BCHUSDT,AVAXUSDT,XLMUSDT,LINKUSDT,XMRUSDT,UNIUSDT,ATOMUSDT', '-interval-list=5m', '-estimator-list=knn', '-stop-loss-list=1.0', '-numeric-features=volume,quote_asset_volume,number_of_trades,taker_buy_base_asset_volume,taker_buy_quote_asset_volume', '-regression-PnL-list=72', '-regression-times-list=0', '-start-train-date=2023-01-01', '-start-test-date=2023-07-01']
2023-10-20 22:52:39;BNBUSDT;5m;knn;instancehardnessthreshold;1.0;0;72;0.2495;0.5609;0.3188;0.3188;taker_buy_base_asset_volume,rsi,ema_72p;;0.7;False;2023-01-01;2023-07-22 22:10:00;3;True;<< NOT SAVED >>;['-batch-training', '-calc-rsi', '-normalize', '-no-tune', '-n-jobs=20', '-symbol-list=BTCUSDT,ETHUSDT,BNBUSDT,XRPUSDT,ADAUSDT,DOGEUSDT,SOLUSDT,TRXUSDT,DOTUSDT,MATICUSDT,LTCUSDT,BCHUSDT,AVAXUSDT,XLMUSDT,LINKUSDT,XMRUSDT,UNIUSDT,ATOMUSDT', '-interval-list=5m', '-estimator-list=knn', '-stop-loss-list=1.0', '-numeric-features=volume,quote_asset_volume,number_of_trades,taker_buy_base_asset_volume,taker_buy_quote_asset_volume', '-regression-PnL-list=72', '-regression-times-list=0', '-start-train-date=2023-01-01', '-start-test-date=2023-07-01']
2023-10-20 22:38:58;BNBUSDT;5m;knn;allknn;1.0;0;72;0.0422;0.7125;0.3188;0.3188;volume,number_of_trades,ema_72p;;0.7;False;2023-01-01;2023-07-22 22:10:00;3;True;<< NOT SAVED >>;['-batch-training', '-calc-rsi', '-normalize', '-no-tune', '-n-jobs=20', '-symbol-list=BTCUSDT,ETHUSDT,BNBUSDT,XRPUSDT,ADAUSDT,DOGEUSDT,SOLUSDT,TRXUSDT,DOTUSDT,MATICUSDT,LTCUSDT,BCHUSDT,AVAXUSDT,XLMUSDT,LINKUSDT,XMRUSDT,UNIUSDT,ATOMUSDT', '-interval-list=5m', '-estimator-list=knn', '-stop-loss-list=1.0', '-numeric-features=volume,quote_asset_volume,number_of_trades,taker_buy_base_asset_volume,taker_buy_quote_asset_volume', '-regression-PnL-list=72', '-regression-times-list=0', '-start-train-date=2023-01-01', '-start-test-date=2023-07-01']
2023-10-20 22:32:53;BNBUSDT;5m;knn;instancehardnessthreshold;1.0;0;72;0.319;0.4944;0.2547;0.319;taker_buy_base_asset_volume,rsi;;0.7;False;2023-01-01;2023-07-22 22:10:00;3;True;<< NOT SAVED >>;['-batch-training', '-calc-rsi', '-normalize', '-no-tune', '-n-jobs=20', '-symbol-list=BTCUSDT,ETHUSDT,BNBUSDT,XRPUSDT,ADAUSDT,DOGEUSDT,SOLUSDT,TRXUSDT,DOTUSDT,MATICUSDT,LTCUSDT,BCHUSDT,AVAXUSDT,XLMUSDT,LINKUSDT,XMRUSDT,UNIUSDT,ATOMUSDT', '-interval-list=5m', '-estimator-list=knn', '-stop-loss-list=1.0', '-numeric-features=volume,quote_asset_volume,number_of_trades,taker_buy_base_asset_volume,taker_buy_quote_asset_volume', '-regression-PnL-list=72', '-regression-times-list=0', '-start-train-date=2023-01-01', '-start-test-date=2023-07-01']
2023-10-20 22:56:18;BNBUSDT;5m;knn;allknn;1.0;0;72;0.0717;0.7063;0.3192;0.3192;volume,quote_asset_volume,number_of_trades,ema_72p;;0.7;False;2023-01-01;2023-07-22 22:10:00;3;True;<< NOT SAVED >>;['-batch-training', '-calc-rsi', '-normalize', '-no-tune', '-n-jobs=20', '-symbol-list=BTCUSDT,ETHUSDT,BNBUSDT,XRPUSDT,ADAUSDT,DOGEUSDT,SOLUSDT,TRXUSDT,DOTUSDT,MATICUSDT,LTCUSDT,BCHUSDT,AVAXUSDT,XLMUSDT,LINKUSDT,XMRUSDT,UNIUSDT,ATOMUSDT', '-interval-list=5m', '-estimator-list=knn', '-stop-loss-list=1.0', '-numeric-features=volume,quote_asset_volume,number_of_trades,taker_buy_base_asset_volume,taker_buy_quote_asset_volume', '-regression-PnL-list=72', '-regression-times-list=0', '-start-train-date=2023-01-01', '-start-test-date=2023-07-01']
2023-10-20 22:32:04;BNBUSDT;5m;knn;allknn;1.0;0;72;0.0539;0.7106;0.3196;0.3196;number_of_trades,ema_72p;;0.7;False;2023-01-01;2023-07-22 22:10:00;3;True;<< NOT SAVED >>;['-batch-training', '-calc-rsi', '-normalize', '-no-tune', '-n-jobs=20', '-symbol-list=BTCUSDT,ETHUSDT,BNBUSDT,XRPUSDT,ADAUSDT,DOGEUSDT,SOLUSDT,TRXUSDT,DOTUSDT,MATICUSDT,LTCUSDT,BCHUSDT,AVAXUSDT,XLMUSDT,LINKUSDT,XMRUSDT,UNIUSDT,ATOMUSDT', '-interval-list=5m', '-estimator-list=knn', '-stop-loss-list=1.0', '-numeric-features=volume,quote_asset_volume,number_of_trades,taker_buy_base_asset_volume,taker_buy_quote_asset_volume', '-regression-PnL-list=72', '-regression-times-list=0', '-start-train-date=2023-01-01', '-start-test-date=2023-07-01']
2023-10-20 22:37:33;BNBUSDT;5m;knn;allknn;1.0;0;72;0.0729;0.702;0.32;0.32;volume,quote_asset_volume,ema_200p;;0.7;False;2023-01-01;2023-07-22 22:10:00;3;True;<< NOT SAVED >>;['-batch-training', '-calc-rsi', '-normalize', '-no-tune', '-n-jobs=20', '-symbol-list=BTCUSDT,ETHUSDT,BNBUSDT,XRPUSDT,ADAUSDT,DOGEUSDT,SOLUSDT,TRXUSDT,DOTUSDT,MATICUSDT,LTCUSDT,BCHUSDT,AVAXUSDT,XLMUSDT,LINKUSDT,XMRUSDT,UNIUSDT,ATOMUSDT', '-interval-list=5m', '-estimator-list=knn', '-stop-loss-list=1.0', '-numeric-features=volume,quote_asset_volume,number_of_trades,taker_buy_base_asset_volume,taker_buy_quote_asset_volume', '-regression-PnL-list=72', '-regression-times-list=0', '-start-train-date=2023-01-01', '-start-test-date=2023-07-01']
2023-10-20 22:57:46;BNBUSDT;5m;knn;allknn;1.0;0;72;0.0751;0.6971;0.32;0.32;volume,quote_asset_volume,taker_buy_base_asset_volume,ema_72p;;0.7;False;2023-01-01;2023-07-22 22:10:00;3;True;<< NOT SAVED >>;['-batch-training', '-calc-rsi', '-normalize', '-no-tune', '-n-jobs=20', '-symbol-list=BTCUSDT,ETHUSDT,BNBUSDT,XRPUSDT,ADAUSDT,DOGEUSDT,SOLUSDT,TRXUSDT,DOTUSDT,MATICUSDT,LTCUSDT,BCHUSDT,AVAXUSDT,XLMUSDT,LINKUSDT,XMRUSDT,UNIUSDT,ATOMUSDT', '-interval-list=5m', '-estimator-list=knn', '-stop-loss-list=1.0', '-numeric-features=volume,quote_asset_volume,number_of_trades,taker_buy_base_asset_volume,taker_buy_quote_asset_volume', '-regression-PnL-list=72', '-regression-times-list=0', '-start-train-date=2023-01-01', '-start-test-date=2023-07-01']
2023-10-20 22:58:52;BNBUSDT;5m;knn;allknn;1.0;0;72;0.0517;0.7163;0.3203;0.3203;volume,quote_asset_volume,taker_buy_quote_asset_volume,ema_72p;;0.7;False;2023-01-01;2023-07-22 22:10:00;3;True;<< NOT SAVED >>;['-batch-training', '-calc-rsi', '-normalize', '-no-tune', '-n-jobs=20', '-symbol-list=BTCUSDT,ETHUSDT,BNBUSDT,XRPUSDT,ADAUSDT,DOGEUSDT,SOLUSDT,TRXUSDT,DOTUSDT,MATICUSDT,LTCUSDT,BCHUSDT,AVAXUSDT,XLMUSDT,LINKUSDT,XMRUSDT,UNIUSDT,ATOMUSDT', '-interval-list=5m', '-estimator-list=knn', '-stop-loss-list=1.0', '-numeric-features=volume,quote_asset_volume,number_of_trades,taker_buy_base_asset_volume,taker_buy_quote_asset_volume', '-regression-PnL-list=72', '-regression-times-list=0', '-start-train-date=2023-01-01', '-start-test-date=2023-07-01']
2023-10-20 23:35:13;BNBUSDT;5m;knn;instancehardnessthreshold;1.0;0;72;0.2089;0.6043;0.3203;0.3203;quote_asset_volume,number_of_trades,taker_buy_base_asset_volume,taker_buy_quote_asset_volume,ema_72p;;0.7;False;2023-01-01;2023-07-22 22:10:00;3;True;<< NOT SAVED >>;['-batch-training', '-calc-rsi', '-normalize', '-no-tune', '-n-jobs=20', '-symbol-list=BTCUSDT,ETHUSDT,BNBUSDT,XRPUSDT,ADAUSDT,DOGEUSDT,SOLUSDT,TRXUSDT,DOTUSDT,MATICUSDT,LTCUSDT,BCHUSDT,AVAXUSDT,XLMUSDT,LINKUSDT,XMRUSDT,UNIUSDT,ATOMUSDT', '-interval-list=5m', '-estimator-list=knn', '-stop-loss-list=1.0', '-numeric-features=volume,quote_asset_volume,number_of_trades,taker_buy_base_asset_volume,taker_buy_quote_asset_volume', '-regression-PnL-list=72', '-regression-times-list=0', '-start-train-date=2023-01-01', '-start-test-date=2023-07-01']
2023-10-20 23:47:19;BNBUSDT;5m;knn;allknn;1.0;0;72;0.0755;0.6858;0.3203;0.3203;volume,quote_asset_volume,number_of_trades,rsi,ema_72p,ema_200p;;0.7;False;2023-01-01;2023-07-22 22:10:00;3;True;<< NOT SAVED >>;['-batch-training', '-calc-rsi', '-normalize', '-no-tune', '-n-jobs=20', '-symbol-list=BTCUSDT,ETHUSDT,BNBUSDT,XRPUSDT,ADAUSDT,DOGEUSDT,SOLUSDT,TRXUSDT,DOTUSDT,MATICUSDT,LTCUSDT,BCHUSDT,AVAXUSDT,XLMUSDT,LINKUSDT,XMRUSDT,UNIUSDT,ATOMUSDT', '-interval-list=5m', '-estimator-list=knn', '-stop-loss-list=1.0', '-numeric-features=volume,quote_asset_volume,number_of_trades,taker_buy_base_asset_volume,taker_buy_quote_asset_volume', '-regression-PnL-list=72', '-regression-times-list=0', '-start-train-date=2023-01-01', '-start-test-date=2023-07-01']
2023-10-20 23:51:23;BNBUSDT;5m;knn;allknn;1.0;0;72;0.0691;0.6892;0.3207;0.3207;volume,number_of_trades,taker_buy_base_asset_volume,rsi,ema_72p,ema_200p;;0.7;False;2023-01-01;2023-07-22 22:10:00;3;True;<< NOT SAVED >>;['-batch-training', '-calc-rsi', '-normalize', '-no-tune', '-n-jobs=20', '-symbol-list=BTCUSDT,ETHUSDT,BNBUSDT,XRPUSDT,ADAUSDT,DOGEUSDT,SOLUSDT,TRXUSDT,DOTUSDT,MATICUSDT,LTCUSDT,BCHUSDT,AVAXUSDT,XLMUSDT,LINKUSDT,XMRUSDT,UNIUSDT,ATOMUSDT', '-interval-list=5m', '-estimator-list=knn', '-stop-loss-list=1.0', '-numeric-features=volume,quote_asset_volume,number_of_trades,taker_buy_base_asset_volume,taker_buy_quote_asset_volume', '-regression-PnL-list=72', '-regression-times-list=0', '-start-train-date=2023-01-01', '-start-test-date=2023-07-01']
2023-10-20 23:01:49;BNBUSDT;5m;knn;allknn;1.0;0;72;0.0647;0.7146;0.3211;0.3211;volume,number_of_trades,taker_buy_base_asset_volume,ema_200p;;0.7;False;2023-01-01;2023-07-22 22:10:00;3;True;<< NOT SAVED >>;['-batch-training', '-calc-rsi', '-normalize', '-no-tune', '-n-jobs=20', '-symbol-list=BTCUSDT,ETHUSDT,BNBUSDT,XRPUSDT,ADAUSDT,DOGEUSDT,SOLUSDT,TRXUSDT,DOTUSDT,MATICUSDT,LTCUSDT,BCHUSDT,AVAXUSDT,XLMUSDT,LINKUSDT,XMRUSDT,UNIUSDT,ATOMUSDT', '-interval-list=5m', '-estimator-list=knn', '-stop-loss-list=1.0', '-numeric-features=volume,quote_asset_volume,number_of_trades,taker_buy_base_asset_volume,taker_buy_quote_asset_volume', '-regression-PnL-list=72', '-regression-times-list=0', '-start-train-date=2023-01-01', '-start-test-date=2023-07-01']
2023-10-20 23:34:02;BNBUSDT;5m;knn;instancehardnessthreshold;1.0;0;72;0.2137;0.5767;0.3211;0.3211;volume,taker_buy_base_asset_volume,rsi,ema_72p,ema_200p;;0.7;False;2023-01-01;2023-07-22 22:10:00;3;True;<< NOT SAVED >>;['-batch-training', '-calc-rsi', '-normalize', '-no-tune', '-n-jobs=20', '-symbol-list=BTCUSDT,ETHUSDT,BNBUSDT,XRPUSDT,ADAUSDT,DOGEUSDT,SOLUSDT,TRXUSDT,DOTUSDT,MATICUSDT,LTCUSDT,BCHUSDT,AVAXUSDT,XLMUSDT,LINKUSDT,XMRUSDT,UNIUSDT,ATOMUSDT', '-interval-list=5m', '-estimator-list=knn', '-stop-loss-list=1.0', '-numeric-features=volume,quote_asset_volume,number_of_trades,taker_buy_base_asset_volume,taker_buy_quote_asset_volume', '-regression-PnL-list=72', '-regression-times-list=0', '-start-train-date=2023-01-01', '-start-test-date=2023-07-01']
2023-10-20 23:49:19;BNBUSDT;5m;knn;instancehardnessthreshold;1.0;0;72;0.1807;0.5981;0.3211;0.3211;volume,quote_asset_volume,taker_buy_quote_asset_volume,rsi,ema_72p,ema_200p;;0.7;False;2023-01-01;2023-07-22 22:10:00;3;True;<< NOT SAVED >>;['-batch-training', '-calc-rsi', '-normalize', '-no-tune', '-n-jobs=20', '-symbol-list=BTCUSDT,ETHUSDT,BNBUSDT,XRPUSDT,ADAUSDT,DOGEUSDT,SOLUSDT,TRXUSDT,DOTUSDT,MATICUSDT,LTCUSDT,BCHUSDT,AVAXUSDT,XLMUSDT,LINKUSDT,XMRUSDT,UNIUSDT,ATOMUSDT', '-interval-list=5m', '-estimator-list=knn', '-stop-loss-list=1.0', '-numeric-features=volume,quote_asset_volume,number_of_trades,taker_buy_base_asset_volume,taker_buy_quote_asset_volume', '-regression-PnL-list=72', '-regression-times-list=0', '-start-train-date=2023-01-01', '-start-test-date=2023-07-01']
2023-10-20 22:50:02;BNBUSDT;5m;knn;allknn;1.0;0;72;0.0412;0.7254;0.3215;0.3215;number_of_trades,taker_buy_quote_asset_volume,ema_72p;;0.7;False;2023-01-01;2023-07-22 22:10:00;3;True;<< NOT SAVED >>;['-batch-training', '-calc-rsi', '-normalize', '-no-tune', '-n-jobs=20', '-symbol-list=BTCUSDT,ETHUSDT,BNBUSDT,XRPUSDT,ADAUSDT,DOGEUSDT,SOLUSDT,TRXUSDT,DOTUSDT,MATICUSDT,LTCUSDT,BCHUSDT,AVAXUSDT,XLMUSDT,LINKUSDT,XMRUSDT,UNIUSDT,ATOMUSDT', '-interval-list=5m', '-estimator-list=knn', '-stop-loss-list=1.0', '-numeric-features=volume,quote_asset_volume,number_of_trades,taker_buy_base_asset_volume,taker_buy_quote_asset_volume', '-regression-PnL-list=72', '-regression-times-list=0', '-start-train-date=2023-01-01', '-start-test-date=2023-07-01']
2023-10-20 23:21:23;BNBUSDT;5m;knn;instancehardnessthreshold;1.0;0;72;0.3218;0.5527;0.2401;0.3218;volume,quote_asset_volume,number_of_trades,taker_buy_base_asset_volume,rsi;;0.7;False;2023-01-01;2023-07-22 22:10:00;3;True;<< NOT SAVED >>;['-batch-training', '-calc-rsi', '-normalize', '-no-tune', '-n-jobs=20', '-symbol-list=BTCUSDT,ETHUSDT,BNBUSDT,XRPUSDT,ADAUSDT,DOGEUSDT,SOLUSDT,TRXUSDT,DOTUSDT,MATICUSDT,LTCUSDT,BCHUSDT,AVAXUSDT,XLMUSDT,LINKUSDT,XMRUSDT,UNIUSDT,ATOMUSDT', '-interval-list=5m', '-estimator-list=knn', '-stop-loss-list=1.0', '-numeric-features=volume,quote_asset_volume,number_of_trades,taker_buy_base_asset_volume,taker_buy_quote_asset_volume', '-regression-PnL-list=72', '-regression-times-list=0', '-start-train-date=2023-01-01', '-start-test-date=2023-07-01']
2023-10-20 22:36:44;BNBUSDT;5m;knn;instancehardnessthreshold;1.0;0;72;0.3218;0.5002;0.2891;0.3218;volume,quote_asset_volume,rsi;;0.7;False;2023-01-01;2023-07-22 22:10:00;3;True;<< NOT SAVED >>;['-batch-training', '-calc-rsi', '-normalize', '-no-tune', '-n-jobs=20', '-symbol-list=BTCUSDT,ETHUSDT,BNBUSDT,XRPUSDT,ADAUSDT,DOGEUSDT,SOLUSDT,TRXUSDT,DOTUSDT,MATICUSDT,LTCUSDT,BCHUSDT,AVAXUSDT,XLMUSDT,LINKUSDT,XMRUSDT,UNIUSDT,ATOMUSDT', '-interval-list=5m', '-estimator-list=knn', '-stop-loss-list=1.0', '-numeric-features=volume,quote_asset_volume,number_of_trades,taker_buy_base_asset_volume,taker_buy_quote_asset_volume', '-regression-PnL-list=72', '-regression-times-list=0', '-start-train-date=2023-01-01', '-start-test-date=2023-07-01']
2023-10-20 22:54:45;BNBUSDT;5m;knn;repeatededitednearestneighbours;1.0;0;72;0.0745;0.6593;0.3219;0.3219;rsi,ema_72p,ema_200p;;0.7;False;2023-01-01;2023-07-22 22:10:00;3;True;<< NOT SAVED >>;['-batch-training', '-calc-rsi', '-normalize', '-no-tune', '-n-jobs=20', '-symbol-list=BTCUSDT,ETHUSDT,BNBUSDT,XRPUSDT,ADAUSDT,DOGEUSDT,SOLUSDT,TRXUSDT,DOTUSDT,MATICUSDT,LTCUSDT,BCHUSDT,AVAXUSDT,XLMUSDT,LINKUSDT,XMRUSDT,UNIUSDT,ATOMUSDT', '-interval-list=5m', '-estimator-list=knn', '-stop-loss-list=1.0', '-numeric-features=volume,quote_asset_volume,number_of_trades,taker_buy_base_asset_volume,taker_buy_quote_asset_volume', '-regression-PnL-list=72', '-regression-times-list=0', '-start-train-date=2023-01-01', '-start-test-date=2023-07-01']
2023-10-20 23:22:23;BNBUSDT;5m;knn;allknn;1.0;0;72;0.0599;0.7075;0.3219;0.3219;volume,quote_asset_volume,number_of_trades,taker_buy_base_asset_volume,ema_200p;;0.7;False;2023-01-01;2023-07-22 22:10:00;3;True;<< NOT SAVED >>;['-batch-training', '-calc-rsi', '-normalize', '-no-tune', '-n-jobs=20', '-symbol-list=BTCUSDT,ETHUSDT,BNBUSDT,XRPUSDT,ADAUSDT,DOGEUSDT,SOLUSDT,TRXUSDT,DOTUSDT,MATICUSDT,LTCUSDT,BCHUSDT,AVAXUSDT,XLMUSDT,LINKUSDT,XMRUSDT,UNIUSDT,ATOMUSDT', '-interval-list=5m', '-estimator-list=knn', '-stop-loss-list=1.0', '-numeric-features=volume,quote_asset_volume,number_of_trades,taker_buy_base_asset_volume,taker_buy_quote_asset_volume', '-regression-PnL-list=72', '-regression-times-list=0', '-start-train-date=2023-01-01', '-start-test-date=2023-07-01']
2023-10-29 17:44:38;BNBUSDT;5m;knn;instancehardnessthreshold;1.0;0;72;0.0675;0.578;0.3222;0.3222;close,volume,quote_asset_volume,number_of_trades;;0.7;False;2023-01-01;2023-07-31 19:40:00;3;True;<< NOT SAVED >>;['-batch-training', '-calc-rsi', '-normalize', '-no-tune', '-n-jobs=20', '-symbol-list=BTCUSDT,ETHUSDT,BNBUSDT,XRPUSDT,ADAUSDT,DOGEUSDT,SOLUSDT,TRXUSDT,DOTUSDT,MATICUSDT,LTCUSDT,BCHUSDT,AVAXUSDT,XLMUSDT,LINKUSDT,XMRUSDT,UNIUSDT,ATOMUSDT', '-interval-list=5m', '-estimator-list=knn', '-stop-loss-list=1.0', '-numeric-features=close,volume,quote_asset_volume,number_of_trades', '-regression-PnL-list=72', '-regression-times-list=0', '-start-train-date=2023-01-01', '-start-test-date=2023-07-01']
2023-10-20 22:40:44;BNBUSDT;5m;knn;allknn;1.0;0;72;0.0862;0.6975;0.3223;0.3223;volume,taker_buy_base_asset_volume,ema_200p;;0.7;False;2023-01-01;2023-07-22 22:10:00;3;True;<< NOT SAVED >>;['-batch-training', '-calc-rsi', '-normalize', '-no-tune', '-n-jobs=20', '-symbol-list=BTCUSDT,ETHUSDT,BNBUSDT,XRPUSDT,ADAUSDT,DOGEUSDT,SOLUSDT,TRXUSDT,DOTUSDT,MATICUSDT,LTCUSDT,BCHUSDT,AVAXUSDT,XLMUSDT,LINKUSDT,XMRUSDT,UNIUSDT,ATOMUSDT', '-interval-list=5m', '-estimator-list=knn', '-stop-loss-list=1.0', '-numeric-features=volume,quote_asset_volume,number_of_trades,taker_buy_base_asset_volume,taker_buy_quote_asset_volume', '-regression-PnL-list=72', '-regression-times-list=0', '-start-train-date=2023-01-01', '-start-test-date=2023-07-01']
2023-10-20 22:30:47;BNBUSDT;5m;knn;allknn;1.0;0;72;0.0634;0.7066;0.3227;0.3227;quote_asset_volume,ema_200p;;0.7;False;2023-01-01;2023-07-22 22:10:00;3;True;<< NOT SAVED >>;['-batch-training', '-calc-rsi', '-normalize', '-no-tune', '-n-jobs=20', '-symbol-list=BTCUSDT,ETHUSDT,BNBUSDT,XRPUSDT,ADAUSDT,DOGEUSDT,SOLUSDT,TRXUSDT,DOTUSDT,MATICUSDT,LTCUSDT,BCHUSDT,AVAXUSDT,XLMUSDT,LINKUSDT,XMRUSDT,UNIUSDT,ATOMUSDT', '-interval-list=5m', '-estimator-list=knn', '-stop-loss-list=1.0', '-numeric-features=volume,quote_asset_volume,number_of_trades,taker_buy_base_asset_volume,taker_buy_quote_asset_volume', '-regression-PnL-list=72', '-regression-times-list=0', '-start-train-date=2023-01-01', '-start-test-date=2023-07-01']
2023-10-20 22:27:29;BNBUSDT;5m;knn;instancehardnessthreshold;1.0;0;72;0.3231;0.492;0.2682;0.3231;volume,taker_buy_base_asset_volume;;0.7;False;2023-01-01;2023-07-22 22:10:00;3;True;<< NOT SAVED >>;['-batch-training', '-calc-rsi', '-normalize', '-no-tune', '-n-jobs=20', '-symbol-list=BTCUSDT,ETHUSDT,BNBUSDT,XRPUSDT,ADAUSDT,DOGEUSDT,SOLUSDT,TRXUSDT,DOTUSDT,MATICUSDT,LTCUSDT,BCHUSDT,AVAXUSDT,XLMUSDT,LINKUSDT,XMRUSDT,UNIUSDT,ATOMUSDT', '-interval-list=5m', '-estimator-list=knn', '-stop-loss-list=1.0', '-numeric-features=volume,quote_asset_volume,number_of_trades,taker_buy_base_asset_volume,taker_buy_quote_asset_volume', '-regression-PnL-list=72', '-regression-times-list=0', '-start-train-date=2023-01-01', '-start-test-date=2023-07-01']
2023-10-20 23:04:19;BNBUSDT;5m;knn;instancehardnessthreshold;1.0;0;72;0.3237;0.4929;0.2968;0.3237;volume,taker_buy_base_asset_volume,taker_buy_quote_asset_volume,rsi;;0.7;False;2023-01-01;2023-07-22 22:10:00;3;True;<< NOT SAVED >>;['-batch-training', '-calc-rsi', '-normalize', '-no-tune', '-n-jobs=20', '-symbol-list=BTCUSDT,ETHUSDT,BNBUSDT,XRPUSDT,ADAUSDT,DOGEUSDT,SOLUSDT,TRXUSDT,DOTUSDT,MATICUSDT,LTCUSDT,BCHUSDT,AVAXUSDT,XLMUSDT,LINKUSDT,XMRUSDT,UNIUSDT,ATOMUSDT', '-interval-list=5m', '-estimator-list=knn', '-stop-loss-list=1.0', '-numeric-features=volume,quote_asset_volume,number_of_trades,taker_buy_base_asset_volume,taker_buy_quote_asset_volume', '-regression-PnL-list=72', '-regression-times-list=0', '-start-train-date=2023-01-01', '-start-test-date=2023-07-01']
2023-10-20 23:22:13;BNBUSDT;5m;knn;instancehardnessthreshold;1.0;0;72;0.2029;0.5971;0.3238;0.3238;volume,quote_asset_volume,number_of_trades,taker_buy_base_asset_volume,ema_200p;;0.7;False;2023-01-01;2023-07-22 22:10:00;3;True;<< NOT SAVED >>;['-batch-training', '-calc-rsi', '-normalize', '-no-tune', '-n-jobs=20', '-symbol-list=BTCUSDT,ETHUSDT,BNBUSDT,XRPUSDT,ADAUSDT,DOGEUSDT,SOLUSDT,TRXUSDT,DOTUSDT,MATICUSDT,LTCUSDT,BCHUSDT,AVAXUSDT,XLMUSDT,LINKUSDT,XMRUSDT,UNIUSDT,ATOMUSDT', '-interval-list=5m', '-estimator-list=knn', '-stop-loss-list=1.0', '-numeric-features=volume,quote_asset_volume,number_of_trades,taker_buy_base_asset_volume,taker_buy_quote_asset_volume', '-regression-PnL-list=72', '-regression-times-list=0', '-start-train-date=2023-01-01', '-start-test-date=2023-07-01']
2023-10-20 22:28:35;BNBUSDT;5m;knn;allknn;1.0;0;72;0.0498;0.7094;0.3242;0.3242;volume,ema_72p;;0.7;False;2023-01-01;2023-07-22 22:10:00;3;True;<< NOT SAVED >>;['-batch-training', '-calc-rsi', '-normalize', '-no-tune', '-n-jobs=20', '-symbol-list=BTCUSDT,ETHUSDT,BNBUSDT,XRPUSDT,ADAUSDT,DOGEUSDT,SOLUSDT,TRXUSDT,DOTUSDT,MATICUSDT,LTCUSDT,BCHUSDT,AVAXUSDT,XLMUSDT,LINKUSDT,XMRUSDT,UNIUSDT,ATOMUSDT', '-interval-list=5m', '-estimator-list=knn', '-stop-loss-list=1.0', '-numeric-features=volume,quote_asset_volume,number_of_trades,taker_buy_base_asset_volume,taker_buy_quote_asset_volume', '-regression-PnL-list=72', '-regression-times-list=0', '-start-train-date=2023-01-01', '-start-test-date=2023-07-01']
2023-10-20 23:48:37;BNBUSDT;5m;knn;allknn;1.0;0;72;0.0774;0.6941;0.3242;0.3242;volume,quote_asset_volume,taker_buy_base_asset_volume,taker_buy_quote_asset_volume,ema_72p,ema_200p;;0.7;False;2023-01-01;2023-07-22 22:10:00;3;True;<< NOT SAVED >>;['-batch-training', '-calc-rsi', '-normalize', '-no-tune', '-n-jobs=20', '-symbol-list=BTCUSDT,ETHUSDT,BNBUSDT,XRPUSDT,ADAUSDT,DOGEUSDT,SOLUSDT,TRXUSDT,DOTUSDT,MATICUSDT,LTCUSDT,BCHUSDT,AVAXUSDT,XLMUSDT,LINKUSDT,XMRUSDT,UNIUSDT,ATOMUSDT', '-interval-list=5m', '-estimator-list=knn', '-stop-loss-list=1.0', '-numeric-features=volume,quote_asset_volume,number_of_trades,taker_buy_base_asset_volume,taker_buy_quote_asset_volume', '-regression-PnL-list=72', '-regression-times-list=0', '-start-train-date=2023-01-01', '-start-test-date=2023-07-01']
2023-10-20 23:20:13;BNBUSDT;5m;knn;instancehardnessthreshold;1.0;0;72;0.1921;0.574;0.3246;0.3246;taker_buy_base_asset_volume,rsi,ema_72p,ema_200p;;0.7;False;2023-01-01;2023-07-22 22:10:00;3;True;<< NOT SAVED >>;['-batch-training', '-calc-rsi', '-normalize', '-no-tune', '-n-jobs=20', '-symbol-list=BTCUSDT,ETHUSDT,BNBUSDT,XRPUSDT,ADAUSDT,DOGEUSDT,SOLUSDT,TRXUSDT,DOTUSDT,MATICUSDT,LTCUSDT,BCHUSDT,AVAXUSDT,XLMUSDT,LINKUSDT,XMRUSDT,UNIUSDT,ATOMUSDT', '-interval-list=5m', '-estimator-list=knn', '-stop-loss-list=1.0', '-numeric-features=volume,quote_asset_volume,number_of_trades,taker_buy_base_asset_volume,taker_buy_quote_asset_volume', '-regression-PnL-list=72', '-regression-times-list=0', '-start-train-date=2023-01-01', '-start-test-date=2023-07-01']
2023-10-20 23:20:23;BNBUSDT;5m;knn;allknn;1.0;0;72;0.0812;0.6806;0.3246;0.3246;taker_buy_base_asset_volume,rsi,ema_72p,ema_200p;;0.7;False;2023-01-01;2023-07-22 22:10:00;3;True;<< NOT SAVED >>;['-batch-training', '-calc-rsi', '-normalize', '-no-tune', '-n-jobs=20', '-symbol-list=BTCUSDT,ETHUSDT,BNBUSDT,XRPUSDT,ADAUSDT,DOGEUSDT,SOLUSDT,TRXUSDT,DOTUSDT,MATICUSDT,LTCUSDT,BCHUSDT,AVAXUSDT,XLMUSDT,LINKUSDT,XMRUSDT,UNIUSDT,ATOMUSDT', '-interval-list=5m', '-estimator-list=knn', '-stop-loss-list=1.0', '-numeric-features=volume,quote_asset_volume,number_of_trades,taker_buy_base_asset_volume,taker_buy_quote_asset_volume', '-regression-PnL-list=72', '-regression-times-list=0', '-start-train-date=2023-01-01', '-start-test-date=2023-07-01']
2023-10-20 23:34:26;BNBUSDT;5m;knn;instancehardnessthreshold;1.0;0;72;0.1972;0.5737;0.325;0.325;volume,taker_buy_quote_asset_volume,rsi,ema_72p,ema_200p;;0.7;False;2023-01-01;2023-07-22 22:10:00;3;True;<< NOT SAVED >>;['-batch-training', '-calc-rsi', '-normalize', '-no-tune', '-n-jobs=20', '-symbol-list=BTCUSDT,ETHUSDT,BNBUSDT,XRPUSDT,ADAUSDT,DOGEUSDT,SOLUSDT,TRXUSDT,DOTUSDT,MATICUSDT,LTCUSDT,BCHUSDT,AVAXUSDT,XLMUSDT,LINKUSDT,XMRUSDT,UNIUSDT,ATOMUSDT', '-interval-list=5m', '-estimator-list=knn', '-stop-loss-list=1.0', '-numeric-features=volume,quote_asset_volume,number_of_trades,taker_buy_base_asset_volume,taker_buy_quote_asset_volume', '-regression-PnL-list=72', '-regression-times-list=0', '-start-train-date=2023-01-01', '-start-test-date=2023-07-01']
2023-10-20 22:34:44;BNBUSDT;5m;knn;instancehardnessthreshold;1.0;0;72;0.1297;0.5927;0.3257;0.3257;rsi,ema_72p;;0.7;False;2023-01-01;2023-07-22 22:10:00;3;True;<< NOT SAVED >>;['-batch-training', '-calc-rsi', '-normalize', '-no-tune', '-n-jobs=20', '-symbol-list=BTCUSDT,ETHUSDT,BNBUSDT,XRPUSDT,ADAUSDT,DOGEUSDT,SOLUSDT,TRXUSDT,DOTUSDT,MATICUSDT,LTCUSDT,BCHUSDT,AVAXUSDT,XLMUSDT,LINKUSDT,XMRUSDT,UNIUSDT,ATOMUSDT', '-interval-list=5m', '-estimator-list=knn', '-stop-loss-list=1.0', '-numeric-features=volume,quote_asset_volume,number_of_trades,taker_buy_base_asset_volume,taker_buy_quote_asset_volume', '-regression-PnL-list=72', '-regression-times-list=0', '-start-train-date=2023-01-01', '-start-test-date=2023-07-01']
2023-10-20 23:02:35;BNBUSDT;5m;knn;allknn;1.0;0;72;0.0431;0.7183;0.3257;0.3257;volume,number_of_trades,taker_buy_quote_asset_volume,ema_72p;;0.7;False;2023-01-01;2023-07-22 22:10:00;3;True;<< NOT SAVED >>;['-batch-training', '-calc-rsi', '-normalize', '-no-tune', '-n-jobs=20', '-symbol-list=BTCUSDT,ETHUSDT,BNBUSDT,XRPUSDT,ADAUSDT,DOGEUSDT,SOLUSDT,TRXUSDT,DOTUSDT,MATICUSDT,LTCUSDT,BCHUSDT,AVAXUSDT,XLMUSDT,LINKUSDT,XMRUSDT,UNIUSDT,ATOMUSDT', '-interval-list=5m', '-estimator-list=knn', '-stop-loss-list=1.0', '-numeric-features=volume,quote_asset_volume,number_of_trades,taker_buy_base_asset_volume,taker_buy_quote_asset_volume', '-regression-PnL-list=72', '-regression-times-list=0', '-start-train-date=2023-01-01', '-start-test-date=2023-07-01']
2023-10-20 22:57:59;BNBUSDT;5m;knn;instancehardnessthreshold;1.0;0;72;0.2292;0.5767;0.3257;0.3257;volume,quote_asset_volume,taker_buy_base_asset_volume,ema_200p;;0.7;False;2023-01-01;2023-07-22 22:10:00;3;True;<< NOT SAVED >>;['-batch-training', '-calc-rsi', '-normalize', '-no-tune', '-n-jobs=20', '-symbol-list=BTCUSDT,ETHUSDT,BNBUSDT,XRPUSDT,ADAUSDT,DOGEUSDT,SOLUSDT,TRXUSDT,DOTUSDT,MATICUSDT,LTCUSDT,BCHUSDT,AVAXUSDT,XLMUSDT,LINKUSDT,XMRUSDT,UNIUSDT,ATOMUSDT', '-interval-list=5m', '-estimator-list=knn', '-stop-loss-list=1.0', '-numeric-features=volume,quote_asset_volume,number_of_trades,taker_buy_base_asset_volume,taker_buy_quote_asset_volume', '-regression-PnL-list=72', '-regression-times-list=0', '-start-train-date=2023-01-01', '-start-test-date=2023-07-01']
2023-10-20 23:16:07;BNBUSDT;5m;knn;instancehardnessthreshold;1.0;0;72;0.2016;0.5931;0.3269;0.3269;number_of_trades,taker_buy_base_asset_volume,taker_buy_quote_asset_volume,ema_200p;;0.7;False;2023-01-01;2023-07-22 22:10:00;3;True;<< NOT SAVED >>;['-batch-training', '-calc-rsi', '-normalize', '-no-tune', '-n-jobs=20', '-symbol-list=BTCUSDT,ETHUSDT,BNBUSDT,XRPUSDT,ADAUSDT,DOGEUSDT,SOLUSDT,TRXUSDT,DOTUSDT,MATICUSDT,LTCUSDT,BCHUSDT,AVAXUSDT,XLMUSDT,LINKUSDT,XMRUSDT,UNIUSDT,ATOMUSDT', '-interval-list=5m', '-estimator-list=knn', '-stop-loss-list=1.0', '-numeric-features=volume,quote_asset_volume,number_of_trades,taker_buy_base_asset_volume,taker_buy_quote_asset_volume', '-regression-PnL-list=72', '-regression-times-list=0', '-start-train-date=2023-01-01', '-start-test-date=2023-07-01']
2023-10-20 23:32:40;BNBUSDT;5m;knn;allknn;1.0;0;72;0.0523;0.683;0.3273;0.3273;volume,number_of_trades,rsi,ema_72p,ema_200p;;0.7;False;2023-01-01;2023-07-22 22:10:00;3;True;<< NOT SAVED >>;['-batch-training', '-calc-rsi', '-normalize', '-no-tune', '-n-jobs=20', '-symbol-list=BTCUSDT,ETHUSDT,BNBUSDT,XRPUSDT,ADAUSDT,DOGEUSDT,SOLUSDT,TRXUSDT,DOTUSDT,MATICUSDT,LTCUSDT,BCHUSDT,AVAXUSDT,XLMUSDT,LINKUSDT,XMRUSDT,UNIUSDT,ATOMUSDT', '-interval-list=5m', '-estimator-list=knn', '-stop-loss-list=1.0', '-numeric-features=volume,quote_asset_volume,number_of_trades,taker_buy_base_asset_volume,taker_buy_quote_asset_volume', '-regression-PnL-list=72', '-regression-times-list=0', '-start-train-date=2023-01-01', '-start-test-date=2023-07-01']
2023-10-20 23:15:55;BNBUSDT;5m;knn;allknn;1.0;0;72;0.0441;0.7133;0.3273;0.3273;number_of_trades,taker_buy_base_asset_volume,taker_buy_quote_asset_volume,ema_72p;;0.7;False;2023-01-01;2023-07-22 22:10:00;3;True;<< NOT SAVED >>;['-batch-training', '-calc-rsi', '-normalize', '-no-tune', '-n-jobs=20', '-symbol-list=BTCUSDT,ETHUSDT,BNBUSDT,XRPUSDT,ADAUSDT,DOGEUSDT,SOLUSDT,TRXUSDT,DOTUSDT,MATICUSDT,LTCUSDT,BCHUSDT,AVAXUSDT,XLMUSDT,LINKUSDT,XMRUSDT,UNIUSDT,ATOMUSDT', '-interval-list=5m', '-estimator-list=knn', '-stop-loss-list=1.0', '-numeric-features=volume,quote_asset_volume,number_of_trades,taker_buy_base_asset_volume,taker_buy_quote_asset_volume', '-regression-PnL-list=72', '-regression-times-list=0', '-start-train-date=2023-01-01', '-start-test-date=2023-07-01']
2023-10-20 22:33:31;BNBUSDT;5m;knn;instancehardnessthreshold;1.0;0;72;0.1975;0.5763;0.3288;0.3288;taker_buy_base_asset_volume,ema_200p;;0.7;False;2023-01-01;2023-07-22 22:10:00;3;True;<< NOT SAVED >>;['-batch-training', '-calc-rsi', '-normalize', '-no-tune', '-n-jobs=20', '-symbol-list=BTCUSDT,ETHUSDT,BNBUSDT,XRPUSDT,ADAUSDT,DOGEUSDT,SOLUSDT,TRXUSDT,DOTUSDT,MATICUSDT,LTCUSDT,BCHUSDT,AVAXUSDT,XLMUSDT,LINKUSDT,XMRUSDT,UNIUSDT,ATOMUSDT', '-interval-list=5m', '-estimator-list=knn', '-stop-loss-list=1.0', '-numeric-features=volume,quote_asset_volume,number_of_trades,taker_buy_base_asset_volume,taker_buy_quote_asset_volume', '-regression-PnL-list=72', '-regression-times-list=0', '-start-train-date=2023-01-01', '-start-test-date=2023-07-01']
2023-10-20 23:42:27;BNBUSDT;5m;knn;allknn;1.0;0;72;0.0485;0.6927;0.3296;0.3296;number_of_trades,taker_buy_quote_asset_volume,rsi,ema_72p,ema_200p;;0.7;False;2023-01-01;2023-07-22 22:10:00;3;True;<< NOT SAVED >>;['-batch-training', '-calc-rsi', '-normalize', '-no-tune', '-n-jobs=20', '-symbol-list=BTCUSDT,ETHUSDT,BNBUSDT,XRPUSDT,ADAUSDT,DOGEUSDT,SOLUSDT,TRXUSDT,DOTUSDT,MATICUSDT,LTCUSDT,BCHUSDT,AVAXUSDT,XLMUSDT,LINKUSDT,XMRUSDT,UNIUSDT,ATOMUSDT', '-interval-list=5m', '-estimator-list=knn', '-stop-loss-list=1.0', '-numeric-features=volume,quote_asset_volume,number_of_trades,taker_buy_base_asset_volume,taker_buy_quote_asset_volume', '-regression-PnL-list=72', '-regression-times-list=0', '-start-train-date=2023-01-01', '-start-test-date=2023-07-01']
2023-10-20 22:39:52;BNBUSDT;5m;knn;instancehardnessthreshold;1.0;0;72;0.3297;0.4957;0.2941;0.3297;volume,taker_buy_base_asset_volume,rsi;;0.7;False;2023-01-01;2023-07-22 22:10:00;3;True;<< NOT SAVED >>;['-batch-training', '-calc-rsi', '-normalize', '-no-tune', '-n-jobs=20', '-symbol-list=BTCUSDT,ETHUSDT,BNBUSDT,XRPUSDT,ADAUSDT,DOGEUSDT,SOLUSDT,TRXUSDT,DOTUSDT,MATICUSDT,LTCUSDT,BCHUSDT,AVAXUSDT,XLMUSDT,LINKUSDT,XMRUSDT,UNIUSDT,ATOMUSDT', '-interval-list=5m', '-estimator-list=knn', '-stop-loss-list=1.0', '-numeric-features=volume,quote_asset_volume,number_of_trades,taker_buy_base_asset_volume,taker_buy_quote_asset_volume', '-regression-PnL-list=72', '-regression-times-list=0', '-start-train-date=2023-01-01', '-start-test-date=2023-07-01']
2023-10-20 23:29:13;BNBUSDT;5m;knn;instancehardnessthreshold;1.0;0;72;0.2077;0.6028;0.33;0.33;volume,number_of_trades,taker_buy_base_asset_volume,taker_buy_quote_asset_volume,ema_72p;;0.7;False;2023-01-01;2023-07-22 22:10:00;3;True;<< NOT SAVED >>;['-batch-training', '-calc-rsi', '-normalize', '-no-tune', '-n-jobs=20', '-symbol-list=BTCUSDT,ETHUSDT,BNBUSDT,XRPUSDT,ADAUSDT,DOGEUSDT,SOLUSDT,TRXUSDT,DOTUSDT,MATICUSDT,LTCUSDT,BCHUSDT,AVAXUSDT,XLMUSDT,LINKUSDT,XMRUSDT,UNIUSDT,ATOMUSDT', '-interval-list=5m', '-estimator-list=knn', '-stop-loss-list=1.0', '-numeric-features=volume,quote_asset_volume,number_of_trades,taker_buy_base_asset_volume,taker_buy_quote_asset_volume', '-regression-PnL-list=72', '-regression-times-list=0', '-start-train-date=2023-01-01', '-start-test-date=2023-07-01']
2023-10-20 23:53:36;BNBUSDT;5m;knn;allknn;1.0;0;72;0.0479;0.713;0.3304;0.3304;quote_asset_volume,number_of_trades,taker_buy_base_asset_volume,taker_buy_quote_asset_volume,ema_72p,ema_200p;;0.7;False;2023-01-01;2023-07-22 22:10:00;3;True;<< NOT SAVED >>;['-batch-training', '-calc-rsi', '-normalize', '-no-tune', '-n-jobs=20', '-symbol-list=BTCUSDT,ETHUSDT,BNBUSDT,XRPUSDT,ADAUSDT,DOGEUSDT,SOLUSDT,TRXUSDT,DOTUSDT,MATICUSDT,LTCUSDT,BCHUSDT,AVAXUSDT,XLMUSDT,LINKUSDT,XMRUSDT,UNIUSDT,ATOMUSDT', '-interval-list=5m', '-estimator-list=knn', '-stop-loss-list=1.0', '-numeric-features=volume,quote_asset_volume,number_of_trades,taker_buy_base_asset_volume,taker_buy_quote_asset_volume', '-regression-PnL-list=72', '-regression-times-list=0', '-start-train-date=2023-01-01', '-start-test-date=2023-07-01']
2023-10-20 22:39:31;BNBUSDT;5m;knn;instancehardnessthreshold;1.0;0;72;0.3307;0.4833;0.2918;0.3307;volume,taker_buy_base_asset_volume,taker_buy_quote_asset_volume;;0.7;False;2023-01-01;2023-07-22 22:10:00;3;True;<< NOT SAVED >>;['-batch-training', '-calc-rsi', '-normalize', '-no-tune', '-n-jobs=20', '-symbol-list=BTCUSDT,ETHUSDT,BNBUSDT,XRPUSDT,ADAUSDT,DOGEUSDT,SOLUSDT,TRXUSDT,DOTUSDT,MATICUSDT,LTCUSDT,BCHUSDT,AVAXUSDT,XLMUSDT,LINKUSDT,XMRUSDT,UNIUSDT,ATOMUSDT', '-interval-list=5m', '-estimator-list=knn', '-stop-loss-list=1.0', '-numeric-features=volume,quote_asset_volume,number_of_trades,taker_buy_base_asset_volume,taker_buy_quote_asset_volume', '-regression-PnL-list=72', '-regression-times-list=0', '-start-train-date=2023-01-01', '-start-test-date=2023-07-01']
2023-10-20 23:23:27;BNBUSDT;5m;knn;instancehardnessthreshold;1.0;0;72;0.195;0.5972;0.3308;0.3308;volume,quote_asset_volume,number_of_trades,taker_buy_quote_asset_volume,ema_200p;;0.7;False;2023-01-01;2023-07-22 22:10:00;3;True;<< NOT SAVED >>;['-batch-training', '-calc-rsi', '-normalize', '-no-tune', '-n-jobs=20', '-symbol-list=BTCUSDT,ETHUSDT,BNBUSDT,XRPUSDT,ADAUSDT,DOGEUSDT,SOLUSDT,TRXUSDT,DOTUSDT,MATICUSDT,LTCUSDT,BCHUSDT,AVAXUSDT,XLMUSDT,LINKUSDT,XMRUSDT,UNIUSDT,ATOMUSDT', '-interval-list=5m', '-estimator-list=knn', '-stop-loss-list=1.0', '-numeric-features=volume,quote_asset_volume,number_of_trades,taker_buy_base_asset_volume,taker_buy_quote_asset_volume', '-regression-PnL-list=72', '-regression-times-list=0', '-start-train-date=2023-01-01', '-start-test-date=2023-07-01']
2023-10-20 23:01:26;BNBUSDT;5m;knn;allknn;1.0;0;72;0.0606;0.7112;0.3308;0.3308;volume,number_of_trades,taker_buy_base_asset_volume,ema_72p;;0.7;False;2023-01-01;2023-07-22 22:10:00;3;True;<< NOT SAVED >>;['-batch-training', '-calc-rsi', '-normalize', '-no-tune', '-n-jobs=20', '-symbol-list=BTCUSDT,ETHUSDT,BNBUSDT,XRPUSDT,ADAUSDT,DOGEUSDT,SOLUSDT,TRXUSDT,DOTUSDT,MATICUSDT,LTCUSDT,BCHUSDT,AVAXUSDT,XLMUSDT,LINKUSDT,XMRUSDT,UNIUSDT,ATOMUSDT', '-interval-list=5m', '-estimator-list=knn', '-stop-loss-list=1.0', '-numeric-features=volume,quote_asset_volume,number_of_trades,taker_buy_base_asset_volume,taker_buy_quote_asset_volume', '-regression-PnL-list=72', '-regression-times-list=0', '-start-train-date=2023-01-01', '-start-test-date=2023-07-01']
2023-10-29 17:37:39;BNBUSDT;5m;knn;instancehardnessthreshold;1.0;0;72;0.0066;0.6206;0.3309;0.3309;close,rsi;;0.7;False;2023-01-01;2023-07-31 19:40:00;3;True;<< NOT SAVED >>;['-batch-training', '-calc-rsi', '-normalize', '-no-tune', '-n-jobs=20', '-symbol-list=BTCUSDT,ETHUSDT,BNBUSDT,XRPUSDT,ADAUSDT,DOGEUSDT,SOLUSDT,TRXUSDT,DOTUSDT,MATICUSDT,LTCUSDT,BCHUSDT,AVAXUSDT,XLMUSDT,LINKUSDT,XMRUSDT,UNIUSDT,ATOMUSDT', '-interval-list=5m', '-estimator-list=knn', '-stop-loss-list=1.0', '-numeric-features=close,volume,quote_asset_volume,number_of_trades', '-regression-PnL-list=72', '-regression-times-list=0', '-start-train-date=2023-01-01', '-start-test-date=2023-07-01']
2023-10-20 22:41:47;BNBUSDT;5m;knn;allknn;1.0;0;72;0.0612;0.6989;0.3311;0.3311;volume,taker_buy_quote_asset_volume,ema_200p;;0.7;False;2023-01-01;2023-07-22 22:10:00;3;True;<< NOT SAVED >>;['-batch-training', '-calc-rsi', '-normalize', '-no-tune', '-n-jobs=20', '-symbol-list=BTCUSDT,ETHUSDT,BNBUSDT,XRPUSDT,ADAUSDT,DOGEUSDT,SOLUSDT,TRXUSDT,DOTUSDT,MATICUSDT,LTCUSDT,BCHUSDT,AVAXUSDT,XLMUSDT,LINKUSDT,XMRUSDT,UNIUSDT,ATOMUSDT', '-interval-list=5m', '-estimator-list=knn', '-stop-loss-list=1.0', '-numeric-features=volume,quote_asset_volume,number_of_trades,taker_buy_base_asset_volume,taker_buy_quote_asset_volume', '-regression-PnL-list=72', '-regression-times-list=0', '-start-train-date=2023-01-01', '-start-test-date=2023-07-01']
2023-10-20 23:09:08;BNBUSDT;5m;knn;instancehardnessthreshold;1.0;0;72;0.1988;0.5971;0.3311;0.3311;quote_asset_volume,number_of_trades,taker_buy_base_asset_volume,ema_200p;;0.7;False;2023-01-01;2023-07-22 22:10:00;3;True;<< NOT SAVED >>;['-batch-training', '-calc-rsi', '-normalize', '-no-tune', '-n-jobs=20', '-symbol-list=BTCUSDT,ETHUSDT,BNBUSDT,XRPUSDT,ADAUSDT,DOGEUSDT,SOLUSDT,TRXUSDT,DOTUSDT,MATICUSDT,LTCUSDT,BCHUSDT,AVAXUSDT,XLMUSDT,LINKUSDT,XMRUSDT,UNIUSDT,ATOMUSDT', '-interval-list=5m', '-estimator-list=knn', '-stop-loss-list=1.0', '-numeric-features=volume,quote_asset_volume,number_of_trades,taker_buy_base_asset_volume,taker_buy_quote_asset_volume', '-regression-PnL-list=72', '-regression-times-list=0', '-start-train-date=2023-01-01', '-start-test-date=2023-07-01']
2023-10-20 23:32:29;BNBUSDT;5m;knn;instancehardnessthreshold;1.0;0;72;0.1703;0.591;0.3315;0.3315;volume,number_of_trades,rsi,ema_72p,ema_200p;;0.7;False;2023-01-01;2023-07-22 22:10:00;3;True;<< NOT SAVED >>;['-batch-training', '-calc-rsi', '-normalize', '-no-tune', '-n-jobs=20', '-symbol-list=BTCUSDT,ETHUSDT,BNBUSDT,XRPUSDT,ADAUSDT,DOGEUSDT,SOLUSDT,TRXUSDT,DOTUSDT,MATICUSDT,LTCUSDT,BCHUSDT,AVAXUSDT,XLMUSDT,LINKUSDT,XMRUSDT,UNIUSDT,ATOMUSDT', '-interval-list=5m', '-estimator-list=knn', '-stop-loss-list=1.0', '-numeric-features=volume,quote_asset_volume,number_of_trades,taker_buy_base_asset_volume,taker_buy_quote_asset_volume', '-regression-PnL-list=72', '-regression-times-list=0', '-start-train-date=2023-01-01', '-start-test-date=2023-07-01']
2023-10-20 22:30:29;BNBUSDT;5m;knn;allknn;1.0;0;72;0.0549;0.6982;0.3315;0.3315;quote_asset_volume,ema_72p;;0.7;False;2023-01-01;2023-07-22 22:10:00;3;True;<< NOT SAVED >>;['-batch-training', '-calc-rsi', '-normalize', '-no-tune', '-n-jobs=20', '-symbol-list=BTCUSDT,ETHUSDT,BNBUSDT,XRPUSDT,ADAUSDT,DOGEUSDT,SOLUSDT,TRXUSDT,DOTUSDT,MATICUSDT,LTCUSDT,BCHUSDT,AVAXUSDT,XLMUSDT,LINKUSDT,XMRUSDT,UNIUSDT,ATOMUSDT', '-interval-list=5m', '-estimator-list=knn', '-stop-loss-list=1.0', '-numeric-features=volume,quote_asset_volume,number_of_trades,taker_buy_base_asset_volume,taker_buy_quote_asset_volume', '-regression-PnL-list=72', '-regression-times-list=0', '-start-train-date=2023-01-01', '-start-test-date=2023-07-01']
2023-10-20 22:28:08;BNBUSDT;5m;knn;instancehardnessthreshold;1.0;0;72;0.3316;0.4949;0.2671;0.3316;volume,rsi;;0.7;False;2023-01-01;2023-07-22 22:10:00;3;True;<< NOT SAVED >>;['-batch-training', '-calc-rsi', '-normalize', '-no-tune', '-n-jobs=20', '-symbol-list=BTCUSDT,ETHUSDT,BNBUSDT,XRPUSDT,ADAUSDT,DOGEUSDT,SOLUSDT,TRXUSDT,DOTUSDT,MATICUSDT,LTCUSDT,BCHUSDT,AVAXUSDT,XLMUSDT,LINKUSDT,XMRUSDT,UNIUSDT,ATOMUSDT', '-interval-list=5m', '-estimator-list=knn', '-stop-loss-list=1.0', '-numeric-features=volume,quote_asset_volume,number_of_trades,taker_buy_base_asset_volume,taker_buy_quote_asset_volume', '-regression-PnL-list=72', '-regression-times-list=0', '-start-train-date=2023-01-01', '-start-test-date=2023-07-01']
2023-10-20 23:18:46;BNBUSDT;5m;knn;instancehardnessthreshold;1.0;0;72;0.1579;0.6145;0.3319;0.3319;number_of_trades,rsi,ema_72p,ema_200p;;0.7;False;2023-01-01;2023-07-22 22:10:00;3;True;<< NOT SAVED >>;['-batch-training', '-calc-rsi', '-normalize', '-no-tune', '-n-jobs=20', '-symbol-list=BTCUSDT,ETHUSDT,BNBUSDT,XRPUSDT,ADAUSDT,DOGEUSDT,SOLUSDT,TRXUSDT,DOTUSDT,MATICUSDT,LTCUSDT,BCHUSDT,AVAXUSDT,XLMUSDT,LINKUSDT,XMRUSDT,UNIUSDT,ATOMUSDT', '-interval-list=5m', '-estimator-list=knn', '-stop-loss-list=1.0', '-numeric-features=volume,quote_asset_volume,number_of_trades,taker_buy_base_asset_volume,taker_buy_quote_asset_volume', '-regression-PnL-list=72', '-regression-times-list=0', '-start-train-date=2023-01-01', '-start-test-date=2023-07-01']
2023-10-20 23:49:30;BNBUSDT;5m;knn;allknn;1.0;0;72;0.0457;0.7101;0.3319;0.3319;volume,quote_asset_volume,taker_buy_quote_asset_volume,rsi,ema_72p,ema_200p;;0.7;False;2023-01-01;2023-07-22 22:10:00;3;True;<< NOT SAVED >>;['-batch-training', '-calc-rsi', '-normalize', '-no-tune', '-n-jobs=20', '-symbol-list=BTCUSDT,ETHUSDT,BNBUSDT,XRPUSDT,ADAUSDT,DOGEUSDT,SOLUSDT,TRXUSDT,DOTUSDT,MATICUSDT,LTCUSDT,BCHUSDT,AVAXUSDT,XLMUSDT,LINKUSDT,XMRUSDT,UNIUSDT,ATOMUSDT', '-interval-list=5m', '-estimator-list=knn', '-stop-loss-list=1.0', '-numeric-features=volume,quote_asset_volume,number_of_trades,taker_buy_base_asset_volume,taker_buy_quote_asset_volume', '-regression-PnL-list=72', '-regression-times-list=0', '-start-train-date=2023-01-01', '-start-test-date=2023-07-01']
2023-10-29 17:38:57;BNBUSDT;5m;knn;allknn;1.0;0;72;0.0124;0.621;0.3323;0.3323;close,volume,quote_asset_volume;;0.7;False;2023-01-01;2023-07-31 19:40:00;3;True;<< NOT SAVED >>;['-batch-training', '-calc-rsi', '-normalize', '-no-tune', '-n-jobs=20', '-symbol-list=BTCUSDT,ETHUSDT,BNBUSDT,XRPUSDT,ADAUSDT,DOGEUSDT,SOLUSDT,TRXUSDT,DOTUSDT,MATICUSDT,LTCUSDT,BCHUSDT,AVAXUSDT,XLMUSDT,LINKUSDT,XMRUSDT,UNIUSDT,ATOMUSDT', '-interval-list=5m', '-estimator-list=knn', '-stop-loss-list=1.0', '-numeric-features=close,volume,quote_asset_volume,number_of_trades', '-regression-PnL-list=72', '-regression-times-list=0', '-start-train-date=2023-01-01', '-start-test-date=2023-07-01']
2023-10-20 22:40:23;BNBUSDT;5m;knn;allknn;1.0;0;72;0.0821;0.6933;0.3323;0.3323;volume,taker_buy_base_asset_volume,ema_72p;;0.7;False;2023-01-01;2023-07-22 22:10:00;3;True;<< NOT SAVED >>;['-batch-training', '-calc-rsi', '-normalize', '-no-tune', '-n-jobs=20', '-symbol-list=BTCUSDT,ETHUSDT,BNBUSDT,XRPUSDT,ADAUSDT,DOGEUSDT,SOLUSDT,TRXUSDT,DOTUSDT,MATICUSDT,LTCUSDT,BCHUSDT,AVAXUSDT,XLMUSDT,LINKUSDT,XMRUSDT,UNIUSDT,ATOMUSDT', '-interval-list=5m', '-estimator-list=knn', '-stop-loss-list=1.0', '-numeric-features=volume,quote_asset_volume,number_of_trades,taker_buy_base_asset_volume,taker_buy_quote_asset_volume', '-regression-PnL-list=72', '-regression-times-list=0', '-start-train-date=2023-01-01', '-start-test-date=2023-07-01']
2023-10-20 23:42:03;BNBUSDT;5m;knn;allknn;1.0;0;72;0.065;0.6929;0.3323;0.3323;number_of_trades,taker_buy_base_asset_volume,rsi,ema_72p,ema_200p;;0.7;False;2023-01-01;2023-07-22 22:10:00;3;True;<< NOT SAVED >>;['-batch-training', '-calc-rsi', '-normalize', '-no-tune', '-n-jobs=20', '-symbol-list=BTCUSDT,ETHUSDT,BNBUSDT,XRPUSDT,ADAUSDT,DOGEUSDT,SOLUSDT,TRXUSDT,DOTUSDT,MATICUSDT,LTCUSDT,BCHUSDT,AVAXUSDT,XLMUSDT,LINKUSDT,XMRUSDT,UNIUSDT,ATOMUSDT', '-interval-list=5m', '-estimator-list=knn', '-stop-loss-list=1.0', '-numeric-features=volume,quote_asset_volume,number_of_trades,taker_buy_base_asset_volume,taker_buy_quote_asset_volume', '-regression-PnL-list=72', '-regression-times-list=0', '-start-train-date=2023-01-01', '-start-test-date=2023-07-01']
2023-10-20 23:20:35;BNBUSDT;5m;knn;instancehardnessthreshold;1.0;0;72;0.169;0.5743;0.3327;0.3327;taker_buy_quote_asset_volume,rsi,ema_72p,ema_200p;;0.7;False;2023-01-01;2023-07-22 22:10:00;3;True;<< NOT SAVED >>;['-batch-training', '-calc-rsi', '-normalize', '-no-tune', '-n-jobs=20', '-symbol-list=BTCUSDT,ETHUSDT,BNBUSDT,XRPUSDT,ADAUSDT,DOGEUSDT,SOLUSDT,TRXUSDT,DOTUSDT,MATICUSDT,LTCUSDT,BCHUSDT,AVAXUSDT,XLMUSDT,LINKUSDT,XMRUSDT,UNIUSDT,ATOMUSDT', '-interval-list=5m', '-estimator-list=knn', '-stop-loss-list=1.0', '-numeric-features=volume,quote_asset_volume,number_of_trades,taker_buy_base_asset_volume,taker_buy_quote_asset_volume', '-regression-PnL-list=72', '-regression-times-list=0', '-start-train-date=2023-01-01', '-start-test-date=2023-07-01']
2023-10-20 23:10:17;BNBUSDT;5m;knn;instancehardnessthreshold;1.0;0;72;0.1836;0.6078;0.3335;0.3335;quote_asset_volume,number_of_trades,taker_buy_quote_asset_volume,ema_200p;;0.7;False;2023-01-01;2023-07-22 22:10:00;3;True;<< NOT SAVED >>;['-batch-training', '-calc-rsi', '-normalize', '-no-tune', '-n-jobs=20', '-symbol-list=BTCUSDT,ETHUSDT,BNBUSDT,XRPUSDT,ADAUSDT,DOGEUSDT,SOLUSDT,TRXUSDT,DOTUSDT,MATICUSDT,LTCUSDT,BCHUSDT,AVAXUSDT,XLMUSDT,LINKUSDT,XMRUSDT,UNIUSDT,ATOMUSDT', '-interval-list=5m', '-estimator-list=knn', '-stop-loss-list=1.0', '-numeric-features=volume,quote_asset_volume,number_of_trades,taker_buy_base_asset_volume,taker_buy_quote_asset_volume', '-regression-PnL-list=72', '-regression-times-list=0', '-start-train-date=2023-01-01', '-start-test-date=2023-07-01']
2023-10-20 23:55:25;BNBUSDT;5m;knn;allknn;1.0;0;72;0.0577;0.6844;0.3338;0.3338;number_of_trades,taker_buy_base_asset_volume,taker_buy_quote_asset_volume,rsi,ema_72p,ema_200p;;0.7;False;2023-01-01;2023-07-22 22:10:00;3;True;<< NOT SAVED >>;['-batch-training', '-calc-rsi', '-normalize', '-no-tune', '-n-jobs=20', '-symbol-list=BTCUSDT,ETHUSDT,BNBUSDT,XRPUSDT,ADAUSDT,DOGEUSDT,SOLUSDT,TRXUSDT,DOTUSDT,MATICUSDT,LTCUSDT,BCHUSDT,AVAXUSDT,XLMUSDT,LINKUSDT,XMRUSDT,UNIUSDT,ATOMUSDT', '-interval-list=5m', '-estimator-list=knn', '-stop-loss-list=1.0', '-numeric-features=volume,quote_asset_volume,number_of_trades,taker_buy_base_asset_volume,taker_buy_quote_asset_volume', '-regression-PnL-list=72', '-regression-times-list=0', '-start-train-date=2023-01-01', '-start-test-date=2023-07-01']
2023-10-20 23:15:02;BNBUSDT;5m;knn;instancehardnessthreshold;1.0;0;72;0.155;0.5794;0.3342;0.3342;quote_asset_volume,rsi,ema_72p,ema_200p;;0.7;False;2023-01-01;2023-07-22 22:10:00;3;True;<< NOT SAVED >>;['-batch-training', '-calc-rsi', '-normalize', '-no-tune', '-n-jobs=20', '-symbol-list=BTCUSDT,ETHUSDT,BNBUSDT,XRPUSDT,ADAUSDT,DOGEUSDT,SOLUSDT,TRXUSDT,DOTUSDT,MATICUSDT,LTCUSDT,BCHUSDT,AVAXUSDT,XLMUSDT,LINKUSDT,XMRUSDT,UNIUSDT,ATOMUSDT', '-interval-list=5m', '-estimator-list=knn', '-stop-loss-list=1.0', '-numeric-features=volume,quote_asset_volume,number_of_trades,taker_buy_base_asset_volume,taker_buy_quote_asset_volume', '-regression-PnL-list=72', '-regression-times-list=0', '-start-train-date=2023-01-01', '-start-test-date=2023-07-01']
2023-10-20 23:11:45;BNBUSDT;5m;knn;instancehardnessthreshold;1.0;0;72;0.3345;0.5115;0.2725;0.3345;quote_asset_volume,taker_buy_base_asset_volume,taker_buy_quote_asset_volume,rsi;;0.7;False;2023-01-01;2023-07-22 22:10:00;3;True;<< NOT SAVED >>;['-batch-training', '-calc-rsi', '-normalize', '-no-tune', '-n-jobs=20', '-symbol-list=BTCUSDT,ETHUSDT,BNBUSDT,XRPUSDT,ADAUSDT,DOGEUSDT,SOLUSDT,TRXUSDT,DOTUSDT,MATICUSDT,LTCUSDT,BCHUSDT,AVAXUSDT,XLMUSDT,LINKUSDT,XMRUSDT,UNIUSDT,ATOMUSDT', '-interval-list=5m', '-estimator-list=knn', '-stop-loss-list=1.0', '-numeric-features=volume,quote_asset_volume,number_of_trades,taker_buy_base_asset_volume,taker_buy_quote_asset_volume', '-regression-PnL-list=72', '-regression-times-list=0', '-start-train-date=2023-01-01', '-start-test-date=2023-07-01']
2023-10-20 23:05:12;BNBUSDT;5m;knn;allknn;1.0;0;72;0.0647;0.6987;0.3346;0.3346;volume,taker_buy_base_asset_volume,taker_buy_quote_asset_volume,ema_200p;;0.7;False;2023-01-01;2023-07-22 22:10:00;3;True;<< NOT SAVED >>;['-batch-training', '-calc-rsi', '-normalize', '-no-tune', '-n-jobs=20', '-symbol-list=BTCUSDT,ETHUSDT,BNBUSDT,XRPUSDT,ADAUSDT,DOGEUSDT,SOLUSDT,TRXUSDT,DOTUSDT,MATICUSDT,LTCUSDT,BCHUSDT,AVAXUSDT,XLMUSDT,LINKUSDT,XMRUSDT,UNIUSDT,ATOMUSDT', '-interval-list=5m', '-estimator-list=knn', '-stop-loss-list=1.0', '-numeric-features=volume,quote_asset_volume,number_of_trades,taker_buy_base_asset_volume,taker_buy_quote_asset_volume', '-regression-PnL-list=72', '-regression-times-list=0', '-start-train-date=2023-01-01', '-start-test-date=2023-07-01']
2023-10-20 22:52:00;BNBUSDT;5m;knn;instancehardnessthreshold;1.0;0;72;0.2083;0.5717;0.3354;0.3354;taker_buy_base_asset_volume,taker_buy_quote_asset_volume,ema_72p;;0.7;False;2023-01-01;2023-07-22 22:10:00;3;True;<< NOT SAVED >>;['-batch-training', '-calc-rsi', '-normalize', '-no-tune', '-n-jobs=20', '-symbol-list=BTCUSDT,ETHUSDT,BNBUSDT,XRPUSDT,ADAUSDT,DOGEUSDT,SOLUSDT,TRXUSDT,DOTUSDT,MATICUSDT,LTCUSDT,BCHUSDT,AVAXUSDT,XLMUSDT,LINKUSDT,XMRUSDT,UNIUSDT,ATOMUSDT', '-interval-list=5m', '-estimator-list=knn', '-stop-loss-list=1.0', '-numeric-features=volume,quote_asset_volume,number_of_trades,taker_buy_base_asset_volume,taker_buy_quote_asset_volume', '-regression-PnL-list=72', '-regression-times-list=0', '-start-train-date=2023-01-01', '-start-test-date=2023-07-01']
2023-10-20 23:38:23;BNBUSDT;5m;knn;instancehardnessthreshold;1.0;0;72;0.1722;0.595;0.3354;0.3354;quote_asset_volume,number_of_trades,rsi,ema_72p,ema_200p;;0.7;False;2023-01-01;2023-07-22 22:10:00;3;True;<< NOT SAVED >>;['-batch-training', '-calc-rsi', '-normalize', '-no-tune', '-n-jobs=20', '-symbol-list=BTCUSDT,ETHUSDT,BNBUSDT,XRPUSDT,ADAUSDT,DOGEUSDT,SOLUSDT,TRXUSDT,DOTUSDT,MATICUSDT,LTCUSDT,BCHUSDT,AVAXUSDT,XLMUSDT,LINKUSDT,XMRUSDT,UNIUSDT,ATOMUSDT', '-interval-list=5m', '-estimator-list=knn', '-stop-loss-list=1.0', '-numeric-features=volume,quote_asset_volume,number_of_trades,taker_buy_base_asset_volume,taker_buy_quote_asset_volume', '-regression-PnL-list=72', '-regression-times-list=0', '-start-train-date=2023-01-01', '-start-test-date=2023-07-01']
2023-10-20 22:41:26;BNBUSDT;5m;knn;allknn;1.0;0;72;0.0561;0.6959;0.3354;0.3354;volume,taker_buy_quote_asset_volume,ema_72p;;0.7;False;2023-01-01;2023-07-22 22:10:00;3;True;<< NOT SAVED >>;['-batch-training', '-calc-rsi', '-normalize', '-no-tune', '-n-jobs=20', '-symbol-list=BTCUSDT,ETHUSDT,BNBUSDT,XRPUSDT,ADAUSDT,DOGEUSDT,SOLUSDT,TRXUSDT,DOTUSDT,MATICUSDT,LTCUSDT,BCHUSDT,AVAXUSDT,XLMUSDT,LINKUSDT,XMRUSDT,UNIUSDT,ATOMUSDT', '-interval-list=5m', '-estimator-list=knn', '-stop-loss-list=1.0', '-numeric-features=volume,quote_asset_volume,number_of_trades,taker_buy_base_asset_volume,taker_buy_quote_asset_volume', '-regression-PnL-list=72', '-regression-times-list=0', '-start-train-date=2023-01-01', '-start-test-date=2023-07-01']
2023-10-20 22:45:05;BNBUSDT;5m;knn;instancehardnessthreshold;1.0;0;72;0.3358;0.5051;0.2648;0.3358;quote_asset_volume,taker_buy_base_asset_volume,rsi;;0.7;False;2023-01-01;2023-07-22 22:10:00;3;True;<< NOT SAVED >>;['-batch-training', '-calc-rsi', '-normalize', '-no-tune', '-n-jobs=20', '-symbol-list=BTCUSDT,ETHUSDT,BNBUSDT,XRPUSDT,ADAUSDT,DOGEUSDT,SOLUSDT,TRXUSDT,DOTUSDT,MATICUSDT,LTCUSDT,BCHUSDT,AVAXUSDT,XLMUSDT,LINKUSDT,XMRUSDT,UNIUSDT,ATOMUSDT', '-interval-list=5m', '-estimator-list=knn', '-stop-loss-list=1.0', '-numeric-features=volume,quote_asset_volume,number_of_trades,taker_buy_base_asset_volume,taker_buy_quote_asset_volume', '-regression-PnL-list=72', '-regression-times-list=0', '-start-train-date=2023-01-01', '-start-test-date=2023-07-01']
2023-10-20 23:35:35;BNBUSDT;5m;knn;instancehardnessthreshold;1.0;0;72;0.1852;0.6035;0.3362;0.3362;quote_asset_volume,number_of_trades,taker_buy_base_asset_volume,taker_buy_quote_asset_volume,ema_200p;;0.7;False;2023-01-01;2023-07-22 22:10:00;3;True;<< NOT SAVED >>;['-batch-training', '-calc-rsi', '-normalize', '-no-tune', '-n-jobs=20', '-symbol-list=BTCUSDT,ETHUSDT,BNBUSDT,XRPUSDT,ADAUSDT,DOGEUSDT,SOLUSDT,TRXUSDT,DOTUSDT,MATICUSDT,LTCUSDT,BCHUSDT,AVAXUSDT,XLMUSDT,LINKUSDT,XMRUSDT,UNIUSDT,ATOMUSDT', '-interval-list=5m', '-estimator-list=knn', '-stop-loss-list=1.0', '-numeric-features=volume,quote_asset_volume,number_of_trades,taker_buy_base_asset_volume,taker_buy_quote_asset_volume', '-regression-PnL-list=72', '-regression-times-list=0', '-start-train-date=2023-01-01', '-start-test-date=2023-07-01']
2023-10-20 23:29:36;BNBUSDT;5m;knn;instancehardnessthreshold;1.0;0;72;0.1944;0.5946;0.3362;0.3362;volume,number_of_trades,taker_buy_base_asset_volume,taker_buy_quote_asset_volume,ema_200p;;0.7;False;2023-01-01;2023-07-22 22:10:00;3;True;<< NOT SAVED >>;['-batch-training', '-calc-rsi', '-normalize', '-no-tune', '-n-jobs=20', '-symbol-list=BTCUSDT,ETHUSDT,BNBUSDT,XRPUSDT,ADAUSDT,DOGEUSDT,SOLUSDT,TRXUSDT,DOTUSDT,MATICUSDT,LTCUSDT,BCHUSDT,AVAXUSDT,XLMUSDT,LINKUSDT,XMRUSDT,UNIUSDT,ATOMUSDT', '-interval-list=5m', '-estimator-list=knn', '-stop-loss-list=1.0', '-numeric-features=volume,quote_asset_volume,number_of_trades,taker_buy_base_asset_volume,taker_buy_quote_asset_volume', '-regression-PnL-list=72', '-regression-times-list=0', '-start-train-date=2023-01-01', '-start-test-date=2023-07-01']
2023-10-20 23:08:46;BNBUSDT;5m;knn;instancehardnessthreshold;1.0;0;72;0.1845;0.6048;0.3369;0.3369;quote_asset_volume,number_of_trades,taker_buy_base_asset_volume,ema_72p;;0.7;False;2023-01-01;2023-07-22 22:10:00;3;True;<< NOT SAVED >>;['-batch-training', '-calc-rsi', '-normalize', '-no-tune', '-n-jobs=20', '-symbol-list=BTCUSDT,ETHUSDT,BNBUSDT,XRPUSDT,ADAUSDT,DOGEUSDT,SOLUSDT,TRXUSDT,DOTUSDT,MATICUSDT,LTCUSDT,BCHUSDT,AVAXUSDT,XLMUSDT,LINKUSDT,XMRUSDT,UNIUSDT,ATOMUSDT', '-interval-list=5m', '-estimator-list=knn', '-stop-loss-list=1.0', '-numeric-features=volume,quote_asset_volume,number_of_trades,taker_buy_base_asset_volume,taker_buy_quote_asset_volume', '-regression-PnL-list=72', '-regression-times-list=0', '-start-train-date=2023-01-01', '-start-test-date=2023-07-01']
2023-10-20 22:31:40;BNBUSDT;5m;knn;repeatededitednearestneighbours;1.0;0;72;0.0076;0.6622;0.3377;0.3377;number_of_trades,rsi;;0.7;False;2023-01-01;2023-07-22 22:10:00;3;True;<< NOT SAVED >>;['-batch-training', '-calc-rsi', '-normalize', '-no-tune', '-n-jobs=20', '-symbol-list=BTCUSDT,ETHUSDT,BNBUSDT,XRPUSDT,ADAUSDT,DOGEUSDT,SOLUSDT,TRXUSDT,DOTUSDT,MATICUSDT,LTCUSDT,BCHUSDT,AVAXUSDT,XLMUSDT,LINKUSDT,XMRUSDT,UNIUSDT,ATOMUSDT', '-interval-list=5m', '-estimator-list=knn', '-stop-loss-list=1.0', '-numeric-features=volume,quote_asset_volume,number_of_trades,taker_buy_base_asset_volume,taker_buy_quote_asset_volume', '-regression-PnL-list=72', '-regression-times-list=0', '-start-train-date=2023-01-01', '-start-test-date=2023-07-01']
2023-10-20 22:56:30;BNBUSDT;5m;knn;instancehardnessthreshold;1.0;0;72;0.1734;0.6032;0.3381;0.3381;volume,quote_asset_volume,number_of_trades,ema_200p;;0.7;False;2023-01-01;2023-07-22 22:10:00;3;True;<< NOT SAVED >>;['-batch-training', '-calc-rsi', '-normalize', '-no-tune', '-n-jobs=20', '-symbol-list=BTCUSDT,ETHUSDT,BNBUSDT,XRPUSDT,ADAUSDT,DOGEUSDT,SOLUSDT,TRXUSDT,DOTUSDT,MATICUSDT,LTCUSDT,BCHUSDT,AVAXUSDT,XLMUSDT,LINKUSDT,XMRUSDT,UNIUSDT,ATOMUSDT', '-interval-list=5m', '-estimator-list=knn', '-stop-loss-list=1.0', '-numeric-features=volume,quote_asset_volume,number_of_trades,taker_buy_base_asset_volume,taker_buy_quote_asset_volume', '-regression-PnL-list=72', '-regression-times-list=0', '-start-train-date=2023-01-01', '-start-test-date=2023-07-01']
2023-10-20 23:01:39;BNBUSDT;5m;knn;instancehardnessthreshold;1.0;0;72;0.1836;0.5992;0.3381;0.3381;volume,number_of_trades,taker_buy_base_asset_volume,ema_200p;;0.7;False;2023-01-01;2023-07-22 22:10:00;3;True;<< NOT SAVED >>;['-batch-training', '-calc-rsi', '-normalize', '-no-tune', '-n-jobs=20', '-symbol-list=BTCUSDT,ETHUSDT,BNBUSDT,XRPUSDT,ADAUSDT,DOGEUSDT,SOLUSDT,TRXUSDT,DOTUSDT,MATICUSDT,LTCUSDT,BCHUSDT,AVAXUSDT,XLMUSDT,LINKUSDT,XMRUSDT,UNIUSDT,ATOMUSDT', '-interval-list=5m', '-estimator-list=knn', '-stop-loss-list=1.0', '-numeric-features=volume,quote_asset_volume,number_of_trades,taker_buy_base_asset_volume,taker_buy_quote_asset_volume', '-regression-PnL-list=72', '-regression-times-list=0', '-start-train-date=2023-01-01', '-start-test-date=2023-07-01']
2023-10-29 17:40:42;BNBUSDT;5m;knn;instancehardnessthreshold;1.0;0;72;0.068;0.5746;0.3389;0.3389;close,quote_asset_volume,number_of_trades;;0.7;False;2023-01-01;2023-07-31 19:40:00;3;True;<< NOT SAVED >>;['-batch-training', '-calc-rsi', '-normalize', '-no-tune', '-n-jobs=20', '-symbol-list=BTCUSDT,ETHUSDT,BNBUSDT,XRPUSDT,ADAUSDT,DOGEUSDT,SOLUSDT,TRXUSDT,DOTUSDT,MATICUSDT,LTCUSDT,BCHUSDT,AVAXUSDT,XLMUSDT,LINKUSDT,XMRUSDT,UNIUSDT,ATOMUSDT', '-interval-list=5m', '-estimator-list=knn', '-stop-loss-list=1.0', '-numeric-features=close,volume,quote_asset_volume,number_of_trades', '-regression-PnL-list=72', '-regression-times-list=0', '-start-train-date=2023-01-01', '-start-test-date=2023-07-01']
2023-10-20 23:14:50;BNBUSDT;5m;knn;allknn;1.0;0;72;0.0514;0.6825;0.3393;0.3393;quote_asset_volume,taker_buy_quote_asset_volume,ema_72p,ema_200p;;0.7;False;2023-01-01;2023-07-22 22:10:00;3;True;<< NOT SAVED >>;['-batch-training', '-calc-rsi', '-normalize', '-no-tune', '-n-jobs=20', '-symbol-list=BTCUSDT,ETHUSDT,BNBUSDT,XRPUSDT,ADAUSDT,DOGEUSDT,SOLUSDT,TRXUSDT,DOTUSDT,MATICUSDT,LTCUSDT,BCHUSDT,AVAXUSDT,XLMUSDT,LINKUSDT,XMRUSDT,UNIUSDT,ATOMUSDT', '-interval-list=5m', '-estimator-list=knn', '-stop-loss-list=1.0', '-numeric-features=volume,quote_asset_volume,number_of_trades,taker_buy_base_asset_volume,taker_buy_quote_asset_volume', '-regression-PnL-list=72', '-regression-times-list=0', '-start-train-date=2023-01-01', '-start-test-date=2023-07-01']
2023-10-20 22:45:46;BNBUSDT;5m;knn;instancehardnessthreshold;1.0;0;72;0.2169;0.568;0.3396;0.3396;quote_asset_volume,taker_buy_base_asset_volume,ema_200p;;0.7;False;2023-01-01;2023-07-22 22:10:00;3;True;<< NOT SAVED >>;['-batch-training', '-calc-rsi', '-normalize', '-no-tune', '-n-jobs=20', '-symbol-list=BTCUSDT,ETHUSDT,BNBUSDT,XRPUSDT,ADAUSDT,DOGEUSDT,SOLUSDT,TRXUSDT,DOTUSDT,MATICUSDT,LTCUSDT,BCHUSDT,AVAXUSDT,XLMUSDT,LINKUSDT,XMRUSDT,UNIUSDT,ATOMUSDT', '-interval-list=5m', '-estimator-list=knn', '-stop-loss-list=1.0', '-numeric-features=volume,quote_asset_volume,number_of_trades,taker_buy_base_asset_volume,taker_buy_quote_asset_volume', '-regression-PnL-list=72', '-regression-times-list=0', '-start-train-date=2023-01-01', '-start-test-date=2023-07-01']
2023-10-20 23:42:16;BNBUSDT;5m;knn;instancehardnessthreshold;1.0;0;72;0.1744;0.5923;0.3396;0.3396;number_of_trades,taker_buy_quote_asset_volume,rsi,ema_72p,ema_200p;;0.7;False;2023-01-01;2023-07-22 22:10:00;3;True;<< NOT SAVED >>;['-batch-training', '-calc-rsi', '-normalize', '-no-tune', '-n-jobs=20', '-symbol-list=BTCUSDT,ETHUSDT,BNBUSDT,XRPUSDT,ADAUSDT,DOGEUSDT,SOLUSDT,TRXUSDT,DOTUSDT,MATICUSDT,LTCUSDT,BCHUSDT,AVAXUSDT,XLMUSDT,LINKUSDT,XMRUSDT,UNIUSDT,ATOMUSDT', '-interval-list=5m', '-estimator-list=knn', '-stop-loss-list=1.0', '-numeric-features=volume,quote_asset_volume,number_of_trades,taker_buy_base_asset_volume,taker_buy_quote_asset_volume', '-regression-PnL-list=72', '-regression-times-list=0', '-start-train-date=2023-01-01', '-start-test-date=2023-07-01']
2023-10-20 23:23:02;BNBUSDT;5m;knn;instancehardnessthreshold;1.0;0;72;0.2074;0.5964;0.34;0.34;volume,quote_asset_volume,number_of_trades,taker_buy_quote_asset_volume,ema_72p;;0.7;False;2023-01-01;2023-07-22 22:10:00;3;True;<< NOT SAVED >>;['-batch-training', '-calc-rsi', '-normalize', '-no-tune', '-n-jobs=20', '-symbol-list=BTCUSDT,ETHUSDT,BNBUSDT,XRPUSDT,ADAUSDT,DOGEUSDT,SOLUSDT,TRXUSDT,DOTUSDT,MATICUSDT,LTCUSDT,BCHUSDT,AVAXUSDT,XLMUSDT,LINKUSDT,XMRUSDT,UNIUSDT,ATOMUSDT', '-interval-list=5m', '-estimator-list=knn', '-stop-loss-list=1.0', '-numeric-features=volume,quote_asset_volume,number_of_trades,taker_buy_base_asset_volume,taker_buy_quote_asset_volume', '-regression-PnL-list=72', '-regression-times-list=0', '-start-train-date=2023-01-01', '-start-test-date=2023-07-01']
2023-10-20 22:56:53;BNBUSDT;5m;knn;instancehardnessthreshold;1.0;0;72;0.3402;0.4979;0.2555;0.3402;volume,quote_asset_volume,taker_buy_base_asset_volume,taker_buy_quote_asset_volume;;0.7;False;2023-01-01;2023-07-22 22:10:00;3;True;<< NOT SAVED >>;['-batch-training', '-calc-rsi', '-normalize', '-no-tune', '-n-jobs=20', '-symbol-list=BTCUSDT,ETHUSDT,BNBUSDT,XRPUSDT,ADAUSDT,DOGEUSDT,SOLUSDT,TRXUSDT,DOTUSDT,MATICUSDT,LTCUSDT,BCHUSDT,AVAXUSDT,XLMUSDT,LINKUSDT,XMRUSDT,UNIUSDT,ATOMUSDT', '-interval-list=5m', '-estimator-list=knn', '-stop-loss-list=1.0', '-numeric-features=volume,quote_asset_volume,number_of_trades,taker_buy_base_asset_volume,taker_buy_quote_asset_volume', '-regression-PnL-list=72', '-regression-times-list=0', '-start-train-date=2023-01-01', '-start-test-date=2023-07-01']
2023-10-20 22:45:26;BNBUSDT;5m;knn;instancehardnessthreshold;1.0;0;72;0.2191;0.5754;0.3404;0.3404;quote_asset_volume,taker_buy_base_asset_volume,ema_72p;;0.7;False;2023-01-01;2023-07-22 22:10:00;3;True;<< NOT SAVED >>;['-batch-training', '-calc-rsi', '-normalize', '-no-tune', '-n-jobs=20', '-symbol-list=BTCUSDT,ETHUSDT,BNBUSDT,XRPUSDT,ADAUSDT,DOGEUSDT,SOLUSDT,TRXUSDT,DOTUSDT,MATICUSDT,LTCUSDT,BCHUSDT,AVAXUSDT,XLMUSDT,LINKUSDT,XMRUSDT,UNIUSDT,ATOMUSDT', '-interval-list=5m', '-estimator-list=knn', '-stop-loss-list=1.0', '-numeric-features=volume,quote_asset_volume,number_of_trades,taker_buy_base_asset_volume,taker_buy_quote_asset_volume', '-regression-PnL-list=72', '-regression-times-list=0', '-start-train-date=2023-01-01', '-start-test-date=2023-07-01']
2023-10-29 17:42:22;BNBUSDT;5m;knn;repeatededitednearestneighbours;1.0;0;72;0.0029;0.6543;0.3404;0.3404;close,number_of_trades,rsi;;0.7;False;2023-01-01;2023-07-31 19:40:00;3;True;<< NOT SAVED >>;['-batch-training', '-calc-rsi', '-normalize', '-no-tune', '-n-jobs=20', '-symbol-list=BTCUSDT,ETHUSDT,BNBUSDT,XRPUSDT,ADAUSDT,DOGEUSDT,SOLUSDT,TRXUSDT,DOTUSDT,MATICUSDT,LTCUSDT,BCHUSDT,AVAXUSDT,XLMUSDT,LINKUSDT,XMRUSDT,UNIUSDT,ATOMUSDT', '-interval-list=5m', '-estimator-list=knn', '-stop-loss-list=1.0', '-numeric-features=close,volume,quote_asset_volume,number_of_trades', '-regression-PnL-list=72', '-regression-times-list=0', '-start-train-date=2023-01-01', '-start-test-date=2023-07-01']
2023-10-20 23:41:52;BNBUSDT;5m;knn;instancehardnessthreshold;1.0;0;72;0.1788;0.5869;0.3404;0.3404;number_of_trades,taker_buy_base_asset_volume,rsi,ema_72p,ema_200p;;0.7;False;2023-01-01;2023-07-22 22:10:00;3;True;<< NOT SAVED >>;['-batch-training', '-calc-rsi', '-normalize', '-no-tune', '-n-jobs=20', '-symbol-list=BTCUSDT,ETHUSDT,BNBUSDT,XRPUSDT,ADAUSDT,DOGEUSDT,SOLUSDT,TRXUSDT,DOTUSDT,MATICUSDT,LTCUSDT,BCHUSDT,AVAXUSDT,XLMUSDT,LINKUSDT,XMRUSDT,UNIUSDT,ATOMUSDT', '-interval-list=5m', '-estimator-list=knn', '-stop-loss-list=1.0', '-numeric-features=volume,quote_asset_volume,number_of_trades,taker_buy_base_asset_volume,taker_buy_quote_asset_volume', '-regression-PnL-list=72', '-regression-times-list=0', '-start-train-date=2023-01-01', '-start-test-date=2023-07-01']
2023-10-20 23:02:25;BNBUSDT;5m;knn;instancehardnessthreshold;1.0;0;72;0.1902;0.5933;0.3412;0.3412;volume,number_of_trades,taker_buy_quote_asset_volume,ema_72p;;0.7;False;2023-01-01;2023-07-22 22:10:00;3;True;<< NOT SAVED >>;['-batch-training', '-calc-rsi', '-normalize', '-no-tune', '-n-jobs=20', '-symbol-list=BTCUSDT,ETHUSDT,BNBUSDT,XRPUSDT,ADAUSDT,DOGEUSDT,SOLUSDT,TRXUSDT,DOTUSDT,MATICUSDT,LTCUSDT,BCHUSDT,AVAXUSDT,XLMUSDT,LINKUSDT,XMRUSDT,UNIUSDT,ATOMUSDT', '-interval-list=5m', '-estimator-list=knn', '-stop-loss-list=1.0', '-numeric-features=volume,quote_asset_volume,number_of_trades,taker_buy_base_asset_volume,taker_buy_quote_asset_volume', '-regression-PnL-list=72', '-regression-times-list=0', '-start-train-date=2023-01-01', '-start-test-date=2023-07-01']
2023-10-20 23:02:48;BNBUSDT;5m;knn;instancehardnessthreshold;1.0;0;72;0.1642;0.5973;0.3412;0.3412;volume,number_of_trades,taker_buy_quote_asset_volume,ema_200p;;0.7;False;2023-01-01;2023-07-22 22:10:00;3;True;<< NOT SAVED >>;['-batch-training', '-calc-rsi', '-normalize', '-no-tune', '-n-jobs=20', '-symbol-list=BTCUSDT,ETHUSDT,BNBUSDT,XRPUSDT,ADAUSDT,DOGEUSDT,SOLUSDT,TRXUSDT,DOTUSDT,MATICUSDT,LTCUSDT,BCHUSDT,AVAXUSDT,XLMUSDT,LINKUSDT,XMRUSDT,UNIUSDT,ATOMUSDT', '-interval-list=5m', '-estimator-list=knn', '-stop-loss-list=1.0', '-numeric-features=volume,quote_asset_volume,number_of_trades,taker_buy_base_asset_volume,taker_buy_quote_asset_volume', '-regression-PnL-list=72', '-regression-times-list=0', '-start-train-date=2023-01-01', '-start-test-date=2023-07-01']
2023-10-20 23:52:17;BNBUSDT;5m;knn;allknn;1.0;0;72;0.0812;0.6672;0.3412;0.3412;volume,taker_buy_base_asset_volume,taker_buy_quote_asset_volume,rsi,ema_72p,ema_200p;;0.7;False;2023-01-01;2023-07-22 22:10:00;3;True;<< NOT SAVED >>;['-batch-training', '-calc-rsi', '-normalize', '-no-tune', '-n-jobs=20', '-symbol-list=BTCUSDT,ETHUSDT,BNBUSDT,XRPUSDT,ADAUSDT,DOGEUSDT,SOLUSDT,TRXUSDT,DOTUSDT,MATICUSDT,LTCUSDT,BCHUSDT,AVAXUSDT,XLMUSDT,LINKUSDT,XMRUSDT,UNIUSDT,ATOMUSDT', '-interval-list=5m', '-estimator-list=knn', '-stop-loss-list=1.0', '-numeric-features=volume,quote_asset_volume,number_of_trades,taker_buy_base_asset_volume,taker_buy_quote_asset_volume', '-regression-PnL-list=72', '-regression-times-list=0', '-start-train-date=2023-01-01', '-start-test-date=2023-07-01']
2023-10-20 22:36:02;BNBUSDT;5m;knn;instancehardnessthreshold;1.0;0;72;0.3412;0.494;0.2505;0.3412;volume,quote_asset_volume,taker_buy_base_asset_volume;;0.7;False;2023-01-01;2023-07-22 22:10:00;3;True;<< NOT SAVED >>;['-batch-training', '-calc-rsi', '-normalize', '-no-tune', '-n-jobs=20', '-symbol-list=BTCUSDT,ETHUSDT,BNBUSDT,XRPUSDT,ADAUSDT,DOGEUSDT,SOLUSDT,TRXUSDT,DOTUSDT,MATICUSDT,LTCUSDT,BCHUSDT,AVAXUSDT,XLMUSDT,LINKUSDT,XMRUSDT,UNIUSDT,ATOMUSDT', '-interval-list=5m', '-estimator-list=knn', '-stop-loss-list=1.0', '-numeric-features=volume,quote_asset_volume,number_of_trades,taker_buy_base_asset_volume,taker_buy_quote_asset_volume', '-regression-PnL-list=72', '-regression-times-list=0', '-start-train-date=2023-01-01', '-start-test-date=2023-07-01']
2023-10-20 23:25:46;BNBUSDT;5m;knn;instancehardnessthreshold;1.0;0;72;0.2273;0.5676;0.3416;0.3416;volume,quote_asset_volume,taker_buy_base_asset_volume,taker_buy_quote_asset_volume,ema_200p;;0.7;False;2023-01-01;2023-07-22 22:10:00;3;True;<< NOT SAVED >>;['-batch-training', '-calc-rsi', '-normalize', '-no-tune', '-n-jobs=20', '-symbol-list=BTCUSDT,ETHUSDT,BNBUSDT,XRPUSDT,ADAUSDT,DOGEUSDT,SOLUSDT,TRXUSDT,DOTUSDT,MATICUSDT,LTCUSDT,BCHUSDT,AVAXUSDT,XLMUSDT,LINKUSDT,XMRUSDT,UNIUSDT,ATOMUSDT', '-interval-list=5m', '-estimator-list=knn', '-stop-loss-list=1.0', '-numeric-features=volume,quote_asset_volume,number_of_trades,taker_buy_base_asset_volume,taker_buy_quote_asset_volume', '-regression-PnL-list=72', '-regression-times-list=0', '-start-train-date=2023-01-01', '-start-test-date=2023-07-01']
2023-10-20 22:46:29;BNBUSDT;5m;knn;instancehardnessthreshold;1.0;0;72;0.1931;0.5836;0.342;0.342;quote_asset_volume,taker_buy_quote_asset_volume,ema_72p;;0.7;False;2023-01-01;2023-07-22 22:10:00;3;True;<< NOT SAVED >>;['-batch-training', '-calc-rsi', '-normalize', '-no-tune', '-n-jobs=20', '-symbol-list=BTCUSDT,ETHUSDT,BNBUSDT,XRPUSDT,ADAUSDT,DOGEUSDT,SOLUSDT,TRXUSDT,DOTUSDT,MATICUSDT,LTCUSDT,BCHUSDT,AVAXUSDT,XLMUSDT,LINKUSDT,XMRUSDT,UNIUSDT,ATOMUSDT', '-interval-list=5m', '-estimator-list=knn', '-stop-loss-list=1.0', '-numeric-features=volume,quote_asset_volume,number_of_trades,taker_buy_base_asset_volume,taker_buy_quote_asset_volume', '-regression-PnL-list=72', '-regression-times-list=0', '-start-train-date=2023-01-01', '-start-test-date=2023-07-01']
2023-10-20 23:12:28;BNBUSDT;5m;knn;instancehardnessthreshold;1.0;0;72;0.2185;0.5746;0.3423;0.3423;quote_asset_volume,taker_buy_base_asset_volume,taker_buy_quote_asset_volume,ema_200p;;0.7;False;2023-01-01;2023-07-22 22:10:00;3;True;<< NOT SAVED >>;['-batch-training', '-calc-rsi', '-normalize', '-no-tune', '-n-jobs=20', '-symbol-list=BTCUSDT,ETHUSDT,BNBUSDT,XRPUSDT,ADAUSDT,DOGEUSDT,SOLUSDT,TRXUSDT,DOTUSDT,MATICUSDT,LTCUSDT,BCHUSDT,AVAXUSDT,XLMUSDT,LINKUSDT,XMRUSDT,UNIUSDT,ATOMUSDT', '-interval-list=5m', '-estimator-list=knn', '-stop-loss-list=1.0', '-numeric-features=volume,quote_asset_volume,number_of_trades,taker_buy_base_asset_volume,taker_buy_quote_asset_volume', '-regression-PnL-list=72', '-regression-times-list=0', '-start-train-date=2023-01-01', '-start-test-date=2023-07-01']
2023-10-20 22:58:22;BNBUSDT;5m;knn;instancehardnessthreshold;1.0;0;72;0.3427;0.49;0.2929;0.3427;volume,quote_asset_volume,taker_buy_quote_asset_volume,rsi;;0.7;False;2023-01-01;2023-07-22 22:10:00;3;True;<< NOT SAVED >>;['-batch-training', '-calc-rsi', '-normalize', '-no-tune', '-n-jobs=20', '-symbol-list=BTCUSDT,ETHUSDT,BNBUSDT,XRPUSDT,ADAUSDT,DOGEUSDT,SOLUSDT,TRXUSDT,DOTUSDT,MATICUSDT,LTCUSDT,BCHUSDT,AVAXUSDT,XLMUSDT,LINKUSDT,XMRUSDT,UNIUSDT,ATOMUSDT', '-interval-list=5m', '-estimator-list=knn', '-stop-loss-list=1.0', '-numeric-features=volume,quote_asset_volume,number_of_trades,taker_buy_base_asset_volume,taker_buy_quote_asset_volume', '-regression-PnL-list=72', '-regression-times-list=0', '-start-train-date=2023-01-01', '-start-test-date=2023-07-01']
2023-10-20 23:57:20;BNBUSDT;5m;knn;allknn;1.0;0;72;0.0691;0.683;0.3427;0.3427;volume,quote_asset_volume,number_of_trades,taker_buy_base_asset_volume,rsi,ema_72p,ema_200p;;0.7;False;2023-01-01;2023-07-22 22:10:00;3;True;<< NOT SAVED >>;['-batch-training', '-calc-rsi', '-normalize', '-no-tune', '-n-jobs=20', '-symbol-list=BTCUSDT,ETHUSDT,BNBUSDT,XRPUSDT,ADAUSDT,DOGEUSDT,SOLUSDT,TRXUSDT,DOTUSDT,MATICUSDT,LTCUSDT,BCHUSDT,AVAXUSDT,XLMUSDT,LINKUSDT,XMRUSDT,UNIUSDT,ATOMUSDT', '-interval-list=5m', '-estimator-list=knn', '-stop-loss-list=1.0', '-numeric-features=volume,quote_asset_volume,number_of_trades,taker_buy_base_asset_volume,taker_buy_quote_asset_volume', '-regression-PnL-list=72', '-regression-times-list=0', '-start-train-date=2023-01-01', '-start-test-date=2023-07-01']
2023-10-20 23:34:13;BNBUSDT;5m;knn;allknn;1.0;0;72;0.0761;0.6712;0.3427;0.3427;volume,taker_buy_base_asset_volume,rsi,ema_72p,ema_200p;;0.7;False;2023-01-01;2023-07-22 22:10:00;3;True;<< NOT SAVED >>;['-batch-training', '-calc-rsi', '-normalize', '-no-tune', '-n-jobs=20', '-symbol-list=BTCUSDT,ETHUSDT,BNBUSDT,XRPUSDT,ADAUSDT,DOGEUSDT,SOLUSDT,TRXUSDT,DOTUSDT,MATICUSDT,LTCUSDT,BCHUSDT,AVAXUSDT,XLMUSDT,LINKUSDT,XMRUSDT,UNIUSDT,ATOMUSDT', '-interval-list=5m', '-estimator-list=knn', '-stop-loss-list=1.0', '-numeric-features=volume,quote_asset_volume,number_of_trades,taker_buy_base_asset_volume,taker_buy_quote_asset_volume', '-regression-PnL-list=72', '-regression-times-list=0', '-start-train-date=2023-01-01', '-start-test-date=2023-07-01']
2023-10-20 22:48:51;BNBUSDT;5m;knn;instancehardnessthreshold;1.0;0;72;0.1991;0.5926;0.3431;0.3431;number_of_trades,taker_buy_base_asset_volume,ema_72p;;0.7;False;2023-01-01;2023-07-22 22:10:00;3;True;<< NOT SAVED >>;['-batch-training', '-calc-rsi', '-normalize', '-no-tune', '-n-jobs=20', '-symbol-list=BTCUSDT,ETHUSDT,BNBUSDT,XRPUSDT,ADAUSDT,DOGEUSDT,SOLUSDT,TRXUSDT,DOTUSDT,MATICUSDT,LTCUSDT,BCHUSDT,AVAXUSDT,XLMUSDT,LINKUSDT,XMRUSDT,UNIUSDT,ATOMUSDT', '-interval-list=5m', '-estimator-list=knn', '-stop-loss-list=1.0', '-numeric-features=volume,quote_asset_volume,number_of_trades,taker_buy_base_asset_volume,taker_buy_quote_asset_volume', '-regression-PnL-list=72', '-regression-times-list=0', '-start-train-date=2023-01-01', '-start-test-date=2023-07-01']
2023-10-20 23:58:46;BNBUSDT;5m;knn;allknn;1.0;0;72;0.0536;0.6886;0.3431;0.3431;volume,number_of_trades,taker_buy_base_asset_volume,taker_buy_quote_asset_volume,rsi,ema_72p,ema_200p;;0.7;False;2023-01-01;2023-07-22 22:10:00;3;True;<< NOT SAVED >>;['-batch-training', '-calc-rsi', '-normalize', '-no-tune', '-n-jobs=20', '-symbol-list=BTCUSDT,ETHUSDT,BNBUSDT,XRPUSDT,ADAUSDT,DOGEUSDT,SOLUSDT,TRXUSDT,DOTUSDT,MATICUSDT,LTCUSDT,BCHUSDT,AVAXUSDT,XLMUSDT,LINKUSDT,XMRUSDT,UNIUSDT,ATOMUSDT', '-interval-list=5m', '-estimator-list=knn', '-stop-loss-list=1.0', '-numeric-features=volume,quote_asset_volume,number_of_trades,taker_buy_base_asset_volume,taker_buy_quote_asset_volume', '-regression-PnL-list=72', '-regression-times-list=0', '-start-train-date=2023-01-01', '-start-test-date=2023-07-01']
2023-10-20 23:09:54;BNBUSDT;5m;knn;instancehardnessthreshold;1.0;0;72;0.189;0.6011;0.3435;0.3435;quote_asset_volume,number_of_trades,taker_buy_quote_asset_volume,ema_72p;;0.7;False;2023-01-01;2023-07-22 22:10:00;3;True;<< NOT SAVED >>;['-batch-training', '-calc-rsi', '-normalize', '-no-tune', '-n-jobs=20', '-symbol-list=BTCUSDT,ETHUSDT,BNBUSDT,XRPUSDT,ADAUSDT,DOGEUSDT,SOLUSDT,TRXUSDT,DOTUSDT,MATICUSDT,LTCUSDT,BCHUSDT,AVAXUSDT,XLMUSDT,LINKUSDT,XMRUSDT,UNIUSDT,ATOMUSDT', '-interval-list=5m', '-estimator-list=knn', '-stop-loss-list=1.0', '-numeric-features=volume,quote_asset_volume,number_of_trades,taker_buy_base_asset_volume,taker_buy_quote_asset_volume', '-regression-PnL-list=72', '-regression-times-list=0', '-start-train-date=2023-01-01', '-start-test-date=2023-07-01']
2023-10-20 22:47:57;BNBUSDT;5m;knn;allknn;1.0;0;72;0.0685;0.6579;0.3439;0.3439;quote_asset_volume,ema_72p,ema_200p;;0.7;False;2023-01-01;2023-07-22 22:10:00;3;True;<< NOT SAVED >>;['-batch-training', '-calc-rsi', '-normalize', '-no-tune', '-n-jobs=20', '-symbol-list=BTCUSDT,ETHUSDT,BNBUSDT,XRPUSDT,ADAUSDT,DOGEUSDT,SOLUSDT,TRXUSDT,DOTUSDT,MATICUSDT,LTCUSDT,BCHUSDT,AVAXUSDT,XLMUSDT,LINKUSDT,XMRUSDT,UNIUSDT,ATOMUSDT', '-interval-list=5m', '-estimator-list=knn', '-stop-loss-list=1.0', '-numeric-features=volume,quote_asset_volume,number_of_trades,taker_buy_base_asset_volume,taker_buy_quote_asset_volume', '-regression-PnL-list=72', '-regression-times-list=0', '-start-train-date=2023-01-01', '-start-test-date=2023-07-01']
2023-10-20 22:49:11;BNBUSDT;5m;knn;instancehardnessthreshold;1.0;0;72;0.1858;0.5986;0.345;0.345;number_of_trades,taker_buy_base_asset_volume,ema_200p;;0.7;False;2023-01-01;2023-07-22 22:10:00;3;True;<< NOT SAVED >>;['-batch-training', '-calc-rsi', '-normalize', '-no-tune', '-n-jobs=20', '-symbol-list=BTCUSDT,ETHUSDT,BNBUSDT,XRPUSDT,ADAUSDT,DOGEUSDT,SOLUSDT,TRXUSDT,DOTUSDT,MATICUSDT,LTCUSDT,BCHUSDT,AVAXUSDT,XLMUSDT,LINKUSDT,XMRUSDT,UNIUSDT,ATOMUSDT', '-interval-list=5m', '-estimator-list=knn', '-stop-loss-list=1.0', '-numeric-features=volume,quote_asset_volume,number_of_trades,taker_buy_base_asset_volume,taker_buy_quote_asset_volume', '-regression-PnL-list=72', '-regression-times-list=0', '-start-train-date=2023-01-01', '-start-test-date=2023-07-01']
2023-10-29 17:43:55;BNBUSDT;5m;knn;repeatededitednearestneighbours;1.0;0;72;0.0738;0.509;0.3457;0.3457;close,rsi,ema_200p;;0.7;False;2023-01-01;2023-07-31 19:40:00;3;True;<< NOT SAVED >>;['-batch-training', '-calc-rsi', '-normalize', '-no-tune', '-n-jobs=20', '-symbol-list=BTCUSDT,ETHUSDT,BNBUSDT,XRPUSDT,ADAUSDT,DOGEUSDT,SOLUSDT,TRXUSDT,DOTUSDT,MATICUSDT,LTCUSDT,BCHUSDT,AVAXUSDT,XLMUSDT,LINKUSDT,XMRUSDT,UNIUSDT,ATOMUSDT', '-interval-list=5m', '-estimator-list=knn', '-stop-loss-list=1.0', '-numeric-features=close,volume,quote_asset_volume,number_of_trades', '-regression-PnL-list=72', '-regression-times-list=0', '-start-train-date=2023-01-01', '-start-test-date=2023-07-01']
2023-10-20 22:37:04;BNBUSDT;5m;knn;instancehardnessthreshold;1.0;0;72;0.207;0.5747;0.3462;0.3462;volume,quote_asset_volume,ema_72p;;0.7;False;2023-01-01;2023-07-22 22:10:00;3;True;<< NOT SAVED >>;['-batch-training', '-calc-rsi', '-normalize', '-no-tune', '-n-jobs=20', '-symbol-list=BTCUSDT,ETHUSDT,BNBUSDT,XRPUSDT,ADAUSDT,DOGEUSDT,SOLUSDT,TRXUSDT,DOTUSDT,MATICUSDT,LTCUSDT,BCHUSDT,AVAXUSDT,XLMUSDT,LINKUSDT,XMRUSDT,UNIUSDT,ATOMUSDT', '-interval-list=5m', '-estimator-list=knn', '-stop-loss-list=1.0', '-numeric-features=volume,quote_asset_volume,number_of_trades,taker_buy_base_asset_volume,taker_buy_quote_asset_volume', '-regression-PnL-list=72', '-regression-times-list=0', '-start-train-date=2023-01-01', '-start-test-date=2023-07-01']
2023-10-20 22:59:05;BNBUSDT;5m;knn;instancehardnessthreshold;1.0;0;72;0.2083;0.5772;0.3466;0.3466;volume,quote_asset_volume,taker_buy_quote_asset_volume,ema_200p;;0.7;False;2023-01-01;2023-07-22 22:10:00;3;True;<< NOT SAVED >>;['-batch-training', '-calc-rsi', '-normalize', '-no-tune', '-n-jobs=20', '-symbol-list=BTCUSDT,ETHUSDT,BNBUSDT,XRPUSDT,ADAUSDT,DOGEUSDT,SOLUSDT,TRXUSDT,DOTUSDT,MATICUSDT,LTCUSDT,BCHUSDT,AVAXUSDT,XLMUSDT,LINKUSDT,XMRUSDT,UNIUSDT,ATOMUSDT', '-interval-list=5m', '-estimator-list=knn', '-stop-loss-list=1.0', '-numeric-features=volume,quote_asset_volume,number_of_trades,taker_buy_base_asset_volume,taker_buy_quote_asset_volume', '-regression-PnL-list=72', '-regression-times-list=0', '-start-train-date=2023-01-01', '-start-test-date=2023-07-01']
2023-10-20 23:01:16;BNBUSDT;5m;knn;instancehardnessthreshold;1.0;0;72;0.1782;0.601;0.347;0.347;volume,number_of_trades,taker_buy_base_asset_volume,ema_72p;;0.7;False;2023-01-01;2023-07-22 22:10:00;3;True;<< NOT SAVED >>;['-batch-training', '-calc-rsi', '-normalize', '-no-tune', '-n-jobs=20', '-symbol-list=BTCUSDT,ETHUSDT,BNBUSDT,XRPUSDT,ADAUSDT,DOGEUSDT,SOLUSDT,TRXUSDT,DOTUSDT,MATICUSDT,LTCUSDT,BCHUSDT,AVAXUSDT,XLMUSDT,LINKUSDT,XMRUSDT,UNIUSDT,ATOMUSDT', '-interval-list=5m', '-estimator-list=knn', '-stop-loss-list=1.0', '-numeric-features=volume,quote_asset_volume,number_of_trades,taker_buy_base_asset_volume,taker_buy_quote_asset_volume', '-regression-PnL-list=72', '-regression-times-list=0', '-start-train-date=2023-01-01', '-start-test-date=2023-07-01']
2023-10-20 23:04:50;BNBUSDT;5m;knn;allknn;1.0;0;72;0.0599;0.6939;0.3474;0.3474;volume,taker_buy_base_asset_volume,taker_buy_quote_asset_volume,ema_72p;;0.7;False;2023-01-01;2023-07-22 22:10:00;3;True;<< NOT SAVED >>;['-batch-training', '-calc-rsi', '-normalize', '-no-tune', '-n-jobs=20', '-symbol-list=BTCUSDT,ETHUSDT,BNBUSDT,XRPUSDT,ADAUSDT,DOGEUSDT,SOLUSDT,TRXUSDT,DOTUSDT,MATICUSDT,LTCUSDT,BCHUSDT,AVAXUSDT,XLMUSDT,LINKUSDT,XMRUSDT,UNIUSDT,ATOMUSDT', '-interval-list=5m', '-estimator-list=knn', '-stop-loss-list=1.0', '-numeric-features=volume,quote_asset_volume,number_of_trades,taker_buy_base_asset_volume,taker_buy_quote_asset_volume', '-regression-PnL-list=72', '-regression-times-list=0', '-start-train-date=2023-01-01', '-start-test-date=2023-07-01']
2023-10-20 23:13:43;BNBUSDT;5m;knn;allknn;1.0;0;72;0.0672;0.6737;0.3477;0.3477;quote_asset_volume,taker_buy_base_asset_volume,ema_72p,ema_200p;;0.7;False;2023-01-01;2023-07-22 22:10:00;3;True;<< NOT SAVED >>;['-batch-training', '-calc-rsi', '-normalize', '-no-tune', '-n-jobs=20', '-symbol-list=BTCUSDT,ETHUSDT,BNBUSDT,XRPUSDT,ADAUSDT,DOGEUSDT,SOLUSDT,TRXUSDT,DOTUSDT,MATICUSDT,LTCUSDT,BCHUSDT,AVAXUSDT,XLMUSDT,LINKUSDT,XMRUSDT,UNIUSDT,ATOMUSDT', '-interval-list=5m', '-estimator-list=knn', '-stop-loss-list=1.0', '-numeric-features=volume,quote_asset_volume,number_of_trades,taker_buy_base_asset_volume,taker_buy_quote_asset_volume', '-regression-PnL-list=72', '-regression-times-list=0', '-start-train-date=2023-01-01', '-start-test-date=2023-07-01']
2023-10-29 17:43:27;BNBUSDT;5m;knn;instancehardnessthreshold;1.0;0;72;0.1303;0.4758;0.3478;0.3478;close,rsi,ema_72p;;0.7;False;2023-01-01;2023-07-31 19:40:00;3;True;<< NOT SAVED >>;['-batch-training', '-calc-rsi', '-normalize', '-no-tune', '-n-jobs=20', '-symbol-list=BTCUSDT,ETHUSDT,BNBUSDT,XRPUSDT,ADAUSDT,DOGEUSDT,SOLUSDT,TRXUSDT,DOTUSDT,MATICUSDT,LTCUSDT,BCHUSDT,AVAXUSDT,XLMUSDT,LINKUSDT,XMRUSDT,UNIUSDT,ATOMUSDT', '-interval-list=5m', '-estimator-list=knn', '-stop-loss-list=1.0', '-numeric-features=close,volume,quote_asset_volume,number_of_trades', '-regression-PnL-list=72', '-regression-times-list=0', '-start-train-date=2023-01-01', '-start-test-date=2023-07-01']
2023-10-29 17:51:42;BNBUSDT;5m;knn;allknn;1.0;0;72;0.0464;0.5398;0.3478;0.3478;close,number_of_trades,rsi,ema_72p;;0.7;False;2023-01-01;2023-07-31 19:40:00;3;True;<< NOT SAVED >>;['-batch-training', '-calc-rsi', '-normalize', '-no-tune', '-n-jobs=20', '-symbol-list=BTCUSDT,ETHUSDT,BNBUSDT,XRPUSDT,ADAUSDT,DOGEUSDT,SOLUSDT,TRXUSDT,DOTUSDT,MATICUSDT,LTCUSDT,BCHUSDT,AVAXUSDT,XLMUSDT,LINKUSDT,XMRUSDT,UNIUSDT,ATOMUSDT', '-interval-list=5m', '-estimator-list=knn', '-stop-loss-list=1.0', '-numeric-features=close,volume,quote_asset_volume,number_of_trades', '-regression-PnL-list=72', '-regression-times-list=0', '-start-train-date=2023-01-01', '-start-test-date=2023-07-01']
2023-10-29 17:44:02;BNBUSDT;5m;knn;allknn;1.0;0;72;0.0726;0.5097;0.3478;0.3478;close,rsi,ema_200p;;0.7;False;2023-01-01;2023-07-31 19:40:00;3;True;<< NOT SAVED >>;['-batch-training', '-calc-rsi', '-normalize', '-no-tune', '-n-jobs=20', '-symbol-list=BTCUSDT,ETHUSDT,BNBUSDT,XRPUSDT,ADAUSDT,DOGEUSDT,SOLUSDT,TRXUSDT,DOTUSDT,MATICUSDT,LTCUSDT,BCHUSDT,AVAXUSDT,XLMUSDT,LINKUSDT,XMRUSDT,UNIUSDT,ATOMUSDT', '-interval-list=5m', '-estimator-list=knn', '-stop-loss-list=1.0', '-numeric-features=close,volume,quote_asset_volume,number_of_trades', '-regression-PnL-list=72', '-regression-times-list=0', '-start-train-date=2023-01-01', '-start-test-date=2023-07-01']
2023-10-20 22:50:14;BNBUSDT;5m;knn;instancehardnessthreshold;1.0;0;72;0.168;0.6074;0.3481;0.3481;number_of_trades,taker_buy_quote_asset_volume,ema_200p;;0.7;False;2023-01-01;2023-07-22 22:10:00;3;True;<< NOT SAVED >>;['-batch-training', '-calc-rsi', '-normalize', '-no-tune', '-n-jobs=20', '-symbol-list=BTCUSDT,ETHUSDT,BNBUSDT,XRPUSDT,ADAUSDT,DOGEUSDT,SOLUSDT,TRXUSDT,DOTUSDT,MATICUSDT,LTCUSDT,BCHUSDT,AVAXUSDT,XLMUSDT,LINKUSDT,XMRUSDT,UNIUSDT,ATOMUSDT', '-interval-list=5m', '-estimator-list=knn', '-stop-loss-list=1.0', '-numeric-features=volume,quote_asset_volume,number_of_trades,taker_buy_base_asset_volume,taker_buy_quote_asset_volume', '-regression-PnL-list=72', '-regression-times-list=0', '-start-train-date=2023-01-01', '-start-test-date=2023-07-01']
2023-10-20 23:15:46;BNBUSDT;5m;knn;instancehardnessthreshold;1.0;0;72;0.195;0.5932;0.3481;0.3481;number_of_trades,taker_buy_base_asset_volume,taker_buy_quote_asset_volume,ema_72p;;0.7;False;2023-01-01;2023-07-22 22:10:00;3;True;<< NOT SAVED >>;['-batch-training', '-calc-rsi', '-normalize', '-no-tune', '-n-jobs=20', '-symbol-list=BTCUSDT,ETHUSDT,BNBUSDT,XRPUSDT,ADAUSDT,DOGEUSDT,SOLUSDT,TRXUSDT,DOTUSDT,MATICUSDT,LTCUSDT,BCHUSDT,AVAXUSDT,XLMUSDT,LINKUSDT,XMRUSDT,UNIUSDT,ATOMUSDT', '-interval-list=5m', '-estimator-list=knn', '-stop-loss-list=1.0', '-numeric-features=volume,quote_asset_volume,number_of_trades,taker_buy_base_asset_volume,taker_buy_quote_asset_volume', '-regression-PnL-list=72', '-regression-times-list=0', '-start-train-date=2023-01-01', '-start-test-date=2023-07-01']
2023-10-20 22:51:28;BNBUSDT;5m;knn;allknn;1.0;0;72;0.0542;0.6686;0.3489;0.3489;number_of_trades,ema_72p,ema_200p;;0.7;False;2023-01-01;2023-07-22 22:10:00;3;True;<< NOT SAVED >>;['-batch-training', '-calc-rsi', '-normalize', '-no-tune', '-n-jobs=20', '-symbol-list=BTCUSDT,ETHUSDT,BNBUSDT,XRPUSDT,ADAUSDT,DOGEUSDT,SOLUSDT,TRXUSDT,DOTUSDT,MATICUSDT,LTCUSDT,BCHUSDT,AVAXUSDT,XLMUSDT,LINKUSDT,XMRUSDT,UNIUSDT,ATOMUSDT', '-interval-list=5m', '-estimator-list=knn', '-stop-loss-list=1.0', '-numeric-features=volume,quote_asset_volume,number_of_trades,taker_buy_base_asset_volume,taker_buy_quote_asset_volume', '-regression-PnL-list=72', '-regression-times-list=0', '-start-train-date=2023-01-01', '-start-test-date=2023-07-01']
2023-10-20 23:45:20;BNBUSDT;5m;knn;instancehardnessthreshold;1.0;0;72;0.1703;0.5931;0.3501;0.3501;volume,quote_asset_volume,number_of_trades,taker_buy_base_asset_volume,ema_72p,ema_200p;;0.7;False;2023-01-01;2023-07-22 22:10:00;3;True;<< NOT SAVED >>;['-batch-training', '-calc-rsi', '-normalize', '-no-tune', '-n-jobs=20', '-symbol-list=BTCUSDT,ETHUSDT,BNBUSDT,XRPUSDT,ADAUSDT,DOGEUSDT,SOLUSDT,TRXUSDT,DOTUSDT,MATICUSDT,LTCUSDT,BCHUSDT,AVAXUSDT,XLMUSDT,LINKUSDT,XMRUSDT,UNIUSDT,ATOMUSDT', '-interval-list=5m', '-estimator-list=knn', '-stop-loss-list=1.0', '-numeric-features=volume,quote_asset_volume,number_of_trades,taker_buy_base_asset_volume,taker_buy_quote_asset_volume', '-regression-PnL-list=72', '-regression-times-list=0', '-start-train-date=2023-01-01', '-start-test-date=2023-07-01']
2023-10-20 23:39:42;BNBUSDT;5m;knn;allknn;1.0;0;72;0.0571;0.6904;0.3504;0.3504;quote_asset_volume,taker_buy_base_asset_volume,taker_buy_quote_asset_volume,ema_72p,ema_200p;;0.7;False;2023-01-01;2023-07-22 22:10:00;3;True;<< NOT SAVED >>;['-batch-training', '-calc-rsi', '-normalize', '-no-tune', '-n-jobs=20', '-symbol-list=BTCUSDT,ETHUSDT,BNBUSDT,XRPUSDT,ADAUSDT,DOGEUSDT,SOLUSDT,TRXUSDT,DOTUSDT,MATICUSDT,LTCUSDT,BCHUSDT,AVAXUSDT,XLMUSDT,LINKUSDT,XMRUSDT,UNIUSDT,ATOMUSDT', '-interval-list=5m', '-estimator-list=knn', '-stop-loss-list=1.0', '-numeric-features=volume,quote_asset_volume,number_of_trades,taker_buy_base_asset_volume,taker_buy_quote_asset_volume', '-regression-PnL-list=72', '-regression-times-list=0', '-start-train-date=2023-01-01', '-start-test-date=2023-07-01']
2023-10-29 18:00:42;BNBUSDT;5m;knn;allknn;1.0;0;72;0.0392;0.5314;0.3511;0.3511;close,volume,quote_asset_volume,number_of_trades,rsi,ema_72p;;0.7;False;2023-01-01;2023-07-31 19:40:00;3;True;<< NOT SAVED >>;['-batch-training', '-calc-rsi', '-normalize', '-no-tune', '-n-jobs=20', '-symbol-list=BTCUSDT,ETHUSDT,BNBUSDT,XRPUSDT,ADAUSDT,DOGEUSDT,SOLUSDT,TRXUSDT,DOTUSDT,MATICUSDT,LTCUSDT,BCHUSDT,AVAXUSDT,XLMUSDT,LINKUSDT,XMRUSDT,UNIUSDT,ATOMUSDT', '-interval-list=5m', '-estimator-list=knn', '-stop-loss-list=1.0', '-numeric-features=close,volume,quote_asset_volume,number_of_trades', '-regression-PnL-list=72', '-regression-times-list=0', '-start-train-date=2023-01-01', '-start-test-date=2023-07-01']
2023-10-20 22:40:14;BNBUSDT;5m;knn;instancehardnessthreshold;1.0;0;72;0.2105;0.572;0.3516;0.3516;volume,taker_buy_base_asset_volume,ema_72p;;0.7;False;2023-01-01;2023-07-22 22:10:00;3;True;<< NOT SAVED >>;['-batch-training', '-calc-rsi', '-normalize', '-no-tune', '-n-jobs=20', '-symbol-list=BTCUSDT,ETHUSDT,BNBUSDT,XRPUSDT,ADAUSDT,DOGEUSDT,SOLUSDT,TRXUSDT,DOTUSDT,MATICUSDT,LTCUSDT,BCHUSDT,AVAXUSDT,XLMUSDT,LINKUSDT,XMRUSDT,UNIUSDT,ATOMUSDT', '-interval-list=5m', '-estimator-list=knn', '-stop-loss-list=1.0', '-numeric-features=volume,quote_asset_volume,number_of_trades,taker_buy_base_asset_volume,taker_buy_quote_asset_volume', '-regression-PnL-list=72', '-regression-times-list=0', '-start-train-date=2023-01-01', '-start-test-date=2023-07-01']
2023-10-20 23:05:02;BNBUSDT;5m;knn;instancehardnessthreshold;1.0;0;72;0.2093;0.5727;0.352;0.352;volume,taker_buy_base_asset_volume,taker_buy_quote_asset_volume,ema_200p;;0.7;False;2023-01-01;2023-07-22 22:10:00;3;True;<< NOT SAVED >>;['-batch-training', '-calc-rsi', '-normalize', '-no-tune', '-n-jobs=20', '-symbol-list=BTCUSDT,ETHUSDT,BNBUSDT,XRPUSDT,ADAUSDT,DOGEUSDT,SOLUSDT,TRXUSDT,DOTUSDT,MATICUSDT,LTCUSDT,BCHUSDT,AVAXUSDT,XLMUSDT,LINKUSDT,XMRUSDT,UNIUSDT,ATOMUSDT', '-interval-list=5m', '-estimator-list=knn', '-stop-loss-list=1.0', '-numeric-features=volume,quote_asset_volume,number_of_trades,taker_buy_base_asset_volume,taker_buy_quote_asset_volume', '-regression-PnL-list=72', '-regression-times-list=0', '-start-train-date=2023-01-01', '-start-test-date=2023-07-01']
2023-10-20 23:56:51;BNBUSDT;5m;knn;allknn;1.0;0;72;0.0419;0.706;0.3528;0.3528;volume,quote_asset_volume,number_of_trades,taker_buy_base_asset_volume,taker_buy_quote_asset_volume,ema_72p,ema_200p;;0.7;False;2023-01-01;2023-07-22 22:10:00;3;True;<< NOT SAVED >>;['-batch-training', '-calc-rsi', '-normalize', '-no-tune', '-n-jobs=20', '-symbol-list=BTCUSDT,ETHUSDT,BNBUSDT,XRPUSDT,ADAUSDT,DOGEUSDT,SOLUSDT,TRXUSDT,DOTUSDT,MATICUSDT,LTCUSDT,BCHUSDT,AVAXUSDT,XLMUSDT,LINKUSDT,XMRUSDT,UNIUSDT,ATOMUSDT', '-interval-list=5m', '-estimator-list=knn', '-stop-loss-list=1.0', '-numeric-features=volume,quote_asset_volume,number_of_trades,taker_buy_base_asset_volume,taker_buy_quote_asset_volume', '-regression-PnL-list=72', '-regression-times-list=0', '-start-train-date=2023-01-01', '-start-test-date=2023-07-01']
2023-10-20 22:53:29;BNBUSDT;5m;knn;allknn;1.0;0;72;0.0545;0.667;0.3531;0.3531;taker_buy_base_asset_volume,ema_72p,ema_200p;;0.7;False;2023-01-01;2023-07-22 22:10:00;3;True;<< NOT SAVED >>;['-batch-training', '-calc-rsi', '-normalize', '-no-tune', '-n-jobs=20', '-symbol-list=BTCUSDT,ETHUSDT,BNBUSDT,XRPUSDT,ADAUSDT,DOGEUSDT,SOLUSDT,TRXUSDT,DOTUSDT,MATICUSDT,LTCUSDT,BCHUSDT,AVAXUSDT,XLMUSDT,LINKUSDT,XMRUSDT,UNIUSDT,ATOMUSDT', '-interval-list=5m', '-estimator-list=knn', '-stop-loss-list=1.0', '-numeric-features=volume,quote_asset_volume,number_of_trades,taker_buy_base_asset_volume,taker_buy_quote_asset_volume', '-regression-PnL-list=72', '-regression-times-list=0', '-start-train-date=2023-01-01', '-start-test-date=2023-07-01']
2023-10-20 22:40:35;BNBUSDT;5m;knn;instancehardnessthreshold;1.0;0;72;0.2188;0.5605;0.3535;0.3535;volume,taker_buy_base_asset_volume,ema_200p;;0.7;False;2023-01-01;2023-07-22 22:10:00;3;True;<< NOT SAVED >>;['-batch-training', '-calc-rsi', '-normalize', '-no-tune', '-n-jobs=20', '-symbol-list=BTCUSDT,ETHUSDT,BNBUSDT,XRPUSDT,ADAUSDT,DOGEUSDT,SOLUSDT,TRXUSDT,DOTUSDT,MATICUSDT,LTCUSDT,BCHUSDT,AVAXUSDT,XLMUSDT,LINKUSDT,XMRUSDT,UNIUSDT,ATOMUSDT', '-interval-list=5m', '-estimator-list=knn', '-stop-loss-list=1.0', '-numeric-features=volume,quote_asset_volume,number_of_trades,taker_buy_base_asset_volume,taker_buy_quote_asset_volume', '-regression-PnL-list=72', '-regression-times-list=0', '-start-train-date=2023-01-01', '-start-test-date=2023-07-01']
2023-10-29 17:58:12;BNBUSDT;5m;knn;allknn;1.0;0;72;0.0438;0.5164;0.3538;0.3538;close,quote_asset_volume,number_of_trades,rsi,ema_72p;;0.7;False;2023-01-01;2023-07-31 19:40:00;3;True;<< NOT SAVED >>;['-batch-training', '-calc-rsi', '-normalize', '-no-tune', '-n-jobs=20', '-symbol-list=BTCUSDT,ETHUSDT,BNBUSDT,XRPUSDT,ADAUSDT,DOGEUSDT,SOLUSDT,TRXUSDT,DOTUSDT,MATICUSDT,LTCUSDT,BCHUSDT,AVAXUSDT,XLMUSDT,LINKUSDT,XMRUSDT,UNIUSDT,ATOMUSDT', '-interval-list=5m', '-estimator-list=knn', '-stop-loss-list=1.0', '-numeric-features=close,volume,quote_asset_volume,number_of_trades', '-regression-PnL-list=72', '-regression-times-list=0', '-start-train-date=2023-01-01', '-start-test-date=2023-07-01']
2023-10-29 17:47:48;BNBUSDT;5m;knn;allknn;1.0;0;72;0.0496;0.5686;0.3538;0.3538;close,volume,rsi,ema_72p;;0.7;False;2023-01-01;2023-07-31 19:40:00;3;True;<< NOT SAVED >>;['-batch-training', '-calc-rsi', '-normalize', '-no-tune', '-n-jobs=20', '-symbol-list=BTCUSDT,ETHUSDT,BNBUSDT,XRPUSDT,ADAUSDT,DOGEUSDT,SOLUSDT,TRXUSDT,DOTUSDT,MATICUSDT,LTCUSDT,BCHUSDT,AVAXUSDT,XLMUSDT,LINKUSDT,XMRUSDT,UNIUSDT,ATOMUSDT', '-interval-list=5m', '-estimator-list=knn', '-stop-loss-list=1.0', '-numeric-features=close,volume,quote_asset_volume,number_of_trades', '-regression-PnL-list=72', '-regression-times-list=0', '-start-train-date=2023-01-01', '-start-test-date=2023-07-01']
2023-10-20 22:33:12;BNBUSDT;5m;knn;instancehardnessthreshold;1.0;0;72;0.1833;0.5773;0.3551;0.3551;taker_buy_base_asset_volume,ema_72p;;0.7;False;2023-01-01;2023-07-22 22:10:00;3;True;<< NOT SAVED >>;['-batch-training', '-calc-rsi', '-normalize', '-no-tune', '-n-jobs=20', '-symbol-list=BTCUSDT,ETHUSDT,BNBUSDT,XRPUSDT,ADAUSDT,DOGEUSDT,SOLUSDT,TRXUSDT,DOTUSDT,MATICUSDT,LTCUSDT,BCHUSDT,AVAXUSDT,XLMUSDT,LINKUSDT,XMRUSDT,UNIUSDT,ATOMUSDT', '-interval-list=5m', '-estimator-list=knn', '-stop-loss-list=1.0', '-numeric-features=volume,quote_asset_volume,number_of_trades,taker_buy_base_asset_volume,taker_buy_quote_asset_volume', '-regression-PnL-list=72', '-regression-times-list=0', '-start-train-date=2023-01-01', '-start-test-date=2023-07-01']
2023-10-20 22:52:19;BNBUSDT;5m;knn;instancehardnessthreshold;1.0;0;72;0.2013;0.5571;0.3551;0.3551;taker_buy_base_asset_volume,taker_buy_quote_asset_volume,ema_200p;;0.7;False;2023-01-01;2023-07-22 22:10:00;3;True;<< NOT SAVED >>;['-batch-training', '-calc-rsi', '-normalize', '-no-tune', '-n-jobs=20', '-symbol-list=BTCUSDT,ETHUSDT,BNBUSDT,XRPUSDT,ADAUSDT,DOGEUSDT,SOLUSDT,TRXUSDT,DOTUSDT,MATICUSDT,LTCUSDT,BCHUSDT,AVAXUSDT,XLMUSDT,LINKUSDT,XMRUSDT,UNIUSDT,ATOMUSDT', '-interval-list=5m', '-estimator-list=knn', '-stop-loss-list=1.0', '-numeric-features=volume,quote_asset_volume,number_of_trades,taker_buy_base_asset_volume,taker_buy_quote_asset_volume', '-regression-PnL-list=72', '-regression-times-list=0', '-start-train-date=2023-01-01', '-start-test-date=2023-07-01']
2023-10-20 23:34:36;BNBUSDT;5m;knn;allknn;1.0;0;72;0.0634;0.6702;0.3555;0.3555;volume,taker_buy_quote_asset_volume,rsi,ema_72p,ema_200p;;0.7;False;2023-01-01;2023-07-22 22:10:00;3;True;<< NOT SAVED >>;['-batch-training', '-calc-rsi', '-normalize', '-no-tune', '-n-jobs=20', '-symbol-list=BTCUSDT,ETHUSDT,BNBUSDT,XRPUSDT,ADAUSDT,DOGEUSDT,SOLUSDT,TRXUSDT,DOTUSDT,MATICUSDT,LTCUSDT,BCHUSDT,AVAXUSDT,XLMUSDT,LINKUSDT,XMRUSDT,UNIUSDT,ATOMUSDT', '-interval-list=5m', '-estimator-list=knn', '-stop-loss-list=1.0', '-numeric-features=volume,quote_asset_volume,number_of_trades,taker_buy_base_asset_volume,taker_buy_quote_asset_volume', '-regression-PnL-list=72', '-regression-times-list=0', '-start-train-date=2023-01-01', '-start-test-date=2023-07-01']
2023-10-20 23:25:23;BNBUSDT;5m;knn;instancehardnessthreshold;1.0;0;72;0.2197;0.561;0.3555;0.3555;volume,quote_asset_volume,taker_buy_base_asset_volume,taker_buy_quote_asset_volume,ema_72p;;0.7;False;2023-01-01;2023-07-22 22:10:00;3;True;<< NOT SAVED >>;['-batch-training', '-calc-rsi', '-normalize', '-no-tune', '-n-jobs=20', '-symbol-list=BTCUSDT,ETHUSDT,BNBUSDT,XRPUSDT,ADAUSDT,DOGEUSDT,SOLUSDT,TRXUSDT,DOTUSDT,MATICUSDT,LTCUSDT,BCHUSDT,AVAXUSDT,XLMUSDT,LINKUSDT,XMRUSDT,UNIUSDT,ATOMUSDT', '-interval-list=5m', '-estimator-list=knn', '-stop-loss-list=1.0', '-numeric-features=volume,quote_asset_volume,number_of_trades,taker_buy_base_asset_volume,taker_buy_quote_asset_volume', '-regression-PnL-list=72', '-regression-times-list=0', '-start-train-date=2023-01-01', '-start-test-date=2023-07-01']
2023-10-20 23:25:00;BNBUSDT;5m;knn;instancehardnessthreshold;1.0;0;72;0.3557;0.4899;0.2725;0.3557;volume,quote_asset_volume,taker_buy_base_asset_volume,taker_buy_quote_asset_volume,rsi;;0.7;False;2023-01-01;2023-07-22 22:10:00;3;True;<< NOT SAVED >>;['-batch-training', '-calc-rsi', '-normalize', '-no-tune', '-n-jobs=20', '-symbol-list=BTCUSDT,ETHUSDT,BNBUSDT,XRPUSDT,ADAUSDT,DOGEUSDT,SOLUSDT,TRXUSDT,DOTUSDT,MATICUSDT,LTCUSDT,BCHUSDT,AVAXUSDT,XLMUSDT,LINKUSDT,XMRUSDT,UNIUSDT,ATOMUSDT', '-interval-list=5m', '-estimator-list=knn', '-stop-loss-list=1.0', '-numeric-features=volume,quote_asset_volume,number_of_trades,taker_buy_base_asset_volume,taker_buy_quote_asset_volume', '-regression-PnL-list=72', '-regression-times-list=0', '-start-train-date=2023-01-01', '-start-test-date=2023-07-01']
2023-10-20 23:38:10;BNBUSDT;5m;knn;allknn;1.0;0;72;0.045;0.7042;0.3562;0.3562;quote_asset_volume,number_of_trades,taker_buy_quote_asset_volume,ema_72p,ema_200p;;0.7;False;2023-01-01;2023-07-22 22:10:00;3;True;<< NOT SAVED >>;['-batch-training', '-calc-rsi', '-normalize', '-no-tune', '-n-jobs=20', '-symbol-list=BTCUSDT,ETHUSDT,BNBUSDT,XRPUSDT,ADAUSDT,DOGEUSDT,SOLUSDT,TRXUSDT,DOTUSDT,MATICUSDT,LTCUSDT,BCHUSDT,AVAXUSDT,XLMUSDT,LINKUSDT,XMRUSDT,UNIUSDT,ATOMUSDT', '-interval-list=5m', '-estimator-list=knn', '-stop-loss-list=1.0', '-numeric-features=volume,quote_asset_volume,number_of_trades,taker_buy_base_asset_volume,taker_buy_quote_asset_volume', '-regression-PnL-list=72', '-regression-times-list=0', '-start-train-date=2023-01-01', '-start-test-date=2023-07-01']
2023-10-20 22:31:20;BNBUSDT;5m;knn;repeatededitednearestneighbours;1.0;0;72;0.006;0.657;0.3562;0.3562;number_of_trades,taker_buy_quote_asset_volume;;0.7;False;2023-01-01;2023-07-22 22:10:00;3;True;<< NOT SAVED >>;['-batch-training', '-calc-rsi', '-normalize', '-no-tune', '-n-jobs=20', '-symbol-list=BTCUSDT,ETHUSDT,BNBUSDT,XRPUSDT,ADAUSDT,DOGEUSDT,SOLUSDT,TRXUSDT,DOTUSDT,MATICUSDT,LTCUSDT,BCHUSDT,AVAXUSDT,XLMUSDT,LINKUSDT,XMRUSDT,UNIUSDT,ATOMUSDT', '-interval-list=5m', '-estimator-list=knn', '-stop-loss-list=1.0', '-numeric-features=volume,quote_asset_volume,number_of_trades,taker_buy_base_asset_volume,taker_buy_quote_asset_volume', '-regression-PnL-list=72', '-regression-times-list=0', '-start-train-date=2023-01-01', '-start-test-date=2023-07-01']
2023-10-20 22:46:48;BNBUSDT;5m;knn;instancehardnessthreshold;1.0;0;72;0.2007;0.5681;0.3566;0.3566;quote_asset_volume,taker_buy_quote_asset_volume,ema_200p;;0.7;False;2023-01-01;2023-07-22 22:10:00;3;True;<< NOT SAVED >>;['-batch-training', '-calc-rsi', '-normalize', '-no-tune', '-n-jobs=20', '-symbol-list=BTCUSDT,ETHUSDT,BNBUSDT,XRPUSDT,ADAUSDT,DOGEUSDT,SOLUSDT,TRXUSDT,DOTUSDT,MATICUSDT,LTCUSDT,BCHUSDT,AVAXUSDT,XLMUSDT,LINKUSDT,XMRUSDT,UNIUSDT,ATOMUSDT', '-interval-list=5m', '-estimator-list=knn', '-stop-loss-list=1.0', '-numeric-features=volume,quote_asset_volume,number_of_trades,taker_buy_base_asset_volume,taker_buy_quote_asset_volume', '-regression-PnL-list=72', '-regression-times-list=0', '-start-train-date=2023-01-01', '-start-test-date=2023-07-01']
2023-10-20 22:41:38;BNBUSDT;5m;knn;instancehardnessthreshold;1.0;0;72;0.1956;0.5645;0.3574;0.3574;volume,taker_buy_quote_asset_volume,ema_200p;;0.7;False;2023-01-01;2023-07-22 22:10:00;3;True;<< NOT SAVED >>;['-batch-training', '-calc-rsi', '-normalize', '-no-tune', '-n-jobs=20', '-symbol-list=BTCUSDT,ETHUSDT,BNBUSDT,XRPUSDT,ADAUSDT,DOGEUSDT,SOLUSDT,TRXUSDT,DOTUSDT,MATICUSDT,LTCUSDT,BCHUSDT,AVAXUSDT,XLMUSDT,LINKUSDT,XMRUSDT,UNIUSDT,ATOMUSDT', '-interval-list=5m', '-estimator-list=knn', '-stop-loss-list=1.0', '-numeric-features=volume,quote_asset_volume,number_of_trades,taker_buy_base_asset_volume,taker_buy_quote_asset_volume', '-regression-PnL-list=72', '-regression-times-list=0', '-start-train-date=2023-01-01', '-start-test-date=2023-07-01']
2023-10-20 23:04:06;BNBUSDT;5m;knn;allknn;1.0;0;72;0.0447;0.6885;0.3574;0.3574;volume,number_of_trades,ema_72p,ema_200p;;0.7;False;2023-01-01;2023-07-22 22:10:00;3;True;<< NOT SAVED >>;['-batch-training', '-calc-rsi', '-normalize', '-no-tune', '-n-jobs=20', '-symbol-list=BTCUSDT,ETHUSDT,BNBUSDT,XRPUSDT,ADAUSDT,DOGEUSDT,SOLUSDT,TRXUSDT,DOTUSDT,MATICUSDT,LTCUSDT,BCHUSDT,AVAXUSDT,XLMUSDT,LINKUSDT,XMRUSDT,UNIUSDT,ATOMUSDT', '-interval-list=5m', '-estimator-list=knn', '-stop-loss-list=1.0', '-numeric-features=volume,quote_asset_volume,number_of_trades,taker_buy_base_asset_volume,taker_buy_quote_asset_volume', '-regression-PnL-list=72', '-regression-times-list=0', '-start-train-date=2023-01-01', '-start-test-date=2023-07-01']
2023-10-29 17:39:09;BNBUSDT;5m;knn;instancehardnessthreshold;1.0;0;72;0.0804;0.5654;0.3574;0.3574;close,volume,number_of_trades;;0.7;False;2023-01-01;2023-07-31 19:40:00;3;True;<< NOT SAVED >>;['-batch-training', '-calc-rsi', '-normalize', '-no-tune', '-n-jobs=20', '-symbol-list=BTCUSDT,ETHUSDT,BNBUSDT,XRPUSDT,ADAUSDT,DOGEUSDT,SOLUSDT,TRXUSDT,DOTUSDT,MATICUSDT,LTCUSDT,BCHUSDT,AVAXUSDT,XLMUSDT,LINKUSDT,XMRUSDT,UNIUSDT,ATOMUSDT', '-interval-list=5m', '-estimator-list=knn', '-stop-loss-list=1.0', '-numeric-features=close,volume,quote_asset_volume,number_of_trades', '-regression-PnL-list=72', '-regression-times-list=0', '-start-train-date=2023-01-01', '-start-test-date=2023-07-01']
2023-10-20 22:34:26;BNBUSDT;5m;knn;instancehardnessthreshold;1.0;0;72;0.1747;0.5851;0.3585;0.3585;taker_buy_quote_asset_volume,ema_200p;;0.7;False;2023-01-01;2023-07-22 22:10:00;3;True;<< NOT SAVED >>;['-batch-training', '-calc-rsi', '-normalize', '-no-tune', '-n-jobs=20', '-symbol-list=BTCUSDT,ETHUSDT,BNBUSDT,XRPUSDT,ADAUSDT,DOGEUSDT,SOLUSDT,TRXUSDT,DOTUSDT,MATICUSDT,LTCUSDT,BCHUSDT,AVAXUSDT,XLMUSDT,LINKUSDT,XMRUSDT,UNIUSDT,ATOMUSDT', '-interval-list=5m', '-estimator-list=knn', '-stop-loss-list=1.0', '-numeric-features=volume,quote_asset_volume,number_of_trades,taker_buy_base_asset_volume,taker_buy_quote_asset_volume', '-regression-PnL-list=72', '-regression-times-list=0', '-start-train-date=2023-01-01', '-start-test-date=2023-07-01']
2023-10-29 18:00:26;BNBUSDT;5m;knn;instancehardnessthreshold;1.0;0;72;0.0836;0.5558;0.3588;0.3588;close,volume,quote_asset_volume,number_of_trades,rsi,ema_72p;;0.7;False;2023-01-01;2023-07-31 19:40:00;3;True;<< NOT SAVED >>;['-batch-training', '-calc-rsi', '-normalize', '-no-tune', '-n-jobs=20', '-symbol-list=BTCUSDT,ETHUSDT,BNBUSDT,XRPUSDT,ADAUSDT,DOGEUSDT,SOLUSDT,TRXUSDT,DOTUSDT,MATICUSDT,LTCUSDT,BCHUSDT,AVAXUSDT,XLMUSDT,LINKUSDT,XMRUSDT,UNIUSDT,ATOMUSDT', '-interval-list=5m', '-estimator-list=knn', '-stop-loss-list=1.0', '-numeric-features=close,volume,quote_asset_volume,number_of_trades', '-regression-PnL-list=72', '-regression-times-list=0', '-start-train-date=2023-01-01', '-start-test-date=2023-07-01']
2023-10-20 22:28:45;BNBUSDT;5m;knn;instancehardnessthreshold;1.0;0;72;0.1699;0.5852;0.3597;0.3597;volume,ema_200p;;0.7;False;2023-01-01;2023-07-22 22:10:00;3;True;<< NOT SAVED >>;['-batch-training', '-calc-rsi', '-normalize', '-no-tune', '-n-jobs=20', '-symbol-list=BTCUSDT,ETHUSDT,BNBUSDT,XRPUSDT,ADAUSDT,DOGEUSDT,SOLUSDT,TRXUSDT,DOTUSDT,MATICUSDT,LTCUSDT,BCHUSDT,AVAXUSDT,XLMUSDT,LINKUSDT,XMRUSDT,UNIUSDT,ATOMUSDT', '-interval-list=5m', '-estimator-list=knn', '-stop-loss-list=1.0', '-numeric-features=volume,quote_asset_volume,number_of_trades,taker_buy_base_asset_volume,taker_buy_quote_asset_volume', '-regression-PnL-list=72', '-regression-times-list=0', '-start-train-date=2023-01-01', '-start-test-date=2023-07-01']
2023-10-20 22:37:24;BNBUSDT;5m;knn;instancehardnessthreshold;1.0;0;72;0.1766;0.5935;0.3605;0.3605;volume,quote_asset_volume,ema_200p;;0.7;False;2023-01-01;2023-07-22 22:10:00;3;True;<< NOT SAVED >>;['-batch-training', '-calc-rsi', '-normalize', '-no-tune', '-n-jobs=20', '-symbol-list=BTCUSDT,ETHUSDT,BNBUSDT,XRPUSDT,ADAUSDT,DOGEUSDT,SOLUSDT,TRXUSDT,DOTUSDT,MATICUSDT,LTCUSDT,BCHUSDT,AVAXUSDT,XLMUSDT,LINKUSDT,XMRUSDT,UNIUSDT,ATOMUSDT', '-interval-list=5m', '-estimator-list=knn', '-stop-loss-list=1.0', '-numeric-features=volume,quote_asset_volume,number_of_trades,taker_buy_base_asset_volume,taker_buy_quote_asset_volume', '-regression-PnL-list=72', '-regression-times-list=0', '-start-train-date=2023-01-01', '-start-test-date=2023-07-01']
2023-10-20 23:31:01;BNBUSDT;5m;knn;allknn;1.0;0;72;0.0739;0.6834;0.3605;0.3605;volume,number_of_trades,taker_buy_base_asset_volume,ema_72p,ema_200p;;0.7;False;2023-01-01;2023-07-22 22:10:00;3;True;<< NOT SAVED >>;['-batch-training', '-calc-rsi', '-normalize', '-no-tune', '-n-jobs=20', '-symbol-list=BTCUSDT,ETHUSDT,BNBUSDT,XRPUSDT,ADAUSDT,DOGEUSDT,SOLUSDT,TRXUSDT,DOTUSDT,MATICUSDT,LTCUSDT,BCHUSDT,AVAXUSDT,XLMUSDT,LINKUSDT,XMRUSDT,UNIUSDT,ATOMUSDT', '-interval-list=5m', '-estimator-list=knn', '-stop-loss-list=1.0', '-numeric-features=volume,quote_asset_volume,number_of_trades,taker_buy_base_asset_volume,taker_buy_quote_asset_volume', '-regression-PnL-list=72', '-regression-times-list=0', '-start-train-date=2023-01-01', '-start-test-date=2023-07-01']
2023-10-20 22:39:09;BNBUSDT;5m;knn;instancehardnessthreshold;1.0;0;72;0.1611;0.597;0.3609;0.3609;volume,number_of_trades,ema_200p;;0.7;False;2023-01-01;2023-07-22 22:10:00;3;True;<< NOT SAVED >>;['-batch-training', '-calc-rsi', '-normalize', '-no-tune', '-n-jobs=20', '-symbol-list=BTCUSDT,ETHUSDT,BNBUSDT,XRPUSDT,ADAUSDT,DOGEUSDT,SOLUSDT,TRXUSDT,DOTUSDT,MATICUSDT,LTCUSDT,BCHUSDT,AVAXUSDT,XLMUSDT,LINKUSDT,XMRUSDT,UNIUSDT,ATOMUSDT', '-interval-list=5m', '-estimator-list=knn', '-stop-loss-list=1.0', '-numeric-features=volume,quote_asset_volume,number_of_trades,taker_buy_base_asset_volume,taker_buy_quote_asset_volume', '-regression-PnL-list=72', '-regression-times-list=0', '-start-train-date=2023-01-01', '-start-test-date=2023-07-01']
2023-10-20 23:50:54;BNBUSDT;5m;knn;allknn;1.0;0;72;0.0539;0.6832;0.3609;0.3609;volume,number_of_trades,taker_buy_base_asset_volume,taker_buy_quote_asset_volume,ema_72p,ema_200p;;0.7;False;2023-01-01;2023-07-22 22:10:00;3;True;<< NOT SAVED >>;['-batch-training', '-calc-rsi', '-normalize', '-no-tune', '-n-jobs=20', '-symbol-list=BTCUSDT,ETHUSDT,BNBUSDT,XRPUSDT,ADAUSDT,DOGEUSDT,SOLUSDT,TRXUSDT,DOTUSDT,MATICUSDT,LTCUSDT,BCHUSDT,AVAXUSDT,XLMUSDT,LINKUSDT,XMRUSDT,UNIUSDT,ATOMUSDT', '-interval-list=5m', '-estimator-list=knn', '-stop-loss-list=1.0', '-numeric-features=volume,quote_asset_volume,number_of_trades,taker_buy_base_asset_volume,taker_buy_quote_asset_volume', '-regression-PnL-list=72', '-regression-times-list=0', '-start-train-date=2023-01-01', '-start-test-date=2023-07-01']
2023-10-20 23:53:27;BNBUSDT;5m;knn;instancehardnessthreshold;1.0;0;72;0.1604;0.5956;0.3613;0.3613;quote_asset_volume,number_of_trades,taker_buy_base_asset_volume,taker_buy_quote_asset_volume,ema_72p,ema_200p;;0.7;False;2023-01-01;2023-07-22 22:10:00;3;True;<< NOT SAVED >>;['-batch-training', '-calc-rsi', '-normalize', '-no-tune', '-n-jobs=20', '-symbol-list=BTCUSDT,ETHUSDT,BNBUSDT,XRPUSDT,ADAUSDT,DOGEUSDT,SOLUSDT,TRXUSDT,DOTUSDT,MATICUSDT,LTCUSDT,BCHUSDT,AVAXUSDT,XLMUSDT,LINKUSDT,XMRUSDT,UNIUSDT,ATOMUSDT', '-interval-list=5m', '-estimator-list=knn', '-stop-loss-list=1.0', '-numeric-features=volume,quote_asset_volume,number_of_trades,taker_buy_base_asset_volume,taker_buy_quote_asset_volume', '-regression-PnL-list=72', '-regression-times-list=0', '-start-train-date=2023-01-01', '-start-test-date=2023-07-01']
2023-10-29 18:01:15;BNBUSDT;5m;knn;allknn;1.0;0;72;0.0435;0.5432;0.3618;0.3618;close,volume,quote_asset_volume,number_of_trades,rsi,ema_200p;;0.7;False;2023-01-01;2023-07-31 19:40:00;3;True;<< NOT SAVED >>;['-batch-training', '-calc-rsi', '-normalize', '-no-tune', '-n-jobs=20', '-symbol-list=BTCUSDT,ETHUSDT,BNBUSDT,XRPUSDT,ADAUSDT,DOGEUSDT,SOLUSDT,TRXUSDT,DOTUSDT,MATICUSDT,LTCUSDT,BCHUSDT,AVAXUSDT,XLMUSDT,LINKUSDT,XMRUSDT,UNIUSDT,ATOMUSDT', '-interval-list=5m', '-estimator-list=knn', '-stop-loss-list=1.0', '-numeric-features=close,volume,quote_asset_volume,number_of_trades', '-regression-PnL-list=72', '-regression-times-list=0', '-start-train-date=2023-01-01', '-start-test-date=2023-07-01']
2023-10-20 22:44:24;BNBUSDT;5m;knn;instancehardnessthreshold;1.0;0;72;0.1516;0.6059;0.362;0.362;quote_asset_volume,number_of_trades,ema_200p;;0.7;False;2023-01-01;2023-07-22 22:10:00;3;True;<< NOT SAVED >>;['-batch-training', '-calc-rsi', '-normalize', '-no-tune', '-n-jobs=20', '-symbol-list=BTCUSDT,ETHUSDT,BNBUSDT,XRPUSDT,ADAUSDT,DOGEUSDT,SOLUSDT,TRXUSDT,DOTUSDT,MATICUSDT,LTCUSDT,BCHUSDT,AVAXUSDT,XLMUSDT,LINKUSDT,XMRUSDT,UNIUSDT,ATOMUSDT', '-interval-list=5m', '-estimator-list=knn', '-stop-loss-list=1.0', '-numeric-features=volume,quote_asset_volume,number_of_trades,taker_buy_base_asset_volume,taker_buy_quote_asset_volume', '-regression-PnL-list=72', '-regression-times-list=0', '-start-train-date=2023-01-01', '-start-test-date=2023-07-01']
2023-10-20 23:30:50;BNBUSDT;5m;knn;instancehardnessthreshold;1.0;0;72;0.1766;0.5851;0.3624;0.3624;volume,number_of_trades,taker_buy_base_asset_volume,ema_72p,ema_200p;;0.7;False;2023-01-01;2023-07-22 22:10:00;3;True;<< NOT SAVED >>;['-batch-training', '-calc-rsi', '-normalize', '-no-tune', '-n-jobs=20', '-symbol-list=BTCUSDT,ETHUSDT,BNBUSDT,XRPUSDT,ADAUSDT,DOGEUSDT,SOLUSDT,TRXUSDT,DOTUSDT,MATICUSDT,LTCUSDT,BCHUSDT,AVAXUSDT,XLMUSDT,LINKUSDT,XMRUSDT,UNIUSDT,ATOMUSDT', '-interval-list=5m', '-estimator-list=knn', '-stop-loss-list=1.0', '-numeric-features=volume,quote_asset_volume,number_of_trades,taker_buy_base_asset_volume,taker_buy_quote_asset_volume', '-regression-PnL-list=72', '-regression-times-list=0', '-start-train-date=2023-01-01', '-start-test-date=2023-07-01']
2023-10-20 23:12:07;BNBUSDT;5m;knn;instancehardnessthreshold;1.0;0;72;0.214;0.5645;0.3624;0.3624;quote_asset_volume,taker_buy_base_asset_volume,taker_buy_quote_asset_volume,ema_72p;;0.7;False;2023-01-01;2023-07-22 22:10:00;3;True;<< NOT SAVED >>;['-batch-training', '-calc-rsi', '-normalize', '-no-tune', '-n-jobs=20', '-symbol-list=BTCUSDT,ETHUSDT,BNBUSDT,XRPUSDT,ADAUSDT,DOGEUSDT,SOLUSDT,TRXUSDT,DOTUSDT,MATICUSDT,LTCUSDT,BCHUSDT,AVAXUSDT,XLMUSDT,LINKUSDT,XMRUSDT,UNIUSDT,ATOMUSDT', '-interval-list=5m', '-estimator-list=knn', '-stop-loss-list=1.0', '-numeric-features=volume,quote_asset_volume,number_of_trades,taker_buy_base_asset_volume,taker_buy_quote_asset_volume', '-regression-PnL-list=72', '-regression-times-list=0', '-start-train-date=2023-01-01', '-start-test-date=2023-07-01']
2023-10-20 23:18:33;BNBUSDT;5m;knn;allknn;1.0;0;72;0.038;0.7005;0.3624;0.3624;number_of_trades,taker_buy_quote_asset_volume,ema_72p,ema_200p;;0.7;False;2023-01-01;2023-07-22 22:10:00;3;True;<< NOT SAVED >>;['-batch-training', '-calc-rsi', '-normalize', '-no-tune', '-n-jobs=20', '-symbol-list=BTCUSDT,ETHUSDT,BNBUSDT,XRPUSDT,ADAUSDT,DOGEUSDT,SOLUSDT,TRXUSDT,DOTUSDT,MATICUSDT,LTCUSDT,BCHUSDT,AVAXUSDT,XLMUSDT,LINKUSDT,XMRUSDT,UNIUSDT,ATOMUSDT', '-interval-list=5m', '-estimator-list=knn', '-stop-loss-list=1.0', '-numeric-features=volume,quote_asset_volume,number_of_trades,taker_buy_base_asset_volume,taker_buy_quote_asset_volume', '-regression-PnL-list=72', '-regression-times-list=0', '-start-train-date=2023-01-01', '-start-test-date=2023-07-01']
2023-10-29 17:50:23;BNBUSDT;5m;knn;allknn;1.0;0;72;0.0533;0.5245;0.3627;0.3627;close,quote_asset_volume,rsi,ema_72p;;0.7;False;2023-01-01;2023-07-31 19:40:00;3;True;<< NOT SAVED >>;['-batch-training', '-calc-rsi', '-normalize', '-no-tune', '-n-jobs=20', '-symbol-list=BTCUSDT,ETHUSDT,BNBUSDT,XRPUSDT,ADAUSDT,DOGEUSDT,SOLUSDT,TRXUSDT,DOTUSDT,MATICUSDT,LTCUSDT,BCHUSDT,AVAXUSDT,XLMUSDT,LINKUSDT,XMRUSDT,UNIUSDT,ATOMUSDT', '-interval-list=5m', '-estimator-list=knn', '-stop-loss-list=1.0', '-numeric-features=close,volume,quote_asset_volume,number_of_trades', '-regression-PnL-list=72', '-regression-times-list=0', '-start-train-date=2023-01-01', '-start-test-date=2023-07-01']
2023-10-20 22:56:09;BNBUSDT;5m;knn;instancehardnessthreshold;1.0;0;72;0.1731;0.5918;0.3636;0.3636;volume,quote_asset_volume,number_of_trades,ema_72p;;0.7;False;2023-01-01;2023-07-22 22:10:00;3;True;<< NOT SAVED >>;['-batch-training', '-calc-rsi', '-normalize', '-no-tune', '-n-jobs=20', '-symbol-list=BTCUSDT,ETHUSDT,BNBUSDT,XRPUSDT,ADAUSDT,DOGEUSDT,SOLUSDT,TRXUSDT,DOTUSDT,MATICUSDT,LTCUSDT,BCHUSDT,AVAXUSDT,XLMUSDT,LINKUSDT,XMRUSDT,UNIUSDT,ATOMUSDT', '-interval-list=5m', '-estimator-list=knn', '-stop-loss-list=1.0', '-numeric-features=volume,quote_asset_volume,number_of_trades,taker_buy_base_asset_volume,taker_buy_quote_asset_volume', '-regression-PnL-list=72', '-regression-times-list=0', '-start-train-date=2023-01-01', '-start-test-date=2023-07-01']
2023-10-20 22:41:17;BNBUSDT;5m;knn;instancehardnessthreshold;1.0;0;72;0.2004;0.5759;0.3636;0.3636;volume,taker_buy_quote_asset_volume,ema_72p;;0.7;False;2023-01-01;2023-07-22 22:10:00;3;True;<< NOT SAVED >>;['-batch-training', '-calc-rsi', '-normalize', '-no-tune', '-n-jobs=20', '-symbol-list=BTCUSDT,ETHUSDT,BNBUSDT,XRPUSDT,ADAUSDT,DOGEUSDT,SOLUSDT,TRXUSDT,DOTUSDT,MATICUSDT,LTCUSDT,BCHUSDT,AVAXUSDT,XLMUSDT,LINKUSDT,XMRUSDT,UNIUSDT,ATOMUSDT', '-interval-list=5m', '-estimator-list=knn', '-stop-loss-list=1.0', '-numeric-features=volume,quote_asset_volume,number_of_trades,taker_buy_base_asset_volume,taker_buy_quote_asset_volume', '-regression-PnL-list=72', '-regression-times-list=0', '-start-train-date=2023-01-01', '-start-test-date=2023-07-01']
2023-10-29 17:58:43;BNBUSDT;5m;knn;allknn;1.0;0;72;0.0265;0.5317;0.3642;0.3642;close,quote_asset_volume,number_of_trades,rsi,ema_200p;;0.7;False;2023-01-01;2023-07-31 19:40:00;3;True;<< NOT SAVED >>;['-batch-training', '-calc-rsi', '-normalize', '-no-tune', '-n-jobs=20', '-symbol-list=BTCUSDT,ETHUSDT,BNBUSDT,XRPUSDT,ADAUSDT,DOGEUSDT,SOLUSDT,TRXUSDT,DOTUSDT,MATICUSDT,LTCUSDT,BCHUSDT,AVAXUSDT,XLMUSDT,LINKUSDT,XMRUSDT,UNIUSDT,ATOMUSDT', '-interval-list=5m', '-estimator-list=knn', '-stop-loss-list=1.0', '-numeric-features=close,volume,quote_asset_volume,number_of_trades', '-regression-PnL-list=72', '-regression-times-list=0', '-start-train-date=2023-01-01', '-start-test-date=2023-07-01']
2023-10-20 22:57:15;BNBUSDT;5m;knn;instancehardnessthreshold;1.0;0;72;0.3646;0.4963;0.2636;0.3646;volume,quote_asset_volume,taker_buy_base_asset_volume,rsi;;0.7;False;2023-01-01;2023-07-22 22:10:00;3;True;<< NOT SAVED >>;['-batch-training', '-calc-rsi', '-normalize', '-no-tune', '-n-jobs=20', '-symbol-list=BTCUSDT,ETHUSDT,BNBUSDT,XRPUSDT,ADAUSDT,DOGEUSDT,SOLUSDT,TRXUSDT,DOTUSDT,MATICUSDT,LTCUSDT,BCHUSDT,AVAXUSDT,XLMUSDT,LINKUSDT,XMRUSDT,UNIUSDT,ATOMUSDT', '-interval-list=5m', '-estimator-list=knn', '-stop-loss-list=1.0', '-numeric-features=volume,quote_asset_volume,number_of_trades,taker_buy_base_asset_volume,taker_buy_quote_asset_volume', '-regression-PnL-list=72', '-regression-times-list=0', '-start-train-date=2023-01-01', '-start-test-date=2023-07-01']
2023-10-20 23:32:17;BNBUSDT;5m;knn;allknn;1.0;0;72;0.0577;0.6807;0.3651;0.3651;volume,number_of_trades,taker_buy_quote_asset_volume,ema_72p,ema_200p;;0.7;False;2023-01-01;2023-07-22 22:10:00;3;True;<< NOT SAVED >>;['-batch-training', '-calc-rsi', '-normalize', '-no-tune', '-n-jobs=20', '-symbol-list=BTCUSDT,ETHUSDT,BNBUSDT,XRPUSDT,ADAUSDT,DOGEUSDT,SOLUSDT,TRXUSDT,DOTUSDT,MATICUSDT,LTCUSDT,BCHUSDT,AVAXUSDT,XLMUSDT,LINKUSDT,XMRUSDT,UNIUSDT,ATOMUSDT', '-interval-list=5m', '-estimator-list=knn', '-stop-loss-list=1.0', '-numeric-features=volume,quote_asset_volume,number_of_trades,taker_buy_base_asset_volume,taker_buy_quote_asset_volume', '-regression-PnL-list=72', '-regression-times-list=0', '-start-train-date=2023-01-01', '-start-test-date=2023-07-01']
2023-10-20 22:54:29;BNBUSDT;5m;knn;allknn;1.0;0;72;0.0425;0.6642;0.3651;0.3651;taker_buy_quote_asset_volume,ema_72p,ema_200p;;0.7;False;2023-01-01;2023-07-22 22:10:00;3;True;<< NOT SAVED >>;['-batch-training', '-calc-rsi', '-normalize', '-no-tune', '-n-jobs=20', '-symbol-list=BTCUSDT,ETHUSDT,BNBUSDT,XRPUSDT,ADAUSDT,DOGEUSDT,SOLUSDT,TRXUSDT,DOTUSDT,MATICUSDT,LTCUSDT,BCHUSDT,AVAXUSDT,XLMUSDT,LINKUSDT,XMRUSDT,UNIUSDT,ATOMUSDT', '-interval-list=5m', '-estimator-list=knn', '-stop-loss-list=1.0', '-numeric-features=volume,quote_asset_volume,number_of_trades,taker_buy_base_asset_volume,taker_buy_quote_asset_volume', '-regression-PnL-list=72', '-regression-times-list=0', '-start-train-date=2023-01-01', '-start-test-date=2023-07-01']
2023-10-20 23:28:14;BNBUSDT;5m;knn;allknn;1.0;0;72;0.051;0.6806;0.3655;0.3655;volume,quote_asset_volume,taker_buy_quote_asset_volume,ema_72p,ema_200p;;0.7;False;2023-01-01;2023-07-22 22:10:00;3;True;<< NOT SAVED >>;['-batch-training', '-calc-rsi', '-normalize', '-no-tune', '-n-jobs=20', '-symbol-list=BTCUSDT,ETHUSDT,BNBUSDT,XRPUSDT,ADAUSDT,DOGEUSDT,SOLUSDT,TRXUSDT,DOTUSDT,MATICUSDT,LTCUSDT,BCHUSDT,AVAXUSDT,XLMUSDT,LINKUSDT,XMRUSDT,UNIUSDT,ATOMUSDT', '-interval-list=5m', '-estimator-list=knn', '-stop-loss-list=1.0', '-numeric-features=volume,quote_asset_volume,number_of_trades,taker_buy_base_asset_volume,taker_buy_quote_asset_volume', '-regression-PnL-list=72', '-regression-times-list=0', '-start-train-date=2023-01-01', '-start-test-date=2023-07-01']
2023-10-20 23:46:53;BNBUSDT;5m;knn;allknn;1.0;0;72;0.0583;0.691;0.3655;0.3655;volume,quote_asset_volume,number_of_trades,taker_buy_quote_asset_volume,ema_72p,ema_200p;;0.7;False;2023-01-01;2023-07-22 22:10:00;3;True;<< NOT SAVED >>;['-batch-training', '-calc-rsi', '-normalize', '-no-tune', '-n-jobs=20', '-symbol-list=BTCUSDT,ETHUSDT,BNBUSDT,XRPUSDT,ADAUSDT,DOGEUSDT,SOLUSDT,TRXUSDT,DOTUSDT,MATICUSDT,LTCUSDT,BCHUSDT,AVAXUSDT,XLMUSDT,LINKUSDT,XMRUSDT,UNIUSDT,ATOMUSDT', '-interval-list=5m', '-estimator-list=knn', '-stop-loss-list=1.0', '-numeric-features=volume,quote_asset_volume,number_of_trades,taker_buy_base_asset_volume,taker_buy_quote_asset_volume', '-regression-PnL-list=72', '-regression-times-list=0', '-start-train-date=2023-01-01', '-start-test-date=2023-07-01']
2023-10-20 22:29:08;BNBUSDT;5m;knn;repeatededitednearestneighbours;1.0;0;72;0.0022;0.6432;0.3655;0.3655;quote_asset_volume,number_of_trades;;0.7;False;2023-01-01;2023-07-22 22:10:00;3;True;<< NOT SAVED >>;['-batch-training', '-calc-rsi', '-normalize', '-no-tune', '-n-jobs=20', '-symbol-list=BTCUSDT,ETHUSDT,BNBUSDT,XRPUSDT,ADAUSDT,DOGEUSDT,SOLUSDT,TRXUSDT,DOTUSDT,MATICUSDT,LTCUSDT,BCHUSDT,AVAXUSDT,XLMUSDT,LINKUSDT,XMRUSDT,UNIUSDT,ATOMUSDT', '-interval-list=5m', '-estimator-list=knn', '-stop-loss-list=1.0', '-numeric-features=volume,quote_asset_volume,number_of_trades,taker_buy_base_asset_volume,taker_buy_quote_asset_volume', '-regression-PnL-list=72', '-regression-times-list=0', '-start-train-date=2023-01-01', '-start-test-date=2023-07-01']
2023-10-20 22:38:49;BNBUSDT;5m;knn;instancehardnessthreshold;1.0;0;72;0.1658;0.5957;0.3659;0.3659;volume,number_of_trades,ema_72p;;0.7;False;2023-01-01;2023-07-22 22:10:00;3;True;<< NOT SAVED >>;['-batch-training', '-calc-rsi', '-normalize', '-no-tune', '-n-jobs=20', '-symbol-list=BTCUSDT,ETHUSDT,BNBUSDT,XRPUSDT,ADAUSDT,DOGEUSDT,SOLUSDT,TRXUSDT,DOTUSDT,MATICUSDT,LTCUSDT,BCHUSDT,AVAXUSDT,XLMUSDT,LINKUSDT,XMRUSDT,UNIUSDT,ATOMUSDT', '-interval-list=5m', '-estimator-list=knn', '-stop-loss-list=1.0', '-numeric-features=volume,quote_asset_volume,number_of_trades,taker_buy_base_asset_volume,taker_buy_quote_asset_volume', '-regression-PnL-list=72', '-regression-times-list=0', '-start-train-date=2023-01-01', '-start-test-date=2023-07-01']
2023-10-20 22:58:43;BNBUSDT;5m;knn;instancehardnessthreshold;1.0;0;72;0.2102;0.5645;0.3659;0.3659;volume,quote_asset_volume,taker_buy_quote_asset_volume,ema_72p;;0.7;False;2023-01-01;2023-07-22 22:10:00;3;True;<< NOT SAVED >>;['-batch-training', '-calc-rsi', '-normalize', '-no-tune', '-n-jobs=20', '-symbol-list=BTCUSDT,ETHUSDT,BNBUSDT,XRPUSDT,ADAUSDT,DOGEUSDT,SOLUSDT,TRXUSDT,DOTUSDT,MATICUSDT,LTCUSDT,BCHUSDT,AVAXUSDT,XLMUSDT,LINKUSDT,XMRUSDT,UNIUSDT,ATOMUSDT', '-interval-list=5m', '-estimator-list=knn', '-stop-loss-list=1.0', '-numeric-features=volume,quote_asset_volume,number_of_trades,taker_buy_base_asset_volume,taker_buy_quote_asset_volume', '-regression-PnL-list=72', '-regression-times-list=0', '-start-train-date=2023-01-01', '-start-test-date=2023-07-01']
2023-10-20 22:44:03;BNBUSDT;5m;knn;instancehardnessthreshold;1.0;0;72;0.1639;0.5985;0.3659;0.3659;quote_asset_volume,number_of_trades,ema_72p;;0.7;False;2023-01-01;2023-07-22 22:10:00;3;True;<< NOT SAVED >>;['-batch-training', '-calc-rsi', '-normalize', '-no-tune', '-n-jobs=20', '-symbol-list=BTCUSDT,ETHUSDT,BNBUSDT,XRPUSDT,ADAUSDT,DOGEUSDT,SOLUSDT,TRXUSDT,DOTUSDT,MATICUSDT,LTCUSDT,BCHUSDT,AVAXUSDT,XLMUSDT,LINKUSDT,XMRUSDT,UNIUSDT,ATOMUSDT', '-interval-list=5m', '-estimator-list=knn', '-stop-loss-list=1.0', '-numeric-features=volume,quote_asset_volume,number_of_trades,taker_buy_base_asset_volume,taker_buy_quote_asset_volume', '-regression-PnL-list=72', '-regression-times-list=0', '-start-train-date=2023-01-01', '-start-test-date=2023-07-01']
2023-10-20 22:49:54;BNBUSDT;5m;knn;instancehardnessthreshold;1.0;0;72;0.1744;0.5997;0.3659;0.3659;number_of_trades,taker_buy_quote_asset_volume,ema_72p;;0.7;False;2023-01-01;2023-07-22 22:10:00;3;True;<< NOT SAVED >>;['-batch-training', '-calc-rsi', '-normalize', '-no-tune', '-n-jobs=20', '-symbol-list=BTCUSDT,ETHUSDT,BNBUSDT,XRPUSDT,ADAUSDT,DOGEUSDT,SOLUSDT,TRXUSDT,DOTUSDT,MATICUSDT,LTCUSDT,BCHUSDT,AVAXUSDT,XLMUSDT,LINKUSDT,XMRUSDT,UNIUSDT,ATOMUSDT', '-interval-list=5m', '-estimator-list=knn', '-stop-loss-list=1.0', '-numeric-features=volume,quote_asset_volume,number_of_trades,taker_buy_base_asset_volume,taker_buy_quote_asset_volume', '-regression-PnL-list=72', '-regression-times-list=0', '-start-train-date=2023-01-01', '-start-test-date=2023-07-01']
2023-10-20 23:50:44;BNBUSDT;5m;knn;instancehardnessthreshold;1.0;0;72;0.1627;0.5909;0.3663;0.3663;volume,number_of_trades,taker_buy_base_asset_volume,taker_buy_quote_asset_volume,ema_72p,ema_200p;;0.7;False;2023-01-01;2023-07-22 22:10:00;3;True;<< NOT SAVED >>;['-batch-training', '-calc-rsi', '-normalize', '-no-tune', '-n-jobs=20', '-symbol-list=BTCUSDT,ETHUSDT,BNBUSDT,XRPUSDT,ADAUSDT,DOGEUSDT,SOLUSDT,TRXUSDT,DOTUSDT,MATICUSDT,LTCUSDT,BCHUSDT,AVAXUSDT,XLMUSDT,LINKUSDT,XMRUSDT,UNIUSDT,ATOMUSDT', '-interval-list=5m', '-estimator-list=knn', '-stop-loss-list=1.0', '-numeric-features=volume,quote_asset_volume,number_of_trades,taker_buy_base_asset_volume,taker_buy_quote_asset_volume', '-regression-PnL-list=72', '-regression-times-list=0', '-start-train-date=2023-01-01', '-start-test-date=2023-07-01']
2023-10-20 23:20:01;BNBUSDT;5m;knn;allknn;1.0;0;72;0.0352;0.6696;0.3663;0.3663;taker_buy_base_asset_volume,taker_buy_quote_asset_volume,ema_72p,ema_200p;;0.7;False;2023-01-01;2023-07-22 22:10:00;3;True;<< NOT SAVED >>;['-batch-training', '-calc-rsi', '-normalize', '-no-tune', '-n-jobs=20', '-symbol-list=BTCUSDT,ETHUSDT,BNBUSDT,XRPUSDT,ADAUSDT,DOGEUSDT,SOLUSDT,TRXUSDT,DOTUSDT,MATICUSDT,LTCUSDT,BCHUSDT,AVAXUSDT,XLMUSDT,LINKUSDT,XMRUSDT,UNIUSDT,ATOMUSDT', '-interval-list=5m', '-estimator-list=knn', '-stop-loss-list=1.0', '-numeric-features=volume,quote_asset_volume,number_of_trades,taker_buy_base_asset_volume,taker_buy_quote_asset_volume', '-regression-PnL-list=72', '-regression-times-list=0', '-start-train-date=2023-01-01', '-start-test-date=2023-07-01']
2023-10-20 23:04:40;BNBUSDT;5m;knn;instancehardnessthreshold;1.0;0;72;0.2204;0.5585;0.3667;0.3667;volume,taker_buy_base_asset_volume,taker_buy_quote_asset_volume,ema_72p;;0.7;False;2023-01-01;2023-07-22 22:10:00;3;True;<< NOT SAVED >>;['-batch-training', '-calc-rsi', '-normalize', '-no-tune', '-n-jobs=20', '-symbol-list=BTCUSDT,ETHUSDT,BNBUSDT,XRPUSDT,ADAUSDT,DOGEUSDT,SOLUSDT,TRXUSDT,DOTUSDT,MATICUSDT,LTCUSDT,BCHUSDT,AVAXUSDT,XLMUSDT,LINKUSDT,XMRUSDT,UNIUSDT,ATOMUSDT', '-interval-list=5m', '-estimator-list=knn', '-stop-loss-list=1.0', '-numeric-features=volume,quote_asset_volume,number_of_trades,taker_buy_base_asset_volume,taker_buy_quote_asset_volume', '-regression-PnL-list=72', '-regression-times-list=0', '-start-train-date=2023-01-01', '-start-test-date=2023-07-01']
2023-10-20 22:57:38;BNBUSDT;5m;knn;instancehardnessthreshold;1.0;0;72;0.2096;0.5632;0.3667;0.3667;volume,quote_asset_volume,taker_buy_base_asset_volume,ema_72p;;0.7;False;2023-01-01;2023-07-22 22:10:00;3;True;<< NOT SAVED >>;['-batch-training', '-calc-rsi', '-normalize', '-no-tune', '-n-jobs=20', '-symbol-list=BTCUSDT,ETHUSDT,BNBUSDT,XRPUSDT,ADAUSDT,DOGEUSDT,SOLUSDT,TRXUSDT,DOTUSDT,MATICUSDT,LTCUSDT,BCHUSDT,AVAXUSDT,XLMUSDT,LINKUSDT,XMRUSDT,UNIUSDT,ATOMUSDT', '-interval-list=5m', '-estimator-list=knn', '-stop-loss-list=1.0', '-numeric-features=volume,quote_asset_volume,number_of_trades,taker_buy_base_asset_volume,taker_buy_quote_asset_volume', '-regression-PnL-list=72', '-regression-times-list=0', '-start-train-date=2023-01-01', '-start-test-date=2023-07-01']
2023-10-20 23:46:42;BNBUSDT;5m;knn;instancehardnessthreshold;1.0;0;72;0.1497;0.5988;0.3678;0.3678;volume,quote_asset_volume,number_of_trades,taker_buy_quote_asset_volume,ema_72p,ema_200p;;0.7;False;2023-01-01;2023-07-22 22:10:00;3;True;<< NOT SAVED >>;['-batch-training', '-calc-rsi', '-normalize', '-no-tune', '-n-jobs=20', '-symbol-list=BTCUSDT,ETHUSDT,BNBUSDT,XRPUSDT,ADAUSDT,DOGEUSDT,SOLUSDT,TRXUSDT,DOTUSDT,MATICUSDT,LTCUSDT,BCHUSDT,AVAXUSDT,XLMUSDT,LINKUSDT,XMRUSDT,UNIUSDT,ATOMUSDT', '-interval-list=5m', '-estimator-list=knn', '-stop-loss-list=1.0', '-numeric-features=volume,quote_asset_volume,number_of_trades,taker_buy_base_asset_volume,taker_buy_quote_asset_volume', '-regression-PnL-list=72', '-regression-times-list=0', '-start-train-date=2023-01-01', '-start-test-date=2023-07-01']
2023-10-20 22:30:39;BNBUSDT;5m;knn;instancehardnessthreshold;1.0;0;72;0.1538;0.5887;0.3678;0.3678;quote_asset_volume,ema_200p;;0.7;False;2023-01-01;2023-07-22 22:10:00;3;True;<< NOT SAVED >>;['-batch-training', '-calc-rsi', '-normalize', '-no-tune', '-n-jobs=20', '-symbol-list=BTCUSDT,ETHUSDT,BNBUSDT,XRPUSDT,ADAUSDT,DOGEUSDT,SOLUSDT,TRXUSDT,DOTUSDT,MATICUSDT,LTCUSDT,BCHUSDT,AVAXUSDT,XLMUSDT,LINKUSDT,XMRUSDT,UNIUSDT,ATOMUSDT', '-interval-list=5m', '-estimator-list=knn', '-stop-loss-list=1.0', '-numeric-features=volume,quote_asset_volume,number_of_trades,taker_buy_base_asset_volume,taker_buy_quote_asset_volume', '-regression-PnL-list=72', '-regression-times-list=0', '-start-train-date=2023-01-01', '-start-test-date=2023-07-01']
2023-10-20 23:17:26;BNBUSDT;5m;knn;allknn;1.0;0;72;0.0441;0.6794;0.3678;0.3678;number_of_trades,taker_buy_base_asset_volume,ema_72p,ema_200p;;0.7;False;2023-01-01;2023-07-22 22:10:00;3;True;<< NOT SAVED >>;['-batch-training', '-calc-rsi', '-normalize', '-no-tune', '-n-jobs=20', '-symbol-list=BTCUSDT,ETHUSDT,BNBUSDT,XRPUSDT,ADAUSDT,DOGEUSDT,SOLUSDT,TRXUSDT,DOTUSDT,MATICUSDT,LTCUSDT,BCHUSDT,AVAXUSDT,XLMUSDT,LINKUSDT,XMRUSDT,UNIUSDT,ATOMUSDT', '-interval-list=5m', '-estimator-list=knn', '-stop-loss-list=1.0', '-numeric-features=volume,quote_asset_volume,number_of_trades,taker_buy_base_asset_volume,taker_buy_quote_asset_volume', '-regression-PnL-list=72', '-regression-times-list=0', '-start-train-date=2023-01-01', '-start-test-date=2023-07-01']
2023-10-29 17:48:59;BNBUSDT;5m;knn;repeatededitednearestneighbours;1.0;0;72;0.0014;0.6102;0.3681;0.3681;close,quote_asset_volume,number_of_trades,rsi;;0.7;False;2023-01-01;2023-07-31 19:40:00;3;True;<< NOT SAVED >>;['-batch-training', '-calc-rsi', '-normalize', '-no-tune', '-n-jobs=20', '-symbol-list=BTCUSDT,ETHUSDT,BNBUSDT,XRPUSDT,ADAUSDT,DOGEUSDT,SOLUSDT,TRXUSDT,DOTUSDT,MATICUSDT,LTCUSDT,BCHUSDT,AVAXUSDT,XLMUSDT,LINKUSDT,XMRUSDT,UNIUSDT,ATOMUSDT', '-interval-list=5m', '-estimator-list=knn', '-stop-loss-list=1.0', '-numeric-features=close,volume,quote_asset_volume,number_of_trades', '-regression-PnL-list=72', '-regression-times-list=0', '-start-train-date=2023-01-01', '-start-test-date=2023-07-01']
2023-10-20 22:32:14;BNBUSDT;5m;knn;instancehardnessthreshold;1.0;0;72;0.1344;0.6238;0.3682;0.3682;number_of_trades,ema_200p;;0.7;False;2023-01-01;2023-07-22 22:10:00;3;True;<< NOT SAVED >>;['-batch-training', '-calc-rsi', '-normalize', '-no-tune', '-n-jobs=20', '-symbol-list=BTCUSDT,ETHUSDT,BNBUSDT,XRPUSDT,ADAUSDT,DOGEUSDT,SOLUSDT,TRXUSDT,DOTUSDT,MATICUSDT,LTCUSDT,BCHUSDT,AVAXUSDT,XLMUSDT,LINKUSDT,XMRUSDT,UNIUSDT,ATOMUSDT', '-interval-list=5m', '-estimator-list=knn', '-stop-loss-list=1.0', '-numeric-features=volume,quote_asset_volume,number_of_trades,taker_buy_base_asset_volume,taker_buy_quote_asset_volume', '-regression-PnL-list=72', '-regression-times-list=0', '-start-train-date=2023-01-01', '-start-test-date=2023-07-01']
2023-10-20 22:28:27;BNBUSDT;5m;knn;instancehardnessthreshold;1.0;0;72;0.1893;0.5784;0.369;0.369;volume,ema_72p;;0.7;False;2023-01-01;2023-07-22 22:10:00;3;True;<< NOT SAVED >>;['-batch-training', '-calc-rsi', '-normalize', '-no-tune', '-n-jobs=20', '-symbol-list=BTCUSDT,ETHUSDT,BNBUSDT,XRPUSDT,ADAUSDT,DOGEUSDT,SOLUSDT,TRXUSDT,DOTUSDT,MATICUSDT,LTCUSDT,BCHUSDT,AVAXUSDT,XLMUSDT,LINKUSDT,XMRUSDT,UNIUSDT,ATOMUSDT', '-interval-list=5m', '-estimator-list=knn', '-stop-loss-list=1.0', '-numeric-features=volume,quote_asset_volume,number_of_trades,taker_buy_base_asset_volume,taker_buy_quote_asset_volume', '-regression-PnL-list=72', '-regression-times-list=0', '-start-train-date=2023-01-01', '-start-test-date=2023-07-01']
2023-10-20 22:34:08;BNBUSDT;5m;knn;instancehardnessthreshold;1.0;0;72;0.1725;0.5801;0.369;0.369;taker_buy_quote_asset_volume,ema_72p;;0.7;False;2023-01-01;2023-07-22 22:10:00;3;True;<< NOT SAVED >>;['-batch-training', '-calc-rsi', '-normalize', '-no-tune', '-n-jobs=20', '-symbol-list=BTCUSDT,ETHUSDT,BNBUSDT,XRPUSDT,ADAUSDT,DOGEUSDT,SOLUSDT,TRXUSDT,DOTUSDT,MATICUSDT,LTCUSDT,BCHUSDT,AVAXUSDT,XLMUSDT,LINKUSDT,XMRUSDT,UNIUSDT,ATOMUSDT', '-interval-list=5m', '-estimator-list=knn', '-stop-loss-list=1.0', '-numeric-features=volume,quote_asset_volume,number_of_trades,taker_buy_base_asset_volume,taker_buy_quote_asset_volume', '-regression-PnL-list=72', '-regression-times-list=0', '-start-train-date=2023-01-01', '-start-test-date=2023-07-01']
2023-10-20 23:13:33;BNBUSDT;5m;knn;instancehardnessthreshold;1.0;0;72;0.1801;0.5602;0.3694;0.3694;quote_asset_volume,taker_buy_base_asset_volume,ema_72p,ema_200p;;0.7;False;2023-01-01;2023-07-22 22:10:00;3;True;<< NOT SAVED >>;['-batch-training', '-calc-rsi', '-normalize', '-no-tune', '-n-jobs=20', '-symbol-list=BTCUSDT,ETHUSDT,BNBUSDT,XRPUSDT,ADAUSDT,DOGEUSDT,SOLUSDT,TRXUSDT,DOTUSDT,MATICUSDT,LTCUSDT,BCHUSDT,AVAXUSDT,XLMUSDT,LINKUSDT,XMRUSDT,UNIUSDT,ATOMUSDT', '-interval-list=5m', '-estimator-list=knn', '-stop-loss-list=1.0', '-numeric-features=volume,quote_asset_volume,number_of_trades,taker_buy_base_asset_volume,taker_buy_quote_asset_volume', '-regression-PnL-list=72', '-regression-times-list=0', '-start-train-date=2023-01-01', '-start-test-date=2023-07-01']
2023-10-29 17:38:47;BNBUSDT;5m;knn;instancehardnessthreshold;1.0;0;72;0.0435;0.5291;0.3699;0.3699;close,volume,quote_asset_volume;;0.7;False;2023-01-01;2023-07-31 19:40:00;3;True;<< NOT SAVED >>;['-batch-training', '-calc-rsi', '-normalize', '-no-tune', '-n-jobs=20', '-symbol-list=BTCUSDT,ETHUSDT,BNBUSDT,XRPUSDT,ADAUSDT,DOGEUSDT,SOLUSDT,TRXUSDT,DOTUSDT,MATICUSDT,LTCUSDT,BCHUSDT,AVAXUSDT,XLMUSDT,LINKUSDT,XMRUSDT,UNIUSDT,ATOMUSDT', '-interval-list=5m', '-estimator-list=knn', '-stop-loss-list=1.0', '-numeric-features=close,volume,quote_asset_volume,number_of_trades', '-regression-PnL-list=72', '-regression-times-list=0', '-start-train-date=2023-01-01', '-start-test-date=2023-07-01']
2023-10-29 17:52:12;BNBUSDT;5m;knn;allknn;1.0;0;72;0.0259;0.5378;0.3699;0.3699;close,number_of_trades,rsi,ema_200p;;0.7;False;2023-01-01;2023-07-31 19:40:00;3;True;<< NOT SAVED >>;['-batch-training', '-calc-rsi', '-normalize', '-no-tune', '-n-jobs=20', '-symbol-list=BTCUSDT,ETHUSDT,BNBUSDT,XRPUSDT,ADAUSDT,DOGEUSDT,SOLUSDT,TRXUSDT,DOTUSDT,MATICUSDT,LTCUSDT,BCHUSDT,AVAXUSDT,XLMUSDT,LINKUSDT,XMRUSDT,UNIUSDT,ATOMUSDT', '-interval-list=5m', '-estimator-list=knn', '-stop-loss-list=1.0', '-numeric-features=close,volume,quote_asset_volume,number_of_trades', '-regression-PnL-list=72', '-regression-times-list=0', '-start-train-date=2023-01-01', '-start-test-date=2023-07-01']
2023-10-29 17:54:54;BNBUSDT;5m;knn;allknn;1.0;0;72;0.051;0.522;0.3702;0.3702;close,volume,quote_asset_volume,rsi,ema_72p;;0.7;False;2023-01-01;2023-07-31 19:40:00;3;True;<< NOT SAVED >>;['-batch-training', '-calc-rsi', '-normalize', '-no-tune', '-n-jobs=20', '-symbol-list=BTCUSDT,ETHUSDT,BNBUSDT,XRPUSDT,ADAUSDT,DOGEUSDT,SOLUSDT,TRXUSDT,DOTUSDT,MATICUSDT,LTCUSDT,BCHUSDT,AVAXUSDT,XLMUSDT,LINKUSDT,XMRUSDT,UNIUSDT,ATOMUSDT', '-interval-list=5m', '-estimator-list=knn', '-stop-loss-list=1.0', '-numeric-features=close,volume,quote_asset_volume,number_of_trades', '-regression-PnL-list=72', '-regression-times-list=0', '-start-train-date=2023-01-01', '-start-test-date=2023-07-01']
2023-10-29 17:55:08;BNBUSDT;5m;knn;instancehardnessthreshold;1.0;0;72;0.0626;0.5554;0.3705;0.3705;close,volume,quote_asset_volume,rsi,ema_200p;;0.7;False;2023-01-01;2023-07-31 19:40:00;3;True;<< NOT SAVED >>;['-batch-training', '-calc-rsi', '-normalize', '-no-tune', '-n-jobs=20', '-symbol-list=BTCUSDT,ETHUSDT,BNBUSDT,XRPUSDT,ADAUSDT,DOGEUSDT,SOLUSDT,TRXUSDT,DOTUSDT,MATICUSDT,LTCUSDT,BCHUSDT,AVAXUSDT,XLMUSDT,LINKUSDT,XMRUSDT,UNIUSDT,ATOMUSDT', '-interval-list=5m', '-estimator-list=knn', '-stop-loss-list=1.0', '-numeric-features=close,volume,quote_asset_volume,number_of_trades', '-regression-PnL-list=72', '-regression-times-list=0', '-start-train-date=2023-01-01', '-start-test-date=2023-07-01']
2023-10-20 23:27:05;BNBUSDT;5m;knn;allknn;1.0;0;72;0.0628;0.664;0.3717;0.3717;volume,quote_asset_volume,taker_buy_base_asset_volume,ema_72p,ema_200p;;0.7;False;2023-01-01;2023-07-22 22:10:00;3;True;<< NOT SAVED >>;['-batch-training', '-calc-rsi', '-normalize', '-no-tune', '-n-jobs=20', '-symbol-list=BTCUSDT,ETHUSDT,BNBUSDT,XRPUSDT,ADAUSDT,DOGEUSDT,SOLUSDT,TRXUSDT,DOTUSDT,MATICUSDT,LTCUSDT,BCHUSDT,AVAXUSDT,XLMUSDT,LINKUSDT,XMRUSDT,UNIUSDT,ATOMUSDT', '-interval-list=5m', '-estimator-list=knn', '-stop-loss-list=1.0', '-numeric-features=volume,quote_asset_volume,number_of_trades,taker_buy_base_asset_volume,taker_buy_quote_asset_volume', '-regression-PnL-list=72', '-regression-times-list=0', '-start-train-date=2023-01-01', '-start-test-date=2023-07-01']
2023-10-20 23:11:33;BNBUSDT;5m;knn;allknn;1.0;0;72;0.0342;0.6835;0.3717;0.3717;quote_asset_volume,number_of_trades,ema_72p,ema_200p;;0.7;False;2023-01-01;2023-07-22 22:10:00;3;True;<< NOT SAVED >>;['-batch-training', '-calc-rsi', '-normalize', '-no-tune', '-n-jobs=20', '-symbol-list=BTCUSDT,ETHUSDT,BNBUSDT,XRPUSDT,ADAUSDT,DOGEUSDT,SOLUSDT,TRXUSDT,DOTUSDT,MATICUSDT,LTCUSDT,BCHUSDT,AVAXUSDT,XLMUSDT,LINKUSDT,XMRUSDT,UNIUSDT,ATOMUSDT', '-interval-list=5m', '-estimator-list=knn', '-stop-loss-list=1.0', '-numeric-features=volume,quote_asset_volume,number_of_trades,taker_buy_base_asset_volume,taker_buy_quote_asset_volume', '-regression-PnL-list=72', '-regression-times-list=0', '-start-train-date=2023-01-01', '-start-test-date=2023-07-01']
2023-10-20 23:14:40;BNBUSDT;5m;knn;instancehardnessthreshold;1.0;0;72;0.1636;0.5566;0.3728;0.3728;quote_asset_volume,taker_buy_quote_asset_volume,ema_72p,ema_200p;;0.7;False;2023-01-01;2023-07-22 22:10:00;3;True;<< NOT SAVED >>;['-batch-training', '-calc-rsi', '-normalize', '-no-tune', '-n-jobs=20', '-symbol-list=BTCUSDT,ETHUSDT,BNBUSDT,XRPUSDT,ADAUSDT,DOGEUSDT,SOLUSDT,TRXUSDT,DOTUSDT,MATICUSDT,LTCUSDT,BCHUSDT,AVAXUSDT,XLMUSDT,LINKUSDT,XMRUSDT,UNIUSDT,ATOMUSDT', '-interval-list=5m', '-estimator-list=knn', '-stop-loss-list=1.0', '-numeric-features=volume,quote_asset_volume,number_of_trades,taker_buy_base_asset_volume,taker_buy_quote_asset_volume', '-regression-PnL-list=72', '-regression-times-list=0', '-start-train-date=2023-01-01', '-start-test-date=2023-07-01']
2023-10-20 23:48:28;BNBUSDT;5m;knn;instancehardnessthreshold;1.0;0;72;0.1899;0.5567;0.3728;0.3728;volume,quote_asset_volume,taker_buy_base_asset_volume,taker_buy_quote_asset_volume,ema_72p,ema_200p;;0.7;False;2023-01-01;2023-07-22 22:10:00;3;True;<< NOT SAVED >>;['-batch-training', '-calc-rsi', '-normalize', '-no-tune', '-n-jobs=20', '-symbol-list=BTCUSDT,ETHUSDT,BNBUSDT,XRPUSDT,ADAUSDT,DOGEUSDT,SOLUSDT,TRXUSDT,DOTUSDT,MATICUSDT,LTCUSDT,BCHUSDT,AVAXUSDT,XLMUSDT,LINKUSDT,XMRUSDT,UNIUSDT,ATOMUSDT', '-interval-list=5m', '-estimator-list=knn', '-stop-loss-list=1.0', '-numeric-features=volume,quote_asset_volume,number_of_trades,taker_buy_base_asset_volume,taker_buy_quote_asset_volume', '-regression-PnL-list=72', '-regression-times-list=0', '-start-train-date=2023-01-01', '-start-test-date=2023-07-01']
2023-10-29 17:36:56;BNBUSDT;5m;knn;instancehardnessthreshold;1.0;0;72;0.0303;0.5283;0.3731;0.3731;close,quote_asset_volume;;0.7;False;2023-01-01;2023-07-31 19:40:00;3;True;<< NOT SAVED >>;['-batch-training', '-calc-rsi', '-normalize', '-no-tune', '-n-jobs=20', '-symbol-list=BTCUSDT,ETHUSDT,BNBUSDT,XRPUSDT,ADAUSDT,DOGEUSDT,SOLUSDT,TRXUSDT,DOTUSDT,MATICUSDT,LTCUSDT,BCHUSDT,AVAXUSDT,XLMUSDT,LINKUSDT,XMRUSDT,UNIUSDT,ATOMUSDT', '-interval-list=5m', '-estimator-list=knn', '-stop-loss-list=1.0', '-numeric-features=close,volume,quote_asset_volume,number_of_trades', '-regression-PnL-list=72', '-regression-times-list=0', '-start-train-date=2023-01-01', '-start-test-date=2023-07-01']
2023-10-29 17:43:50;BNBUSDT;5m;knn;instancehardnessthreshold;1.0;0;72;0.0496;0.4931;0.3731;0.3731;close,rsi,ema_200p;;0.7;False;2023-01-01;2023-07-31 19:40:00;3;True;<< NOT SAVED >>;['-batch-training', '-calc-rsi', '-normalize', '-no-tune', '-n-jobs=20', '-symbol-list=BTCUSDT,ETHUSDT,BNBUSDT,XRPUSDT,ADAUSDT,DOGEUSDT,SOLUSDT,TRXUSDT,DOTUSDT,MATICUSDT,LTCUSDT,BCHUSDT,AVAXUSDT,XLMUSDT,LINKUSDT,XMRUSDT,UNIUSDT,ATOMUSDT', '-interval-list=5m', '-estimator-list=knn', '-stop-loss-list=1.0', '-numeric-features=close,volume,quote_asset_volume,number_of_trades', '-regression-PnL-list=72', '-regression-times-list=0', '-start-train-date=2023-01-01', '-start-test-date=2023-07-01']
2023-10-20 23:06:19;BNBUSDT;5m;knn;allknn;1.0;0;72;0.0599;0.6696;0.374;0.374;volume,taker_buy_base_asset_volume,ema_72p,ema_200p;;0.7;False;2023-01-01;2023-07-22 22:10:00;3;True;<< NOT SAVED >>;['-batch-training', '-calc-rsi', '-normalize', '-no-tune', '-n-jobs=20', '-symbol-list=BTCUSDT,ETHUSDT,BNBUSDT,XRPUSDT,ADAUSDT,DOGEUSDT,SOLUSDT,TRXUSDT,DOTUSDT,MATICUSDT,LTCUSDT,BCHUSDT,AVAXUSDT,XLMUSDT,LINKUSDT,XMRUSDT,UNIUSDT,ATOMUSDT', '-interval-list=5m', '-estimator-list=knn', '-stop-loss-list=1.0', '-numeric-features=volume,quote_asset_volume,number_of_trades,taker_buy_base_asset_volume,taker_buy_quote_asset_volume', '-regression-PnL-list=72', '-regression-times-list=0', '-start-train-date=2023-01-01', '-start-test-date=2023-07-01']
2023-10-20 23:36:49;BNBUSDT;5m;knn;instancehardnessthreshold;1.0;0;72;0.1661;0.5865;0.3744;0.3744;quote_asset_volume,number_of_trades,taker_buy_base_asset_volume,ema_72p,ema_200p;;0.7;False;2023-01-01;2023-07-22 22:10:00;3;True;<< NOT SAVED >>;['-batch-training', '-calc-rsi', '-normalize', '-no-tune', '-n-jobs=20', '-symbol-list=BTCUSDT,ETHUSDT,BNBUSDT,XRPUSDT,ADAUSDT,DOGEUSDT,SOLUSDT,TRXUSDT,DOTUSDT,MATICUSDT,LTCUSDT,BCHUSDT,AVAXUSDT,XLMUSDT,LINKUSDT,XMRUSDT,UNIUSDT,ATOMUSDT', '-interval-list=5m', '-estimator-list=knn', '-stop-loss-list=1.0', '-numeric-features=volume,quote_asset_volume,number_of_trades,taker_buy_base_asset_volume,taker_buy_quote_asset_volume', '-regression-PnL-list=72', '-regression-times-list=0', '-start-train-date=2023-01-01', '-start-test-date=2023-07-01']
2023-10-20 22:32:19;BNBUSDT;5m;knn;repeatededitednearestneighbours;1.0;0;72;0.0409;0.6475;0.3748;0.3748;number_of_trades,ema_200p;;0.7;False;2023-01-01;2023-07-22 22:10:00;3;True;<< NOT SAVED >>;['-batch-training', '-calc-rsi', '-normalize', '-no-tune', '-n-jobs=20', '-symbol-list=BTCUSDT,ETHUSDT,BNBUSDT,XRPUSDT,ADAUSDT,DOGEUSDT,SOLUSDT,TRXUSDT,DOTUSDT,MATICUSDT,LTCUSDT,BCHUSDT,AVAXUSDT,XLMUSDT,LINKUSDT,XMRUSDT,UNIUSDT,ATOMUSDT', '-interval-list=5m', '-estimator-list=knn', '-stop-loss-list=1.0', '-numeric-features=volume,quote_asset_volume,number_of_trades,taker_buy_base_asset_volume,taker_buy_quote_asset_volume', '-regression-PnL-list=72', '-regression-times-list=0', '-start-train-date=2023-01-01', '-start-test-date=2023-07-01']
2023-10-20 23:45:31;BNBUSDT;5m;knn;allknn;1.0;0;72;0.0751;0.6675;0.3748;0.3748;volume,quote_asset_volume,number_of_trades,taker_buy_base_asset_volume,ema_72p,ema_200p;;0.7;False;2023-01-01;2023-07-22 22:10:00;3;True;<< NOT SAVED >>;['-batch-training', '-calc-rsi', '-normalize', '-no-tune', '-n-jobs=20', '-symbol-list=BTCUSDT,ETHUSDT,BNBUSDT,XRPUSDT,ADAUSDT,DOGEUSDT,SOLUSDT,TRXUSDT,DOTUSDT,MATICUSDT,LTCUSDT,BCHUSDT,AVAXUSDT,XLMUSDT,LINKUSDT,XMRUSDT,UNIUSDT,ATOMUSDT', '-interval-list=5m', '-estimator-list=knn', '-stop-loss-list=1.0', '-numeric-features=volume,quote_asset_volume,number_of_trades,taker_buy_base_asset_volume,taker_buy_quote_asset_volume', '-regression-PnL-list=72', '-regression-times-list=0', '-start-train-date=2023-01-01', '-start-test-date=2023-07-01']
2023-10-20 23:36:59;BNBUSDT;5m;knn;allknn;1.0;0;72;0.0441;0.6893;0.3763;0.3763;quote_asset_volume,number_of_trades,taker_buy_base_asset_volume,ema_72p,ema_200p;;0.7;False;2023-01-01;2023-07-22 22:10:00;3;True;<< NOT SAVED >>;['-batch-training', '-calc-rsi', '-normalize', '-no-tune', '-n-jobs=20', '-symbol-list=BTCUSDT,ETHUSDT,BNBUSDT,XRPUSDT,ADAUSDT,DOGEUSDT,SOLUSDT,TRXUSDT,DOTUSDT,MATICUSDT,LTCUSDT,BCHUSDT,AVAXUSDT,XLMUSDT,LINKUSDT,XMRUSDT,UNIUSDT,ATOMUSDT', '-interval-list=5m', '-estimator-list=knn', '-stop-loss-list=1.0', '-numeric-features=volume,quote_asset_volume,number_of_trades,taker_buy_base_asset_volume,taker_buy_quote_asset_volume', '-regression-PnL-list=72', '-regression-times-list=0', '-start-train-date=2023-01-01', '-start-test-date=2023-07-01']
2023-10-20 23:41:39;BNBUSDT;5m;knn;allknn;1.0;0;72;0.0469;0.678;0.3771;0.3771;number_of_trades,taker_buy_base_asset_volume,taker_buy_quote_asset_volume,ema_72p,ema_200p;;0.7;False;2023-01-01;2023-07-22 22:10:00;3;True;<< NOT SAVED >>;['-batch-training', '-calc-rsi', '-normalize', '-no-tune', '-n-jobs=20', '-symbol-list=BTCUSDT,ETHUSDT,BNBUSDT,XRPUSDT,ADAUSDT,DOGEUSDT,SOLUSDT,TRXUSDT,DOTUSDT,MATICUSDT,LTCUSDT,BCHUSDT,AVAXUSDT,XLMUSDT,LINKUSDT,XMRUSDT,UNIUSDT,ATOMUSDT', '-interval-list=5m', '-estimator-list=knn', '-stop-loss-list=1.0', '-numeric-features=volume,quote_asset_volume,number_of_trades,taker_buy_base_asset_volume,taker_buy_quote_asset_volume', '-regression-PnL-list=72', '-regression-times-list=0', '-start-train-date=2023-01-01', '-start-test-date=2023-07-01']
2023-10-20 23:56:40;BNBUSDT;5m;knn;instancehardnessthreshold;1.0;0;72;0.1477;0.5908;0.3775;0.3775;volume,quote_asset_volume,number_of_trades,taker_buy_base_asset_volume,taker_buy_quote_asset_volume,ema_72p,ema_200p;;0.7;False;2023-01-01;2023-07-22 22:10:00;3;True;<< NOT SAVED >>;['-batch-training', '-calc-rsi', '-normalize', '-no-tune', '-n-jobs=20', '-symbol-list=BTCUSDT,ETHUSDT,BNBUSDT,XRPUSDT,ADAUSDT,DOGEUSDT,SOLUSDT,TRXUSDT,DOTUSDT,MATICUSDT,LTCUSDT,BCHUSDT,AVAXUSDT,XLMUSDT,LINKUSDT,XMRUSDT,UNIUSDT,ATOMUSDT', '-interval-list=5m', '-estimator-list=knn', '-stop-loss-list=1.0', '-numeric-features=volume,quote_asset_volume,number_of_trades,taker_buy_base_asset_volume,taker_buy_quote_asset_volume', '-regression-PnL-list=72', '-regression-times-list=0', '-start-train-date=2023-01-01', '-start-test-date=2023-07-01']
2023-10-29 17:38:13;BNBUSDT;5m;knn;allknn;1.0;0;72;0.0138;0.5602;0.3779;0.3779;close,ema_72p;;0.7;False;2023-01-01;2023-07-31 19:40:00;3;True;<< NOT SAVED >>;['-batch-training', '-calc-rsi', '-normalize', '-no-tune', '-n-jobs=20', '-symbol-list=BTCUSDT,ETHUSDT,BNBUSDT,XRPUSDT,ADAUSDT,DOGEUSDT,SOLUSDT,TRXUSDT,DOTUSDT,MATICUSDT,LTCUSDT,BCHUSDT,AVAXUSDT,XLMUSDT,LINKUSDT,XMRUSDT,UNIUSDT,ATOMUSDT', '-interval-list=5m', '-estimator-list=knn', '-stop-loss-list=1.0', '-numeric-features=close,volume,quote_asset_volume,number_of_trades', '-regression-PnL-list=72', '-regression-times-list=0', '-start-train-date=2023-01-01', '-start-test-date=2023-07-01']
2023-10-20 22:30:21;BNBUSDT;5m;knn;instancehardnessthreshold;1.0;0;72;0.1598;0.582;0.3782;0.3782;quote_asset_volume,ema_72p;;0.7;False;2023-01-01;2023-07-22 22:10:00;3;True;<< NOT SAVED >>;['-batch-training', '-calc-rsi', '-normalize', '-no-tune', '-n-jobs=20', '-symbol-list=BTCUSDT,ETHUSDT,BNBUSDT,XRPUSDT,ADAUSDT,DOGEUSDT,SOLUSDT,TRXUSDT,DOTUSDT,MATICUSDT,LTCUSDT,BCHUSDT,AVAXUSDT,XLMUSDT,LINKUSDT,XMRUSDT,UNIUSDT,ATOMUSDT', '-interval-list=5m', '-estimator-list=knn', '-stop-loss-list=1.0', '-numeric-features=volume,quote_asset_volume,number_of_trades,taker_buy_base_asset_volume,taker_buy_quote_asset_volume', '-regression-PnL-list=72', '-regression-times-list=0', '-start-train-date=2023-01-01', '-start-test-date=2023-07-01']
2023-10-29 17:38:07;BNBUSDT;5m;knn;repeatededitednearestneighbours;1.0;0;72;0.0144;0.5588;0.3785;0.3785;close,ema_72p;;0.7;False;2023-01-01;2023-07-31 19:40:00;3;True;<< NOT SAVED >>;['-batch-training', '-calc-rsi', '-normalize', '-no-tune', '-n-jobs=20', '-symbol-list=BTCUSDT,ETHUSDT,BNBUSDT,XRPUSDT,ADAUSDT,DOGEUSDT,SOLUSDT,TRXUSDT,DOTUSDT,MATICUSDT,LTCUSDT,BCHUSDT,AVAXUSDT,XLMUSDT,LINKUSDT,XMRUSDT,UNIUSDT,ATOMUSDT', '-interval-list=5m', '-estimator-list=knn', '-stop-loss-list=1.0', '-numeric-features=close,volume,quote_asset_volume,number_of_trades', '-regression-PnL-list=72', '-regression-times-list=0', '-start-train-date=2023-01-01', '-start-test-date=2023-07-01']
2023-10-29 17:47:34;BNBUSDT;5m;knn;instancehardnessthreshold;1.0;0;72;0.0781;0.5299;0.3794;0.3794;close,volume,rsi,ema_72p;;0.7;False;2023-01-01;2023-07-31 19:40:00;3;True;<< NOT SAVED >>;['-batch-training', '-calc-rsi', '-normalize', '-no-tune', '-n-jobs=20', '-symbol-list=BTCUSDT,ETHUSDT,BNBUSDT,XRPUSDT,ADAUSDT,DOGEUSDT,SOLUSDT,TRXUSDT,DOTUSDT,MATICUSDT,LTCUSDT,BCHUSDT,AVAXUSDT,XLMUSDT,LINKUSDT,XMRUSDT,UNIUSDT,ATOMUSDT', '-interval-list=5m', '-estimator-list=knn', '-stop-loss-list=1.0', '-numeric-features=close,volume,quote_asset_volume,number_of_trades', '-regression-PnL-list=72', '-regression-times-list=0', '-start-train-date=2023-01-01', '-start-test-date=2023-07-01']
2023-10-29 17:50:50;BNBUSDT;5m;knn;allknn;1.0;0;72;0.0135;0.5293;0.3797;0.3797;close,quote_asset_volume,rsi,ema_200p;;0.7;False;2023-01-01;2023-07-31 19:40:00;3;True;<< NOT SAVED >>;['-batch-training', '-calc-rsi', '-normalize', '-no-tune', '-n-jobs=20', '-symbol-list=BTCUSDT,ETHUSDT,BNBUSDT,XRPUSDT,ADAUSDT,DOGEUSDT,SOLUSDT,TRXUSDT,DOTUSDT,MATICUSDT,LTCUSDT,BCHUSDT,AVAXUSDT,XLMUSDT,LINKUSDT,XMRUSDT,UNIUSDT,ATOMUSDT', '-interval-list=5m', '-estimator-list=knn', '-stop-loss-list=1.0', '-numeric-features=close,volume,quote_asset_volume,number_of_trades', '-regression-PnL-list=72', '-regression-times-list=0', '-start-train-date=2023-01-01', '-start-test-date=2023-07-01']
2023-10-20 22:31:55;BNBUSDT;5m;knn;instancehardnessthreshold;1.0;0;72;0.1347;0.6122;0.3805;0.3805;number_of_trades,ema_72p;;0.7;False;2023-01-01;2023-07-22 22:10:00;3;True;<< NOT SAVED >>;['-batch-training', '-calc-rsi', '-normalize', '-no-tune', '-n-jobs=20', '-symbol-list=BTCUSDT,ETHUSDT,BNBUSDT,XRPUSDT,ADAUSDT,DOGEUSDT,SOLUSDT,TRXUSDT,DOTUSDT,MATICUSDT,LTCUSDT,BCHUSDT,AVAXUSDT,XLMUSDT,LINKUSDT,XMRUSDT,UNIUSDT,ATOMUSDT', '-interval-list=5m', '-estimator-list=knn', '-stop-loss-list=1.0', '-numeric-features=volume,quote_asset_volume,number_of_trades,taker_buy_base_asset_volume,taker_buy_quote_asset_volume', '-regression-PnL-list=72', '-regression-times-list=0', '-start-train-date=2023-01-01', '-start-test-date=2023-07-01']
2023-10-29 17:50:11;BNBUSDT;5m;knn;instancehardnessthreshold;1.0;0;72;0.0712;0.5103;0.3812;0.3812;close,quote_asset_volume,rsi,ema_72p;;0.7;False;2023-01-01;2023-07-31 19:40:00;3;True;<< NOT SAVED >>;['-batch-training', '-calc-rsi', '-normalize', '-no-tune', '-n-jobs=20', '-symbol-list=BTCUSDT,ETHUSDT,BNBUSDT,XRPUSDT,ADAUSDT,DOGEUSDT,SOLUSDT,TRXUSDT,DOTUSDT,MATICUSDT,LTCUSDT,BCHUSDT,AVAXUSDT,XLMUSDT,LINKUSDT,XMRUSDT,UNIUSDT,ATOMUSDT', '-interval-list=5m', '-estimator-list=knn', '-stop-loss-list=1.0', '-numeric-features=close,volume,quote_asset_volume,number_of_trades', '-regression-PnL-list=72', '-regression-times-list=0', '-start-train-date=2023-01-01', '-start-test-date=2023-07-01']
2023-10-20 23:32:06;BNBUSDT;5m;knn;instancehardnessthreshold;1.0;0;72;0.1658;0.5816;0.3813;0.3813;volume,number_of_trades,taker_buy_quote_asset_volume,ema_72p,ema_200p;;0.7;False;2023-01-01;2023-07-22 22:10:00;3;True;<< NOT SAVED >>;['-batch-training', '-calc-rsi', '-normalize', '-no-tune', '-n-jobs=20', '-symbol-list=BTCUSDT,ETHUSDT,BNBUSDT,XRPUSDT,ADAUSDT,DOGEUSDT,SOLUSDT,TRXUSDT,DOTUSDT,MATICUSDT,LTCUSDT,BCHUSDT,AVAXUSDT,XLMUSDT,LINKUSDT,XMRUSDT,UNIUSDT,ATOMUSDT', '-interval-list=5m', '-estimator-list=knn', '-stop-loss-list=1.0', '-numeric-features=volume,quote_asset_volume,number_of_trades,taker_buy_base_asset_volume,taker_buy_quote_asset_volume', '-regression-PnL-list=72', '-regression-times-list=0', '-start-train-date=2023-01-01', '-start-test-date=2023-07-01']
2023-10-29 17:42:52;BNBUSDT;5m;knn;allknn;1.0;0;72;0.0585;0.521;0.3818;0.3818;close,number_of_trades,ema_72p;;0.7;False;2023-01-01;2023-07-31 19:40:00;3;True;<< NOT SAVED >>;['-batch-training', '-calc-rsi', '-normalize', '-no-tune', '-n-jobs=20', '-symbol-list=BTCUSDT,ETHUSDT,BNBUSDT,XRPUSDT,ADAUSDT,DOGEUSDT,SOLUSDT,TRXUSDT,DOTUSDT,MATICUSDT,LTCUSDT,BCHUSDT,AVAXUSDT,XLMUSDT,LINKUSDT,XMRUSDT,UNIUSDT,ATOMUSDT', '-interval-list=5m', '-estimator-list=knn', '-stop-loss-list=1.0', '-numeric-features=close,volume,quote_asset_volume,number_of_trades', '-regression-PnL-list=72', '-regression-times-list=0', '-start-train-date=2023-01-01', '-start-test-date=2023-07-01']
2023-10-29 17:51:28;BNBUSDT;5m;knn;instancehardnessthreshold;1.0;0;72;0.0588;0.5482;0.3827;0.3827;close,number_of_trades,rsi,ema_72p;;0.7;False;2023-01-01;2023-07-31 19:40:00;3;True;<< NOT SAVED >>;['-batch-training', '-calc-rsi', '-normalize', '-no-tune', '-n-jobs=20', '-symbol-list=BTCUSDT,ETHUSDT,BNBUSDT,XRPUSDT,ADAUSDT,DOGEUSDT,SOLUSDT,TRXUSDT,DOTUSDT,MATICUSDT,LTCUSDT,BCHUSDT,AVAXUSDT,XLMUSDT,LINKUSDT,XMRUSDT,UNIUSDT,ATOMUSDT', '-interval-list=5m', '-estimator-list=knn', '-stop-loss-list=1.0', '-numeric-features=close,volume,quote_asset_volume,number_of_trades', '-regression-PnL-list=72', '-regression-times-list=0', '-start-train-date=2023-01-01', '-start-test-date=2023-07-01']
2023-10-20 22:35:25;BNBUSDT;5m;knn;repeatededitednearestneighbours;1.0;0;72;0.0919;0.6366;0.384;0.384;ema_72p,ema_200p;;0.7;False;2023-01-01;2023-07-22 22:10:00;3;True;<< NOT SAVED >>;['-batch-training', '-calc-rsi', '-normalize', '-no-tune', '-n-jobs=20', '-symbol-list=BTCUSDT,ETHUSDT,BNBUSDT,XRPUSDT,ADAUSDT,DOGEUSDT,SOLUSDT,TRXUSDT,DOTUSDT,MATICUSDT,LTCUSDT,BCHUSDT,AVAXUSDT,XLMUSDT,LINKUSDT,XMRUSDT,UNIUSDT,ATOMUSDT', '-interval-list=5m', '-estimator-list=knn', '-stop-loss-list=1.0', '-numeric-features=volume,quote_asset_volume,number_of_trades,taker_buy_base_asset_volume,taker_buy_quote_asset_volume', '-regression-PnL-list=72', '-regression-times-list=0', '-start-train-date=2023-01-01', '-start-test-date=2023-07-01']
2023-10-20 22:35:30;BNBUSDT;5m;knn;allknn;1.0;0;72;0.0954;0.6348;0.384;0.384;ema_72p,ema_200p;;0.7;False;2023-01-01;2023-07-22 22:10:00;3;True;<< NOT SAVED >>;['-batch-training', '-calc-rsi', '-normalize', '-no-tune', '-n-jobs=20', '-symbol-list=BTCUSDT,ETHUSDT,BNBUSDT,XRPUSDT,ADAUSDT,DOGEUSDT,SOLUSDT,TRXUSDT,DOTUSDT,MATICUSDT,LTCUSDT,BCHUSDT,AVAXUSDT,XLMUSDT,LINKUSDT,XMRUSDT,UNIUSDT,ATOMUSDT', '-interval-list=5m', '-estimator-list=knn', '-stop-loss-list=1.0', '-numeric-features=volume,quote_asset_volume,number_of_trades,taker_buy_base_asset_volume,taker_buy_quote_asset_volume', '-regression-PnL-list=72', '-regression-times-list=0', '-start-train-date=2023-01-01', '-start-test-date=2023-07-01']
2023-10-29 17:55:20;BNBUSDT;5m;knn;allknn;1.0;0;72;0.0184;0.5249;0.3848;0.3848;close,volume,quote_asset_volume,rsi,ema_200p;;0.7;False;2023-01-01;2023-07-31 19:40:00;3;True;<< NOT SAVED >>;['-batch-training', '-calc-rsi', '-normalize', '-no-tune', '-n-jobs=20', '-symbol-list=BTCUSDT,ETHUSDT,BNBUSDT,XRPUSDT,ADAUSDT,DOGEUSDT,SOLUSDT,TRXUSDT,DOTUSDT,MATICUSDT,LTCUSDT,BCHUSDT,AVAXUSDT,XLMUSDT,LINKUSDT,XMRUSDT,UNIUSDT,ATOMUSDT', '-interval-list=5m', '-estimator-list=knn', '-stop-loss-list=1.0', '-numeric-features=close,volume,quote_asset_volume,number_of_trades', '-regression-PnL-list=72', '-regression-times-list=0', '-start-train-date=2023-01-01', '-start-test-date=2023-07-01']
2023-10-29 17:56:47;BNBUSDT;5m;knn;allknn;1.0;0;72;0.034;0.5247;0.3856;0.3856;close,volume,number_of_trades,rsi,ema_200p;;0.7;False;2023-01-01;2023-07-31 19:40:00;3;True;<< NOT SAVED >>;['-batch-training', '-calc-rsi', '-normalize', '-no-tune', '-n-jobs=20', '-symbol-list=BTCUSDT,ETHUSDT,BNBUSDT,XRPUSDT,ADAUSDT,DOGEUSDT,SOLUSDT,TRXUSDT,DOTUSDT,MATICUSDT,LTCUSDT,BCHUSDT,AVAXUSDT,XLMUSDT,LINKUSDT,XMRUSDT,UNIUSDT,ATOMUSDT', '-interval-list=5m', '-estimator-list=knn', '-stop-loss-list=1.0', '-numeric-features=close,volume,quote_asset_volume,number_of_trades', '-regression-PnL-list=72', '-regression-times-list=0', '-start-train-date=2023-01-01', '-start-test-date=2023-07-01']
2023-10-29 17:56:14;BNBUSDT;5m;knn;allknn;1.0;0;72;0.0346;0.5132;0.3859;0.3859;close,volume,number_of_trades,rsi,ema_72p;;0.7;False;2023-01-01;2023-07-31 19:40:00;3;True;<< NOT SAVED >>;['-batch-training', '-calc-rsi', '-normalize', '-no-tune', '-n-jobs=20', '-symbol-list=BTCUSDT,ETHUSDT,BNBUSDT,XRPUSDT,ADAUSDT,DOGEUSDT,SOLUSDT,TRXUSDT,DOTUSDT,MATICUSDT,LTCUSDT,BCHUSDT,AVAXUSDT,XLMUSDT,LINKUSDT,XMRUSDT,UNIUSDT,ATOMUSDT', '-interval-list=5m', '-estimator-list=knn', '-stop-loss-list=1.0', '-numeric-features=close,volume,quote_asset_volume,number_of_trades', '-regression-PnL-list=72', '-regression-times-list=0', '-start-train-date=2023-01-01', '-start-test-date=2023-07-01']
2023-10-20 23:06:10;BNBUSDT;5m;knn;instancehardnessthreshold;1.0;0;72;0.1817;0.5454;0.386;0.386;volume,taker_buy_base_asset_volume,ema_72p,ema_200p;;0.7;False;2023-01-01;2023-07-22 22:10:00;3;True;<< NOT SAVED >>;['-batch-training', '-calc-rsi', '-normalize', '-no-tune', '-n-jobs=20', '-symbol-list=BTCUSDT,ETHUSDT,BNBUSDT,XRPUSDT,ADAUSDT,DOGEUSDT,SOLUSDT,TRXUSDT,DOTUSDT,MATICUSDT,LTCUSDT,BCHUSDT,AVAXUSDT,XLMUSDT,LINKUSDT,XMRUSDT,UNIUSDT,ATOMUSDT', '-interval-list=5m', '-estimator-list=knn', '-stop-loss-list=1.0', '-numeric-features=volume,quote_asset_volume,number_of_trades,taker_buy_base_asset_volume,taker_buy_quote_asset_volume', '-regression-PnL-list=72', '-regression-times-list=0', '-start-train-date=2023-01-01', '-start-test-date=2023-07-01']
2023-10-20 23:24:46;BNBUSDT;5m;knn;allknn;1.0;0;72;0.0488;0.6706;0.3871;0.3871;volume,quote_asset_volume,number_of_trades,ema_72p,ema_200p;;0.7;False;2023-01-01;2023-07-22 22:10:00;3;True;<< NOT SAVED >>;['-batch-training', '-calc-rsi', '-normalize', '-no-tune', '-n-jobs=20', '-symbol-list=BTCUSDT,ETHUSDT,BNBUSDT,XRPUSDT,ADAUSDT,DOGEUSDT,SOLUSDT,TRXUSDT,DOTUSDT,MATICUSDT,LTCUSDT,BCHUSDT,AVAXUSDT,XLMUSDT,LINKUSDT,XMRUSDT,UNIUSDT,ATOMUSDT', '-interval-list=5m', '-estimator-list=knn', '-stop-loss-list=1.0', '-numeric-features=volume,quote_asset_volume,number_of_trades,taker_buy_base_asset_volume,taker_buy_quote_asset_volume', '-regression-PnL-list=72', '-regression-times-list=0', '-start-train-date=2023-01-01', '-start-test-date=2023-07-01']
2023-10-20 23:00:17;BNBUSDT;5m;knn;allknn;1.0;0;72;0.0453;0.6601;0.3871;0.3871;volume,quote_asset_volume,ema_72p,ema_200p;;0.7;False;2023-01-01;2023-07-22 22:10:00;3;True;<< NOT SAVED >>;['-batch-training', '-calc-rsi', '-normalize', '-no-tune', '-n-jobs=20', '-symbol-list=BTCUSDT,ETHUSDT,BNBUSDT,XRPUSDT,ADAUSDT,DOGEUSDT,SOLUSDT,TRXUSDT,DOTUSDT,MATICUSDT,LTCUSDT,BCHUSDT,AVAXUSDT,XLMUSDT,LINKUSDT,XMRUSDT,UNIUSDT,ATOMUSDT', '-interval-list=5m', '-estimator-list=knn', '-stop-loss-list=1.0', '-numeric-features=volume,quote_asset_volume,number_of_trades,taker_buy_base_asset_volume,taker_buy_quote_asset_volume', '-regression-PnL-list=72', '-regression-times-list=0', '-start-train-date=2023-01-01', '-start-test-date=2023-07-01']
2023-10-20 23:33:40;BNBUSDT;5m;knn;instancehardnessthreshold;1.0;0;72;0.2064;0.5446;0.3871;0.3871;volume,taker_buy_base_asset_volume,taker_buy_quote_asset_volume,ema_72p,ema_200p;;0.7;False;2023-01-01;2023-07-22 22:10:00;3;True;<< NOT SAVED >>;['-batch-training', '-calc-rsi', '-normalize', '-no-tune', '-n-jobs=20', '-symbol-list=BTCUSDT,ETHUSDT,BNBUSDT,XRPUSDT,ADAUSDT,DOGEUSDT,SOLUSDT,TRXUSDT,DOTUSDT,MATICUSDT,LTCUSDT,BCHUSDT,AVAXUSDT,XLMUSDT,LINKUSDT,XMRUSDT,UNIUSDT,ATOMUSDT', '-interval-list=5m', '-estimator-list=knn', '-stop-loss-list=1.0', '-numeric-features=volume,quote_asset_volume,number_of_trades,taker_buy_base_asset_volume,taker_buy_quote_asset_volume', '-regression-PnL-list=72', '-regression-times-list=0', '-start-train-date=2023-01-01', '-start-test-date=2023-07-01']
2023-10-20 22:32:00;BNBUSDT;5m;knn;repeatededitednearestneighbours;1.0;0;72;0.0342;0.6482;0.3871;0.3871;number_of_trades,ema_72p;;0.7;False;2023-01-01;2023-07-22 22:10:00;3;True;<< NOT SAVED >>;['-batch-training', '-calc-rsi', '-normalize', '-no-tune', '-n-jobs=20', '-symbol-list=BTCUSDT,ETHUSDT,BNBUSDT,XRPUSDT,ADAUSDT,DOGEUSDT,SOLUSDT,TRXUSDT,DOTUSDT,MATICUSDT,LTCUSDT,BCHUSDT,AVAXUSDT,XLMUSDT,LINKUSDT,XMRUSDT,UNIUSDT,ATOMUSDT', '-interval-list=5m', '-estimator-list=knn', '-stop-loss-list=1.0', '-numeric-features=volume,quote_asset_volume,number_of_trades,taker_buy_base_asset_volume,taker_buy_quote_asset_volume', '-regression-PnL-list=72', '-regression-times-list=0', '-start-train-date=2023-01-01', '-start-test-date=2023-07-01']
2023-10-29 18:01:00;BNBUSDT;5m;knn;instancehardnessthreshold;1.0;0;72;0.0605;0.5593;0.3892;0.3892;close,volume,quote_asset_volume,number_of_trades,rsi,ema_200p;;0.7;False;2023-01-01;2023-07-31 19:40:00;3;True;<< NOT SAVED >>;['-batch-training', '-calc-rsi', '-normalize', '-no-tune', '-n-jobs=20', '-symbol-list=BTCUSDT,ETHUSDT,BNBUSDT,XRPUSDT,ADAUSDT,DOGEUSDT,SOLUSDT,TRXUSDT,DOTUSDT,MATICUSDT,LTCUSDT,BCHUSDT,AVAXUSDT,XLMUSDT,LINKUSDT,XMRUSDT,UNIUSDT,ATOMUSDT', '-interval-list=5m', '-estimator-list=knn', '-stop-loss-list=1.0', '-numeric-features=close,volume,quote_asset_volume,number_of_trades', '-regression-PnL-list=72', '-regression-times-list=0', '-start-train-date=2023-01-01', '-start-test-date=2023-07-01']
2023-10-29 17:41:41;BNBUSDT;5m;knn;allknn;1.0;0;72;0.036;0.5252;0.3901;0.3901;close,quote_asset_volume,ema_72p;;0.7;False;2023-01-01;2023-07-31 19:40:00;3;True;<< NOT SAVED >>;['-batch-training', '-calc-rsi', '-normalize', '-no-tune', '-n-jobs=20', '-symbol-list=BTCUSDT,ETHUSDT,BNBUSDT,XRPUSDT,ADAUSDT,DOGEUSDT,SOLUSDT,TRXUSDT,DOTUSDT,MATICUSDT,LTCUSDT,BCHUSDT,AVAXUSDT,XLMUSDT,LINKUSDT,XMRUSDT,UNIUSDT,ATOMUSDT', '-interval-list=5m', '-estimator-list=knn', '-stop-loss-list=1.0', '-numeric-features=close,volume,quote_asset_volume,number_of_trades', '-regression-PnL-list=72', '-regression-times-list=0', '-start-train-date=2023-01-01', '-start-test-date=2023-07-01']
2023-10-20 23:41:29;BNBUSDT;5m;knn;instancehardnessthreshold;1.0;0;72;0.163;0.5701;0.3906;0.3906;number_of_trades,taker_buy_base_asset_volume,taker_buy_quote_asset_volume,ema_72p,ema_200p;;0.7;False;2023-01-01;2023-07-22 22:10:00;3;True;<< NOT SAVED >>;['-batch-training', '-calc-rsi', '-normalize', '-no-tune', '-n-jobs=20', '-symbol-list=BTCUSDT,ETHUSDT,BNBUSDT,XRPUSDT,ADAUSDT,DOGEUSDT,SOLUSDT,TRXUSDT,DOTUSDT,MATICUSDT,LTCUSDT,BCHUSDT,AVAXUSDT,XLMUSDT,LINKUSDT,XMRUSDT,UNIUSDT,ATOMUSDT', '-interval-list=5m', '-estimator-list=knn', '-stop-loss-list=1.0', '-numeric-features=volume,quote_asset_volume,number_of_trades,taker_buy_base_asset_volume,taker_buy_quote_asset_volume', '-regression-PnL-list=72', '-regression-times-list=0', '-start-train-date=2023-01-01', '-start-test-date=2023-07-01']
2023-10-20 22:51:18;BNBUSDT;5m;knn;instancehardnessthreshold;1.0;0;72;0.1335;0.579;0.3917;0.3917;number_of_trades,ema_72p,ema_200p;;0.7;False;2023-01-01;2023-07-22 22:10:00;3;True;<< NOT SAVED >>;['-batch-training', '-calc-rsi', '-normalize', '-no-tune', '-n-jobs=20', '-symbol-list=BTCUSDT,ETHUSDT,BNBUSDT,XRPUSDT,ADAUSDT,DOGEUSDT,SOLUSDT,TRXUSDT,DOTUSDT,MATICUSDT,LTCUSDT,BCHUSDT,AVAXUSDT,XLMUSDT,LINKUSDT,XMRUSDT,UNIUSDT,ATOMUSDT', '-interval-list=5m', '-estimator-list=knn', '-stop-loss-list=1.0', '-numeric-features=volume,quote_asset_volume,number_of_trades,taker_buy_base_asset_volume,taker_buy_quote_asset_volume', '-regression-PnL-list=72', '-regression-times-list=0', '-start-train-date=2023-01-01', '-start-test-date=2023-07-01']
2023-10-20 22:42:40;BNBUSDT;5m;knn;instancehardnessthreshold;1.0;0;72;0.1509;0.5443;0.3929;0.3929;volume,ema_72p,ema_200p;;0.7;False;2023-01-01;2023-07-22 22:10:00;3;True;<< NOT SAVED >>;['-batch-training', '-calc-rsi', '-normalize', '-no-tune', '-n-jobs=20', '-symbol-list=BTCUSDT,ETHUSDT,BNBUSDT,XRPUSDT,ADAUSDT,DOGEUSDT,SOLUSDT,TRXUSDT,DOTUSDT,MATICUSDT,LTCUSDT,BCHUSDT,AVAXUSDT,XLMUSDT,LINKUSDT,XMRUSDT,UNIUSDT,ATOMUSDT', '-interval-list=5m', '-estimator-list=knn', '-stop-loss-list=1.0', '-numeric-features=volume,quote_asset_volume,number_of_trades,taker_buy_base_asset_volume,taker_buy_quote_asset_volume', '-regression-PnL-list=72', '-regression-times-list=0', '-start-train-date=2023-01-01', '-start-test-date=2023-07-01']
2023-10-20 22:35:21;BNBUSDT;5m;knn;instancehardnessthreshold;1.0;0;72;0.1018;0.6092;0.3933;0.3933;ema_72p,ema_200p;;0.7;False;2023-01-01;2023-07-22 22:10:00;3;True;<< NOT SAVED >>;['-batch-training', '-calc-rsi', '-normalize', '-no-tune', '-n-jobs=20', '-symbol-list=BTCUSDT,ETHUSDT,BNBUSDT,XRPUSDT,ADAUSDT,DOGEUSDT,SOLUSDT,TRXUSDT,DOTUSDT,MATICUSDT,LTCUSDT,BCHUSDT,AVAXUSDT,XLMUSDT,LINKUSDT,XMRUSDT,UNIUSDT,ATOMUSDT', '-interval-list=5m', '-estimator-list=knn', '-stop-loss-list=1.0', '-numeric-features=volume,quote_asset_volume,number_of_trades,taker_buy_base_asset_volume,taker_buy_quote_asset_volume', '-regression-PnL-list=72', '-regression-times-list=0', '-start-train-date=2023-01-01', '-start-test-date=2023-07-01']
2023-10-20 23:33:49;BNBUSDT;5m;knn;allknn;1.0;0;72;0.0571;0.6591;0.3933;0.3933;volume,taker_buy_base_asset_volume,taker_buy_quote_asset_volume,ema_72p,ema_200p;;0.7;False;2023-01-01;2023-07-22 22:10:00;3;True;<< NOT SAVED >>;['-batch-training', '-calc-rsi', '-normalize', '-no-tune', '-n-jobs=20', '-symbol-list=BTCUSDT,ETHUSDT,BNBUSDT,XRPUSDT,ADAUSDT,DOGEUSDT,SOLUSDT,TRXUSDT,DOTUSDT,MATICUSDT,LTCUSDT,BCHUSDT,AVAXUSDT,XLMUSDT,LINKUSDT,XMRUSDT,UNIUSDT,ATOMUSDT', '-interval-list=5m', '-estimator-list=knn', '-stop-loss-list=1.0', '-numeric-features=volume,quote_asset_volume,number_of_trades,taker_buy_base_asset_volume,taker_buy_quote_asset_volume', '-regression-PnL-list=72', '-regression-times-list=0', '-start-train-date=2023-01-01', '-start-test-date=2023-07-01']
2023-10-20 22:47:49;BNBUSDT;5m;knn;instancehardnessthreshold;1.0;0;72;0.1531;0.5506;0.3933;0.3933;quote_asset_volume,ema_72p,ema_200p;;0.7;False;2023-01-01;2023-07-22 22:10:00;3;True;<< NOT SAVED >>;['-batch-training', '-calc-rsi', '-normalize', '-no-tune', '-n-jobs=20', '-symbol-list=BTCUSDT,ETHUSDT,BNBUSDT,XRPUSDT,ADAUSDT,DOGEUSDT,SOLUSDT,TRXUSDT,DOTUSDT,MATICUSDT,LTCUSDT,BCHUSDT,AVAXUSDT,XLMUSDT,LINKUSDT,XMRUSDT,UNIUSDT,ATOMUSDT', '-interval-list=5m', '-estimator-list=knn', '-stop-loss-list=1.0', '-numeric-features=volume,quote_asset_volume,number_of_trades,taker_buy_base_asset_volume,taker_buy_quote_asset_volume', '-regression-PnL-list=72', '-regression-times-list=0', '-start-train-date=2023-01-01', '-start-test-date=2023-07-01']
2023-10-20 23:07:26;BNBUSDT;5m;knn;allknn;1.0;0;72;0.0447;0.6509;0.3937;0.3937;volume,taker_buy_quote_asset_volume,ema_72p,ema_200p;;0.7;False;2023-01-01;2023-07-22 22:10:00;3;True;<< NOT SAVED >>;['-batch-training', '-calc-rsi', '-normalize', '-no-tune', '-n-jobs=20', '-symbol-list=BTCUSDT,ETHUSDT,BNBUSDT,XRPUSDT,ADAUSDT,DOGEUSDT,SOLUSDT,TRXUSDT,DOTUSDT,MATICUSDT,LTCUSDT,BCHUSDT,AVAXUSDT,XLMUSDT,LINKUSDT,XMRUSDT,UNIUSDT,ATOMUSDT', '-interval-list=5m', '-estimator-list=knn', '-stop-loss-list=1.0', '-numeric-features=volume,quote_asset_volume,number_of_trades,taker_buy_base_asset_volume,taker_buy_quote_asset_volume', '-regression-PnL-list=72', '-regression-times-list=0', '-start-train-date=2023-01-01', '-start-test-date=2023-07-01']
2023-10-29 17:46:21;BNBUSDT;5m;knn;repeatededitednearestneighbours;1.0;0;72;0.0;0.5915;0.394;0.394;close,volume,number_of_trades,rsi;;0.7;False;2023-01-01;2023-07-31 19:40:00;3;True;<< NOT SAVED >>;['-batch-training', '-calc-rsi', '-normalize', '-no-tune', '-n-jobs=20', '-symbol-list=BTCUSDT,ETHUSDT,BNBUSDT,XRPUSDT,ADAUSDT,DOGEUSDT,SOLUSDT,TRXUSDT,DOTUSDT,MATICUSDT,LTCUSDT,BCHUSDT,AVAXUSDT,XLMUSDT,LINKUSDT,XMRUSDT,UNIUSDT,ATOMUSDT', '-interval-list=5m', '-estimator-list=knn', '-stop-loss-list=1.0', '-numeric-features=close,volume,quote_asset_volume,number_of_trades', '-regression-PnL-list=72', '-regression-times-list=0', '-start-train-date=2023-01-01', '-start-test-date=2023-07-01']
2023-10-20 22:54:40;BNBUSDT;5m;knn;instancehardnessthreshold;1.0;0;72;0.1316;0.5536;0.3941;0.3941;rsi,ema_72p,ema_200p;;0.7;False;2023-01-01;2023-07-22 22:10:00;3;True;<< NOT SAVED >>;['-batch-training', '-calc-rsi', '-normalize', '-no-tune', '-n-jobs=20', '-symbol-list=BTCUSDT,ETHUSDT,BNBUSDT,XRPUSDT,ADAUSDT,DOGEUSDT,SOLUSDT,TRXUSDT,DOTUSDT,MATICUSDT,LTCUSDT,BCHUSDT,AVAXUSDT,XLMUSDT,LINKUSDT,XMRUSDT,UNIUSDT,ATOMUSDT', '-interval-list=5m', '-estimator-list=knn', '-stop-loss-list=1.0', '-numeric-features=volume,quote_asset_volume,number_of_trades,taker_buy_base_asset_volume,taker_buy_quote_asset_volume', '-regression-PnL-list=72', '-regression-times-list=0', '-start-train-date=2023-01-01', '-start-test-date=2023-07-01']
2023-10-20 22:43:47;BNBUSDT;5m;knn;repeatededitednearestneighbours;1.0;0;72;0.0022;0.6282;0.3941;0.3941;quote_asset_volume,number_of_trades,rsi;;0.7;False;2023-01-01;2023-07-22 22:10:00;3;True;<< NOT SAVED >>;['-batch-training', '-calc-rsi', '-normalize', '-no-tune', '-n-jobs=20', '-symbol-list=BTCUSDT,ETHUSDT,BNBUSDT,XRPUSDT,ADAUSDT,DOGEUSDT,SOLUSDT,TRXUSDT,DOTUSDT,MATICUSDT,LTCUSDT,BCHUSDT,AVAXUSDT,XLMUSDT,LINKUSDT,XMRUSDT,UNIUSDT,ATOMUSDT', '-interval-list=5m', '-estimator-list=knn', '-stop-loss-list=1.0', '-numeric-features=volume,quote_asset_volume,number_of_trades,taker_buy_base_asset_volume,taker_buy_quote_asset_volume', '-regression-PnL-list=72', '-regression-times-list=0', '-start-train-date=2023-01-01', '-start-test-date=2023-07-01']
2023-10-29 17:43:16;BNBUSDT;5m;knn;allknn;1.0;0;72;0.0118;0.5085;0.3955;0.3955;close,number_of_trades,ema_200p;;0.7;False;2023-01-01;2023-07-31 19:40:00;3;True;<< NOT SAVED >>;['-batch-training', '-calc-rsi', '-normalize', '-no-tune', '-n-jobs=20', '-symbol-list=BTCUSDT,ETHUSDT,BNBUSDT,XRPUSDT,ADAUSDT,DOGEUSDT,SOLUSDT,TRXUSDT,DOTUSDT,MATICUSDT,LTCUSDT,BCHUSDT,AVAXUSDT,XLMUSDT,LINKUSDT,XMRUSDT,UNIUSDT,ATOMUSDT', '-interval-list=5m', '-estimator-list=knn', '-stop-loss-list=1.0', '-numeric-features=close,volume,quote_asset_volume,number_of_trades', '-regression-PnL-list=72', '-regression-times-list=0', '-start-train-date=2023-01-01', '-start-test-date=2023-07-01']
2023-10-20 23:28:04;BNBUSDT;5m;knn;instancehardnessthreshold;1.0;0;72;0.1776;0.55;0.396;0.396;volume,quote_asset_volume,taker_buy_quote_asset_volume,ema_72p,ema_200p;;0.7;False;2023-01-01;2023-07-22 22:10:00;3;True;<< NOT SAVED >>;['-batch-training', '-calc-rsi', '-normalize', '-no-tune', '-n-jobs=20', '-symbol-list=BTCUSDT,ETHUSDT,BNBUSDT,XRPUSDT,ADAUSDT,DOGEUSDT,SOLUSDT,TRXUSDT,DOTUSDT,MATICUSDT,LTCUSDT,BCHUSDT,AVAXUSDT,XLMUSDT,LINKUSDT,XMRUSDT,UNIUSDT,ATOMUSDT', '-interval-list=5m', '-estimator-list=knn', '-stop-loss-list=1.0', '-numeric-features=volume,quote_asset_volume,number_of_trades,taker_buy_base_asset_volume,taker_buy_quote_asset_volume', '-regression-PnL-list=72', '-regression-times-list=0', '-start-train-date=2023-01-01', '-start-test-date=2023-07-01']
2023-10-20 22:51:01;BNBUSDT;5m;knn;repeatededitednearestneighbours;1.0;0;72;0.0244;0.6324;0.3964;0.3964;number_of_trades,rsi,ema_200p;;0.7;False;2023-01-01;2023-07-22 22:10:00;3;True;<< NOT SAVED >>;['-batch-training', '-calc-rsi', '-normalize', '-no-tune', '-n-jobs=20', '-symbol-list=BTCUSDT,ETHUSDT,BNBUSDT,XRPUSDT,ADAUSDT,DOGEUSDT,SOLUSDT,TRXUSDT,DOTUSDT,MATICUSDT,LTCUSDT,BCHUSDT,AVAXUSDT,XLMUSDT,LINKUSDT,XMRUSDT,UNIUSDT,ATOMUSDT', '-interval-list=5m', '-estimator-list=knn', '-stop-loss-list=1.0', '-numeric-features=volume,quote_asset_volume,number_of_trades,taker_buy_base_asset_volume,taker_buy_quote_asset_volume', '-regression-PnL-list=72', '-regression-times-list=0', '-start-train-date=2023-01-01', '-start-test-date=2023-07-01']
2023-10-29 17:56:00;BNBUSDT;5m;knn;instancehardnessthreshold;1.0;0;72;0.0651;0.5244;0.3964;0.3964;close,volume,number_of_trades,rsi,ema_72p;;0.7;False;2023-01-01;2023-07-31 19:40:00;3;True;<< NOT SAVED >>;['-batch-training', '-calc-rsi', '-normalize', '-no-tune', '-n-jobs=20', '-symbol-list=BTCUSDT,ETHUSDT,BNBUSDT,XRPUSDT,ADAUSDT,DOGEUSDT,SOLUSDT,TRXUSDT,DOTUSDT,MATICUSDT,LTCUSDT,BCHUSDT,AVAXUSDT,XLMUSDT,LINKUSDT,XMRUSDT,UNIUSDT,ATOMUSDT', '-interval-list=5m', '-estimator-list=knn', '-stop-loss-list=1.0', '-numeric-features=close,volume,quote_asset_volume,number_of_trades', '-regression-PnL-list=72', '-regression-times-list=0', '-start-train-date=2023-01-01', '-start-test-date=2023-07-01']
2023-10-20 23:07:17;BNBUSDT;5m;knn;instancehardnessthreshold;1.0;0;72;0.1617;0.5391;0.3964;0.3964;volume,taker_buy_quote_asset_volume,ema_72p,ema_200p;;0.7;False;2023-01-01;2023-07-22 22:10:00;3;True;<< NOT SAVED >>;['-batch-training', '-calc-rsi', '-normalize', '-no-tune', '-n-jobs=20', '-symbol-list=BTCUSDT,ETHUSDT,BNBUSDT,XRPUSDT,ADAUSDT,DOGEUSDT,SOLUSDT,TRXUSDT,DOTUSDT,MATICUSDT,LTCUSDT,BCHUSDT,AVAXUSDT,XLMUSDT,LINKUSDT,XMRUSDT,UNIUSDT,ATOMUSDT', '-interval-list=5m', '-estimator-list=knn', '-stop-loss-list=1.0', '-numeric-features=volume,quote_asset_volume,number_of_trades,taker_buy_base_asset_volume,taker_buy_quote_asset_volume', '-regression-PnL-list=72', '-regression-times-list=0', '-start-train-date=2023-01-01', '-start-test-date=2023-07-01']
2023-10-20 23:17:16;BNBUSDT;5m;knn;instancehardnessthreshold;1.0;0;72;0.1471;0.5866;0.3971;0.3971;number_of_trades,taker_buy_base_asset_volume,ema_72p,ema_200p;;0.7;False;2023-01-01;2023-07-22 22:10:00;3;True;<< NOT SAVED >>;['-batch-training', '-calc-rsi', '-normalize', '-no-tune', '-n-jobs=20', '-symbol-list=BTCUSDT,ETHUSDT,BNBUSDT,XRPUSDT,ADAUSDT,DOGEUSDT,SOLUSDT,TRXUSDT,DOTUSDT,MATICUSDT,LTCUSDT,BCHUSDT,AVAXUSDT,XLMUSDT,LINKUSDT,XMRUSDT,UNIUSDT,ATOMUSDT', '-interval-list=5m', '-estimator-list=knn', '-stop-loss-list=1.0', '-numeric-features=volume,quote_asset_volume,number_of_trades,taker_buy_base_asset_volume,taker_buy_quote_asset_volume', '-regression-PnL-list=72', '-regression-times-list=0', '-start-train-date=2023-01-01', '-start-test-date=2023-07-01']
2023-10-20 23:26:55;BNBUSDT;5m;knn;instancehardnessthreshold;1.0;0;72;0.1918;0.546;0.3975;0.3975;volume,quote_asset_volume,taker_buy_base_asset_volume,ema_72p,ema_200p;;0.7;False;2023-01-01;2023-07-22 22:10:00;3;True;<< NOT SAVED >>;['-batch-training', '-calc-rsi', '-normalize', '-no-tune', '-n-jobs=20', '-symbol-list=BTCUSDT,ETHUSDT,BNBUSDT,XRPUSDT,ADAUSDT,DOGEUSDT,SOLUSDT,TRXUSDT,DOTUSDT,MATICUSDT,LTCUSDT,BCHUSDT,AVAXUSDT,XLMUSDT,LINKUSDT,XMRUSDT,UNIUSDT,ATOMUSDT', '-interval-list=5m', '-estimator-list=knn', '-stop-loss-list=1.0', '-numeric-features=volume,quote_asset_volume,number_of_trades,taker_buy_base_asset_volume,taker_buy_quote_asset_volume', '-regression-PnL-list=72', '-regression-times-list=0', '-start-train-date=2023-01-01', '-start-test-date=2023-07-01']
2023-10-29 17:54:40;BNBUSDT;5m;knn;instancehardnessthreshold;1.0;0;72;0.0824;0.519;0.3979;0.3979;close,volume,quote_asset_volume,rsi,ema_72p;;0.7;False;2023-01-01;2023-07-31 19:40:00;3;True;<< NOT SAVED >>;['-batch-training', '-calc-rsi', '-normalize', '-no-tune', '-n-jobs=20', '-symbol-list=BTCUSDT,ETHUSDT,BNBUSDT,XRPUSDT,ADAUSDT,DOGEUSDT,SOLUSDT,TRXUSDT,DOTUSDT,MATICUSDT,LTCUSDT,BCHUSDT,AVAXUSDT,XLMUSDT,LINKUSDT,XMRUSDT,UNIUSDT,ATOMUSDT', '-interval-list=5m', '-estimator-list=knn', '-stop-loss-list=1.0', '-numeric-features=close,volume,quote_asset_volume,number_of_trades', '-regression-PnL-list=72', '-regression-times-list=0', '-start-train-date=2023-01-01', '-start-test-date=2023-07-01']
2023-10-29 17:36:35;BNBUSDT;5m;knn;instancehardnessthreshold;1.0;0;72;0.0202;0.5181;0.3982;0.3982;close,volume;;0.7;False;2023-01-01;2023-07-31 19:40:00;3;True;<< NOT SAVED >>;['-batch-training', '-calc-rsi', '-normalize', '-no-tune', '-n-jobs=20', '-symbol-list=BTCUSDT,ETHUSDT,BNBUSDT,XRPUSDT,ADAUSDT,DOGEUSDT,SOLUSDT,TRXUSDT,DOTUSDT,MATICUSDT,LTCUSDT,BCHUSDT,AVAXUSDT,XLMUSDT,LINKUSDT,XMRUSDT,UNIUSDT,ATOMUSDT', '-interval-list=5m', '-estimator-list=knn', '-stop-loss-list=1.0', '-numeric-features=close,volume,quote_asset_volume,number_of_trades', '-regression-PnL-list=72', '-regression-times-list=0', '-start-train-date=2023-01-01', '-start-test-date=2023-07-01']
2023-10-20 23:38:00;BNBUSDT;5m;knn;instancehardnessthreshold;1.0;0;72;0.1547;0.5772;0.3983;0.3983;quote_asset_volume,number_of_trades,taker_buy_quote_asset_volume,ema_72p,ema_200p;;0.7;False;2023-01-01;2023-07-22 22:10:00;3;True;<< NOT SAVED >>;['-batch-training', '-calc-rsi', '-normalize', '-no-tune', '-n-jobs=20', '-symbol-list=BTCUSDT,ETHUSDT,BNBUSDT,XRPUSDT,ADAUSDT,DOGEUSDT,SOLUSDT,TRXUSDT,DOTUSDT,MATICUSDT,LTCUSDT,BCHUSDT,AVAXUSDT,XLMUSDT,LINKUSDT,XMRUSDT,UNIUSDT,ATOMUSDT', '-interval-list=5m', '-estimator-list=knn', '-stop-loss-list=1.0', '-numeric-features=volume,quote_asset_volume,number_of_trades,taker_buy_base_asset_volume,taker_buy_quote_asset_volume', '-regression-PnL-list=72', '-regression-times-list=0', '-start-train-date=2023-01-01', '-start-test-date=2023-07-01']
2023-10-29 17:57:56;BNBUSDT;5m;knn;instancehardnessthreshold;1.0;0;72;0.0548;0.5252;0.3985;0.3985;close,quote_asset_volume,number_of_trades,rsi,ema_72p;;0.7;False;2023-01-01;2023-07-31 19:40:00;3;True;<< NOT SAVED >>;['-batch-training', '-calc-rsi', '-normalize', '-no-tune', '-n-jobs=20', '-symbol-list=BTCUSDT,ETHUSDT,BNBUSDT,XRPUSDT,ADAUSDT,DOGEUSDT,SOLUSDT,TRXUSDT,DOTUSDT,MATICUSDT,LTCUSDT,BCHUSDT,AVAXUSDT,XLMUSDT,LINKUSDT,XMRUSDT,UNIUSDT,ATOMUSDT', '-interval-list=5m', '-estimator-list=knn', '-stop-loss-list=1.0', '-numeric-features=close,volume,quote_asset_volume,number_of_trades', '-regression-PnL-list=72', '-regression-times-list=0', '-start-train-date=2023-01-01', '-start-test-date=2023-07-01']
2023-10-20 22:31:01;BNBUSDT;5m;knn;repeatededitednearestneighbours;1.0;0;72;0.0013;0.6397;0.3987;0.3987;number_of_trades,taker_buy_base_asset_volume;;0.7;False;2023-01-01;2023-07-22 22:10:00;3;True;<< NOT SAVED >>;['-batch-training', '-calc-rsi', '-normalize', '-no-tune', '-n-jobs=20', '-symbol-list=BTCUSDT,ETHUSDT,BNBUSDT,XRPUSDT,ADAUSDT,DOGEUSDT,SOLUSDT,TRXUSDT,DOTUSDT,MATICUSDT,LTCUSDT,BCHUSDT,AVAXUSDT,XLMUSDT,LINKUSDT,XMRUSDT,UNIUSDT,ATOMUSDT', '-interval-list=5m', '-estimator-list=knn', '-stop-loss-list=1.0', '-numeric-features=volume,quote_asset_volume,number_of_trades,taker_buy_base_asset_volume,taker_buy_quote_asset_volume', '-regression-PnL-list=72', '-regression-times-list=0', '-start-train-date=2023-01-01', '-start-test-date=2023-07-01']
2023-10-29 17:42:01;BNBUSDT;5m;knn;allknn;1.0;0;72;0.0081;0.5148;0.399;0.399;close,quote_asset_volume,ema_200p;;0.7;False;2023-01-01;2023-07-31 19:40:00;3;True;<< NOT SAVED >>;['-batch-training', '-calc-rsi', '-normalize', '-no-tune', '-n-jobs=20', '-symbol-list=BTCUSDT,ETHUSDT,BNBUSDT,XRPUSDT,ADAUSDT,DOGEUSDT,SOLUSDT,TRXUSDT,DOTUSDT,MATICUSDT,LTCUSDT,BCHUSDT,AVAXUSDT,XLMUSDT,LINKUSDT,XMRUSDT,UNIUSDT,ATOMUSDT', '-interval-list=5m', '-estimator-list=knn', '-stop-loss-list=1.0', '-numeric-features=close,volume,quote_asset_volume,number_of_trades', '-regression-PnL-list=72', '-regression-times-list=0', '-start-train-date=2023-01-01', '-start-test-date=2023-07-01']
2023-10-20 23:19:52;BNBUSDT;5m;knn;instancehardnessthreshold;1.0;0;72;0.1703;0.5353;0.3998;0.3998;taker_buy_base_asset_volume,taker_buy_quote_asset_volume,ema_72p,ema_200p;;0.7;False;2023-01-01;2023-07-22 22:10:00;3;True;<< NOT SAVED >>;['-batch-training', '-calc-rsi', '-normalize', '-no-tune', '-n-jobs=20', '-symbol-list=BTCUSDT,ETHUSDT,BNBUSDT,XRPUSDT,ADAUSDT,DOGEUSDT,SOLUSDT,TRXUSDT,DOTUSDT,MATICUSDT,LTCUSDT,BCHUSDT,AVAXUSDT,XLMUSDT,LINKUSDT,XMRUSDT,UNIUSDT,ATOMUSDT', '-interval-list=5m', '-estimator-list=knn', '-stop-loss-list=1.0', '-numeric-features=volume,quote_asset_volume,number_of_trades,taker_buy_base_asset_volume,taker_buy_quote_asset_volume', '-regression-PnL-list=72', '-regression-times-list=0', '-start-train-date=2023-01-01', '-start-test-date=2023-07-01']
2023-10-20 23:18:23;BNBUSDT;5m;knn;instancehardnessthreshold;1.0;0;72;0.1611;0.5618;0.4014;0.4014;number_of_trades,taker_buy_quote_asset_volume,ema_72p,ema_200p;;0.7;False;2023-01-01;2023-07-22 22:10:00;3;True;<< NOT SAVED >>;['-batch-training', '-calc-rsi', '-normalize', '-no-tune', '-n-jobs=20', '-symbol-list=BTCUSDT,ETHUSDT,BNBUSDT,XRPUSDT,ADAUSDT,DOGEUSDT,SOLUSDT,TRXUSDT,DOTUSDT,MATICUSDT,LTCUSDT,BCHUSDT,AVAXUSDT,XLMUSDT,LINKUSDT,XMRUSDT,UNIUSDT,ATOMUSDT', '-interval-list=5m', '-estimator-list=knn', '-stop-loss-list=1.0', '-numeric-features=volume,quote_asset_volume,number_of_trades,taker_buy_base_asset_volume,taker_buy_quote_asset_volume', '-regression-PnL-list=72', '-regression-times-list=0', '-start-train-date=2023-01-01', '-start-test-date=2023-07-01']
2023-10-20 23:00:09;BNBUSDT;5m;knn;instancehardnessthreshold;1.0;0;72;0.1769;0.5407;0.4018;0.4018;volume,quote_asset_volume,ema_72p,ema_200p;;0.7;False;2023-01-01;2023-07-22 22:10:00;3;True;<< NOT SAVED >>;['-batch-training', '-calc-rsi', '-normalize', '-no-tune', '-n-jobs=20', '-symbol-list=BTCUSDT,ETHUSDT,BNBUSDT,XRPUSDT,ADAUSDT,DOGEUSDT,SOLUSDT,TRXUSDT,DOTUSDT,MATICUSDT,LTCUSDT,BCHUSDT,AVAXUSDT,XLMUSDT,LINKUSDT,XMRUSDT,UNIUSDT,ATOMUSDT', '-interval-list=5m', '-estimator-list=knn', '-stop-loss-list=1.0', '-numeric-features=volume,quote_asset_volume,number_of_trades,taker_buy_base_asset_volume,taker_buy_quote_asset_volume', '-regression-PnL-list=72', '-regression-times-list=0', '-start-train-date=2023-01-01', '-start-test-date=2023-07-01']
2023-10-20 22:50:39;BNBUSDT;5m;knn;repeatededitednearestneighbours;1.0;0;72;0.0219;0.6259;0.4018;0.4018;number_of_trades,rsi,ema_72p;;0.7;False;2023-01-01;2023-07-22 22:10:00;3;True;<< NOT SAVED >>;['-batch-training', '-calc-rsi', '-normalize', '-no-tune', '-n-jobs=20', '-symbol-list=BTCUSDT,ETHUSDT,BNBUSDT,XRPUSDT,ADAUSDT,DOGEUSDT,SOLUSDT,TRXUSDT,DOTUSDT,MATICUSDT,LTCUSDT,BCHUSDT,AVAXUSDT,XLMUSDT,LINKUSDT,XMRUSDT,UNIUSDT,ATOMUSDT', '-interval-list=5m', '-estimator-list=knn', '-stop-loss-list=1.0', '-numeric-features=volume,quote_asset_volume,number_of_trades,taker_buy_base_asset_volume,taker_buy_quote_asset_volume', '-regression-PnL-list=72', '-regression-times-list=0', '-start-train-date=2023-01-01', '-start-test-date=2023-07-01']
2023-10-20 22:25:46;BNBUSDT;5m;knn;repeatededitednearestneighbours;1.0;0;72;0.0054;0.6084;0.4018;0.4018;taker_buy_quote_asset_volume;;0.7;False;2023-01-01;2023-07-22 22:10:00;3;True;<< NOT SAVED >>;['-batch-training', '-calc-rsi', '-normalize', '-no-tune', '-n-jobs=20', '-symbol-list=BTCUSDT,ETHUSDT,BNBUSDT,XRPUSDT,ADAUSDT,DOGEUSDT,SOLUSDT,TRXUSDT,DOTUSDT,MATICUSDT,LTCUSDT,BCHUSDT,AVAXUSDT,XLMUSDT,LINKUSDT,XMRUSDT,UNIUSDT,ATOMUSDT', '-interval-list=5m', '-estimator-list=knn', '-stop-loss-list=1.0', '-numeric-features=volume,quote_asset_volume,number_of_trades,taker_buy_base_asset_volume,taker_buy_quote_asset_volume', '-regression-PnL-list=72', '-regression-times-list=0', '-start-train-date=2023-01-01', '-start-test-date=2023-07-01']
2023-10-29 17:37:23;BNBUSDT;5m;knn;repeatededitednearestneighbours;1.0;0;72;0.0;0.5919;0.4026;0.4026;close,number_of_trades;;0.7;False;2023-01-01;2023-07-31 19:40:00;3;True;<< NOT SAVED >>;['-batch-training', '-calc-rsi', '-normalize', '-no-tune', '-n-jobs=20', '-symbol-list=BTCUSDT,ETHUSDT,BNBUSDT,XRPUSDT,ADAUSDT,DOGEUSDT,SOLUSDT,TRXUSDT,DOTUSDT,MATICUSDT,LTCUSDT,BCHUSDT,AVAXUSDT,XLMUSDT,LINKUSDT,XMRUSDT,UNIUSDT,ATOMUSDT', '-interval-list=5m', '-estimator-list=knn', '-stop-loss-list=1.0', '-numeric-features=close,volume,quote_asset_volume,number_of_trades', '-regression-PnL-list=72', '-regression-times-list=0', '-start-train-date=2023-01-01', '-start-test-date=2023-07-01']
2023-10-20 22:49:38;BNBUSDT;5m;knn;repeatededitednearestneighbours;1.0;0;72;0.006;0.6115;0.4037;0.4037;number_of_trades,taker_buy_quote_asset_volume,rsi;;0.7;False;2023-01-01;2023-07-22 22:10:00;3;True;<< NOT SAVED >>;['-batch-training', '-calc-rsi', '-normalize', '-no-tune', '-n-jobs=20', '-symbol-list=BTCUSDT,ETHUSDT,BNBUSDT,XRPUSDT,ADAUSDT,DOGEUSDT,SOLUSDT,TRXUSDT,DOTUSDT,MATICUSDT,LTCUSDT,BCHUSDT,AVAXUSDT,XLMUSDT,LINKUSDT,XMRUSDT,UNIUSDT,ATOMUSDT', '-interval-list=5m', '-estimator-list=knn', '-stop-loss-list=1.0', '-numeric-features=volume,quote_asset_volume,number_of_trades,taker_buy_base_asset_volume,taker_buy_quote_asset_volume', '-regression-PnL-list=72', '-regression-times-list=0', '-start-train-date=2023-01-01', '-start-test-date=2023-07-01']
2023-10-20 22:43:05;BNBUSDT;5m;knn;repeatededitednearestneighbours;1.0;0;72;0.0079;0.6043;0.4041;0.4041;quote_asset_volume,number_of_trades,taker_buy_base_asset_volume;;0.7;False;2023-01-01;2023-07-22 22:10:00;3;True;<< NOT SAVED >>;['-batch-training', '-calc-rsi', '-normalize', '-no-tune', '-n-jobs=20', '-symbol-list=BTCUSDT,ETHUSDT,BNBUSDT,XRPUSDT,ADAUSDT,DOGEUSDT,SOLUSDT,TRXUSDT,DOTUSDT,MATICUSDT,LTCUSDT,BCHUSDT,AVAXUSDT,XLMUSDT,LINKUSDT,XMRUSDT,UNIUSDT,ATOMUSDT', '-interval-list=5m', '-estimator-list=knn', '-stop-loss-list=1.0', '-numeric-features=volume,quote_asset_volume,number_of_trades,taker_buy_base_asset_volume,taker_buy_quote_asset_volume', '-regression-PnL-list=72', '-regression-times-list=0', '-start-train-date=2023-01-01', '-start-test-date=2023-07-01']
2023-10-20 22:53:20;BNBUSDT;5m;knn;instancehardnessthreshold;1.0;0;72;0.1747;0.5381;0.4041;0.4041;taker_buy_base_asset_volume,ema_72p,ema_200p;;0.7;False;2023-01-01;2023-07-22 22:10:00;3;True;<< NOT SAVED >>;['-batch-training', '-calc-rsi', '-normalize', '-no-tune', '-n-jobs=20', '-symbol-list=BTCUSDT,ETHUSDT,BNBUSDT,XRPUSDT,ADAUSDT,DOGEUSDT,SOLUSDT,TRXUSDT,DOTUSDT,MATICUSDT,LTCUSDT,BCHUSDT,AVAXUSDT,XLMUSDT,LINKUSDT,XMRUSDT,UNIUSDT,ATOMUSDT', '-interval-list=5m', '-estimator-list=knn', '-stop-loss-list=1.0', '-numeric-features=volume,quote_asset_volume,number_of_trades,taker_buy_base_asset_volume,taker_buy_quote_asset_volume', '-regression-PnL-list=72', '-regression-times-list=0', '-start-train-date=2023-01-01', '-start-test-date=2023-07-01']
2023-10-29 17:40:48;BNBUSDT;5m;knn;repeatededitednearestneighbours;1.0;0;72;0.0;0.5666;0.405;0.405;close,quote_asset_volume,number_of_trades;;0.7;False;2023-01-01;2023-07-31 19:40:00;3;True;<< NOT SAVED >>;['-batch-training', '-calc-rsi', '-normalize', '-no-tune', '-n-jobs=20', '-symbol-list=BTCUSDT,ETHUSDT,BNBUSDT,XRPUSDT,ADAUSDT,DOGEUSDT,SOLUSDT,TRXUSDT,DOTUSDT,MATICUSDT,LTCUSDT,BCHUSDT,AVAXUSDT,XLMUSDT,LINKUSDT,XMRUSDT,UNIUSDT,ATOMUSDT', '-interval-list=5m', '-estimator-list=knn', '-stop-loss-list=1.0', '-numeric-features=close,volume,quote_asset_volume,number_of_trades', '-regression-PnL-list=72', '-regression-times-list=0', '-start-train-date=2023-01-01', '-start-test-date=2023-07-01']
2023-10-29 17:37:17;BNBUSDT;5m;knn;instancehardnessthreshold;1.0;0;72;0.0404;0.534;0.4053;0.4053;close,number_of_trades;;0.7;False;2023-01-01;2023-07-31 19:40:00;3;True;<< NOT SAVED >>;['-batch-training', '-calc-rsi', '-normalize', '-no-tune', '-n-jobs=20', '-symbol-list=BTCUSDT,ETHUSDT,BNBUSDT,XRPUSDT,ADAUSDT,DOGEUSDT,SOLUSDT,TRXUSDT,DOTUSDT,MATICUSDT,LTCUSDT,BCHUSDT,AVAXUSDT,XLMUSDT,LINKUSDT,XMRUSDT,UNIUSDT,ATOMUSDT', '-interval-list=5m', '-estimator-list=knn', '-stop-loss-list=1.0', '-numeric-features=close,volume,quote_asset_volume,number_of_trades', '-regression-PnL-list=72', '-regression-times-list=0', '-start-train-date=2023-01-01', '-start-test-date=2023-07-01']
2023-10-29 17:39:15;BNBUSDT;5m;knn;repeatededitednearestneighbours;1.0;0;72;0.0003;0.5629;0.4059;0.4059;close,volume,number_of_trades;;0.7;False;2023-01-01;2023-07-31 19:40:00;3;True;<< NOT SAVED >>;['-batch-training', '-calc-rsi', '-normalize', '-no-tune', '-n-jobs=20', '-symbol-list=BTCUSDT,ETHUSDT,BNBUSDT,XRPUSDT,ADAUSDT,DOGEUSDT,SOLUSDT,TRXUSDT,DOTUSDT,MATICUSDT,LTCUSDT,BCHUSDT,AVAXUSDT,XLMUSDT,LINKUSDT,XMRUSDT,UNIUSDT,ATOMUSDT', '-interval-list=5m', '-estimator-list=knn', '-stop-loss-list=1.0', '-numeric-features=close,volume,quote_asset_volume,number_of_trades', '-regression-PnL-list=72', '-regression-times-list=0', '-start-train-date=2023-01-01', '-start-test-date=2023-07-01']
2023-10-29 17:54:26;BNBUSDT;5m;knn;allknn;1.0;0;72;0.0173;0.4871;0.4059;0.4059;close,volume,quote_asset_volume,number_of_trades,ema_200p;;0.7;False;2023-01-01;2023-07-31 19:40:00;3;True;<< NOT SAVED >>;['-batch-training', '-calc-rsi', '-normalize', '-no-tune', '-n-jobs=20', '-symbol-list=BTCUSDT,ETHUSDT,BNBUSDT,XRPUSDT,ADAUSDT,DOGEUSDT,SOLUSDT,TRXUSDT,DOTUSDT,MATICUSDT,LTCUSDT,BCHUSDT,AVAXUSDT,XLMUSDT,LINKUSDT,XMRUSDT,UNIUSDT,ATOMUSDT', '-interval-list=5m', '-estimator-list=knn', '-stop-loss-list=1.0', '-numeric-features=close,volume,quote_asset_volume,number_of_trades', '-regression-PnL-list=72', '-regression-times-list=0', '-start-train-date=2023-01-01', '-start-test-date=2023-07-01']
2023-10-29 17:38:35;BNBUSDT;5m;knn;allknn;1.0;0;72;0.0;0.4968;0.4074;0.4074;close,ema_200p;;0.7;False;2023-01-01;2023-07-31 19:40:00;3;True;<< NOT SAVED >>;['-batch-training', '-calc-rsi', '-normalize', '-no-tune', '-n-jobs=20', '-symbol-list=BTCUSDT,ETHUSDT,BNBUSDT,XRPUSDT,ADAUSDT,DOGEUSDT,SOLUSDT,TRXUSDT,DOTUSDT,MATICUSDT,LTCUSDT,BCHUSDT,AVAXUSDT,XLMUSDT,LINKUSDT,XMRUSDT,UNIUSDT,ATOMUSDT', '-interval-list=5m', '-estimator-list=knn', '-stop-loss-list=1.0', '-numeric-features=close,volume,quote_asset_volume,number_of_trades', '-regression-PnL-list=72', '-regression-times-list=0', '-start-train-date=2023-01-01', '-start-test-date=2023-07-01']
2023-10-29 17:51:57;BNBUSDT;5m;knn;instancehardnessthreshold;1.0;0;72;0.0291;0.5343;0.4077;0.4077;close,number_of_trades,rsi,ema_200p;;0.7;False;2023-01-01;2023-07-31 19:40:00;3;True;<< NOT SAVED >>;['-batch-training', '-calc-rsi', '-normalize', '-no-tune', '-n-jobs=20', '-symbol-list=BTCUSDT,ETHUSDT,BNBUSDT,XRPUSDT,ADAUSDT,DOGEUSDT,SOLUSDT,TRXUSDT,DOTUSDT,MATICUSDT,LTCUSDT,BCHUSDT,AVAXUSDT,XLMUSDT,LINKUSDT,XMRUSDT,UNIUSDT,ATOMUSDT', '-interval-list=5m', '-estimator-list=knn', '-stop-loss-list=1.0', '-numeric-features=close,volume,quote_asset_volume,number_of_trades', '-regression-PnL-list=72', '-regression-times-list=0', '-start-train-date=2023-01-01', '-start-test-date=2023-07-01']
2023-10-29 17:42:40;BNBUSDT;5m;knn;instancehardnessthreshold;1.0;0;72;0.0917;0.5038;0.4077;0.4077;close,number_of_trades,ema_72p;;0.7;False;2023-01-01;2023-07-31 19:40:00;3;True;<< NOT SAVED >>;['-batch-training', '-calc-rsi', '-normalize', '-no-tune', '-n-jobs=20', '-symbol-list=BTCUSDT,ETHUSDT,BNBUSDT,XRPUSDT,ADAUSDT,DOGEUSDT,SOLUSDT,TRXUSDT,DOTUSDT,MATICUSDT,LTCUSDT,BCHUSDT,AVAXUSDT,XLMUSDT,LINKUSDT,XMRUSDT,UNIUSDT,ATOMUSDT', '-interval-list=5m', '-estimator-list=knn', '-stop-loss-list=1.0', '-numeric-features=close,volume,quote_asset_volume,number_of_trades', '-regression-PnL-list=72', '-regression-times-list=0', '-start-train-date=2023-01-01', '-start-test-date=2023-07-01']
2023-10-29 17:38:30;BNBUSDT;5m;knn;repeatededitednearestneighbours;1.0;0;72;0.0;0.4963;0.408;0.408;close,ema_200p;;0.7;False;2023-01-01;2023-07-31 19:40:00;3;True;<< NOT SAVED >>;['-batch-training', '-calc-rsi', '-normalize', '-no-tune', '-n-jobs=20', '-symbol-list=BTCUSDT,ETHUSDT,BNBUSDT,XRPUSDT,ADAUSDT,DOGEUSDT,SOLUSDT,TRXUSDT,DOTUSDT,MATICUSDT,LTCUSDT,BCHUSDT,AVAXUSDT,XLMUSDT,LINKUSDT,XMRUSDT,UNIUSDT,ATOMUSDT', '-interval-list=5m', '-estimator-list=knn', '-stop-loss-list=1.0', '-numeric-features=close,volume,quote_asset_volume,number_of_trades', '-regression-PnL-list=72', '-regression-times-list=0', '-start-train-date=2023-01-01', '-start-test-date=2023-07-01']
2023-10-29 17:46:53;BNBUSDT;5m;knn;allknn;1.0;0;72;0.0231;0.4676;0.408;0.408;close,volume,number_of_trades,ema_72p;;0.7;False;2023-01-01;2023-07-31 19:40:00;3;True;<< NOT SAVED >>;['-batch-training', '-calc-rsi', '-normalize', '-no-tune', '-n-jobs=20', '-symbol-list=BTCUSDT,ETHUSDT,BNBUSDT,XRPUSDT,ADAUSDT,DOGEUSDT,SOLUSDT,TRXUSDT,DOTUSDT,MATICUSDT,LTCUSDT,BCHUSDT,AVAXUSDT,XLMUSDT,LINKUSDT,XMRUSDT,UNIUSDT,ATOMUSDT', '-interval-list=5m', '-estimator-list=knn', '-stop-loss-list=1.0', '-numeric-features=close,volume,quote_asset_volume,number_of_trades', '-regression-PnL-list=72', '-regression-times-list=0', '-start-train-date=2023-01-01', '-start-test-date=2023-07-01']
2023-10-20 22:24:55;BNBUSDT;5m;knn;repeatededitednearestneighbours;1.0;0;72;0.0143;0.6114;0.4083;0.4083;quote_asset_volume;;0.7;False;2023-01-01;2023-07-22 22:10:00;3;True;<< NOT SAVED >>;['-batch-training', '-calc-rsi', '-normalize', '-no-tune', '-n-jobs=20', '-symbol-list=BTCUSDT,ETHUSDT,BNBUSDT,XRPUSDT,ADAUSDT,DOGEUSDT,SOLUSDT,TRXUSDT,DOTUSDT,MATICUSDT,LTCUSDT,BCHUSDT,AVAXUSDT,XLMUSDT,LINKUSDT,XMRUSDT,UNIUSDT,ATOMUSDT', '-interval-list=5m', '-estimator-list=knn', '-stop-loss-list=1.0', '-numeric-features=volume,quote_asset_volume,number_of_trades,taker_buy_base_asset_volume,taker_buy_quote_asset_volume', '-regression-PnL-list=72', '-regression-times-list=0', '-start-train-date=2023-01-01', '-start-test-date=2023-07-01']
2023-10-20 22:54:21;BNBUSDT;5m;knn;instancehardnessthreshold;1.0;0;72;0.1436;0.545;0.4087;0.4087;taker_buy_quote_asset_volume,ema_72p,ema_200p;;0.7;False;2023-01-01;2023-07-22 22:10:00;3;True;<< NOT SAVED >>;['-batch-training', '-calc-rsi', '-normalize', '-no-tune', '-n-jobs=20', '-symbol-list=BTCUSDT,ETHUSDT,BNBUSDT,XRPUSDT,ADAUSDT,DOGEUSDT,SOLUSDT,TRXUSDT,DOTUSDT,MATICUSDT,LTCUSDT,BCHUSDT,AVAXUSDT,XLMUSDT,LINKUSDT,XMRUSDT,UNIUSDT,ATOMUSDT', '-interval-list=5m', '-estimator-list=knn', '-stop-loss-list=1.0', '-numeric-features=volume,quote_asset_volume,number_of_trades,taker_buy_base_asset_volume,taker_buy_quote_asset_volume', '-regression-PnL-list=72', '-regression-times-list=0', '-start-train-date=2023-01-01', '-start-test-date=2023-07-01']
2023-10-29 17:58:27;BNBUSDT;5m;knn;instancehardnessthreshold;1.0;0;72;0.0395;0.5416;0.4104;0.4104;close,quote_asset_volume,number_of_trades,rsi,ema_200p;;0.7;False;2023-01-01;2023-07-31 19:40:00;3;True;<< NOT SAVED >>;['-batch-training', '-calc-rsi', '-normalize', '-no-tune', '-n-jobs=20', '-symbol-list=BTCUSDT,ETHUSDT,BNBUSDT,XRPUSDT,ADAUSDT,DOGEUSDT,SOLUSDT,TRXUSDT,DOTUSDT,MATICUSDT,LTCUSDT,BCHUSDT,AVAXUSDT,XLMUSDT,LINKUSDT,XMRUSDT,UNIUSDT,ATOMUSDT', '-interval-list=5m', '-estimator-list=knn', '-stop-loss-list=1.0', '-numeric-features=close,volume,quote_asset_volume,number_of_trades', '-regression-PnL-list=72', '-regression-times-list=0', '-start-train-date=2023-01-01', '-start-test-date=2023-07-01']
2023-10-29 17:56:30;BNBUSDT;5m;knn;instancehardnessthreshold;1.0;0;72;0.0453;0.5404;0.4107;0.4107;close,volume,number_of_trades,rsi,ema_200p;;0.7;False;2023-01-01;2023-07-31 19:40:00;3;True;<< NOT SAVED >>;['-batch-training', '-calc-rsi', '-normalize', '-no-tune', '-n-jobs=20', '-symbol-list=BTCUSDT,ETHUSDT,BNBUSDT,XRPUSDT,ADAUSDT,DOGEUSDT,SOLUSDT,TRXUSDT,DOTUSDT,MATICUSDT,LTCUSDT,BCHUSDT,AVAXUSDT,XLMUSDT,LINKUSDT,XMRUSDT,UNIUSDT,ATOMUSDT', '-interval-list=5m', '-estimator-list=knn', '-stop-loss-list=1.0', '-numeric-features=close,volume,quote_asset_volume,number_of_trades', '-regression-PnL-list=72', '-regression-times-list=0', '-start-train-date=2023-01-01', '-start-test-date=2023-07-01']
2023-10-29 17:41:12;BNBUSDT;5m;knn;repeatededitednearestneighbours;1.0;0;72;0.0012;0.5861;0.4116;0.4116;close,quote_asset_volume,rsi;;0.7;False;2023-01-01;2023-07-31 19:40:00;3;True;<< NOT SAVED >>;['-batch-training', '-calc-rsi', '-normalize', '-no-tune', '-n-jobs=20', '-symbol-list=BTCUSDT,ETHUSDT,BNBUSDT,XRPUSDT,ADAUSDT,DOGEUSDT,SOLUSDT,TRXUSDT,DOTUSDT,MATICUSDT,LTCUSDT,BCHUSDT,AVAXUSDT,XLMUSDT,LINKUSDT,XMRUSDT,UNIUSDT,ATOMUSDT', '-interval-list=5m', '-estimator-list=knn', '-stop-loss-list=1.0', '-numeric-features=close,volume,quote_asset_volume,number_of_trades', '-regression-PnL-list=72', '-regression-times-list=0', '-start-train-date=2023-01-01', '-start-test-date=2023-07-01']
2023-10-20 23:03:56;BNBUSDT;5m;knn;instancehardnessthreshold;1.0;0;72;0.1531;0.5691;0.4122;0.4122;volume,number_of_trades,ema_72p,ema_200p;;0.7;False;2023-01-01;2023-07-22 22:10:00;3;True;<< NOT SAVED >>;['-batch-training', '-calc-rsi', '-normalize', '-no-tune', '-n-jobs=20', '-symbol-list=BTCUSDT,ETHUSDT,BNBUSDT,XRPUSDT,ADAUSDT,DOGEUSDT,SOLUSDT,TRXUSDT,DOTUSDT,MATICUSDT,LTCUSDT,BCHUSDT,AVAXUSDT,XLMUSDT,LINKUSDT,XMRUSDT,UNIUSDT,ATOMUSDT', '-interval-list=5m', '-estimator-list=knn', '-stop-loss-list=1.0', '-numeric-features=volume,quote_asset_volume,number_of_trades,taker_buy_base_asset_volume,taker_buy_quote_asset_volume', '-regression-PnL-list=72', '-regression-times-list=0', '-start-train-date=2023-01-01', '-start-test-date=2023-07-01']
2023-10-20 23:08:29;BNBUSDT;5m;knn;repeatededitednearestneighbours;1.0;0;72;0.0032;0.5918;0.413;0.413;quote_asset_volume,number_of_trades,taker_buy_base_asset_volume,rsi;;0.7;False;2023-01-01;2023-07-22 22:10:00;3;True;<< NOT SAVED >>;['-batch-training', '-calc-rsi', '-normalize', '-no-tune', '-n-jobs=20', '-symbol-list=BTCUSDT,ETHUSDT,BNBUSDT,XRPUSDT,ADAUSDT,DOGEUSDT,SOLUSDT,TRXUSDT,DOTUSDT,MATICUSDT,LTCUSDT,BCHUSDT,AVAXUSDT,XLMUSDT,LINKUSDT,XMRUSDT,UNIUSDT,ATOMUSDT', '-interval-list=5m', '-estimator-list=knn', '-stop-loss-list=1.0', '-numeric-features=volume,quote_asset_volume,number_of_trades,taker_buy_base_asset_volume,taker_buy_quote_asset_volume', '-regression-PnL-list=72', '-regression-times-list=0', '-start-train-date=2023-01-01', '-start-test-date=2023-07-01']
2023-10-20 22:25:30;BNBUSDT;5m;knn;repeatededitednearestneighbours;1.0;0;72;0.0355;0.611;0.4134;0.4134;taker_buy_base_asset_volume;;0.7;False;2023-01-01;2023-07-22 22:10:00;3;True;<< NOT SAVED >>;['-batch-training', '-calc-rsi', '-normalize', '-no-tune', '-n-jobs=20', '-symbol-list=BTCUSDT,ETHUSDT,BNBUSDT,XRPUSDT,ADAUSDT,DOGEUSDT,SOLUSDT,TRXUSDT,DOTUSDT,MATICUSDT,LTCUSDT,BCHUSDT,AVAXUSDT,XLMUSDT,LINKUSDT,XMRUSDT,UNIUSDT,ATOMUSDT', '-interval-list=5m', '-estimator-list=knn', '-stop-loss-list=1.0', '-numeric-features=volume,quote_asset_volume,number_of_trades,taker_buy_base_asset_volume,taker_buy_quote_asset_volume', '-regression-PnL-list=72', '-regression-times-list=0', '-start-train-date=2023-01-01', '-start-test-date=2023-07-01']
2023-10-29 17:48:00;BNBUSDT;5m;knn;instancehardnessthreshold;1.0;0;72;0.0343;0.5153;0.4142;0.4142;close,volume,rsi,ema_200p;;0.7;False;2023-01-01;2023-07-31 19:40:00;3;True;<< NOT SAVED >>;['-batch-training', '-calc-rsi', '-normalize', '-no-tune', '-n-jobs=20', '-symbol-list=BTCUSDT,ETHUSDT,BNBUSDT,XRPUSDT,ADAUSDT,DOGEUSDT,SOLUSDT,TRXUSDT,DOTUSDT,MATICUSDT,LTCUSDT,BCHUSDT,AVAXUSDT,XLMUSDT,LINKUSDT,XMRUSDT,UNIUSDT,ATOMUSDT', '-interval-list=5m', '-estimator-list=knn', '-stop-loss-list=1.0', '-numeric-features=close,volume,quote_asset_volume,number_of_trades', '-regression-PnL-list=72', '-regression-times-list=0', '-start-train-date=2023-01-01', '-start-test-date=2023-07-01']
2023-10-20 23:39:34;BNBUSDT;5m;knn;instancehardnessthreshold;1.0;0;72;0.1772;0.5462;0.4145;0.4145;quote_asset_volume,taker_buy_base_asset_volume,taker_buy_quote_asset_volume,ema_72p,ema_200p;;0.7;False;2023-01-01;2023-07-22 22:10:00;3;True;<< NOT SAVED >>;['-batch-training', '-calc-rsi', '-normalize', '-no-tune', '-n-jobs=20', '-symbol-list=BTCUSDT,ETHUSDT,BNBUSDT,XRPUSDT,ADAUSDT,DOGEUSDT,SOLUSDT,TRXUSDT,DOTUSDT,MATICUSDT,LTCUSDT,BCHUSDT,AVAXUSDT,XLMUSDT,LINKUSDT,XMRUSDT,UNIUSDT,ATOMUSDT', '-interval-list=5m', '-estimator-list=knn', '-stop-loss-list=1.0', '-numeric-features=volume,quote_asset_volume,number_of_trades,taker_buy_base_asset_volume,taker_buy_quote_asset_volume', '-regression-PnL-list=72', '-regression-times-list=0', '-start-train-date=2023-01-01', '-start-test-date=2023-07-01']
2023-10-20 23:24:37;BNBUSDT;5m;knn;instancehardnessthreshold;1.0;0;72;0.1506;0.566;0.4164;0.4164;volume,quote_asset_volume,number_of_trades,ema_72p,ema_200p;;0.7;False;2023-01-01;2023-07-22 22:10:00;3;True;<< NOT SAVED >>;['-batch-training', '-calc-rsi', '-normalize', '-no-tune', '-n-jobs=20', '-symbol-list=BTCUSDT,ETHUSDT,BNBUSDT,XRPUSDT,ADAUSDT,DOGEUSDT,SOLUSDT,TRXUSDT,DOTUSDT,MATICUSDT,LTCUSDT,BCHUSDT,AVAXUSDT,XLMUSDT,LINKUSDT,XMRUSDT,UNIUSDT,ATOMUSDT', '-interval-list=5m', '-estimator-list=knn', '-stop-loss-list=1.0', '-numeric-features=volume,quote_asset_volume,number_of_trades,taker_buy_base_asset_volume,taker_buy_quote_asset_volume', '-regression-PnL-list=72', '-regression-times-list=0', '-start-train-date=2023-01-01', '-start-test-date=2023-07-01']
2023-10-29 17:48:14;BNBUSDT;5m;knn;allknn;1.0;0;72;0.0046;0.5245;0.4166;0.4166;close,volume,rsi,ema_200p;;0.7;False;2023-01-01;2023-07-31 19:40:00;3;True;<< NOT SAVED >>;['-batch-training', '-calc-rsi', '-normalize', '-no-tune', '-n-jobs=20', '-symbol-list=BTCUSDT,ETHUSDT,BNBUSDT,XRPUSDT,ADAUSDT,DOGEUSDT,SOLUSDT,TRXUSDT,DOTUSDT,MATICUSDT,LTCUSDT,BCHUSDT,AVAXUSDT,XLMUSDT,LINKUSDT,XMRUSDT,UNIUSDT,ATOMUSDT', '-interval-list=5m', '-estimator-list=knn', '-stop-loss-list=1.0', '-numeric-features=close,volume,quote_asset_volume,number_of_trades', '-regression-PnL-list=72', '-regression-times-list=0', '-start-train-date=2023-01-01', '-start-test-date=2023-07-01']
2023-10-29 17:53:45;BNBUSDT;5m;knn;instancehardnessthreshold;1.0;0;72;0.0496;0.4826;0.4172;0.4172;close,volume,quote_asset_volume,number_of_trades,ema_72p;;0.7;False;2023-01-01;2023-07-31 19:40:00;3;True;<< NOT SAVED >>;['-batch-training', '-calc-rsi', '-normalize', '-no-tune', '-n-jobs=20', '-symbol-list=BTCUSDT,ETHUSDT,BNBUSDT,XRPUSDT,ADAUSDT,DOGEUSDT,SOLUSDT,TRXUSDT,DOTUSDT,MATICUSDT,LTCUSDT,BCHUSDT,AVAXUSDT,XLMUSDT,LINKUSDT,XMRUSDT,UNIUSDT,ATOMUSDT', '-interval-list=5m', '-estimator-list=knn', '-stop-loss-list=1.0', '-numeric-features=close,volume,quote_asset_volume,number_of_trades', '-regression-PnL-list=72', '-regression-times-list=0', '-start-train-date=2023-01-01', '-start-test-date=2023-07-01']
2023-10-20 23:18:51;BNBUSDT;5m;knn;repeatededitednearestneighbours;1.0;0;72;0.0222;0.6285;0.4176;0.4176;number_of_trades,rsi,ema_72p,ema_200p;;0.7;False;2023-01-01;2023-07-22 22:10:00;3;True;<< NOT SAVED >>;['-batch-training', '-calc-rsi', '-normalize', '-no-tune', '-n-jobs=20', '-symbol-list=BTCUSDT,ETHUSDT,BNBUSDT,XRPUSDT,ADAUSDT,DOGEUSDT,SOLUSDT,TRXUSDT,DOTUSDT,MATICUSDT,LTCUSDT,BCHUSDT,AVAXUSDT,XLMUSDT,LINKUSDT,XMRUSDT,UNIUSDT,ATOMUSDT', '-interval-list=5m', '-estimator-list=knn', '-stop-loss-list=1.0', '-numeric-features=volume,quote_asset_volume,number_of_trades,taker_buy_base_asset_volume,taker_buy_quote_asset_volume', '-regression-PnL-list=72', '-regression-times-list=0', '-start-train-date=2023-01-01', '-start-test-date=2023-07-01']
2023-10-29 17:50:37;BNBUSDT;5m;knn;instancehardnessthreshold;1.0;0;72;0.0369;0.5076;0.4181;0.4181;close,quote_asset_volume,rsi,ema_200p;;0.7;False;2023-01-01;2023-07-31 19:40:00;3;True;<< NOT SAVED >>;['-batch-training', '-calc-rsi', '-normalize', '-no-tune', '-n-jobs=20', '-symbol-list=BTCUSDT,ETHUSDT,BNBUSDT,XRPUSDT,ADAUSDT,DOGEUSDT,SOLUSDT,TRXUSDT,DOTUSDT,MATICUSDT,LTCUSDT,BCHUSDT,AVAXUSDT,XLMUSDT,LINKUSDT,XMRUSDT,UNIUSDT,ATOMUSDT', '-interval-list=5m', '-estimator-list=knn', '-stop-loss-list=1.0', '-numeric-features=close,volume,quote_asset_volume,number_of_trades', '-regression-PnL-list=72', '-regression-times-list=0', '-start-train-date=2023-01-01', '-start-test-date=2023-07-01']
2023-10-29 17:40:30;BNBUSDT;5m;knn;allknn;1.0;0;72;0.0006;0.5088;0.4184;0.4184;close,volume,ema_200p;;0.7;False;2023-01-01;2023-07-31 19:40:00;3;True;<< NOT SAVED >>;['-batch-training', '-calc-rsi', '-normalize', '-no-tune', '-n-jobs=20', '-symbol-list=BTCUSDT,ETHUSDT,BNBUSDT,XRPUSDT,ADAUSDT,DOGEUSDT,SOLUSDT,TRXUSDT,DOTUSDT,MATICUSDT,LTCUSDT,BCHUSDT,AVAXUSDT,XLMUSDT,LINKUSDT,XMRUSDT,UNIUSDT,ATOMUSDT', '-interval-list=5m', '-estimator-list=knn', '-stop-loss-list=1.0', '-numeric-features=close,volume,quote_asset_volume,number_of_trades', '-regression-PnL-list=72', '-regression-times-list=0', '-start-train-date=2023-01-01', '-start-test-date=2023-07-01']
2023-10-20 22:27:14;BNBUSDT;5m;knn;repeatededitednearestneighbours;1.0;0;72;0.0006;0.6168;0.4199;0.4199;volume,number_of_trades;;0.7;False;2023-01-01;2023-07-22 22:10:00;3;True;<< NOT SAVED >>;['-batch-training', '-calc-rsi', '-normalize', '-no-tune', '-n-jobs=20', '-symbol-list=BTCUSDT,ETHUSDT,BNBUSDT,XRPUSDT,ADAUSDT,DOGEUSDT,SOLUSDT,TRXUSDT,DOTUSDT,MATICUSDT,LTCUSDT,BCHUSDT,AVAXUSDT,XLMUSDT,LINKUSDT,XMRUSDT,UNIUSDT,ATOMUSDT', '-interval-list=5m', '-estimator-list=knn', '-stop-loss-list=1.0', '-numeric-features=volume,quote_asset_volume,number_of_trades,taker_buy_base_asset_volume,taker_buy_quote_asset_volume', '-regression-PnL-list=72', '-regression-times-list=0', '-start-train-date=2023-01-01', '-start-test-date=2023-07-01']
2023-10-20 22:43:26;BNBUSDT;5m;knn;repeatededitednearestneighbours;1.0;0;72;0.0054;0.6076;0.4207;0.4207;quote_asset_volume,number_of_trades,taker_buy_quote_asset_volume;;0.7;False;2023-01-01;2023-07-22 22:10:00;3;True;<< NOT SAVED >>;['-batch-training', '-calc-rsi', '-normalize', '-no-tune', '-n-jobs=20', '-symbol-list=BTCUSDT,ETHUSDT,BNBUSDT,XRPUSDT,ADAUSDT,DOGEUSDT,SOLUSDT,TRXUSDT,DOTUSDT,MATICUSDT,LTCUSDT,BCHUSDT,AVAXUSDT,XLMUSDT,LINKUSDT,XMRUSDT,UNIUSDT,ATOMUSDT', '-interval-list=5m', '-estimator-list=knn', '-stop-loss-list=1.0', '-numeric-features=volume,quote_asset_volume,number_of_trades,taker_buy_base_asset_volume,taker_buy_quote_asset_volume', '-regression-PnL-list=72', '-regression-times-list=0', '-start-train-date=2023-01-01', '-start-test-date=2023-07-01']
2023-10-20 22:24:38;BNBUSDT;5m;knn;repeatededitednearestneighbours;1.0;0;72;0.0282;0.6107;0.4218;0.4218;volume;;0.7;False;2023-01-01;2023-07-22 22:10:00;3;True;<< NOT SAVED >>;['-batch-training', '-calc-rsi', '-normalize', '-no-tune', '-n-jobs=20', '-symbol-list=BTCUSDT,ETHUSDT,BNBUSDT,XRPUSDT,ADAUSDT,DOGEUSDT,SOLUSDT,TRXUSDT,DOTUSDT,MATICUSDT,LTCUSDT,BCHUSDT,AVAXUSDT,XLMUSDT,LINKUSDT,XMRUSDT,UNIUSDT,ATOMUSDT', '-interval-list=5m', '-estimator-list=knn', '-stop-loss-list=1.0', '-numeric-features=volume,quote_asset_volume,number_of_trades,taker_buy_base_asset_volume,taker_buy_quote_asset_volume', '-regression-PnL-list=72', '-regression-times-list=0', '-start-train-date=2023-01-01', '-start-test-date=2023-07-01']
2023-10-20 22:48:34;BNBUSDT;5m;knn;repeatededitednearestneighbours;1.0;0;72;0.0025;0.6063;0.4249;0.4249;number_of_trades,taker_buy_base_asset_volume,rsi;;0.7;False;2023-01-01;2023-07-22 22:10:00;3;True;<< NOT SAVED >>;['-batch-training', '-calc-rsi', '-normalize', '-no-tune', '-n-jobs=20', '-symbol-list=BTCUSDT,ETHUSDT,BNBUSDT,XRPUSDT,ADAUSDT,DOGEUSDT,SOLUSDT,TRXUSDT,DOTUSDT,MATICUSDT,LTCUSDT,BCHUSDT,AVAXUSDT,XLMUSDT,LINKUSDT,XMRUSDT,UNIUSDT,ATOMUSDT', '-interval-list=5m', '-estimator-list=knn', '-stop-loss-list=1.0', '-numeric-features=volume,quote_asset_volume,number_of_trades,taker_buy_base_asset_volume,taker_buy_quote_asset_volume', '-regression-PnL-list=72', '-regression-times-list=0', '-start-train-date=2023-01-01', '-start-test-date=2023-07-01']
2023-10-29 17:53:59;BNBUSDT;5m;knn;allknn;1.0;0;72;0.03;0.4629;0.4258;0.4258;close,volume,quote_asset_volume,number_of_trades,ema_72p;;0.7;False;2023-01-01;2023-07-31 19:40:00;3;True;<< NOT SAVED >>;['-batch-training', '-calc-rsi', '-normalize', '-no-tune', '-n-jobs=20', '-symbol-list=BTCUSDT,ETHUSDT,BNBUSDT,XRPUSDT,ADAUSDT,DOGEUSDT,SOLUSDT,TRXUSDT,DOTUSDT,MATICUSDT,LTCUSDT,BCHUSDT,AVAXUSDT,XLMUSDT,LINKUSDT,XMRUSDT,UNIUSDT,ATOMUSDT', '-interval-list=5m', '-estimator-list=knn', '-stop-loss-list=1.0', '-numeric-features=close,volume,quote_asset_volume,number_of_trades', '-regression-PnL-list=72', '-regression-times-list=0', '-start-train-date=2023-01-01', '-start-test-date=2023-07-01']
2023-10-29 17:40:20;BNBUSDT;5m;knn;instancehardnessthreshold;1.0;0;72;0.0337;0.4969;0.4261;0.4261;close,volume,ema_200p;;0.7;False;2023-01-01;2023-07-31 19:40:00;3;True;<< NOT SAVED >>;['-batch-training', '-calc-rsi', '-normalize', '-no-tune', '-n-jobs=20', '-symbol-list=BTCUSDT,ETHUSDT,BNBUSDT,XRPUSDT,ADAUSDT,DOGEUSDT,SOLUSDT,TRXUSDT,DOTUSDT,MATICUSDT,LTCUSDT,BCHUSDT,AVAXUSDT,XLMUSDT,LINKUSDT,XMRUSDT,UNIUSDT,ATOMUSDT', '-interval-list=5m', '-estimator-list=knn', '-stop-loss-list=1.0', '-numeric-features=close,volume,quote_asset_volume,number_of_trades', '-regression-PnL-list=72', '-regression-times-list=0', '-start-train-date=2023-01-01', '-start-test-date=2023-07-01']
2023-10-20 22:33:35;BNBUSDT;5m;knn;repeatededitednearestneighbours;1.0;0;72;0.0263;0.5983;0.4276;0.4276;taker_buy_base_asset_volume,ema_200p;;0.7;False;2023-01-01;2023-07-22 22:10:00;3;True;<< NOT SAVED >>;['-batch-training', '-calc-rsi', '-normalize', '-no-tune', '-n-jobs=20', '-symbol-list=BTCUSDT,ETHUSDT,BNBUSDT,XRPUSDT,ADAUSDT,DOGEUSDT,SOLUSDT,TRXUSDT,DOTUSDT,MATICUSDT,LTCUSDT,BCHUSDT,AVAXUSDT,XLMUSDT,LINKUSDT,XMRUSDT,UNIUSDT,ATOMUSDT', '-interval-list=5m', '-estimator-list=knn', '-stop-loss-list=1.0', '-numeric-features=volume,quote_asset_volume,number_of_trades,taker_buy_base_asset_volume,taker_buy_quote_asset_volume', '-regression-PnL-list=72', '-regression-times-list=0', '-start-train-date=2023-01-01', '-start-test-date=2023-07-01']
2023-10-29 17:40:08;BNBUSDT;5m;knn;allknn;1.0;0;72;0.0133;0.5118;0.4303;0.4303;close,volume,ema_72p;;0.7;False;2023-01-01;2023-07-31 19:40:00;3;True;<< NOT SAVED >>;['-batch-training', '-calc-rsi', '-normalize', '-no-tune', '-n-jobs=20', '-symbol-list=BTCUSDT,ETHUSDT,BNBUSDT,XRPUSDT,ADAUSDT,DOGEUSDT,SOLUSDT,TRXUSDT,DOTUSDT,MATICUSDT,LTCUSDT,BCHUSDT,AVAXUSDT,XLMUSDT,LINKUSDT,XMRUSDT,UNIUSDT,ATOMUSDT', '-interval-list=5m', '-estimator-list=knn', '-stop-loss-list=1.0', '-numeric-features=close,volume,quote_asset_volume,number_of_trades', '-regression-PnL-list=72', '-regression-times-list=0', '-start-train-date=2023-01-01', '-start-test-date=2023-07-01']
2023-10-29 17:54:13;BNBUSDT;5m;knn;instancehardnessthreshold;1.0;0;72;0.034;0.4836;0.4318;0.4318;close,volume,quote_asset_volume,number_of_trades,ema_200p;;0.7;False;2023-01-01;2023-07-31 19:40:00;3;True;<< NOT SAVED >>;['-batch-training', '-calc-rsi', '-normalize', '-no-tune', '-n-jobs=20', '-symbol-list=BTCUSDT,ETHUSDT,BNBUSDT,XRPUSDT,ADAUSDT,DOGEUSDT,SOLUSDT,TRXUSDT,DOTUSDT,MATICUSDT,LTCUSDT,BCHUSDT,AVAXUSDT,XLMUSDT,LINKUSDT,XMRUSDT,UNIUSDT,ATOMUSDT', '-interval-list=5m', '-estimator-list=knn', '-stop-loss-list=1.0', '-numeric-features=close,volume,quote_asset_volume,number_of_trades', '-regression-PnL-list=72', '-regression-times-list=0', '-start-train-date=2023-01-01', '-start-test-date=2023-07-01']
2023-10-20 23:11:24;BNBUSDT;5m;knn;instancehardnessthreshold;1.0;0;72;0.1436;0.5575;0.4319;0.4319;quote_asset_volume,number_of_trades,ema_72p,ema_200p;;0.7;False;2023-01-01;2023-07-22 22:10:00;3;True;<< NOT SAVED >>;['-batch-training', '-calc-rsi', '-normalize', '-no-tune', '-n-jobs=20', '-symbol-list=BTCUSDT,ETHUSDT,BNBUSDT,XRPUSDT,ADAUSDT,DOGEUSDT,SOLUSDT,TRXUSDT,DOTUSDT,MATICUSDT,LTCUSDT,BCHUSDT,AVAXUSDT,XLMUSDT,LINKUSDT,XMRUSDT,UNIUSDT,ATOMUSDT', '-interval-list=5m', '-estimator-list=knn', '-stop-loss-list=1.0', '-numeric-features=volume,quote_asset_volume,number_of_trades,taker_buy_base_asset_volume,taker_buy_quote_asset_volume', '-regression-PnL-list=72', '-regression-times-list=0', '-start-train-date=2023-01-01', '-start-test-date=2023-07-01']
2023-10-20 22:37:50;BNBUSDT;5m;knn;repeatededitednearestneighbours;1.0;0;72;0.0032;0.5956;0.4338;0.4338;volume,number_of_trades,taker_buy_base_asset_volume;;0.7;False;2023-01-01;2023-07-22 22:10:00;3;True;<< NOT SAVED >>;['-batch-training', '-calc-rsi', '-normalize', '-no-tune', '-n-jobs=20', '-symbol-list=BTCUSDT,ETHUSDT,BNBUSDT,XRPUSDT,ADAUSDT,DOGEUSDT,SOLUSDT,TRXUSDT,DOTUSDT,MATICUSDT,LTCUSDT,BCHUSDT,AVAXUSDT,XLMUSDT,LINKUSDT,XMRUSDT,UNIUSDT,ATOMUSDT', '-interval-list=5m', '-estimator-list=knn', '-stop-loss-list=1.0', '-numeric-features=volume,quote_asset_volume,number_of_trades,taker_buy_base_asset_volume,taker_buy_quote_asset_volume', '-regression-PnL-list=72', '-regression-times-list=0', '-start-train-date=2023-01-01', '-start-test-date=2023-07-01']
2023-10-20 22:38:12;BNBUSDT;5m;knn;repeatededitednearestneighbours;1.0;0;72;0.0073;0.5768;0.4338;0.4338;volume,number_of_trades,taker_buy_quote_asset_volume;;0.7;False;2023-01-01;2023-07-22 22:10:00;3;True;<< NOT SAVED >>;['-batch-training', '-calc-rsi', '-normalize', '-no-tune', '-n-jobs=20', '-symbol-list=BTCUSDT,ETHUSDT,BNBUSDT,XRPUSDT,ADAUSDT,DOGEUSDT,SOLUSDT,TRXUSDT,DOTUSDT,MATICUSDT,LTCUSDT,BCHUSDT,AVAXUSDT,XLMUSDT,LINKUSDT,XMRUSDT,UNIUSDT,ATOMUSDT', '-interval-list=5m', '-estimator-list=knn', '-stop-loss-list=1.0', '-numeric-features=volume,quote_asset_volume,number_of_trades,taker_buy_base_asset_volume,taker_buy_quote_asset_volume', '-regression-PnL-list=72', '-regression-times-list=0', '-start-train-date=2023-01-01', '-start-test-date=2023-07-01']
2023-10-20 22:51:23;BNBUSDT;5m;knn;repeatededitednearestneighbours;1.0;0;72;0.0269;0.6155;0.435;0.435;number_of_trades,ema_72p,ema_200p;;0.7;False;2023-01-01;2023-07-22 22:10:00;3;True;<< NOT SAVED >>;['-batch-training', '-calc-rsi', '-normalize', '-no-tune', '-n-jobs=20', '-symbol-list=BTCUSDT,ETHUSDT,BNBUSDT,XRPUSDT,ADAUSDT,DOGEUSDT,SOLUSDT,TRXUSDT,DOTUSDT,MATICUSDT,LTCUSDT,BCHUSDT,AVAXUSDT,XLMUSDT,LINKUSDT,XMRUSDT,UNIUSDT,ATOMUSDT', '-interval-list=5m', '-estimator-list=knn', '-stop-loss-list=1.0', '-numeric-features=volume,quote_asset_volume,number_of_trades,taker_buy_base_asset_volume,taker_buy_quote_asset_volume', '-regression-PnL-list=72', '-regression-times-list=0', '-start-train-date=2023-01-01', '-start-test-date=2023-07-01']
2023-10-29 17:46:40;BNBUSDT;5m;knn;instancehardnessthreshold;1.0;0;72;0.0404;0.472;0.4351;0.4351;close,volume,number_of_trades,ema_72p;;0.7;False;2023-01-01;2023-07-31 19:40:00;3;True;<< NOT SAVED >>;['-batch-training', '-calc-rsi', '-normalize', '-no-tune', '-n-jobs=20', '-symbol-list=BTCUSDT,ETHUSDT,BNBUSDT,XRPUSDT,ADAUSDT,DOGEUSDT,SOLUSDT,TRXUSDT,DOTUSDT,MATICUSDT,LTCUSDT,BCHUSDT,AVAXUSDT,XLMUSDT,LINKUSDT,XMRUSDT,UNIUSDT,ATOMUSDT', '-interval-list=5m', '-estimator-list=knn', '-stop-loss-list=1.0', '-numeric-features=close,volume,quote_asset_volume,number_of_trades', '-regression-PnL-list=72', '-regression-times-list=0', '-start-train-date=2023-01-01', '-start-test-date=2023-07-01']
2023-10-29 17:36:25;BNBUSDT;5m;knn;allknn;1.0;0;72;0.0;0.4985;0.4357;0.4357;close;;0.7;False;2023-01-01;2023-07-31 19:40:00;3;True;<< NOT SAVED >>;['-batch-training', '-calc-rsi', '-normalize', '-no-tune', '-n-jobs=20', '-symbol-list=BTCUSDT,ETHUSDT,BNBUSDT,XRPUSDT,ADAUSDT,DOGEUSDT,SOLUSDT,TRXUSDT,DOTUSDT,MATICUSDT,LTCUSDT,BCHUSDT,AVAXUSDT,XLMUSDT,LINKUSDT,XMRUSDT,UNIUSDT,ATOMUSDT', '-interval-list=5m', '-estimator-list=knn', '-stop-loss-list=1.0', '-numeric-features=close,volume,quote_asset_volume,number_of_trades', '-regression-PnL-list=72', '-regression-times-list=0', '-start-train-date=2023-01-01', '-start-test-date=2023-07-01']
2023-10-29 17:36:19;BNBUSDT;5m;knn;repeatededitednearestneighbours;1.0;0;72;0.0;0.4973;0.4357;0.4357;close;;0.7;False;2023-01-01;2023-07-31 19:40:00;3;True;<< NOT SAVED >>;['-batch-training', '-calc-rsi', '-normalize', '-no-tune', '-n-jobs=20', '-symbol-list=BTCUSDT,ETHUSDT,BNBUSDT,XRPUSDT,ADAUSDT,DOGEUSDT,SOLUSDT,TRXUSDT,DOTUSDT,MATICUSDT,LTCUSDT,BCHUSDT,AVAXUSDT,XLMUSDT,LINKUSDT,XMRUSDT,UNIUSDT,ATOMUSDT', '-interval-list=5m', '-estimator-list=knn', '-stop-loss-list=1.0', '-numeric-features=close,volume,quote_asset_volume,number_of_trades', '-regression-PnL-list=72', '-regression-times-list=0', '-start-train-date=2023-01-01', '-start-test-date=2023-07-01']
2023-10-20 22:33:17;BNBUSDT;5m;knn;repeatededitednearestneighbours;1.0;0;72;0.0206;0.6035;0.4369;0.4369;taker_buy_base_asset_volume,ema_72p;;0.7;False;2023-01-01;2023-07-22 22:10:00;3;True;<< NOT SAVED >>;['-batch-training', '-calc-rsi', '-normalize', '-no-tune', '-n-jobs=20', '-symbol-list=BTCUSDT,ETHUSDT,BNBUSDT,XRPUSDT,ADAUSDT,DOGEUSDT,SOLUSDT,TRXUSDT,DOTUSDT,MATICUSDT,LTCUSDT,BCHUSDT,AVAXUSDT,XLMUSDT,LINKUSDT,XMRUSDT,UNIUSDT,ATOMUSDT', '-interval-list=5m', '-estimator-list=knn', '-stop-loss-list=1.0', '-numeric-features=volume,quote_asset_volume,number_of_trades,taker_buy_base_asset_volume,taker_buy_quote_asset_volume', '-regression-PnL-list=72', '-regression-times-list=0', '-start-train-date=2023-01-01', '-start-test-date=2023-07-01']
2023-10-20 22:29:47;BNBUSDT;5m;knn;repeatededitednearestneighbours;1.0;0;72;0.0086;0.589;0.4408;0.4408;quote_asset_volume,taker_buy_quote_asset_volume;;0.7;False;2023-01-01;2023-07-22 22:10:00;3;True;<< NOT SAVED >>;['-batch-training', '-calc-rsi', '-normalize', '-no-tune', '-n-jobs=20', '-symbol-list=BTCUSDT,ETHUSDT,BNBUSDT,XRPUSDT,ADAUSDT,DOGEUSDT,SOLUSDT,TRXUSDT,DOTUSDT,MATICUSDT,LTCUSDT,BCHUSDT,AVAXUSDT,XLMUSDT,LINKUSDT,XMRUSDT,UNIUSDT,ATOMUSDT', '-interval-list=5m', '-estimator-list=knn', '-stop-loss-list=1.0', '-numeric-features=volume,quote_asset_volume,number_of_trades,taker_buy_base_asset_volume,taker_buy_quote_asset_volume', '-regression-PnL-list=72', '-regression-times-list=0', '-start-train-date=2023-01-01', '-start-test-date=2023-07-01']
2023-10-29 17:45:27;BNBUSDT;5m;knn;instancehardnessthreshold;1.0;0;72;0.0784;0.4566;0.4413;0.4413;close,volume,quote_asset_volume,ema_72p;;0.7;False;2023-01-01;2023-07-31 19:40:00;3;True;<< NOT SAVED >>;['-batch-training', '-calc-rsi', '-normalize', '-no-tune', '-n-jobs=20', '-symbol-list=BTCUSDT,ETHUSDT,BNBUSDT,XRPUSDT,ADAUSDT,DOGEUSDT,SOLUSDT,TRXUSDT,DOTUSDT,MATICUSDT,LTCUSDT,BCHUSDT,AVAXUSDT,XLMUSDT,LINKUSDT,XMRUSDT,UNIUSDT,ATOMUSDT', '-interval-list=5m', '-estimator-list=knn', '-stop-loss-list=1.0', '-numeric-features=close,volume,quote_asset_volume,number_of_trades', '-regression-PnL-list=72', '-regression-times-list=0', '-start-train-date=2023-01-01', '-start-test-date=2023-07-01']
2023-10-29 17:41:30;BNBUSDT;5m;knn;instancehardnessthreshold;1.0;0;72;0.0623;0.472;0.4431;0.4431;close,quote_asset_volume,ema_72p;;0.7;False;2023-01-01;2023-07-31 19:40:00;3;True;<< NOT SAVED >>;['-batch-training', '-calc-rsi', '-normalize', '-no-tune', '-n-jobs=20', '-symbol-list=BTCUSDT,ETHUSDT,BNBUSDT,XRPUSDT,ADAUSDT,DOGEUSDT,SOLUSDT,TRXUSDT,DOTUSDT,MATICUSDT,LTCUSDT,BCHUSDT,AVAXUSDT,XLMUSDT,LINKUSDT,XMRUSDT,UNIUSDT,ATOMUSDT', '-interval-list=5m', '-estimator-list=knn', '-stop-loss-list=1.0', '-numeric-features=close,volume,quote_asset_volume,number_of_trades', '-regression-PnL-list=72', '-regression-times-list=0', '-start-train-date=2023-01-01', '-start-test-date=2023-07-01']
2023-10-29 17:47:07;BNBUSDT;5m;knn;instancehardnessthreshold;1.0;0;72;0.0205;0.4856;0.4437;0.4437;close,volume,number_of_trades,ema_200p;;0.7;False;2023-01-01;2023-07-31 19:40:00;3;True;<< NOT SAVED >>;['-batch-training', '-calc-rsi', '-normalize', '-no-tune', '-n-jobs=20', '-symbol-list=BTCUSDT,ETHUSDT,BNBUSDT,XRPUSDT,ADAUSDT,DOGEUSDT,SOLUSDT,TRXUSDT,DOTUSDT,MATICUSDT,LTCUSDT,BCHUSDT,AVAXUSDT,XLMUSDT,LINKUSDT,XMRUSDT,UNIUSDT,ATOMUSDT', '-interval-list=5m', '-estimator-list=knn', '-stop-loss-list=1.0', '-numeric-features=close,volume,quote_asset_volume,number_of_trades', '-regression-PnL-list=72', '-regression-times-list=0', '-start-train-date=2023-01-01', '-start-test-date=2023-07-01']
2023-10-29 17:43:04;BNBUSDT;5m;knn;instancehardnessthreshold;1.0;0;72;0.0257;0.4544;0.444;0.444;close,number_of_trades,ema_200p;;0.7;False;2023-01-01;2023-07-31 19:40:00;3;True;<< NOT SAVED >>;['-batch-training', '-calc-rsi', '-normalize', '-no-tune', '-n-jobs=20', '-symbol-list=BTCUSDT,ETHUSDT,BNBUSDT,XRPUSDT,ADAUSDT,DOGEUSDT,SOLUSDT,TRXUSDT,DOTUSDT,MATICUSDT,LTCUSDT,BCHUSDT,AVAXUSDT,XLMUSDT,LINKUSDT,XMRUSDT,UNIUSDT,ATOMUSDT', '-interval-list=5m', '-estimator-list=knn', '-stop-loss-list=1.0', '-numeric-features=close,volume,quote_asset_volume,number_of_trades', '-regression-PnL-list=72', '-regression-times-list=0', '-start-train-date=2023-01-01', '-start-test-date=2023-07-01']
2023-10-29 17:47:20;BNBUSDT;5m;knn;allknn;1.0;0;72;0.0043;0.4713;0.4449;0.4449;close,volume,number_of_trades,ema_200p;;0.7;False;2023-01-01;2023-07-31 19:40:00;3;True;<< NOT SAVED >>;['-batch-training', '-calc-rsi', '-normalize', '-no-tune', '-n-jobs=20', '-symbol-list=BTCUSDT,ETHUSDT,BNBUSDT,XRPUSDT,ADAUSDT,DOGEUSDT,SOLUSDT,TRXUSDT,DOTUSDT,MATICUSDT,LTCUSDT,BCHUSDT,AVAXUSDT,XLMUSDT,LINKUSDT,XMRUSDT,UNIUSDT,ATOMUSDT', '-interval-list=5m', '-estimator-list=knn', '-stop-loss-list=1.0', '-numeric-features=close,volume,quote_asset_volume,number_of_trades', '-regression-PnL-list=72', '-regression-times-list=0', '-start-train-date=2023-01-01', '-start-test-date=2023-07-01']
2023-10-20 23:08:06;BNBUSDT;5m;knn;repeatededitednearestneighbours;1.0;0;72;0.0038;0.5921;0.4454;0.4454;quote_asset_volume,number_of_trades,taker_buy_base_asset_volume,taker_buy_quote_asset_volume;;0.7;False;2023-01-01;2023-07-22 22:10:00;3;True;<< NOT SAVED >>;['-batch-training', '-calc-rsi', '-normalize', '-no-tune', '-n-jobs=20', '-symbol-list=BTCUSDT,ETHUSDT,BNBUSDT,XRPUSDT,ADAUSDT,DOGEUSDT,SOLUSDT,TRXUSDT,DOTUSDT,MATICUSDT,LTCUSDT,BCHUSDT,AVAXUSDT,XLMUSDT,LINKUSDT,XMRUSDT,UNIUSDT,ATOMUSDT', '-interval-list=5m', '-estimator-list=knn', '-stop-loss-list=1.0', '-numeric-features=volume,quote_asset_volume,number_of_trades,taker_buy_base_asset_volume,taker_buy_quote_asset_volume', '-regression-PnL-list=72', '-regression-times-list=0', '-start-train-date=2023-01-01', '-start-test-date=2023-07-01']
2023-10-29 17:49:33;BNBUSDT;5m;knn;allknn;1.0;0;72;0.0231;0.4612;0.4455;0.4455;close,quote_asset_volume,number_of_trades,ema_72p;;0.7;False;2023-01-01;2023-07-31 19:40:00;3;True;<< NOT SAVED >>;['-batch-training', '-calc-rsi', '-normalize', '-no-tune', '-n-jobs=20', '-symbol-list=BTCUSDT,ETHUSDT,BNBUSDT,XRPUSDT,ADAUSDT,DOGEUSDT,SOLUSDT,TRXUSDT,DOTUSDT,MATICUSDT,LTCUSDT,BCHUSDT,AVAXUSDT,XLMUSDT,LINKUSDT,XMRUSDT,UNIUSDT,ATOMUSDT', '-interval-list=5m', '-estimator-list=knn', '-stop-loss-list=1.0', '-numeric-features=close,volume,quote_asset_volume,number_of_trades', '-regression-PnL-list=72', '-regression-times-list=0', '-start-train-date=2023-01-01', '-start-test-date=2023-07-01']
2023-10-20 22:30:06;BNBUSDT;5m;knn;repeatededitednearestneighbours;1.0;0;72;0.0098;0.5866;0.4462;0.4462;quote_asset_volume,rsi;;0.7;False;2023-01-01;2023-07-22 22:10:00;3;True;<< NOT SAVED >>;['-batch-training', '-calc-rsi', '-normalize', '-no-tune', '-n-jobs=20', '-symbol-list=BTCUSDT,ETHUSDT,BNBUSDT,XRPUSDT,ADAUSDT,DOGEUSDT,SOLUSDT,TRXUSDT,DOTUSDT,MATICUSDT,LTCUSDT,BCHUSDT,AVAXUSDT,XLMUSDT,LINKUSDT,XMRUSDT,UNIUSDT,ATOMUSDT', '-interval-list=5m', '-estimator-list=knn', '-stop-loss-list=1.0', '-numeric-features=volume,quote_asset_volume,number_of_trades,taker_buy_base_asset_volume,taker_buy_quote_asset_volume', '-regression-PnL-list=72', '-regression-times-list=0', '-start-train-date=2023-01-01', '-start-test-date=2023-07-01']
2023-10-29 17:49:58;BNBUSDT;5m;knn;allknn;1.0;0;72;0.011;0.4709;0.4485;0.4485;close,quote_asset_volume,number_of_trades,ema_200p;;0.7;False;2023-01-01;2023-07-31 19:40:00;3;True;<< NOT SAVED >>;['-batch-training', '-calc-rsi', '-normalize', '-no-tune', '-n-jobs=20', '-symbol-list=BTCUSDT,ETHUSDT,BNBUSDT,XRPUSDT,ADAUSDT,DOGEUSDT,SOLUSDT,TRXUSDT,DOTUSDT,MATICUSDT,LTCUSDT,BCHUSDT,AVAXUSDT,XLMUSDT,LINKUSDT,XMRUSDT,UNIUSDT,ATOMUSDT', '-interval-list=5m', '-estimator-list=knn', '-stop-loss-list=1.0', '-numeric-features=close,volume,quote_asset_volume,number_of_trades', '-regression-PnL-list=72', '-regression-times-list=0', '-start-train-date=2023-01-01', '-start-test-date=2023-07-01']
2023-10-20 23:09:37;BNBUSDT;5m;knn;repeatededitednearestneighbours;1.0;0;72;0.0054;0.5899;0.4496;0.4496;quote_asset_volume,number_of_trades,taker_buy_quote_asset_volume,rsi;;0.7;False;2023-01-01;2023-07-22 22:10:00;3;True;<< NOT SAVED >>;['-batch-training', '-calc-rsi', '-normalize', '-no-tune', '-n-jobs=20', '-symbol-list=BTCUSDT,ETHUSDT,BNBUSDT,XRPUSDT,ADAUSDT,DOGEUSDT,SOLUSDT,TRXUSDT,DOTUSDT,MATICUSDT,LTCUSDT,BCHUSDT,AVAXUSDT,XLMUSDT,LINKUSDT,XMRUSDT,UNIUSDT,ATOMUSDT', '-interval-list=5m', '-estimator-list=knn', '-stop-loss-list=1.0', '-numeric-features=volume,quote_asset_volume,number_of_trades,taker_buy_base_asset_volume,taker_buy_quote_asset_volume', '-regression-PnL-list=72', '-regression-times-list=0', '-start-train-date=2023-01-01', '-start-test-date=2023-07-01']
2023-10-29 17:45:50;BNBUSDT;5m;knn;instancehardnessthreshold;1.0;0;72;0.0184;0.4526;0.4503;0.4503;close,volume,quote_asset_volume,ema_200p;;0.7;False;2023-01-01;2023-07-31 19:40:00;3;True;<< NOT SAVED >>;['-batch-training', '-calc-rsi', '-normalize', '-no-tune', '-n-jobs=20', '-symbol-list=BTCUSDT,ETHUSDT,BNBUSDT,XRPUSDT,ADAUSDT,DOGEUSDT,SOLUSDT,TRXUSDT,DOTUSDT,MATICUSDT,LTCUSDT,BCHUSDT,AVAXUSDT,XLMUSDT,LINKUSDT,XMRUSDT,UNIUSDT,ATOMUSDT', '-interval-list=5m', '-estimator-list=knn', '-stop-loss-list=1.0', '-numeric-features=close,volume,quote_asset_volume,number_of_trades', '-regression-PnL-list=72', '-regression-times-list=0', '-start-train-date=2023-01-01', '-start-test-date=2023-07-01']
2023-10-20 22:55:30;BNBUSDT;5m;knn;repeatededitednearestneighbours;1.0;0;72;0.006;0.5881;0.4508;0.4508;volume,quote_asset_volume,number_of_trades,taker_buy_quote_asset_volume;;0.7;False;2023-01-01;2023-07-22 22:10:00;3;True;<< NOT SAVED >>;['-batch-training', '-calc-rsi', '-normalize', '-no-tune', '-n-jobs=20', '-symbol-list=BTCUSDT,ETHUSDT,BNBUSDT,XRPUSDT,ADAUSDT,DOGEUSDT,SOLUSDT,TRXUSDT,DOTUSDT,MATICUSDT,LTCUSDT,BCHUSDT,AVAXUSDT,XLMUSDT,LINKUSDT,XMRUSDT,UNIUSDT,ATOMUSDT', '-interval-list=5m', '-estimator-list=knn', '-stop-loss-list=1.0', '-numeric-features=volume,quote_asset_volume,number_of_trades,taker_buy_base_asset_volume,taker_buy_quote_asset_volume', '-regression-PnL-list=72', '-regression-times-list=0', '-start-train-date=2023-01-01', '-start-test-date=2023-07-01']
2023-10-20 22:48:13;BNBUSDT;5m;knn;repeatededitednearestneighbours;1.0;0;72;0.0165;0.5695;0.4523;0.4523;number_of_trades,taker_buy_base_asset_volume,taker_buy_quote_asset_volume;;0.7;False;2023-01-01;2023-07-22 22:10:00;3;True;<< NOT SAVED >>;['-batch-training', '-calc-rsi', '-normalize', '-no-tune', '-n-jobs=20', '-symbol-list=BTCUSDT,ETHUSDT,BNBUSDT,XRPUSDT,ADAUSDT,DOGEUSDT,SOLUSDT,TRXUSDT,DOTUSDT,MATICUSDT,LTCUSDT,BCHUSDT,AVAXUSDT,XLMUSDT,LINKUSDT,XMRUSDT,UNIUSDT,ATOMUSDT', '-interval-list=5m', '-estimator-list=knn', '-stop-loss-list=1.0', '-numeric-features=volume,quote_asset_volume,number_of_trades,taker_buy_base_asset_volume,taker_buy_quote_asset_volume', '-regression-PnL-list=72', '-regression-times-list=0', '-start-train-date=2023-01-01', '-start-test-date=2023-07-01']
2023-10-20 22:29:27;BNBUSDT;5m;knn;repeatededitednearestneighbours;1.0;0;72;0.0057;0.5694;0.4531;0.4531;quote_asset_volume,taker_buy_base_asset_volume;;0.7;False;2023-01-01;2023-07-22 22:10:00;3;True;<< NOT SAVED >>;['-batch-training', '-calc-rsi', '-normalize', '-no-tune', '-n-jobs=20', '-symbol-list=BTCUSDT,ETHUSDT,BNBUSDT,XRPUSDT,ADAUSDT,DOGEUSDT,SOLUSDT,TRXUSDT,DOTUSDT,MATICUSDT,LTCUSDT,BCHUSDT,AVAXUSDT,XLMUSDT,LINKUSDT,XMRUSDT,UNIUSDT,ATOMUSDT', '-interval-list=5m', '-estimator-list=knn', '-stop-loss-list=1.0', '-numeric-features=volume,quote_asset_volume,number_of_trades,taker_buy_base_asset_volume,taker_buy_quote_asset_volume', '-regression-PnL-list=72', '-regression-times-list=0', '-start-train-date=2023-01-01', '-start-test-date=2023-07-01']
2023-10-29 17:51:35;BNBUSDT;5m;knn;repeatededitednearestneighbours;1.0;0;72;0.0228;0.4746;0.4544;0.4544;close,number_of_trades,rsi,ema_72p;;0.7;False;2023-01-01;2023-07-31 19:40:00;3;True;<< NOT SAVED >>;['-batch-training', '-calc-rsi', '-normalize', '-no-tune', '-n-jobs=20', '-symbol-list=BTCUSDT,ETHUSDT,BNBUSDT,XRPUSDT,ADAUSDT,DOGEUSDT,SOLUSDT,TRXUSDT,DOTUSDT,MATICUSDT,LTCUSDT,BCHUSDT,AVAXUSDT,XLMUSDT,LINKUSDT,XMRUSDT,UNIUSDT,ATOMUSDT', '-interval-list=5m', '-estimator-list=knn', '-stop-loss-list=1.0', '-numeric-features=close,volume,quote_asset_volume,number_of_trades', '-regression-PnL-list=72', '-regression-times-list=0', '-start-train-date=2023-01-01', '-start-test-date=2023-07-01']
2023-10-20 22:33:54;BNBUSDT;5m;knn;repeatededitednearestneighbours;1.0;0;72;0.0025;0.5713;0.4554;0.4554;taker_buy_quote_asset_volume,rsi;;0.7;False;2023-01-01;2023-07-22 22:10:00;3;True;<< NOT SAVED >>;['-batch-training', '-calc-rsi', '-normalize', '-no-tune', '-n-jobs=20', '-symbol-list=BTCUSDT,ETHUSDT,BNBUSDT,XRPUSDT,ADAUSDT,DOGEUSDT,SOLUSDT,TRXUSDT,DOTUSDT,MATICUSDT,LTCUSDT,BCHUSDT,AVAXUSDT,XLMUSDT,LINKUSDT,XMRUSDT,UNIUSDT,ATOMUSDT', '-interval-list=5m', '-estimator-list=knn', '-stop-loss-list=1.0', '-numeric-features=volume,quote_asset_volume,number_of_trades,taker_buy_base_asset_volume,taker_buy_quote_asset_volume', '-regression-PnL-list=72', '-regression-times-list=0', '-start-train-date=2023-01-01', '-start-test-date=2023-07-01']
2023-10-29 17:38:00;BNBUSDT;5m;knn;instancehardnessthreshold;1.0;0;72;0.0095;0.4534;0.4559;0.4559;close,ema_72p;;0.7;False;2023-01-01;2023-07-31 19:40:00;3;True;<< NOT SAVED >>;['-batch-training', '-calc-rsi', '-normalize', '-no-tune', '-n-jobs=20', '-symbol-list=BTCUSDT,ETHUSDT,BNBUSDT,XRPUSDT,ADAUSDT,DOGEUSDT,SOLUSDT,TRXUSDT,DOTUSDT,MATICUSDT,LTCUSDT,BCHUSDT,AVAXUSDT,XLMUSDT,LINKUSDT,XMRUSDT,UNIUSDT,ATOMUSDT', '-interval-list=5m', '-estimator-list=knn', '-stop-loss-list=1.0', '-numeric-features=close,volume,quote_asset_volume,number_of_trades', '-regression-PnL-list=72', '-regression-times-list=0', '-start-train-date=2023-01-01', '-start-test-date=2023-07-01']
2023-10-20 22:32:58;BNBUSDT;5m;knn;repeatededitednearestneighbours;1.0;0;72;0.0361;0.5778;0.4574;0.4574;taker_buy_base_asset_volume,rsi;;0.7;False;2023-01-01;2023-07-22 22:10:00;3;True;<< NOT SAVED >>;['-batch-training', '-calc-rsi', '-normalize', '-no-tune', '-n-jobs=20', '-symbol-list=BTCUSDT,ETHUSDT,BNBUSDT,XRPUSDT,ADAUSDT,DOGEUSDT,SOLUSDT,TRXUSDT,DOTUSDT,MATICUSDT,LTCUSDT,BCHUSDT,AVAXUSDT,XLMUSDT,LINKUSDT,XMRUSDT,UNIUSDT,ATOMUSDT', '-interval-list=5m', '-estimator-list=knn', '-stop-loss-list=1.0', '-numeric-features=volume,quote_asset_volume,number_of_trades,taker_buy_base_asset_volume,taker_buy_quote_asset_volume', '-regression-PnL-list=72', '-regression-times-list=0', '-start-train-date=2023-01-01', '-start-test-date=2023-07-01']
2023-10-29 17:49:19;BNBUSDT;5m;knn;instancehardnessthreshold;1.0;0;72;0.0337;0.4703;0.4586;0.4586;close,quote_asset_volume,number_of_trades,ema_72p;;0.7;False;2023-01-01;2023-07-31 19:40:00;3;True;<< NOT SAVED >>;['-batch-training', '-calc-rsi', '-normalize', '-no-tune', '-n-jobs=20', '-symbol-list=BTCUSDT,ETHUSDT,BNBUSDT,XRPUSDT,ADAUSDT,DOGEUSDT,SOLUSDT,TRXUSDT,DOTUSDT,MATICUSDT,LTCUSDT,BCHUSDT,AVAXUSDT,XLMUSDT,LINKUSDT,XMRUSDT,UNIUSDT,ATOMUSDT', '-interval-list=5m', '-estimator-list=knn', '-stop-loss-list=1.0', '-numeric-features=close,volume,quote_asset_volume,number_of_trades', '-regression-PnL-list=72', '-regression-times-list=0', '-start-train-date=2023-01-01', '-start-test-date=2023-07-01']
2023-10-29 17:39:57;BNBUSDT;5m;knn;instancehardnessthreshold;1.0;0;72;0.0602;0.4637;0.4598;0.4598;close,volume,ema_72p;;0.7;False;2023-01-01;2023-07-31 19:40:00;3;True;<< NOT SAVED >>;['-batch-training', '-calc-rsi', '-normalize', '-no-tune', '-n-jobs=20', '-symbol-list=BTCUSDT,ETHUSDT,BNBUSDT,XRPUSDT,ADAUSDT,DOGEUSDT,SOLUSDT,TRXUSDT,DOTUSDT,MATICUSDT,LTCUSDT,BCHUSDT,AVAXUSDT,XLMUSDT,LINKUSDT,XMRUSDT,UNIUSDT,ATOMUSDT', '-interval-list=5m', '-estimator-list=knn', '-stop-loss-list=1.0', '-numeric-features=close,volume,quote_asset_volume,number_of_trades', '-regression-PnL-list=72', '-regression-times-list=0', '-start-train-date=2023-01-01', '-start-test-date=2023-07-01']
2023-10-20 22:38:32;BNBUSDT;5m;knn;repeatededitednearestneighbours;1.0;0;72;0.0038;0.5719;0.4601;0.4601;volume,number_of_trades,rsi;;0.7;False;2023-01-01;2023-07-22 22:10:00;3;True;<< NOT SAVED >>;['-batch-training', '-calc-rsi', '-normalize', '-no-tune', '-n-jobs=20', '-symbol-list=BTCUSDT,ETHUSDT,BNBUSDT,XRPUSDT,ADAUSDT,DOGEUSDT,SOLUSDT,TRXUSDT,DOTUSDT,MATICUSDT,LTCUSDT,BCHUSDT,AVAXUSDT,XLMUSDT,LINKUSDT,XMRUSDT,UNIUSDT,ATOMUSDT', '-interval-list=5m', '-estimator-list=knn', '-stop-loss-list=1.0', '-numeric-features=volume,quote_asset_volume,number_of_trades,taker_buy_base_asset_volume,taker_buy_quote_asset_volume', '-regression-PnL-list=72', '-regression-times-list=0', '-start-train-date=2023-01-01', '-start-test-date=2023-07-01']
2023-10-29 17:37:01;BNBUSDT;5m;knn;repeatededitednearestneighbours;1.0;0;72;0.0;0.5251;0.4607;0.4607;close,quote_asset_volume;;0.7;False;2023-01-01;2023-07-31 19:40:00;3;True;<< NOT SAVED >>;['-batch-training', '-calc-rsi', '-normalize', '-no-tune', '-n-jobs=20', '-symbol-list=BTCUSDT,ETHUSDT,BNBUSDT,XRPUSDT,ADAUSDT,DOGEUSDT,SOLUSDT,TRXUSDT,DOTUSDT,MATICUSDT,LTCUSDT,BCHUSDT,AVAXUSDT,XLMUSDT,LINKUSDT,XMRUSDT,UNIUSDT,ATOMUSDT', '-interval-list=5m', '-estimator-list=knn', '-stop-loss-list=1.0', '-numeric-features=close,volume,quote_asset_volume,number_of_trades', '-regression-PnL-list=72', '-regression-times-list=0', '-start-train-date=2023-01-01', '-start-test-date=2023-07-01']
2023-10-20 22:36:27;BNBUSDT;5m;knn;repeatededitednearestneighbours;1.0;0;72;0.006;0.5757;0.4608;0.4608;volume,quote_asset_volume,taker_buy_quote_asset_volume;;0.7;False;2023-01-01;2023-07-22 22:10:00;3;True;<< NOT SAVED >>;['-batch-training', '-calc-rsi', '-normalize', '-no-tune', '-n-jobs=20', '-symbol-list=BTCUSDT,ETHUSDT,BNBUSDT,XRPUSDT,ADAUSDT,DOGEUSDT,SOLUSDT,TRXUSDT,DOTUSDT,MATICUSDT,LTCUSDT,BCHUSDT,AVAXUSDT,XLMUSDT,LINKUSDT,XMRUSDT,UNIUSDT,ATOMUSDT', '-interval-list=5m', '-estimator-list=knn', '-stop-loss-list=1.0', '-numeric-features=volume,quote_asset_volume,number_of_trades,taker_buy_base_asset_volume,taker_buy_quote_asset_volume', '-regression-PnL-list=72', '-regression-times-list=0', '-start-train-date=2023-01-01', '-start-test-date=2023-07-01']
2023-10-29 17:36:09;BNBUSDT;5m;knn;instancehardnessthreshold;1.0;0;72;0.0;0.4491;0.4613;0.4613;close;;0.7;False;2023-01-01;2023-07-31 19:40:00;3;True;<< NOT SAVED >>;['-batch-training', '-calc-rsi', '-normalize', '-no-tune', '-n-jobs=20', '-symbol-list=BTCUSDT,ETHUSDT,BNBUSDT,XRPUSDT,ADAUSDT,DOGEUSDT,SOLUSDT,TRXUSDT,DOTUSDT,MATICUSDT,LTCUSDT,BCHUSDT,AVAXUSDT,XLMUSDT,LINKUSDT,XMRUSDT,UNIUSDT,ATOMUSDT', '-interval-list=5m', '-estimator-list=knn', '-stop-loss-list=1.0', '-numeric-features=close,volume,quote_asset_volume,number_of_trades', '-regression-PnL-list=72', '-regression-times-list=0', '-start-train-date=2023-01-01', '-start-test-date=2023-07-01']
2023-10-20 22:44:48;BNBUSDT;5m;knn;repeatededitednearestneighbours;1.0;0;72;0.0048;0.5783;0.4624;0.4624;quote_asset_volume,taker_buy_base_asset_volume,taker_buy_quote_asset_volume;;0.7;False;2023-01-01;2023-07-22 22:10:00;3;True;<< NOT SAVED >>;['-batch-training', '-calc-rsi', '-normalize', '-no-tune', '-n-jobs=20', '-symbol-list=BTCUSDT,ETHUSDT,BNBUSDT,XRPUSDT,ADAUSDT,DOGEUSDT,SOLUSDT,TRXUSDT,DOTUSDT,MATICUSDT,LTCUSDT,BCHUSDT,AVAXUSDT,XLMUSDT,LINKUSDT,XMRUSDT,UNIUSDT,ATOMUSDT', '-interval-list=5m', '-estimator-list=knn', '-stop-loss-list=1.0', '-numeric-features=volume,quote_asset_volume,number_of_trades,taker_buy_base_asset_volume,taker_buy_quote_asset_volume', '-regression-PnL-list=72', '-regression-times-list=0', '-start-train-date=2023-01-01', '-start-test-date=2023-07-01']
2023-10-29 17:49:46;BNBUSDT;5m;knn;instancehardnessthreshold;1.0;0;72;0.0156;0.4651;0.4631;0.4631;close,quote_asset_volume,number_of_trades,ema_200p;;0.7;False;2023-01-01;2023-07-31 19:40:00;3;True;<< NOT SAVED >>;['-batch-training', '-calc-rsi', '-normalize', '-no-tune', '-n-jobs=20', '-symbol-list=BTCUSDT,ETHUSDT,BNBUSDT,XRPUSDT,ADAUSDT,DOGEUSDT,SOLUSDT,TRXUSDT,DOTUSDT,MATICUSDT,LTCUSDT,BCHUSDT,AVAXUSDT,XLMUSDT,LINKUSDT,XMRUSDT,UNIUSDT,ATOMUSDT', '-interval-list=5m', '-estimator-list=knn', '-stop-loss-list=1.0', '-numeric-features=close,volume,quote_asset_volume,number_of_trades', '-regression-PnL-list=72', '-regression-times-list=0', '-start-train-date=2023-01-01', '-start-test-date=2023-07-01']
2023-10-20 22:53:05;BNBUSDT;5m;knn;repeatededitednearestneighbours;1.0;0;72;0.0396;0.5414;0.4635;0.4635;taker_buy_base_asset_volume,rsi,ema_200p;;0.7;False;2023-01-01;2023-07-22 22:10:00;3;True;<< NOT SAVED >>;['-batch-training', '-calc-rsi', '-normalize', '-no-tune', '-n-jobs=20', '-symbol-list=BTCUSDT,ETHUSDT,BNBUSDT,XRPUSDT,ADAUSDT,DOGEUSDT,SOLUSDT,TRXUSDT,DOTUSDT,MATICUSDT,LTCUSDT,BCHUSDT,AVAXUSDT,XLMUSDT,LINKUSDT,XMRUSDT,UNIUSDT,ATOMUSDT', '-interval-list=5m', '-estimator-list=knn', '-stop-loss-list=1.0', '-numeric-features=volume,quote_asset_volume,number_of_trades,taker_buy_base_asset_volume,taker_buy_quote_asset_volume', '-regression-PnL-list=72', '-regression-times-list=0', '-start-train-date=2023-01-01', '-start-test-date=2023-07-01']
2023-10-20 22:28:49;BNBUSDT;5m;knn;repeatededitednearestneighbours;1.0;0;72;0.0447;0.5835;0.4662;0.4662;volume,ema_200p;;0.7;False;2023-01-01;2023-07-22 22:10:00;3;True;<< NOT SAVED >>;['-batch-training', '-calc-rsi', '-normalize', '-no-tune', '-n-jobs=20', '-symbol-list=BTCUSDT,ETHUSDT,BNBUSDT,XRPUSDT,ADAUSDT,DOGEUSDT,SOLUSDT,TRXUSDT,DOTUSDT,MATICUSDT,LTCUSDT,BCHUSDT,AVAXUSDT,XLMUSDT,LINKUSDT,XMRUSDT,UNIUSDT,ATOMUSDT', '-interval-list=5m', '-estimator-list=knn', '-stop-loss-list=1.0', '-numeric-features=volume,quote_asset_volume,number_of_trades,taker_buy_base_asset_volume,taker_buy_quote_asset_volume', '-regression-PnL-list=72', '-regression-times-list=0', '-start-train-date=2023-01-01', '-start-test-date=2023-07-01']
2023-10-29 17:41:52;BNBUSDT;5m;knn;instancehardnessthreshold;1.0;0;72;0.0187;0.4311;0.4663;0.4663;close,quote_asset_volume,ema_200p;;0.7;False;2023-01-01;2023-07-31 19:40:00;3;True;<< NOT SAVED >>;['-batch-training', '-calc-rsi', '-normalize', '-no-tune', '-n-jobs=20', '-symbol-list=BTCUSDT,ETHUSDT,BNBUSDT,XRPUSDT,ADAUSDT,DOGEUSDT,SOLUSDT,TRXUSDT,DOTUSDT,MATICUSDT,LTCUSDT,BCHUSDT,AVAXUSDT,XLMUSDT,LINKUSDT,XMRUSDT,UNIUSDT,ATOMUSDT', '-interval-list=5m', '-estimator-list=knn', '-stop-loss-list=1.0', '-numeric-features=close,volume,quote_asset_volume,number_of_trades', '-regression-PnL-list=72', '-regression-times-list=0', '-start-train-date=2023-01-01', '-start-test-date=2023-07-01']
2023-10-29 17:36:40;BNBUSDT;5m;knn;repeatededitednearestneighbours;1.0;0;72;0.0089;0.5216;0.4669;0.4669;close,volume;;0.7;False;2023-01-01;2023-07-31 19:40:00;3;True;<< NOT SAVED >>;['-batch-training', '-calc-rsi', '-normalize', '-no-tune', '-n-jobs=20', '-symbol-list=BTCUSDT,ETHUSDT,BNBUSDT,XRPUSDT,ADAUSDT,DOGEUSDT,SOLUSDT,TRXUSDT,DOTUSDT,MATICUSDT,LTCUSDT,BCHUSDT,AVAXUSDT,XLMUSDT,LINKUSDT,XMRUSDT,UNIUSDT,ATOMUSDT', '-interval-list=5m', '-estimator-list=knn', '-stop-loss-list=1.0', '-numeric-features=close,volume,quote_asset_volume,number_of_trades', '-regression-PnL-list=72', '-regression-times-list=0', '-start-train-date=2023-01-01', '-start-test-date=2023-07-01']
2023-10-29 17:45:37;BNBUSDT;5m;knn;allknn;1.0;0;72;0.0395;0.4378;0.4678;0.4678;close,volume,quote_asset_volume,ema_72p;;0.7;False;2023-01-01;2023-07-31 19:40:00;3;True;<< NOT SAVED >>;['-batch-training', '-calc-rsi', '-normalize', '-no-tune', '-n-jobs=20', '-symbol-list=BTCUSDT,ETHUSDT,BNBUSDT,XRPUSDT,ADAUSDT,DOGEUSDT,SOLUSDT,TRXUSDT,DOTUSDT,MATICUSDT,LTCUSDT,BCHUSDT,AVAXUSDT,XLMUSDT,LINKUSDT,XMRUSDT,UNIUSDT,ATOMUSDT', '-interval-list=5m', '-estimator-list=knn', '-stop-loss-list=1.0', '-numeric-features=close,volume,quote_asset_volume,number_of_trades', '-regression-PnL-list=72', '-regression-times-list=0', '-start-train-date=2023-01-01', '-start-test-date=2023-07-01']
2023-10-29 17:46:00;BNBUSDT;5m;knn;allknn;1.0;0;72;0.0029;0.4626;0.4696;0.4696;close,volume,quote_asset_volume,ema_200p;;0.7;False;2023-01-01;2023-07-31 19:40:00;3;True;<< NOT SAVED >>;['-batch-training', '-calc-rsi', '-normalize', '-no-tune', '-n-jobs=20', '-symbol-list=BTCUSDT,ETHUSDT,BNBUSDT,XRPUSDT,ADAUSDT,DOGEUSDT,SOLUSDT,TRXUSDT,DOTUSDT,MATICUSDT,LTCUSDT,BCHUSDT,AVAXUSDT,XLMUSDT,LINKUSDT,XMRUSDT,UNIUSDT,ATOMUSDT', '-interval-list=5m', '-estimator-list=knn', '-stop-loss-list=1.0', '-numeric-features=close,volume,quote_asset_volume,number_of_trades', '-regression-PnL-list=72', '-regression-times-list=0', '-start-train-date=2023-01-01', '-start-test-date=2023-07-01']
2023-10-20 23:21:04;BNBUSDT;5m;knn;repeatededitednearestneighbours;1.0;0;72;0.0044;0.576;0.4697;0.4697;volume,quote_asset_volume,number_of_trades,taker_buy_base_asset_volume,taker_buy_quote_asset_volume;;0.7;False;2023-01-01;2023-07-22 22:10:00;3;True;<< NOT SAVED >>;['-batch-training', '-calc-rsi', '-normalize', '-no-tune', '-n-jobs=20', '-symbol-list=BTCUSDT,ETHUSDT,BNBUSDT,XRPUSDT,ADAUSDT,DOGEUSDT,SOLUSDT,TRXUSDT,DOTUSDT,MATICUSDT,LTCUSDT,BCHUSDT,AVAXUSDT,XLMUSDT,LINKUSDT,XMRUSDT,UNIUSDT,ATOMUSDT', '-interval-list=5m', '-estimator-list=knn', '-stop-loss-list=1.0', '-numeric-features=volume,quote_asset_volume,number_of_trades,taker_buy_base_asset_volume,taker_buy_quote_asset_volume', '-regression-PnL-list=72', '-regression-times-list=0', '-start-train-date=2023-01-01', '-start-test-date=2023-07-01']
2023-10-29 17:53:23;BNBUSDT;5m;knn;repeatededitednearestneighbours;1.0;0;72;0.004;0.5407;0.4708;0.4708;close,volume,quote_asset_volume,number_of_trades,rsi;;0.7;False;2023-01-01;2023-07-31 19:40:00;3;True;<< NOT SAVED >>;['-batch-training', '-calc-rsi', '-normalize', '-no-tune', '-n-jobs=20', '-symbol-list=BTCUSDT,ETHUSDT,BNBUSDT,XRPUSDT,ADAUSDT,DOGEUSDT,SOLUSDT,TRXUSDT,DOTUSDT,MATICUSDT,LTCUSDT,BCHUSDT,AVAXUSDT,XLMUSDT,LINKUSDT,XMRUSDT,UNIUSDT,ATOMUSDT', '-interval-list=5m', '-estimator-list=knn', '-stop-loss-list=1.0', '-numeric-features=close,volume,quote_asset_volume,number_of_trades', '-regression-PnL-list=72', '-regression-times-list=0', '-start-train-date=2023-01-01', '-start-test-date=2023-07-01']
2023-10-20 22:28:31;BNBUSDT;5m;knn;repeatededitednearestneighbours;1.0;0;72;0.0317;0.588;0.4709;0.4709;volume,ema_72p;;0.7;False;2023-01-01;2023-07-22 22:10:00;3;True;<< NOT SAVED >>;['-batch-training', '-calc-rsi', '-normalize', '-no-tune', '-n-jobs=20', '-symbol-list=BTCUSDT,ETHUSDT,BNBUSDT,XRPUSDT,ADAUSDT,DOGEUSDT,SOLUSDT,TRXUSDT,DOTUSDT,MATICUSDT,LTCUSDT,BCHUSDT,AVAXUSDT,XLMUSDT,LINKUSDT,XMRUSDT,UNIUSDT,ATOMUSDT', '-interval-list=5m', '-estimator-list=knn', '-stop-loss-list=1.0', '-numeric-features=volume,quote_asset_volume,number_of_trades,taker_buy_base_asset_volume,taker_buy_quote_asset_volume', '-regression-PnL-list=72', '-regression-times-list=0', '-start-train-date=2023-01-01', '-start-test-date=2023-07-01']
2023-10-20 23:00:59;BNBUSDT;5m;knn;repeatededitednearestneighbours;1.0;0;72;0.0044;0.5649;0.4712;0.4712;volume,number_of_trades,taker_buy_base_asset_volume,rsi;;0.7;False;2023-01-01;2023-07-22 22:10:00;3;True;<< NOT SAVED >>;['-batch-training', '-calc-rsi', '-normalize', '-no-tune', '-n-jobs=20', '-symbol-list=BTCUSDT,ETHUSDT,BNBUSDT,XRPUSDT,ADAUSDT,DOGEUSDT,SOLUSDT,TRXUSDT,DOTUSDT,MATICUSDT,LTCUSDT,BCHUSDT,AVAXUSDT,XLMUSDT,LINKUSDT,XMRUSDT,UNIUSDT,ATOMUSDT', '-interval-list=5m', '-estimator-list=knn', '-stop-loss-list=1.0', '-numeric-features=volume,quote_asset_volume,number_of_trades,taker_buy_base_asset_volume,taker_buy_quote_asset_volume', '-regression-PnL-list=72', '-regression-times-list=0', '-start-train-date=2023-01-01', '-start-test-date=2023-07-01']
2023-10-20 23:34:55;BNBUSDT;5m;knn;repeatededitednearestneighbours;1.0;0;72;0.0051;0.5781;0.4716;0.4716;quote_asset_volume,number_of_trades,taker_buy_base_asset_volume,taker_buy_quote_asset_volume,rsi;;0.7;False;2023-01-01;2023-07-22 22:10:00;3;True;<< NOT SAVED >>;['-batch-training', '-calc-rsi', '-normalize', '-no-tune', '-n-jobs=20', '-symbol-list=BTCUSDT,ETHUSDT,BNBUSDT,XRPUSDT,ADAUSDT,DOGEUSDT,SOLUSDT,TRXUSDT,DOTUSDT,MATICUSDT,LTCUSDT,BCHUSDT,AVAXUSDT,XLMUSDT,LINKUSDT,XMRUSDT,UNIUSDT,ATOMUSDT', '-interval-list=5m', '-estimator-list=knn', '-stop-loss-list=1.0', '-numeric-features=volume,quote_asset_volume,number_of_trades,taker_buy_base_asset_volume,taker_buy_quote_asset_volume', '-regression-PnL-list=72', '-regression-times-list=0', '-start-train-date=2023-01-01', '-start-test-date=2023-07-01']
2023-10-20 22:46:13;BNBUSDT;5m;knn;repeatededitednearestneighbours;1.0;0;72;0.0051;0.5723;0.4732;0.4732;quote_asset_volume,taker_buy_quote_asset_volume,rsi;;0.7;False;2023-01-01;2023-07-22 22:10:00;3;True;<< NOT SAVED >>;['-batch-training', '-calc-rsi', '-normalize', '-no-tune', '-n-jobs=20', '-symbol-list=BTCUSDT,ETHUSDT,BNBUSDT,XRPUSDT,ADAUSDT,DOGEUSDT,SOLUSDT,TRXUSDT,DOTUSDT,MATICUSDT,LTCUSDT,BCHUSDT,AVAXUSDT,XLMUSDT,LINKUSDT,XMRUSDT,UNIUSDT,ATOMUSDT', '-interval-list=5m', '-estimator-list=knn', '-stop-loss-list=1.0', '-numeric-features=volume,quote_asset_volume,number_of_trades,taker_buy_base_asset_volume,taker_buy_quote_asset_volume', '-regression-PnL-list=72', '-regression-times-list=0', '-start-train-date=2023-01-01', '-start-test-date=2023-07-01']
2023-10-29 17:43:11;BNBUSDT;5m;knn;repeatededitednearestneighbours;1.0;0;72;0.0;0.4794;0.4738;0.4738;close,number_of_trades,ema_200p;;0.7;False;2023-01-01;2023-07-31 19:40:00;3;True;<< NOT SAVED >>;['-batch-training', '-calc-rsi', '-normalize', '-no-tune', '-n-jobs=20', '-symbol-list=BTCUSDT,ETHUSDT,BNBUSDT,XRPUSDT,ADAUSDT,DOGEUSDT,SOLUSDT,TRXUSDT,DOTUSDT,MATICUSDT,LTCUSDT,BCHUSDT,AVAXUSDT,XLMUSDT,LINKUSDT,XMRUSDT,UNIUSDT,ATOMUSDT', '-interval-list=5m', '-estimator-list=knn', '-stop-loss-list=1.0', '-numeric-features=close,volume,quote_asset_volume,number_of_trades', '-regression-PnL-list=72', '-regression-times-list=0', '-start-train-date=2023-01-01', '-start-test-date=2023-07-01']
2023-10-20 23:00:35;BNBUSDT;5m;knn;repeatededitednearestneighbours;1.0;0;72;0.0193;0.542;0.4747;0.4747;volume,number_of_trades,taker_buy_base_asset_volume,taker_buy_quote_asset_volume;;0.7;False;2023-01-01;2023-07-22 22:10:00;3;True;<< NOT SAVED >>;['-batch-training', '-calc-rsi', '-normalize', '-no-tune', '-n-jobs=20', '-symbol-list=BTCUSDT,ETHUSDT,BNBUSDT,XRPUSDT,ADAUSDT,DOGEUSDT,SOLUSDT,TRXUSDT,DOTUSDT,MATICUSDT,LTCUSDT,BCHUSDT,AVAXUSDT,XLMUSDT,LINKUSDT,XMRUSDT,UNIUSDT,ATOMUSDT', '-interval-list=5m', '-estimator-list=knn', '-stop-loss-list=1.0', '-numeric-features=volume,quote_asset_volume,number_of_trades,taker_buy_base_asset_volume,taker_buy_quote_asset_volume', '-regression-PnL-list=72', '-regression-times-list=0', '-start-train-date=2023-01-01', '-start-test-date=2023-07-01']
2023-10-29 17:52:05;BNBUSDT;5m;knn;repeatededitednearestneighbours;1.0;0;72;0.0037;0.4725;0.4759;0.4759;close,number_of_trades,rsi,ema_200p;;0.7;False;2023-01-01;2023-07-31 19:40:00;3;True;<< NOT SAVED >>;['-batch-training', '-calc-rsi', '-normalize', '-no-tune', '-n-jobs=20', '-symbol-list=BTCUSDT,ETHUSDT,BNBUSDT,XRPUSDT,ADAUSDT,DOGEUSDT,SOLUSDT,TRXUSDT,DOTUSDT,MATICUSDT,LTCUSDT,BCHUSDT,AVAXUSDT,XLMUSDT,LINKUSDT,XMRUSDT,UNIUSDT,ATOMUSDT', '-interval-list=5m', '-estimator-list=knn', '-stop-loss-list=1.0', '-numeric-features=close,volume,quote_asset_volume,number_of_trades', '-regression-PnL-list=72', '-regression-times-list=0', '-start-train-date=2023-01-01', '-start-test-date=2023-07-01']
2023-10-20 23:11:07;BNBUSDT;5m;knn;repeatededitednearestneighbours;1.0;0;72;0.0041;0.5672;0.4766;0.4766;quote_asset_volume,number_of_trades,rsi,ema_200p;;0.7;False;2023-01-01;2023-07-22 22:10:00;3;True;<< NOT SAVED >>;['-batch-training', '-calc-rsi', '-normalize', '-no-tune', '-n-jobs=20', '-symbol-list=BTCUSDT,ETHUSDT,BNBUSDT,XRPUSDT,ADAUSDT,DOGEUSDT,SOLUSDT,TRXUSDT,DOTUSDT,MATICUSDT,LTCUSDT,BCHUSDT,AVAXUSDT,XLMUSDT,LINKUSDT,XMRUSDT,UNIUSDT,ATOMUSDT', '-interval-list=5m', '-estimator-list=knn', '-stop-loss-list=1.0', '-numeric-features=volume,quote_asset_volume,number_of_trades,taker_buy_base_asset_volume,taker_buy_quote_asset_volume', '-regression-PnL-list=72', '-regression-times-list=0', '-start-train-date=2023-01-01', '-start-test-date=2023-07-01']
2023-10-20 23:02:07;BNBUSDT;5m;knn;repeatededitednearestneighbours;1.0;0;72;0.0041;0.5425;0.4766;0.4766;volume,number_of_trades,taker_buy_quote_asset_volume,rsi;;0.7;False;2023-01-01;2023-07-22 22:10:00;3;True;<< NOT SAVED >>;['-batch-training', '-calc-rsi', '-normalize', '-no-tune', '-n-jobs=20', '-symbol-list=BTCUSDT,ETHUSDT,BNBUSDT,XRPUSDT,ADAUSDT,DOGEUSDT,SOLUSDT,TRXUSDT,DOTUSDT,MATICUSDT,LTCUSDT,BCHUSDT,AVAXUSDT,XLMUSDT,LINKUSDT,XMRUSDT,UNIUSDT,ATOMUSDT', '-interval-list=5m', '-estimator-list=knn', '-stop-loss-list=1.0', '-numeric-features=volume,quote_asset_volume,number_of_trades,taker_buy_base_asset_volume,taker_buy_quote_asset_volume', '-regression-PnL-list=72', '-regression-times-list=0', '-start-train-date=2023-01-01', '-start-test-date=2023-07-01']
2023-10-20 22:28:12;BNBUSDT;5m;knn;repeatededitednearestneighbours;1.0;0;72;0.0606;0.5593;0.4778;0.4778;volume,rsi;;0.7;False;2023-01-01;2023-07-22 22:10:00;3;True;<< NOT SAVED >>;['-batch-training', '-calc-rsi', '-normalize', '-no-tune', '-n-jobs=20', '-symbol-list=BTCUSDT,ETHUSDT,BNBUSDT,XRPUSDT,ADAUSDT,DOGEUSDT,SOLUSDT,TRXUSDT,DOTUSDT,MATICUSDT,LTCUSDT,BCHUSDT,AVAXUSDT,XLMUSDT,LINKUSDT,XMRUSDT,UNIUSDT,ATOMUSDT', '-interval-list=5m', '-estimator-list=knn', '-stop-loss-list=1.0', '-numeric-features=volume,quote_asset_volume,number_of_trades,taker_buy_base_asset_volume,taker_buy_quote_asset_volume', '-regression-PnL-list=72', '-regression-times-list=0', '-start-train-date=2023-01-01', '-start-test-date=2023-07-01']
2023-10-29 17:38:22;BNBUSDT;5m;knn;instancehardnessthreshold;1.0;0;72;0.0;0.3803;0.4786;0.4786;close,ema_200p;;0.7;False;2023-01-01;2023-07-31 19:40:00;3;True;<< NOT SAVED >>;['-batch-training', '-calc-rsi', '-normalize', '-no-tune', '-n-jobs=20', '-symbol-list=BTCUSDT,ETHUSDT,BNBUSDT,XRPUSDT,ADAUSDT,DOGEUSDT,SOLUSDT,TRXUSDT,DOTUSDT,MATICUSDT,LTCUSDT,BCHUSDT,AVAXUSDT,XLMUSDT,LINKUSDT,XMRUSDT,UNIUSDT,ATOMUSDT', '-interval-list=5m', '-estimator-list=knn', '-stop-loss-list=1.0', '-numeric-features=close,volume,quote_asset_volume,number_of_trades', '-regression-PnL-list=72', '-regression-times-list=0', '-start-train-date=2023-01-01', '-start-test-date=2023-07-01']
2023-10-20 22:49:17;BNBUSDT;5m;knn;repeatededitednearestneighbours;1.0;0;72;0.0235;0.5697;0.479;0.479;number_of_trades,taker_buy_base_asset_volume,ema_200p;;0.7;False;2023-01-01;2023-07-22 22:10:00;3;True;<< NOT SAVED >>;['-batch-training', '-calc-rsi', '-normalize', '-no-tune', '-n-jobs=20', '-symbol-list=BTCUSDT,ETHUSDT,BNBUSDT,XRPUSDT,ADAUSDT,DOGEUSDT,SOLUSDT,TRXUSDT,DOTUSDT,MATICUSDT,LTCUSDT,BCHUSDT,AVAXUSDT,XLMUSDT,LINKUSDT,XMRUSDT,UNIUSDT,ATOMUSDT', '-interval-list=5m', '-estimator-list=knn', '-stop-loss-list=1.0', '-numeric-features=volume,quote_asset_volume,number_of_trades,taker_buy_base_asset_volume,taker_buy_quote_asset_volume', '-regression-PnL-list=72', '-regression-times-list=0', '-start-train-date=2023-01-01', '-start-test-date=2023-07-01']
2023-10-20 23:22:43;BNBUSDT;5m;knn;repeatededitednearestneighbours;1.0;0;72;0.007;0.5756;0.4794;0.4794;volume,quote_asset_volume,number_of_trades,taker_buy_quote_asset_volume,rsi;;0.7;False;2023-01-01;2023-07-22 22:10:00;3;True;<< NOT SAVED >>;['-batch-training', '-calc-rsi', '-normalize', '-no-tune', '-n-jobs=20', '-symbol-list=BTCUSDT,ETHUSDT,BNBUSDT,XRPUSDT,ADAUSDT,DOGEUSDT,SOLUSDT,TRXUSDT,DOTUSDT,MATICUSDT,LTCUSDT,BCHUSDT,AVAXUSDT,XLMUSDT,LINKUSDT,XMRUSDT,UNIUSDT,ATOMUSDT', '-interval-list=5m', '-estimator-list=knn', '-stop-loss-list=1.0', '-numeric-features=volume,quote_asset_volume,number_of_trades,taker_buy_base_asset_volume,taker_buy_quote_asset_volume', '-regression-PnL-list=72', '-regression-times-list=0', '-start-train-date=2023-01-01', '-start-test-date=2023-07-01']
2023-10-20 22:52:44;BNBUSDT;5m;knn;repeatededitednearestneighbours;1.0;0;72;0.032;0.541;0.4805;0.4805;taker_buy_base_asset_volume,rsi,ema_72p;;0.7;False;2023-01-01;2023-07-22 22:10:00;3;True;<< NOT SAVED >>;['-batch-training', '-calc-rsi', '-normalize', '-no-tune', '-n-jobs=20', '-symbol-list=BTCUSDT,ETHUSDT,BNBUSDT,XRPUSDT,ADAUSDT,DOGEUSDT,SOLUSDT,TRXUSDT,DOTUSDT,MATICUSDT,LTCUSDT,BCHUSDT,AVAXUSDT,XLMUSDT,LINKUSDT,XMRUSDT,UNIUSDT,ATOMUSDT', '-interval-list=5m', '-estimator-list=knn', '-stop-loss-list=1.0', '-numeric-features=volume,quote_asset_volume,number_of_trades,taker_buy_base_asset_volume,taker_buy_quote_asset_volume', '-regression-PnL-list=72', '-regression-times-list=0', '-start-train-date=2023-01-01', '-start-test-date=2023-07-01']
2023-10-20 22:53:25;BNBUSDT;5m;knn;repeatededitednearestneighbours;1.0;0;72;0.019;0.5596;0.4821;0.4821;taker_buy_base_asset_volume,ema_72p,ema_200p;;0.7;False;2023-01-01;2023-07-22 22:10:00;3;True;<< NOT SAVED >>;['-batch-training', '-calc-rsi', '-normalize', '-no-tune', '-n-jobs=20', '-symbol-list=BTCUSDT,ETHUSDT,BNBUSDT,XRPUSDT,ADAUSDT,DOGEUSDT,SOLUSDT,TRXUSDT,DOTUSDT,MATICUSDT,LTCUSDT,BCHUSDT,AVAXUSDT,XLMUSDT,LINKUSDT,XMRUSDT,UNIUSDT,ATOMUSDT', '-interval-list=5m', '-estimator-list=knn', '-stop-loss-list=1.0', '-numeric-features=volume,quote_asset_volume,number_of_trades,taker_buy_base_asset_volume,taker_buy_quote_asset_volume', '-regression-PnL-list=72', '-regression-times-list=0', '-start-train-date=2023-01-01', '-start-test-date=2023-07-01']
2023-10-20 22:56:58;BNBUSDT;5m;knn;repeatededitednearestneighbours;1.0;0;72;0.0025;0.5672;0.4821;0.4821;volume,quote_asset_volume,taker_buy_base_asset_volume,taker_buy_quote_asset_volume;;0.7;False;2023-01-01;2023-07-22 22:10:00;3;True;<< NOT SAVED >>;['-batch-training', '-calc-rsi', '-normalize', '-no-tune', '-n-jobs=20', '-symbol-list=BTCUSDT,ETHUSDT,BNBUSDT,XRPUSDT,ADAUSDT,DOGEUSDT,SOLUSDT,TRXUSDT,DOTUSDT,MATICUSDT,LTCUSDT,BCHUSDT,AVAXUSDT,XLMUSDT,LINKUSDT,XMRUSDT,UNIUSDT,ATOMUSDT', '-interval-list=5m', '-estimator-list=knn', '-stop-loss-list=1.0', '-numeric-features=volume,quote_asset_volume,number_of_trades,taker_buy_base_asset_volume,taker_buy_quote_asset_volume', '-regression-PnL-list=72', '-regression-times-list=0', '-start-train-date=2023-01-01', '-start-test-date=2023-07-01']
2023-10-20 22:27:53;BNBUSDT;5m;knn;repeatededitednearestneighbours;1.0;0;72;0.0086;0.5586;0.4821;0.4821;volume,taker_buy_quote_asset_volume;;0.7;False;2023-01-01;2023-07-22 22:10:00;3;True;<< NOT SAVED >>;['-batch-training', '-calc-rsi', '-normalize', '-no-tune', '-n-jobs=20', '-symbol-list=BTCUSDT,ETHUSDT,BNBUSDT,XRPUSDT,ADAUSDT,DOGEUSDT,SOLUSDT,TRXUSDT,DOTUSDT,MATICUSDT,LTCUSDT,BCHUSDT,AVAXUSDT,XLMUSDT,LINKUSDT,XMRUSDT,UNIUSDT,ATOMUSDT', '-interval-list=5m', '-estimator-list=knn', '-stop-loss-list=1.0', '-numeric-features=volume,quote_asset_volume,number_of_trades,taker_buy_base_asset_volume,taker_buy_quote_asset_volume', '-regression-PnL-list=72', '-regression-times-list=0', '-start-train-date=2023-01-01', '-start-test-date=2023-07-01']
2023-10-20 22:44:08;BNBUSDT;5m;knn;repeatededitednearestneighbours;1.0;0;72;0.0067;0.5815;0.4821;0.4821;quote_asset_volume,number_of_trades,ema_72p;;0.7;False;2023-01-01;2023-07-22 22:10:00;3;True;<< NOT SAVED >>;['-batch-training', '-calc-rsi', '-normalize', '-no-tune', '-n-jobs=20', '-symbol-list=BTCUSDT,ETHUSDT,BNBUSDT,XRPUSDT,ADAUSDT,DOGEUSDT,SOLUSDT,TRXUSDT,DOTUSDT,MATICUSDT,LTCUSDT,BCHUSDT,AVAXUSDT,XLMUSDT,LINKUSDT,XMRUSDT,UNIUSDT,ATOMUSDT', '-interval-list=5m', '-estimator-list=knn', '-stop-loss-list=1.0', '-numeric-features=volume,quote_asset_volume,number_of_trades,taker_buy_base_asset_volume,taker_buy_quote_asset_volume', '-regression-PnL-list=72', '-regression-times-list=0', '-start-train-date=2023-01-01', '-start-test-date=2023-07-01']
2023-10-20 22:44:28;BNBUSDT;5m;knn;repeatededitednearestneighbours;1.0;0;72;0.0067;0.5874;0.4828;0.4828;quote_asset_volume,number_of_trades,ema_200p;;0.7;False;2023-01-01;2023-07-22 22:10:00;3;True;<< NOT SAVED >>;['-batch-training', '-calc-rsi', '-normalize', '-no-tune', '-n-jobs=20', '-symbol-list=BTCUSDT,ETHUSDT,BNBUSDT,XRPUSDT,ADAUSDT,DOGEUSDT,SOLUSDT,TRXUSDT,DOTUSDT,MATICUSDT,LTCUSDT,BCHUSDT,AVAXUSDT,XLMUSDT,LINKUSDT,XMRUSDT,UNIUSDT,ATOMUSDT', '-interval-list=5m', '-estimator-list=knn', '-stop-loss-list=1.0', '-numeric-features=volume,quote_asset_volume,number_of_trades,taker_buy_base_asset_volume,taker_buy_quote_asset_volume', '-regression-PnL-list=72', '-regression-times-list=0', '-start-train-date=2023-01-01', '-start-test-date=2023-07-01']
2023-10-20 22:50:18;BNBUSDT;5m;knn;repeatededitednearestneighbours;1.0;0;72;0.0101;0.5784;0.4832;0.4832;number_of_trades,taker_buy_quote_asset_volume,ema_200p;;0.7;False;2023-01-01;2023-07-22 22:10:00;3;True;<< NOT SAVED >>;['-batch-training', '-calc-rsi', '-normalize', '-no-tune', '-n-jobs=20', '-symbol-list=BTCUSDT,ETHUSDT,BNBUSDT,XRPUSDT,ADAUSDT,DOGEUSDT,SOLUSDT,TRXUSDT,DOTUSDT,MATICUSDT,LTCUSDT,BCHUSDT,AVAXUSDT,XLMUSDT,LINKUSDT,XMRUSDT,UNIUSDT,ATOMUSDT', '-interval-list=5m', '-estimator-list=knn', '-stop-loss-list=1.0', '-numeric-features=volume,quote_asset_volume,number_of_trades,taker_buy_base_asset_volume,taker_buy_quote_asset_volume', '-regression-PnL-list=72', '-regression-times-list=0', '-start-train-date=2023-01-01', '-start-test-date=2023-07-01']
2023-10-29 17:42:46;BNBUSDT;5m;knn;repeatededitednearestneighbours;1.0;0;72;0.0;0.4907;0.4836;0.4836;close,number_of_trades,ema_72p;;0.7;False;2023-01-01;2023-07-31 19:40:00;3;True;<< NOT SAVED >>;['-batch-training', '-calc-rsi', '-normalize', '-no-tune', '-n-jobs=20', '-symbol-list=BTCUSDT,ETHUSDT,BNBUSDT,XRPUSDT,ADAUSDT,DOGEUSDT,SOLUSDT,TRXUSDT,DOTUSDT,MATICUSDT,LTCUSDT,BCHUSDT,AVAXUSDT,XLMUSDT,LINKUSDT,XMRUSDT,UNIUSDT,ATOMUSDT', '-interval-list=5m', '-estimator-list=knn', '-stop-loss-list=1.0', '-numeric-features=close,volume,quote_asset_volume,number_of_trades', '-regression-PnL-list=72', '-regression-times-list=0', '-start-train-date=2023-01-01', '-start-test-date=2023-07-01']
2023-10-20 22:35:45;BNBUSDT;5m;knn;repeatededitednearestneighbours;1.0;0;72;0.0273;0.5318;0.4844;0.4844;volume,quote_asset_volume,number_of_trades;;0.7;False;2023-01-01;2023-07-22 22:10:00;3;True;<< NOT SAVED >>;['-batch-training', '-calc-rsi', '-normalize', '-no-tune', '-n-jobs=20', '-symbol-list=BTCUSDT,ETHUSDT,BNBUSDT,XRPUSDT,ADAUSDT,DOGEUSDT,SOLUSDT,TRXUSDT,DOTUSDT,MATICUSDT,LTCUSDT,BCHUSDT,AVAXUSDT,XLMUSDT,LINKUSDT,XMRUSDT,UNIUSDT,ATOMUSDT', '-interval-list=5m', '-estimator-list=knn', '-stop-loss-list=1.0', '-numeric-features=volume,quote_asset_volume,number_of_trades,taker_buy_base_asset_volume,taker_buy_quote_asset_volume', '-regression-PnL-list=72', '-regression-times-list=0', '-start-train-date=2023-01-01', '-start-test-date=2023-07-01']
2023-10-20 23:10:44;BNBUSDT;5m;knn;repeatededitednearestneighbours;1.0;0;72;0.0044;0.5595;0.4871;0.4871;quote_asset_volume,number_of_trades,rsi,ema_72p;;0.7;False;2023-01-01;2023-07-22 22:10:00;3;True;<< NOT SAVED >>;['-batch-training', '-calc-rsi', '-normalize', '-no-tune', '-n-jobs=20', '-symbol-list=BTCUSDT,ETHUSDT,BNBUSDT,XRPUSDT,ADAUSDT,DOGEUSDT,SOLUSDT,TRXUSDT,DOTUSDT,MATICUSDT,LTCUSDT,BCHUSDT,AVAXUSDT,XLMUSDT,LINKUSDT,XMRUSDT,UNIUSDT,ATOMUSDT', '-interval-list=5m', '-estimator-list=knn', '-stop-loss-list=1.0', '-numeric-features=volume,quote_asset_volume,number_of_trades,taker_buy_base_asset_volume,taker_buy_quote_asset_volume', '-regression-PnL-list=72', '-regression-times-list=0', '-start-train-date=2023-01-01', '-start-test-date=2023-07-01']
2023-10-20 22:42:03;BNBUSDT;5m;knn;repeatededitednearestneighbours;1.0;0;72;0.0352;0.5445;0.4871;0.4871;volume,rsi,ema_72p;;0.7;False;2023-01-01;2023-07-22 22:10:00;3;True;<< NOT SAVED >>;['-batch-training', '-calc-rsi', '-normalize', '-no-tune', '-n-jobs=20', '-symbol-list=BTCUSDT,ETHUSDT,BNBUSDT,XRPUSDT,ADAUSDT,DOGEUSDT,SOLUSDT,TRXUSDT,DOTUSDT,MATICUSDT,LTCUSDT,BCHUSDT,AVAXUSDT,XLMUSDT,LINKUSDT,XMRUSDT,UNIUSDT,ATOMUSDT', '-interval-list=5m', '-estimator-list=knn', '-stop-loss-list=1.0', '-numeric-features=volume,quote_asset_volume,number_of_trades,taker_buy_base_asset_volume,taker_buy_quote_asset_volume', '-regression-PnL-list=72', '-regression-times-list=0', '-start-train-date=2023-01-01', '-start-test-date=2023-07-01']
2023-10-20 23:11:50;BNBUSDT;5m;knn;repeatededitednearestneighbours;1.0;0;72;0.0063;0.563;0.4875;0.4875;quote_asset_volume,taker_buy_base_asset_volume,taker_buy_quote_asset_volume,rsi;;0.7;False;2023-01-01;2023-07-22 22:10:00;3;True;<< NOT SAVED >>;['-batch-training', '-calc-rsi', '-normalize', '-no-tune', '-n-jobs=20', '-symbol-list=BTCUSDT,ETHUSDT,BNBUSDT,XRPUSDT,ADAUSDT,DOGEUSDT,SOLUSDT,TRXUSDT,DOTUSDT,MATICUSDT,LTCUSDT,BCHUSDT,AVAXUSDT,XLMUSDT,LINKUSDT,XMRUSDT,UNIUSDT,ATOMUSDT', '-interval-list=5m', '-estimator-list=knn', '-stop-loss-list=1.0', '-numeric-features=volume,quote_asset_volume,number_of_trades,taker_buy_base_asset_volume,taker_buy_quote_asset_volume', '-regression-PnL-list=72', '-regression-times-list=0', '-start-train-date=2023-01-01', '-start-test-date=2023-07-01']
2023-10-29 17:39:40;BNBUSDT;5m;knn;repeatededitednearestneighbours;1.0;0;72;0.0086;0.5518;0.4881;0.4881;close,volume,rsi;;0.7;False;2023-01-01;2023-07-31 19:40:00;3;True;<< NOT SAVED >>;['-batch-training', '-calc-rsi', '-normalize', '-no-tune', '-n-jobs=20', '-symbol-list=BTCUSDT,ETHUSDT,BNBUSDT,XRPUSDT,ADAUSDT,DOGEUSDT,SOLUSDT,TRXUSDT,DOTUSDT,MATICUSDT,LTCUSDT,BCHUSDT,AVAXUSDT,XLMUSDT,LINKUSDT,XMRUSDT,UNIUSDT,ATOMUSDT', '-interval-list=5m', '-estimator-list=knn', '-stop-loss-list=1.0', '-numeric-features=close,volume,quote_asset_volume,number_of_trades', '-regression-PnL-list=72', '-regression-times-list=0', '-start-train-date=2023-01-01', '-start-test-date=2023-07-01']
2023-10-29 17:44:44;BNBUSDT;5m;knn;repeatededitednearestneighbours;1.0;0;72;0.0003;0.5111;0.489;0.489;close,volume,quote_asset_volume,number_of_trades;;0.7;False;2023-01-01;2023-07-31 19:40:00;3;True;<< NOT SAVED >>;['-batch-training', '-calc-rsi', '-normalize', '-no-tune', '-n-jobs=20', '-symbol-list=BTCUSDT,ETHUSDT,BNBUSDT,XRPUSDT,ADAUSDT,DOGEUSDT,SOLUSDT,TRXUSDT,DOTUSDT,MATICUSDT,LTCUSDT,BCHUSDT,AVAXUSDT,XLMUSDT,LINKUSDT,XMRUSDT,UNIUSDT,ATOMUSDT', '-interval-list=5m', '-estimator-list=knn', '-stop-loss-list=1.0', '-numeric-features=close,volume,quote_asset_volume,number_of_trades', '-regression-PnL-list=72', '-regression-times-list=0', '-start-train-date=2023-01-01', '-start-test-date=2023-07-01']
2023-10-20 23:43:11;BNBUSDT;5m;knn;repeatededitednearestneighbours;1.0;0;72;0.0054;0.5664;0.4894;0.4894;volume,quote_asset_volume,number_of_trades,taker_buy_base_asset_volume,taker_buy_quote_asset_volume,rsi;;0.7;False;2023-01-01;2023-07-22 22:10:00;3;True;<< NOT SAVED >>;['-batch-training', '-calc-rsi', '-normalize', '-no-tune', '-n-jobs=20', '-symbol-list=BTCUSDT,ETHUSDT,BNBUSDT,XRPUSDT,ADAUSDT,DOGEUSDT,SOLUSDT,TRXUSDT,DOTUSDT,MATICUSDT,LTCUSDT,BCHUSDT,AVAXUSDT,XLMUSDT,LINKUSDT,XMRUSDT,UNIUSDT,ATOMUSDT', '-interval-list=5m', '-estimator-list=knn', '-stop-loss-list=1.0', '-numeric-features=volume,quote_asset_volume,number_of_trades,taker_buy_base_asset_volume,taker_buy_quote_asset_volume', '-regression-PnL-list=72', '-regression-times-list=0', '-start-train-date=2023-01-01', '-start-test-date=2023-07-01']
2023-10-29 17:45:08;BNBUSDT;5m;knn;repeatededitednearestneighbours;1.0;0;72;0.0035;0.5307;0.4896;0.4896;close,volume,quote_asset_volume,rsi;;0.7;False;2023-01-01;2023-07-31 19:40:00;3;True;<< NOT SAVED >>;['-batch-training', '-calc-rsi', '-normalize', '-no-tune', '-n-jobs=20', '-symbol-list=BTCUSDT,ETHUSDT,BNBUSDT,XRPUSDT,ADAUSDT,DOGEUSDT,SOLUSDT,TRXUSDT,DOTUSDT,MATICUSDT,LTCUSDT,BCHUSDT,AVAXUSDT,XLMUSDT,LINKUSDT,XMRUSDT,UNIUSDT,ATOMUSDT', '-interval-list=5m', '-estimator-list=knn', '-stop-loss-list=1.0', '-numeric-features=close,volume,quote_asset_volume,number_of_trades', '-regression-PnL-list=72', '-regression-times-list=0', '-start-train-date=2023-01-01', '-start-test-date=2023-07-01']
2023-10-20 22:58:26;BNBUSDT;5m;knn;repeatededitednearestneighbours;1.0;0;72;0.006;0.5635;0.4917;0.4917;volume,quote_asset_volume,taker_buy_quote_asset_volume,rsi;;0.7;False;2023-01-01;2023-07-22 22:10:00;3;True;<< NOT SAVED >>;['-batch-training', '-calc-rsi', '-normalize', '-no-tune', '-n-jobs=20', '-symbol-list=BTCUSDT,ETHUSDT,BNBUSDT,XRPUSDT,ADAUSDT,DOGEUSDT,SOLUSDT,TRXUSDT,DOTUSDT,MATICUSDT,LTCUSDT,BCHUSDT,AVAXUSDT,XLMUSDT,LINKUSDT,XMRUSDT,UNIUSDT,ATOMUSDT', '-interval-list=5m', '-estimator-list=knn', '-stop-loss-list=1.0', '-numeric-features=volume,quote_asset_volume,number_of_trades,taker_buy_base_asset_volume,taker_buy_quote_asset_volume', '-regression-PnL-list=72', '-regression-times-list=0', '-start-train-date=2023-01-01', '-start-test-date=2023-07-01']
2023-10-20 23:09:13;BNBUSDT;5m;knn;repeatededitednearestneighbours;1.0;0;72;0.0032;0.5707;0.4925;0.4925;quote_asset_volume,number_of_trades,taker_buy_base_asset_volume,ema_200p;;0.7;False;2023-01-01;2023-07-22 22:10:00;3;True;<< NOT SAVED >>;['-batch-training', '-calc-rsi', '-normalize', '-no-tune', '-n-jobs=20', '-symbol-list=BTCUSDT,ETHUSDT,BNBUSDT,XRPUSDT,ADAUSDT,DOGEUSDT,SOLUSDT,TRXUSDT,DOTUSDT,MATICUSDT,LTCUSDT,BCHUSDT,AVAXUSDT,XLMUSDT,LINKUSDT,XMRUSDT,UNIUSDT,ATOMUSDT', '-interval-list=5m', '-estimator-list=knn', '-stop-loss-list=1.0', '-numeric-features=volume,quote_asset_volume,number_of_trades,taker_buy_base_asset_volume,taker_buy_quote_asset_volume', '-regression-PnL-list=72', '-regression-times-list=0', '-start-train-date=2023-01-01', '-start-test-date=2023-07-01']
2023-10-20 22:45:10;BNBUSDT;5m;knn;repeatededitednearestneighbours;1.0;0;72;0.006;0.5505;0.4925;0.4925;quote_asset_volume,taker_buy_base_asset_volume,rsi;;0.7;False;2023-01-01;2023-07-22 22:10:00;3;True;<< NOT SAVED >>;['-batch-training', '-calc-rsi', '-normalize', '-no-tune', '-n-jobs=20', '-symbol-list=BTCUSDT,ETHUSDT,BNBUSDT,XRPUSDT,ADAUSDT,DOGEUSDT,SOLUSDT,TRXUSDT,DOTUSDT,MATICUSDT,LTCUSDT,BCHUSDT,AVAXUSDT,XLMUSDT,LINKUSDT,XMRUSDT,UNIUSDT,ATOMUSDT', '-interval-list=5m', '-estimator-list=knn', '-stop-loss-list=1.0', '-numeric-features=volume,quote_asset_volume,number_of_trades,taker_buy_base_asset_volume,taker_buy_quote_asset_volume', '-regression-PnL-list=72', '-regression-times-list=0', '-start-train-date=2023-01-01', '-start-test-date=2023-07-01']
2023-10-20 23:16:59;BNBUSDT;5m;knn;repeatededitednearestneighbours;1.0;0;72;0.0022;0.536;0.4925;0.4925;number_of_trades,taker_buy_base_asset_volume,rsi,ema_200p;;0.7;False;2023-01-01;2023-07-22 22:10:00;3;True;<< NOT SAVED >>;['-batch-training', '-calc-rsi', '-normalize', '-no-tune', '-n-jobs=20', '-symbol-list=BTCUSDT,ETHUSDT,BNBUSDT,XRPUSDT,ADAUSDT,DOGEUSDT,SOLUSDT,TRXUSDT,DOTUSDT,MATICUSDT,LTCUSDT,BCHUSDT,AVAXUSDT,XLMUSDT,LINKUSDT,XMRUSDT,UNIUSDT,ATOMUSDT', '-interval-list=5m', '-estimator-list=knn', '-stop-loss-list=1.0', '-numeric-features=volume,quote_asset_volume,number_of_trades,taker_buy_base_asset_volume,taker_buy_quote_asset_volume', '-regression-PnL-list=72', '-regression-times-list=0', '-start-train-date=2023-01-01', '-start-test-date=2023-07-01']
2023-10-20 22:48:56;BNBUSDT;5m;knn;repeatededitednearestneighbours;1.0;0;72;0.0241;0.5562;0.494;0.494;number_of_trades,taker_buy_base_asset_volume,ema_72p;;0.7;False;2023-01-01;2023-07-22 22:10:00;3;True;<< NOT SAVED >>;['-batch-training', '-calc-rsi', '-normalize', '-no-tune', '-n-jobs=20', '-symbol-list=BTCUSDT,ETHUSDT,BNBUSDT,XRPUSDT,ADAUSDT,DOGEUSDT,SOLUSDT,TRXUSDT,DOTUSDT,MATICUSDT,LTCUSDT,BCHUSDT,AVAXUSDT,XLMUSDT,LINKUSDT,XMRUSDT,UNIUSDT,ATOMUSDT', '-interval-list=5m', '-estimator-list=knn', '-stop-loss-list=1.0', '-numeric-features=volume,quote_asset_volume,number_of_trades,taker_buy_base_asset_volume,taker_buy_quote_asset_volume', '-regression-PnL-list=72', '-regression-times-list=0', '-start-train-date=2023-01-01', '-start-test-date=2023-07-01']
2023-10-20 23:36:30;BNBUSDT;5m;knn;repeatededitednearestneighbours;1.0;0;72;0.0016;0.551;0.4952;0.4952;quote_asset_volume,number_of_trades,taker_buy_base_asset_volume,rsi,ema_200p;;0.7;False;2023-01-01;2023-07-22 22:10:00;3;True;<< NOT SAVED >>;['-batch-training', '-calc-rsi', '-normalize', '-no-tune', '-n-jobs=20', '-symbol-list=BTCUSDT,ETHUSDT,BNBUSDT,XRPUSDT,ADAUSDT,DOGEUSDT,SOLUSDT,TRXUSDT,DOTUSDT,MATICUSDT,LTCUSDT,BCHUSDT,AVAXUSDT,XLMUSDT,LINKUSDT,XMRUSDT,UNIUSDT,ATOMUSDT', '-interval-list=5m', '-estimator-list=knn', '-stop-loss-list=1.0', '-numeric-features=volume,quote_asset_volume,number_of_trades,taker_buy_base_asset_volume,taker_buy_quote_asset_volume', '-regression-PnL-list=72', '-regression-times-list=0', '-start-train-date=2023-01-01', '-start-test-date=2023-07-01']
2023-10-29 17:58:34;BNBUSDT;5m;knn;repeatededitednearestneighbours;1.0;0;72;0.0;0.4752;0.4955;0.4955;close,quote_asset_volume,number_of_trades,rsi,ema_200p;;0.7;False;2023-01-01;2023-07-31 19:40:00;3;True;<< NOT SAVED >>;['-batch-training', '-calc-rsi', '-normalize', '-no-tune', '-n-jobs=20', '-symbol-list=BTCUSDT,ETHUSDT,BNBUSDT,XRPUSDT,ADAUSDT,DOGEUSDT,SOLUSDT,TRXUSDT,DOTUSDT,MATICUSDT,LTCUSDT,BCHUSDT,AVAXUSDT,XLMUSDT,LINKUSDT,XMRUSDT,UNIUSDT,ATOMUSDT', '-interval-list=5m', '-estimator-list=knn', '-stop-loss-list=1.0', '-numeric-features=close,volume,quote_asset_volume,number_of_trades', '-regression-PnL-list=72', '-regression-times-list=0', '-start-train-date=2023-01-01', '-start-test-date=2023-07-01']
2023-10-20 22:42:24;BNBUSDT;5m;knn;repeatededitednearestneighbours;1.0;0;72;0.0358;0.538;0.4971;0.4971;volume,rsi,ema_200p;;0.7;False;2023-01-01;2023-07-22 22:10:00;3;True;<< NOT SAVED >>;['-batch-training', '-calc-rsi', '-normalize', '-no-tune', '-n-jobs=20', '-symbol-list=BTCUSDT,ETHUSDT,BNBUSDT,XRPUSDT,ADAUSDT,DOGEUSDT,SOLUSDT,TRXUSDT,DOTUSDT,MATICUSDT,LTCUSDT,BCHUSDT,AVAXUSDT,XLMUSDT,LINKUSDT,XMRUSDT,UNIUSDT,ATOMUSDT', '-interval-list=5m', '-estimator-list=knn', '-stop-loss-list=1.0', '-numeric-features=volume,quote_asset_volume,number_of_trades,taker_buy_base_asset_volume,taker_buy_quote_asset_volume', '-regression-PnL-list=72', '-regression-times-list=0', '-start-train-date=2023-01-01', '-start-test-date=2023-07-01']
2023-10-20 22:49:58;BNBUSDT;5m;knn;repeatededitednearestneighbours;1.0;0;72;0.0127;0.5678;0.499;0.499;number_of_trades,taker_buy_quote_asset_volume,ema_72p;;0.7;False;2023-01-01;2023-07-22 22:10:00;3;True;<< NOT SAVED >>;['-batch-training', '-calc-rsi', '-normalize', '-no-tune', '-n-jobs=20', '-symbol-list=BTCUSDT,ETHUSDT,BNBUSDT,XRPUSDT,ADAUSDT,DOGEUSDT,SOLUSDT,TRXUSDT,DOTUSDT,MATICUSDT,LTCUSDT,BCHUSDT,AVAXUSDT,XLMUSDT,LINKUSDT,XMRUSDT,UNIUSDT,ATOMUSDT', '-interval-list=5m', '-estimator-list=knn', '-stop-loss-list=1.0', '-numeric-features=volume,quote_asset_volume,number_of_trades,taker_buy_base_asset_volume,taker_buy_quote_asset_volume', '-regression-PnL-list=72', '-regression-times-list=0', '-start-train-date=2023-01-01', '-start-test-date=2023-07-01']
2023-10-29 17:58:03;BNBUSDT;5m;knn;repeatededitednearestneighbours;1.0;0;72;0.0;0.4541;0.5012;0.5012;close,quote_asset_volume,number_of_trades,rsi,ema_72p;;0.7;False;2023-01-01;2023-07-31 19:40:00;3;True;<< NOT SAVED >>;['-batch-training', '-calc-rsi', '-normalize', '-no-tune', '-n-jobs=20', '-symbol-list=BTCUSDT,ETHUSDT,BNBUSDT,XRPUSDT,ADAUSDT,DOGEUSDT,SOLUSDT,TRXUSDT,DOTUSDT,MATICUSDT,LTCUSDT,BCHUSDT,AVAXUSDT,XLMUSDT,LINKUSDT,XMRUSDT,UNIUSDT,ATOMUSDT', '-interval-list=5m', '-estimator-list=knn', '-stop-loss-list=1.0', '-numeric-features=close,volume,quote_asset_volume,number_of_trades', '-regression-PnL-list=72', '-regression-times-list=0', '-start-train-date=2023-01-01', '-start-test-date=2023-07-01']
2023-10-20 23:08:51;BNBUSDT;5m;knn;repeatededitednearestneighbours;1.0;0;72;0.0032;0.5633;0.5017;0.5017;quote_asset_volume,number_of_trades,taker_buy_base_asset_volume,ema_72p;;0.7;False;2023-01-01;2023-07-22 22:10:00;3;True;<< NOT SAVED >>;['-batch-training', '-calc-rsi', '-normalize', '-no-tune', '-n-jobs=20', '-symbol-list=BTCUSDT,ETHUSDT,BNBUSDT,XRPUSDT,ADAUSDT,DOGEUSDT,SOLUSDT,TRXUSDT,DOTUSDT,MATICUSDT,LTCUSDT,BCHUSDT,AVAXUSDT,XLMUSDT,LINKUSDT,XMRUSDT,UNIUSDT,ATOMUSDT', '-interval-list=5m', '-estimator-list=knn', '-stop-loss-list=1.0', '-numeric-features=volume,quote_asset_volume,number_of_trades,taker_buy_base_asset_volume,taker_buy_quote_asset_volume', '-regression-PnL-list=72', '-regression-times-list=0', '-start-train-date=2023-01-01', '-start-test-date=2023-07-01']
2023-10-20 23:14:23;BNBUSDT;5m;knn;repeatededitednearestneighbours;1.0;0;72;0.0029;0.5597;0.5025;0.5025;quote_asset_volume,taker_buy_quote_asset_volume,rsi,ema_200p;;0.7;False;2023-01-01;2023-07-22 22:10:00;3;True;<< NOT SAVED >>;['-batch-training', '-calc-rsi', '-normalize', '-no-tune', '-n-jobs=20', '-symbol-list=BTCUSDT,ETHUSDT,BNBUSDT,XRPUSDT,ADAUSDT,DOGEUSDT,SOLUSDT,TRXUSDT,DOTUSDT,MATICUSDT,LTCUSDT,BCHUSDT,AVAXUSDT,XLMUSDT,LINKUSDT,XMRUSDT,UNIUSDT,ATOMUSDT', '-interval-list=5m', '-estimator-list=knn', '-stop-loss-list=1.0', '-numeric-features=volume,quote_asset_volume,number_of_trades,taker_buy_base_asset_volume,taker_buy_quote_asset_volume', '-regression-PnL-list=72', '-regression-times-list=0', '-start-train-date=2023-01-01', '-start-test-date=2023-07-01']
2023-10-20 23:16:35;BNBUSDT;5m;knn;repeatededitednearestneighbours;1.0;0;72;0.0022;0.5327;0.5029;0.5029;number_of_trades,taker_buy_base_asset_volume,rsi,ema_72p;;0.7;False;2023-01-01;2023-07-22 22:10:00;3;True;<< NOT SAVED >>;['-batch-training', '-calc-rsi', '-normalize', '-no-tune', '-n-jobs=20', '-symbol-list=BTCUSDT,ETHUSDT,BNBUSDT,XRPUSDT,ADAUSDT,DOGEUSDT,SOLUSDT,TRXUSDT,DOTUSDT,MATICUSDT,LTCUSDT,BCHUSDT,AVAXUSDT,XLMUSDT,LINKUSDT,XMRUSDT,UNIUSDT,ATOMUSDT', '-interval-list=5m', '-estimator-list=knn', '-stop-loss-list=1.0', '-numeric-features=volume,quote_asset_volume,number_of_trades,taker_buy_base_asset_volume,taker_buy_quote_asset_volume', '-regression-PnL-list=72', '-regression-times-list=0', '-start-train-date=2023-01-01', '-start-test-date=2023-07-01']
2023-10-20 23:15:29;BNBUSDT;5m;knn;repeatededitednearestneighbours;1.0;0;72;0.0127;0.5214;0.5029;0.5029;number_of_trades,taker_buy_base_asset_volume,taker_buy_quote_asset_volume,rsi;;0.7;False;2023-01-01;2023-07-22 22:10:00;3;True;<< NOT SAVED >>;['-batch-training', '-calc-rsi', '-normalize', '-no-tune', '-n-jobs=20', '-symbol-list=BTCUSDT,ETHUSDT,BNBUSDT,XRPUSDT,ADAUSDT,DOGEUSDT,SOLUSDT,TRXUSDT,DOTUSDT,MATICUSDT,LTCUSDT,BCHUSDT,AVAXUSDT,XLMUSDT,LINKUSDT,XMRUSDT,UNIUSDT,ATOMUSDT', '-interval-list=5m', '-estimator-list=knn', '-stop-loss-list=1.0', '-numeric-features=volume,quote_asset_volume,number_of_trades,taker_buy_base_asset_volume,taker_buy_quote_asset_volume', '-regression-PnL-list=72', '-regression-times-list=0', '-start-train-date=2023-01-01', '-start-test-date=2023-07-01']
2023-10-20 23:25:05;BNBUSDT;5m;knn;repeatededitednearestneighbours;1.0;0;72;0.0048;0.5565;0.5033;0.5033;volume,quote_asset_volume,taker_buy_base_asset_volume,taker_buy_quote_asset_volume,rsi;;0.7;False;2023-01-01;2023-07-22 22:10:00;3;True;<< NOT SAVED >>;['-batch-training', '-calc-rsi', '-normalize', '-no-tune', '-n-jobs=20', '-symbol-list=BTCUSDT,ETHUSDT,BNBUSDT,XRPUSDT,ADAUSDT,DOGEUSDT,SOLUSDT,TRXUSDT,DOTUSDT,MATICUSDT,LTCUSDT,BCHUSDT,AVAXUSDT,XLMUSDT,LINKUSDT,XMRUSDT,UNIUSDT,ATOMUSDT', '-interval-list=5m', '-estimator-list=knn', '-stop-loss-list=1.0', '-numeric-features=volume,quote_asset_volume,number_of_trades,taker_buy_base_asset_volume,taker_buy_quote_asset_volume', '-regression-PnL-list=72', '-regression-times-list=0', '-start-train-date=2023-01-01', '-start-test-date=2023-07-01']
2023-10-20 22:30:25;BNBUSDT;5m;knn;repeatededitednearestneighbours;1.0;0;72;0.0092;0.57;0.5037;0.5037;quote_asset_volume,ema_72p;;0.7;False;2023-01-01;2023-07-22 22:10:00;3;True;<< NOT SAVED >>;['-batch-training', '-calc-rsi', '-normalize', '-no-tune', '-n-jobs=20', '-symbol-list=BTCUSDT,ETHUSDT,BNBUSDT,XRPUSDT,ADAUSDT,DOGEUSDT,SOLUSDT,TRXUSDT,DOTUSDT,MATICUSDT,LTCUSDT,BCHUSDT,AVAXUSDT,XLMUSDT,LINKUSDT,XMRUSDT,UNIUSDT,ATOMUSDT', '-interval-list=5m', '-estimator-list=knn', '-stop-loss-list=1.0', '-numeric-features=volume,quote_asset_volume,number_of_trades,taker_buy_base_asset_volume,taker_buy_quote_asset_volume', '-regression-PnL-list=72', '-regression-times-list=0', '-start-train-date=2023-01-01', '-start-test-date=2023-07-01']
2023-10-20 23:37:42;BNBUSDT;5m;knn;repeatededitednearestneighbours;1.0;0;72;0.0038;0.564;0.5044;0.5044;quote_asset_volume,number_of_trades,taker_buy_quote_asset_volume,rsi,ema_200p;;0.7;False;2023-01-01;2023-07-22 22:10:00;3;True;<< NOT SAVED >>;['-batch-training', '-calc-rsi', '-normalize', '-no-tune', '-n-jobs=20', '-symbol-list=BTCUSDT,ETHUSDT,BNBUSDT,XRPUSDT,ADAUSDT,DOGEUSDT,SOLUSDT,TRXUSDT,DOTUSDT,MATICUSDT,LTCUSDT,BCHUSDT,AVAXUSDT,XLMUSDT,LINKUSDT,XMRUSDT,UNIUSDT,ATOMUSDT', '-interval-list=5m', '-estimator-list=knn', '-stop-loss-list=1.0', '-numeric-features=volume,quote_asset_volume,number_of_trades,taker_buy_base_asset_volume,taker_buy_quote_asset_volume', '-regression-PnL-list=72', '-regression-times-list=0', '-start-train-date=2023-01-01', '-start-test-date=2023-07-01']
2023-10-20 23:36:05;BNBUSDT;5m;knn;repeatededitednearestneighbours;1.0;0;72;0.0016;0.5458;0.5052;0.5052;quote_asset_volume,number_of_trades,taker_buy_base_asset_volume,rsi,ema_72p;;0.7;False;2023-01-01;2023-07-22 22:10:00;3;True;<< NOT SAVED >>;['-batch-training', '-calc-rsi', '-normalize', '-no-tune', '-n-jobs=20', '-symbol-list=BTCUSDT,ETHUSDT,BNBUSDT,XRPUSDT,ADAUSDT,DOGEUSDT,SOLUSDT,TRXUSDT,DOTUSDT,MATICUSDT,LTCUSDT,BCHUSDT,AVAXUSDT,XLMUSDT,LINKUSDT,XMRUSDT,UNIUSDT,ATOMUSDT', '-interval-list=5m', '-estimator-list=knn', '-stop-loss-list=1.0', '-numeric-features=volume,quote_asset_volume,number_of_trades,taker_buy_base_asset_volume,taker_buy_quote_asset_volume', '-regression-PnL-list=72', '-regression-times-list=0', '-start-train-date=2023-01-01', '-start-test-date=2023-07-01']
2023-10-20 22:32:38;BNBUSDT;5m;knn;repeatededitednearestneighbours;1.0;0;72;0.0117;0.5134;0.5056;0.5056;taker_buy_base_asset_volume,taker_buy_quote_asset_volume;;0.7;False;2023-01-01;2023-07-22 22:10:00;3;True;<< NOT SAVED >>;['-batch-training', '-calc-rsi', '-normalize', '-no-tune', '-n-jobs=20', '-symbol-list=BTCUSDT,ETHUSDT,BNBUSDT,XRPUSDT,ADAUSDT,DOGEUSDT,SOLUSDT,TRXUSDT,DOTUSDT,MATICUSDT,LTCUSDT,BCHUSDT,AVAXUSDT,XLMUSDT,LINKUSDT,XMRUSDT,UNIUSDT,ATOMUSDT', '-interval-list=5m', '-estimator-list=knn', '-stop-loss-list=1.0', '-numeric-features=volume,quote_asset_volume,number_of_trades,taker_buy_base_asset_volume,taker_buy_quote_asset_volume', '-regression-PnL-list=72', '-regression-times-list=0', '-start-train-date=2023-01-01', '-start-test-date=2023-07-01']
2023-10-20 23:18:07;BNBUSDT;5m;knn;repeatededitednearestneighbours;1.0;0;72;0.006;0.5216;0.5056;0.5056;number_of_trades,taker_buy_quote_asset_volume,rsi,ema_200p;;0.7;False;2023-01-01;2023-07-22 22:10:00;3;True;<< NOT SAVED >>;['-batch-training', '-calc-rsi', '-normalize', '-no-tune', '-n-jobs=20', '-symbol-list=BTCUSDT,ETHUSDT,BNBUSDT,XRPUSDT,ADAUSDT,DOGEUSDT,SOLUSDT,TRXUSDT,DOTUSDT,MATICUSDT,LTCUSDT,BCHUSDT,AVAXUSDT,XLMUSDT,LINKUSDT,XMRUSDT,UNIUSDT,ATOMUSDT', '-interval-list=5m', '-estimator-list=knn', '-stop-loss-list=1.0', '-numeric-features=volume,quote_asset_volume,number_of_trades,taker_buy_base_asset_volume,taker_buy_quote_asset_volume', '-regression-PnL-list=72', '-regression-times-list=0', '-start-train-date=2023-01-01', '-start-test-date=2023-07-01']
2023-10-20 23:02:53;BNBUSDT;5m;knn;repeatededitednearestneighbours;1.0;0;72;0.0054;0.566;0.5064;0.5064;volume,number_of_trades,taker_buy_quote_asset_volume,ema_200p;;0.7;False;2023-01-01;2023-07-22 22:10:00;3;True;<< NOT SAVED >>;['-batch-training', '-calc-rsi', '-normalize', '-no-tune', '-n-jobs=20', '-symbol-list=BTCUSDT,ETHUSDT,BNBUSDT,XRPUSDT,ADAUSDT,DOGEUSDT,SOLUSDT,TRXUSDT,DOTUSDT,MATICUSDT,LTCUSDT,BCHUSDT,AVAXUSDT,XLMUSDT,LINKUSDT,XMRUSDT,UNIUSDT,ATOMUSDT', '-interval-list=5m', '-estimator-list=knn', '-stop-loss-list=1.0', '-numeric-features=volume,quote_asset_volume,number_of_trades,taker_buy_base_asset_volume,taker_buy_quote_asset_volume', '-regression-PnL-list=72', '-regression-times-list=0', '-start-train-date=2023-01-01', '-start-test-date=2023-07-01']
2023-10-20 22:55:52;BNBUSDT;5m;knn;repeatededitednearestneighbours;1.0;0;72;0.0143;0.5072;0.5064;0.5064;volume,quote_asset_volume,number_of_trades,rsi;;0.7;False;2023-01-01;2023-07-22 22:10:00;3;True;<< NOT SAVED >>;['-batch-training', '-calc-rsi', '-normalize', '-no-tune', '-n-jobs=20', '-symbol-list=BTCUSDT,ETHUSDT,BNBUSDT,XRPUSDT,ADAUSDT,DOGEUSDT,SOLUSDT,TRXUSDT,DOTUSDT,MATICUSDT,LTCUSDT,BCHUSDT,AVAXUSDT,XLMUSDT,LINKUSDT,XMRUSDT,UNIUSDT,ATOMUSDT', '-interval-list=5m', '-estimator-list=knn', '-stop-loss-list=1.0', '-numeric-features=volume,quote_asset_volume,number_of_trades,taker_buy_base_asset_volume,taker_buy_quote_asset_volume', '-regression-PnL-list=72', '-regression-times-list=0', '-start-train-date=2023-01-01', '-start-test-date=2023-07-01']
2023-10-20 22:47:33;BNBUSDT;5m;knn;repeatededitednearestneighbours;1.0;0;72;0.0092;0.5354;0.5071;0.5071;quote_asset_volume,rsi,ema_200p;;0.7;False;2023-01-01;2023-07-22 22:10:00;3;True;<< NOT SAVED >>;['-batch-training', '-calc-rsi', '-normalize', '-no-tune', '-n-jobs=20', '-symbol-list=BTCUSDT,ETHUSDT,BNBUSDT,XRPUSDT,ADAUSDT,DOGEUSDT,SOLUSDT,TRXUSDT,DOTUSDT,MATICUSDT,LTCUSDT,BCHUSDT,AVAXUSDT,XLMUSDT,LINKUSDT,XMRUSDT,UNIUSDT,ATOMUSDT', '-interval-list=5m', '-estimator-list=knn', '-stop-loss-list=1.0', '-numeric-features=volume,quote_asset_volume,number_of_trades,taker_buy_base_asset_volume,taker_buy_quote_asset_volume', '-regression-PnL-list=72', '-regression-times-list=0', '-start-train-date=2023-01-01', '-start-test-date=2023-07-01']
2023-10-20 22:30:43;BNBUSDT;5m;knn;repeatededitednearestneighbours;1.0;0;72;0.0168;0.5736;0.5083;0.5083;quote_asset_volume,ema_200p;;0.7;False;2023-01-01;2023-07-22 22:10:00;3;True;<< NOT SAVED >>;['-batch-training', '-calc-rsi', '-normalize', '-no-tune', '-n-jobs=20', '-symbol-list=BTCUSDT,ETHUSDT,BNBUSDT,XRPUSDT,ADAUSDT,DOGEUSDT,SOLUSDT,TRXUSDT,DOTUSDT,MATICUSDT,LTCUSDT,BCHUSDT,AVAXUSDT,XLMUSDT,LINKUSDT,XMRUSDT,UNIUSDT,ATOMUSDT', '-interval-list=5m', '-estimator-list=knn', '-stop-loss-list=1.0', '-numeric-features=volume,quote_asset_volume,number_of_trades,taker_buy_base_asset_volume,taker_buy_quote_asset_volume', '-regression-PnL-list=72', '-regression-times-list=0', '-start-train-date=2023-01-01', '-start-test-date=2023-07-01']
2023-10-20 22:55:08;BNBUSDT;5m;knn;repeatededitednearestneighbours;1.0;0;72;0.0089;0.5212;0.5083;0.5083;volume,quote_asset_volume,number_of_trades,taker_buy_base_asset_volume;;0.7;False;2023-01-01;2023-07-22 22:10:00;3;True;<< NOT SAVED >>;['-batch-training', '-calc-rsi', '-normalize', '-no-tune', '-n-jobs=20', '-symbol-list=BTCUSDT,ETHUSDT,BNBUSDT,XRPUSDT,ADAUSDT,DOGEUSDT,SOLUSDT,TRXUSDT,DOTUSDT,MATICUSDT,LTCUSDT,BCHUSDT,AVAXUSDT,XLMUSDT,LINKUSDT,XMRUSDT,UNIUSDT,ATOMUSDT', '-interval-list=5m', '-estimator-list=knn', '-stop-loss-list=1.0', '-numeric-features=volume,quote_asset_volume,number_of_trades,taker_buy_base_asset_volume,taker_buy_quote_asset_volume', '-regression-PnL-list=72', '-regression-times-list=0', '-start-train-date=2023-01-01', '-start-test-date=2023-07-01']
2023-10-20 23:28:55;BNBUSDT;5m;knn;repeatededitednearestneighbours;1.0;0;72;0.0184;0.5119;0.5095;0.5095;volume,number_of_trades,taker_buy_base_asset_volume,taker_buy_quote_asset_volume,rsi;;0.7;False;2023-01-01;2023-07-22 22:10:00;3;True;<< NOT SAVED >>;['-batch-training', '-calc-rsi', '-normalize', '-no-tune', '-n-jobs=20', '-symbol-list=BTCUSDT,ETHUSDT,BNBUSDT,XRPUSDT,ADAUSDT,DOGEUSDT,SOLUSDT,TRXUSDT,DOTUSDT,MATICUSDT,LTCUSDT,BCHUSDT,AVAXUSDT,XLMUSDT,LINKUSDT,XMRUSDT,UNIUSDT,ATOMUSDT', '-interval-list=5m', '-estimator-list=knn', '-stop-loss-list=1.0', '-numeric-features=volume,quote_asset_volume,number_of_trades,taker_buy_base_asset_volume,taker_buy_quote_asset_volume', '-regression-PnL-list=72', '-regression-times-list=0', '-start-train-date=2023-01-01', '-start-test-date=2023-07-01']
2023-10-20 23:37:18;BNBUSDT;5m;knn;repeatededitednearestneighbours;1.0;0;72;0.0041;0.5601;0.5098;0.5098;quote_asset_volume,number_of_trades,taker_buy_quote_asset_volume,rsi,ema_72p;;0.7;False;2023-01-01;2023-07-22 22:10:00;3;True;<< NOT SAVED >>;['-batch-training', '-calc-rsi', '-normalize', '-no-tune', '-n-jobs=20', '-symbol-list=BTCUSDT,ETHUSDT,BNBUSDT,XRPUSDT,ADAUSDT,DOGEUSDT,SOLUSDT,TRXUSDT,DOTUSDT,MATICUSDT,LTCUSDT,BCHUSDT,AVAXUSDT,XLMUSDT,LINKUSDT,XMRUSDT,UNIUSDT,ATOMUSDT', '-interval-list=5m', '-estimator-list=knn', '-stop-loss-list=1.0', '-numeric-features=volume,quote_asset_volume,number_of_trades,taker_buy_base_asset_volume,taker_buy_quote_asset_volume', '-regression-PnL-list=72', '-regression-times-list=0', '-start-train-date=2023-01-01', '-start-test-date=2023-07-01']
2023-10-20 23:14:00;BNBUSDT;5m;knn;repeatededitednearestneighbours;1.0;0;72;0.0035;0.5564;0.5098;0.5098;quote_asset_volume,taker_buy_quote_asset_volume,rsi,ema_72p;;0.7;False;2023-01-01;2023-07-22 22:10:00;3;True;<< NOT SAVED >>;['-batch-training', '-calc-rsi', '-normalize', '-no-tune', '-n-jobs=20', '-symbol-list=BTCUSDT,ETHUSDT,BNBUSDT,XRPUSDT,ADAUSDT,DOGEUSDT,SOLUSDT,TRXUSDT,DOTUSDT,MATICUSDT,LTCUSDT,BCHUSDT,AVAXUSDT,XLMUSDT,LINKUSDT,XMRUSDT,UNIUSDT,ATOMUSDT', '-interval-list=5m', '-estimator-list=knn', '-stop-loss-list=1.0', '-numeric-features=volume,quote_asset_volume,number_of_trades,taker_buy_base_asset_volume,taker_buy_quote_asset_volume', '-regression-PnL-list=72', '-regression-times-list=0', '-start-train-date=2023-01-01', '-start-test-date=2023-07-01']
2023-10-29 17:38:52;BNBUSDT;5m;knn;repeatededitednearestneighbours;1.0;0;72;0.0003;0.4941;0.5101;0.5101;close,volume,quote_asset_volume;;0.7;False;2023-01-01;2023-07-31 19:40:00;3;True;<< NOT SAVED >>;['-batch-training', '-calc-rsi', '-normalize', '-no-tune', '-n-jobs=20', '-symbol-list=BTCUSDT,ETHUSDT,BNBUSDT,XRPUSDT,ADAUSDT,DOGEUSDT,SOLUSDT,TRXUSDT,DOTUSDT,MATICUSDT,LTCUSDT,BCHUSDT,AVAXUSDT,XLMUSDT,LINKUSDT,XMRUSDT,UNIUSDT,ATOMUSDT', '-interval-list=5m', '-estimator-list=knn', '-stop-loss-list=1.0', '-numeric-features=close,volume,quote_asset_volume,number_of_trades', '-regression-PnL-list=72', '-regression-times-list=0', '-start-train-date=2023-01-01', '-start-test-date=2023-07-01']
2023-10-29 17:49:52;BNBUSDT;5m;knn;repeatededitednearestneighbours;1.0;0;72;0.0;0.4429;0.511;0.511;close,quote_asset_volume,number_of_trades,ema_200p;;0.7;False;2023-01-01;2023-07-31 19:40:00;3;True;<< NOT SAVED >>;['-batch-training', '-calc-rsi', '-normalize', '-no-tune', '-n-jobs=20', '-symbol-list=BTCUSDT,ETHUSDT,BNBUSDT,XRPUSDT,ADAUSDT,DOGEUSDT,SOLUSDT,TRXUSDT,DOTUSDT,MATICUSDT,LTCUSDT,BCHUSDT,AVAXUSDT,XLMUSDT,LINKUSDT,XMRUSDT,UNIUSDT,ATOMUSDT', '-interval-list=5m', '-estimator-list=knn', '-stop-loss-list=1.0', '-numeric-features=close,volume,quote_asset_volume,number_of_trades', '-regression-PnL-list=72', '-regression-times-list=0', '-start-train-date=2023-01-01', '-start-test-date=2023-07-01']
2023-10-20 23:17:44;BNBUSDT;5m;knn;repeatededitednearestneighbours;1.0;0;72;0.0054;0.5159;0.5114;0.5114;number_of_trades,taker_buy_quote_asset_volume,rsi,ema_72p;;0.7;False;2023-01-01;2023-07-22 22:10:00;3;True;<< NOT SAVED >>;['-batch-training', '-calc-rsi', '-normalize', '-no-tune', '-n-jobs=20', '-symbol-list=BTCUSDT,ETHUSDT,BNBUSDT,XRPUSDT,ADAUSDT,DOGEUSDT,SOLUSDT,TRXUSDT,DOTUSDT,MATICUSDT,LTCUSDT,BCHUSDT,AVAXUSDT,XLMUSDT,LINKUSDT,XMRUSDT,UNIUSDT,ATOMUSDT', '-interval-list=5m', '-estimator-list=knn', '-stop-loss-list=1.0', '-numeric-features=volume,quote_asset_volume,number_of_trades,taker_buy_base_asset_volume,taker_buy_quote_asset_volume', '-regression-PnL-list=72', '-regression-times-list=0', '-start-train-date=2023-01-01', '-start-test-date=2023-07-01']
2023-10-20 22:39:14;BNBUSDT;5m;knn;repeatededitednearestneighbours;1.0;0;72;0.0076;0.5371;0.5137;0.5137;volume,number_of_trades,ema_200p;;0.7;False;2023-01-01;2023-07-22 22:10:00;3;True;<< NOT SAVED >>;['-batch-training', '-calc-rsi', '-normalize', '-no-tune', '-n-jobs=20', '-symbol-list=BTCUSDT,ETHUSDT,BNBUSDT,XRPUSDT,ADAUSDT,DOGEUSDT,SOLUSDT,TRXUSDT,DOTUSDT,MATICUSDT,LTCUSDT,BCHUSDT,AVAXUSDT,XLMUSDT,LINKUSDT,XMRUSDT,UNIUSDT,ATOMUSDT', '-interval-list=5m', '-estimator-list=knn', '-stop-loss-list=1.0', '-numeric-features=volume,quote_asset_volume,number_of_trades,taker_buy_base_asset_volume,taker_buy_quote_asset_volume', '-regression-PnL-list=72', '-regression-times-list=0', '-start-train-date=2023-01-01', '-start-test-date=2023-07-01']
2023-10-20 22:42:44;BNBUSDT;5m;knn;repeatededitednearestneighbours;1.0;0;72;0.0187;0.5463;0.5137;0.5137;volume,ema_72p,ema_200p;;0.7;False;2023-01-01;2023-07-22 22:10:00;3;True;<< NOT SAVED >>;['-batch-training', '-calc-rsi', '-normalize', '-no-tune', '-n-jobs=20', '-symbol-list=BTCUSDT,ETHUSDT,BNBUSDT,XRPUSDT,ADAUSDT,DOGEUSDT,SOLUSDT,TRXUSDT,DOTUSDT,MATICUSDT,LTCUSDT,BCHUSDT,AVAXUSDT,XLMUSDT,LINKUSDT,XMRUSDT,UNIUSDT,ATOMUSDT', '-interval-list=5m', '-estimator-list=knn', '-stop-loss-list=1.0', '-numeric-features=volume,quote_asset_volume,number_of_trades,taker_buy_base_asset_volume,taker_buy_quote_asset_volume', '-regression-PnL-list=72', '-regression-times-list=0', '-start-train-date=2023-01-01', '-start-test-date=2023-07-01']
2023-10-29 17:41:36;BNBUSDT;5m;knn;repeatededitednearestneighbours;1.0;0;72;0.0;0.4734;0.5149;0.5149;close,quote_asset_volume,ema_72p;;0.7;False;2023-01-01;2023-07-31 19:40:00;3;True;<< NOT SAVED >>;['-batch-training', '-calc-rsi', '-normalize', '-no-tune', '-n-jobs=20', '-symbol-list=BTCUSDT,ETHUSDT,BNBUSDT,XRPUSDT,ADAUSDT,DOGEUSDT,SOLUSDT,TRXUSDT,DOTUSDT,MATICUSDT,LTCUSDT,BCHUSDT,AVAXUSDT,XLMUSDT,LINKUSDT,XMRUSDT,UNIUSDT,ATOMUSDT', '-interval-list=5m', '-estimator-list=knn', '-stop-loss-list=1.0', '-numeric-features=close,volume,quote_asset_volume,number_of_trades', '-regression-PnL-list=72', '-regression-times-list=0', '-start-train-date=2023-01-01', '-start-test-date=2023-07-01']
2023-10-20 23:31:46;BNBUSDT;5m;knn;repeatededitednearestneighbours;1.0;0;72;0.0048;0.5272;0.5152;0.5152;volume,number_of_trades,taker_buy_quote_asset_volume,rsi,ema_200p;;0.7;False;2023-01-01;2023-07-22 22:10:00;3;True;<< NOT SAVED >>;['-batch-training', '-calc-rsi', '-normalize', '-no-tune', '-n-jobs=20', '-symbol-list=BTCUSDT,ETHUSDT,BNBUSDT,XRPUSDT,ADAUSDT,DOGEUSDT,SOLUSDT,TRXUSDT,DOTUSDT,MATICUSDT,LTCUSDT,BCHUSDT,AVAXUSDT,XLMUSDT,LINKUSDT,XMRUSDT,UNIUSDT,ATOMUSDT', '-interval-list=5m', '-estimator-list=knn', '-stop-loss-list=1.0', '-numeric-features=volume,quote_asset_volume,number_of_trades,taker_buy_base_asset_volume,taker_buy_quote_asset_volume', '-regression-PnL-list=72', '-regression-times-list=0', '-start-train-date=2023-01-01', '-start-test-date=2023-07-01']
2023-10-20 23:21:29;BNBUSDT;5m;knn;repeatededitednearestneighbours;1.0;0;72;0.0063;0.5017;0.5152;0.5152;volume,quote_asset_volume,number_of_trades,taker_buy_base_asset_volume,rsi;;0.7;False;2023-01-01;2023-07-22 22:10:00;3;True;<< NOT SAVED >>;['-batch-training', '-calc-rsi', '-normalize', '-no-tune', '-n-jobs=20', '-symbol-list=BTCUSDT,ETHUSDT,BNBUSDT,XRPUSDT,ADAUSDT,DOGEUSDT,SOLUSDT,TRXUSDT,DOTUSDT,MATICUSDT,LTCUSDT,BCHUSDT,AVAXUSDT,XLMUSDT,LINKUSDT,XMRUSDT,UNIUSDT,ATOMUSDT', '-interval-list=5m', '-estimator-list=knn', '-stop-loss-list=1.0', '-numeric-features=volume,quote_asset_volume,number_of_trades,taker_buy_base_asset_volume,taker_buy_quote_asset_volume', '-regression-PnL-list=72', '-regression-times-list=0', '-start-train-date=2023-01-01', '-start-test-date=2023-07-01']
2023-10-20 22:45:51;BNBUSDT;5m;knn;repeatededitednearestneighbours;1.0;0;72;0.0022;0.5512;0.5168;0.5168;quote_asset_volume,taker_buy_base_asset_volume,ema_200p;;0.7;False;2023-01-01;2023-07-22 22:10:00;3;True;<< NOT SAVED >>;['-batch-training', '-calc-rsi', '-normalize', '-no-tune', '-n-jobs=20', '-symbol-list=BTCUSDT,ETHUSDT,BNBUSDT,XRPUSDT,ADAUSDT,DOGEUSDT,SOLUSDT,TRXUSDT,DOTUSDT,MATICUSDT,LTCUSDT,BCHUSDT,AVAXUSDT,XLMUSDT,LINKUSDT,XMRUSDT,UNIUSDT,ATOMUSDT', '-interval-list=5m', '-estimator-list=knn', '-stop-loss-list=1.0', '-numeric-features=volume,quote_asset_volume,number_of_trades,taker_buy_base_asset_volume,taker_buy_quote_asset_volume', '-regression-PnL-list=72', '-regression-times-list=0', '-start-train-date=2023-01-01', '-start-test-date=2023-07-01']
2023-10-20 22:47:13;BNBUSDT;5m;knn;repeatededitednearestneighbours;1.0;0;72;0.0067;0.5285;0.5168;0.5168;quote_asset_volume,rsi,ema_72p;;0.7;False;2023-01-01;2023-07-22 22:10:00;3;True;<< NOT SAVED >>;['-batch-training', '-calc-rsi', '-normalize', '-no-tune', '-n-jobs=20', '-symbol-list=BTCUSDT,ETHUSDT,BNBUSDT,XRPUSDT,ADAUSDT,DOGEUSDT,SOLUSDT,TRXUSDT,DOTUSDT,MATICUSDT,LTCUSDT,BCHUSDT,AVAXUSDT,XLMUSDT,LINKUSDT,XMRUSDT,UNIUSDT,ATOMUSDT', '-interval-list=5m', '-estimator-list=knn', '-stop-loss-list=1.0', '-numeric-features=volume,quote_asset_volume,number_of_trades,taker_buy_base_asset_volume,taker_buy_quote_asset_volume', '-regression-PnL-list=72', '-regression-times-list=0', '-start-train-date=2023-01-01', '-start-test-date=2023-07-01']
2023-10-20 22:26:54;BNBUSDT;5m;knn;repeatededitednearestneighbours;1.0;0;72;0.0263;0.5092;0.5176;0.5176;volume,quote_asset_volume;;0.7;False;2023-01-01;2023-07-22 22:10:00;3;True;<< NOT SAVED >>;['-batch-training', '-calc-rsi', '-normalize', '-no-tune', '-n-jobs=20', '-symbol-list=BTCUSDT,ETHUSDT,BNBUSDT,XRPUSDT,ADAUSDT,DOGEUSDT,SOLUSDT,TRXUSDT,DOTUSDT,MATICUSDT,LTCUSDT,BCHUSDT,AVAXUSDT,XLMUSDT,LINKUSDT,XMRUSDT,UNIUSDT,ATOMUSDT', '-interval-list=5m', '-estimator-list=knn', '-stop-loss-list=1.0', '-numeric-features=volume,quote_asset_volume,number_of_trades,taker_buy_base_asset_volume,taker_buy_quote_asset_volume', '-regression-PnL-list=72', '-regression-times-list=0', '-start-train-date=2023-01-01', '-start-test-date=2023-07-01']
2023-10-20 22:27:33;BNBUSDT;5m;knn;repeatededitednearestneighbours;1.0;0;72;0.0041;0.5351;0.5176;0.5176;volume,taker_buy_base_asset_volume;;0.7;False;2023-01-01;2023-07-22 22:10:00;3;True;<< NOT SAVED >>;['-batch-training', '-calc-rsi', '-normalize', '-no-tune', '-n-jobs=20', '-symbol-list=BTCUSDT,ETHUSDT,BNBUSDT,XRPUSDT,ADAUSDT,DOGEUSDT,SOLUSDT,TRXUSDT,DOTUSDT,MATICUSDT,LTCUSDT,BCHUSDT,AVAXUSDT,XLMUSDT,LINKUSDT,XMRUSDT,UNIUSDT,ATOMUSDT', '-interval-list=5m', '-estimator-list=knn', '-stop-loss-list=1.0', '-numeric-features=volume,quote_asset_volume,number_of_trades,taker_buy_base_asset_volume,taker_buy_quote_asset_volume', '-regression-PnL-list=72', '-regression-times-list=0', '-start-train-date=2023-01-01', '-start-test-date=2023-07-01']
2023-10-20 23:20:18;BNBUSDT;5m;knn;repeatededitednearestneighbours;1.0;0;72;0.0181;0.5324;0.5179;0.5179;taker_buy_base_asset_volume,rsi,ema_72p,ema_200p;;0.7;False;2023-01-01;2023-07-22 22:10:00;3;True;<< NOT SAVED >>;['-batch-training', '-calc-rsi', '-normalize', '-no-tune', '-n-jobs=20', '-symbol-list=BTCUSDT,ETHUSDT,BNBUSDT,XRPUSDT,ADAUSDT,DOGEUSDT,SOLUSDT,TRXUSDT,DOTUSDT,MATICUSDT,LTCUSDT,BCHUSDT,AVAXUSDT,XLMUSDT,LINKUSDT,XMRUSDT,UNIUSDT,ATOMUSDT', '-interval-list=5m', '-estimator-list=knn', '-stop-loss-list=1.0', '-numeric-features=volume,quote_asset_volume,number_of_trades,taker_buy_base_asset_volume,taker_buy_quote_asset_volume', '-regression-PnL-list=72', '-regression-times-list=0', '-start-train-date=2023-01-01', '-start-test-date=2023-07-01']
2023-10-20 23:11:28;BNBUSDT;5m;knn;repeatededitednearestneighbours;1.0;0;72;0.0076;0.5432;0.5183;0.5183;quote_asset_volume,number_of_trades,ema_72p,ema_200p;;0.7;False;2023-01-01;2023-07-22 22:10:00;3;True;<< NOT SAVED >>;['-batch-training', '-calc-rsi', '-normalize', '-no-tune', '-n-jobs=20', '-symbol-list=BTCUSDT,ETHUSDT,BNBUSDT,XRPUSDT,ADAUSDT,DOGEUSDT,SOLUSDT,TRXUSDT,DOTUSDT,MATICUSDT,LTCUSDT,BCHUSDT,AVAXUSDT,XLMUSDT,LINKUSDT,XMRUSDT,UNIUSDT,ATOMUSDT', '-interval-list=5m', '-estimator-list=knn', '-stop-loss-list=1.0', '-numeric-features=volume,quote_asset_volume,number_of_trades,taker_buy_base_asset_volume,taker_buy_quote_asset_volume', '-regression-PnL-list=72', '-regression-times-list=0', '-start-train-date=2023-01-01', '-start-test-date=2023-07-01']
2023-10-29 17:50:18;BNBUSDT;5m;knn;repeatededitednearestneighbours;1.0;0;72;0.0;0.4556;0.5188;0.5188;close,quote_asset_volume,rsi,ema_72p;;0.7;False;2023-01-01;2023-07-31 19:40:00;3;True;<< NOT SAVED >>;['-batch-training', '-calc-rsi', '-normalize', '-no-tune', '-n-jobs=20', '-symbol-list=BTCUSDT,ETHUSDT,BNBUSDT,XRPUSDT,ADAUSDT,DOGEUSDT,SOLUSDT,TRXUSDT,DOTUSDT,MATICUSDT,LTCUSDT,BCHUSDT,AVAXUSDT,XLMUSDT,LINKUSDT,XMRUSDT,UNIUSDT,ATOMUSDT', '-interval-list=5m', '-estimator-list=knn', '-stop-loss-list=1.0', '-numeric-features=close,volume,quote_asset_volume,number_of_trades', '-regression-PnL-list=72', '-regression-times-list=0', '-start-train-date=2023-01-01', '-start-test-date=2023-07-01']
2023-10-20 22:34:30;BNBUSDT;5m;knn;repeatededitednearestneighbours;1.0;0;72;0.0041;0.5276;0.5195;0.5195;taker_buy_quote_asset_volume,ema_200p;;0.7;False;2023-01-01;2023-07-22 22:10:00;3;True;<< NOT SAVED >>;['-batch-training', '-calc-rsi', '-normalize', '-no-tune', '-n-jobs=20', '-symbol-list=BTCUSDT,ETHUSDT,BNBUSDT,XRPUSDT,ADAUSDT,DOGEUSDT,SOLUSDT,TRXUSDT,DOTUSDT,MATICUSDT,LTCUSDT,BCHUSDT,AVAXUSDT,XLMUSDT,LINKUSDT,XMRUSDT,UNIUSDT,ATOMUSDT', '-interval-list=5m', '-estimator-list=knn', '-stop-loss-list=1.0', '-numeric-features=volume,quote_asset_volume,number_of_trades,taker_buy_base_asset_volume,taker_buy_quote_asset_volume', '-regression-PnL-list=72', '-regression-times-list=0', '-start-train-date=2023-01-01', '-start-test-date=2023-07-01']
2023-10-20 23:53:05;BNBUSDT;5m;knn;repeatededitednearestneighbours;1.0;0;72;0.0035;0.5514;0.5203;0.5203;quote_asset_volume,number_of_trades,taker_buy_base_asset_volume,taker_buy_quote_asset_volume,rsi,ema_200p;;0.7;False;2023-01-01;2023-07-22 22:10:00;3;True;<< NOT SAVED >>;['-batch-training', '-calc-rsi', '-normalize', '-no-tune', '-n-jobs=20', '-symbol-list=BTCUSDT,ETHUSDT,BNBUSDT,XRPUSDT,ADAUSDT,DOGEUSDT,SOLUSDT,TRXUSDT,DOTUSDT,MATICUSDT,LTCUSDT,BCHUSDT,AVAXUSDT,XLMUSDT,LINKUSDT,XMRUSDT,UNIUSDT,ATOMUSDT', '-interval-list=5m', '-estimator-list=knn', '-stop-loss-list=1.0', '-numeric-features=volume,quote_asset_volume,number_of_trades,taker_buy_base_asset_volume,taker_buy_quote_asset_volume', '-regression-PnL-list=72', '-regression-times-list=0', '-start-train-date=2023-01-01', '-start-test-date=2023-07-01']
2023-10-20 22:41:00;BNBUSDT;5m;knn;repeatededitednearestneighbours;1.0;0;72;0.007;0.5318;0.5206;0.5206;volume,taker_buy_quote_asset_volume,rsi;;0.7;False;2023-01-01;2023-07-22 22:10:00;3;True;<< NOT SAVED >>;['-batch-training', '-calc-rsi', '-normalize', '-no-tune', '-n-jobs=20', '-symbol-list=BTCUSDT,ETHUSDT,BNBUSDT,XRPUSDT,ADAUSDT,DOGEUSDT,SOLUSDT,TRXUSDT,DOTUSDT,MATICUSDT,LTCUSDT,BCHUSDT,AVAXUSDT,XLMUSDT,LINKUSDT,XMRUSDT,UNIUSDT,ATOMUSDT', '-interval-list=5m', '-estimator-list=knn', '-stop-loss-list=1.0', '-numeric-features=volume,quote_asset_volume,number_of_trades,taker_buy_base_asset_volume,taker_buy_quote_asset_volume', '-regression-PnL-list=72', '-regression-times-list=0', '-start-train-date=2023-01-01', '-start-test-date=2023-07-01']
2023-10-20 23:39:16;BNBUSDT;5m;knn;repeatededitednearestneighbours;1.0;0;72;0.0035;0.5512;0.5206;0.5206;quote_asset_volume,taker_buy_base_asset_volume,taker_buy_quote_asset_volume,rsi,ema_200p;;0.7;False;2023-01-01;2023-07-22 22:10:00;3;True;<< NOT SAVED >>;['-batch-training', '-calc-rsi', '-normalize', '-no-tune', '-n-jobs=20', '-symbol-list=BTCUSDT,ETHUSDT,BNBUSDT,XRPUSDT,ADAUSDT,DOGEUSDT,SOLUSDT,TRXUSDT,DOTUSDT,MATICUSDT,LTCUSDT,BCHUSDT,AVAXUSDT,XLMUSDT,LINKUSDT,XMRUSDT,UNIUSDT,ATOMUSDT', '-interval-list=5m', '-estimator-list=knn', '-stop-loss-list=1.0', '-numeric-features=volume,quote_asset_volume,number_of_trades,taker_buy_base_asset_volume,taker_buy_quote_asset_volume', '-regression-PnL-list=72', '-regression-times-list=0', '-start-train-date=2023-01-01', '-start-test-date=2023-07-01']
2023-10-29 17:50:43;BNBUSDT;5m;knn;repeatededitednearestneighbours;1.0;0;72;0.0003;0.4639;0.5208;0.5208;close,quote_asset_volume,rsi,ema_200p;;0.7;False;2023-01-01;2023-07-31 19:40:00;3;True;<< NOT SAVED >>;['-batch-training', '-calc-rsi', '-normalize', '-no-tune', '-n-jobs=20', '-symbol-list=BTCUSDT,ETHUSDT,BNBUSDT,XRPUSDT,ADAUSDT,DOGEUSDT,SOLUSDT,TRXUSDT,DOTUSDT,MATICUSDT,LTCUSDT,BCHUSDT,AVAXUSDT,XLMUSDT,LINKUSDT,XMRUSDT,UNIUSDT,ATOMUSDT', '-interval-list=5m', '-estimator-list=knn', '-stop-loss-list=1.0', '-numeric-features=close,volume,quote_asset_volume,number_of_trades', '-regression-PnL-list=72', '-regression-times-list=0', '-start-train-date=2023-01-01', '-start-test-date=2023-07-01']
2023-10-20 22:45:31;BNBUSDT;5m;knn;repeatededitednearestneighbours;1.0;0;72;0.0016;0.5432;0.5222;0.5222;quote_asset_volume,taker_buy_base_asset_volume,ema_72p;;0.7;False;2023-01-01;2023-07-22 22:10:00;3;True;<< NOT SAVED >>;['-batch-training', '-calc-rsi', '-normalize', '-no-tune', '-n-jobs=20', '-symbol-list=BTCUSDT,ETHUSDT,BNBUSDT,XRPUSDT,ADAUSDT,DOGEUSDT,SOLUSDT,TRXUSDT,DOTUSDT,MATICUSDT,LTCUSDT,BCHUSDT,AVAXUSDT,XLMUSDT,LINKUSDT,XMRUSDT,UNIUSDT,ATOMUSDT', '-interval-list=5m', '-estimator-list=knn', '-stop-loss-list=1.0', '-numeric-features=volume,quote_asset_volume,number_of_trades,taker_buy_base_asset_volume,taker_buy_quote_asset_volume', '-regression-PnL-list=72', '-regression-times-list=0', '-start-train-date=2023-01-01', '-start-test-date=2023-07-01']
2023-10-29 17:41:57;BNBUSDT;5m;knn;repeatededitednearestneighbours;1.0;0;72;0.0;0.4472;0.5223;0.5223;close,quote_asset_volume,ema_200p;;0.7;False;2023-01-01;2023-07-31 19:40:00;3;True;<< NOT SAVED >>;['-batch-training', '-calc-rsi', '-normalize', '-no-tune', '-n-jobs=20', '-symbol-list=BTCUSDT,ETHUSDT,BNBUSDT,XRPUSDT,ADAUSDT,DOGEUSDT,SOLUSDT,TRXUSDT,DOTUSDT,MATICUSDT,LTCUSDT,BCHUSDT,AVAXUSDT,XLMUSDT,LINKUSDT,XMRUSDT,UNIUSDT,ATOMUSDT', '-interval-list=5m', '-estimator-list=knn', '-stop-loss-list=1.0', '-numeric-features=close,volume,quote_asset_volume,number_of_trades', '-regression-PnL-list=72', '-regression-times-list=0', '-start-train-date=2023-01-01', '-start-test-date=2023-07-01']
2023-10-29 17:49:26;BNBUSDT;5m;knn;repeatededitednearestneighbours;1.0;0;72;0.0;0.434;0.5223;0.5223;close,quote_asset_volume,number_of_trades,ema_72p;;0.7;False;2023-01-01;2023-07-31 19:40:00;3;True;<< NOT SAVED >>;['-batch-training', '-calc-rsi', '-normalize', '-no-tune', '-n-jobs=20', '-symbol-list=BTCUSDT,ETHUSDT,BNBUSDT,XRPUSDT,ADAUSDT,DOGEUSDT,SOLUSDT,TRXUSDT,DOTUSDT,MATICUSDT,LTCUSDT,BCHUSDT,AVAXUSDT,XLMUSDT,LINKUSDT,XMRUSDT,UNIUSDT,ATOMUSDT', '-interval-list=5m', '-estimator-list=knn', '-stop-loss-list=1.0', '-numeric-features=close,volume,quote_asset_volume,number_of_trades', '-regression-PnL-list=72', '-regression-times-list=0', '-start-train-date=2023-01-01', '-start-test-date=2023-07-01']
2023-10-20 23:10:21;BNBUSDT;5m;knn;repeatededitednearestneighbours;1.0;0;72;0.0054;0.5662;0.5226;0.5226;quote_asset_volume,number_of_trades,taker_buy_quote_asset_volume,ema_200p;;0.7;False;2023-01-01;2023-07-22 22:10:00;3;True;<< NOT SAVED >>;['-batch-training', '-calc-rsi', '-normalize', '-no-tune', '-n-jobs=20', '-symbol-list=BTCUSDT,ETHUSDT,BNBUSDT,XRPUSDT,ADAUSDT,DOGEUSDT,SOLUSDT,TRXUSDT,DOTUSDT,MATICUSDT,LTCUSDT,BCHUSDT,AVAXUSDT,XLMUSDT,LINKUSDT,XMRUSDT,UNIUSDT,ATOMUSDT', '-interval-list=5m', '-estimator-list=knn', '-stop-loss-list=1.0', '-numeric-features=volume,quote_asset_volume,number_of_trades,taker_buy_base_asset_volume,taker_buy_quote_asset_volume', '-regression-PnL-list=72', '-regression-times-list=0', '-start-train-date=2023-01-01', '-start-test-date=2023-07-01']
2023-10-20 23:02:30;BNBUSDT;5m;knn;repeatededitednearestneighbours;1.0;0;72;0.0073;0.556;0.5226;0.5226;volume,number_of_trades,taker_buy_quote_asset_volume,ema_72p;;0.7;False;2023-01-01;2023-07-22 22:10:00;3;True;<< NOT SAVED >>;['-batch-training', '-calc-rsi', '-normalize', '-no-tune', '-n-jobs=20', '-symbol-list=BTCUSDT,ETHUSDT,BNBUSDT,XRPUSDT,ADAUSDT,DOGEUSDT,SOLUSDT,TRXUSDT,DOTUSDT,MATICUSDT,LTCUSDT,BCHUSDT,AVAXUSDT,XLMUSDT,LINKUSDT,XMRUSDT,UNIUSDT,ATOMUSDT', '-interval-list=5m', '-estimator-list=knn', '-stop-loss-list=1.0', '-numeric-features=volume,quote_asset_volume,number_of_trades,taker_buy_base_asset_volume,taker_buy_quote_asset_volume', '-regression-PnL-list=72', '-regression-times-list=0', '-start-train-date=2023-01-01', '-start-test-date=2023-07-01']
2023-10-20 23:52:38;BNBUSDT;5m;knn;repeatededitednearestneighbours;1.0;0;72;0.0029;0.5467;0.523;0.523;quote_asset_volume,number_of_trades,taker_buy_base_asset_volume,taker_buy_quote_asset_volume,rsi,ema_72p;;0.7;False;2023-01-01;2023-07-22 22:10:00;3;True;<< NOT SAVED >>;['-batch-training', '-calc-rsi', '-normalize', '-no-tune', '-n-jobs=20', '-symbol-list=BTCUSDT,ETHUSDT,BNBUSDT,XRPUSDT,ADAUSDT,DOGEUSDT,SOLUSDT,TRXUSDT,DOTUSDT,MATICUSDT,LTCUSDT,BCHUSDT,AVAXUSDT,XLMUSDT,LINKUSDT,XMRUSDT,UNIUSDT,ATOMUSDT', '-interval-list=5m', '-estimator-list=knn', '-stop-loss-list=1.0', '-numeric-features=volume,quote_asset_volume,number_of_trades,taker_buy_base_asset_volume,taker_buy_quote_asset_volume', '-regression-PnL-list=72', '-regression-times-list=0', '-start-train-date=2023-01-01', '-start-test-date=2023-07-01']
2023-10-20 23:38:52;BNBUSDT;5m;knn;repeatededitednearestneighbours;1.0;0;72;0.0035;0.5489;0.523;0.523;quote_asset_volume,taker_buy_base_asset_volume,taker_buy_quote_asset_volume,rsi,ema_72p;;0.7;False;2023-01-01;2023-07-22 22:10:00;3;True;<< NOT SAVED >>;['-batch-training', '-calc-rsi', '-normalize', '-no-tune', '-n-jobs=20', '-symbol-list=BTCUSDT,ETHUSDT,BNBUSDT,XRPUSDT,ADAUSDT,DOGEUSDT,SOLUSDT,TRXUSDT,DOTUSDT,MATICUSDT,LTCUSDT,BCHUSDT,AVAXUSDT,XLMUSDT,LINKUSDT,XMRUSDT,UNIUSDT,ATOMUSDT', '-interval-list=5m', '-estimator-list=knn', '-stop-loss-list=1.0', '-numeric-features=volume,quote_asset_volume,number_of_trades,taker_buy_base_asset_volume,taker_buy_quote_asset_volume', '-regression-PnL-list=72', '-regression-times-list=0', '-start-train-date=2023-01-01', '-start-test-date=2023-07-01']
2023-10-20 22:34:12;BNBUSDT;5m;knn;repeatededitednearestneighbours;1.0;0;72;0.0025;0.5328;0.523;0.523;taker_buy_quote_asset_volume,ema_72p;;0.7;False;2023-01-01;2023-07-22 22:10:00;3;True;<< NOT SAVED >>;['-batch-training', '-calc-rsi', '-normalize', '-no-tune', '-n-jobs=20', '-symbol-list=BTCUSDT,ETHUSDT,BNBUSDT,XRPUSDT,ADAUSDT,DOGEUSDT,SOLUSDT,TRXUSDT,DOTUSDT,MATICUSDT,LTCUSDT,BCHUSDT,AVAXUSDT,XLMUSDT,LINKUSDT,XMRUSDT,UNIUSDT,ATOMUSDT', '-interval-list=5m', '-estimator-list=knn', '-stop-loss-list=1.0', '-numeric-features=volume,quote_asset_volume,number_of_trades,taker_buy_base_asset_volume,taker_buy_quote_asset_volume', '-regression-PnL-list=72', '-regression-times-list=0', '-start-train-date=2023-01-01', '-start-test-date=2023-07-01']
2023-10-20 23:27:46;BNBUSDT;5m;knn;repeatededitednearestneighbours;1.0;0;72;0.0048;0.548;0.5237;0.5237;volume,quote_asset_volume,taker_buy_quote_asset_volume,rsi,ema_200p;;0.7;False;2023-01-01;2023-07-22 22:10:00;3;True;<< NOT SAVED >>;['-batch-training', '-calc-rsi', '-normalize', '-no-tune', '-n-jobs=20', '-symbol-list=BTCUSDT,ETHUSDT,BNBUSDT,XRPUSDT,ADAUSDT,DOGEUSDT,SOLUSDT,TRXUSDT,DOTUSDT,MATICUSDT,LTCUSDT,BCHUSDT,AVAXUSDT,XLMUSDT,LINKUSDT,XMRUSDT,UNIUSDT,ATOMUSDT', '-interval-list=5m', '-estimator-list=knn', '-stop-loss-list=1.0', '-numeric-features=volume,quote_asset_volume,number_of_trades,taker_buy_base_asset_volume,taker_buy_quote_asset_volume', '-regression-PnL-list=72', '-regression-times-list=0', '-start-train-date=2023-01-01', '-start-test-date=2023-07-01']
2023-10-20 22:39:35;BNBUSDT;5m;knn;repeatededitednearestneighbours;1.0;0;72;0.0209;0.5172;0.5241;0.5241;volume,taker_buy_base_asset_volume,taker_buy_quote_asset_volume;;0.7;False;2023-01-01;2023-07-22 22:10:00;3;True;<< NOT SAVED >>;['-batch-training', '-calc-rsi', '-normalize', '-no-tune', '-n-jobs=20', '-symbol-list=BTCUSDT,ETHUSDT,BNBUSDT,XRPUSDT,ADAUSDT,DOGEUSDT,SOLUSDT,TRXUSDT,DOTUSDT,MATICUSDT,LTCUSDT,BCHUSDT,AVAXUSDT,XLMUSDT,LINKUSDT,XMRUSDT,UNIUSDT,ATOMUSDT', '-interval-list=5m', '-estimator-list=knn', '-stop-loss-list=1.0', '-numeric-features=volume,quote_asset_volume,number_of_trades,taker_buy_base_asset_volume,taker_buy_quote_asset_volume', '-regression-PnL-list=72', '-regression-times-list=0', '-start-train-date=2023-01-01', '-start-test-date=2023-07-01']
2023-10-20 22:46:53;BNBUSDT;5m;knn;repeatededitednearestneighbours;1.0;0;72;0.0076;0.566;0.5245;0.5245;quote_asset_volume,taker_buy_quote_asset_volume,ema_200p;;0.7;False;2023-01-01;2023-07-22 22:10:00;3;True;<< NOT SAVED >>;['-batch-training', '-calc-rsi', '-normalize', '-no-tune', '-n-jobs=20', '-symbol-list=BTCUSDT,ETHUSDT,BNBUSDT,XRPUSDT,ADAUSDT,DOGEUSDT,SOLUSDT,TRXUSDT,DOTUSDT,MATICUSDT,LTCUSDT,BCHUSDT,AVAXUSDT,XLMUSDT,LINKUSDT,XMRUSDT,UNIUSDT,ATOMUSDT', '-interval-list=5m', '-estimator-list=knn', '-stop-loss-list=1.0', '-numeric-features=volume,quote_asset_volume,number_of_trades,taker_buy_base_asset_volume,taker_buy_quote_asset_volume', '-regression-PnL-list=72', '-regression-times-list=0', '-start-train-date=2023-01-01', '-start-test-date=2023-07-01']
2023-10-20 23:03:39;BNBUSDT;5m;knn;repeatededitednearestneighbours;1.0;0;72;0.0051;0.5077;0.5249;0.5249;volume,number_of_trades,rsi,ema_200p;;0.7;False;2023-01-01;2023-07-22 22:10:00;3;True;<< NOT SAVED >>;['-batch-training', '-calc-rsi', '-normalize', '-no-tune', '-n-jobs=20', '-symbol-list=BTCUSDT,ETHUSDT,BNBUSDT,XRPUSDT,ADAUSDT,DOGEUSDT,SOLUSDT,TRXUSDT,DOTUSDT,MATICUSDT,LTCUSDT,BCHUSDT,AVAXUSDT,XLMUSDT,LINKUSDT,XMRUSDT,UNIUSDT,ATOMUSDT', '-interval-list=5m', '-estimator-list=knn', '-stop-loss-list=1.0', '-numeric-features=volume,quote_asset_volume,number_of_trades,taker_buy_base_asset_volume,taker_buy_quote_asset_volume', '-regression-PnL-list=72', '-regression-times-list=0', '-start-train-date=2023-01-01', '-start-test-date=2023-07-01']
2023-10-20 22:39:57;BNBUSDT;5m;knn;repeatededitednearestneighbours;1.0;0;72;0.0152;0.5192;0.5249;0.5249;volume,taker_buy_base_asset_volume,rsi;;0.7;False;2023-01-01;2023-07-22 22:10:00;3;True;<< NOT SAVED >>;['-batch-training', '-calc-rsi', '-normalize', '-no-tune', '-n-jobs=20', '-symbol-list=BTCUSDT,ETHUSDT,BNBUSDT,XRPUSDT,ADAUSDT,DOGEUSDT,SOLUSDT,TRXUSDT,DOTUSDT,MATICUSDT,LTCUSDT,BCHUSDT,AVAXUSDT,XLMUSDT,LINKUSDT,XMRUSDT,UNIUSDT,ATOMUSDT', '-interval-list=5m', '-estimator-list=knn', '-stop-loss-list=1.0', '-numeric-features=volume,quote_asset_volume,number_of_trades,taker_buy_base_asset_volume,taker_buy_quote_asset_volume', '-regression-PnL-list=72', '-regression-times-list=0', '-start-train-date=2023-01-01', '-start-test-date=2023-07-01']
2023-10-20 22:38:53;BNBUSDT;5m;knn;repeatededitednearestneighbours;1.0;0;72;0.0076;0.5385;0.5249;0.5249;volume,number_of_trades,ema_72p;;0.7;False;2023-01-01;2023-07-22 22:10:00;3;True;<< NOT SAVED >>;['-batch-training', '-calc-rsi', '-normalize', '-no-tune', '-n-jobs=20', '-symbol-list=BTCUSDT,ETHUSDT,BNBUSDT,XRPUSDT,ADAUSDT,DOGEUSDT,SOLUSDT,TRXUSDT,DOTUSDT,MATICUSDT,LTCUSDT,BCHUSDT,AVAXUSDT,XLMUSDT,LINKUSDT,XMRUSDT,UNIUSDT,ATOMUSDT', '-interval-list=5m', '-estimator-list=knn', '-stop-loss-list=1.0', '-numeric-features=volume,quote_asset_volume,number_of_trades,taker_buy_base_asset_volume,taker_buy_quote_asset_volume', '-regression-PnL-list=72', '-regression-times-list=0', '-start-train-date=2023-01-01', '-start-test-date=2023-07-01']
2023-10-20 23:31:21;BNBUSDT;5m;knn;repeatededitednearestneighbours;1.0;0;72;0.0041;0.5172;0.5261;0.5261;volume,number_of_trades,taker_buy_quote_asset_volume,rsi,ema_72p;;0.7;False;2023-01-01;2023-07-22 22:10:00;3;True;<< NOT SAVED >>;['-batch-training', '-calc-rsi', '-normalize', '-no-tune', '-n-jobs=20', '-symbol-list=BTCUSDT,ETHUSDT,BNBUSDT,XRPUSDT,ADAUSDT,DOGEUSDT,SOLUSDT,TRXUSDT,DOTUSDT,MATICUSDT,LTCUSDT,BCHUSDT,AVAXUSDT,XLMUSDT,LINKUSDT,XMRUSDT,UNIUSDT,ATOMUSDT', '-interval-list=5m', '-estimator-list=knn', '-stop-loss-list=1.0', '-numeric-features=volume,quote_asset_volume,number_of_trades,taker_buy_base_asset_volume,taker_buy_quote_asset_volume', '-regression-PnL-list=72', '-regression-times-list=0', '-start-train-date=2023-01-01', '-start-test-date=2023-07-01']
2023-10-20 22:46:33;BNBUSDT;5m;knn;repeatededitednearestneighbours;1.0;0;72;0.0076;0.56;0.5276;0.5276;quote_asset_volume,taker_buy_quote_asset_volume,ema_72p;;0.7;False;2023-01-01;2023-07-22 22:10:00;3;True;<< NOT SAVED >>;['-batch-training', '-calc-rsi', '-normalize', '-no-tune', '-n-jobs=20', '-symbol-list=BTCUSDT,ETHUSDT,BNBUSDT,XRPUSDT,ADAUSDT,DOGEUSDT,SOLUSDT,TRXUSDT,DOTUSDT,MATICUSDT,LTCUSDT,BCHUSDT,AVAXUSDT,XLMUSDT,LINKUSDT,XMRUSDT,UNIUSDT,ATOMUSDT', '-interval-list=5m', '-estimator-list=knn', '-stop-loss-list=1.0', '-numeric-features=volume,quote_asset_volume,number_of_trades,taker_buy_base_asset_volume,taker_buy_quote_asset_volume', '-regression-PnL-list=72', '-regression-times-list=0', '-start-train-date=2023-01-01', '-start-test-date=2023-07-01']
2023-10-20 23:27:23;BNBUSDT;5m;knn;repeatededitednearestneighbours;1.0;0;72;0.0048;0.5425;0.5284;0.5284;volume,quote_asset_volume,taker_buy_quote_asset_volume,rsi,ema_72p;;0.7;False;2023-01-01;2023-07-22 22:10:00;3;True;<< NOT SAVED >>;['-batch-training', '-calc-rsi', '-normalize', '-no-tune', '-n-jobs=20', '-symbol-list=BTCUSDT,ETHUSDT,BNBUSDT,XRPUSDT,ADAUSDT,DOGEUSDT,SOLUSDT,TRXUSDT,DOTUSDT,MATICUSDT,LTCUSDT,BCHUSDT,AVAXUSDT,XLMUSDT,LINKUSDT,XMRUSDT,UNIUSDT,ATOMUSDT', '-interval-list=5m', '-estimator-list=knn', '-stop-loss-list=1.0', '-numeric-features=volume,quote_asset_volume,number_of_trades,taker_buy_base_asset_volume,taker_buy_quote_asset_volume', '-regression-PnL-list=72', '-regression-times-list=0', '-start-train-date=2023-01-01', '-start-test-date=2023-07-01']
2023-10-20 23:12:55;BNBUSDT;5m;knn;repeatededitednearestneighbours;1.0;0;72;0.0013;0.5211;0.5291;0.5291;quote_asset_volume,taker_buy_base_asset_volume,rsi,ema_72p;;0.7;False;2023-01-01;2023-07-22 22:10:00;3;True;<< NOT SAVED >>;['-batch-training', '-calc-rsi', '-normalize', '-no-tune', '-n-jobs=20', '-symbol-list=BTCUSDT,ETHUSDT,BNBUSDT,XRPUSDT,ADAUSDT,DOGEUSDT,SOLUSDT,TRXUSDT,DOTUSDT,MATICUSDT,LTCUSDT,BCHUSDT,AVAXUSDT,XLMUSDT,LINKUSDT,XMRUSDT,UNIUSDT,ATOMUSDT', '-interval-list=5m', '-estimator-list=knn', '-stop-loss-list=1.0', '-numeric-features=volume,quote_asset_volume,number_of_trades,taker_buy_base_asset_volume,taker_buy_quote_asset_volume', '-regression-PnL-list=72', '-regression-times-list=0', '-start-train-date=2023-01-01', '-start-test-date=2023-07-01']
2023-10-20 23:46:21;BNBUSDT;5m;knn;repeatededitednearestneighbours;1.0;0;72;0.0044;0.5456;0.5291;0.5291;volume,quote_asset_volume,number_of_trades,taker_buy_quote_asset_volume,rsi,ema_200p;;0.7;False;2023-01-01;2023-07-22 22:10:00;3;True;<< NOT SAVED >>;['-batch-training', '-calc-rsi', '-normalize', '-no-tune', '-n-jobs=20', '-symbol-list=BTCUSDT,ETHUSDT,BNBUSDT,XRPUSDT,ADAUSDT,DOGEUSDT,SOLUSDT,TRXUSDT,DOTUSDT,MATICUSDT,LTCUSDT,BCHUSDT,AVAXUSDT,XLMUSDT,LINKUSDT,XMRUSDT,UNIUSDT,ATOMUSDT', '-interval-list=5m', '-estimator-list=knn', '-stop-loss-list=1.0', '-numeric-features=volume,quote_asset_volume,number_of_trades,taker_buy_base_asset_volume,taker_buy_quote_asset_volume', '-regression-PnL-list=72', '-regression-times-list=0', '-start-train-date=2023-01-01', '-start-test-date=2023-07-01']
2023-10-20 23:38:28;BNBUSDT;5m;knn;repeatededitednearestneighbours;1.0;0;72;0.006;0.5117;0.5295;0.5295;quote_asset_volume,number_of_trades,rsi,ema_72p,ema_200p;;0.7;False;2023-01-01;2023-07-22 22:10:00;3;True;<< NOT SAVED >>;['-batch-training', '-calc-rsi', '-normalize', '-no-tune', '-n-jobs=20', '-symbol-list=BTCUSDT,ETHUSDT,BNBUSDT,XRPUSDT,ADAUSDT,DOGEUSDT,SOLUSDT,TRXUSDT,DOTUSDT,MATICUSDT,LTCUSDT,BCHUSDT,AVAXUSDT,XLMUSDT,LINKUSDT,XMRUSDT,UNIUSDT,ATOMUSDT', '-interval-list=5m', '-estimator-list=knn', '-stop-loss-list=1.0', '-numeric-features=volume,quote_asset_volume,number_of_trades,taker_buy_base_asset_volume,taker_buy_quote_asset_volume', '-regression-PnL-list=72', '-regression-times-list=0', '-start-train-date=2023-01-01', '-start-test-date=2023-07-01']
2023-10-20 22:36:06;BNBUSDT;5m;knn;repeatededitednearestneighbours;1.0;0;72;0.014;0.504;0.5299;0.5299;volume,quote_asset_volume,taker_buy_base_asset_volume;;0.7;False;2023-01-01;2023-07-22 22:10:00;3;True;<< NOT SAVED >>;['-batch-training', '-calc-rsi', '-normalize', '-no-tune', '-n-jobs=20', '-symbol-list=BTCUSDT,ETHUSDT,BNBUSDT,XRPUSDT,ADAUSDT,DOGEUSDT,SOLUSDT,TRXUSDT,DOTUSDT,MATICUSDT,LTCUSDT,BCHUSDT,AVAXUSDT,XLMUSDT,LINKUSDT,XMRUSDT,UNIUSDT,ATOMUSDT', '-interval-list=5m', '-estimator-list=knn', '-stop-loss-list=1.0', '-numeric-features=volume,quote_asset_volume,number_of_trades,taker_buy_base_asset_volume,taker_buy_quote_asset_volume', '-regression-PnL-list=72', '-regression-times-list=0', '-start-train-date=2023-01-01', '-start-test-date=2023-07-01']
2023-10-20 23:12:33;BNBUSDT;5m;knn;repeatededitednearestneighbours;1.0;0;72;0.0019;0.5574;0.5303;0.5303;quote_asset_volume,taker_buy_base_asset_volume,taker_buy_quote_asset_volume,ema_200p;;0.7;False;2023-01-01;2023-07-22 22:10:00;3;True;<< NOT SAVED >>;['-batch-training', '-calc-rsi', '-normalize', '-no-tune', '-n-jobs=20', '-symbol-list=BTCUSDT,ETHUSDT,BNBUSDT,XRPUSDT,ADAUSDT,DOGEUSDT,SOLUSDT,TRXUSDT,DOTUSDT,MATICUSDT,LTCUSDT,BCHUSDT,AVAXUSDT,XLMUSDT,LINKUSDT,XMRUSDT,UNIUSDT,ATOMUSDT', '-interval-list=5m', '-estimator-list=knn', '-stop-loss-list=1.0', '-numeric-features=volume,quote_asset_volume,number_of_trades,taker_buy_base_asset_volume,taker_buy_quote_asset_volume', '-regression-PnL-list=72', '-regression-times-list=0', '-start-train-date=2023-01-01', '-start-test-date=2023-07-01']
2023-10-29 18:03:46;BNBUSDT;5m;knn;instancehardnessthreshold;1.0;0;72;0.0917;0.3536;0.5304;0.5304;close,volume,quote_asset_volume,number_of_trades,rsi,ema_72p,ema_200p;;0.7;False;2023-01-01;2023-07-31 19:40:00;3;True;<< NOT SAVED >>;['-batch-training', '-calc-rsi', '-normalize', '-no-tune', '-n-jobs=20', '-symbol-list=BTCUSDT,ETHUSDT,BNBUSDT,XRPUSDT,ADAUSDT,DOGEUSDT,SOLUSDT,TRXUSDT,DOTUSDT,MATICUSDT,LTCUSDT,BCHUSDT,AVAXUSDT,XLMUSDT,LINKUSDT,XMRUSDT,UNIUSDT,ATOMUSDT', '-interval-list=5m', '-estimator-list=knn', '-stop-loss-list=1.0', '-numeric-features=close,volume,quote_asset_volume,number_of_trades', '-regression-PnL-list=72', '-regression-times-list=0', '-start-train-date=2023-01-01', '-start-test-date=2023-07-01']
2023-10-20 23:09:59;BNBUSDT;5m;knn;repeatededitednearestneighbours;1.0;0;72;0.0041;0.5582;0.5307;0.5307;quote_asset_volume,number_of_trades,taker_buy_quote_asset_volume,ema_72p;;0.7;False;2023-01-01;2023-07-22 22:10:00;3;True;<< NOT SAVED >>;['-batch-training', '-calc-rsi', '-normalize', '-no-tune', '-n-jobs=20', '-symbol-list=BTCUSDT,ETHUSDT,BNBUSDT,XRPUSDT,ADAUSDT,DOGEUSDT,SOLUSDT,TRXUSDT,DOTUSDT,MATICUSDT,LTCUSDT,BCHUSDT,AVAXUSDT,XLMUSDT,LINKUSDT,XMRUSDT,UNIUSDT,ATOMUSDT', '-interval-list=5m', '-estimator-list=knn', '-stop-loss-list=1.0', '-numeric-features=volume,quote_asset_volume,number_of_trades,taker_buy_base_asset_volume,taker_buy_quote_asset_volume', '-regression-PnL-list=72', '-regression-times-list=0', '-start-train-date=2023-01-01', '-start-test-date=2023-07-01']
2023-10-29 18:02:03;BNBUSDT;5m;knn;instancehardnessthreshold;1.0;0;72;0.0902;0.3446;0.531;0.531;close,volume,quote_asset_volume,rsi,ema_72p,ema_200p;;0.7;False;2023-01-01;2023-07-31 19:40:00;3;True;<< NOT SAVED >>;['-batch-training', '-calc-rsi', '-normalize', '-no-tune', '-n-jobs=20', '-symbol-list=BTCUSDT,ETHUSDT,BNBUSDT,XRPUSDT,ADAUSDT,DOGEUSDT,SOLUSDT,TRXUSDT,DOTUSDT,MATICUSDT,LTCUSDT,BCHUSDT,AVAXUSDT,XLMUSDT,LINKUSDT,XMRUSDT,UNIUSDT,ATOMUSDT', '-interval-list=5m', '-estimator-list=knn', '-stop-loss-list=1.0', '-numeric-features=close,volume,quote_asset_volume,number_of_trades', '-regression-PnL-list=72', '-regression-times-list=0', '-start-train-date=2023-01-01', '-start-test-date=2023-07-01']
2023-10-20 23:03:16;BNBUSDT;5m;knn;repeatededitednearestneighbours;1.0;0;72;0.0054;0.5055;0.5326;0.5326;volume,number_of_trades,rsi,ema_72p;;0.7;False;2023-01-01;2023-07-22 22:10:00;3;True;<< NOT SAVED >>;['-batch-training', '-calc-rsi', '-normalize', '-no-tune', '-n-jobs=20', '-symbol-list=BTCUSDT,ETHUSDT,BNBUSDT,XRPUSDT,ADAUSDT,DOGEUSDT,SOLUSDT,TRXUSDT,DOTUSDT,MATICUSDT,LTCUSDT,BCHUSDT,AVAXUSDT,XLMUSDT,LINKUSDT,XMRUSDT,UNIUSDT,ATOMUSDT', '-interval-list=5m', '-estimator-list=knn', '-stop-loss-list=1.0', '-numeric-features=volume,quote_asset_volume,number_of_trades,taker_buy_base_asset_volume,taker_buy_quote_asset_volume', '-regression-PnL-list=72', '-regression-times-list=0', '-start-train-date=2023-01-01', '-start-test-date=2023-07-01']
2023-10-20 23:07:43;BNBUSDT;5m;knn;repeatededitednearestneighbours;1.0;0;72;0.02;0.5227;0.5342;0.5342;volume,rsi,ema_72p,ema_200p;;0.7;False;2023-01-01;2023-07-22 22:10:00;3;True;<< NOT SAVED >>;['-batch-training', '-calc-rsi', '-normalize', '-no-tune', '-n-jobs=20', '-symbol-list=BTCUSDT,ETHUSDT,BNBUSDT,XRPUSDT,ADAUSDT,DOGEUSDT,SOLUSDT,TRXUSDT,DOTUSDT,MATICUSDT,LTCUSDT,BCHUSDT,AVAXUSDT,XLMUSDT,LINKUSDT,XMRUSDT,UNIUSDT,ATOMUSDT', '-interval-list=5m', '-estimator-list=knn', '-stop-loss-list=1.0', '-numeric-features=volume,quote_asset_volume,number_of_trades,taker_buy_base_asset_volume,taker_buy_quote_asset_volume', '-regression-PnL-list=72', '-regression-times-list=0', '-start-train-date=2023-01-01', '-start-test-date=2023-07-01']
2023-10-20 23:13:17;BNBUSDT;5m;knn;repeatededitednearestneighbours;1.0;0;72;0.0022;0.5266;0.5357;0.5357;quote_asset_volume,taker_buy_base_asset_volume,rsi,ema_200p;;0.7;False;2023-01-01;2023-07-22 22:10:00;3;True;<< NOT SAVED >>;['-batch-training', '-calc-rsi', '-normalize', '-no-tune', '-n-jobs=20', '-symbol-list=BTCUSDT,ETHUSDT,BNBUSDT,XRPUSDT,ADAUSDT,DOGEUSDT,SOLUSDT,TRXUSDT,DOTUSDT,MATICUSDT,LTCUSDT,BCHUSDT,AVAXUSDT,XLMUSDT,LINKUSDT,XMRUSDT,UNIUSDT,ATOMUSDT', '-interval-list=5m', '-estimator-list=knn', '-stop-loss-list=1.0', '-numeric-features=volume,quote_asset_volume,number_of_trades,taker_buy_base_asset_volume,taker_buy_quote_asset_volume', '-regression-PnL-list=72', '-regression-times-list=0', '-start-train-date=2023-01-01', '-start-test-date=2023-07-01']
2023-10-20 23:45:53;BNBUSDT;5m;knn;repeatededitednearestneighbours;1.0;0;72;0.0032;0.541;0.5361;0.5361;volume,quote_asset_volume,number_of_trades,taker_buy_quote_asset_volume,rsi,ema_72p;;0.7;False;2023-01-01;2023-07-22 22:10:00;3;True;<< NOT SAVED >>;['-batch-training', '-calc-rsi', '-normalize', '-no-tune', '-n-jobs=20', '-symbol-list=BTCUSDT,ETHUSDT,BNBUSDT,XRPUSDT,ADAUSDT,DOGEUSDT,SOLUSDT,TRXUSDT,DOTUSDT,MATICUSDT,LTCUSDT,BCHUSDT,AVAXUSDT,XLMUSDT,LINKUSDT,XMRUSDT,UNIUSDT,ATOMUSDT', '-interval-list=5m', '-estimator-list=knn', '-stop-loss-list=1.0', '-numeric-features=volume,quote_asset_volume,number_of_trades,taker_buy_base_asset_volume,taker_buy_quote_asset_volume', '-regression-PnL-list=72', '-regression-times-list=0', '-start-train-date=2023-01-01', '-start-test-date=2023-07-01']
2023-10-20 23:29:41;BNBUSDT;5m;knn;repeatededitednearestneighbours;1.0;0;72;0.0155;0.5326;0.5365;0.5365;volume,number_of_trades,taker_buy_base_asset_volume,taker_buy_quote_asset_volume,ema_200p;;0.7;False;2023-01-01;2023-07-22 22:10:00;3;True;<< NOT SAVED >>;['-batch-training', '-calc-rsi', '-normalize', '-no-tune', '-n-jobs=20', '-symbol-list=BTCUSDT,ETHUSDT,BNBUSDT,XRPUSDT,ADAUSDT,DOGEUSDT,SOLUSDT,TRXUSDT,DOTUSDT,MATICUSDT,LTCUSDT,BCHUSDT,AVAXUSDT,XLMUSDT,LINKUSDT,XMRUSDT,UNIUSDT,ATOMUSDT', '-interval-list=5m', '-estimator-list=knn', '-stop-loss-list=1.0', '-numeric-features=volume,quote_asset_volume,number_of_trades,taker_buy_base_asset_volume,taker_buy_quote_asset_volume', '-regression-PnL-list=72', '-regression-times-list=0', '-start-train-date=2023-01-01', '-start-test-date=2023-07-01']
2023-10-20 22:37:09;BNBUSDT;5m;knn;repeatededitednearestneighbours;1.0;0;72;0.025;0.519;0.5384;0.5384;volume,quote_asset_volume,ema_72p;;0.7;False;2023-01-01;2023-07-22 22:10:00;3;True;<< NOT SAVED >>;['-batch-training', '-calc-rsi', '-normalize', '-no-tune', '-n-jobs=20', '-symbol-list=BTCUSDT,ETHUSDT,BNBUSDT,XRPUSDT,ADAUSDT,DOGEUSDT,SOLUSDT,TRXUSDT,DOTUSDT,MATICUSDT,LTCUSDT,BCHUSDT,AVAXUSDT,XLMUSDT,LINKUSDT,XMRUSDT,UNIUSDT,ATOMUSDT', '-interval-list=5m', '-estimator-list=knn', '-stop-loss-list=1.0', '-numeric-features=volume,quote_asset_volume,number_of_trades,taker_buy_base_asset_volume,taker_buy_quote_asset_volume', '-regression-PnL-list=72', '-regression-times-list=0', '-start-train-date=2023-01-01', '-start-test-date=2023-07-01']
2023-10-20 23:16:12;BNBUSDT;5m;knn;repeatededitednearestneighbours;1.0;0;72;0.014;0.5232;0.5388;0.5388;number_of_trades,taker_buy_base_asset_volume,taker_buy_quote_asset_volume,ema_200p;;0.7;False;2023-01-01;2023-07-22 22:10:00;3;True;<< NOT SAVED >>;['-batch-training', '-calc-rsi', '-normalize', '-no-tune', '-n-jobs=20', '-symbol-list=BTCUSDT,ETHUSDT,BNBUSDT,XRPUSDT,ADAUSDT,DOGEUSDT,SOLUSDT,TRXUSDT,DOTUSDT,MATICUSDT,LTCUSDT,BCHUSDT,AVAXUSDT,XLMUSDT,LINKUSDT,XMRUSDT,UNIUSDT,ATOMUSDT', '-interval-list=5m', '-estimator-list=knn', '-stop-loss-list=1.0', '-numeric-features=volume,quote_asset_volume,number_of_trades,taker_buy_base_asset_volume,taker_buy_quote_asset_volume', '-regression-PnL-list=72', '-regression-times-list=0', '-start-train-date=2023-01-01', '-start-test-date=2023-07-01']
2023-10-20 23:12:11;BNBUSDT;5m;knn;repeatededitednearestneighbours;1.0;0;72;0.0025;0.5513;0.5392;0.5392;quote_asset_volume,taker_buy_base_asset_volume,taker_buy_quote_asset_volume,ema_72p;;0.7;False;2023-01-01;2023-07-22 22:10:00;3;True;<< NOT SAVED >>;['-batch-training', '-calc-rsi', '-normalize', '-no-tune', '-n-jobs=20', '-symbol-list=BTCUSDT,ETHUSDT,BNBUSDT,XRPUSDT,ADAUSDT,DOGEUSDT,SOLUSDT,TRXUSDT,DOTUSDT,MATICUSDT,LTCUSDT,BCHUSDT,AVAXUSDT,XLMUSDT,LINKUSDT,XMRUSDT,UNIUSDT,ATOMUSDT', '-interval-list=5m', '-estimator-list=knn', '-stop-loss-list=1.0', '-numeric-features=volume,quote_asset_volume,number_of_trades,taker_buy_base_asset_volume,taker_buy_quote_asset_volume', '-regression-PnL-list=72', '-regression-times-list=0', '-start-train-date=2023-01-01', '-start-test-date=2023-07-01']
2023-10-20 23:41:58;BNBUSDT;5m;knn;repeatededitednearestneighbours;1.0;0;72;0.0041;0.5047;0.5396;0.5396;number_of_trades,taker_buy_base_asset_volume,rsi,ema_72p,ema_200p;;0.7;False;2023-01-01;2023-07-22 22:10:00;3;True;<< NOT SAVED >>;['-batch-training', '-calc-rsi', '-normalize', '-no-tune', '-n-jobs=20', '-symbol-list=BTCUSDT,ETHUSDT,BNBUSDT,XRPUSDT,ADAUSDT,DOGEUSDT,SOLUSDT,TRXUSDT,DOTUSDT,MATICUSDT,LTCUSDT,BCHUSDT,AVAXUSDT,XLMUSDT,LINKUSDT,XMRUSDT,UNIUSDT,ATOMUSDT', '-interval-list=5m', '-estimator-list=knn', '-stop-loss-list=1.0', '-numeric-features=volume,quote_asset_volume,number_of_trades,taker_buy_base_asset_volume,taker_buy_quote_asset_volume', '-regression-PnL-list=72', '-regression-times-list=0', '-start-train-date=2023-01-01', '-start-test-date=2023-07-01']
2023-10-20 23:54:26;BNBUSDT;5m;knn;repeatededitednearestneighbours;1.0;0;72;0.0054;0.5335;0.5396;0.5396;quote_asset_volume,number_of_trades,taker_buy_quote_asset_volume,rsi,ema_72p,ema_200p;;0.7;False;2023-01-01;2023-07-22 22:10:00;3;True;<< NOT SAVED >>;['-batch-training', '-calc-rsi', '-normalize', '-no-tune', '-n-jobs=20', '-symbol-list=BTCUSDT,ETHUSDT,BNBUSDT,XRPUSDT,ADAUSDT,DOGEUSDT,SOLUSDT,TRXUSDT,DOTUSDT,MATICUSDT,LTCUSDT,BCHUSDT,AVAXUSDT,XLMUSDT,LINKUSDT,XMRUSDT,UNIUSDT,ATOMUSDT', '-interval-list=5m', '-estimator-list=knn', '-stop-loss-list=1.0', '-numeric-features=volume,quote_asset_volume,number_of_trades,taker_buy_base_asset_volume,taker_buy_quote_asset_volume', '-regression-PnL-list=72', '-regression-times-list=0', '-start-train-date=2023-01-01', '-start-test-date=2023-07-01']
2023-10-20 23:48:06;BNBUSDT;5m;knn;repeatededitednearestneighbours;1.0;0;72;0.0035;0.5419;0.5396;0.5396;volume,quote_asset_volume,taker_buy_base_asset_volume,taker_buy_quote_asset_volume,rsi,ema_200p;;0.7;False;2023-01-01;2023-07-22 22:10:00;3;True;<< NOT SAVED >>;['-batch-training', '-calc-rsi', '-normalize', '-no-tune', '-n-jobs=20', '-symbol-list=BTCUSDT,ETHUSDT,BNBUSDT,XRPUSDT,ADAUSDT,DOGEUSDT,SOLUSDT,TRXUSDT,DOTUSDT,MATICUSDT,LTCUSDT,BCHUSDT,AVAXUSDT,XLMUSDT,LINKUSDT,XMRUSDT,UNIUSDT,ATOMUSDT', '-interval-list=5m', '-estimator-list=knn', '-stop-loss-list=1.0', '-numeric-features=volume,quote_asset_volume,number_of_trades,taker_buy_base_asset_volume,taker_buy_quote_asset_volume', '-regression-PnL-list=72', '-regression-times-list=0', '-start-train-date=2023-01-01', '-start-test-date=2023-07-01']
2023-10-20 23:47:40;BNBUSDT;5m;knn;repeatededitednearestneighbours;1.0;0;72;0.0041;0.5383;0.5403;0.5403;volume,quote_asset_volume,taker_buy_base_asset_volume,taker_buy_quote_asset_volume,rsi,ema_72p;;0.7;False;2023-01-01;2023-07-22 22:10:00;3;True;<< NOT SAVED >>;['-batch-training', '-calc-rsi', '-normalize', '-no-tune', '-n-jobs=20', '-symbol-list=BTCUSDT,ETHUSDT,BNBUSDT,XRPUSDT,ADAUSDT,DOGEUSDT,SOLUSDT,TRXUSDT,DOTUSDT,MATICUSDT,LTCUSDT,BCHUSDT,AVAXUSDT,XLMUSDT,LINKUSDT,XMRUSDT,UNIUSDT,ATOMUSDT', '-interval-list=5m', '-estimator-list=knn', '-stop-loss-list=1.0', '-numeric-features=volume,quote_asset_volume,number_of_trades,taker_buy_base_asset_volume,taker_buy_quote_asset_volume', '-regression-PnL-list=72', '-regression-times-list=0', '-start-train-date=2023-01-01', '-start-test-date=2023-07-01']
2023-10-20 23:04:01;BNBUSDT;5m;knn;repeatededitednearestneighbours;1.0;0;72;0.0067;0.5203;0.5407;0.5407;volume,number_of_trades,ema_72p,ema_200p;;0.7;False;2023-01-01;2023-07-22 22:10:00;3;True;<< NOT SAVED >>;['-batch-training', '-calc-rsi', '-normalize', '-no-tune', '-n-jobs=20', '-symbol-list=BTCUSDT,ETHUSDT,BNBUSDT,XRPUSDT,ADAUSDT,DOGEUSDT,SOLUSDT,TRXUSDT,DOTUSDT,MATICUSDT,LTCUSDT,BCHUSDT,AVAXUSDT,XLMUSDT,LINKUSDT,XMRUSDT,UNIUSDT,ATOMUSDT', '-interval-list=5m', '-estimator-list=knn', '-stop-loss-list=1.0', '-numeric-features=volume,quote_asset_volume,number_of_trades,taker_buy_base_asset_volume,taker_buy_quote_asset_volume', '-regression-PnL-list=72', '-regression-times-list=0', '-start-train-date=2023-01-01', '-start-test-date=2023-07-01']
2023-10-29 17:56:38;BNBUSDT;5m;knn;repeatededitednearestneighbours;1.0;0;72;0.0;0.4314;0.5417;0.5417;close,volume,number_of_trades,rsi,ema_200p;;0.7;False;2023-01-01;2023-07-31 19:40:00;3;True;<< NOT SAVED >>;['-batch-training', '-calc-rsi', '-normalize', '-no-tune', '-n-jobs=20', '-symbol-list=BTCUSDT,ETHUSDT,BNBUSDT,XRPUSDT,ADAUSDT,DOGEUSDT,SOLUSDT,TRXUSDT,DOTUSDT,MATICUSDT,LTCUSDT,BCHUSDT,AVAXUSDT,XLMUSDT,LINKUSDT,XMRUSDT,UNIUSDT,ATOMUSDT', '-interval-list=5m', '-estimator-list=knn', '-stop-loss-list=1.0', '-numeric-features=close,volume,quote_asset_volume,number_of_trades', '-regression-PnL-list=72', '-regression-times-list=0', '-start-train-date=2023-01-01', '-start-test-date=2023-07-01']
2023-10-20 23:36:54;BNBUSDT;5m;knn;repeatededitednearestneighbours;1.0;0;72;0.0022;0.5182;0.5423;0.5423;quote_asset_volume,number_of_trades,taker_buy_base_asset_volume,ema_72p,ema_200p;;0.7;False;2023-01-01;2023-07-22 22:10:00;3;True;<< NOT SAVED >>;['-batch-training', '-calc-rsi', '-normalize', '-no-tune', '-n-jobs=20', '-symbol-list=BTCUSDT,ETHUSDT,BNBUSDT,XRPUSDT,ADAUSDT,DOGEUSDT,SOLUSDT,TRXUSDT,DOTUSDT,MATICUSDT,LTCUSDT,BCHUSDT,AVAXUSDT,XLMUSDT,LINKUSDT,XMRUSDT,UNIUSDT,ATOMUSDT', '-interval-list=5m', '-estimator-list=knn', '-stop-loss-list=1.0', '-numeric-features=volume,quote_asset_volume,number_of_trades,taker_buy_base_asset_volume,taker_buy_quote_asset_volume', '-regression-PnL-list=72', '-regression-times-list=0', '-start-train-date=2023-01-01', '-start-test-date=2023-07-01']
2023-10-20 23:56:18;BNBUSDT;5m;knn;repeatededitednearestneighbours;1.0;0;72;0.0041;0.5386;0.5423;0.5423;volume,quote_asset_volume,number_of_trades,taker_buy_base_asset_volume,taker_buy_quote_asset_volume,rsi,ema_200p;;0.7;False;2023-01-01;2023-07-22 22:10:00;3;True;<< NOT SAVED >>;['-batch-training', '-calc-rsi', '-normalize', '-no-tune', '-n-jobs=20', '-symbol-list=BTCUSDT,ETHUSDT,BNBUSDT,XRPUSDT,ADAUSDT,DOGEUSDT,SOLUSDT,TRXUSDT,DOTUSDT,MATICUSDT,LTCUSDT,BCHUSDT,AVAXUSDT,XLMUSDT,LINKUSDT,XMRUSDT,UNIUSDT,ATOMUSDT', '-interval-list=5m', '-estimator-list=knn', '-stop-loss-list=1.0', '-numeric-features=volume,quote_asset_volume,number_of_trades,taker_buy_base_asset_volume,taker_buy_quote_asset_volume', '-regression-PnL-list=72', '-regression-times-list=0', '-start-train-date=2023-01-01', '-start-test-date=2023-07-01']
2023-10-20 22:37:29;BNBUSDT;5m;knn;repeatededitednearestneighbours;1.0;0;72;0.0314;0.5283;0.5423;0.5423;volume,quote_asset_volume,ema_200p;;0.7;False;2023-01-01;2023-07-22 22:10:00;3;True;<< NOT SAVED >>;['-batch-training', '-calc-rsi', '-normalize', '-no-tune', '-n-jobs=20', '-symbol-list=BTCUSDT,ETHUSDT,BNBUSDT,XRPUSDT,ADAUSDT,DOGEUSDT,SOLUSDT,TRXUSDT,DOTUSDT,MATICUSDT,LTCUSDT,BCHUSDT,AVAXUSDT,XLMUSDT,LINKUSDT,XMRUSDT,UNIUSDT,ATOMUSDT', '-interval-list=5m', '-estimator-list=knn', '-stop-loss-list=1.0', '-numeric-features=volume,quote_asset_volume,number_of_trades,taker_buy_base_asset_volume,taker_buy_quote_asset_volume', '-regression-PnL-list=72', '-regression-times-list=0', '-start-train-date=2023-01-01', '-start-test-date=2023-07-01']
2023-10-20 23:55:49;BNBUSDT;5m;knn;repeatededitednearestneighbours;1.0;0;72;0.0035;0.5324;0.5426;0.5426;volume,quote_asset_volume,number_of_trades,taker_buy_base_asset_volume,taker_buy_quote_asset_volume,rsi,ema_72p;;0.7;False;2023-01-01;2023-07-22 22:10:00;3;True;<< NOT SAVED >>;['-batch-training', '-calc-rsi', '-normalize', '-no-tune', '-n-jobs=20', '-symbol-list=BTCUSDT,ETHUSDT,BNBUSDT,XRPUSDT,ADAUSDT,DOGEUSDT,SOLUSDT,TRXUSDT,DOTUSDT,MATICUSDT,LTCUSDT,BCHUSDT,AVAXUSDT,XLMUSDT,LINKUSDT,XMRUSDT,UNIUSDT,ATOMUSDT', '-interval-list=5m', '-estimator-list=knn', '-stop-loss-list=1.0', '-numeric-features=volume,quote_asset_volume,number_of_trades,taker_buy_base_asset_volume,taker_buy_quote_asset_volume', '-regression-PnL-list=72', '-regression-times-list=0', '-start-train-date=2023-01-01', '-start-test-date=2023-07-01']
2023-10-20 22:36:49;BNBUSDT;5m;knn;repeatededitednearestneighbours;1.0;0;72;0.0193;0.4826;0.5438;0.5438;volume,quote_asset_volume,rsi;;0.7;False;2023-01-01;2023-07-22 22:10:00;3;True;<< NOT SAVED >>;['-batch-training', '-calc-rsi', '-normalize', '-no-tune', '-n-jobs=20', '-symbol-list=BTCUSDT,ETHUSDT,BNBUSDT,XRPUSDT,ADAUSDT,DOGEUSDT,SOLUSDT,TRXUSDT,DOTUSDT,MATICUSDT,LTCUSDT,BCHUSDT,AVAXUSDT,XLMUSDT,LINKUSDT,XMRUSDT,UNIUSDT,ATOMUSDT', '-interval-list=5m', '-estimator-list=knn', '-stop-loss-list=1.0', '-numeric-features=volume,quote_asset_volume,number_of_trades,taker_buy_base_asset_volume,taker_buy_quote_asset_volume', '-regression-PnL-list=72', '-regression-times-list=0', '-start-train-date=2023-01-01', '-start-test-date=2023-07-01']
2023-10-20 23:23:32;BNBUSDT;5m;knn;repeatededitednearestneighbours;1.0;0;72;0.0051;0.5436;0.5438;0.5438;volume,quote_asset_volume,number_of_trades,taker_buy_quote_asset_volume,ema_200p;;0.7;False;2023-01-01;2023-07-22 22:10:00;3;True;<< NOT SAVED >>;['-batch-training', '-calc-rsi', '-normalize', '-no-tune', '-n-jobs=20', '-symbol-list=BTCUSDT,ETHUSDT,BNBUSDT,XRPUSDT,ADAUSDT,DOGEUSDT,SOLUSDT,TRXUSDT,DOTUSDT,MATICUSDT,LTCUSDT,BCHUSDT,AVAXUSDT,XLMUSDT,LINKUSDT,XMRUSDT,UNIUSDT,ATOMUSDT', '-interval-list=5m', '-estimator-list=knn', '-stop-loss-list=1.0', '-numeric-features=volume,quote_asset_volume,number_of_trades,taker_buy_base_asset_volume,taker_buy_quote_asset_volume', '-regression-PnL-list=72', '-regression-times-list=0', '-start-train-date=2023-01-01', '-start-test-date=2023-07-01']
2023-10-20 23:53:58;BNBUSDT;5m;knn;repeatededitednearestneighbours;1.0;0;72;0.0013;0.5082;0.5442;0.5442;quote_asset_volume,number_of_trades,taker_buy_base_asset_volume,rsi,ema_72p,ema_200p;;0.7;False;2023-01-01;2023-07-22 22:10:00;3;True;<< NOT SAVED >>;['-batch-training', '-calc-rsi', '-normalize', '-no-tune', '-n-jobs=20', '-symbol-list=BTCUSDT,ETHUSDT,BNBUSDT,XRPUSDT,ADAUSDT,DOGEUSDT,SOLUSDT,TRXUSDT,DOTUSDT,MATICUSDT,LTCUSDT,BCHUSDT,AVAXUSDT,XLMUSDT,LINKUSDT,XMRUSDT,UNIUSDT,ATOMUSDT', '-interval-list=5m', '-estimator-list=knn', '-stop-loss-list=1.0', '-numeric-features=volume,quote_asset_volume,number_of_trades,taker_buy_base_asset_volume,taker_buy_quote_asset_volume', '-regression-PnL-list=72', '-regression-times-list=0', '-start-train-date=2023-01-01', '-start-test-date=2023-07-01']
2023-10-20 23:17:21;BNBUSDT;5m;knn;repeatededitednearestneighbours;1.0;0;72;0.0013;0.5201;0.5446;0.5446;number_of_trades,taker_buy_base_asset_volume,ema_72p,ema_200p;;0.7;False;2023-01-01;2023-07-22 22:10:00;3;True;<< NOT SAVED >>;['-batch-training', '-calc-rsi', '-normalize', '-no-tune', '-n-jobs=20', '-symbol-list=BTCUSDT,ETHUSDT,BNBUSDT,XRPUSDT,ADAUSDT,DOGEUSDT,SOLUSDT,TRXUSDT,DOTUSDT,MATICUSDT,LTCUSDT,BCHUSDT,AVAXUSDT,XLMUSDT,LINKUSDT,XMRUSDT,UNIUSDT,ATOMUSDT', '-interval-list=5m', '-estimator-list=knn', '-stop-loss-list=1.0', '-numeric-features=volume,quote_asset_volume,number_of_trades,taker_buy_base_asset_volume,taker_buy_quote_asset_volume', '-regression-PnL-list=72', '-regression-times-list=0', '-start-train-date=2023-01-01', '-start-test-date=2023-07-01']
2023-10-20 23:35:40;BNBUSDT;5m;knn;repeatededitednearestneighbours;1.0;0;72;0.0013;0.551;0.545;0.545;quote_asset_volume,number_of_trades,taker_buy_base_asset_volume,taker_buy_quote_asset_volume,ema_200p;;0.7;False;2023-01-01;2023-07-22 22:10:00;3;True;<< NOT SAVED >>;['-batch-training', '-calc-rsi', '-normalize', '-no-tune', '-n-jobs=20', '-symbol-list=BTCUSDT,ETHUSDT,BNBUSDT,XRPUSDT,ADAUSDT,DOGEUSDT,SOLUSDT,TRXUSDT,DOTUSDT,MATICUSDT,LTCUSDT,BCHUSDT,AVAXUSDT,XLMUSDT,LINKUSDT,XMRUSDT,UNIUSDT,ATOMUSDT', '-interval-list=5m', '-estimator-list=knn', '-stop-loss-list=1.0', '-numeric-features=volume,quote_asset_volume,number_of_trades,taker_buy_base_asset_volume,taker_buy_quote_asset_volume', '-regression-PnL-list=72', '-regression-times-list=0', '-start-train-date=2023-01-01', '-start-test-date=2023-07-01']
2023-10-20 22:59:10;BNBUSDT;5m;knn;repeatededitednearestneighbours;1.0;0;72;0.0057;0.5484;0.5453;0.5453;volume,quote_asset_volume,taker_buy_quote_asset_volume,ema_200p;;0.7;False;2023-01-01;2023-07-22 22:10:00;3;True;<< NOT SAVED >>;['-batch-training', '-calc-rsi', '-normalize', '-no-tune', '-n-jobs=20', '-symbol-list=BTCUSDT,ETHUSDT,BNBUSDT,XRPUSDT,ADAUSDT,DOGEUSDT,SOLUSDT,TRXUSDT,DOTUSDT,MATICUSDT,LTCUSDT,BCHUSDT,AVAXUSDT,XLMUSDT,LINKUSDT,XMRUSDT,UNIUSDT,ATOMUSDT', '-interval-list=5m', '-estimator-list=knn', '-stop-loss-list=1.0', '-numeric-features=volume,quote_asset_volume,number_of_trades,taker_buy_base_asset_volume,taker_buy_quote_asset_volume', '-regression-PnL-list=72', '-regression-times-list=0', '-start-train-date=2023-01-01', '-start-test-date=2023-07-01']
2023-10-20 23:40:24;BNBUSDT;5m;knn;repeatededitednearestneighbours;1.0;0;72;0.0022;0.5204;0.5453;0.5453;quote_asset_volume,taker_buy_quote_asset_volume,rsi,ema_72p,ema_200p;;0.7;False;2023-01-01;2023-07-22 22:10:00;3;True;<< NOT SAVED >>;['-batch-training', '-calc-rsi', '-normalize', '-no-tune', '-n-jobs=20', '-symbol-list=BTCUSDT,ETHUSDT,BNBUSDT,XRPUSDT,ADAUSDT,DOGEUSDT,SOLUSDT,TRXUSDT,DOTUSDT,MATICUSDT,LTCUSDT,BCHUSDT,AVAXUSDT,XLMUSDT,LINKUSDT,XMRUSDT,UNIUSDT,ATOMUSDT', '-interval-list=5m', '-estimator-list=knn', '-stop-loss-list=1.0', '-numeric-features=volume,quote_asset_volume,number_of_trades,taker_buy_base_asset_volume,taker_buy_quote_asset_volume', '-regression-PnL-list=72', '-regression-times-list=0', '-start-train-date=2023-01-01', '-start-test-date=2023-07-01']
2023-10-20 22:47:53;BNBUSDT;5m;knn;repeatededitednearestneighbours;1.0;0;72;0.0111;0.5181;0.5461;0.5461;quote_asset_volume,ema_72p,ema_200p;;0.7;False;2023-01-01;2023-07-22 22:10:00;3;True;<< NOT SAVED >>;['-batch-training', '-calc-rsi', '-normalize', '-no-tune', '-n-jobs=20', '-symbol-list=BTCUSDT,ETHUSDT,BNBUSDT,XRPUSDT,ADAUSDT,DOGEUSDT,SOLUSDT,TRXUSDT,DOTUSDT,MATICUSDT,LTCUSDT,BCHUSDT,AVAXUSDT,XLMUSDT,LINKUSDT,XMRUSDT,UNIUSDT,ATOMUSDT', '-interval-list=5m', '-estimator-list=knn', '-stop-loss-list=1.0', '-numeric-features=volume,quote_asset_volume,number_of_trades,taker_buy_base_asset_volume,taker_buy_quote_asset_volume', '-regression-PnL-list=72', '-regression-times-list=0', '-start-train-date=2023-01-01', '-start-test-date=2023-07-01']
2023-10-20 23:04:23;BNBUSDT;5m;knn;repeatededitednearestneighbours;1.0;0;72;0.0149;0.4967;0.5469;0.5469;volume,taker_buy_base_asset_volume,taker_buy_quote_asset_volume,rsi;;0.7;False;2023-01-01;2023-07-22 22:10:00;3;True;<< NOT SAVED >>;['-batch-training', '-calc-rsi', '-normalize', '-no-tune', '-n-jobs=20', '-symbol-list=BTCUSDT,ETHUSDT,BNBUSDT,XRPUSDT,ADAUSDT,DOGEUSDT,SOLUSDT,TRXUSDT,DOTUSDT,MATICUSDT,LTCUSDT,BCHUSDT,AVAXUSDT,XLMUSDT,LINKUSDT,XMRUSDT,UNIUSDT,ATOMUSDT', '-interval-list=5m', '-estimator-list=knn', '-stop-loss-list=1.0', '-numeric-features=volume,quote_asset_volume,number_of_trades,taker_buy_base_asset_volume,taker_buy_quote_asset_volume', '-regression-PnL-list=72', '-regression-times-list=0', '-start-train-date=2023-01-01', '-start-test-date=2023-07-01']
2023-10-20 23:15:50;BNBUSDT;5m;knn;repeatededitednearestneighbours;1.0;0;72;0.0127;0.5172;0.5492;0.5492;number_of_trades,taker_buy_base_asset_volume,taker_buy_quote_asset_volume,ema_72p;;0.7;False;2023-01-01;2023-07-22 22:10:00;3;True;<< NOT SAVED >>;['-batch-training', '-calc-rsi', '-normalize', '-no-tune', '-n-jobs=20', '-symbol-list=BTCUSDT,ETHUSDT,BNBUSDT,XRPUSDT,ADAUSDT,DOGEUSDT,SOLUSDT,TRXUSDT,DOTUSDT,MATICUSDT,LTCUSDT,BCHUSDT,AVAXUSDT,XLMUSDT,LINKUSDT,XMRUSDT,UNIUSDT,ATOMUSDT', '-interval-list=5m', '-estimator-list=knn', '-stop-loss-list=1.0', '-numeric-features=volume,quote_asset_volume,number_of_trades,taker_buy_base_asset_volume,taker_buy_quote_asset_volume', '-regression-PnL-list=72', '-regression-times-list=0', '-start-train-date=2023-01-01', '-start-test-date=2023-07-01']
2023-10-20 23:35:17;BNBUSDT;5m;knn;repeatededitednearestneighbours;1.0;0;72;0.0016;0.5451;0.5492;0.5492;quote_asset_volume,number_of_trades,taker_buy_base_asset_volume,taker_buy_quote_asset_volume,ema_72p;;0.7;False;2023-01-01;2023-07-22 22:10:00;3;True;<< NOT SAVED >>;['-batch-training', '-calc-rsi', '-normalize', '-no-tune', '-n-jobs=20', '-symbol-list=BTCUSDT,ETHUSDT,BNBUSDT,XRPUSDT,ADAUSDT,DOGEUSDT,SOLUSDT,TRXUSDT,DOTUSDT,MATICUSDT,LTCUSDT,BCHUSDT,AVAXUSDT,XLMUSDT,LINKUSDT,XMRUSDT,UNIUSDT,ATOMUSDT', '-interval-list=5m', '-estimator-list=knn', '-stop-loss-list=1.0', '-numeric-features=volume,quote_asset_volume,number_of_trades,taker_buy_base_asset_volume,taker_buy_quote_asset_volume', '-regression-PnL-list=72', '-regression-times-list=0', '-start-train-date=2023-01-01', '-start-test-date=2023-07-01']
2023-10-29 17:46:46;BNBUSDT;5m;knn;repeatededitednearestneighbours;1.0;0;72;0.0;0.3828;0.5494;0.5494;close,volume,number_of_trades,ema_72p;;0.7;False;2023-01-01;2023-07-31 19:40:00;3;True;<< NOT SAVED >>;['-batch-training', '-calc-rsi', '-normalize', '-no-tune', '-n-jobs=20', '-symbol-list=BTCUSDT,ETHUSDT,BNBUSDT,XRPUSDT,ADAUSDT,DOGEUSDT,SOLUSDT,TRXUSDT,DOTUSDT,MATICUSDT,LTCUSDT,BCHUSDT,AVAXUSDT,XLMUSDT,LINKUSDT,XMRUSDT,UNIUSDT,ATOMUSDT', '-interval-list=5m', '-estimator-list=knn', '-stop-loss-list=1.0', '-numeric-features=close,volume,quote_asset_volume,number_of_trades', '-regression-PnL-list=72', '-regression-times-list=0', '-start-train-date=2023-01-01', '-start-test-date=2023-07-01']
2023-10-20 23:05:52;BNBUSDT;5m;knn;repeatededitednearestneighbours;1.0;0;72;0.0136;0.4977;0.5496;0.5496;volume,taker_buy_base_asset_volume,rsi,ema_200p;;0.7;False;2023-01-01;2023-07-22 22:10:00;3;True;<< NOT SAVED >>;['-batch-training', '-calc-rsi', '-normalize', '-no-tune', '-n-jobs=20', '-symbol-list=BTCUSDT,ETHUSDT,BNBUSDT,XRPUSDT,ADAUSDT,DOGEUSDT,SOLUSDT,TRXUSDT,DOTUSDT,MATICUSDT,LTCUSDT,BCHUSDT,AVAXUSDT,XLMUSDT,LINKUSDT,XMRUSDT,UNIUSDT,ATOMUSDT', '-interval-list=5m', '-estimator-list=knn', '-stop-loss-list=1.0', '-numeric-features=volume,quote_asset_volume,number_of_trades,taker_buy_base_asset_volume,taker_buy_quote_asset_volume', '-regression-PnL-list=72', '-regression-times-list=0', '-start-train-date=2023-01-01', '-start-test-date=2023-07-01']
2023-10-20 23:18:28;BNBUSDT;5m;knn;repeatededitednearestneighbours;1.0;0;72;0.0105;0.5265;0.5496;0.5496;number_of_trades,taker_buy_quote_asset_volume,ema_72p,ema_200p;;0.7;False;2023-01-01;2023-07-22 22:10:00;3;True;<< NOT SAVED >>;['-batch-training', '-calc-rsi', '-normalize', '-no-tune', '-n-jobs=20', '-symbol-list=BTCUSDT,ETHUSDT,BNBUSDT,XRPUSDT,ADAUSDT,DOGEUSDT,SOLUSDT,TRXUSDT,DOTUSDT,MATICUSDT,LTCUSDT,BCHUSDT,AVAXUSDT,XLMUSDT,LINKUSDT,XMRUSDT,UNIUSDT,ATOMUSDT', '-interval-list=5m', '-estimator-list=knn', '-stop-loss-list=1.0', '-numeric-features=volume,quote_asset_volume,number_of_trades,taker_buy_base_asset_volume,taker_buy_quote_asset_volume', '-regression-PnL-list=72', '-regression-times-list=0', '-start-train-date=2023-01-01', '-start-test-date=2023-07-01']
2023-10-20 23:25:50;BNBUSDT;5m;knn;repeatededitednearestneighbours;1.0;0;72;0.0022;0.5418;0.55;0.55;volume,quote_asset_volume,taker_buy_base_asset_volume,taker_buy_quote_asset_volume,ema_200p;;0.7;False;2023-01-01;2023-07-22 22:10:00;3;True;<< NOT SAVED >>;['-batch-training', '-calc-rsi', '-normalize', '-no-tune', '-n-jobs=20', '-symbol-list=BTCUSDT,ETHUSDT,BNBUSDT,XRPUSDT,ADAUSDT,DOGEUSDT,SOLUSDT,TRXUSDT,DOTUSDT,MATICUSDT,LTCUSDT,BCHUSDT,AVAXUSDT,XLMUSDT,LINKUSDT,XMRUSDT,UNIUSDT,ATOMUSDT', '-interval-list=5m', '-estimator-list=knn', '-stop-loss-list=1.0', '-numeric-features=volume,quote_asset_volume,number_of_trades,taker_buy_base_asset_volume,taker_buy_quote_asset_volume', '-regression-PnL-list=72', '-regression-times-list=0', '-start-train-date=2023-01-01', '-start-test-date=2023-07-01']
2023-10-20 22:59:52;BNBUSDT;5m;knn;repeatededitednearestneighbours;1.0;0;72;0.0149;0.4951;0.5504;0.5504;volume,quote_asset_volume,rsi,ema_200p;;0.7;False;2023-01-01;2023-07-22 22:10:00;3;True;<< NOT SAVED >>;['-batch-training', '-calc-rsi', '-normalize', '-no-tune', '-n-jobs=20', '-symbol-list=BTCUSDT,ETHUSDT,BNBUSDT,XRPUSDT,ADAUSDT,DOGEUSDT,SOLUSDT,TRXUSDT,DOTUSDT,MATICUSDT,LTCUSDT,BCHUSDT,AVAXUSDT,XLMUSDT,LINKUSDT,XMRUSDT,UNIUSDT,ATOMUSDT', '-interval-list=5m', '-estimator-list=knn', '-stop-loss-list=1.0', '-numeric-features=volume,quote_asset_volume,number_of_trades,taker_buy_base_asset_volume,taker_buy_quote_asset_volume', '-regression-PnL-list=72', '-regression-times-list=0', '-start-train-date=2023-01-01', '-start-test-date=2023-07-01']
2023-10-20 23:44:02;BNBUSDT;5m;knn;repeatededitednearestneighbours;1.0;0;72;0.0016;0.5348;0.5504;0.5504;volume,quote_asset_volume,number_of_trades,taker_buy_base_asset_volume,taker_buy_quote_asset_volume,ema_200p;;0.7;False;2023-01-01;2023-07-22 22:10:00;3;True;<< NOT SAVED >>;['-batch-training', '-calc-rsi', '-normalize', '-no-tune', '-n-jobs=20', '-symbol-list=BTCUSDT,ETHUSDT,BNBUSDT,XRPUSDT,ADAUSDT,DOGEUSDT,SOLUSDT,TRXUSDT,DOTUSDT,MATICUSDT,LTCUSDT,BCHUSDT,AVAXUSDT,XLMUSDT,LINKUSDT,XMRUSDT,UNIUSDT,ATOMUSDT', '-interval-list=5m', '-estimator-list=knn', '-stop-loss-list=1.0', '-numeric-features=volume,quote_asset_volume,number_of_trades,taker_buy_base_asset_volume,taker_buy_quote_asset_volume', '-regression-PnL-list=72', '-regression-times-list=0', '-start-train-date=2023-01-01', '-start-test-date=2023-07-01']
2023-10-20 23:23:08;BNBUSDT;5m;knn;repeatededitednearestneighbours;1.0;0;72;0.0044;0.5346;0.5511;0.5511;volume,quote_asset_volume,number_of_trades,taker_buy_quote_asset_volume,ema_72p;;0.7;False;2023-01-01;2023-07-22 22:10:00;3;True;<< NOT SAVED >>;['-batch-training', '-calc-rsi', '-normalize', '-no-tune', '-n-jobs=20', '-symbol-list=BTCUSDT,ETHUSDT,BNBUSDT,XRPUSDT,ADAUSDT,DOGEUSDT,SOLUSDT,TRXUSDT,DOTUSDT,MATICUSDT,LTCUSDT,BCHUSDT,AVAXUSDT,XLMUSDT,LINKUSDT,XMRUSDT,UNIUSDT,ATOMUSDT', '-interval-list=5m', '-estimator-list=knn', '-stop-loss-list=1.0', '-numeric-features=volume,quote_asset_volume,number_of_trades,taker_buy_base_asset_volume,taker_buy_quote_asset_volume', '-regression-PnL-list=72', '-regression-times-list=0', '-start-train-date=2023-01-01', '-start-test-date=2023-07-01']
2023-10-20 23:54:52;BNBUSDT;5m;knn;repeatededitednearestneighbours;1.0;0;72;0.0029;0.5179;0.5515;0.5515;quote_asset_volume,taker_buy_base_asset_volume,taker_buy_quote_asset_volume,rsi,ema_72p,ema_200p;;0.7;False;2023-01-01;2023-07-22 22:10:00;3;True;<< NOT SAVED >>;['-batch-training', '-calc-rsi', '-normalize', '-no-tune', '-n-jobs=20', '-symbol-list=BTCUSDT,ETHUSDT,BNBUSDT,XRPUSDT,ADAUSDT,DOGEUSDT,SOLUSDT,TRXUSDT,DOTUSDT,MATICUSDT,LTCUSDT,BCHUSDT,AVAXUSDT,XLMUSDT,LINKUSDT,XMRUSDT,UNIUSDT,ATOMUSDT', '-interval-list=5m', '-estimator-list=knn', '-stop-loss-list=1.0', '-numeric-features=volume,quote_asset_volume,number_of_trades,taker_buy_base_asset_volume,taker_buy_quote_asset_volume', '-regression-PnL-list=72', '-regression-times-list=0', '-start-train-date=2023-01-01', '-start-test-date=2023-07-01']
2023-10-20 22:58:48;BNBUSDT;5m;knn;repeatededitednearestneighbours;1.0;0;72;0.0051;0.5429;0.5519;0.5519;volume,quote_asset_volume,taker_buy_quote_asset_volume,ema_72p;;0.7;False;2023-01-01;2023-07-22 22:10:00;3;True;<< NOT SAVED >>;['-batch-training', '-calc-rsi', '-normalize', '-no-tune', '-n-jobs=20', '-symbol-list=BTCUSDT,ETHUSDT,BNBUSDT,XRPUSDT,ADAUSDT,DOGEUSDT,SOLUSDT,TRXUSDT,DOTUSDT,MATICUSDT,LTCUSDT,BCHUSDT,AVAXUSDT,XLMUSDT,LINKUSDT,XMRUSDT,UNIUSDT,ATOMUSDT', '-interval-list=5m', '-estimator-list=knn', '-stop-loss-list=1.0', '-numeric-features=volume,quote_asset_volume,number_of_trades,taker_buy_base_asset_volume,taker_buy_quote_asset_volume', '-regression-PnL-list=72', '-regression-times-list=0', '-start-train-date=2023-01-01', '-start-test-date=2023-07-01']
2023-10-20 23:29:18;BNBUSDT;5m;knn;repeatededitednearestneighbours;1.0;0;72;0.0152;0.5241;0.5519;0.5519;volume,number_of_trades,taker_buy_base_asset_volume,taker_buy_quote_asset_volume,ema_72p;;0.7;False;2023-01-01;2023-07-22 22:10:00;3;True;<< NOT SAVED >>;['-batch-training', '-calc-rsi', '-normalize', '-no-tune', '-n-jobs=20', '-symbol-list=BTCUSDT,ETHUSDT,BNBUSDT,XRPUSDT,ADAUSDT,DOGEUSDT,SOLUSDT,TRXUSDT,DOTUSDT,MATICUSDT,LTCUSDT,BCHUSDT,AVAXUSDT,XLMUSDT,LINKUSDT,XMRUSDT,UNIUSDT,ATOMUSDT', '-interval-list=5m', '-estimator-list=knn', '-stop-loss-list=1.0', '-numeric-features=volume,quote_asset_volume,number_of_trades,taker_buy_base_asset_volume,taker_buy_quote_asset_volume', '-regression-PnL-list=72', '-regression-times-list=0', '-start-train-date=2023-01-01', '-start-test-date=2023-07-01']
2023-10-20 23:32:35;BNBUSDT;5m;knn;repeatededitednearestneighbours;1.0;0;72;0.0038;0.4856;0.5531;0.5531;volume,number_of_trades,rsi,ema_72p,ema_200p;;0.7;False;2023-01-01;2023-07-22 22:10:00;3;True;<< NOT SAVED >>;['-batch-training', '-calc-rsi', '-normalize', '-no-tune', '-n-jobs=20', '-symbol-list=BTCUSDT,ETHUSDT,BNBUSDT,XRPUSDT,ADAUSDT,DOGEUSDT,SOLUSDT,TRXUSDT,DOTUSDT,MATICUSDT,LTCUSDT,BCHUSDT,AVAXUSDT,XLMUSDT,LINKUSDT,XMRUSDT,UNIUSDT,ATOMUSDT', '-interval-list=5m', '-estimator-list=knn', '-stop-loss-list=1.0', '-numeric-features=volume,quote_asset_volume,number_of_trades,taker_buy_base_asset_volume,taker_buy_quote_asset_volume', '-regression-PnL-list=72', '-regression-times-list=0', '-start-train-date=2023-01-01', '-start-test-date=2023-07-01']
2023-10-20 22:52:04;BNBUSDT;5m;knn;repeatededitednearestneighbours;1.0;0;72;0.0105;0.4947;0.5542;0.5542;taker_buy_base_asset_volume,taker_buy_quote_asset_volume,ema_72p;;0.7;False;2023-01-01;2023-07-22 22:10:00;3;True;<< NOT SAVED >>;['-batch-training', '-calc-rsi', '-normalize', '-no-tune', '-n-jobs=20', '-symbol-list=BTCUSDT,ETHUSDT,BNBUSDT,XRPUSDT,ADAUSDT,DOGEUSDT,SOLUSDT,TRXUSDT,DOTUSDT,MATICUSDT,LTCUSDT,BCHUSDT,AVAXUSDT,XLMUSDT,LINKUSDT,XMRUSDT,UNIUSDT,ATOMUSDT', '-interval-list=5m', '-estimator-list=knn', '-stop-loss-list=1.0', '-numeric-features=volume,quote_asset_volume,number_of_trades,taker_buy_base_asset_volume,taker_buy_quote_asset_volume', '-regression-PnL-list=72', '-regression-times-list=0', '-start-train-date=2023-01-01', '-start-test-date=2023-07-01']
2023-10-20 23:43:37;BNBUSDT;5m;knn;repeatededitednearestneighbours;1.0;0;72;0.0029;0.5266;0.555;0.555;volume,quote_asset_volume,number_of_trades,taker_buy_base_asset_volume,taker_buy_quote_asset_volume,ema_72p;;0.7;False;2023-01-01;2023-07-22 22:10:00;3;True;<< NOT SAVED >>;['-batch-training', '-calc-rsi', '-normalize', '-no-tune', '-n-jobs=20', '-symbol-list=BTCUSDT,ETHUSDT,BNBUSDT,XRPUSDT,ADAUSDT,DOGEUSDT,SOLUSDT,TRXUSDT,DOTUSDT,MATICUSDT,LTCUSDT,BCHUSDT,AVAXUSDT,XLMUSDT,LINKUSDT,XMRUSDT,UNIUSDT,ATOMUSDT', '-interval-list=5m', '-estimator-list=knn', '-stop-loss-list=1.0', '-numeric-features=volume,quote_asset_volume,number_of_trades,taker_buy_base_asset_volume,taker_buy_quote_asset_volume', '-regression-PnL-list=72', '-regression-times-list=0', '-start-train-date=2023-01-01', '-start-test-date=2023-07-01']
2023-10-20 22:59:31;BNBUSDT;5m;knn;repeatededitednearestneighbours;1.0;0;72;0.0203;0.4867;0.5554;0.5554;volume,quote_asset_volume,rsi,ema_72p;;0.7;False;2023-01-01;2023-07-22 22:10:00;3;True;<< NOT SAVED >>;['-batch-training', '-calc-rsi', '-normalize', '-no-tune', '-n-jobs=20', '-symbol-list=BTCUSDT,ETHUSDT,BNBUSDT,XRPUSDT,ADAUSDT,DOGEUSDT,SOLUSDT,TRXUSDT,DOTUSDT,MATICUSDT,LTCUSDT,BCHUSDT,AVAXUSDT,XLMUSDT,LINKUSDT,XMRUSDT,UNIUSDT,ATOMUSDT', '-interval-list=5m', '-estimator-list=knn', '-stop-loss-list=1.0', '-numeric-features=volume,quote_asset_volume,number_of_trades,taker_buy_base_asset_volume,taker_buy_quote_asset_volume', '-regression-PnL-list=72', '-regression-times-list=0', '-start-train-date=2023-01-01', '-start-test-date=2023-07-01']
2023-10-20 23:05:29;BNBUSDT;5m;knn;repeatededitednearestneighbours;1.0;0;72;0.0105;0.4943;0.5554;0.5554;volume,taker_buy_base_asset_volume,rsi,ema_72p;;0.7;False;2023-01-01;2023-07-22 22:10:00;3;True;<< NOT SAVED >>;['-batch-training', '-calc-rsi', '-normalize', '-no-tune', '-n-jobs=20', '-symbol-list=BTCUSDT,ETHUSDT,BNBUSDT,XRPUSDT,ADAUSDT,DOGEUSDT,SOLUSDT,TRXUSDT,DOTUSDT,MATICUSDT,LTCUSDT,BCHUSDT,AVAXUSDT,XLMUSDT,LINKUSDT,XMRUSDT,UNIUSDT,ATOMUSDT', '-interval-list=5m', '-estimator-list=knn', '-stop-loss-list=1.0', '-numeric-features=volume,quote_asset_volume,number_of_trades,taker_buy_base_asset_volume,taker_buy_quote_asset_volume', '-regression-PnL-list=72', '-regression-times-list=0', '-start-train-date=2023-01-01', '-start-test-date=2023-07-01']
2023-10-20 23:30:32;BNBUSDT;5m;knn;repeatededitednearestneighbours;1.0;0;72;0.0022;0.4735;0.5558;0.5558;volume,number_of_trades,taker_buy_base_asset_volume,rsi,ema_200p;;0.7;False;2023-01-01;2023-07-22 22:10:00;3;True;<< NOT SAVED >>;['-batch-training', '-calc-rsi', '-normalize', '-no-tune', '-n-jobs=20', '-symbol-list=BTCUSDT,ETHUSDT,BNBUSDT,XRPUSDT,ADAUSDT,DOGEUSDT,SOLUSDT,TRXUSDT,DOTUSDT,MATICUSDT,LTCUSDT,BCHUSDT,AVAXUSDT,XLMUSDT,LINKUSDT,XMRUSDT,UNIUSDT,ATOMUSDT', '-interval-list=5m', '-estimator-list=knn', '-stop-loss-list=1.0', '-numeric-features=volume,quote_asset_volume,number_of_trades,taker_buy_base_asset_volume,taker_buy_quote_asset_volume', '-regression-PnL-list=72', '-regression-times-list=0', '-start-train-date=2023-01-01', '-start-test-date=2023-07-01']
2023-10-20 23:14:45;BNBUSDT;5m;knn;repeatededitednearestneighbours;1.0;0;72;0.0162;0.5272;0.5565;0.5565;quote_asset_volume,taker_buy_quote_asset_volume,ema_72p,ema_200p;;0.7;False;2023-01-01;2023-07-22 22:10:00;3;True;<< NOT SAVED >>;['-batch-training', '-calc-rsi', '-normalize', '-no-tune', '-n-jobs=20', '-symbol-list=BTCUSDT,ETHUSDT,BNBUSDT,XRPUSDT,ADAUSDT,DOGEUSDT,SOLUSDT,TRXUSDT,DOTUSDT,MATICUSDT,LTCUSDT,BCHUSDT,AVAXUSDT,XLMUSDT,LINKUSDT,XMRUSDT,UNIUSDT,ATOMUSDT', '-interval-list=5m', '-estimator-list=knn', '-stop-loss-list=1.0', '-numeric-features=volume,quote_asset_volume,number_of_trades,taker_buy_base_asset_volume,taker_buy_quote_asset_volume', '-regression-PnL-list=72', '-regression-times-list=0', '-start-train-date=2023-01-01', '-start-test-date=2023-07-01']
2023-10-20 22:40:39;BNBUSDT;5m;knn;repeatededitednearestneighbours;1.0;0;72;0.0057;0.5232;0.5573;0.5573;volume,taker_buy_base_asset_volume,ema_200p;;0.7;False;2023-01-01;2023-07-22 22:10:00;3;True;<< NOT SAVED >>;['-batch-training', '-calc-rsi', '-normalize', '-no-tune', '-n-jobs=20', '-symbol-list=BTCUSDT,ETHUSDT,BNBUSDT,XRPUSDT,ADAUSDT,DOGEUSDT,SOLUSDT,TRXUSDT,DOTUSDT,MATICUSDT,LTCUSDT,BCHUSDT,AVAXUSDT,XLMUSDT,LINKUSDT,XMRUSDT,UNIUSDT,ATOMUSDT', '-interval-list=5m', '-estimator-list=knn', '-stop-loss-list=1.0', '-numeric-features=volume,quote_asset_volume,number_of_trades,taker_buy_base_asset_volume,taker_buy_quote_asset_volume', '-regression-PnL-list=72', '-regression-times-list=0', '-start-train-date=2023-01-01', '-start-test-date=2023-07-01']
2023-10-20 23:01:44;BNBUSDT;5m;knn;repeatededitednearestneighbours;1.0;0;72;0.0073;0.5125;0.5577;0.5577;volume,number_of_trades,taker_buy_base_asset_volume,ema_200p;;0.7;False;2023-01-01;2023-07-22 22:10:00;3;True;<< NOT SAVED >>;['-batch-training', '-calc-rsi', '-normalize', '-no-tune', '-n-jobs=20', '-symbol-list=BTCUSDT,ETHUSDT,BNBUSDT,XRPUSDT,ADAUSDT,DOGEUSDT,SOLUSDT,TRXUSDT,DOTUSDT,MATICUSDT,LTCUSDT,BCHUSDT,AVAXUSDT,XLMUSDT,LINKUSDT,XMRUSDT,UNIUSDT,ATOMUSDT', '-interval-list=5m', '-estimator-list=knn', '-stop-loss-list=1.0', '-numeric-features=volume,quote_asset_volume,number_of_trades,taker_buy_base_asset_volume,taker_buy_quote_asset_volume', '-regression-PnL-list=72', '-regression-times-list=0', '-start-train-date=2023-01-01', '-start-test-date=2023-07-01']
2023-10-20 23:25:28;BNBUSDT;5m;knn;repeatededitednearestneighbours;1.0;0;72;0.0025;0.5347;0.5577;0.5577;volume,quote_asset_volume,taker_buy_base_asset_volume,taker_buy_quote_asset_volume,ema_72p;;0.7;False;2023-01-01;2023-07-22 22:10:00;3;True;<< NOT SAVED >>;['-batch-training', '-calc-rsi', '-normalize', '-no-tune', '-n-jobs=20', '-symbol-list=BTCUSDT,ETHUSDT,BNBUSDT,XRPUSDT,ADAUSDT,DOGEUSDT,SOLUSDT,TRXUSDT,DOTUSDT,MATICUSDT,LTCUSDT,BCHUSDT,AVAXUSDT,XLMUSDT,LINKUSDT,XMRUSDT,UNIUSDT,ATOMUSDT', '-interval-list=5m', '-estimator-list=knn', '-stop-loss-list=1.0', '-numeric-features=volume,quote_asset_volume,number_of_trades,taker_buy_base_asset_volume,taker_buy_quote_asset_volume', '-regression-PnL-list=72', '-regression-times-list=0', '-start-train-date=2023-01-01', '-start-test-date=2023-07-01']
2023-10-20 23:07:00;BNBUSDT;5m;knn;repeatededitednearestneighbours;1.0;0;72;0.0076;0.5088;0.5581;0.5581;volume,taker_buy_quote_asset_volume,rsi,ema_200p;;0.7;False;2023-01-01;2023-07-22 22:10:00;3;True;<< NOT SAVED >>;['-batch-training', '-calc-rsi', '-normalize', '-no-tune', '-n-jobs=20', '-symbol-list=BTCUSDT,ETHUSDT,BNBUSDT,XRPUSDT,ADAUSDT,DOGEUSDT,SOLUSDT,TRXUSDT,DOTUSDT,MATICUSDT,LTCUSDT,BCHUSDT,AVAXUSDT,XLMUSDT,LINKUSDT,XMRUSDT,UNIUSDT,ATOMUSDT', '-interval-list=5m', '-estimator-list=knn', '-stop-loss-list=1.0', '-numeric-features=volume,quote_asset_volume,number_of_trades,taker_buy_base_asset_volume,taker_buy_quote_asset_volume', '-regression-PnL-list=72', '-regression-times-list=0', '-start-train-date=2023-01-01', '-start-test-date=2023-07-01']
2023-10-20 22:52:23;BNBUSDT;5m;knn;repeatededitednearestneighbours;1.0;0;72;0.0124;0.4921;0.5581;0.5581;taker_buy_base_asset_volume,taker_buy_quote_asset_volume,ema_200p;;0.7;False;2023-01-01;2023-07-22 22:10:00;3;True;<< NOT SAVED >>;['-batch-training', '-calc-rsi', '-normalize', '-no-tune', '-n-jobs=20', '-symbol-list=BTCUSDT,ETHUSDT,BNBUSDT,XRPUSDT,ADAUSDT,DOGEUSDT,SOLUSDT,TRXUSDT,DOTUSDT,MATICUSDT,LTCUSDT,BCHUSDT,AVAXUSDT,XLMUSDT,LINKUSDT,XMRUSDT,UNIUSDT,ATOMUSDT', '-interval-list=5m', '-estimator-list=knn', '-stop-loss-list=1.0', '-numeric-features=volume,quote_asset_volume,number_of_trades,taker_buy_base_asset_volume,taker_buy_quote_asset_volume', '-regression-PnL-list=72', '-regression-times-list=0', '-start-train-date=2023-01-01', '-start-test-date=2023-07-01']
2023-10-20 23:50:21;BNBUSDT;5m;knn;repeatededitednearestneighbours;1.0;0;72;0.0114;0.4922;0.5585;0.5585;volume,number_of_trades,taker_buy_base_asset_volume,taker_buy_quote_asset_volume,rsi,ema_200p;;0.7;False;2023-01-01;2023-07-22 22:10:00;3;True;<< NOT SAVED >>;['-batch-training', '-calc-rsi', '-normalize', '-no-tune', '-n-jobs=20', '-symbol-list=BTCUSDT,ETHUSDT,BNBUSDT,XRPUSDT,ADAUSDT,DOGEUSDT,SOLUSDT,TRXUSDT,DOTUSDT,MATICUSDT,LTCUSDT,BCHUSDT,AVAXUSDT,XLMUSDT,LINKUSDT,XMRUSDT,UNIUSDT,ATOMUSDT', '-interval-list=5m', '-estimator-list=knn', '-stop-loss-list=1.0', '-numeric-features=volume,quote_asset_volume,number_of_trades,taker_buy_base_asset_volume,taker_buy_quote_asset_volume', '-regression-PnL-list=72', '-regression-times-list=0', '-start-train-date=2023-01-01', '-start-test-date=2023-07-01']
2023-10-20 23:59:08;BNBUSDT;5m;knn;repeatededitednearestneighbours;1.0;0;72;0.0025;0.517;0.5589;0.5589;quote_asset_volume,number_of_trades,taker_buy_base_asset_volume,taker_buy_quote_asset_volume,rsi,ema_72p,ema_200p;;0.7;False;2023-01-01;2023-07-22 22:10:00;3;True;<< NOT SAVED >>;['-batch-training', '-calc-rsi', '-normalize', '-no-tune', '-n-jobs=20', '-symbol-list=BTCUSDT,ETHUSDT,BNBUSDT,XRPUSDT,ADAUSDT,DOGEUSDT,SOLUSDT,TRXUSDT,DOTUSDT,MATICUSDT,LTCUSDT,BCHUSDT,AVAXUSDT,XLMUSDT,LINKUSDT,XMRUSDT,UNIUSDT,ATOMUSDT', '-interval-list=5m', '-estimator-list=knn', '-stop-loss-list=1.0', '-numeric-features=volume,quote_asset_volume,number_of_trades,taker_buy_base_asset_volume,taker_buy_quote_asset_volume', '-regression-PnL-list=72', '-regression-times-list=0', '-start-train-date=2023-01-01', '-start-test-date=2023-07-01']
2023-10-20 22:57:20;BNBUSDT;5m;knn;repeatededitednearestneighbours;1.0;0;72;0.0105;0.4887;0.5592;0.5592;volume,quote_asset_volume,taker_buy_base_asset_volume,rsi;;0.7;False;2023-01-01;2023-07-22 22:10:00;3;True;<< NOT SAVED >>;['-batch-training', '-calc-rsi', '-normalize', '-no-tune', '-n-jobs=20', '-symbol-list=BTCUSDT,ETHUSDT,BNBUSDT,XRPUSDT,ADAUSDT,DOGEUSDT,SOLUSDT,TRXUSDT,DOTUSDT,MATICUSDT,LTCUSDT,BCHUSDT,AVAXUSDT,XLMUSDT,LINKUSDT,XMRUSDT,UNIUSDT,ATOMUSDT', '-interval-list=5m', '-estimator-list=knn', '-stop-loss-list=1.0', '-numeric-features=volume,quote_asset_volume,number_of_trades,taker_buy_base_asset_volume,taker_buy_quote_asset_volume', '-regression-PnL-list=72', '-regression-times-list=0', '-start-train-date=2023-01-01', '-start-test-date=2023-07-01']
2023-10-20 23:06:37;BNBUSDT;5m;knn;repeatededitednearestneighbours;1.0;0;72;0.0057;0.5016;0.5596;0.5596;volume,taker_buy_quote_asset_volume,rsi,ema_72p;;0.7;False;2023-01-01;2023-07-22 22:10:00;3;True;<< NOT SAVED >>;['-batch-training', '-calc-rsi', '-normalize', '-no-tune', '-n-jobs=20', '-symbol-list=BTCUSDT,ETHUSDT,BNBUSDT,XRPUSDT,ADAUSDT,DOGEUSDT,SOLUSDT,TRXUSDT,DOTUSDT,MATICUSDT,LTCUSDT,BCHUSDT,AVAXUSDT,XLMUSDT,LINKUSDT,XMRUSDT,UNIUSDT,ATOMUSDT', '-interval-list=5m', '-estimator-list=knn', '-stop-loss-list=1.0', '-numeric-features=volume,quote_asset_volume,number_of_trades,taker_buy_base_asset_volume,taker_buy_quote_asset_volume', '-regression-PnL-list=72', '-regression-times-list=0', '-start-train-date=2023-01-01', '-start-test-date=2023-07-01']
2023-10-20 23:49:53;BNBUSDT;5m;knn;repeatededitednearestneighbours;1.0;0;72;0.014;0.4856;0.5596;0.5596;volume,number_of_trades,taker_buy_base_asset_volume,taker_buy_quote_asset_volume,rsi,ema_72p;;0.7;False;2023-01-01;2023-07-22 22:10:00;3;True;<< NOT SAVED >>;['-batch-training', '-calc-rsi', '-normalize', '-no-tune', '-n-jobs=20', '-symbol-list=BTCUSDT,ETHUSDT,BNBUSDT,XRPUSDT,ADAUSDT,DOGEUSDT,SOLUSDT,TRXUSDT,DOTUSDT,MATICUSDT,LTCUSDT,BCHUSDT,AVAXUSDT,XLMUSDT,LINKUSDT,XMRUSDT,UNIUSDT,ATOMUSDT', '-interval-list=5m', '-estimator-list=knn', '-stop-loss-list=1.0', '-numeric-features=volume,quote_asset_volume,number_of_trades,taker_buy_base_asset_volume,taker_buy_quote_asset_volume', '-regression-PnL-list=72', '-regression-times-list=0', '-start-train-date=2023-01-01', '-start-test-date=2023-07-01']
2023-10-20 23:57:43;BNBUSDT;5m;knn;repeatededitednearestneighbours;1.0;0;72;0.0086;0.512;0.56;0.56;volume,quote_asset_volume,number_of_trades,taker_buy_quote_asset_volume,rsi,ema_72p,ema_200p;;0.7;False;2023-01-01;2023-07-22 22:10:00;3;True;<< NOT SAVED >>;['-batch-training', '-calc-rsi', '-normalize', '-no-tune', '-n-jobs=20', '-symbol-list=BTCUSDT,ETHUSDT,BNBUSDT,XRPUSDT,ADAUSDT,DOGEUSDT,SOLUSDT,TRXUSDT,DOTUSDT,MATICUSDT,LTCUSDT,BCHUSDT,AVAXUSDT,XLMUSDT,LINKUSDT,XMRUSDT,UNIUSDT,ATOMUSDT', '-interval-list=5m', '-estimator-list=knn', '-stop-loss-list=1.0', '-numeric-features=volume,quote_asset_volume,number_of_trades,taker_buy_base_asset_volume,taker_buy_quote_asset_volume', '-regression-PnL-list=72', '-regression-times-list=0', '-start-train-date=2023-01-01', '-start-test-date=2023-07-01']
2023-10-20 22:51:44;BNBUSDT;5m;knn;repeatededitednearestneighbours;1.0;0;72;0.0057;0.4627;0.5612;0.5612;taker_buy_base_asset_volume,taker_buy_quote_asset_volume,rsi;;0.7;False;2023-01-01;2023-07-22 22:10:00;3;True;<< NOT SAVED >>;['-batch-training', '-calc-rsi', '-normalize', '-no-tune', '-n-jobs=20', '-symbol-list=BTCUSDT,ETHUSDT,BNBUSDT,XRPUSDT,ADAUSDT,DOGEUSDT,SOLUSDT,TRXUSDT,DOTUSDT,MATICUSDT,LTCUSDT,BCHUSDT,AVAXUSDT,XLMUSDT,LINKUSDT,XMRUSDT,UNIUSDT,ATOMUSDT', '-interval-list=5m', '-estimator-list=knn', '-stop-loss-list=1.0', '-numeric-features=volume,quote_asset_volume,number_of_trades,taker_buy_base_asset_volume,taker_buy_quote_asset_volume', '-regression-PnL-list=72', '-regression-times-list=0', '-start-train-date=2023-01-01', '-start-test-date=2023-07-01']
2023-10-20 23:01:21;BNBUSDT;5m;knn;repeatededitednearestneighbours;1.0;0;72;0.0082;0.5037;0.5616;0.5616;volume,number_of_trades,taker_buy_base_asset_volume,ema_72p;;0.7;False;2023-01-01;2023-07-22 22:10:00;3;True;<< NOT SAVED >>;['-batch-training', '-calc-rsi', '-normalize', '-no-tune', '-n-jobs=20', '-symbol-list=BTCUSDT,ETHUSDT,BNBUSDT,XRPUSDT,ADAUSDT,DOGEUSDT,SOLUSDT,TRXUSDT,DOTUSDT,MATICUSDT,LTCUSDT,BCHUSDT,AVAXUSDT,XLMUSDT,LINKUSDT,XMRUSDT,UNIUSDT,ATOMUSDT', '-interval-list=5m', '-estimator-list=knn', '-stop-loss-list=1.0', '-numeric-features=volume,quote_asset_volume,number_of_trades,taker_buy_base_asset_volume,taker_buy_quote_asset_volume', '-regression-PnL-list=72', '-regression-times-list=0', '-start-train-date=2023-01-01', '-start-test-date=2023-07-01']
2023-10-20 23:41:11;BNBUSDT;5m;knn;repeatededitednearestneighbours;1.0;0;72;0.0095;0.4722;0.5616;0.5616;number_of_trades,taker_buy_base_asset_volume,taker_buy_quote_asset_volume,rsi,ema_200p;;0.7;False;2023-01-01;2023-07-22 22:10:00;3;True;<< NOT SAVED >>;['-batch-training', '-calc-rsi', '-normalize', '-no-tune', '-n-jobs=20', '-symbol-list=BTCUSDT,ETHUSDT,BNBUSDT,XRPUSDT,ADAUSDT,DOGEUSDT,SOLUSDT,TRXUSDT,DOTUSDT,MATICUSDT,LTCUSDT,BCHUSDT,AVAXUSDT,XLMUSDT,LINKUSDT,XMRUSDT,UNIUSDT,ATOMUSDT', '-interval-list=5m', '-estimator-list=knn', '-stop-loss-list=1.0', '-numeric-features=volume,quote_asset_volume,number_of_trades,taker_buy_base_asset_volume,taker_buy_quote_asset_volume', '-regression-PnL-list=72', '-regression-times-list=0', '-start-train-date=2023-01-01', '-start-test-date=2023-07-01']
2023-10-20 23:15:07;BNBUSDT;5m;knn;repeatededitednearestneighbours;1.0;0;72;0.0067;0.4867;0.5619;0.5619;quote_asset_volume,rsi,ema_72p,ema_200p;;0.7;False;2023-01-01;2023-07-22 22:10:00;3;True;<< NOT SAVED >>;['-batch-training', '-calc-rsi', '-normalize', '-no-tune', '-n-jobs=20', '-symbol-list=BTCUSDT,ETHUSDT,BNBUSDT,XRPUSDT,ADAUSDT,DOGEUSDT,SOLUSDT,TRXUSDT,DOTUSDT,MATICUSDT,LTCUSDT,BCHUSDT,AVAXUSDT,XLMUSDT,LINKUSDT,XMRUSDT,UNIUSDT,ATOMUSDT', '-interval-list=5m', '-estimator-list=knn', '-stop-loss-list=1.0', '-numeric-features=volume,quote_asset_volume,number_of_trades,taker_buy_base_asset_volume,taker_buy_quote_asset_volume', '-regression-PnL-list=72', '-regression-times-list=0', '-start-train-date=2023-01-01', '-start-test-date=2023-07-01']
2023-10-20 23:32:11;BNBUSDT;5m;knn;repeatededitednearestneighbours;1.0;0;72;0.0073;0.5017;0.5623;0.5623;volume,number_of_trades,taker_buy_quote_asset_volume,ema_72p,ema_200p;;0.7;False;2023-01-01;2023-07-22 22:10:00;3;True;<< NOT SAVED >>;['-batch-training', '-calc-rsi', '-normalize', '-no-tune', '-n-jobs=20', '-symbol-list=BTCUSDT,ETHUSDT,BNBUSDT,XRPUSDT,ADAUSDT,DOGEUSDT,SOLUSDT,TRXUSDT,DOTUSDT,MATICUSDT,LTCUSDT,BCHUSDT,AVAXUSDT,XLMUSDT,LINKUSDT,XMRUSDT,UNIUSDT,ATOMUSDT', '-interval-list=5m', '-estimator-list=knn', '-stop-loss-list=1.0', '-numeric-features=volume,quote_asset_volume,number_of_trades,taker_buy_base_asset_volume,taker_buy_quote_asset_volume', '-regression-PnL-list=72', '-regression-times-list=0', '-start-train-date=2023-01-01', '-start-test-date=2023-07-01']
2023-10-29 17:56:07;BNBUSDT;5m;knn;repeatededitednearestneighbours;1.0;0;72;0.0003;0.3988;0.5625;0.5625;close,volume,number_of_trades,rsi,ema_72p;;0.7;False;2023-01-01;2023-07-31 19:40:00;3;True;<< NOT SAVED >>;['-batch-training', '-calc-rsi', '-normalize', '-no-tune', '-n-jobs=20', '-symbol-list=BTCUSDT,ETHUSDT,BNBUSDT,XRPUSDT,ADAUSDT,DOGEUSDT,SOLUSDT,TRXUSDT,DOTUSDT,MATICUSDT,LTCUSDT,BCHUSDT,AVAXUSDT,XLMUSDT,LINKUSDT,XMRUSDT,UNIUSDT,ATOMUSDT', '-interval-list=5m', '-estimator-list=knn', '-stop-loss-list=1.0', '-numeric-features=close,volume,quote_asset_volume,number_of_trades', '-regression-PnL-list=72', '-regression-times-list=0', '-start-train-date=2023-01-01', '-start-test-date=2023-07-01']
2023-10-20 22:41:42;BNBUSDT;5m;knn;repeatededitednearestneighbours;1.0;0;72;0.007;0.5233;0.5631;0.5631;volume,taker_buy_quote_asset_volume,ema_200p;;0.7;False;2023-01-01;2023-07-22 22:10:00;3;True;<< NOT SAVED >>;['-batch-training', '-calc-rsi', '-normalize', '-no-tune', '-n-jobs=20', '-symbol-list=BTCUSDT,ETHUSDT,BNBUSDT,XRPUSDT,ADAUSDT,DOGEUSDT,SOLUSDT,TRXUSDT,DOTUSDT,MATICUSDT,LTCUSDT,BCHUSDT,AVAXUSDT,XLMUSDT,LINKUSDT,XMRUSDT,UNIUSDT,ATOMUSDT', '-interval-list=5m', '-estimator-list=knn', '-stop-loss-list=1.0', '-numeric-features=volume,quote_asset_volume,number_of_trades,taker_buy_base_asset_volume,taker_buy_quote_asset_volume', '-regression-PnL-list=72', '-regression-times-list=0', '-start-train-date=2023-01-01', '-start-test-date=2023-07-01']
2023-10-20 23:30:06;BNBUSDT;5m;knn;repeatededitednearestneighbours;1.0;0;72;0.0035;0.4717;0.5654;0.5654;volume,number_of_trades,taker_buy_base_asset_volume,rsi,ema_72p;;0.7;False;2023-01-01;2023-07-22 22:10:00;3;True;<< NOT SAVED >>;['-batch-training', '-calc-rsi', '-normalize', '-no-tune', '-n-jobs=20', '-symbol-list=BTCUSDT,ETHUSDT,BNBUSDT,XRPUSDT,ADAUSDT,DOGEUSDT,SOLUSDT,TRXUSDT,DOTUSDT,MATICUSDT,LTCUSDT,BCHUSDT,AVAXUSDT,XLMUSDT,LINKUSDT,XMRUSDT,UNIUSDT,ATOMUSDT', '-interval-list=5m', '-estimator-list=knn', '-stop-loss-list=1.0', '-numeric-features=volume,quote_asset_volume,number_of_trades,taker_buy_base_asset_volume,taker_buy_quote_asset_volume', '-regression-PnL-list=72', '-regression-times-list=0', '-start-train-date=2023-01-01', '-start-test-date=2023-07-01']
2023-10-20 22:40:19;BNBUSDT;5m;knn;repeatededitednearestneighbours;1.0;0;72;0.006;0.5176;0.5658;0.5658;volume,taker_buy_base_asset_volume,ema_72p;;0.7;False;2023-01-01;2023-07-22 22:10:00;3;True;<< NOT SAVED >>;['-batch-training', '-calc-rsi', '-normalize', '-no-tune', '-n-jobs=20', '-symbol-list=BTCUSDT,ETHUSDT,BNBUSDT,XRPUSDT,ADAUSDT,DOGEUSDT,SOLUSDT,TRXUSDT,DOTUSDT,MATICUSDT,LTCUSDT,BCHUSDT,AVAXUSDT,XLMUSDT,LINKUSDT,XMRUSDT,UNIUSDT,ATOMUSDT', '-interval-list=5m', '-estimator-list=knn', '-stop-loss-list=1.0', '-numeric-features=volume,quote_asset_volume,number_of_trades,taker_buy_base_asset_volume,taker_buy_quote_asset_volume', '-regression-PnL-list=72', '-regression-times-list=0', '-start-train-date=2023-01-01', '-start-test-date=2023-07-01']
2023-10-20 22:41:22;BNBUSDT;5m;knn;repeatededitednearestneighbours;1.0;0;72;0.006;0.5179;0.5662;0.5662;volume,taker_buy_quote_asset_volume,ema_72p;;0.7;False;2023-01-01;2023-07-22 22:10:00;3;True;<< NOT SAVED >>;['-batch-training', '-calc-rsi', '-normalize', '-no-tune', '-n-jobs=20', '-symbol-list=BTCUSDT,ETHUSDT,BNBUSDT,XRPUSDT,ADAUSDT,DOGEUSDT,SOLUSDT,TRXUSDT,DOTUSDT,MATICUSDT,LTCUSDT,BCHUSDT,AVAXUSDT,XLMUSDT,LINKUSDT,XMRUSDT,UNIUSDT,ATOMUSDT', '-interval-list=5m', '-estimator-list=knn', '-stop-loss-list=1.0', '-numeric-features=volume,quote_asset_volume,number_of_trades,taker_buy_base_asset_volume,taker_buy_quote_asset_volume', '-regression-PnL-list=72', '-regression-times-list=0', '-start-train-date=2023-01-01', '-start-test-date=2023-07-01']
2023-10-20 22:54:06;BNBUSDT;5m;knn;repeatededitednearestneighbours;1.0;0;72;0.0029;0.4703;0.5666;0.5666;taker_buy_quote_asset_volume,rsi,ema_200p;;0.7;False;2023-01-01;2023-07-22 22:10:00;3;True;<< NOT SAVED >>;['-batch-training', '-calc-rsi', '-normalize', '-no-tune', '-n-jobs=20', '-symbol-list=BTCUSDT,ETHUSDT,BNBUSDT,XRPUSDT,ADAUSDT,DOGEUSDT,SOLUSDT,TRXUSDT,DOTUSDT,MATICUSDT,LTCUSDT,BCHUSDT,AVAXUSDT,XLMUSDT,LINKUSDT,XMRUSDT,UNIUSDT,ATOMUSDT', '-interval-list=5m', '-estimator-list=knn', '-stop-loss-list=1.0', '-numeric-features=volume,quote_asset_volume,number_of_trades,taker_buy_base_asset_volume,taker_buy_quote_asset_volume', '-regression-PnL-list=72', '-regression-times-list=0', '-start-train-date=2023-01-01', '-start-test-date=2023-07-01']
2023-10-20 23:40:47;BNBUSDT;5m;knn;repeatededitednearestneighbours;1.0;0;72;0.0101;0.4649;0.5666;0.5666;number_of_trades,taker_buy_base_asset_volume,taker_buy_quote_asset_volume,rsi,ema_72p;;0.7;False;2023-01-01;2023-07-22 22:10:00;3;True;<< NOT SAVED >>;['-batch-training', '-calc-rsi', '-normalize', '-no-tune', '-n-jobs=20', '-symbol-list=BTCUSDT,ETHUSDT,BNBUSDT,XRPUSDT,ADAUSDT,DOGEUSDT,SOLUSDT,TRXUSDT,DOTUSDT,MATICUSDT,LTCUSDT,BCHUSDT,AVAXUSDT,XLMUSDT,LINKUSDT,XMRUSDT,UNIUSDT,ATOMUSDT', '-interval-list=5m', '-estimator-list=knn', '-stop-loss-list=1.0', '-numeric-features=volume,quote_asset_volume,number_of_trades,taker_buy_base_asset_volume,taker_buy_quote_asset_volume', '-regression-PnL-list=72', '-regression-times-list=0', '-start-train-date=2023-01-01', '-start-test-date=2023-07-01']
2023-10-20 23:44:58;BNBUSDT;5m;knn;repeatededitednearestneighbours;1.0;0;72;0.0051;0.4754;0.5681;0.5681;volume,quote_asset_volume,number_of_trades,taker_buy_base_asset_volume,rsi,ema_200p;;0.7;False;2023-01-01;2023-07-22 22:10:00;3;True;<< NOT SAVED >>;['-batch-training', '-calc-rsi', '-normalize', '-no-tune', '-n-jobs=20', '-symbol-list=BTCUSDT,ETHUSDT,BNBUSDT,XRPUSDT,ADAUSDT,DOGEUSDT,SOLUSDT,TRXUSDT,DOTUSDT,MATICUSDT,LTCUSDT,BCHUSDT,AVAXUSDT,XLMUSDT,LINKUSDT,XMRUSDT,UNIUSDT,ATOMUSDT', '-interval-list=5m', '-estimator-list=knn', '-stop-loss-list=1.0', '-numeric-features=volume,quote_asset_volume,number_of_trades,taker_buy_base_asset_volume,taker_buy_quote_asset_volume', '-regression-PnL-list=72', '-regression-times-list=0', '-start-train-date=2023-01-01', '-start-test-date=2023-07-01']
2023-10-29 18:04:04;BNBUSDT;5m;knn;allknn;1.0;0;72;0.0824;0.3467;0.5685;0.5685;close,volume,quote_asset_volume,number_of_trades,rsi,ema_72p,ema_200p;;0.7;False;2023-01-01;2023-07-31 19:40:00;3;True;<< NOT SAVED >>;['-batch-training', '-calc-rsi', '-normalize', '-no-tune', '-n-jobs=20', '-symbol-list=BTCUSDT,ETHUSDT,BNBUSDT,XRPUSDT,ADAUSDT,DOGEUSDT,SOLUSDT,TRXUSDT,DOTUSDT,MATICUSDT,LTCUSDT,BCHUSDT,AVAXUSDT,XLMUSDT,LINKUSDT,XMRUSDT,UNIUSDT,ATOMUSDT', '-interval-list=5m', '-estimator-list=knn', '-stop-loss-list=1.0', '-numeric-features=close,volume,quote_asset_volume,number_of_trades', '-regression-PnL-list=72', '-regression-times-list=0', '-start-train-date=2023-01-01', '-start-test-date=2023-07-01']
2023-10-20 23:42:21;BNBUSDT;5m;knn;repeatededitednearestneighbours;1.0;0;72;0.007;0.4606;0.5685;0.5685;number_of_trades,taker_buy_quote_asset_volume,rsi,ema_72p,ema_200p;;0.7;False;2023-01-01;2023-07-22 22:10:00;3;True;<< NOT SAVED >>;['-batch-training', '-calc-rsi', '-normalize', '-no-tune', '-n-jobs=20', '-symbol-list=BTCUSDT,ETHUSDT,BNBUSDT,XRPUSDT,ADAUSDT,DOGEUSDT,SOLUSDT,TRXUSDT,DOTUSDT,MATICUSDT,LTCUSDT,BCHUSDT,AVAXUSDT,XLMUSDT,LINKUSDT,XMRUSDT,UNIUSDT,ATOMUSDT', '-interval-list=5m', '-estimator-list=knn', '-stop-loss-list=1.0', '-numeric-features=volume,quote_asset_volume,number_of_trades,taker_buy_base_asset_volume,taker_buy_quote_asset_volume', '-regression-PnL-list=72', '-regression-times-list=0', '-start-train-date=2023-01-01', '-start-test-date=2023-07-01']
2023-10-20 22:53:46;BNBUSDT;5m;knn;repeatededitednearestneighbours;1.0;0;72;0.0019;0.4669;0.5693;0.5693;taker_buy_quote_asset_volume,rsi,ema_72p;;0.7;False;2023-01-01;2023-07-22 22:10:00;3;True;<< NOT SAVED >>;['-batch-training', '-calc-rsi', '-normalize', '-no-tune', '-n-jobs=20', '-symbol-list=BTCUSDT,ETHUSDT,BNBUSDT,XRPUSDT,ADAUSDT,DOGEUSDT,SOLUSDT,TRXUSDT,DOTUSDT,MATICUSDT,LTCUSDT,BCHUSDT,AVAXUSDT,XLMUSDT,LINKUSDT,XMRUSDT,UNIUSDT,ATOMUSDT', '-interval-list=5m', '-estimator-list=knn', '-stop-loss-list=1.0', '-numeric-features=volume,quote_asset_volume,number_of_trades,taker_buy_base_asset_volume,taker_buy_quote_asset_volume', '-regression-PnL-list=72', '-regression-times-list=0', '-start-train-date=2023-01-01', '-start-test-date=2023-07-01']
2023-10-29 17:57:27;BNBUSDT;5m;knn;instancehardnessthreshold;1.0;0;72;0.0827;0.3264;0.57;0.57;close,volume,rsi,ema_72p,ema_200p;;0.7;False;2023-01-01;2023-07-31 19:40:00;3;True;<< NOT SAVED >>;['-batch-training', '-calc-rsi', '-normalize', '-no-tune', '-n-jobs=20', '-symbol-list=BTCUSDT,ETHUSDT,BNBUSDT,XRPUSDT,ADAUSDT,DOGEUSDT,SOLUSDT,TRXUSDT,DOTUSDT,MATICUSDT,LTCUSDT,BCHUSDT,AVAXUSDT,XLMUSDT,LINKUSDT,XMRUSDT,UNIUSDT,ATOMUSDT', '-interval-list=5m', '-estimator-list=knn', '-stop-loss-list=1.0', '-numeric-features=close,volume,quote_asset_volume,number_of_trades', '-regression-PnL-list=72', '-regression-times-list=0', '-start-train-date=2023-01-01', '-start-test-date=2023-07-01']
2023-10-20 23:51:46;BNBUSDT;5m;knn;repeatededitednearestneighbours;1.0;0;72;0.0082;0.4818;0.572;0.572;volume,number_of_trades,taker_buy_quote_asset_volume,rsi,ema_72p,ema_200p;;0.7;False;2023-01-01;2023-07-22 22:10:00;3;True;<< NOT SAVED >>;['-batch-training', '-calc-rsi', '-normalize', '-no-tune', '-n-jobs=20', '-symbol-list=BTCUSDT,ETHUSDT,BNBUSDT,XRPUSDT,ADAUSDT,DOGEUSDT,SOLUSDT,TRXUSDT,DOTUSDT,MATICUSDT,LTCUSDT,BCHUSDT,AVAXUSDT,XLMUSDT,LINKUSDT,XMRUSDT,UNIUSDT,ATOMUSDT', '-interval-list=5m', '-estimator-list=knn', '-stop-loss-list=1.0', '-numeric-features=volume,quote_asset_volume,number_of_trades,taker_buy_base_asset_volume,taker_buy_quote_asset_volume', '-regression-PnL-list=72', '-regression-times-list=0', '-start-train-date=2023-01-01', '-start-test-date=2023-07-01']
2023-10-20 23:24:19;BNBUSDT;5m;knn;repeatededitednearestneighbours;1.0;0;72;0.0111;0.4793;0.572;0.572;volume,quote_asset_volume,number_of_trades,rsi,ema_200p;;0.7;False;2023-01-01;2023-07-22 22:10:00;3;True;<< NOT SAVED >>;['-batch-training', '-calc-rsi', '-normalize', '-no-tune', '-n-jobs=20', '-symbol-list=BTCUSDT,ETHUSDT,BNBUSDT,XRPUSDT,ADAUSDT,DOGEUSDT,SOLUSDT,TRXUSDT,DOTUSDT,MATICUSDT,LTCUSDT,BCHUSDT,AVAXUSDT,XLMUSDT,LINKUSDT,XMRUSDT,UNIUSDT,ATOMUSDT', '-interval-list=5m', '-estimator-list=knn', '-stop-loss-list=1.0', '-numeric-features=volume,quote_asset_volume,number_of_trades,taker_buy_base_asset_volume,taker_buy_quote_asset_volume', '-regression-PnL-list=72', '-regression-times-list=0', '-start-train-date=2023-01-01', '-start-test-date=2023-07-01']
2023-10-20 23:44:31;BNBUSDT;5m;knn;repeatededitednearestneighbours;1.0;0;72;0.0057;0.4722;0.5728;0.5728;volume,quote_asset_volume,number_of_trades,taker_buy_base_asset_volume,rsi,ema_72p;;0.7;False;2023-01-01;2023-07-22 22:10:00;3;True;<< NOT SAVED >>;['-batch-training', '-calc-rsi', '-normalize', '-no-tune', '-n-jobs=20', '-symbol-list=BTCUSDT,ETHUSDT,BNBUSDT,XRPUSDT,ADAUSDT,DOGEUSDT,SOLUSDT,TRXUSDT,DOTUSDT,MATICUSDT,LTCUSDT,BCHUSDT,AVAXUSDT,XLMUSDT,LINKUSDT,XMRUSDT,UNIUSDT,ATOMUSDT', '-interval-list=5m', '-estimator-list=knn', '-stop-loss-list=1.0', '-numeric-features=volume,quote_asset_volume,number_of_trades,taker_buy_base_asset_volume,taker_buy_quote_asset_volume', '-regression-PnL-list=72', '-regression-times-list=0', '-start-train-date=2023-01-01', '-start-test-date=2023-07-01']
2023-10-29 17:47:14;BNBUSDT;5m;knn;repeatededitednearestneighbours;1.0;0;72;0.0014;0.3968;0.5733;0.5733;close,volume,number_of_trades,ema_200p;;0.7;False;2023-01-01;2023-07-31 19:40:00;3;True;<< NOT SAVED >>;['-batch-training', '-calc-rsi', '-normalize', '-no-tune', '-n-jobs=20', '-symbol-list=BTCUSDT,ETHUSDT,BNBUSDT,XRPUSDT,ADAUSDT,DOGEUSDT,SOLUSDT,TRXUSDT,DOTUSDT,MATICUSDT,LTCUSDT,BCHUSDT,AVAXUSDT,XLMUSDT,LINKUSDT,XMRUSDT,UNIUSDT,ATOMUSDT', '-interval-list=5m', '-estimator-list=knn', '-stop-loss-list=1.0', '-numeric-features=close,volume,quote_asset_volume,number_of_trades', '-regression-PnL-list=72', '-regression-times-list=0', '-start-train-date=2023-01-01', '-start-test-date=2023-07-01']
2023-10-20 23:38:06;BNBUSDT;5m;knn;repeatededitednearestneighbours;1.0;0;72;0.0044;0.53;0.5735;0.5735;quote_asset_volume,number_of_trades,taker_buy_quote_asset_volume,ema_72p,ema_200p;;0.7;False;2023-01-01;2023-07-22 22:10:00;3;True;<< NOT SAVED >>;['-batch-training', '-calc-rsi', '-normalize', '-no-tune', '-n-jobs=20', '-symbol-list=BTCUSDT,ETHUSDT,BNBUSDT,XRPUSDT,ADAUSDT,DOGEUSDT,SOLUSDT,TRXUSDT,DOTUSDT,MATICUSDT,LTCUSDT,BCHUSDT,AVAXUSDT,XLMUSDT,LINKUSDT,XMRUSDT,UNIUSDT,ATOMUSDT', '-interval-list=5m', '-estimator-list=knn', '-stop-loss-list=1.0', '-numeric-features=volume,quote_asset_volume,number_of_trades,taker_buy_base_asset_volume,taker_buy_quote_asset_volume', '-regression-PnL-list=72', '-regression-times-list=0', '-start-train-date=2023-01-01', '-start-test-date=2023-07-01']
2023-10-20 23:59:36;BNBUSDT;5m;knn;repeatededitednearestneighbours;1.0;0;72;0.0022;0.5048;0.5743;0.5743;volume,quote_asset_volume,number_of_trades,taker_buy_base_asset_volume,taker_buy_quote_asset_volume,rsi,ema_72p,ema_200p;;0.7;False;2023-01-01;2023-07-22 22:10:00;3;True;<< NOT SAVED >>;['-batch-training', '-calc-rsi', '-normalize', '-no-tune', '-n-jobs=20', '-symbol-list=BTCUSDT,ETHUSDT,BNBUSDT,XRPUSDT,ADAUSDT,DOGEUSDT,SOLUSDT,TRXUSDT,DOTUSDT,MATICUSDT,LTCUSDT,BCHUSDT,AVAXUSDT,XLMUSDT,LINKUSDT,XMRUSDT,UNIUSDT,ATOMUSDT', '-interval-list=5m', '-estimator-list=knn', '-stop-loss-list=1.0', '-numeric-features=volume,quote_asset_volume,number_of_trades,taker_buy_base_asset_volume,taker_buy_quote_asset_volume', '-regression-PnL-list=72', '-regression-times-list=0', '-start-train-date=2023-01-01', '-start-test-date=2023-07-01']
2023-10-20 22:56:14;BNBUSDT;5m;knn;repeatededitednearestneighbours;1.0;0;72;0.0241;0.4993;0.5747;0.5747;volume,quote_asset_volume,number_of_trades,ema_72p;;0.7;False;2023-01-01;2023-07-22 22:10:00;3;True;<< NOT SAVED >>;['-batch-training', '-calc-rsi', '-normalize', '-no-tune', '-n-jobs=20', '-symbol-list=BTCUSDT,ETHUSDT,BNBUSDT,XRPUSDT,ADAUSDT,DOGEUSDT,SOLUSDT,TRXUSDT,DOTUSDT,MATICUSDT,LTCUSDT,BCHUSDT,AVAXUSDT,XLMUSDT,LINKUSDT,XMRUSDT,UNIUSDT,ATOMUSDT', '-interval-list=5m', '-estimator-list=knn', '-stop-loss-list=1.0', '-numeric-features=volume,quote_asset_volume,number_of_trades,taker_buy_base_asset_volume,taker_buy_quote_asset_volume', '-regression-PnL-list=72', '-regression-times-list=0', '-start-train-date=2023-01-01', '-start-test-date=2023-07-01']
2023-10-20 23:49:24;BNBUSDT;5m;knn;repeatededitednearestneighbours;1.0;0;72;0.0041;0.5109;0.5755;0.5755;volume,quote_asset_volume,taker_buy_quote_asset_volume,rsi,ema_72p,ema_200p;;0.7;False;2023-01-01;2023-07-22 22:10:00;3;True;<< NOT SAVED >>;['-batch-training', '-calc-rsi', '-normalize', '-no-tune', '-n-jobs=20', '-symbol-list=BTCUSDT,ETHUSDT,BNBUSDT,XRPUSDT,ADAUSDT,DOGEUSDT,SOLUSDT,TRXUSDT,DOTUSDT,MATICUSDT,LTCUSDT,BCHUSDT,AVAXUSDT,XLMUSDT,LINKUSDT,XMRUSDT,UNIUSDT,ATOMUSDT', '-interval-list=5m', '-estimator-list=knn', '-stop-loss-list=1.0', '-numeric-features=volume,quote_asset_volume,number_of_trades,taker_buy_base_asset_volume,taker_buy_quote_asset_volume', '-regression-PnL-list=72', '-regression-times-list=0', '-start-train-date=2023-01-01', '-start-test-date=2023-07-01']
2023-10-20 23:22:18;BNBUSDT;5m;knn;repeatededitednearestneighbours;1.0;0;72;0.0098;0.4903;0.5766;0.5766;volume,quote_asset_volume,number_of_trades,taker_buy_base_asset_volume,ema_200p;;0.7;False;2023-01-01;2023-07-22 22:10:00;3;True;<< NOT SAVED >>;['-batch-training', '-calc-rsi', '-normalize', '-no-tune', '-n-jobs=20', '-symbol-list=BTCUSDT,ETHUSDT,BNBUSDT,XRPUSDT,ADAUSDT,DOGEUSDT,SOLUSDT,TRXUSDT,DOTUSDT,MATICUSDT,LTCUSDT,BCHUSDT,AVAXUSDT,XLMUSDT,LINKUSDT,XMRUSDT,UNIUSDT,ATOMUSDT', '-interval-list=5m', '-estimator-list=knn', '-stop-loss-list=1.0', '-numeric-features=volume,quote_asset_volume,number_of_trades,taker_buy_base_asset_volume,taker_buy_quote_asset_volume', '-regression-PnL-list=72', '-regression-times-list=0', '-start-train-date=2023-01-01', '-start-test-date=2023-07-01']
2023-10-29 17:40:25;BNBUSDT;5m;knn;repeatededitednearestneighbours;1.0;0;72;0.0;0.4142;0.5768;0.5768;close,volume,ema_200p;;0.7;False;2023-01-01;2023-07-31 19:40:00;3;True;<< NOT SAVED >>;['-batch-training', '-calc-rsi', '-normalize', '-no-tune', '-n-jobs=20', '-symbol-list=BTCUSDT,ETHUSDT,BNBUSDT,XRPUSDT,ADAUSDT,DOGEUSDT,SOLUSDT,TRXUSDT,DOTUSDT,MATICUSDT,LTCUSDT,BCHUSDT,AVAXUSDT,XLMUSDT,LINKUSDT,XMRUSDT,UNIUSDT,ATOMUSDT', '-interval-list=5m', '-estimator-list=knn', '-stop-loss-list=1.0', '-numeric-features=close,volume,quote_asset_volume,number_of_trades', '-regression-PnL-list=72', '-regression-times-list=0', '-start-train-date=2023-01-01', '-start-test-date=2023-07-01']
2023-10-29 18:01:06;BNBUSDT;5m;knn;repeatededitednearestneighbours;1.0;0;72;0.0009;0.4307;0.5768;0.5768;close,volume,quote_asset_volume,number_of_trades,rsi,ema_200p;;0.7;False;2023-01-01;2023-07-31 19:40:00;3;True;<< NOT SAVED >>;['-batch-training', '-calc-rsi', '-normalize', '-no-tune', '-n-jobs=20', '-symbol-list=BTCUSDT,ETHUSDT,BNBUSDT,XRPUSDT,ADAUSDT,DOGEUSDT,SOLUSDT,TRXUSDT,DOTUSDT,MATICUSDT,LTCUSDT,BCHUSDT,AVAXUSDT,XLMUSDT,LINKUSDT,XMRUSDT,UNIUSDT,ATOMUSDT', '-interval-list=5m', '-estimator-list=knn', '-stop-loss-list=1.0', '-numeric-features=close,volume,quote_asset_volume,number_of_trades', '-regression-PnL-list=72', '-regression-times-list=0', '-start-train-date=2023-01-01', '-start-test-date=2023-07-01']
2023-10-20 22:56:35;BNBUSDT;5m;knn;repeatededitednearestneighbours;1.0;0;72;0.0231;0.5061;0.577;0.577;volume,quote_asset_volume,number_of_trades,ema_200p;;0.7;False;2023-01-01;2023-07-22 22:10:00;3;True;<< NOT SAVED >>;['-batch-training', '-calc-rsi', '-normalize', '-no-tune', '-n-jobs=20', '-symbol-list=BTCUSDT,ETHUSDT,BNBUSDT,XRPUSDT,ADAUSDT,DOGEUSDT,SOLUSDT,TRXUSDT,DOTUSDT,MATICUSDT,LTCUSDT,BCHUSDT,AVAXUSDT,XLMUSDT,LINKUSDT,XMRUSDT,UNIUSDT,ATOMUSDT', '-interval-list=5m', '-estimator-list=knn', '-stop-loss-list=1.0', '-numeric-features=volume,quote_asset_volume,number_of_trades,taker_buy_base_asset_volume,taker_buy_quote_asset_volume', '-regression-PnL-list=72', '-regression-times-list=0', '-start-train-date=2023-01-01', '-start-test-date=2023-07-01']
2023-10-20 23:05:07;BNBUSDT;5m;knn;repeatededitednearestneighbours;1.0;0;72;0.0181;0.5004;0.5774;0.5774;volume,taker_buy_base_asset_volume,taker_buy_quote_asset_volume,ema_200p;;0.7;False;2023-01-01;2023-07-22 22:10:00;3;True;<< NOT SAVED >>;['-batch-training', '-calc-rsi', '-normalize', '-no-tune', '-n-jobs=20', '-symbol-list=BTCUSDT,ETHUSDT,BNBUSDT,XRPUSDT,ADAUSDT,DOGEUSDT,SOLUSDT,TRXUSDT,DOTUSDT,MATICUSDT,LTCUSDT,BCHUSDT,AVAXUSDT,XLMUSDT,LINKUSDT,XMRUSDT,UNIUSDT,ATOMUSDT', '-interval-list=5m', '-estimator-list=knn', '-stop-loss-list=1.0', '-numeric-features=volume,quote_asset_volume,number_of_trades,taker_buy_base_asset_volume,taker_buy_quote_asset_volume', '-regression-PnL-list=72', '-regression-times-list=0', '-start-train-date=2023-01-01', '-start-test-date=2023-07-01']
2023-10-20 23:04:45;BNBUSDT;5m;knn;repeatededitednearestneighbours;1.0;0;72;0.0159;0.4949;0.5782;0.5782;volume,taker_buy_base_asset_volume,taker_buy_quote_asset_volume,ema_72p;;0.7;False;2023-01-01;2023-07-22 22:10:00;3;True;<< NOT SAVED >>;['-batch-training', '-calc-rsi', '-normalize', '-no-tune', '-n-jobs=20', '-symbol-list=BTCUSDT,ETHUSDT,BNBUSDT,XRPUSDT,ADAUSDT,DOGEUSDT,SOLUSDT,TRXUSDT,DOTUSDT,MATICUSDT,LTCUSDT,BCHUSDT,AVAXUSDT,XLMUSDT,LINKUSDT,XMRUSDT,UNIUSDT,ATOMUSDT', '-interval-list=5m', '-estimator-list=knn', '-stop-loss-list=1.0', '-numeric-features=volume,quote_asset_volume,number_of_trades,taker_buy_base_asset_volume,taker_buy_quote_asset_volume', '-regression-PnL-list=72', '-regression-times-list=0', '-start-train-date=2023-01-01', '-start-test-date=2023-07-01']
2023-10-20 23:39:38;BNBUSDT;5m;knn;repeatededitednearestneighbours;1.0;0;72;0.0013;0.5123;0.5785;0.5785;quote_asset_volume,taker_buy_base_asset_volume,taker_buy_quote_asset_volume,ema_72p,ema_200p;;0.7;False;2023-01-01;2023-07-22 22:10:00;3;True;<< NOT SAVED >>;['-batch-training', '-calc-rsi', '-normalize', '-no-tune', '-n-jobs=20', '-symbol-list=BTCUSDT,ETHUSDT,BNBUSDT,XRPUSDT,ADAUSDT,DOGEUSDT,SOLUSDT,TRXUSDT,DOTUSDT,MATICUSDT,LTCUSDT,BCHUSDT,AVAXUSDT,XLMUSDT,LINKUSDT,XMRUSDT,UNIUSDT,ATOMUSDT', '-interval-list=5m', '-estimator-list=knn', '-stop-loss-list=1.0', '-numeric-features=volume,quote_asset_volume,number_of_trades,taker_buy_base_asset_volume,taker_buy_quote_asset_volume', '-regression-PnL-list=72', '-regression-times-list=0', '-start-train-date=2023-01-01', '-start-test-date=2023-07-01']
2023-10-20 22:58:04;BNBUSDT;5m;knn;repeatededitednearestneighbours;1.0;0;72;0.0114;0.4933;0.5789;0.5789;volume,quote_asset_volume,taker_buy_base_asset_volume,ema_200p;;0.7;False;2023-01-01;2023-07-22 22:10:00;3;True;<< NOT SAVED >>;['-batch-training', '-calc-rsi', '-normalize', '-no-tune', '-n-jobs=20', '-symbol-list=BTCUSDT,ETHUSDT,BNBUSDT,XRPUSDT,ADAUSDT,DOGEUSDT,SOLUSDT,TRXUSDT,DOTUSDT,MATICUSDT,LTCUSDT,BCHUSDT,AVAXUSDT,XLMUSDT,LINKUSDT,XMRUSDT,UNIUSDT,ATOMUSDT', '-interval-list=5m', '-estimator-list=knn', '-stop-loss-list=1.0', '-numeric-features=volume,quote_asset_volume,number_of_trades,taker_buy_base_asset_volume,taker_buy_quote_asset_volume', '-regression-PnL-list=72', '-regression-times-list=0', '-start-train-date=2023-01-01', '-start-test-date=2023-07-01']
2023-10-29 18:00:33;BNBUSDT;5m;knn;repeatededitednearestneighbours;1.0;0;72;0.0009;0.417;0.5792;0.5792;close,volume,quote_asset_volume,number_of_trades,rsi,ema_72p;;0.7;False;2023-01-01;2023-07-31 19:40:00;3;True;<< NOT SAVED >>;['-batch-training', '-calc-rsi', '-normalize', '-no-tune', '-n-jobs=20', '-symbol-list=BTCUSDT,ETHUSDT,BNBUSDT,XRPUSDT,ADAUSDT,DOGEUSDT,SOLUSDT,TRXUSDT,DOTUSDT,MATICUSDT,LTCUSDT,BCHUSDT,AVAXUSDT,XLMUSDT,LINKUSDT,XMRUSDT,UNIUSDT,ATOMUSDT', '-interval-list=5m', '-estimator-list=knn', '-stop-loss-list=1.0', '-numeric-features=close,volume,quote_asset_volume,number_of_trades', '-regression-PnL-list=72', '-regression-times-list=0', '-start-train-date=2023-01-01', '-start-test-date=2023-07-01']
2023-10-20 23:21:53;BNBUSDT;5m;knn;repeatededitednearestneighbours;1.0;0;72;0.0098;0.4859;0.5793;0.5793;volume,quote_asset_volume,number_of_trades,taker_buy_base_asset_volume,ema_72p;;0.7;False;2023-01-01;2023-07-22 22:10:00;3;True;<< NOT SAVED >>;['-batch-training', '-calc-rsi', '-normalize', '-no-tune', '-n-jobs=20', '-symbol-list=BTCUSDT,ETHUSDT,BNBUSDT,XRPUSDT,ADAUSDT,DOGEUSDT,SOLUSDT,TRXUSDT,DOTUSDT,MATICUSDT,LTCUSDT,BCHUSDT,AVAXUSDT,XLMUSDT,LINKUSDT,XMRUSDT,UNIUSDT,ATOMUSDT', '-interval-list=5m', '-estimator-list=knn', '-stop-loss-list=1.0', '-numeric-features=volume,quote_asset_volume,number_of_trades,taker_buy_base_asset_volume,taker_buy_quote_asset_volume', '-regression-PnL-list=72', '-regression-times-list=0', '-start-train-date=2023-01-01', '-start-test-date=2023-07-01']
2023-10-20 23:23:56;BNBUSDT;5m;knn;repeatededitednearestneighbours;1.0;0;72;0.0117;0.4767;0.5793;0.5793;volume,quote_asset_volume,number_of_trades,rsi,ema_72p;;0.7;False;2023-01-01;2023-07-22 22:10:00;3;True;<< NOT SAVED >>;['-batch-training', '-calc-rsi', '-normalize', '-no-tune', '-n-jobs=20', '-symbol-list=BTCUSDT,ETHUSDT,BNBUSDT,XRPUSDT,ADAUSDT,DOGEUSDT,SOLUSDT,TRXUSDT,DOTUSDT,MATICUSDT,LTCUSDT,BCHUSDT,AVAXUSDT,XLMUSDT,LINKUSDT,XMRUSDT,UNIUSDT,ATOMUSDT', '-interval-list=5m', '-estimator-list=knn', '-stop-loss-list=1.0', '-numeric-features=volume,quote_asset_volume,number_of_trades,taker_buy_base_asset_volume,taker_buy_quote_asset_volume', '-regression-PnL-list=72', '-regression-times-list=0', '-start-train-date=2023-01-01', '-start-test-date=2023-07-01']
2023-10-20 22:54:25;BNBUSDT;5m;knn;repeatededitednearestneighbours;1.0;0;72;0.0105;0.4824;0.5805;0.5805;taker_buy_quote_asset_volume,ema_72p,ema_200p;;0.7;False;2023-01-01;2023-07-22 22:10:00;3;True;<< NOT SAVED >>;['-batch-training', '-calc-rsi', '-normalize', '-no-tune', '-n-jobs=20', '-symbol-list=BTCUSDT,ETHUSDT,BNBUSDT,XRPUSDT,ADAUSDT,DOGEUSDT,SOLUSDT,TRXUSDT,DOTUSDT,MATICUSDT,LTCUSDT,BCHUSDT,AVAXUSDT,XLMUSDT,LINKUSDT,XMRUSDT,UNIUSDT,ATOMUSDT', '-interval-list=5m', '-estimator-list=knn', '-stop-loss-list=1.0', '-numeric-features=volume,quote_asset_volume,number_of_trades,taker_buy_base_asset_volume,taker_buy_quote_asset_volume', '-regression-PnL-list=72', '-regression-times-list=0', '-start-train-date=2023-01-01', '-start-test-date=2023-07-01']
2023-10-20 23:13:38;BNBUSDT;5m;knn;repeatededitednearestneighbours;1.0;0;72;0.006;0.4991;0.5805;0.5805;quote_asset_volume,taker_buy_base_asset_volume,ema_72p,ema_200p;;0.7;False;2023-01-01;2023-07-22 22:10:00;3;True;<< NOT SAVED >>;['-batch-training', '-calc-rsi', '-normalize', '-no-tune', '-n-jobs=20', '-symbol-list=BTCUSDT,ETHUSDT,BNBUSDT,XRPUSDT,ADAUSDT,DOGEUSDT,SOLUSDT,TRXUSDT,DOTUSDT,MATICUSDT,LTCUSDT,BCHUSDT,AVAXUSDT,XLMUSDT,LINKUSDT,XMRUSDT,UNIUSDT,ATOMUSDT', '-interval-list=5m', '-estimator-list=knn', '-stop-loss-list=1.0', '-numeric-features=volume,quote_asset_volume,number_of_trades,taker_buy_base_asset_volume,taker_buy_quote_asset_volume', '-regression-PnL-list=72', '-regression-times-list=0', '-start-train-date=2023-01-01', '-start-test-date=2023-07-01']
2023-10-20 23:26:37;BNBUSDT;5m;knn;repeatededitednearestneighbours;1.0;0;72;0.0076;0.483;0.5809;0.5809;volume,quote_asset_volume,taker_buy_base_asset_volume,rsi,ema_200p;;0.7;False;2023-01-01;2023-07-22 22:10:00;3;True;<< NOT SAVED >>;['-batch-training', '-calc-rsi', '-normalize', '-no-tune', '-n-jobs=20', '-symbol-list=BTCUSDT,ETHUSDT,BNBUSDT,XRPUSDT,ADAUSDT,DOGEUSDT,SOLUSDT,TRXUSDT,DOTUSDT,MATICUSDT,LTCUSDT,BCHUSDT,AVAXUSDT,XLMUSDT,LINKUSDT,XMRUSDT,UNIUSDT,ATOMUSDT', '-interval-list=5m', '-estimator-list=knn', '-stop-loss-list=1.0', '-numeric-features=volume,quote_asset_volume,number_of_trades,taker_buy_base_asset_volume,taker_buy_quote_asset_volume', '-regression-PnL-list=72', '-regression-times-list=0', '-start-train-date=2023-01-01', '-start-test-date=2023-07-01']
2023-10-20 23:33:22;BNBUSDT;5m;knn;repeatededitednearestneighbours;1.0;0;72;0.0146;0.4774;0.5812;0.5812;volume,taker_buy_base_asset_volume,taker_buy_quote_asset_volume,rsi,ema_200p;;0.7;False;2023-01-01;2023-07-22 22:10:00;3;True;<< NOT SAVED >>;['-batch-training', '-calc-rsi', '-normalize', '-no-tune', '-n-jobs=20', '-symbol-list=BTCUSDT,ETHUSDT,BNBUSDT,XRPUSDT,ADAUSDT,DOGEUSDT,SOLUSDT,TRXUSDT,DOTUSDT,MATICUSDT,LTCUSDT,BCHUSDT,AVAXUSDT,XLMUSDT,LINKUSDT,XMRUSDT,UNIUSDT,ATOMUSDT', '-interval-list=5m', '-estimator-list=knn', '-stop-loss-list=1.0', '-numeric-features=volume,quote_asset_volume,number_of_trades,taker_buy_base_asset_volume,taker_buy_quote_asset_volume', '-regression-PnL-list=72', '-regression-times-list=0', '-start-train-date=2023-01-01', '-start-test-date=2023-07-01']
2023-10-20 23:58:11;BNBUSDT;5m;knn;repeatededitednearestneighbours;1.0;0;72;0.0022;0.5057;0.582;0.582;volume,quote_asset_volume,taker_buy_base_asset_volume,taker_buy_quote_asset_volume,rsi,ema_72p,ema_200p;;0.7;False;2023-01-01;2023-07-22 22:10:00;3;True;<< NOT SAVED >>;['-batch-training', '-calc-rsi', '-normalize', '-no-tune', '-n-jobs=20', '-symbol-list=BTCUSDT,ETHUSDT,BNBUSDT,XRPUSDT,ADAUSDT,DOGEUSDT,SOLUSDT,TRXUSDT,DOTUSDT,MATICUSDT,LTCUSDT,BCHUSDT,AVAXUSDT,XLMUSDT,LINKUSDT,XMRUSDT,UNIUSDT,ATOMUSDT', '-interval-list=5m', '-estimator-list=knn', '-stop-loss-list=1.0', '-numeric-features=volume,quote_asset_volume,number_of_trades,taker_buy_base_asset_volume,taker_buy_quote_asset_volume', '-regression-PnL-list=72', '-regression-times-list=0', '-start-train-date=2023-01-01', '-start-test-date=2023-07-01']
2023-10-20 23:53:32;BNBUSDT;5m;knn;repeatededitednearestneighbours;1.0;0;72;0.0013;0.516;0.5847;0.5847;quote_asset_volume,number_of_trades,taker_buy_base_asset_volume,taker_buy_quote_asset_volume,ema_72p,ema_200p;;0.7;False;2023-01-01;2023-07-22 22:10:00;3;True;<< NOT SAVED >>;['-batch-training', '-calc-rsi', '-normalize', '-no-tune', '-n-jobs=20', '-symbol-list=BTCUSDT,ETHUSDT,BNBUSDT,XRPUSDT,ADAUSDT,DOGEUSDT,SOLUSDT,TRXUSDT,DOTUSDT,MATICUSDT,LTCUSDT,BCHUSDT,AVAXUSDT,XLMUSDT,LINKUSDT,XMRUSDT,UNIUSDT,ATOMUSDT', '-interval-list=5m', '-estimator-list=knn', '-stop-loss-list=1.0', '-numeric-features=volume,quote_asset_volume,number_of_trades,taker_buy_base_asset_volume,taker_buy_quote_asset_volume', '-regression-PnL-list=72', '-regression-times-list=0', '-start-train-date=2023-01-01', '-start-test-date=2023-07-01']
2023-10-29 18:02:33;BNBUSDT;5m;knn;instancehardnessthreshold;1.0;0;72;0.062;0.324;0.5849;0.5849;close,volume,number_of_trades,rsi,ema_72p,ema_200p;;0.7;False;2023-01-01;2023-07-31 19:40:00;3;True;<< NOT SAVED >>;['-batch-training', '-calc-rsi', '-normalize', '-no-tune', '-n-jobs=20', '-symbol-list=BTCUSDT,ETHUSDT,BNBUSDT,XRPUSDT,ADAUSDT,DOGEUSDT,SOLUSDT,TRXUSDT,DOTUSDT,MATICUSDT,LTCUSDT,BCHUSDT,AVAXUSDT,XLMUSDT,LINKUSDT,XMRUSDT,UNIUSDT,ATOMUSDT', '-interval-list=5m', '-estimator-list=knn', '-stop-loss-list=1.0', '-numeric-features=close,volume,quote_asset_volume,number_of_trades', '-regression-PnL-list=72', '-regression-times-list=0', '-start-train-date=2023-01-01', '-start-test-date=2023-07-01']
2023-10-20 23:40:00;BNBUSDT;5m;knn;repeatededitednearestneighbours;1.0;0;72;0.0016;0.4805;0.5851;0.5851;quote_asset_volume,taker_buy_base_asset_volume,rsi,ema_72p,ema_200p;;0.7;False;2023-01-01;2023-07-22 22:10:00;3;True;<< NOT SAVED >>;['-batch-training', '-calc-rsi', '-normalize', '-no-tune', '-n-jobs=20', '-symbol-list=BTCUSDT,ETHUSDT,BNBUSDT,XRPUSDT,ADAUSDT,DOGEUSDT,SOLUSDT,TRXUSDT,DOTUSDT,MATICUSDT,LTCUSDT,BCHUSDT,AVAXUSDT,XLMUSDT,LINKUSDT,XMRUSDT,UNIUSDT,ATOMUSDT', '-interval-list=5m', '-estimator-list=knn', '-stop-loss-list=1.0', '-numeric-features=volume,quote_asset_volume,number_of_trades,taker_buy_base_asset_volume,taker_buy_quote_asset_volume', '-regression-PnL-list=72', '-regression-times-list=0', '-start-train-date=2023-01-01', '-start-test-date=2023-07-01']
2023-10-29 18:00:09;BNBUSDT;5m;knn;allknn;1.0;0;72;0.1015;0.3697;0.5852;0.5852;close,number_of_trades,rsi,ema_72p,ema_200p;;0.7;False;2023-01-01;2023-07-31 19:40:00;3;True;<< NOT SAVED >>;['-batch-training', '-calc-rsi', '-normalize', '-no-tune', '-n-jobs=20', '-symbol-list=BTCUSDT,ETHUSDT,BNBUSDT,XRPUSDT,ADAUSDT,DOGEUSDT,SOLUSDT,TRXUSDT,DOTUSDT,MATICUSDT,LTCUSDT,BCHUSDT,AVAXUSDT,XLMUSDT,LINKUSDT,XMRUSDT,UNIUSDT,ATOMUSDT', '-interval-list=5m', '-estimator-list=knn', '-stop-loss-list=1.0', '-numeric-features=close,volume,quote_asset_volume,number_of_trades', '-regression-PnL-list=72', '-regression-times-list=0', '-start-train-date=2023-01-01', '-start-test-date=2023-07-01']
2023-10-20 23:41:34;BNBUSDT;5m;knn;repeatededitednearestneighbours;1.0;0;72;0.0114;0.4708;0.5855;0.5855;number_of_trades,taker_buy_base_asset_volume,taker_buy_quote_asset_volume,ema_72p,ema_200p;;0.7;False;2023-01-01;2023-07-22 22:10:00;3;True;<< NOT SAVED >>;['-batch-training', '-calc-rsi', '-normalize', '-no-tune', '-n-jobs=20', '-symbol-list=BTCUSDT,ETHUSDT,BNBUSDT,XRPUSDT,ADAUSDT,DOGEUSDT,SOLUSDT,TRXUSDT,DOTUSDT,MATICUSDT,LTCUSDT,BCHUSDT,AVAXUSDT,XLMUSDT,LINKUSDT,XMRUSDT,UNIUSDT,ATOMUSDT', '-interval-list=5m', '-estimator-list=knn', '-stop-loss-list=1.0', '-numeric-features=volume,quote_asset_volume,number_of_trades,taker_buy_base_asset_volume,taker_buy_quote_asset_volume', '-regression-PnL-list=72', '-regression-times-list=0', '-start-train-date=2023-01-01', '-start-test-date=2023-07-01']
2023-10-29 17:47:41;BNBUSDT;5m;knn;repeatededitednearestneighbours;1.0;0;72;0.0006;0.4302;0.5858;0.5858;close,volume,rsi,ema_72p;;0.7;False;2023-01-01;2023-07-31 19:40:00;3;True;<< NOT SAVED >>;['-batch-training', '-calc-rsi', '-normalize', '-no-tune', '-n-jobs=20', '-symbol-list=BTCUSDT,ETHUSDT,BNBUSDT,XRPUSDT,ADAUSDT,DOGEUSDT,SOLUSDT,TRXUSDT,DOTUSDT,MATICUSDT,LTCUSDT,BCHUSDT,AVAXUSDT,XLMUSDT,LINKUSDT,XMRUSDT,UNIUSDT,ATOMUSDT', '-interval-list=5m', '-estimator-list=knn', '-stop-loss-list=1.0', '-numeric-features=close,volume,quote_asset_volume,number_of_trades', '-regression-PnL-list=72', '-regression-times-list=0', '-start-train-date=2023-01-01', '-start-test-date=2023-07-01']
2023-10-20 22:57:42;BNBUSDT;5m;knn;repeatededitednearestneighbours;1.0;0;72;0.013;0.4866;0.5859;0.5859;volume,quote_asset_volume,taker_buy_base_asset_volume,ema_72p;;0.7;False;2023-01-01;2023-07-22 22:10:00;3;True;<< NOT SAVED >>;['-batch-training', '-calc-rsi', '-normalize', '-no-tune', '-n-jobs=20', '-symbol-list=BTCUSDT,ETHUSDT,BNBUSDT,XRPUSDT,ADAUSDT,DOGEUSDT,SOLUSDT,TRXUSDT,DOTUSDT,MATICUSDT,LTCUSDT,BCHUSDT,AVAXUSDT,XLMUSDT,LINKUSDT,XMRUSDT,UNIUSDT,ATOMUSDT', '-interval-list=5m', '-estimator-list=knn', '-stop-loss-list=1.0', '-numeric-features=volume,quote_asset_volume,number_of_trades,taker_buy_base_asset_volume,taker_buy_quote_asset_volume', '-regression-PnL-list=72', '-regression-times-list=0', '-start-train-date=2023-01-01', '-start-test-date=2023-07-01']
2023-10-29 17:54:19;BNBUSDT;5m;knn;repeatededitednearestneighbours;1.0;0;72;0.0003;0.4065;0.5861;0.5861;close,volume,quote_asset_volume,number_of_trades,ema_200p;;0.7;False;2023-01-01;2023-07-31 19:40:00;3;True;<< NOT SAVED >>;['-batch-training', '-calc-rsi', '-normalize', '-no-tune', '-n-jobs=20', '-symbol-list=BTCUSDT,ETHUSDT,BNBUSDT,XRPUSDT,ADAUSDT,DOGEUSDT,SOLUSDT,TRXUSDT,DOTUSDT,MATICUSDT,LTCUSDT,BCHUSDT,AVAXUSDT,XLMUSDT,LINKUSDT,XMRUSDT,UNIUSDT,ATOMUSDT', '-interval-list=5m', '-estimator-list=knn', '-stop-loss-list=1.0', '-numeric-features=close,volume,quote_asset_volume,number_of_trades', '-regression-PnL-list=72', '-regression-times-list=0', '-start-train-date=2023-01-01', '-start-test-date=2023-07-01']
2023-10-29 17:40:03;BNBUSDT;5m;knn;repeatededitednearestneighbours;1.0;0;72;0.0017;0.4156;0.5876;0.5876;close,volume,ema_72p;;0.7;False;2023-01-01;2023-07-31 19:40:00;3;True;<< NOT SAVED >>;['-batch-training', '-calc-rsi', '-normalize', '-no-tune', '-n-jobs=20', '-symbol-list=BTCUSDT,ETHUSDT,BNBUSDT,XRPUSDT,ADAUSDT,DOGEUSDT,SOLUSDT,TRXUSDT,DOTUSDT,MATICUSDT,LTCUSDT,BCHUSDT,AVAXUSDT,XLMUSDT,LINKUSDT,XMRUSDT,UNIUSDT,ATOMUSDT', '-interval-list=5m', '-estimator-list=knn', '-stop-loss-list=1.0', '-numeric-features=close,volume,quote_asset_volume,number_of_trades', '-regression-PnL-list=72', '-regression-times-list=0', '-start-train-date=2023-01-01', '-start-test-date=2023-07-01']
2023-10-20 23:46:47;BNBUSDT;5m;knn;repeatededitednearestneighbours;1.0;0;72;0.0044;0.5053;0.5878;0.5878;volume,quote_asset_volume,number_of_trades,taker_buy_quote_asset_volume,ema_72p,ema_200p;;0.7;False;2023-01-01;2023-07-22 22:10:00;3;True;<< NOT SAVED >>;['-batch-training', '-calc-rsi', '-normalize', '-no-tune', '-n-jobs=20', '-symbol-list=BTCUSDT,ETHUSDT,BNBUSDT,XRPUSDT,ADAUSDT,DOGEUSDT,SOLUSDT,TRXUSDT,DOTUSDT,MATICUSDT,LTCUSDT,BCHUSDT,AVAXUSDT,XLMUSDT,LINKUSDT,XMRUSDT,UNIUSDT,ATOMUSDT', '-interval-list=5m', '-estimator-list=knn', '-stop-loss-list=1.0', '-numeric-features=volume,quote_asset_volume,number_of_trades,taker_buy_base_asset_volume,taker_buy_quote_asset_volume', '-regression-PnL-list=72', '-regression-times-list=0', '-start-train-date=2023-01-01', '-start-test-date=2023-07-01']
2023-10-20 23:26:13;BNBUSDT;5m;knn;repeatededitednearestneighbours;1.0;0;72;0.0063;0.4778;0.5878;0.5878;volume,quote_asset_volume,taker_buy_base_asset_volume,rsi,ema_72p;;0.7;False;2023-01-01;2023-07-22 22:10:00;3;True;<< NOT SAVED >>;['-batch-training', '-calc-rsi', '-normalize', '-no-tune', '-n-jobs=20', '-symbol-list=BTCUSDT,ETHUSDT,BNBUSDT,XRPUSDT,ADAUSDT,DOGEUSDT,SOLUSDT,TRXUSDT,DOTUSDT,MATICUSDT,LTCUSDT,BCHUSDT,AVAXUSDT,XLMUSDT,LINKUSDT,XMRUSDT,UNIUSDT,ATOMUSDT', '-interval-list=5m', '-estimator-list=knn', '-stop-loss-list=1.0', '-numeric-features=volume,quote_asset_volume,number_of_trades,taker_buy_base_asset_volume,taker_buy_quote_asset_volume', '-regression-PnL-list=72', '-regression-times-list=0', '-start-train-date=2023-01-01', '-start-test-date=2023-07-01']
2023-10-20 23:34:07;BNBUSDT;5m;knn;repeatededitednearestneighbours;1.0;0;72;0.0032;0.4682;0.5901;0.5901;volume,taker_buy_base_asset_volume,rsi,ema_72p,ema_200p;;0.7;False;2023-01-01;2023-07-22 22:10:00;3;True;<< NOT SAVED >>;['-batch-training', '-calc-rsi', '-normalize', '-no-tune', '-n-jobs=20', '-symbol-list=BTCUSDT,ETHUSDT,BNBUSDT,XRPUSDT,ADAUSDT,DOGEUSDT,SOLUSDT,TRXUSDT,DOTUSDT,MATICUSDT,LTCUSDT,BCHUSDT,AVAXUSDT,XLMUSDT,LINKUSDT,XMRUSDT,UNIUSDT,ATOMUSDT', '-interval-list=5m', '-estimator-list=knn', '-stop-loss-list=1.0', '-numeric-features=volume,quote_asset_volume,number_of_trades,taker_buy_base_asset_volume,taker_buy_quote_asset_volume', '-regression-PnL-list=72', '-regression-times-list=0', '-start-train-date=2023-01-01', '-start-test-date=2023-07-01']
2023-10-29 17:59:51;BNBUSDT;5m;knn;instancehardnessthreshold;1.0;0;72;0.1214;0.2925;0.5905;0.5905;close,number_of_trades,rsi,ema_72p,ema_200p;;0.7;False;2023-01-01;2023-07-31 19:40:00;3;True;<< NOT SAVED >>;['-batch-training', '-calc-rsi', '-normalize', '-no-tune', '-n-jobs=20', '-symbol-list=BTCUSDT,ETHUSDT,BNBUSDT,XRPUSDT,ADAUSDT,DOGEUSDT,SOLUSDT,TRXUSDT,DOTUSDT,MATICUSDT,LTCUSDT,BCHUSDT,AVAXUSDT,XLMUSDT,LINKUSDT,XMRUSDT,UNIUSDT,ATOMUSDT', '-interval-list=5m', '-estimator-list=knn', '-stop-loss-list=1.0', '-numeric-features=close,volume,quote_asset_volume,number_of_trades', '-regression-PnL-list=72', '-regression-times-list=0', '-start-train-date=2023-01-01', '-start-test-date=2023-07-01']
2023-10-20 23:32:59;BNBUSDT;5m;knn;repeatededitednearestneighbours;1.0;0;72;0.0149;0.4731;0.5909;0.5909;volume,taker_buy_base_asset_volume,taker_buy_quote_asset_volume,rsi,ema_72p;;0.7;False;2023-01-01;2023-07-22 22:10:00;3;True;<< NOT SAVED >>;['-batch-training', '-calc-rsi', '-normalize', '-no-tune', '-n-jobs=20', '-symbol-list=BTCUSDT,ETHUSDT,BNBUSDT,XRPUSDT,ADAUSDT,DOGEUSDT,SOLUSDT,TRXUSDT,DOTUSDT,MATICUSDT,LTCUSDT,BCHUSDT,AVAXUSDT,XLMUSDT,LINKUSDT,XMRUSDT,UNIUSDT,ATOMUSDT', '-interval-list=5m', '-estimator-list=knn', '-stop-loss-list=1.0', '-numeric-features=volume,quote_asset_volume,number_of_trades,taker_buy_base_asset_volume,taker_buy_quote_asset_volume', '-regression-PnL-list=72', '-regression-times-list=0', '-start-train-date=2023-01-01', '-start-test-date=2023-07-01']
2023-10-20 23:19:35;BNBUSDT;5m;knn;repeatededitednearestneighbours;1.0;0;72;0.0035;0.4487;0.5909;0.5909;taker_buy_base_asset_volume,taker_buy_quote_asset_volume,rsi,ema_200p;;0.7;False;2023-01-01;2023-07-22 22:10:00;3;True;<< NOT SAVED >>;['-batch-training', '-calc-rsi', '-normalize', '-no-tune', '-n-jobs=20', '-symbol-list=BTCUSDT,ETHUSDT,BNBUSDT,XRPUSDT,ADAUSDT,DOGEUSDT,SOLUSDT,TRXUSDT,DOTUSDT,MATICUSDT,LTCUSDT,BCHUSDT,AVAXUSDT,XLMUSDT,LINKUSDT,XMRUSDT,UNIUSDT,ATOMUSDT', '-interval-list=5m', '-estimator-list=knn', '-stop-loss-list=1.0', '-numeric-features=volume,quote_asset_volume,number_of_trades,taker_buy_base_asset_volume,taker_buy_quote_asset_volume', '-regression-PnL-list=72', '-regression-times-list=0', '-start-train-date=2023-01-01', '-start-test-date=2023-07-01']
2023-10-20 23:00:13;BNBUSDT;5m;knn;repeatededitednearestneighbours;1.0;0;72;0.0219;0.4796;0.5928;0.5928;volume,quote_asset_volume,ema_72p,ema_200p;;0.7;False;2023-01-01;2023-07-22 22:10:00;3;True;<< NOT SAVED >>;['-batch-training', '-calc-rsi', '-normalize', '-no-tune', '-n-jobs=20', '-symbol-list=BTCUSDT,ETHUSDT,BNBUSDT,XRPUSDT,ADAUSDT,DOGEUSDT,SOLUSDT,TRXUSDT,DOTUSDT,MATICUSDT,LTCUSDT,BCHUSDT,AVAXUSDT,XLMUSDT,LINKUSDT,XMRUSDT,UNIUSDT,ATOMUSDT', '-interval-list=5m', '-estimator-list=knn', '-stop-loss-list=1.0', '-numeric-features=volume,quote_asset_volume,number_of_trades,taker_buy_base_asset_volume,taker_buy_quote_asset_volume', '-regression-PnL-list=72', '-regression-times-list=0', '-start-train-date=2023-01-01', '-start-test-date=2023-07-01']
2023-10-20 23:19:14;BNBUSDT;5m;knn;repeatededitednearestneighbours;1.0;0;72;0.0035;0.4435;0.5936;0.5936;taker_buy_base_asset_volume,taker_buy_quote_asset_volume,rsi,ema_72p;;0.7;False;2023-01-01;2023-07-22 22:10:00;3;True;<< NOT SAVED >>;['-batch-training', '-calc-rsi', '-normalize', '-no-tune', '-n-jobs=20', '-symbol-list=BTCUSDT,ETHUSDT,BNBUSDT,XRPUSDT,ADAUSDT,DOGEUSDT,SOLUSDT,TRXUSDT,DOTUSDT,MATICUSDT,LTCUSDT,BCHUSDT,AVAXUSDT,XLMUSDT,LINKUSDT,XMRUSDT,UNIUSDT,ATOMUSDT', '-interval-list=5m', '-estimator-list=knn', '-stop-loss-list=1.0', '-numeric-features=volume,quote_asset_volume,number_of_trades,taker_buy_base_asset_volume,taker_buy_quote_asset_volume', '-regression-PnL-list=72', '-regression-times-list=0', '-start-train-date=2023-01-01', '-start-test-date=2023-07-01']
2023-10-20 23:56:45;BNBUSDT;5m;knn;repeatededitednearestneighbours;1.0;0;72;0.0019;0.4958;0.5936;0.5936;volume,quote_asset_volume,number_of_trades,taker_buy_base_asset_volume,taker_buy_quote_asset_volume,ema_72p,ema_200p;;0.7;False;2023-01-01;2023-07-22 22:10:00;3;True;<< NOT SAVED >>;['-batch-training', '-calc-rsi', '-normalize', '-no-tune', '-n-jobs=20', '-symbol-list=BTCUSDT,ETHUSDT,BNBUSDT,XRPUSDT,ADAUSDT,DOGEUSDT,SOLUSDT,TRXUSDT,DOTUSDT,MATICUSDT,LTCUSDT,BCHUSDT,AVAXUSDT,XLMUSDT,LINKUSDT,XMRUSDT,UNIUSDT,ATOMUSDT', '-interval-list=5m', '-estimator-list=knn', '-stop-loss-list=1.0', '-numeric-features=volume,quote_asset_volume,number_of_trades,taker_buy_base_asset_volume,taker_buy_quote_asset_volume', '-regression-PnL-list=72', '-regression-times-list=0', '-start-train-date=2023-01-01', '-start-test-date=2023-07-01']
2023-10-29 17:59:22;BNBUSDT;5m;knn;instancehardnessthreshold;1.0;0;72;0.0951;0.2809;0.5938;0.5938;close,quote_asset_volume,rsi,ema_72p,ema_200p;;0.7;False;2023-01-01;2023-07-31 19:40:00;3;True;<< NOT SAVED >>;['-batch-training', '-calc-rsi', '-normalize', '-no-tune', '-n-jobs=20', '-symbol-list=BTCUSDT,ETHUSDT,BNBUSDT,XRPUSDT,ADAUSDT,DOGEUSDT,SOLUSDT,TRXUSDT,DOTUSDT,MATICUSDT,LTCUSDT,BCHUSDT,AVAXUSDT,XLMUSDT,LINKUSDT,XMRUSDT,UNIUSDT,ATOMUSDT', '-interval-list=5m', '-estimator-list=knn', '-stop-loss-list=1.0', '-numeric-features=close,volume,quote_asset_volume,number_of_trades', '-regression-PnL-list=72', '-regression-times-list=0', '-start-train-date=2023-01-01', '-start-test-date=2023-07-01']
2023-10-20 23:28:09;BNBUSDT;5m;knn;repeatededitednearestneighbours;1.0;0;72;0.0048;0.5054;0.5944;0.5944;volume,quote_asset_volume,taker_buy_quote_asset_volume,ema_72p,ema_200p;;0.7;False;2023-01-01;2023-07-22 22:10:00;3;True;<< NOT SAVED >>;['-batch-training', '-calc-rsi', '-normalize', '-no-tune', '-n-jobs=20', '-symbol-list=BTCUSDT,ETHUSDT,BNBUSDT,XRPUSDT,ADAUSDT,DOGEUSDT,SOLUSDT,TRXUSDT,DOTUSDT,MATICUSDT,LTCUSDT,BCHUSDT,AVAXUSDT,XLMUSDT,LINKUSDT,XMRUSDT,UNIUSDT,ATOMUSDT', '-interval-list=5m', '-estimator-list=knn', '-stop-loss-list=1.0', '-numeric-features=volume,quote_asset_volume,number_of_trades,taker_buy_base_asset_volume,taker_buy_quote_asset_volume', '-regression-PnL-list=72', '-regression-times-list=0', '-start-train-date=2023-01-01', '-start-test-date=2023-07-01']
2023-10-20 23:06:14;BNBUSDT;5m;knn;repeatededitednearestneighbours;1.0;0;72;0.0029;0.4827;0.5975;0.5975;volume,taker_buy_base_asset_volume,ema_72p,ema_200p;;0.7;False;2023-01-01;2023-07-22 22:10:00;3;True;<< NOT SAVED >>;['-batch-training', '-calc-rsi', '-normalize', '-no-tune', '-n-jobs=20', '-symbol-list=BTCUSDT,ETHUSDT,BNBUSDT,XRPUSDT,ADAUSDT,DOGEUSDT,SOLUSDT,TRXUSDT,DOTUSDT,MATICUSDT,LTCUSDT,BCHUSDT,AVAXUSDT,XLMUSDT,LINKUSDT,XMRUSDT,UNIUSDT,ATOMUSDT', '-interval-list=5m', '-estimator-list=knn', '-stop-loss-list=1.0', '-numeric-features=volume,quote_asset_volume,number_of_trades,taker_buy_base_asset_volume,taker_buy_quote_asset_volume', '-regression-PnL-list=72', '-regression-times-list=0', '-start-train-date=2023-01-01', '-start-test-date=2023-07-01']
2023-10-29 18:03:10;BNBUSDT;5m;knn;instancehardnessthreshold;1.0;0;72;0.0464;0.3215;0.5983;0.5983;close,quote_asset_volume,number_of_trades,rsi,ema_72p,ema_200p;;0.7;False;2023-01-01;2023-07-31 19:40:00;3;True;<< NOT SAVED >>;['-batch-training', '-calc-rsi', '-normalize', '-no-tune', '-n-jobs=20', '-symbol-list=BTCUSDT,ETHUSDT,BNBUSDT,XRPUSDT,ADAUSDT,DOGEUSDT,SOLUSDT,TRXUSDT,DOTUSDT,MATICUSDT,LTCUSDT,BCHUSDT,AVAXUSDT,XLMUSDT,LINKUSDT,XMRUSDT,UNIUSDT,ATOMUSDT', '-interval-list=5m', '-estimator-list=knn', '-stop-loss-list=1.0', '-numeric-features=close,volume,quote_asset_volume,number_of_trades', '-regression-PnL-list=72', '-regression-times-list=0', '-start-train-date=2023-01-01', '-start-test-date=2023-07-01']
2023-10-20 23:51:17;BNBUSDT;5m;knn;repeatededitednearestneighbours;1.0;0;72;0.0092;0.4432;0.599;0.599;volume,number_of_trades,taker_buy_base_asset_volume,rsi,ema_72p,ema_200p;;0.7;False;2023-01-01;2023-07-22 22:10:00;3;True;<< NOT SAVED >>;['-batch-training', '-calc-rsi', '-normalize', '-no-tune', '-n-jobs=20', '-symbol-list=BTCUSDT,ETHUSDT,BNBUSDT,XRPUSDT,ADAUSDT,DOGEUSDT,SOLUSDT,TRXUSDT,DOTUSDT,MATICUSDT,LTCUSDT,BCHUSDT,AVAXUSDT,XLMUSDT,LINKUSDT,XMRUSDT,UNIUSDT,ATOMUSDT', '-interval-list=5m', '-estimator-list=knn', '-stop-loss-list=1.0', '-numeric-features=volume,quote_asset_volume,number_of_trades,taker_buy_base_asset_volume,taker_buy_quote_asset_volume', '-regression-PnL-list=72', '-regression-times-list=0', '-start-train-date=2023-01-01', '-start-test-date=2023-07-01']
2023-10-20 23:20:40;BNBUSDT;5m;knn;repeatededitednearestneighbours;1.0;0;72;0.0019;0.4402;0.5994;0.5994;taker_buy_quote_asset_volume,rsi,ema_72p,ema_200p;;0.7;False;2023-01-01;2023-07-22 22:10:00;3;True;<< NOT SAVED >>;['-batch-training', '-calc-rsi', '-normalize', '-no-tune', '-n-jobs=20', '-symbol-list=BTCUSDT,ETHUSDT,BNBUSDT,XRPUSDT,ADAUSDT,DOGEUSDT,SOLUSDT,TRXUSDT,DOTUSDT,MATICUSDT,LTCUSDT,BCHUSDT,AVAXUSDT,XLMUSDT,LINKUSDT,XMRUSDT,UNIUSDT,ATOMUSDT', '-interval-list=5m', '-estimator-list=knn', '-stop-loss-list=1.0', '-numeric-features=volume,quote_asset_volume,number_of_trades,taker_buy_base_asset_volume,taker_buy_quote_asset_volume', '-regression-PnL-list=72', '-regression-times-list=0', '-start-train-date=2023-01-01', '-start-test-date=2023-07-01']
2023-10-20 23:58:39;BNBUSDT;5m;knn;repeatededitednearestneighbours;1.0;0;72;0.0089;0.4486;0.5998;0.5998;volume,number_of_trades,taker_buy_base_asset_volume,taker_buy_quote_asset_volume,rsi,ema_72p,ema_200p;;0.7;False;2023-01-01;2023-07-22 22:10:00;3;True;<< NOT SAVED >>;['-batch-training', '-calc-rsi', '-normalize', '-no-tune', '-n-jobs=20', '-symbol-list=BTCUSDT,ETHUSDT,BNBUSDT,XRPUSDT,ADAUSDT,DOGEUSDT,SOLUSDT,TRXUSDT,DOTUSDT,MATICUSDT,LTCUSDT,BCHUSDT,AVAXUSDT,XLMUSDT,LINKUSDT,XMRUSDT,UNIUSDT,ATOMUSDT', '-interval-list=5m', '-estimator-list=knn', '-stop-loss-list=1.0', '-numeric-features=volume,quote_asset_volume,number_of_trades,taker_buy_base_asset_volume,taker_buy_quote_asset_volume', '-regression-PnL-list=72', '-regression-times-list=0', '-start-train-date=2023-01-01', '-start-test-date=2023-07-01']
2023-10-29 17:44:25;BNBUSDT;5m;knn;allknn;1.0;0;72;0.032;0.3655;0.6001;0.6001;close,ema_72p,ema_200p;;0.7;False;2023-01-01;2023-07-31 19:40:00;3;True;<< NOT SAVED >>;['-batch-training', '-calc-rsi', '-normalize', '-no-tune', '-n-jobs=20', '-symbol-list=BTCUSDT,ETHUSDT,BNBUSDT,XRPUSDT,ADAUSDT,DOGEUSDT,SOLUSDT,TRXUSDT,DOTUSDT,MATICUSDT,LTCUSDT,BCHUSDT,AVAXUSDT,XLMUSDT,LINKUSDT,XMRUSDT,UNIUSDT,ATOMUSDT', '-interval-list=5m', '-estimator-list=knn', '-stop-loss-list=1.0', '-numeric-features=close,volume,quote_asset_volume,number_of_trades', '-regression-PnL-list=72', '-regression-times-list=0', '-start-train-date=2023-01-01', '-start-test-date=2023-07-01']
2023-10-29 17:55:14;BNBUSDT;5m;knn;repeatededitednearestneighbours;1.0;0;72;0.0;0.4082;0.601;0.601;close,volume,quote_asset_volume,rsi,ema_200p;;0.7;False;2023-01-01;2023-07-31 19:40:00;3;True;<< NOT SAVED >>;['-batch-training', '-calc-rsi', '-normalize', '-no-tune', '-n-jobs=20', '-symbol-list=BTCUSDT,ETHUSDT,BNBUSDT,XRPUSDT,ADAUSDT,DOGEUSDT,SOLUSDT,TRXUSDT,DOTUSDT,MATICUSDT,LTCUSDT,BCHUSDT,AVAXUSDT,XLMUSDT,LINKUSDT,XMRUSDT,UNIUSDT,ATOMUSDT', '-interval-list=5m', '-estimator-list=knn', '-stop-loss-list=1.0', '-numeric-features=close,volume,quote_asset_volume,number_of_trades', '-regression-PnL-list=72', '-regression-times-list=0', '-start-train-date=2023-01-01', '-start-test-date=2023-07-01']
2023-10-29 17:48:06;BNBUSDT;5m;knn;repeatededitednearestneighbours;1.0;0;72;0.0009;0.4025;0.601;0.601;close,volume,rsi,ema_200p;;0.7;False;2023-01-01;2023-07-31 19:40:00;3;True;<< NOT SAVED >>;['-batch-training', '-calc-rsi', '-normalize', '-no-tune', '-n-jobs=20', '-symbol-list=BTCUSDT,ETHUSDT,BNBUSDT,XRPUSDT,ADAUSDT,DOGEUSDT,SOLUSDT,TRXUSDT,DOTUSDT,MATICUSDT,LTCUSDT,BCHUSDT,AVAXUSDT,XLMUSDT,LINKUSDT,XMRUSDT,UNIUSDT,ATOMUSDT', '-interval-list=5m', '-estimator-list=knn', '-stop-loss-list=1.0', '-numeric-features=close,volume,quote_asset_volume,number_of_trades', '-regression-PnL-list=72', '-regression-times-list=0', '-start-train-date=2023-01-01', '-start-test-date=2023-07-01']
2023-10-20 23:48:32;BNBUSDT;5m;knn;repeatededitednearestneighbours;1.0;0;72;0.0019;0.5021;0.6029;0.6029;volume,quote_asset_volume,taker_buy_base_asset_volume,taker_buy_quote_asset_volume,ema_72p,ema_200p;;0.7;False;2023-01-01;2023-07-22 22:10:00;3;True;<< NOT SAVED >>;['-batch-training', '-calc-rsi', '-normalize', '-no-tune', '-n-jobs=20', '-symbol-list=BTCUSDT,ETHUSDT,BNBUSDT,XRPUSDT,ADAUSDT,DOGEUSDT,SOLUSDT,TRXUSDT,DOTUSDT,MATICUSDT,LTCUSDT,BCHUSDT,AVAXUSDT,XLMUSDT,LINKUSDT,XMRUSDT,UNIUSDT,ATOMUSDT', '-interval-list=5m', '-estimator-list=knn', '-stop-loss-list=1.0', '-numeric-features=volume,quote_asset_volume,number_of_trades,taker_buy_base_asset_volume,taker_buy_quote_asset_volume', '-regression-PnL-list=72', '-regression-times-list=0', '-start-train-date=2023-01-01', '-start-test-date=2023-07-01']
2023-10-20 23:28:31;BNBUSDT;5m;knn;repeatededitednearestneighbours;1.0;0;72;0.0143;0.4619;0.6032;0.6032;volume,quote_asset_volume,rsi,ema_72p,ema_200p;;0.7;False;2023-01-01;2023-07-22 22:10:00;3;True;<< NOT SAVED >>;['-batch-training', '-calc-rsi', '-normalize', '-no-tune', '-n-jobs=20', '-symbol-list=BTCUSDT,ETHUSDT,BNBUSDT,XRPUSDT,ADAUSDT,DOGEUSDT,SOLUSDT,TRXUSDT,DOTUSDT,MATICUSDT,LTCUSDT,BCHUSDT,AVAXUSDT,XLMUSDT,LINKUSDT,XMRUSDT,UNIUSDT,ATOMUSDT', '-interval-list=5m', '-estimator-list=knn', '-stop-loss-list=1.0', '-numeric-features=volume,quote_asset_volume,number_of_trades,taker_buy_base_asset_volume,taker_buy_quote_asset_volume', '-regression-PnL-list=72', '-regression-times-list=0', '-start-train-date=2023-01-01', '-start-test-date=2023-07-01']
2023-10-20 23:55:20;BNBUSDT;5m;knn;repeatededitednearestneighbours;1.0;0;72;0.0086;0.4275;0.6032;0.6032;number_of_trades,taker_buy_base_asset_volume,taker_buy_quote_asset_volume,rsi,ema_72p,ema_200p;;0.7;False;2023-01-01;2023-07-22 22:10:00;3;True;<< NOT SAVED >>;['-batch-training', '-calc-rsi', '-normalize', '-no-tune', '-n-jobs=20', '-symbol-list=BTCUSDT,ETHUSDT,BNBUSDT,XRPUSDT,ADAUSDT,DOGEUSDT,SOLUSDT,TRXUSDT,DOTUSDT,MATICUSDT,LTCUSDT,BCHUSDT,AVAXUSDT,XLMUSDT,LINKUSDT,XMRUSDT,UNIUSDT,ATOMUSDT', '-interval-list=5m', '-estimator-list=knn', '-stop-loss-list=1.0', '-numeric-features=volume,quote_asset_volume,number_of_trades,taker_buy_base_asset_volume,taker_buy_quote_asset_volume', '-regression-PnL-list=72', '-regression-times-list=0', '-start-train-date=2023-01-01', '-start-test-date=2023-07-01']
2023-10-29 17:54:46;BNBUSDT;5m;knn;repeatededitednearestneighbours;1.0;0;72;0.0003;0.3971;0.6036;0.6036;close,volume,quote_asset_volume,rsi,ema_72p;;0.7;False;2023-01-01;2023-07-31 19:40:00;3;True;<< NOT SAVED >>;['-batch-training', '-calc-rsi', '-normalize', '-no-tune', '-n-jobs=20', '-symbol-list=BTCUSDT,ETHUSDT,BNBUSDT,XRPUSDT,ADAUSDT,DOGEUSDT,SOLUSDT,TRXUSDT,DOTUSDT,MATICUSDT,LTCUSDT,BCHUSDT,AVAXUSDT,XLMUSDT,LINKUSDT,XMRUSDT,UNIUSDT,ATOMUSDT', '-interval-list=5m', '-estimator-list=knn', '-stop-loss-list=1.0', '-numeric-features=close,volume,quote_asset_volume,number_of_trades', '-regression-PnL-list=72', '-regression-times-list=0', '-start-train-date=2023-01-01', '-start-test-date=2023-07-01']
2023-10-20 23:30:55;BNBUSDT;5m;knn;repeatededitednearestneighbours;1.0;0;72;0.0051;0.4673;0.6036;0.6036;volume,number_of_trades,taker_buy_base_asset_volume,ema_72p,ema_200p;;0.7;False;2023-01-01;2023-07-22 22:10:00;3;True;<< NOT SAVED >>;['-batch-training', '-calc-rsi', '-normalize', '-no-tune', '-n-jobs=20', '-symbol-list=BTCUSDT,ETHUSDT,BNBUSDT,XRPUSDT,ADAUSDT,DOGEUSDT,SOLUSDT,TRXUSDT,DOTUSDT,MATICUSDT,LTCUSDT,BCHUSDT,AVAXUSDT,XLMUSDT,LINKUSDT,XMRUSDT,UNIUSDT,ATOMUSDT', '-interval-list=5m', '-estimator-list=knn', '-stop-loss-list=1.0', '-numeric-features=volume,quote_asset_volume,number_of_trades,taker_buy_base_asset_volume,taker_buy_quote_asset_volume', '-regression-PnL-list=72', '-regression-times-list=0', '-start-train-date=2023-01-01', '-start-test-date=2023-07-01']
2023-10-20 23:24:42;BNBUSDT;5m;knn;repeatededitednearestneighbours;1.0;0;72;0.0171;0.4629;0.6048;0.6048;volume,quote_asset_volume,number_of_trades,ema_72p,ema_200p;;0.7;False;2023-01-01;2023-07-22 22:10:00;3;True;<< NOT SAVED >>;['-batch-training', '-calc-rsi', '-normalize', '-no-tune', '-n-jobs=20', '-symbol-list=BTCUSDT,ETHUSDT,BNBUSDT,XRPUSDT,ADAUSDT,DOGEUSDT,SOLUSDT,TRXUSDT,DOTUSDT,MATICUSDT,LTCUSDT,BCHUSDT,AVAXUSDT,XLMUSDT,LINKUSDT,XMRUSDT,UNIUSDT,ATOMUSDT', '-interval-list=5m', '-estimator-list=knn', '-stop-loss-list=1.0', '-numeric-features=volume,quote_asset_volume,number_of_trades,taker_buy_base_asset_volume,taker_buy_quote_asset_volume', '-regression-PnL-list=72', '-regression-times-list=0', '-start-train-date=2023-01-01', '-start-test-date=2023-07-01']
2023-10-20 23:50:49;BNBUSDT;5m;knn;repeatededitednearestneighbours;1.0;0;72;0.0117;0.467;0.6063;0.6063;volume,number_of_trades,taker_buy_base_asset_volume,taker_buy_quote_asset_volume,ema_72p,ema_200p;;0.7;False;2023-01-01;2023-07-22 22:10:00;3;True;<< NOT SAVED >>;['-batch-training', '-calc-rsi', '-normalize', '-no-tune', '-n-jobs=20', '-symbol-list=BTCUSDT,ETHUSDT,BNBUSDT,XRPUSDT,ADAUSDT,DOGEUSDT,SOLUSDT,TRXUSDT,DOTUSDT,MATICUSDT,LTCUSDT,BCHUSDT,AVAXUSDT,XLMUSDT,LINKUSDT,XMRUSDT,UNIUSDT,ATOMUSDT', '-interval-list=5m', '-estimator-list=knn', '-stop-loss-list=1.0', '-numeric-features=volume,quote_asset_volume,number_of_trades,taker_buy_base_asset_volume,taker_buy_quote_asset_volume', '-regression-PnL-list=72', '-regression-times-list=0', '-start-train-date=2023-01-01', '-start-test-date=2023-07-01']
2023-10-29 17:44:20;BNBUSDT;5m;knn;repeatededitednearestneighbours;1.0;0;72;0.0205;0.3671;0.6069;0.6069;close,ema_72p,ema_200p;;0.7;False;2023-01-01;2023-07-31 19:40:00;3;True;<< NOT SAVED >>;['-batch-training', '-calc-rsi', '-normalize', '-no-tune', '-n-jobs=20', '-symbol-list=BTCUSDT,ETHUSDT,BNBUSDT,XRPUSDT,ADAUSDT,DOGEUSDT,SOLUSDT,TRXUSDT,DOTUSDT,MATICUSDT,LTCUSDT,BCHUSDT,AVAXUSDT,XLMUSDT,LINKUSDT,XMRUSDT,UNIUSDT,ATOMUSDT', '-interval-list=5m', '-estimator-list=knn', '-stop-loss-list=1.0', '-numeric-features=close,volume,quote_asset_volume,number_of_trades', '-regression-PnL-list=72', '-regression-times-list=0', '-start-train-date=2023-01-01', '-start-test-date=2023-07-01']
2023-10-29 18:03:28;BNBUSDT;5m;knn;allknn;1.0;0;72;0.0502;0.3404;0.6081;0.6081;close,quote_asset_volume,number_of_trades,rsi,ema_72p,ema_200p;;0.7;False;2023-01-01;2023-07-31 19:40:00;3;True;<< NOT SAVED >>;['-batch-training', '-calc-rsi', '-normalize', '-no-tune', '-n-jobs=20', '-symbol-list=BTCUSDT,ETHUSDT,BNBUSDT,XRPUSDT,ADAUSDT,DOGEUSDT,SOLUSDT,TRXUSDT,DOTUSDT,MATICUSDT,LTCUSDT,BCHUSDT,AVAXUSDT,XLMUSDT,LINKUSDT,XMRUSDT,UNIUSDT,ATOMUSDT', '-interval-list=5m', '-estimator-list=knn', '-stop-loss-list=1.0', '-numeric-features=close,volume,quote_asset_volume,number_of_trades', '-regression-PnL-list=72', '-regression-times-list=0', '-start-train-date=2023-01-01', '-start-test-date=2023-07-01']
2023-10-20 23:47:13;BNBUSDT;5m;knn;repeatededitednearestneighbours;1.0;0;72;0.0086;0.4452;0.6086;0.6086;volume,quote_asset_volume,number_of_trades,rsi,ema_72p,ema_200p;;0.7;False;2023-01-01;2023-07-22 22:10:00;3;True;<< NOT SAVED >>;['-batch-training', '-calc-rsi', '-normalize', '-no-tune', '-n-jobs=20', '-symbol-list=BTCUSDT,ETHUSDT,BNBUSDT,XRPUSDT,ADAUSDT,DOGEUSDT,SOLUSDT,TRXUSDT,DOTUSDT,MATICUSDT,LTCUSDT,BCHUSDT,AVAXUSDT,XLMUSDT,LINKUSDT,XMRUSDT,UNIUSDT,ATOMUSDT', '-interval-list=5m', '-estimator-list=knn', '-stop-loss-list=1.0', '-numeric-features=volume,quote_asset_volume,number_of_trades,taker_buy_base_asset_volume,taker_buy_quote_asset_volume', '-regression-PnL-list=72', '-regression-times-list=0', '-start-train-date=2023-01-01', '-start-test-date=2023-07-01']
2023-10-20 23:07:21;BNBUSDT;5m;knn;repeatededitednearestneighbours;1.0;0;72;0.0035;0.462;0.6094;0.6094;volume,taker_buy_quote_asset_volume,ema_72p,ema_200p;;0.7;False;2023-01-01;2023-07-22 22:10:00;3;True;<< NOT SAVED >>;['-batch-training', '-calc-rsi', '-normalize', '-no-tune', '-n-jobs=20', '-symbol-list=BTCUSDT,ETHUSDT,BNBUSDT,XRPUSDT,ADAUSDT,DOGEUSDT,SOLUSDT,TRXUSDT,DOTUSDT,MATICUSDT,LTCUSDT,BCHUSDT,AVAXUSDT,XLMUSDT,LINKUSDT,XMRUSDT,UNIUSDT,ATOMUSDT', '-interval-list=5m', '-estimator-list=knn', '-stop-loss-list=1.0', '-numeric-features=volume,quote_asset_volume,number_of_trades,taker_buy_base_asset_volume,taker_buy_quote_asset_volume', '-regression-PnL-list=72', '-regression-times-list=0', '-start-train-date=2023-01-01', '-start-test-date=2023-07-01']
2023-10-20 23:34:31;BNBUSDT;5m;knn;repeatededitednearestneighbours;1.0;0;72;0.006;0.4542;0.6098;0.6098;volume,taker_buy_quote_asset_volume,rsi,ema_72p,ema_200p;;0.7;False;2023-01-01;2023-07-22 22:10:00;3;True;<< NOT SAVED >>;['-batch-training', '-calc-rsi', '-normalize', '-no-tune', '-n-jobs=20', '-symbol-list=BTCUSDT,ETHUSDT,BNBUSDT,XRPUSDT,ADAUSDT,DOGEUSDT,SOLUSDT,TRXUSDT,DOTUSDT,MATICUSDT,LTCUSDT,BCHUSDT,AVAXUSDT,XLMUSDT,LINKUSDT,XMRUSDT,UNIUSDT,ATOMUSDT', '-interval-list=5m', '-estimator-list=knn', '-stop-loss-list=1.0', '-numeric-features=volume,quote_asset_volume,number_of_trades,taker_buy_base_asset_volume,taker_buy_quote_asset_volume', '-regression-PnL-list=72', '-regression-times-list=0', '-start-train-date=2023-01-01', '-start-test-date=2023-07-01']
2023-10-20 23:57:14;BNBUSDT;5m;knn;repeatededitednearestneighbours;1.0;0;72;0.0022;0.4419;0.6133;0.6133;volume,quote_asset_volume,number_of_trades,taker_buy_base_asset_volume,rsi,ema_72p,ema_200p;;0.7;False;2023-01-01;2023-07-22 22:10:00;3;True;<< NOT SAVED >>;['-batch-training', '-calc-rsi', '-normalize', '-no-tune', '-n-jobs=20', '-symbol-list=BTCUSDT,ETHUSDT,BNBUSDT,XRPUSDT,ADAUSDT,DOGEUSDT,SOLUSDT,TRXUSDT,DOTUSDT,MATICUSDT,LTCUSDT,BCHUSDT,AVAXUSDT,XLMUSDT,LINKUSDT,XMRUSDT,UNIUSDT,ATOMUSDT', '-interval-list=5m', '-estimator-list=knn', '-stop-loss-list=1.0', '-numeric-features=volume,quote_asset_volume,number_of_trades,taker_buy_base_asset_volume,taker_buy_quote_asset_volume', '-regression-PnL-list=72', '-regression-times-list=0', '-start-train-date=2023-01-01', '-start-test-date=2023-07-01']
2023-10-29 17:53:51;BNBUSDT;5m;knn;repeatededitednearestneighbours;1.0;0;72;0.0006;0.3796;0.6135;0.6135;close,volume,quote_asset_volume,number_of_trades,ema_72p;;0.7;False;2023-01-01;2023-07-31 19:40:00;3;True;<< NOT SAVED >>;['-batch-training', '-calc-rsi', '-normalize', '-no-tune', '-n-jobs=20', '-symbol-list=BTCUSDT,ETHUSDT,BNBUSDT,XRPUSDT,ADAUSDT,DOGEUSDT,SOLUSDT,TRXUSDT,DOTUSDT,MATICUSDT,LTCUSDT,BCHUSDT,AVAXUSDT,XLMUSDT,LINKUSDT,XMRUSDT,UNIUSDT,ATOMUSDT', '-interval-list=5m', '-estimator-list=knn', '-stop-loss-list=1.0', '-numeric-features=close,volume,quote_asset_volume,number_of_trades', '-regression-PnL-list=72', '-regression-times-list=0', '-start-train-date=2023-01-01', '-start-test-date=2023-07-01']
2023-10-29 17:45:55;BNBUSDT;5m;knn;repeatededitednearestneighbours;1.0;0;72;0.0;0.3919;0.6152;0.6152;close,volume,quote_asset_volume,ema_200p;;0.7;False;2023-01-01;2023-07-31 19:40:00;3;True;<< NOT SAVED >>;['-batch-training', '-calc-rsi', '-normalize', '-no-tune', '-n-jobs=20', '-symbol-list=BTCUSDT,ETHUSDT,BNBUSDT,XRPUSDT,ADAUSDT,DOGEUSDT,SOLUSDT,TRXUSDT,DOTUSDT,MATICUSDT,LTCUSDT,BCHUSDT,AVAXUSDT,XLMUSDT,LINKUSDT,XMRUSDT,UNIUSDT,ATOMUSDT', '-interval-list=5m', '-estimator-list=knn', '-stop-loss-list=1.0', '-numeric-features=close,volume,quote_asset_volume,number_of_trades', '-regression-PnL-list=72', '-regression-times-list=0', '-start-train-date=2023-01-01', '-start-test-date=2023-07-01']
2023-10-20 23:45:25;BNBUSDT;5m;knn;repeatededitednearestneighbours;1.0;0;72;0.0076;0.4545;0.6202;0.6202;volume,quote_asset_volume,number_of_trades,taker_buy_base_asset_volume,ema_72p,ema_200p;;0.7;False;2023-01-01;2023-07-22 22:10:00;3;True;<< NOT SAVED >>;['-batch-training', '-calc-rsi', '-normalize', '-no-tune', '-n-jobs=20', '-symbol-list=BTCUSDT,ETHUSDT,BNBUSDT,XRPUSDT,ADAUSDT,DOGEUSDT,SOLUSDT,TRXUSDT,DOTUSDT,MATICUSDT,LTCUSDT,BCHUSDT,AVAXUSDT,XLMUSDT,LINKUSDT,XMRUSDT,UNIUSDT,ATOMUSDT', '-interval-list=5m', '-estimator-list=knn', '-stop-loss-list=1.0', '-numeric-features=volume,quote_asset_volume,number_of_trades,taker_buy_base_asset_volume,taker_buy_quote_asset_volume', '-regression-PnL-list=72', '-regression-times-list=0', '-start-train-date=2023-01-01', '-start-test-date=2023-07-01']
2023-10-20 23:27:00;BNBUSDT;5m;knn;repeatededitednearestneighbours;1.0;0;72;0.0143;0.4543;0.6202;0.6202;volume,quote_asset_volume,taker_buy_base_asset_volume,ema_72p,ema_200p;;0.7;False;2023-01-01;2023-07-22 22:10:00;3;True;<< NOT SAVED >>;['-batch-training', '-calc-rsi', '-normalize', '-no-tune', '-n-jobs=20', '-symbol-list=BTCUSDT,ETHUSDT,BNBUSDT,XRPUSDT,ADAUSDT,DOGEUSDT,SOLUSDT,TRXUSDT,DOTUSDT,MATICUSDT,LTCUSDT,BCHUSDT,AVAXUSDT,XLMUSDT,LINKUSDT,XMRUSDT,UNIUSDT,ATOMUSDT', '-interval-list=5m', '-estimator-list=knn', '-stop-loss-list=1.0', '-numeric-features=volume,quote_asset_volume,number_of_trades,taker_buy_base_asset_volume,taker_buy_quote_asset_volume', '-regression-PnL-list=72', '-regression-times-list=0', '-start-train-date=2023-01-01', '-start-test-date=2023-07-01']
2023-10-20 23:52:12;BNBUSDT;5m;knn;repeatededitednearestneighbours;1.0;0;72;0.0092;0.4372;0.621;0.621;volume,taker_buy_base_asset_volume,taker_buy_quote_asset_volume,rsi,ema_72p,ema_200p;;0.7;False;2023-01-01;2023-07-22 22:10:00;3;True;<< NOT SAVED >>;['-batch-training', '-calc-rsi', '-normalize', '-no-tune', '-n-jobs=20', '-symbol-list=BTCUSDT,ETHUSDT,BNBUSDT,XRPUSDT,ADAUSDT,DOGEUSDT,SOLUSDT,TRXUSDT,DOTUSDT,MATICUSDT,LTCUSDT,BCHUSDT,AVAXUSDT,XLMUSDT,LINKUSDT,XMRUSDT,UNIUSDT,ATOMUSDT', '-interval-list=5m', '-estimator-list=knn', '-stop-loss-list=1.0', '-numeric-features=volume,quote_asset_volume,number_of_trades,taker_buy_base_asset_volume,taker_buy_quote_asset_volume', '-regression-PnL-list=72', '-regression-times-list=0', '-start-train-date=2023-01-01', '-start-test-date=2023-07-01']
2023-10-20 23:42:44;BNBUSDT;5m;knn;repeatededitednearestneighbours;1.0;0;72;0.0016;0.4221;0.6225;0.6225;taker_buy_base_asset_volume,taker_buy_quote_asset_volume,rsi,ema_72p,ema_200p;;0.7;False;2023-01-01;2023-07-22 22:10:00;3;True;<< NOT SAVED >>;['-batch-training', '-calc-rsi', '-normalize', '-no-tune', '-n-jobs=20', '-symbol-list=BTCUSDT,ETHUSDT,BNBUSDT,XRPUSDT,ADAUSDT,DOGEUSDT,SOLUSDT,TRXUSDT,DOTUSDT,MATICUSDT,LTCUSDT,BCHUSDT,AVAXUSDT,XLMUSDT,LINKUSDT,XMRUSDT,UNIUSDT,ATOMUSDT', '-interval-list=5m', '-estimator-list=knn', '-stop-loss-list=1.0', '-numeric-features=volume,quote_asset_volume,number_of_trades,taker_buy_base_asset_volume,taker_buy_quote_asset_volume', '-regression-PnL-list=72', '-regression-times-list=0', '-start-train-date=2023-01-01', '-start-test-date=2023-07-01']
2023-10-20 23:48:58;BNBUSDT;5m;knn;repeatededitednearestneighbours;1.0;0;72;0.0048;0.4524;0.6237;0.6237;volume,quote_asset_volume,taker_buy_base_asset_volume,rsi,ema_72p,ema_200p;;0.7;False;2023-01-01;2023-07-22 22:10:00;3;True;<< NOT SAVED >>;['-batch-training', '-calc-rsi', '-normalize', '-no-tune', '-n-jobs=20', '-symbol-list=BTCUSDT,ETHUSDT,BNBUSDT,XRPUSDT,ADAUSDT,DOGEUSDT,SOLUSDT,TRXUSDT,DOTUSDT,MATICUSDT,LTCUSDT,BCHUSDT,AVAXUSDT,XLMUSDT,LINKUSDT,XMRUSDT,UNIUSDT,ATOMUSDT', '-interval-list=5m', '-estimator-list=knn', '-stop-loss-list=1.0', '-numeric-features=volume,quote_asset_volume,number_of_trades,taker_buy_base_asset_volume,taker_buy_quote_asset_volume', '-regression-PnL-list=72', '-regression-times-list=0', '-start-train-date=2023-01-01', '-start-test-date=2023-07-01']
2023-10-20 23:19:57;BNBUSDT;5m;knn;repeatededitednearestneighbours;1.0;0;72;0.0022;0.4471;0.6249;0.6249;taker_buy_base_asset_volume,taker_buy_quote_asset_volume,ema_72p,ema_200p;;0.7;False;2023-01-01;2023-07-22 22:10:00;3;True;<< NOT SAVED >>;['-batch-training', '-calc-rsi', '-normalize', '-no-tune', '-n-jobs=20', '-symbol-list=BTCUSDT,ETHUSDT,BNBUSDT,XRPUSDT,ADAUSDT,DOGEUSDT,SOLUSDT,TRXUSDT,DOTUSDT,MATICUSDT,LTCUSDT,BCHUSDT,AVAXUSDT,XLMUSDT,LINKUSDT,XMRUSDT,UNIUSDT,ATOMUSDT', '-interval-list=5m', '-estimator-list=knn', '-stop-loss-list=1.0', '-numeric-features=volume,quote_asset_volume,number_of_trades,taker_buy_base_asset_volume,taker_buy_quote_asset_volume', '-regression-PnL-list=72', '-regression-times-list=0', '-start-train-date=2023-01-01', '-start-test-date=2023-07-01']
2023-10-20 23:33:44;BNBUSDT;5m;knn;repeatededitednearestneighbours;1.0;0;72;0.012;0.4433;0.6276;0.6276;volume,taker_buy_base_asset_volume,taker_buy_quote_asset_volume,ema_72p,ema_200p;;0.7;False;2023-01-01;2023-07-22 22:10:00;3;True;<< NOT SAVED >>;['-batch-training', '-calc-rsi', '-normalize', '-no-tune', '-n-jobs=20', '-symbol-list=BTCUSDT,ETHUSDT,BNBUSDT,XRPUSDT,ADAUSDT,DOGEUSDT,SOLUSDT,TRXUSDT,DOTUSDT,MATICUSDT,LTCUSDT,BCHUSDT,AVAXUSDT,XLMUSDT,LINKUSDT,XMRUSDT,UNIUSDT,ATOMUSDT', '-interval-list=5m', '-estimator-list=knn', '-stop-loss-list=1.0', '-numeric-features=volume,quote_asset_volume,number_of_trades,taker_buy_base_asset_volume,taker_buy_quote_asset_volume', '-regression-PnL-list=72', '-regression-times-list=0', '-start-train-date=2023-01-01', '-start-test-date=2023-07-01']
2023-10-29 17:44:12;BNBUSDT;5m;knn;instancehardnessthreshold;1.0;0;72;0.032;0.3342;0.6304;0.6304;close,ema_72p,ema_200p;;0.7;False;2023-01-01;2023-07-31 19:40:00;3;True;<< NOT SAVED >>;['-batch-training', '-calc-rsi', '-normalize', '-no-tune', '-n-jobs=20', '-symbol-list=BTCUSDT,ETHUSDT,BNBUSDT,XRPUSDT,ADAUSDT,DOGEUSDT,SOLUSDT,TRXUSDT,DOTUSDT,MATICUSDT,LTCUSDT,BCHUSDT,AVAXUSDT,XLMUSDT,LINKUSDT,XMRUSDT,UNIUSDT,ATOMUSDT', '-interval-list=5m', '-estimator-list=knn', '-stop-loss-list=1.0', '-numeric-features=close,volume,quote_asset_volume,number_of_trades', '-regression-PnL-list=72', '-regression-times-list=0', '-start-train-date=2023-01-01', '-start-test-date=2023-07-01']
2023-10-29 17:45:32;BNBUSDT;5m;knn;repeatededitednearestneighbours;1.0;0;72;0.0;0.3628;0.6429;0.6429;close,volume,quote_asset_volume,ema_72p;;0.7;False;2023-01-01;2023-07-31 19:40:00;3;True;<< NOT SAVED >>;['-batch-training', '-calc-rsi', '-normalize', '-no-tune', '-n-jobs=20', '-symbol-list=BTCUSDT,ETHUSDT,BNBUSDT,XRPUSDT,ADAUSDT,DOGEUSDT,SOLUSDT,TRXUSDT,DOTUSDT,MATICUSDT,LTCUSDT,BCHUSDT,AVAXUSDT,XLMUSDT,LINKUSDT,XMRUSDT,UNIUSDT,ATOMUSDT', '-interval-list=5m', '-estimator-list=knn', '-stop-loss-list=1.0', '-numeric-features=close,volume,quote_asset_volume,number_of_trades', '-regression-PnL-list=72', '-regression-times-list=0', '-start-train-date=2023-01-01', '-start-test-date=2023-07-01']
2023-10-29 17:51:02;BNBUSDT;5m;knn;instancehardnessthreshold;1.0;0;72;0.0072;0.2693;0.6638;0.6638;close,quote_asset_volume,ema_72p,ema_200p;;0.7;False;2023-01-01;2023-07-31 19:40:00;3;True;<< NOT SAVED >>;['-batch-training', '-calc-rsi', '-normalize', '-no-tune', '-n-jobs=20', '-symbol-list=BTCUSDT,ETHUSDT,BNBUSDT,XRPUSDT,ADAUSDT,DOGEUSDT,SOLUSDT,TRXUSDT,DOTUSDT,MATICUSDT,LTCUSDT,BCHUSDT,AVAXUSDT,XLMUSDT,LINKUSDT,XMRUSDT,UNIUSDT,ATOMUSDT', '-interval-list=5m', '-estimator-list=knn', '-stop-loss-list=1.0', '-numeric-features=close,volume,quote_asset_volume,number_of_trades', '-regression-PnL-list=72', '-regression-times-list=0', '-start-train-date=2023-01-01', '-start-test-date=2023-07-01']
2023-10-29 18:01:32;BNBUSDT;5m;knn;instancehardnessthreshold;1.0;0;72;0.0548;0.2631;0.665;0.665;close,volume,quote_asset_volume,number_of_trades,ema_72p,ema_200p;;0.7;False;2023-01-01;2023-07-31 19:40:00;3;True;<< NOT SAVED >>;['-batch-training', '-calc-rsi', '-normalize', '-no-tune', '-n-jobs=20', '-symbol-list=BTCUSDT,ETHUSDT,BNBUSDT,XRPUSDT,ADAUSDT,DOGEUSDT,SOLUSDT,TRXUSDT,DOTUSDT,MATICUSDT,LTCUSDT,BCHUSDT,AVAXUSDT,XLMUSDT,LINKUSDT,XMRUSDT,UNIUSDT,ATOMUSDT', '-interval-list=5m', '-estimator-list=knn', '-stop-loss-list=1.0', '-numeric-features=close,volume,quote_asset_volume,number_of_trades', '-regression-PnL-list=72', '-regression-times-list=0', '-start-train-date=2023-01-01', '-start-test-date=2023-07-01']
2023-10-29 18:02:51;BNBUSDT;5m;knn;allknn;1.0;0;72;0.0493;0.3324;0.6653;0.6653;close,volume,number_of_trades,rsi,ema_72p,ema_200p;;0.7;False;2023-01-01;2023-07-31 19:40:00;3;True;<< NOT SAVED >>;['-batch-training', '-calc-rsi', '-normalize', '-no-tune', '-n-jobs=20', '-symbol-list=BTCUSDT,ETHUSDT,BNBUSDT,XRPUSDT,ADAUSDT,DOGEUSDT,SOLUSDT,TRXUSDT,DOTUSDT,MATICUSDT,LTCUSDT,BCHUSDT,AVAXUSDT,XLMUSDT,LINKUSDT,XMRUSDT,UNIUSDT,ATOMUSDT', '-interval-list=5m', '-estimator-list=knn', '-stop-loss-list=1.0', '-numeric-features=close,volume,quote_asset_volume,number_of_trades', '-regression-PnL-list=72', '-regression-times-list=0', '-start-train-date=2023-01-01', '-start-test-date=2023-07-01']
2023-10-29 17:55:33;BNBUSDT;5m;knn;instancehardnessthreshold;1.0;0;72;0.0654;0.2361;0.6659;0.6659;close,volume,quote_asset_volume,ema_72p,ema_200p;;0.7;False;2023-01-01;2023-07-31 19:40:00;3;True;<< NOT SAVED >>;['-batch-training', '-calc-rsi', '-normalize', '-no-tune', '-n-jobs=20', '-symbol-list=BTCUSDT,ETHUSDT,BNBUSDT,XRPUSDT,ADAUSDT,DOGEUSDT,SOLUSDT,TRXUSDT,DOTUSDT,MATICUSDT,LTCUSDT,BCHUSDT,AVAXUSDT,XLMUSDT,LINKUSDT,XMRUSDT,UNIUSDT,ATOMUSDT', '-interval-list=5m', '-estimator-list=knn', '-stop-loss-list=1.0', '-numeric-features=close,volume,quote_asset_volume,number_of_trades', '-regression-PnL-list=72', '-regression-times-list=0', '-start-train-date=2023-01-01', '-start-test-date=2023-07-01']
2023-10-29 17:59:35;BNBUSDT;5m;knn;allknn;1.0;0;72;0.0626;0.3372;0.6709;0.6709;close,quote_asset_volume,rsi,ema_72p,ema_200p;;0.7;False;2023-01-01;2023-07-31 19:40:00;3;True;<< NOT SAVED >>;['-batch-training', '-calc-rsi', '-normalize', '-no-tune', '-n-jobs=20', '-symbol-list=BTCUSDT,ETHUSDT,BNBUSDT,XRPUSDT,ADAUSDT,DOGEUSDT,SOLUSDT,TRXUSDT,DOTUSDT,MATICUSDT,LTCUSDT,BCHUSDT,AVAXUSDT,XLMUSDT,LINKUSDT,XMRUSDT,UNIUSDT,ATOMUSDT', '-interval-list=5m', '-estimator-list=knn', '-stop-loss-list=1.0', '-numeric-features=close,volume,quote_asset_volume,number_of_trades', '-regression-PnL-list=72', '-regression-times-list=0', '-start-train-date=2023-01-01', '-start-test-date=2023-07-01']
2023-10-29 18:02:17;BNBUSDT;5m;knn;allknn;1.0;0;72;0.0467;0.3192;0.6718;0.6718;close,volume,quote_asset_volume,rsi,ema_72p,ema_200p;;0.7;False;2023-01-01;2023-07-31 19:40:00;3;True;<< NOT SAVED >>;['-batch-training', '-calc-rsi', '-normalize', '-no-tune', '-n-jobs=20', '-symbol-list=BTCUSDT,ETHUSDT,BNBUSDT,XRPUSDT,ADAUSDT,DOGEUSDT,SOLUSDT,TRXUSDT,DOTUSDT,MATICUSDT,LTCUSDT,BCHUSDT,AVAXUSDT,XLMUSDT,LINKUSDT,XMRUSDT,UNIUSDT,ATOMUSDT', '-interval-list=5m', '-estimator-list=knn', '-stop-loss-list=1.0', '-numeric-features=close,volume,quote_asset_volume,number_of_trades', '-regression-PnL-list=72', '-regression-times-list=0', '-start-train-date=2023-01-01', '-start-test-date=2023-07-01']
2023-10-29 17:56:59;BNBUSDT;5m;knn;instancehardnessthreshold;1.0;0;72;0.0539;0.2521;0.6787;0.6787;close,volume,number_of_trades,ema_72p,ema_200p;;0.7;False;2023-01-01;2023-07-31 19:40:00;3;True;<< NOT SAVED >>;['-batch-training', '-calc-rsi', '-normalize', '-no-tune', '-n-jobs=20', '-symbol-list=BTCUSDT,ETHUSDT,BNBUSDT,XRPUSDT,ADAUSDT,DOGEUSDT,SOLUSDT,TRXUSDT,DOTUSDT,MATICUSDT,LTCUSDT,BCHUSDT,AVAXUSDT,XLMUSDT,LINKUSDT,XMRUSDT,UNIUSDT,ATOMUSDT', '-interval-list=5m', '-estimator-list=knn', '-stop-loss-list=1.0', '-numeric-features=close,volume,quote_asset_volume,number_of_trades', '-regression-PnL-list=72', '-regression-times-list=0', '-start-train-date=2023-01-01', '-start-test-date=2023-07-01']
2023-10-29 17:58:57;BNBUSDT;5m;knn;instancehardnessthreshold;1.0;0;72;0.0574;0.2426;0.6831;0.6831;close,quote_asset_volume,number_of_trades,ema_72p,ema_200p;;0.7;False;2023-01-01;2023-07-31 19:40:00;3;True;<< NOT SAVED >>;['-batch-training', '-calc-rsi', '-normalize', '-no-tune', '-n-jobs=20', '-symbol-list=BTCUSDT,ETHUSDT,BNBUSDT,XRPUSDT,ADAUSDT,DOGEUSDT,SOLUSDT,TRXUSDT,DOTUSDT,MATICUSDT,LTCUSDT,BCHUSDT,AVAXUSDT,XLMUSDT,LINKUSDT,XMRUSDT,UNIUSDT,ATOMUSDT', '-interval-list=5m', '-estimator-list=knn', '-stop-loss-list=1.0', '-numeric-features=close,volume,quote_asset_volume,number_of_trades', '-regression-PnL-list=72', '-regression-times-list=0', '-start-train-date=2023-01-01', '-start-test-date=2023-07-01']
2023-10-29 17:52:49;BNBUSDT;5m;knn;instancehardnessthreshold;1.0;0;72;0.0193;0.2668;0.6834;0.6834;close,rsi,ema_72p,ema_200p;;0.7;False;2023-01-01;2023-07-31 19:40:00;3;True;<< NOT SAVED >>;['-batch-training', '-calc-rsi', '-normalize', '-no-tune', '-n-jobs=20', '-symbol-list=BTCUSDT,ETHUSDT,BNBUSDT,XRPUSDT,ADAUSDT,DOGEUSDT,SOLUSDT,TRXUSDT,DOTUSDT,MATICUSDT,LTCUSDT,BCHUSDT,AVAXUSDT,XLMUSDT,LINKUSDT,XMRUSDT,UNIUSDT,ATOMUSDT', '-interval-list=5m', '-estimator-list=knn', '-stop-loss-list=1.0', '-numeric-features=close,volume,quote_asset_volume,number_of_trades', '-regression-PnL-list=72', '-regression-times-list=0', '-start-train-date=2023-01-01', '-start-test-date=2023-07-01']
2023-10-29 17:52:24;BNBUSDT;5m;knn;instancehardnessthreshold;1.0;0;72;0.0118;0.2681;0.6843;0.6843;close,number_of_trades,ema_72p,ema_200p;;0.7;False;2023-01-01;2023-07-31 19:40:00;3;True;<< NOT SAVED >>;['-batch-training', '-calc-rsi', '-normalize', '-no-tune', '-n-jobs=20', '-symbol-list=BTCUSDT,ETHUSDT,BNBUSDT,XRPUSDT,ADAUSDT,DOGEUSDT,SOLUSDT,TRXUSDT,DOTUSDT,MATICUSDT,LTCUSDT,BCHUSDT,AVAXUSDT,XLMUSDT,LINKUSDT,XMRUSDT,UNIUSDT,ATOMUSDT', '-interval-list=5m', '-estimator-list=knn', '-stop-loss-list=1.0', '-numeric-features=close,volume,quote_asset_volume,number_of_trades', '-regression-PnL-list=72', '-regression-times-list=0', '-start-train-date=2023-01-01', '-start-test-date=2023-07-01']
2023-10-29 17:59:09;BNBUSDT;5m;knn;allknn;1.0;0;72;0.034;0.291;0.687;0.687;close,quote_asset_volume,number_of_trades,ema_72p,ema_200p;;0.7;False;2023-01-01;2023-07-31 19:40:00;3;True;<< NOT SAVED >>;['-batch-training', '-calc-rsi', '-normalize', '-no-tune', '-n-jobs=20', '-symbol-list=BTCUSDT,ETHUSDT,BNBUSDT,XRPUSDT,ADAUSDT,DOGEUSDT,SOLUSDT,TRXUSDT,DOTUSDT,MATICUSDT,LTCUSDT,BCHUSDT,AVAXUSDT,XLMUSDT,LINKUSDT,XMRUSDT,UNIUSDT,ATOMUSDT', '-interval-list=5m', '-estimator-list=knn', '-stop-loss-list=1.0', '-numeric-features=close,volume,quote_asset_volume,number_of_trades', '-regression-PnL-list=72', '-regression-times-list=0', '-start-train-date=2023-01-01', '-start-test-date=2023-07-01']
2023-10-29 17:57:42;BNBUSDT;5m;knn;allknn;1.0;0;72;0.0118;0.3436;0.6873;0.6873;close,volume,rsi,ema_72p,ema_200p;;0.7;False;2023-01-01;2023-07-31 19:40:00;3;True;<< NOT SAVED >>;['-batch-training', '-calc-rsi', '-normalize', '-no-tune', '-n-jobs=20', '-symbol-list=BTCUSDT,ETHUSDT,BNBUSDT,XRPUSDT,ADAUSDT,DOGEUSDT,SOLUSDT,TRXUSDT,DOTUSDT,MATICUSDT,LTCUSDT,BCHUSDT,AVAXUSDT,XLMUSDT,LINKUSDT,XMRUSDT,UNIUSDT,ATOMUSDT', '-interval-list=5m', '-estimator-list=knn', '-stop-loss-list=1.0', '-numeric-features=close,volume,quote_asset_volume,number_of_trades', '-regression-PnL-list=72', '-regression-times-list=0', '-start-train-date=2023-01-01', '-start-test-date=2023-07-01']
2023-10-29 18:01:46;BNBUSDT;5m;knn;allknn;1.0;0;72;0.0415;0.2813;0.6909;0.6909;close,volume,quote_asset_volume,number_of_trades,ema_72p,ema_200p;;0.7;False;2023-01-01;2023-07-31 19:40:00;3;True;<< NOT SAVED >>;['-batch-training', '-calc-rsi', '-normalize', '-no-tune', '-n-jobs=20', '-symbol-list=BTCUSDT,ETHUSDT,BNBUSDT,XRPUSDT,ADAUSDT,DOGEUSDT,SOLUSDT,TRXUSDT,DOTUSDT,MATICUSDT,LTCUSDT,BCHUSDT,AVAXUSDT,XLMUSDT,LINKUSDT,XMRUSDT,UNIUSDT,ATOMUSDT', '-interval-list=5m', '-estimator-list=knn', '-stop-loss-list=1.0', '-numeric-features=close,volume,quote_asset_volume,number_of_trades', '-regression-PnL-list=72', '-regression-times-list=0', '-start-train-date=2023-01-01', '-start-test-date=2023-07-01']
2023-10-29 17:48:26;BNBUSDT;5m;knn;instancehardnessthreshold;1.0;0;72;0.0081;0.2655;0.6915;0.6915;close,volume,ema_72p,ema_200p;;0.7;False;2023-01-01;2023-07-31 19:40:00;3;True;<< NOT SAVED >>;['-batch-training', '-calc-rsi', '-normalize', '-no-tune', '-n-jobs=20', '-symbol-list=BTCUSDT,ETHUSDT,BNBUSDT,XRPUSDT,ADAUSDT,DOGEUSDT,SOLUSDT,TRXUSDT,DOTUSDT,MATICUSDT,LTCUSDT,BCHUSDT,AVAXUSDT,XLMUSDT,LINKUSDT,XMRUSDT,UNIUSDT,ATOMUSDT', '-interval-list=5m', '-estimator-list=knn', '-stop-loss-list=1.0', '-numeric-features=close,volume,quote_asset_volume,number_of_trades', '-regression-PnL-list=72', '-regression-times-list=0', '-start-train-date=2023-01-01', '-start-test-date=2023-07-01']
2023-10-29 17:57:14;BNBUSDT;5m;knn;allknn;1.0;0;72;0.0349;0.2927;0.6995;0.6995;close,volume,number_of_trades,ema_72p,ema_200p;;0.7;False;2023-01-01;2023-07-31 19:40:00;3;True;<< NOT SAVED >>;['-batch-training', '-calc-rsi', '-normalize', '-no-tune', '-n-jobs=20', '-symbol-list=BTCUSDT,ETHUSDT,BNBUSDT,XRPUSDT,ADAUSDT,DOGEUSDT,SOLUSDT,TRXUSDT,DOTUSDT,MATICUSDT,LTCUSDT,BCHUSDT,AVAXUSDT,XLMUSDT,LINKUSDT,XMRUSDT,UNIUSDT,ATOMUSDT', '-interval-list=5m', '-estimator-list=knn', '-stop-loss-list=1.0', '-numeric-features=close,volume,quote_asset_volume,number_of_trades', '-regression-PnL-list=72', '-regression-times-list=0', '-start-train-date=2023-01-01', '-start-test-date=2023-07-01']
2023-10-29 17:55:44;BNBUSDT;5m;knn;allknn;1.0;0;72;0.0233;0.291;0.7111;0.7111;close,volume,quote_asset_volume,ema_72p,ema_200p;;0.7;False;2023-01-01;2023-07-31 19:40:00;3;True;<< NOT SAVED >>;['-batch-training', '-calc-rsi', '-normalize', '-no-tune', '-n-jobs=20', '-symbol-list=BTCUSDT,ETHUSDT,BNBUSDT,XRPUSDT,ADAUSDT,DOGEUSDT,SOLUSDT,TRXUSDT,DOTUSDT,MATICUSDT,LTCUSDT,BCHUSDT,AVAXUSDT,XLMUSDT,LINKUSDT,XMRUSDT,UNIUSDT,ATOMUSDT', '-interval-list=5m', '-estimator-list=knn', '-stop-loss-list=1.0', '-numeric-features=close,volume,quote_asset_volume,number_of_trades', '-regression-PnL-list=72', '-regression-times-list=0', '-start-train-date=2023-01-01', '-start-test-date=2023-07-01']
2023-10-29 18:03:18;BNBUSDT;5m;knn;repeatededitednearestneighbours;1.0;0;72;0.0;0.2815;0.7382;0.7382;close,quote_asset_volume,number_of_trades,rsi,ema_72p,ema_200p;;0.7;False;2023-01-01;2023-07-31 19:40:00;3;True;<< NOT SAVED >>;['-batch-training', '-calc-rsi', '-normalize', '-no-tune', '-n-jobs=20', '-symbol-list=BTCUSDT,ETHUSDT,BNBUSDT,XRPUSDT,ADAUSDT,DOGEUSDT,SOLUSDT,TRXUSDT,DOTUSDT,MATICUSDT,LTCUSDT,BCHUSDT,AVAXUSDT,XLMUSDT,LINKUSDT,XMRUSDT,UNIUSDT,ATOMUSDT', '-interval-list=5m', '-estimator-list=knn', '-stop-loss-list=1.0', '-numeric-features=close,volume,quote_asset_volume,number_of_trades', '-regression-PnL-list=72', '-regression-times-list=0', '-start-train-date=2023-01-01', '-start-test-date=2023-07-01']
2023-10-29 17:53:02;BNBUSDT;5m;knn;allknn;1.0;0;72;0.0147;0.2306;0.7382;0.7382;close,rsi,ema_72p,ema_200p;;0.7;False;2023-01-01;2023-07-31 19:40:00;3;True;<< NOT SAVED >>;['-batch-training', '-calc-rsi', '-normalize', '-no-tune', '-n-jobs=20', '-symbol-list=BTCUSDT,ETHUSDT,BNBUSDT,XRPUSDT,ADAUSDT,DOGEUSDT,SOLUSDT,TRXUSDT,DOTUSDT,MATICUSDT,LTCUSDT,BCHUSDT,AVAXUSDT,XLMUSDT,LINKUSDT,XMRUSDT,UNIUSDT,ATOMUSDT', '-interval-list=5m', '-estimator-list=knn', '-stop-loss-list=1.0', '-numeric-features=close,volume,quote_asset_volume,number_of_trades', '-regression-PnL-list=72', '-regression-times-list=0', '-start-train-date=2023-01-01', '-start-test-date=2023-07-01']
2023-10-29 17:51:13;BNBUSDT;5m;knn;allknn;1.0;0;72;0.0043;0.2607;0.7415;0.7415;close,quote_asset_volume,ema_72p,ema_200p;;0.7;False;2023-01-01;2023-07-31 19:40:00;3;True;<< NOT SAVED >>;['-batch-training', '-calc-rsi', '-normalize', '-no-tune', '-n-jobs=20', '-symbol-list=BTCUSDT,ETHUSDT,BNBUSDT,XRPUSDT,ADAUSDT,DOGEUSDT,SOLUSDT,TRXUSDT,DOTUSDT,MATICUSDT,LTCUSDT,BCHUSDT,AVAXUSDT,XLMUSDT,LINKUSDT,XMRUSDT,UNIUSDT,ATOMUSDT', '-interval-list=5m', '-estimator-list=knn', '-stop-loss-list=1.0', '-numeric-features=close,volume,quote_asset_volume,number_of_trades', '-regression-PnL-list=72', '-regression-times-list=0', '-start-train-date=2023-01-01', '-start-test-date=2023-07-01']
2023-10-29 17:52:55;BNBUSDT;5m;knn;repeatededitednearestneighbours;1.0;0;72;0.0055;0.2335;0.7421;0.7421;close,rsi,ema_72p,ema_200p;;0.7;False;2023-01-01;2023-07-31 19:40:00;3;True;<< NOT SAVED >>;['-batch-training', '-calc-rsi', '-normalize', '-no-tune', '-n-jobs=20', '-symbol-list=BTCUSDT,ETHUSDT,BNBUSDT,XRPUSDT,ADAUSDT,DOGEUSDT,SOLUSDT,TRXUSDT,DOTUSDT,MATICUSDT,LTCUSDT,BCHUSDT,AVAXUSDT,XLMUSDT,LINKUSDT,XMRUSDT,UNIUSDT,ATOMUSDT', '-interval-list=5m', '-estimator-list=knn', '-stop-loss-list=1.0', '-numeric-features=close,volume,quote_asset_volume,number_of_trades', '-regression-PnL-list=72', '-regression-times-list=0', '-start-train-date=2023-01-01', '-start-test-date=2023-07-01']
2023-10-29 17:52:37;BNBUSDT;5m;knn;allknn;1.0;0;72;0.0124;0.2099;0.7537;0.7537;close,number_of_trades,ema_72p,ema_200p;;0.7;False;2023-01-01;2023-07-31 19:40:00;3;True;<< NOT SAVED >>;['-batch-training', '-calc-rsi', '-normalize', '-no-tune', '-n-jobs=20', '-symbol-list=BTCUSDT,ETHUSDT,BNBUSDT,XRPUSDT,ADAUSDT,DOGEUSDT,SOLUSDT,TRXUSDT,DOTUSDT,MATICUSDT,LTCUSDT,BCHUSDT,AVAXUSDT,XLMUSDT,LINKUSDT,XMRUSDT,UNIUSDT,ATOMUSDT', '-interval-list=5m', '-estimator-list=knn', '-stop-loss-list=1.0', '-numeric-features=close,volume,quote_asset_volume,number_of_trades', '-regression-PnL-list=72', '-regression-times-list=0', '-start-train-date=2023-01-01', '-start-test-date=2023-07-01']
2023-10-29 18:00:00;BNBUSDT;5m;knn;repeatededitednearestneighbours;1.0;0;72;0.0017;0.3108;0.7543;0.7543;close,number_of_trades,rsi,ema_72p,ema_200p;;0.7;False;2023-01-01;2023-07-31 19:40:00;3;True;<< NOT SAVED >>;['-batch-training', '-calc-rsi', '-normalize', '-no-tune', '-n-jobs=20', '-symbol-list=BTCUSDT,ETHUSDT,BNBUSDT,XRPUSDT,ADAUSDT,DOGEUSDT,SOLUSDT,TRXUSDT,DOTUSDT,MATICUSDT,LTCUSDT,BCHUSDT,AVAXUSDT,XLMUSDT,LINKUSDT,XMRUSDT,UNIUSDT,ATOMUSDT', '-interval-list=5m', '-estimator-list=knn', '-stop-loss-list=1.0', '-numeric-features=close,volume,quote_asset_volume,number_of_trades', '-regression-PnL-list=72', '-regression-times-list=0', '-start-train-date=2023-01-01', '-start-test-date=2023-07-01']
2023-10-29 17:48:37;BNBUSDT;5m;knn;allknn;1.0;0;72;0.0032;0.2396;0.7543;0.7543;close,volume,ema_72p,ema_200p;;0.7;False;2023-01-01;2023-07-31 19:40:00;3;True;<< NOT SAVED >>;['-batch-training', '-calc-rsi', '-normalize', '-no-tune', '-n-jobs=20', '-symbol-list=BTCUSDT,ETHUSDT,BNBUSDT,XRPUSDT,ADAUSDT,DOGEUSDT,SOLUSDT,TRXUSDT,DOTUSDT,MATICUSDT,LTCUSDT,BCHUSDT,AVAXUSDT,XLMUSDT,LINKUSDT,XMRUSDT,UNIUSDT,ATOMUSDT', '-interval-list=5m', '-estimator-list=knn', '-stop-loss-list=1.0', '-numeric-features=close,volume,quote_asset_volume,number_of_trades', '-regression-PnL-list=72', '-regression-times-list=0', '-start-train-date=2023-01-01', '-start-test-date=2023-07-01']
2023-10-29 17:59:29;BNBUSDT;5m;knn;repeatededitednearestneighbours;1.0;0;72;0.002;0.2772;0.7552;0.7552;close,quote_asset_volume,rsi,ema_72p,ema_200p;;0.7;False;2023-01-01;2023-07-31 19:40:00;3;True;<< NOT SAVED >>;['-batch-training', '-calc-rsi', '-normalize', '-no-tune', '-n-jobs=20', '-symbol-list=BTCUSDT,ETHUSDT,BNBUSDT,XRPUSDT,ADAUSDT,DOGEUSDT,SOLUSDT,TRXUSDT,DOTUSDT,MATICUSDT,LTCUSDT,BCHUSDT,AVAXUSDT,XLMUSDT,LINKUSDT,XMRUSDT,UNIUSDT,ATOMUSDT', '-interval-list=5m', '-estimator-list=knn', '-stop-loss-list=1.0', '-numeric-features=close,volume,quote_asset_volume,number_of_trades', '-regression-PnL-list=72', '-regression-times-list=0', '-start-train-date=2023-01-01', '-start-test-date=2023-07-01']
2023-10-29 18:03:54;BNBUSDT;5m;knn;repeatededitednearestneighbours;1.0;0;72;0.0;0.2515;0.757;0.757;close,volume,quote_asset_volume,number_of_trades,rsi,ema_72p,ema_200p;;0.7;False;2023-01-01;2023-07-31 19:40:00;3;True;<< NOT SAVED >>;['-batch-training', '-calc-rsi', '-normalize', '-no-tune', '-n-jobs=20', '-symbol-list=BTCUSDT,ETHUSDT,BNBUSDT,XRPUSDT,ADAUSDT,DOGEUSDT,SOLUSDT,TRXUSDT,DOTUSDT,MATICUSDT,LTCUSDT,BCHUSDT,AVAXUSDT,XLMUSDT,LINKUSDT,XMRUSDT,UNIUSDT,ATOMUSDT', '-interval-list=5m', '-estimator-list=knn', '-stop-loss-list=1.0', '-numeric-features=close,volume,quote_asset_volume,number_of_trades', '-regression-PnL-list=72', '-regression-times-list=0', '-start-train-date=2023-01-01', '-start-test-date=2023-07-01']
2023-10-29 17:59:03;BNBUSDT;5m;knn;repeatededitednearestneighbours;1.0;0;72;0.0;0.2448;0.7624;0.7624;close,quote_asset_volume,number_of_trades,ema_72p,ema_200p;;0.7;False;2023-01-01;2023-07-31 19:40:00;3;True;<< NOT SAVED >>;['-batch-training', '-calc-rsi', '-normalize', '-no-tune', '-n-jobs=20', '-symbol-list=BTCUSDT,ETHUSDT,BNBUSDT,XRPUSDT,ADAUSDT,DOGEUSDT,SOLUSDT,TRXUSDT,DOTUSDT,MATICUSDT,LTCUSDT,BCHUSDT,AVAXUSDT,XLMUSDT,LINKUSDT,XMRUSDT,UNIUSDT,ATOMUSDT', '-interval-list=5m', '-estimator-list=knn', '-stop-loss-list=1.0', '-numeric-features=close,volume,quote_asset_volume,number_of_trades', '-regression-PnL-list=72', '-regression-times-list=0', '-start-train-date=2023-01-01', '-start-test-date=2023-07-01']
2023-10-29 18:01:38;BNBUSDT;5m;knn;repeatededitednearestneighbours;1.0;0;72;0.0;0.2275;0.7874;0.7874;close,volume,quote_asset_volume,number_of_trades,ema_72p,ema_200p;;0.7;False;2023-01-01;2023-07-31 19:40:00;3;True;<< NOT SAVED >>;['-batch-training', '-calc-rsi', '-normalize', '-no-tune', '-n-jobs=20', '-symbol-list=BTCUSDT,ETHUSDT,BNBUSDT,XRPUSDT,ADAUSDT,DOGEUSDT,SOLUSDT,TRXUSDT,DOTUSDT,MATICUSDT,LTCUSDT,BCHUSDT,AVAXUSDT,XLMUSDT,LINKUSDT,XMRUSDT,UNIUSDT,ATOMUSDT', '-interval-list=5m', '-estimator-list=knn', '-stop-loss-list=1.0', '-numeric-features=close,volume,quote_asset_volume,number_of_trades', '-regression-PnL-list=72', '-regression-times-list=0', '-start-train-date=2023-01-01', '-start-test-date=2023-07-01']
2023-10-29 18:02:09;BNBUSDT;5m;knn;repeatededitednearestneighbours;1.0;0;72;0.0;0.2382;0.8055;0.8055;close,volume,quote_asset_volume,rsi,ema_72p,ema_200p;;0.7;False;2023-01-01;2023-07-31 19:40:00;3;True;<< NOT SAVED >>;['-batch-training', '-calc-rsi', '-normalize', '-no-tune', '-n-jobs=20', '-symbol-list=BTCUSDT,ETHUSDT,BNBUSDT,XRPUSDT,ADAUSDT,DOGEUSDT,SOLUSDT,TRXUSDT,DOTUSDT,MATICUSDT,LTCUSDT,BCHUSDT,AVAXUSDT,XLMUSDT,LINKUSDT,XMRUSDT,UNIUSDT,ATOMUSDT', '-interval-list=5m', '-estimator-list=knn', '-stop-loss-list=1.0', '-numeric-features=close,volume,quote_asset_volume,number_of_trades', '-regression-PnL-list=72', '-regression-times-list=0', '-start-train-date=2023-01-01', '-start-test-date=2023-07-01']
2023-10-29 17:52:30;BNBUSDT;5m;knn;repeatededitednearestneighbours;1.0;0;72;0.0;0.1893;0.8073;0.8073;close,number_of_trades,ema_72p,ema_200p;;0.7;False;2023-01-01;2023-07-31 19:40:00;3;True;<< NOT SAVED >>;['-batch-training', '-calc-rsi', '-normalize', '-no-tune', '-n-jobs=20', '-symbol-list=BTCUSDT,ETHUSDT,BNBUSDT,XRPUSDT,ADAUSDT,DOGEUSDT,SOLUSDT,TRXUSDT,DOTUSDT,MATICUSDT,LTCUSDT,BCHUSDT,AVAXUSDT,XLMUSDT,LINKUSDT,XMRUSDT,UNIUSDT,ATOMUSDT', '-interval-list=5m', '-estimator-list=knn', '-stop-loss-list=1.0', '-numeric-features=close,volume,quote_asset_volume,number_of_trades', '-regression-PnL-list=72', '-regression-times-list=0', '-start-train-date=2023-01-01', '-start-test-date=2023-07-01']
2023-10-29 17:55:38;BNBUSDT;5m;knn;repeatededitednearestneighbours;1.0;0;72;0.0;0.2268;0.8177;0.8177;close,volume,quote_asset_volume,ema_72p,ema_200p;;0.7;False;2023-01-01;2023-07-31 19:40:00;3;True;<< NOT SAVED >>;['-batch-training', '-calc-rsi', '-normalize', '-no-tune', '-n-jobs=20', '-symbol-list=BTCUSDT,ETHUSDT,BNBUSDT,XRPUSDT,ADAUSDT,DOGEUSDT,SOLUSDT,TRXUSDT,DOTUSDT,MATICUSDT,LTCUSDT,BCHUSDT,AVAXUSDT,XLMUSDT,LINKUSDT,XMRUSDT,UNIUSDT,ATOMUSDT', '-interval-list=5m', '-estimator-list=knn', '-stop-loss-list=1.0', '-numeric-features=close,volume,quote_asset_volume,number_of_trades', '-regression-PnL-list=72', '-regression-times-list=0', '-start-train-date=2023-01-01', '-start-test-date=2023-07-01']
2023-10-29 17:51:08;BNBUSDT;5m;knn;repeatededitednearestneighbours;1.0;0;72;0.0;0.1716;0.8258;0.8258;close,quote_asset_volume,ema_72p,ema_200p;;0.7;False;2023-01-01;2023-07-31 19:40:00;3;True;<< NOT SAVED >>;['-batch-training', '-calc-rsi', '-normalize', '-no-tune', '-n-jobs=20', '-symbol-list=BTCUSDT,ETHUSDT,BNBUSDT,XRPUSDT,ADAUSDT,DOGEUSDT,SOLUSDT,TRXUSDT,DOTUSDT,MATICUSDT,LTCUSDT,BCHUSDT,AVAXUSDT,XLMUSDT,LINKUSDT,XMRUSDT,UNIUSDT,ATOMUSDT', '-interval-list=5m', '-estimator-list=knn', '-stop-loss-list=1.0', '-numeric-features=close,volume,quote_asset_volume,number_of_trades', '-regression-PnL-list=72', '-regression-times-list=0', '-start-train-date=2023-01-01', '-start-test-date=2023-07-01']
2023-10-29 18:02:42;BNBUSDT;5m;knn;repeatededitednearestneighbours;1.0;0;72;0.0;0.2514;0.8276;0.8276;close,volume,number_of_trades,rsi,ema_72p,ema_200p;;0.7;False;2023-01-01;2023-07-31 19:40:00;3;True;<< NOT SAVED >>;['-batch-training', '-calc-rsi', '-normalize', '-no-tune', '-n-jobs=20', '-symbol-list=BTCUSDT,ETHUSDT,BNBUSDT,XRPUSDT,ADAUSDT,DOGEUSDT,SOLUSDT,TRXUSDT,DOTUSDT,MATICUSDT,LTCUSDT,BCHUSDT,AVAXUSDT,XLMUSDT,LINKUSDT,XMRUSDT,UNIUSDT,ATOMUSDT', '-interval-list=5m', '-estimator-list=knn', '-stop-loss-list=1.0', '-numeric-features=close,volume,quote_asset_volume,number_of_trades', '-regression-PnL-list=72', '-regression-times-list=0', '-start-train-date=2023-01-01', '-start-test-date=2023-07-01']
2023-10-29 17:57:34;BNBUSDT;5m;knn;repeatededitednearestneighbours;1.0;0;72;0.0014;0.2529;0.8431;0.8431;close,volume,rsi,ema_72p,ema_200p;;0.7;False;2023-01-01;2023-07-31 19:40:00;3;True;<< NOT SAVED >>;['-batch-training', '-calc-rsi', '-normalize', '-no-tune', '-n-jobs=20', '-symbol-list=BTCUSDT,ETHUSDT,BNBUSDT,XRPUSDT,ADAUSDT,DOGEUSDT,SOLUSDT,TRXUSDT,DOTUSDT,MATICUSDT,LTCUSDT,BCHUSDT,AVAXUSDT,XLMUSDT,LINKUSDT,XMRUSDT,UNIUSDT,ATOMUSDT', '-interval-list=5m', '-estimator-list=knn', '-stop-loss-list=1.0', '-numeric-features=close,volume,quote_asset_volume,number_of_trades', '-regression-PnL-list=72', '-regression-times-list=0', '-start-train-date=2023-01-01', '-start-test-date=2023-07-01']
2023-10-29 17:57:07;BNBUSDT;5m;knn;repeatededitednearestneighbours;1.0;0;72;0.0;0.2194;0.8591;0.8591;close,volume,number_of_trades,ema_72p,ema_200p;;0.7;False;2023-01-01;2023-07-31 19:40:00;3;True;<< NOT SAVED >>;['-batch-training', '-calc-rsi', '-normalize', '-no-tune', '-n-jobs=20', '-symbol-list=BTCUSDT,ETHUSDT,BNBUSDT,XRPUSDT,ADAUSDT,DOGEUSDT,SOLUSDT,TRXUSDT,DOTUSDT,MATICUSDT,LTCUSDT,BCHUSDT,AVAXUSDT,XLMUSDT,LINKUSDT,XMRUSDT,UNIUSDT,ATOMUSDT', '-interval-list=5m', '-estimator-list=knn', '-stop-loss-list=1.0', '-numeric-features=close,volume,quote_asset_volume,number_of_trades', '-regression-PnL-list=72', '-regression-times-list=0', '-start-train-date=2023-01-01', '-start-test-date=2023-07-01']
2023-10-29 17:48:32;BNBUSDT;5m;knn;repeatededitednearestneighbours;1.0;0;72;0.0;0.1454;0.9098;0.9098;close,volume,ema_72p,ema_200p;;0.7;False;2023-01-01;2023-07-31 19:40:00;3;True;<< NOT SAVED >>;['-batch-training', '-calc-rsi', '-normalize', '-no-tune', '-n-jobs=20', '-symbol-list=BTCUSDT,ETHUSDT,BNBUSDT,XRPUSDT,ADAUSDT,DOGEUSDT,SOLUSDT,TRXUSDT,DOTUSDT,MATICUSDT,LTCUSDT,BCHUSDT,AVAXUSDT,XLMUSDT,LINKUSDT,XMRUSDT,UNIUSDT,ATOMUSDT', '-interval-list=5m', '-estimator-list=knn', '-stop-loss-list=1.0', '-numeric-features=close,volume,quote_asset_volume,number_of_trades', '-regression-PnL-list=72', '-regression-times-list=0', '-start-train-date=2023-01-01', '-start-test-date=2023-07-01']
2023-10-24 22:06:22;BNBUSDT;5m;knn;instancehardnessthreshold;1.0;0;72;;;;;volume,quote_asset_volume,taker_buy_base_asset_volume,rsi;;0.7;True;2023-01-01;;3;True;CAI_BNBUSDT_5m_knn_SL_1.0_RT_0_RPL_72_1;['-batch-training', '-calc-rsi', '-normalize', '-no-tune', '-n-jobs=20', '-symbol-list=BTCUSDT,ETHUSDT,BNBUSDT,XRPUSDT,ADAUSDT,DOGEUSDT,SOLUSDT,TRXUSDT,DOTUSDT,MATICUSDT,LTCUSDT,BCHUSDT,AVAXUSDT,XLMUSDT,LINKUSDT,XMRUSDT,UNIUSDT,ATOMUSDT', '-interval-list=5m', '-estimator-list=knn', '-stop-loss-list=1.0', '-numeric-features=volume,quote_asset_volume,number_of_trades,taker_buy_base_asset_volume,taker_buy_quote_asset_volume', '-regression-PnL-list=72', '-regression-times-list=0', '-start-train-date=2023-01-01', '-start-test-date=2023-07-01']
2023-10-24 22:06:46;BNBUSDT;5m;knn;repeatededitednearestneighbours;1.0;0;72;;;;;volume,taker_buy_base_asset_volume,taker_buy_quote_asset_volume,ema_72p,ema_200p;;0.7;True;2023-01-01;;3;True;SOBE_BNBUSDT_5m_knn_SL_1.0_RT_0_RPL_72_1;['-batch-training', '-calc-rsi', '-normalize', '-no-tune', '-n-jobs=20', '-symbol-list=BTCUSDT,ETHUSDT,BNBUSDT,XRPUSDT,ADAUSDT,DOGEUSDT,SOLUSDT,TRXUSDT,DOTUSDT,MATICUSDT,LTCUSDT,BCHUSDT,AVAXUSDT,XLMUSDT,LINKUSDT,XMRUSDT,UNIUSDT,ATOMUSDT', '-interval-list=5m', '-estimator-list=knn', '-stop-loss-list=1.0', '-numeric-features=volume,quote_asset_volume,number_of_trades,taker_buy_base_asset_volume,taker_buy_quote_asset_volume', '-regression-PnL-list=72', '-regression-times-list=0', '-start-train-date=2023-01-01', '-start-test-date=2023-07-01']
2023-10-24 22:49:13;BNBUSDT;5m;knn;instancehardnessthreshold;1.0;0;72;;;;;volume,quote_asset_volume,taker_buy_base_asset_volume,rsi;;0.7;True;2023-01-01;;3;True;CAI_BNBUSDT_5m_knn_SL_1.0_RT_0_RPL_72_2;['-batch-training', '-calc-rsi', '-normalize', '-no-tune', '-n-jobs=20', '-symbol-list=BTCUSDT,ETHUSDT,BNBUSDT,XRPUSDT,ADAUSDT,DOGEUSDT,SOLUSDT,TRXUSDT,DOTUSDT,MATICUSDT,LTCUSDT,BCHUSDT,AVAXUSDT,XLMUSDT,LINKUSDT,XMRUSDT,UNIUSDT,ATOMUSDT', '-interval-list=5m', '-estimator-list=knn', '-stop-loss-list=1.0', '-numeric-features=volume,quote_asset_volume,number_of_trades,taker_buy_base_asset_volume,taker_buy_quote_asset_volume', '-regression-PnL-list=72', '-regression-times-list=0', '-start-train-date=2023-01-01', '-start-test-date=2023-07-01']
2023-10-24 22:49:23;BNBUSDT;5m;knn;repeatededitednearestneighbours;1.0;0;72;;;;;volume,taker_buy_base_asset_volume,taker_buy_quote_asset_volume,ema_72p,ema_200p;;0.7;True;2023-01-01;;3;True;SOBE_BNBUSDT_5m_knn_SL_1.0_RT_0_RPL_72_2;['-batch-training', '-calc-rsi', '-normalize', '-no-tune', '-n-jobs=20', '-symbol-list=BTCUSDT,ETHUSDT,BNBUSDT,XRPUSDT,ADAUSDT,DOGEUSDT,SOLUSDT,TRXUSDT,DOTUSDT,MATICUSDT,LTCUSDT,BCHUSDT,AVAXUSDT,XLMUSDT,LINKUSDT,XMRUSDT,UNIUSDT,ATOMUSDT', '-interval-list=5m', '-estimator-list=knn', '-stop-loss-list=1.0', '-numeric-features=volume,quote_asset_volume,number_of_trades,taker_buy_base_asset_volume,taker_buy_quote_asset_volume', '-regression-PnL-list=72', '-regression-times-list=0', '-start-train-date=2023-01-01', '-start-test-date=2023-07-01']
2023-10-24 23:18:36;BNBUSDT;5m;knn;instancehardnessthreshold;1.0;0;72;;;;;volume,quote_asset_volume,taker_buy_base_asset_volume,rsi;;0.7;True;2023-01-01;;3;True;CAI_BNBUSDT_5m_knn_SL_1.0_RT_0_RPL_72_1;['-batch-training', '-calc-rsi', '-normalize', '-no-tune', '-n-jobs=20', '-symbol-list=BTCUSDT,ETHUSDT,BNBUSDT,XRPUSDT,ADAUSDT,DOGEUSDT,SOLUSDT,TRXUSDT,DOTUSDT,MATICUSDT,LTCUSDT,BCHUSDT,AVAXUSDT,XLMUSDT,LINKUSDT,XMRUSDT,UNIUSDT,ATOMUSDT', '-interval-list=5m', '-estimator-list=knn', '-stop-loss-list=1.0', '-numeric-features=volume,quote_asset_volume,number_of_trades,taker_buy_base_asset_volume,taker_buy_quote_asset_volume', '-regression-PnL-list=72', '-regression-times-list=0', '-start-train-date=2023-01-01', '-start-test-date=2023-07-01']
2023-10-24 23:18:44;BNBUSDT;5m;knn;repeatededitednearestneighbours;1.0;0;72;;;;;volume,taker_buy_base_asset_volume,taker_buy_quote_asset_volume,ema_72p,ema_200p;;0.7;True;2023-01-01;;3;True;SOBE_BNBUSDT_5m_knn_SL_1.0_RT_0_RPL_72_1;['-batch-training', '-calc-rsi', '-normalize', '-no-tune', '-n-jobs=20', '-symbol-list=BTCUSDT,ETHUSDT,BNBUSDT,XRPUSDT,ADAUSDT,DOGEUSDT,SOLUSDT,TRXUSDT,DOTUSDT,MATICUSDT,LTCUSDT,BCHUSDT,AVAXUSDT,XLMUSDT,LINKUSDT,XMRUSDT,UNIUSDT,ATOMUSDT', '-interval-list=5m', '-estimator-list=knn', '-stop-loss-list=1.0', '-numeric-features=volume,quote_asset_volume,number_of_trades,taker_buy_base_asset_volume,taker_buy_quote_asset_volume', '-regression-PnL-list=72', '-regression-times-list=0', '-start-train-date=2023-01-01', '-start-test-date=2023-07-01']
